
Last position-specific scoring matrix computed, weighted observed percentages rounded down, information per position, and relative weight of gapless real matches to pseudocounts
            A   R   N   D   C   Q   E   G   H   I   L   K   M   F   P   S   T   W   Y   V   A   R   N   D   C   Q   E   G   H   I   L   K   M   F   P   S   T   W   Y   V
    1 M    -5  -5  -6  -7  -5  -4  -6  -7  -6  -3   0  -5  11  -4  -7  -5  -5  -5  -5  -3    0   0   0   0   0   0   0   0   0   0   5   0  95   0   0   0   0   0   0   0  3.08 0.93
    2 N    -2   0   4  -2  -4   1  -2  -2   0  -1  -2   3   0  -2  -1   1   1  -5  -2  -2    1   4  28   0   0   6   0   1   2   3   4  21   2   1   3  11   9   0   1   3  0.38 0.27
    3 P     4  -3  -1  -3  -3  -2  -3   2   2  -4  -4   0  -3  -4   3   2  -1  -3  -2  -3   37   0   2   0   0   1   0  14   6   0   1   6   0   0  13  14   2   0   1   1  0.54 0.36
    4 Y    -5  -6  -7  -8  -6  -6  -7  -7  -3  -5  -4  -7  -4   0  -8  -6  -6  11   8  -6    1   0   0   0   0   0   0   0   0   1   1   0   0   3   0   0   0  53  40   0  3.17 1.05
    5 I    -1  -5  -5  -5  -3  -4  -5  -2  -4   4   4  -4   1   2  -4  -3  -1   0  -2   2    5   0   0   0   0   0   0   3   0  25  36   0   2   7   0   1   4   1   1  14  0.59 0.33
    6 Y    -1  -5  -4  -5  -2  -4  -5  -5  -2   1   2  -5   0   4  -5  -3  -2   3   6  -1    5   0   0   0   1   0   0   0   0   8  19   0   2  19   0   1   2   4  34   4  0.91 0.44
    7 L    -5  -6  -7  -7  -5  -6  -7  -8  -5  -1   7  -6   0  -3  -6  -6  -5  -5  -5  -2    0   0   0   0   0   0   0   0   0   2  96   0   1   0   0   0   0   0   0   1  1.94 0.77
    8 G     2  -4  -4  -4  -1  -4  -4   1  -4   2   2  -4   0   3  -4  -1  -1  -3  -2   1   22   0   0   0   1   0   0   9   0  12  18   0   2  17   0   5   4   0   0  10  0.33 0.26
    9 G     0  -5  -5  -5   0  -4  -5   0  -5   4   3  -4   0   1  -5  -3  -2  -4  -3   2    9   0   0   0   2   0   0   8   0  29  27   0   1   5   0   1   2   0   0  15  0.54 0.32
   10 A     7  -5  -5  -5  -3  -4  -5  -1  -5  -5  -5  -4  -5  -6  -5   0  -2  -6  -6  -3   88   0   0   0   0   0   0   3   0   0   0   0   0   0   0   6   1   0   0   1  1.78 0.79
   11 I    -3  -6  -5  -6  -3  -6  -6   4  -6   7  -2  -6  -2  -4  -6  -4  -4  -6  -5   1    2   0   0   0   0   0   0  27   0  62   0   0   0   0   0   1   0   0   0   7  1.41 0.64
   12 L     1  -4  -5  -5   1  -4  -5  -2  -5   3   3  -4   0   0  -5  -3  -1  -4  -3   3   13   0   0   0   3   0   0   3   0  18  31   0   1   4   0   1   2   0   0  23  0.56 0.33
   13 A     2  -4  -4  -4   3  -4  -3  -1  -4  -2   2  -4  -1   5  -4   1  -1  -3  -2  -2   21   0   0   0   6   0   1   5   0   1  21   0   1  26   0  12   3   0   0   2  0.53 0.37
   14 E    -5  -3  -5  -2  -8  -2   8  -5  -4  -8  -7  -3  -6  -8  -5  -4  -5  -7  -6  -7    0   1   0   0   0   0  97   1   0   0   0   0   0   0   0   0   0   0   0   0  2.54 1.03
   15 V    -2  -6  -6  -6  -2  -5  -6  -5  -6   4  -1  -6  -1  -3  -5  -4   0  -6  -5   6    2   0   0   0   1   0   0   1   0  21   4   0   1   0   0   0   7   0   0  63  1.31 0.61
   16 I     1  -4  -4  -5   1  -4  -4   0  -3   4   0  -4   0   2  -4  -1   0  -3  -2   3   12   0   0   0   3   0   0   8   0  24   8   0   2  10   0   3   7   0   0  21  0.39 0.28
   17 G     4  -6  -5  -5  -5  -5  -5   5  -5  -6  -5  -5  -4   0  -5  -2  -5   9  -2  -5   32   0   0   0   0   0   0  36   0   0   0   0   0   3   0   2   0  24   1   0  1.50 0.67
   18 T     3  -5  -3  -4  -4  -4  -4  -4  -3  -3  -5  -4  -3  -6  -4   0   7  -6  -3  -2   25   0   0   0   0   0   0   0   1   1   0   0   0   0   0   6  62   0   1   3  1.37 0.72
   19 T    -1  -4  -1  -4  -3  -3  -4  -4  -4   2   0  -3   2   0  -4   3   4  -3  -1   1    5   0   2   0   0   0   0   0   0  12   9   0   5   4   0  24  25   0   2  10  0.45 0.36
   20 L     3  -4  -3  -4   3  -3  -3   1  -4  -2   1  -3   3   3  -4   2  -1  -3  -1  -2   24   0   0   0   6   0   0  12   0   0  15   0   8  11   0  17   3   0   1   0  0.40 0.33
   21 M    -5  -6  -6  -7  -5  -5  -6  -7  -6  -1   6  -6   7  -3  -7  -6  -4  -5  -5  -2    0   0   0   0   0   0   0   0   0   2  73   0  22   0   0   0   0   0   0   1  1.72 0.75
   22 K    -3   1  -2  -4  -7   0  -2  -4  -3  -6  -6   7  -4  -7   1  -4  -3  -7  -5  -5    1   6   2   0   0   3   1   1   0   0   0  75   0   0   8   0   1   0   0   1  1.65 0.77
   23 F     2  -1  -3  -3  -3   1  -1  -3  -1  -1   2   0   1   1  -3   0  -2  -1   4  -1   22   2   1   1   0   6   3   0   1   2  20   7   4   5   0   5   1   1  16   3  0.25 0.26
   24 S     0  -5  -3  -4  -3  -4  -4  -4  -5  -4  -5  -4  -3  -5  -5   6   4  -6  -5  -3    5   0   0   0   0   0   0   0   0   1   1   0   0   0   0  68  21   0   0   2  1.43 0.76
   25 E     0  -2   2   4  -5   3   4  -3   2  -5  -4   0  -3  -4  -4  -1  -3  -4  -3  -4    9   1  11  21   0  12  29   0   5   0   1   3   1   0   0   3   0   0   1   1  0.68 0.41
   26 G    -3  -5   1  -3  -6   1  -3   7  -3  -6  -7  -5  -6  -7  -5  -2  -4  -6  -6  -6    0   0   7   1   0   6   2  78   1   0   0   0   0   0   0   2   1   0   0   0  1.75 0.73
   27 F    -6  -7  -4  -6  -6  -7  -5  -6  -2  -3  -1  -7   0   9  -7  -5  -5  -1   0  -4    0   0   1   0   0   0   1   0   1   0   6   0   2  85   0   1   1   0   1   0  2.43 0.91
   28 T    -2  -1  -2  -4  -5  -3  -3  -4  -3  -4  -5  -1  -4  -5  -4   3   7  -6  -5  -4    2   3   1   0   0   1   1   1   0   0   0   4   0   0   0  23  62   0   0   0  1.33 0.71
   29 R    -3   6   1  -3  -5   0  -2  -5   0  -4  -2   5  -3  -5  -3  -3  -3  -6  -4  -3    1  42   5   1   0   3   1   0   2   1   4  34   0   0   1   1   1   0   0   2  1.06 0.54
   30 L    -2  -3  -5  -5  -3  -4  -5  -5  -4   2   4  -2   0   1   4  -4  -3   4  -3   0    3   1   0   0   0   0   0   0   0  11  45   2   1   6  18   0   1   5   0   4  0.72 0.41
   31 W    -2  -3  -4  -5  -3  -3  -4   0  -3   2   2  -1  -1   0  -3  -3  -1   8   0   2    3   1   1   0   0   0   0   8   0  11  22   5   1   3   1   1   3  24   2  13  0.70 0.38
   32 P    -3  -6  -5  -5  -7  -4  -5  -4  -4  -6  -5  -5  -4  -2   8  -4  -5   4   0  -5    2   0   0   0   0   1   0   1   0   0   1   0   0   2  82   1   0   6   3   0  2.50 0.93
   33 S    -1  -4  -2  -3  -3  -4  -4  -2  -3  -2  -2  -4  -2  -5  -4   6   4  -4  -4  -2    4   0   1   0   0   0   0   2   0   3   4   0   1   0   0  54  29   0   0   2  1.04 0.61
   34 V     1  -5  -5  -5  -1  -4  -5  -3  -5   4   3  -4   0  -1  -4  -3  -1  -4  -2   4   10   0   0   0   1   0   0   1   0  26  24   0   1   2   1   1   3   0   1  28  0.64 0.36
   35 G     0  -4  -4  -4  -2  -3  -4   1  -4   3   2  -4   0   1  -2  -2  -1  -1  -1   2    9   0   0   0   0   0   0  12   0  19  26   0   2   6   2   2   2   1   1  17  0.31 0.23
   36 T    -1  -4  -3  -4   4  -4  -4  -3  -4   0   0  -4   3   0  -4  -1   4  -4  -3   4    4   0   1   0   8   0   0   1   0   4   6   0   9   4   0   4  30   0   0  29  0.57 0.38
   37 I     0  -4  -5  -5  -2  -4  -4  -2  -5   4   2  -4   0   2  -4  -2  -1  -3  -2   4    8   0   0   0   1   0   0   3   0  24  18   0   1   7   0   3   2   0   1  33  0.54 0.32
   38 I     2  -4  -4  -5  -1  -4  -4  -1  -5   3   1  -4   0   0  -3  -2  -1  -4  -3   4   18   0   0   0   1   0   0   4   0  19  14   0   1   3   0   2   3   0   0  34  0.50 0.32
   39 C     2  -4  -3  -4   3  -3  -4   5  -4  -3  -1  -3  -2   2  -4   1  -1  -3  -3  -2   18   0   0   0   8   0   0  39   0   1   5   0   1  11   0  10   4   0   0   1  0.61 0.36
   40 Y    -2  -5  -5  -6  -5  -4  -5  -3  -1  -1  -1  -4   5   2  -6  -4  -4  -1   8  -2    4   0   0   0   0   0   0   2   1   4   3   1  17   6   0   1   1   0  59   1  1.62 0.69
   41 C     2  -4  -3  -4   0  -3  -3   3  -4   3   1  -3   0  -1  -3  -1  -1  -2  -3   2   19   0   0   0   2   0   0  22   0  19  12   0   2   2   0   4   2   0   0  14  0.33 0.25
   42 A     2  -4  -4  -4   0  -3  -4  -1  -4   3   2  -4   0  -1  -4  -1   0  -4  -2   2   19   0   0   1   2   0   0   6   0  24  23   0   1   2   0   3   5   0   0  14  0.37 0.26
   43 S     4  -4  -3  -4   3  -3  -3  -2  -4  -4  -5  -3  -3  -4  -3   6  -1  -6  -5  -4   33   0   0   0   6   0   0   2   0   0   0   0   0   1   0  55   2   0   0   0  1.13 0.60
   44 F    -4  -6  -6  -7  -4  -6  -6  -5  -3   0   0  -6   1   8  -7  -5  -4  -3   1  -1    1   0   0   0   0   0   0   0   1   5   9   0   4  73   0   0   1   0   2   5  1.78 0.68
   45 W     0  -4  -4  -5  -3  -4  -4  -1  -2  -1  -1  -4  -1   2  -5  -2   0   6   7   0    9   0   0   0   0   0   0   6   0   3   4   0   1   8   0   3   5   9  42   8  0.90 0.46
   46 L    -2  -5  -5  -6   4  -5  -5  -3  -4  -1   4  -5   2   6  -5  -2  -3  -2  -1  -1    4   0   0   0   8   0   0   2   0   1  44   0   4  32   0   2   1   0   1   1  0.90 0.45
   47 L    -3  -5  -5  -6  -4  -4  -5  -6  -5  -1   6  -5   2   0  -6  -5  -4  -3  -2  -1    2   0   0   0   0   0   0   0   0   1  84   0   5   4   0   0   0   0   1   2  1.39 0.60
   48 A     3  -4  -1  -3  -3  -2  -3   0  -4  -2  -3  -3  -1  -4  -3   5   2  -2  -4  -3   24   0   1   0   0   1   0   7   0   2   1   0   1   0   0  47  12   1   0   1  0.73 0.46
   49 Q    -2  -1  -3  -4  -3   1  -2  -4   0   2   3   0   1   2  -3  -3  -2   2   0   0    2   4   1   0   0  10   1   0   3  13  38   5   3   7   0   0   1   2   3   5  0.33 0.25
   50 T     5  -4  -3  -4   0  -3  -3  -3  -4  -2  -2  -3  -2  -4  -2   2   2  -5  -4   2   49   0   0   0   2   0   0   1   0   1   3   0   0   0   1  14  16   0   0  13  0.71 0.44
   51 L    -3  -4  -5  -6  -4  -3  -5  -4  -5   1   5  -4   5  -1  -5  -3  -1  -4  -3   2    1   0   0   0   0   1   0   1   0   7  52   0  18   1   0   2   3   0   0  12  0.86 0.44
   52 A    -3   5  -1  -2  -5   1   0  -3  -1  -4  -3   6  -3  -5  -4  -2  -2  -5  -4  -3    1  30   2   1   0   6   3   1   1   1   2  46   0   0   0   1   2   0   0   1  0.99 0.48
   53 Y    -1   0  -1   0  -3   0   0   0   1  -2  -3   0  -2  -2  -3   2   3  -2   1   0    2   4   2   4   0   4   6   7   3   1   1   7   1   2   0  14  28   0   5   8  0.22 0.21
   54 I    -3  -4  -5  -5  -3  -4  -5  -6  -3   5   4  -4   4  -1  -5  -4  -3  -2  -3   1    1   0   0   0   0   0   0   0   1  34  44   0  11   2   0   1   1   0   0   4  0.96 0.44
   55 P    -3  -4  -1   1  -6  -2  -1  -4  -3  -6  -6  -3  -5  -6   8  -2  -3  -6  -5  -5    1   0   3   6   0   2   4   1   1   0   0   1   0   0  76   3   1   0   0   0  2.08 0.73
   56 T    -2  -4  -5  -5  -3  -4  -4  -5  -5   3   3  -4   2  -2  -4  -3  -1  -4  -3   4    2   0   0   0   0   0   0   0   0  15  33   0   6   1   1   1   4   0   0  36  0.75 0.38
   57 G     0  -4  -1  -2  -5  -4  -4   6  -3  -6  -6  -4  -5  -5  -3   2  -3  -5  -4  -5    6   0   3   1   0   0   0  69   0   0   0   0   0   0   1  17   1   0   0   0  1.36 0.55
   58 I    -2  -4  -3  -4  -3  -4  -4  -4  -4   4   0  -3   0  -2  -3  -1   4  -4  -3   3    1   0   0   0   0   0   0   0   0  30   7   0   1   1   1   2  30   0   0  23  0.69 0.39
   59 A     6  -4  -4  -4  -2  -3  -4  -1  -4  -1  -2  -3  -1  -4  -3  -1   0  -5  -4   2   64   0   0   0   0   0   0   4   0   3   2   0   1   0   0   2   6   0   0  16  0.89 0.48
   60 Y    -5  -5  -3  -6  -4  -5  -5  -6  -1  -5  -4  -5  -5   0  -6  -4  -4  -2  10  -5    1   0   1   0   0   0   0   0   1   0   1   0   0   0   0   1   1   0  92   0  2.83 0.97
   61 A     6  -4  -4  -4  -3  -3  -4   0  -4  -4  -4  -3  -1  -5  -1   0   0  -5  -4  -2   78   0   0   0   0   0   0   4   0   1   1   0   1   0   3   6   4   0   0   1  1.23 0.59
   62 I    -2  -4  -4  -4  -1  -4  -4  -5  -5   5   1  -4   1  -2  -4  -1   0  -4  -3   4    1   0   0   0   1   0   0   0   0  41  10   0   2   1   0   5   6   0   0  32  0.79 0.40
   63 W    -5  -6  -7  -7  -4  -6  -6  -4  -6  -6  -4  -7  -5  -2  -7  -5  -6  13  -2  -6    1   0   0   0   0   0   0   1   0   0   1   0   0   1   0   1   0  92   0   0  4.36 1.21
   64 S     2  -2  -2  -3   1  -3  -2  -1  -4  -3  -4  -3  -3  -4  -3   5   4  -5  -4   0   17   1   1   0   3   0   1   3   0   0   0   0   0   0   0  41  25   0   0   6  0.72 0.44
   65 G     1  -3  -3  -4  -3  -4  -4   7  -5  -6  -6  -4  -5  -6  -5  -2  -4  -5  -5  -5   10   1   0   0   1   0   1  84   0   0   0   0   0   0   0   1   0   0   0   1  1.78 0.62
   66 V     0  -4  -4  -4  -1  -4  -4  -3  -2   4   2  -4   1   0  -4  -2  -2  -4  -3   3    8   0   0   0   1   0   0   2   1  33  22   0   3   3   0   2   1   0   0  21  0.52 0.29
   67 G    -2  -3  -3  -4  -2  -5  -5   7  -5  -7  -7  -5  -6  -6  -5  -1  -5  -6  -6  -6    2   1   0   0   1   0   0  92   0   0   0   0   0   0   0   4   0   0   0   0  2.08 0.72
   68 I     2  -4  -4  -4  -2  -3  -4  -3  -4   5  -1  -4   0  -3  -4  -2   3  -5  -4   2   23   0   0   0   0   0   0   0   0  36   2   0   2   0   0   1  20   0   0  10  0.60 0.39
   69 V     2  -4  -5  -5  -1  -4  -4  -4  -2   2   0  -4  -1   1  -4  -2  -1  -4  -3   5   23   0   0   0   1   0   0   0   1   9   6   0   1   6   0   2   3   0   0  49  0.68 0.39
   70 L     1  -4  -3  -4  -2  -4  -4   4  -4   0   3  -4   0   0  -4  -1  -1  -4  -3  -1   12   0   0   0   1   0   0  32   0   4  37   0   1   4   0   3   2   0   0   3  0.53 0.32
   71 I     1  -4  -4  -4  -3  -4  -4  -4  -5   5  -1  -4  -1  -3  -4  -1   4  -5  -4   3   11   0   0   0   0   0   0   0   0  33   3   0   1   0   0   4  26   0   0  21  0.67 0.39
   72 S     4  -3  -2  -4   0  -3  -3  -2  -3  -1  -2  -3  -2   1  -3   2   3  -4  -3   1   41   0   1   0   2   0   0   1   0   2   1   0   0   6   0  12  21   0   0  12  0.53 0.36
   73 L     0  -3  -4  -5  -1  -4  -4  -3  -4   4   3  -4   1  -1  -4  -3  -1  -4  -3   3   10   1   0   0   1   0   0   2   0  28  33   0   2   2   0   1   3   0   0  17  0.53 0.30
   74 L     0  -4  -5  -5  -2  -4  -5  -4  -5   5   2  -4   1   0  -3  -3  -2  -3  -1   3    8   0   0   0   1   0   0   1   0  35  22   0   2   4   1   1   1   0   1  23  0.63 0.33
   75 S     1  -5  -2  -3  -4  -4  -4   6  -4  -6  -6  -4  -5  -6  -3   2  -3  -5  -5  -5   13   0   1   1   0   0   1  69   0   0   0   0   0   0   1  14   0   0   0   0  1.39 0.56
   76 W     0  -1  -4  -4  -2  -3  -4  -4  -2   4   0  -3   4   0  -4  -3  -2   6   3   2    9   3   0   0   0   0   0   0   1  25   5   0  12   3   0   1   1  11  10  17  0.54 0.31
   77 G    -1  -4  -4  -5  -2  -3  -4  -4  -4   3   3  -4   1   4  -4  -3  -1   1   0   3    6   0   0   0   0   0   0   0   0  14  26   0   3  20   0   1   3   2   2  22  0.52 0.29
   78 F    -1  -3  -5  -5  -2  -4  -4  -5  -3   2   3  -3   0   4  -5  -4  -3   4   1   2    4   1   0   0   1   0   0   0   0   9  30   2   2  23   0   0   0   6   5  17  0.61 0.32
   79 F    -4  -4  -5  -6  -5  -4  -5  -6   0  -3   2  -5   0   7  -6  -3  -4   3   5  -3    0   0   0   0   0   1   0   0   2   0  19   0   2  51   0   1   0   3  18   0  1.39 0.57
   80 G    -2   2   2   0  -4   0  -1   5   1  -5  -5   3  -4  -5  -4  -1  -3  -5  -4  -5    2   9   8   5   0   4   1  40   4   0   0  23   0   0   0   2   0   0   0   0  0.73 0.38
   81 Q    -4  -3  -2   1  -7   6   6  -4  -3  -6  -6  -2  -4  -6  -4  -2  -3  -6  -4  -5    0   0   1   6   0  36  52   0   0   0   0   0   0   0   0   1   1   0   0   0  1.48 0.68
   82 R     0   1  -1  -2  -3   0  -2  -2   0  -1  -3   2  -1  -4   4   2   1  -3  -3  -2    7   7   2   1   0   3   1   2   3   5   1  14   1   0  22  18  10   0   0   3  0.40 0.27
   83 L     1  -2  -4  -5  -3  -4  -4  -4  -4   1   4  -3   2   1   2  -2  -2  -3  -2   1   14   2   0   0   0   0   0   0   0   9  42   1   4   5   9   1   2   0   1   9  0.45 0.30
   84 D    -2  -2   3   5  -5  -2  -1  -1  -1  -5  -5  -3  -5  -6  -2   2   3  -6  -5  -4    1   2  16  36   0   1   1   4   1   0   0   0   0   0   1  19  16   0   0   0  0.82 0.45
   85 L     1  -3  -4  -4  -3  -3  -4  -2  -4   1   2  -3   1   1   2  -2   0   6  -2   1   16   1   0   0   0   0   0   3   0   6  26   1   3   5  11   1   7  11   1   8  0.39 0.27
   86 P     2  -2  -3  -3  -3   0  -3  -1  -3   0   1  -1   2  -1   4  -1   0   2  -1   0   21   1   0   0   0   6   0   4   0   5  13   3   6   2  19   3   5   3   2   6  0.29 0.24
   87 A     3   4  -2  -3  -4   1  -2   0  -2  -3  -4   3   0  -4  -4   0   1  -5  -4  -3   29  25   1   1   0   5   1   5   1   1   0  17   2   0   0   5   7   0   0   1  0.54 0.37
   88 I    -1  -5  -5  -6  -2  -4  -5  -3  -5   5   3  -5   2   0  -5  -4  -2   2  -2   3    4   0   0   0   0   0   0   2   0  34  26   0   6   4   0   1   1   3   1  18  0.72 0.38
   89 I     1  -4  -5  -5  -1  -4  -4  -1  -5   4   3  -4   0   2  -4  -3  -2  -3  -2   2   15   0   0   0   1   0   0   4   0  23  27   0   2   7   0   1   2   0   0  15  0.49 0.31
   90 G     0  -5  -4  -5   5  -5  -5   6  -5  -6  -5  -5  -5   2  -5   1  -4  -1  -4  -5    7   0   0   0  11   0   0  61   0   0   0   0   0   8   0  11   0   1   0   0  1.32 0.58
   91 M    -1  -4  -6  -6  -3  -5  -5  -5  -5   5   3  -5   5  -2  -5  -4  -2  -5  -4   1    6   0   0   0   0   0   0   0   0  38  28   0  17   1   0   0   1   0   0   8  0.98 0.47
   92 M     3  -4  -3  -4  -1  -3  -3   3  -4   0   0  -3  -1   1  -4   0   0  -2  -3   1   28   0   0   0   1   0   0  24   0   5  11   0   1   6   0   6   5   0   0  12  0.37 0.28
   93 L    -3  -5  -6  -7  -1  -5  -6  -6  -6  -1   6  -6   3   2  -6  -5  -3  -4  -4  -1    1   0   0   0   1   0   0   0   0   1  77   0   8   8   0   0   1   0   0   2  1.37 0.60
   94 I    -4  -7  -7  -7  -4  -6  -7  -7  -7   8   0  -6  -1  -4  -6  -6  -4  -6  -5   1    0   0   0   0   0   0   0   0   0  85   6   0   1   0   0   0   0   0   0   7  2.00 0.76
   95 C    -2  -5  -6  -6  -2  -5  -5  -4  -6   5   2  -5   0  -2  -5  -4  -2  -5  -4   5    3   0   0   0   1   0   0   1   0  36  15   0   2   1   0   0   1   0   0  39  1.01 0.47
   96 A     4  -4  -3  -4   1  -3  -3   1  -4   2   0  -3  -1  -2  -4   1   0  -4  -3   2   36   0   1   0   2   0   0  10   0  13   7   0   1   2   0  10   4   0   0  14  0.41 0.31
   97 G    -3  -6  -4  -5  -6  -6  -5   8  -6  -8  -8  -5  -7  -7  -6  -2  -5  -6  -7  -7    1   0   0   0   0   0   0  96   0   0   0   0   0   0   0   2   0   0   0   0  2.40 0.84
   98 V    -2  -6  -6  -6  -2  -5  -6  -5  -6   4   0  -5   0  -3  -6  -4  -2  -6  -4   6    1   0   0   0   1   0   0   0   0  25   6   0   1   0   0   1   2   0   0  62  1.31 0.57
   99 L     0  -5  -5  -5  -3  -5  -5  -4  -5   4   2  -5   0  -1  -5  -3  -1  -5  -2   5    7   0   0   0   0   0   0   1   0  26  14   0   2   2   0   1   3   0   1  44  0.83 0.41
  100 I    -2  -4  -4  -5  -2  -4  -4   4  -5   3   2  -4   1  -2  -5  -3  -1  -4  -4   3    2   0   0   0   0   0   0  32   0  14  18   0   3   1   0   0   3   0   0  26  0.61 0.35
  101 I    -4  -5  -5  -6  -3  -5  -6  -6  -5   4   5  -5   4  -2  -5  -4  -3  -5  -4   2    0   0   0   0   0   0   0   0   0  24  54   0  11   0   0   1   0   0   0  10  1.08 0.48
  102 N    -4   0   7  -2  -5   1  -1  -4   1  -5  -6   4  -4  -5  -5  -2  -2  -6  -4  -5    1   5  50   0   0   6   3   0   4   0   0  28   0   0   0   1   1   0   0   1  1.24 0.58
  103 L    -2  -4  -5  -6  -3  -4  -5  -4  -5   2   5  -5   2   2  -5  -3  -2  -3  -2   2    3   0   0   0   0   0   0   1   0   8  59   0   4   7   0   1   2   0   0  12  0.84 0.41
  104 L     0  -4  -2  -4  -3  -3  -4  -1  -3  -2   0  -4  -1   6  -4   2   1  -1   2   0    6   0   1   0   0   0   0   5   0   1   8   0   1  36   0  18   9   0   5   8  0.55 0.35
  105 S     0  -4  -2  -3  -4  -3  -3   2  -3  -5  -5  -2  -5  -6  -3   6   1  -4  -5  -5    5   0   1   1   0   0   0  13   0   0   0   2   0   0   0  70   7   0   0   0  1.22 0.61
  106 R    -1   1   2   0  -4   1   0   0   1  -4  -4   4  -3  -4   1   2   0  -5  -3  -3    4   8   8   3   0   5   4   8   4   0   0  28   0   0   6  15   4   0   0   1  0.36 0.24
  107 S     2  -3  -2  -2  -3  -1  -2  -1  -1  -3  -3  -1   3  -4  -2   4   3  -3  -4  -1   20   0   1   1   0   2   2   4   2   0   0   2   9   0   1  31  22   0   0   3  0.49 0.34
  108 T     2  -2  -1  -2  -3  -1  -2   0   2  -1  -2  -2  -1  -3  -2   2   2  -4  -3   2   22   0   2   1   0   2   1   8   5   3   1   1   1   0   1  20  17   0   0  15  0.29 0.23
  109 P     3  -2  -2  -3  -3  -2  -2   2  -3  -2  -2  -2  -1  -3   2   2   1  -4  -3   0   30   1   1   0   0   1   1  18   0   1   2   1   1   1   9  16   9   0   0   8  0.36 0.23
  110 H    -5  -4  -3  -4  -7   0   0  -6  11  -7  -6  -4  -5  -5  -6  -4  -5  -6  -2  -7    0   0   0   0   0   3   6   0  90   0   0   0   0   0   0   0   0   0   0   0  3.01 0.81

                      K         Lambda
Standard Ungapped    0.1452     0.3301
Standard Gapped      0.0578     0.2670
PSI Ungapped         0.1888     0.3175
PSI Gapped           0.0578     0.2670
