
Last position-specific scoring matrix computed, weighted observed percentages rounded down, information per position, and relative weight of gapless real matches to pseudocounts
            A   R   N   D   C   Q   E   G   H   I   L   K   M   F   P   S   T   W   Y   V   A   R   N   D   C   Q   E   G   H   I   L   K   M   F   P   S   T   W   Y   V
    1 C    -6  -9  -8  -9  12  -9  -9  -8  -9  -7  -7  -9  -7  -8  -8  -4  -6  -8  -8  -6    0   0   0   0  98   0   0   0   0   0   0   0   0   0   0   2   0   0   0   0  4.55 1.39
    2 S    -2  -1  -2  -1  -5  -2  -2  -4  -4  -4  -4   1   1  -3  -3   6   2  -1  -2  -4    1   3   1   3   0   1   2   0   0   1   1   9   4   1   1  59  12   1   1   0  1.02 0.57
    3 C    -6  -9  -8  -9  12  -8  -9  -8  -8  -7  -7  -9  -7  -8  -8  -6  -6  -8  -8  -6    0   0   0   0 100   0   0   0   0   0   0   0   0   0   0   0   0   0   0   0  4.59 1.33
    4 S     2   0  -3  -1  -3   0   0  -1  -3  -2   0   1   4   1  -1   0  -1  -4  -1   0   17   5   0   2   0   4   5   3   0   0  10   9  15   8   2   9   4   0   1   6  0.18 0.21
    5 P    -2  -1  -2  -4  -6   0  -1  -5  -5  -1  -2  -1   0  -1   7  -3  -2  -3   2  -2    2   3   2   0   0   4   4   1   0   4   5   3   2   2  55   1   2   0   6   3  1.25 0.58
    6 V     0   1  -2  -2  -3   2   1  -2  -1  -1   0   0   0   0   0   1   0  -3  -1   0   10   8   0   1   0  13   8   1   1   2   9   4   2   4   5  14   6   0   2   8  0.13 0.16
    7 H    -4  -2  -2  -3  -7  -3  -1  -5  10  -4  -7   0  -5  -6  -1   0   1  -7  -3  -6    1   2   1   1   0   1   4   1  62   1   0   5   0   0   3   7  10   0   0   0  1.97 0.80
    8 P    -1  -4  -5  -3  -6  -3  -3  -5  -6  -4  -3  -4  -5  -1   8   0  -1  -7  -3  -3    5   1   0   1   0   1   2   1   0   1   3   1   0   3  68   6   4   0   1   2  1.82 0.74
    9 Q    -3  -1  -1  -4  -6   8   1  -5  -1  -2  -6   2  -1  -6  -5  -2  -4  -1  -5  -3    2   2   3   0   0  64   9   0   1   2   0  10   2   0   0   2   0   1   0   2  1.61 0.74
   10 Q    -2  -1  -1   1  -5   3   4  -3  -2  -2  -3   0   0  -4  -4  -1   4  -2  -4  -4    2   2   2   8   0  12  29   2   1   2   1   5   2   1   0   3  28   1   0   0  0.67 0.42
   11 A     3  -1  -2  -2  -4   1  -2  -4   5   0  -1   0  -1  -2  -4   1  -2  -4   1  -2   29   3   2   1   0   6   1   0  18   6   7   6   1   2   0  11   1   0   4   1  0.46 0.33
   12 F    -3  -7  -7  -8  -6  -6  -7  -7  -4  -3  -1  -7   2   8  -7  -6  -6   1   6  -2    3   0   0   0   0   0   0   0   0   1   4   0   4  54   0   0   0   1  30   3  2.06 0.77
   13 C    -4  -3  -4  -3  11  -4  -8  -8  -8  -7  -7  -4  -7  -8  -4  -4  -6  -8  -8  -6    1   2   1   2  90   1   0   0   0   0   0   2   0   0   1   1   0   0   0   0  3.84 1.19
   14 N    -1   1   4   2  -5   2   1  -1   1  -3  -3   1  -1  -1  -4   1   0  -2  -1  -3    4   7  23   9   0   8   7   4   4   1   1   7   2   3   0  10   6   1   2   1  0.36 0.26
   15 A     5  -2  -1  -2  -4  -2  -4  -4  -5  -5  -5  -4  -5  -3  -4   5  -1  -6  -5  -3   47   2   2   2   0   1   0   0   0   0   0   0   0   1   0  39   4   0   0   1  1.18 0.64
   16 D    -2  -4  -1   7  -7  -1   1  -2  -2  -6  -4  -3  -6  -4  -5  -1  -2  -7  -6  -6    4   1   3  71   0   2   6   2   1   0   2   1   0   1   0   4   3   0   0   0  1.66 0.72
   17 V    -2  -6  -6  -7  -5  -5  -6  -6  -2   1   0  -6  -2   6  -4  -4  -2   7   4   1    3   0   0   0   0   0   0   0   1   8  10   0   1  34   1   1   3  14  15  10  1.21 0.54
   18 V    -1  -7  -7  -7  -5  -6  -6  -7  -7   2  -2  -6  -1  -5  -6  -3  -2  -7  -6   7    6   0   0   0   0   0   0   0   0   8   2   0   1   0   0   2   2   0   0  78  1.84 0.80
   19 I     0  -5  -5  -5  -1  -4  -5  -4  -5   5   0  -4   0   0  -5   1  -1  -5  -1   3    6   0   0   0   1   0   0   1   0  37   8   0   2   5   0  12   3   0   2  20  0.70 0.41
   20 R    -3   5  -3  -4  -4   0  -2  -4   3  -1   0   2   0  -2  -4  -1  -1  -4  -1   2    1  34   0   0   0   3   2   1   8   3  11  10   3   2   0   3   3   0   2  14  0.59 0.38
   21 A     4  -4  -4  -5  -4  -4  -4   1  -5  -1   0  -4  -3  -4  -4  -3  -1  -5  -4   4   42   0   0   0   0   0   0  11   0   3  10   0   0   0   0   1   3   0   0  27  0.81 0.48
   22 K    -3   4  -2  -2  -5   1  -1  -4   1  -3  -2   5   0  -5  -4   0   0  -5  -2  -2    1  20   1   2   0   6   3   1   3   1   4  40   2   0   0   5   5   0   2   3  0.79 0.52
   23 A    -2   0  -6  -6  -5  -5  -5  -4  -1   4  -2  -3  -3   1  -1  -5  -2  -5  -1   5    3   5   0   0   0   0   0   1   2  23   2   2   0   6   3   0   2   0   2  48  0.99 0.58
   24 V    -3  -1  -1  -2  -4  -2  -2  -4  -4   2   3   2   2  -1  -4  -2   0  -4  -3   3    0   4   3   2   0   2   1   0   0   9  27  14   5   2   0   3   7   0   0  21  0.39 0.33
   25 S    -1   2   0   0   1  -1  -1   2  -1  -3  -4   1  -4  -4  -2   3  -1  -1  -2  -2    4  13   4   4   3   2   4  15   1   2   1  10   0   0   1  29   3   1   1   2  0.38 0.35
   26 E    -1   1  -1   0  -4   1   2  -2   0  -2  -2   3   0   0  -1   0   0   0  -1   0    3   7   2   4   0   5  15   3   2   2   3  22   3   4   2   6   5   1   2   9  0.20 0.22
   27 K    -1   0   0  -1  -3   1   0  -1   1  -1  -1   3  -1  -1   1   1   1  -4  -1  -2    4   5   4   2   0   7   6   4   3   3   5  19   1   3   7  13   7   0   2   2  0.16 0.19
   28 E    -1   1   0   0  -3   1   2  -2  -1   0  -1   1  -2  -1   0   0   0  -1  -1  -1    4   6   4   6   0   7  19   2   1   5   6   9   0   3   5   7   6   1   2   4  0.13 0.15
   29 V    -2  -1   0  -1  -3  -2  -2  -3  -1   3   0  -1   1   0   0   0   0  -4  -1   3    2   4   4   4   0   2   1   2   1  17   8   3   3   3   4   7   7   0   1  27  0.24 0.23
   30 D    -2  -1   3   2   0   0   1  -1   1  -3  -2   0  -3  -1   1  -1   0  -4   0  -2    3   3  18  14   2   4  11   4   3   1   5   6   0   3   8   4   6   0   3   2  0.24 0.23
   31 S     0   0   2   0  -3   1   1   0   0  -1  -2   0  -1  -1   2   2   0  -3  -1  -2    8   6   9   6   0   6   9   7   3   3   2   4   2   3  10  15   4   0   2   3  0.15 0.16
   32 G     0  -2   1   0  -1  -1   0   3   1  -2  -2  -2   0  -2  -2   1   1  -3   0  -2    9   2   6   5   1   2   7  28   4   2   3   2   3   2   2  10   8   0   4   3  0.25 0.20
   33 N    -2   0   4   2  -4   1   0  -1   1  -3  -3   2  -1  -4   0   0   1  -4  -1  -3    3   4  23  11   0   5   6   4   4   1   2  11   2   1   4   6  11   0   2   2  0.34 0.26
   34 D    -1  -1   2   5  -4   0   1  -2   0  -2  -3   0  -2  -2   0   1   1  -4  -3  -2    4   3   8  33   0   3   7   2   2   2   3   5   1   1   4   8   9   0   0   3  0.45 0.31
   35 I     0  -1  -1   0  -1  -2  -1  -2  -1   2   0  -1   1  -1   1   0   1  -3  -1   2    6   4   3   5   1   1   3   3   1  17   8   2   3   2   7   5  11   0   2  14  0.10 0.12
   36 Y    -2  -1   0  -1  -1  -1  -2  -1   0  -1   0   0   0   1   0  -1   0   3   5   0    3   3   4   4   1   2   1   4   2   3  11   6   2   4   6   3   7   4  25   6  0.30 0.23
   37 G     0   0  -1   0  -1  -1  -1   3  -1  -3  -2   1  -1  -1  -1   1   1   1  -1  -1    8   4   2   5   1   3   3  25   2   1   4  11   1   2   3   8   9   2   3   3  0.18 0.16
   38 N    -1   0   3   1  -1   0   0  -1   1   0  -1   0   0  -1   0   0   1  -3  -1   0    1   5  17   7   1   5   4   4   3   7   7   5   2   3   4   5   8   0   2   8  0.08 0.10
   39 P     0   0   0  -1  -3   1  -1  -1   0  -1  -2   0   0  -1   4  -1   1  -3  -3  -1    7   6   4   3   0   5   3   5   3   3   4   7   2   2  26   4  10   0   1   4  0.33 0.21
   40 I    -1  -1  -2  -1  -2   0  -1  -1  -2   3   1  -2   1   1  -3  -1   0  -2   0   1    5   3   2   3   0   5   3   4   0  26  14   1   4   8   1   3   4   0   3  10  0.18 0.16
   41 K    -1   0   0   0  -3   1   1   1   0  -3  -1   3  -2  -2  -1   0   0  -3   0  -2    5   5   5   5   0   6   7  13   1   1   7  23   0   1   2   6   5   0   5   2  0.18 0.18
   42 R    -1   3   1   0  -3   1   0  -2   1  -1  -1   1   0  -1   1   0   1   0   1  -1    4  19   7   5   0   5   4   2   5   3   4   9   2   2   6   4   8   1   5   4  0.15 0.15
   43 I    -1   0  -3  -2  -3   0  -3  -3  -3   3   1  -1   1   1  -3  -1   2   3   1   1    3   7   0   2   0   4   1   1   0  24  11   3   4   7   1   3  13   4   4   9  0.24 0.21
   44 Q    -1   1   1   0  -3   1   0   0   1  -1  -1   1  -2   0  -2   1   1  -2   1   0    4   8   7   5   0   7   4   6   5   3   4   9   0   5   0   9   9   0   6   7  0.08 0.11
   45 Y    -1   0  -4  -4  -4   0  -3  -1   2   0  -1   0   1   2  -4  -1  -3  -2   7   0    4   5   0   0   0   4   0   4   5   5   4   6   4   7   0   4   0   0  38   8  0.71 0.43
   46 E     0   1   0   0  -3   1   1   0   1  -1  -2   1  -2  -2   0   0   1   2   0  -1   10   8   3   6   0   5  10   8   4   4   3   8   0   0   3   7  11   3   3   4  0.09 0.10
   47 I    -1  -3  -3  -2  -3  -3  -3  -2   1   4   0  -2   2   1  -4  -1   1  -3   0   3    3   0   0   2   0   0   1   3   3  23   7   3   4   5   0   4   9   0   3  27  0.38 0.28
   48 K    -1   1   1   0  -4   1   1  -1   1  -3  -2   4   0  -1   0  -1  -1   2   0  -2    3   8   8   4   0   7   9   4   3   0   3  26   3   3   4   4   4   3   3   3  0.25 0.26
   49 Q    -1   0   0  -2  -3   1   1  -2   4   1   0   0   1   0  -1  -1  -1  -3   0   1    4   6   3   0   0   8  11   3  13  11   7   4   3   3   3   4   3   0   3  10  0.15 0.20
   50 I    -1  -1   0  -2  -2  -2  -1  -2   0   3   1   0   2   0  -3  -2   2  -1   1   1    3   3   4   1   1   1   4   3   2  17  15   5   6   3   0   2  13   1   6  11  0.17 0.18
   51 K    -3   3   0  -1   0   1   1  -4   0  -5  -5   6  -2  -4  -2  -1  -2  -1  -2  -5    1  12   5   3   2   6   8   1   2   0   0  48   1   1   1   4   1   1   2   0  0.89 0.54
   52 M    -2  -1  -2  -4  -2  -3  -2  -4  -3   3   0   0   5  -1  -4  -1   1  -1  -3   3    2   4   2   0   1   1   2   1   1  17   7   5  16   2   0   4   9   1   0  24  0.48 0.35
   53 F    -3  -4  -3  -6  -5  -5  -5  -6  -4  -3   1  -3   1   7  -3  -2  -1   4   5  -4    2   1   2   0   0   0   0   0   0   1  12   2   4  42   1   3   4   5  19   0  1.25 0.63
   54 K    -4   1  -4  -2  -6  -1  -1  -3  -2  -6  -3   7  -1  -6  -2  -4  -5  -2  -5  -3    1   7   0   2   0   2   4   2   1   0   3  71   2   0   2   1   0   1   0   2  1.56 0.81
   55 G     1  -1   1  -1  -5  -2   0   5  -2  -3  -3   1  -1  -4  -3  -1  -2  -5  -3  -3   11   4   5   3   0   1   6  46   1   1   2  10   2   1   1   4   1   0   1   1  0.67 0.42
   56 P     0  -1   0   1  -4  -1  -1  -2  -4  -3  -2  -1  -2   1   5   0  -1  -4  -1  -3    8   4   5   7   0   3   4   3   0   1   4   3   1   8  34   8   3   0   2   2  0.56 0.37
   57 E     0   2   1   1  -2   1   2  -1  -1  -2  -2   1  -2  -2  -1   1  -1  -4  -2  -2    8  12   5   7   1   6  18   5   1   2   4   9   1   2   2  12   3   0   1   2  0.21 0.20
   58 K     0   1   2  -1  -4  -1   0  -1  -2  -3  -3   4  -3  -3   0   1  -1  -4  -3   0    7   6  10   2   0   2   4   5   1   1   2  33   0   1   4  11   4   0   1   6  0.39 0.31
   59 D     0  -2   0   3  -2   0   1   0   1  -1   0  -1   0  -1   0   1   1  -3  -1  -1    8   1   4  19   1   3   7   7   3   2  10   4   2   3   3   9   8   0   2   4  0.11 0.12
   60 I    -2  -2  -2  -1  -2  -1  -2  -2  -2   3   1   0   0   0  -1   0   2  -3   0   1    2   1   1   4   1   3   2   3   1  21  10   7   2   3   3   7  16   0   3  12  0.17 0.18
   61 E     0   2   1   0  -3   1   2  -1   1  -1  -2   1  -1  -3  -1   1   1  -1  -2   0    7  11   8   3   0   5  13   4   4   4   4   7   1   0   2  10   9   1   0   7  0.13 0.13
   62 F    -1  -1   0  -2  -3  -1  -1  -3   1   1   1  -1   0   4  -3  -1  -1  -1   3   0    5   3   5   2   0   2   4   1   4   9  14   3   1  18   1   4   4   1  11   7  0.20 0.17
   63 I    -2  -4  -2  -3  -4  -3  -4  -5  -4   5   3  -3   1  -3  -3  -4  -2   0  -2   3    2   0   2   2   0   1   1   1   0  38  26   1   2   0   1   1   2   2   1  17  0.77 0.42
   64 Y    -3  -1  -4  -3  -1  -1  -3  -4   2   0   0  -2   0   3  -5  -2   0   3   7  -1    1   3   0   2   1   2   1   1   4   5   8   3   3   9   0   2   8   4  38   3  0.82 0.47
   65 T    -2  -2  -4  -5  -1  -4  -3  -5  -3  -1  -3  -4  -1  -1  -2   0   7  -6  -2  -2    3   2   0   0   1   0   2   0   1   4   2   0   2   3   2   7  68   0   1   2  1.36 0.76
   66 A     3   0  -3  -3  -4  -3  -1  -1  -1  -5  -3  -2  -2  -3   6   1  -1  -5  -2  -2   24   5   1   1   0   0   5   4   1   0   2   2   1   1  37  10   2   0   1   2  0.84 0.51
   67 P     1  -1   0   0  -3  -1  -2   0  -2   0  -2   0  -2  -2   3   3   0  -4   0  -2   11   4   4   4   0   3   0   6   1   6   5   4   1   2  18  22   6   0   3   2  0.27 0.25
   68 S    -1  -1   3   2  -4   0   0   0   0  -2  -2  -1   2  -3   0   3   0   1  -1  -2    3   2  14  10   0   3   5   5   2   2   2   3   5   1   3  26   5   2   3   2  0.28 0.27
   69 S     0  -1  -1   2  -4  -1   2   0  -2  -4  -3  -1  -4  -3  -1   3   0   4  -3  -3    7   2   1  14   0   2  14   7   1   1   3   3   0   1   3  29   6   5   0   1  0.41 0.34
   70 A     2  -2   0  -1   0  -2   0   1  -3  -2  -1  -2  -3  -2   0   3  -1   0  -1  -1   18   2   4   4   2   1   5  10   0   2   6   1   0   2   4  31   2   1   2   3  0.29 0.28
   71 V     1  -3  -1   0   0  -2  -2  -1  -3   0   2  -2   3   0  -1   0   0  -3  -2   2   15   1   2   5   2   1   2   3   0   2  20   1  10   4   3   7   5   0   1  15  0.17 0.20
   72 C    -1  -7  -6  -3  11  -6  -7  -6  -7  -5  -3  -3  -6  -6  -3  -2  -3  -6  -6  -3    4   0   0   2  79   0   0   0   0   0   3   2   0   0   2   3   2   0   0   2  3.12 1.16
   73 G    -1  -3  -2  -5  -6  -5  -4   7  -3  -3  -3  -2  -5  -6  -5  -1  -2   1  -6  -6    4   2   2   0   0   0   1  73   1   2   3   3   0   0   0   4   2   2   0   0  1.54 0.72
   74 V    -1  -3  -4  -5  -4  -3  -3  -3  -4   3   0  -2   1   0  -2  -2   0  -3   3   4    3   1   0   0   0   1   2   2   0  16   8   3   3   3   2   2   6   0  12  34  0.52 0.36
   75 S     0   1   0   0  -3   0   0  -1   2  -3  -2   1  -2  -1   0   1   2  -2  -2  -3    7  10   5   4   0   4   7   4   7   1   4  10   1   3   5  13  16   0   1   1  0.19 0.19
   76 L    -2   0  -2  -2  -3  -3  -4  -2   0   1   4  -2   1   2  -2  -3  -3  -3   0   1    2   6   3   2   0   0   1   4   3   5  45   2   3   9   2   1   1   0   2  10  0.45 0.31
   77 D    -2   2   0   2  -4   0   2   0   1  -3  -1   1  -3  -3  -1   0   1   1  -1  -2    2  11   4  13   0   4  17   7   4   1   6   7   0   0   3   7   8   2   2   2  0.21 0.19
   78 V    -1  -1  -2  -3  -3   0  -1  -3  -3   2   2   0   2  -1   0  -1   1  -3  -2   2    4   3   2   1   0   4   3   1   0   9  18   6   6   3   4   5  11   0   0  20  0.19 0.18
   79 G    -1  -1   2  -1  -2   0   0   4  -1  -3  -1   0  -1  -3   1   0  -2  -3  -3  -3    3   2  10   2   1   5   6  36   1   1   7   6   1   1   6   7   2   0   1   1  0.39 0.25
   80 G     0   0   1   0  -2   1   0   1   0  -1  -1   0  -1  -1   2   0   0  -2  -1  -1    5   5   7   3   1   8   4  14   3   5   6   7   1   4  10   8   6   1   1   3  0.09 0.06
   81 K    -1   2   2   0   0   2   1   0  -1  -2  -2   2  -2  -2  -2   1  -1   0  -1  -2    3  14  11   6   3   9   7   6   1   2   5  14   1   1   2   9   3   1   2   3  0.20 0.13
   82 K    -2   2  -2  -1  -4   1   3  -3   1  -4  -3   4  -2  -3  -3   1   0   1   0  -2    1   9   0   3   0   6  17   1   3   1   2  28   1   1   1  12   7   2   3   3  0.47 0.34
   83 E    -2   0  -2   1  -4   1   4  -4  -2  -1   0  -1  -1  -3  -2   0   2  -4  -1   0    2   4   1   7   0   7  31   1   1   3  10   3   1   0   1   5  13   0   2   8  0.33 0.27
   84 Y    -5  -6  -6  -3  -6  -5  -6  -6  -3  -5  -1  -6  -4   3  -6  -5  -5   1   9  -5    0   0   0   2   0   0   0   0   0   0   7   0   0  10   0   0   0   2  75   0  2.50 0.96
   85 L    -2  -5  -4  -6   0  -5  -5  -6  -5   2   5  -5   1   1  -5  -5  -4  -4  -2   3    4   0   1   0   2   0   0   0   0   9  55   0   2   5   0   0   0   0   1  19  0.98 0.49
   86 I    -4  -5  -5  -6  -4  -5  -5  -6  -5   6   3  -5   2  -1  -5  -4  -1  -5  -4   1    0   0   0   0   0   0   0   0   0  45  32   0   4   2   0   1   4   0   0   9  1.11 0.52
   87 A     4  -4  -2  -4  -3  -3  -3   0  -4  -2  -3  -3   2   0  -2   2   3  -4  -1  -1   32   0   2   0   0   0   0   7   0   1   2   0   5   4   2  18  21   0   2   3  0.54 0.39
   88 G    -1  -3  -4  -3  -6  -5  -4   7  -5  -6  -5  -5  -6  -6  -5  -3  -5  -6  -1  -6    5   1   0   1   0   0   1  85   0   0   1   0   0   0   0   1   0   0   2   0  2.01 0.79
   89 K    -4   2   2   0  -5   1  -1   0   1   0  -2   2   1   1  -5   0   1  -5   1  -1    1  10  10   5   0   5   4   7   3   6   4  11   3   5   0   7  10   0   4   4  0.23 0.18
   90 A     0  -1   0  -1   1  -1  -2  -2   0   2   1  -1   1   0  -1  -1  -1   2   1   1    7   3   4   3   3   3   3   3   3  14  11   3   4   4   3   5   4   3   5  11  0.10 0.08
   91 E    -2   1   1   1  -4   1   2  -1   1  -1  -1   1   0  -1   0   0  -1   1   0  -1    3   8   6   9   0   5  16   5   4   4   5   7   2   3   4   5   4   2   4   5  0.12 0.14
   92 G     0   0   1   0  -3   1   0   0   2  -1  -1   0  -2   1   1   0   0   3   1  -2    6   6   6   6   0   6   6   6   6   6   6   6   0   6   6   6   6   6   6   0  0.09 0.11
   93 D    -1   1   2   3  -3   0   0   0   2  -3  -2   1  -2  -1   0   1  -1  -3  -2  -2    4   6  11  22   0   3   6   6   5   1   3   9   0   3   4  10   3   0   0   3  0.25 0.18
   94 G    -1  -1   0   0  -3  -2  -1   5   0  -3  -1   0   1  -4  -3   0   0  -4  -3  -3    3   3   4   5   0   1   4  48   2   1   5   6   4   0   1   5   6   0   0   1  0.59 0.32
   95 K    -1   1   0   0  -3   1   1  -2   0  -1  -1   3   0  -2   0  -1   1  -3   1  -1    5   8   3   5   0   5   8   3   2   2   4  26   2   0   4   3   8   0   6   6  0.19 0.17
   96 M     1  -1  -3  -4  -3  -1  -3  -3  -3   0   3  -1   3   1   1  -2  -2   2   0   0   12   4   0   1   0   3   1   1   0   4  34   4  10   7   6   1   1   3   4   5  0.32 0.24
   97 H    -2   1   1  -1  -3   1  -1  -2   5  -2  -1  -1  -1   2  -2   0   0   2   3  -2    2   8   8   4   0   7   2   2  18   2   5   2   1   9   2   5   7   3   9   2  0.29 0.22
   98 I    -2  -4  -4  -3  -3  -3  -4  -3   0   5   1  -3   1   1  -4  -1   1   2  -2   2    3   0   0   1   0   0   1   2   3  37   9   0   4   7   0   5  11   3   0  13  0.50 0.30
   99 T    -2  -2   3   0  -3   1  -1   1   1  -1  -3  -1  -1  -2  -1   2   2  -3   1  -2    0   0  18   5   0   7   1  10   4   3   2   3   2   1   3  15  15   0   6   3  0.27 0.24
  100 L    -1  -1  -2  -4  -3   0  -3  -3  -1   1   3  -2   1   1  -4   0   1  -3  -1   0    5   4   2   0   0   4   0   1   2   5  40   2   3   5   0  10   9   0   2   5  0.30 0.25
  101 C    -5  -2  -6  -7  11  -6  -7  -2  -7  -6  -6  -6  -6  -6  -1  -2  -5  -6  -6  -5    0   2   0   0  86   0   0   4   0   0   0   0   0   0   3   3   0   0   0   0  3.42 1.11
  102 D    -2  -1   2   3  -4   0  -1   3   3  -5  -5  -1  -4  -1  -1   2   0  -5  -3  -4    2   4  11  20   0   4   2  22   7   0   0   3   0   4   2  15   5   0   0   0  0.46 0.30
  103 F    -3   0  -4  -5  -4   2  -4  -4  -3   0   2  -3   1   4  -3  -2  -2   7   3  -2    1   5   0   0   0  10   0   1   0   6  18   0   3  22   1   3   3  14  11   2  0.69 0.38
  104 I     0   0   0  -3  -3  -1  -3  -3   1   3  -1  -1   0  -1   0  -1  -1  -3   1   3    6   5   5   0   0   3   0   2   4  18   3   3   2   2   5   3   3   0   5  30  0.26 0.23
  105 V    -1   0  -1  -2  -3   2   2  -2   0   1   0   1   3  -2  -2  -1   0  -3   0   0    5   6   2   1   0  12  16   1   2   7   7   7  10   0   2   4   4   0   5   8  0.16 0.19
  106 P    -2   1  -1   0  -5  -1   2  -2   0  -4  -1   1  -3   0   5  -2  -2  -5  -4  -4    2   7   3   6   0   2  17   2   2   0   8   9   0   4  33   2   2   0   0   0  0.63 0.37
  107 W    -3  -4  -2  -3  -6  -5  -4  -6  -5  -5  -3  -4  -5  -1  -6  -4  -3  12   4  -3    3   1   2   2   0   0   1   0   0   0   2   1   0   2   0   1   2  65  14   2  2.86 0.99
  108 D     0   1   2   3   0  -1   0  -2   1  -3  -3   1  -3  -2  -2   2   0  -4   0  -3    8   9  11  17   2   1   4   1   3   1   2   7   0   1   1  20   6   0   4   1  0.30 0.25
  109 T    -1   1   3   3  -4   1   1  -2   0  -3  -2   1  -2  -3  -3   1   2  -4  -2  -3    2   8  13  18   0   7   8   2   2   0   3   8   1   1   0  10  13   0   1   1  0.32 0.24
  110 L    -3  -4  -5  -5  -3  -4  -4  -5  -5   1   4  -2   4  -1  -1  -2  -1  -4  -3   3    0   0   0   0   0   0   0   0   0   6  43   2  10   1   3   3   4   0   0  25  0.73 0.40
  111 S    -2  -4  -1  -2  -4   0  -2  -4  -4  -4  -4  -2  -4  -2   1   4   6  -5  -4  -2    1   0   2   1   0   4   2   0   0   0   1   2   0   2   6  30  46   0   0   2  0.95 0.56
  112 T     0   1  -1  -1  -3   2  -1  -2  -2   0  -1   1  -2  -1   3   2   1  -4  -2  -1    6   8   1   4   0  10   2   1   1   6   5   7   0   3  15  15   8   0   1   5  0.21 0.18
  113 T     0   3   0   0  -2   1   2  -2   2  -1  -2   2  -1  -2  -3   0   0  -4  -2   0    7  16   4   6   1   6  12   1   6   3   2  12   1   2   0   6   7   0   0   7  0.20 0.17
  114 Q    -3  -1  -3   0  -5   7   3  -5   0  -1  -3   0   0  -5  -4  -3  -4  -5  -4  -4    2   2   0   4   0  53  21   0   2   5   2   3   2   0   0   0   0   0   0   0  1.27 0.64
  115 K    -3   6  -2  -4  -5   0  -1  -2  -3  -2  -3   5  -2  -5  -4  -3  -1  -5  -2  -2    1  40   1   0   0   2   2   2   0   3   2  36   1   0   0   0   4   0   1   2  1.05 0.52
  116 K     0   3   0   0  -4   1   1  -3   0  -2  -1   3  -1  -2  -3  -1  -1  -4   0  -2   10  21   3   6   0   5   8   1   2   2   6  24   1   1   0   3   2   0   3   1  0.34 0.25
  117 S     0  -1   1  -2  -4  -3  -3   5  -1  -5  -2  -1  -2   0  -2   0  -2  -4  -1  -4    7   4   7   2   0   0   1  52   1   0   4   4   1   4   2   8   1   0   2   0  0.74 0.39
  118 L    -4  -2  -5  -5  -4  -5  -5  -5  -4   1   4  -5  -1   5  -5  -3  -4  -3   1   1    0   2   0   0   0   0   0   0   0   8  48   0   0  27   0   2   0   0   3   7  0.97 0.46
  119 N     0   4   3   0  -4   0   1  -2   0  -4  -4   2  -2  -2  -3   1   1  -4  -3  -2    6  23  13   4   0   3   8   2   1   0   0  12   1   2   0  11  10   0   0   2  0.38 0.26
  120 H    -1   2   0   0  -3   1  -1   2   3  -2  -2   2  -1   0  -1   0   0  -3   1  -3    3  12   4   4   0   5   2  15  11   3   4  14   2   3   3   4   4   0   6   0  0.19 0.16
  121 R     0   2  -1  -3  -3  -1  -2   0   0   0   1   0   1   1  -3  -1   0   0   1   0    6  18   3   0   0   1   0   9   3   4  18   7   5   6   0   3   6   1   5   5  0.11 0.14
  122 Y    -3  -2   0  -5  -5  -4  -5  -5  -2  -4  -4  -4   1   1  -5  -3  -4   0   9  -2    2   3   4   0   0   0   0   0   0   0   1   0   3   5   0   2   0   1  75   2  2.13 0.78
  123 Q     0   2   1  -1  -3   2   1   1   2  -3  -2   2  -2  -2  -2   0  -1  -3   0  -3    6  14   7   3   0   9   7  14   5   0   3  16   0   2   2   6   3   0   3   0  0.24 0.17
  124 M     0   1   0   0  -3   2   0  -3   1  -1  -1   3   0   0  -2  -1   0  -3  -1  -1    8   8   5   4   0  12   4   1   3   4   8  23   3   4   1   3   6   0   1   2  0.18 0.16
  125 G    -1  -3   4  -1  -4  -1  -3   5  -2  -5  -3  -3  -4  -2  -2  -1  -2  -4   0  -4    5   1  22   2   0   2   0  50   1   0   3   0   0   1   2   3   1   0   4   0  0.91 0.42
  126 C    -3  -6  -2  -6  11  -5  -4  -5  -6  -4  -2  -6  -5  -5  -5  -4  -1  -5  -5  -4    1   0   2   0  84   0   2   0   0   0   3   0   0   0   0   0   3   0   0   0  3.18 0.93
  127 E    -1   0   1   2  -3   2   2   0   0  -3  -3   2  -1  -3   0   0  -1  -4  -2  -1    3   4   6  13   0   9  15   6   3   0   2  16   2   0   5   7   3   0   1   4  0.25 0.17
  128 C    -4  -3  -5  -5  11  -3  -5  -5  -5  -4  -3  -5  -4  -5  -5  -4  -4  -5  -5  -4    1   2   0   1  86   1   1   1   0   1   2   1   0   0   1   1   1   0   0   1  3.25 0.87
  129 K    -2   1   0   0  -1   4   1  -3   2  -4  -4   4  -3  -4  -2   0   1  -4  -3  -3    2   5   5   5   1  21   7   1   5   0   1  28   0   0   2   6  11   0   0   1  0.51 0.30
  130 I    -3  -5  -6  -6  -2  -5  -5  -6  -6   6   0  -2   1  -3  -5  -5  -3  -5  -4   4    1   0   0   0   1   0   0   0   0  56   5   3   2   0   0   0   0   0   0  32  1.32 0.52
  131 T     0   0   1  -1   0   2   0  -1   1  -1  -1   1  -1   2  -3   0   3  -3  -2  -1    7   6   7   3   2   9   5   3   3   3   3   8   1  10   0   4  22   0   0   3  0.15 0.16
  132 R    -2   3  -1  -2  -4  -1  -2  -2   1  -3  -2   1  -2  -2   5  -1   1  -4   2  -2    2  19   2   1   0   2   1   3   3   1   3   7   1   1  28   4  12   0   7   2  0.53 0.28
  133 C    -1  -2  -3  -5  11  -3  -5  -3  -5  -4  -4  -5  -2  -5  -5  -1  -1  -5  -5  -4    4   3   1   1  75   1   1   2   0   1   1   1   1   0   1   4   3   0   0   1  2.51 0.71
  134 P    -2  -1   0  -3  -2   0  -2  -2   1  -2   0  -1   0   3   4   1   0  -2   3  -3    2   3   4   0   1   3   2   2   4   1   9   4   2  12  25  13   4   0  10   1  0.41 0.22
  135 M    -1  -2  -1  -3   0  -1  -2   2   0   0   0  -1   4   0  -2   1   0   3   1  -1    3   2   2   0   2   2   1  19   2   6   7   3  14   5   1  14   5   4   4   3  0.18 0.16
  136 I    -1  -1   0   0   2  -1   0  -1  -1   3   0   0   0  -2  -1  -1   0   0  -1   1    4   4   5   6   6   2   5   4   1  25   5   6   2   0   3   4   4   1   3   8  0.06 0.09
  137 P    -2   0   0   0  -4  -1  -2   1  -1  -2  -2  -2  -1  -1   5  -1  -1   0  -1  -2    1   6   4   6   0   2   2  11   1   3   5   2   2   3  36   5   4   1   2   3  0.55 0.26
  138 C    -3   0  -5  -4  11  -5  -6  -3  -2  -4  -2  -2  -4  -1  -4  -2  -4  -1  -2  -4    1   5   0   1  71   0   0   2   1   0   4   3   0   3   1   3   0   1   1   0  2.38 0.74
  139 Y    -2   0   1  -1   0   0   0  -1   3  -3  -1   1  -1   2  -1   0  -1   2   4  -3    0   3   6   4   2   4   7   4   9   0   4  10   2   7   2   8   4   3  20   1  0.28 0.20
  140 I    -1   0  -1  -3   2  -1  -1  -2  -2   2   1   0   1   0   0   0   0  -3  -1   2    2   7   4   0   4   2   4   2   1  13  17   5   3   4   4   7   3   0   1  16  0.09 0.10
  141 S    -1   0   1   0  -1   1   0   0  -1  -3  -2   1  -1  -1   0   3   0   2  -3  -3    2   5   8   5   1   7   7   5   1   1   4   8   2   2   4  28   6   3   0   0  0.23 0.21
  142 S     0   1   1   0   2   0   0   0   0  -3  -4   0  -2  -4   1   4   0  -5  -1  -3    5   8   7   4   5   4   4   5   2   1   0   4   1   0   6  35   6   0   2   1  0.35 0.27
  143 P     0   0   0   2  -1  -1  -1   0  -4  -3  -3   0  -2  -5   6  -1  -1  -5  -4  -3   10   4   4  12   2   2   3   6   0   1   2   5   1   0  39   3   3   0   0   1  0.75 0.34
  144 D    -3  -1   3   5  -5   0   0   0  -1  -4  -5   0  -4  -5  -4   0   2  -6  -5  -5    0   3  14  36   0   3   5   8   1   0   1   6   0   0   0   6  15   0   0   0  0.74 0.38
  145 E     0  -1   1   1  -4   1   3   0   3  -3  -2  -1  -1  -3  -2   0   1  -4  -2  -2    6   2   6   5   0   7  27   7   8   1   3   3   1   1   1   7   9   0   1   3  0.29 0.21
  146 C    -5  -7  -7  -7  12  -7  -7  -4  -7  -5  -6  -7  -6  -6  -7  -3  -5  -6  -7  -3    0   0   0   0  93   0   0   1   0   0   0   0   0   0   0   2   0   0   0   2  3.92 1.09
  147 L    -1  -2   0  -3  -3   0  -1  -4  -3   1   3   0   1  -1  -1  -2   0  -3   0   1    4   0   5   0   0   4   5   0   0   6  37   7   4   1   2   2   6   0   3  13  0.25 0.19
  148 W    -5  -5  -2  -6  -5  -4  -5  -5  -1  -5  -4  -6  -5  -1  -4  -3  -5  12   3  -6    1   0   2   0   0   1   0   1   2   0   2   0   0   2   1   3   0  74   9   0  3.39 0.94
  149 M    -2   0   1   1   0   0   1  -3  -2  -2  -2   1   3  -2  -1   0   3  -3   0  -1    1   5   6   9   2   4   8   1   0   1   3   8  11   1   3   6  25   0   4   3  0.25 0.20
  150 D    -1  -2   0   5  -4   1  -1  -1  -1  -2  -4  -1  -1  -4   3   1   0  -4  -4  -2    4   2   4  38   0   6   1   5   1   2   1   2   2   0  12  12   5   0   0   2  0.58 0.30
  151 W    -1  -2  -2  -2  -3   2  -1  -2  -2  -2   0  -1   2   1  -1  -1   0   8   2  -2    6   2   2   2   0   9   3   3   1   2  11   4   5   5   2   3   7  24   8   1  0.59 0.27
  152 V    -1  -1   0  -1   0  -1  -1  -1   0   0   1   0   1  -1   1   0   1   0   0   1    3   2   5   3   2   1   2   3   3   4  17   5   3   2   6  10   8   1   4  16  0.04 0.07
  153 T    -1  -2  -1  -1   4  -1  -2  -1   1  -1   1   0   0  -2  -1   2   3  -3  -1  -2    4   1   3   2  10   2   2   5   3   3  14   5   2   1   3  14  23   0   2   1  0.23 0.19
  154 E    -1   0   0   1  -1   1   3   0   0  -1  -1   0   1  -1  -1   0   1  -3  -1  -1    1   6   5   8   1   5  22   7   2   2   6   3   4   3   3   9   8   0   2   3  0.13 0.12
  155 K    -1   3  -2   0  -1   1  -1   1   0  -3  -3   2  -3   0   0   0   0   0   3  -2    2  16   0   6   1   8   3  10   2   0   0  13   0   4   4   8   5   1  13   2  0.25 0.20
  156 N    -2  -2   4   1   3   1  -1   1   2  -2  -3   0  -3  -3  -2   2  -1  -4   0  -4    0   1  25   8   8   6   2  11   5   2   2   5   0   1   1  16   3   0   4   0  0.41 0.27
  157 I    -1  -2  -2   0   3  -2   0  -1   1   2   0  -1  -1   1   0  -1   0   1   2   1    3   1   1   6   7   0   6   4   4  14  10   4   1   5   5   3   6   2  10   8  0.08 0.10
  158 N    -2  -1   4   2   2   2   1  -1   0  -4  -4   1  -2  -3   0   1   0  -4   1  -2    1   2  20  11   4  10  11   3   2   0   1   9   1   0   5   8   7   0   5   2  0.33 0.22
  159 G    -1  -2  -2   4   2  -1   1   4   0  -4  -3   0  -4  -4  -2  -2  -3  -4  -4  -3    4   2   0  22   5   3   8  39   3   0   3   5   0   0   2   2   0   0   0   2  0.64 0.32
  160 H    -3  -2   1  -1   8  -1  -3  -4   6  -4  -3  -2  -3   2  -3  -2  -3   2   3  -4    1   2   6   4  34   3   1   1  18   0   2   2   0   9   1   2   1   2   9   1  1.11 0.45
  161 Q    -2   0  -3   0  -5   6   3  -3   2  -4  -3  -1   0  -3  -4  -1  -2  -4   3  -3    3   4   0   4   0  40  18   2   4   0   3   3   3   1   0   3   2   0   9   1  0.76 0.42
  162 A     3  -1  -2  -2  -3  -1   0   0   1  -2  -2  -1  -1  -3  -1   3   0   1  -1  -2   27   3   0   1   0   2   6   6   4   2   2   2   1   0   3  30   4   2   2   3  0.35 0.26
  163 K    -3   3   0   0  -4   2   0  -3   2  -3   0   4  -2  -4  -3  -1  -1  -4  -3  -3    1  20   5   6   0  10   4   1   6   1  10  28   0   0   1   4   4   0   0   1  0.48 0.27
  164 F    -3  -3   0  -3  -1  -1  -1  -3   7  -3  -2  -2  -3   4  -4  -1  -3  -2   5  -2    2   1   4   1   1   2   3   2  26   1   3   2   0  21   1   4   1   0  23   3  0.96 0.40
  165 F     1  -3  -1  -3  -3  -2  -3   2  -2  -1   0  -3  -2   3  -3   3  -1  -2   2  -1   10   1   2   1   0   0   1  16   0   2  12   1   0  13   1  24   3   0   8   5  0.29 0.22
  166 A     3   0  -2  -4  -3   0  -3  -3  -1   1  -2  -3   3   1  -2   0   0  -3   3   1   33   7   1   0   0   4   0   0   1   9   1   0   8   5   1   5   4   0  10   9  0.33 0.27
  167 C    -5  -8  -7  -8  12  -8  -8  -7  -8  -6  -6  -8  -6  -7  -3  -4  -1  -7  -7  -5    0   0   0   0  94   0   0   0   0   0   0   0   0   0   1   1   4   0   0   0  3.97 1.16
  168 I    -2  -4  -5  -5  -3  -4  -2  -5  -5   4   2  -2   4  -3  -5  -1  -1  -5  -4   4    3   0   0   0   0   0   3   0   0  22  19   2  12   0   0   4   4   0   0  31  0.69 0.36
  169 K    -1   4   0  -3  -5   0  -2  -4   2  -3  -4   4   0  -5   5  -2  -3  -5  -2  -4    4  21   4   0   0   4   1   0   4   2   1  26   2   0  26   2   0   0   2   0  0.83 0.41
  170 R    -2   4   2   1  -4   2  -2   0   2  -4  -3   1  -3  -5  -4   2   0  -5  -4  -3    2  29   8   9   0  11   0   7   6   0   2   6   0   0   0  15   4   0   0   1  0.50 0.32
  171 S     0   1   0  -2  -3   0   2   0   1  -2  -3   1   0  -4   1   2   0   0  -3  -1    9   8   5   1   0   2  13   7   3   2   0   9   4   0   6  22   5   2   0   5  0.22 0.20
  172 D    -1   0   1   4  -4  -1   0   0   0  -2  -3   1  -3  -3   1   2   0  -5  -4  -2    2   6   7  25   0   1   4   5   2   3   1   7   0   1   8  18   7   0   0   2  0.36 0.24
  173 G    -3  -1   0  -2  -6  -1  -5   7  -5  -7  -7  -2  -6  -6  -5  -1  -2  -6  -6  -6    0   3   5   2   0   3   0  78   0   0   0   3   0   0   0   4   2   0   0   0  1.67 0.62
  174 S     0   2   0   0  -3   1   0  -1   0  -1  -1   0   0  -1  -3   2   1  -3   0   0    5  13   5   4   0   6   5   3   3   1   5   5   4   2   0  16  12   0   4   8  0.12 0.13
  175 C    -5  -8  -8  -8  12  -8  -9  -7  -8  -6  -6  -8  -6  -7  -8  -6  -6  -7  -7  -6    0   0   0   0 100   0   0   0   0   0   0   0   0   0   0   0   0   0   0   0  4.41 1.21
  176 A     1   1   0  -1  -1   1   0   1   1  -2  -3  -1   0  -2  -3   2   2  -4   0  -2   11  10   4   3   1   7   6   9   4   2   0   2   3   1   0  18  14   0   4   2  0.20 0.18
  177 W    -8  -8  -9 -10  -7  -7  -8  -8  -8  -8  -7  -8  -7  -1  -9  -8  -8  13  -3  -8    0   0   0   0   0   0   0   0   0   0   0   0   0   2   0   0   0  98   0   0  5.07 1.36
  178 Y    -1   0   0  -3  -4  -1  -1  -3   1  -3  -1  -1  -2   2  -4  -1   2  -1   6  -1    4   7   5   0   0   3   4   2   3   0   6   2   0   8   0   3  13   0  37   3  0.55 0.29
  179 R    -3   6   0  -3  -5   2   1   0   2  -4  -3   1  -3  -4  -3  -1  -3  -1  -3  -2    0  48   5   0   0  12   6   9   5   0   2   5   0   0   0   3   0   1   0   3  0.72 0.32
  180 G     2  -2   0  -2  -3  -2  -2   5  -3  -2  -3  -1  -3  -3  -2   0   0  -3  -3  -2   19   1   3   1   0   0   1  51   0   3   1   4   0   0   1   7   7   0   0   1  0.65 0.22
  181 A     2   1  -1  -2  -2  -1   0  -1   1  -1  -1   0  -1  -2   1   1  -1   4  -1  -1   24  10   0   0   0   0   4   3   6   5   7   4   2   0   7  16   0   7   0   4  0.16 0.10
  182 A     4  -2  -2  -3  -2  -2  -2  -2   2  -2   1  -2  -1  -3  -2   1   1  -4  -2  -1   56   0   0   0   0   0   0   0   8   0  14   0   0   0   0  12  10   0   0   0  0.46 0.21
  183 P    -2   0  -3  -3  -4  -2  -2  -4   0  -3  -1  -2  -3  -4   8  -2  -2  -5  -4  -3    0   6   0   0   0   0   0   0   3   0  10   0   0   0  81   1   0   0   0   0  1.80 0.26
  184 P     0  -1  -2  -2  -3  -1  -2  -3  -3  -2   0   2  -2  -3   6  -1   1  -4  -3  -2    7   0   0   0   0   0   0   0   0   0  14  18   0   0  51   0  11   0   0   0  0.91 0.15
  185 K    -2   3  -1   1  -3   0   1  -3  -1  -3  -3   3  -2  -1  -2  -1   0  -2   3  -3    0  24   0  12   0   0   4   0   0   0   0  34   0   0   0   0   8   0  17   0  0.38 0.11
  186 Q     1   1   1  -1  -3   3   0  -2  -1  -3  -3   4  -2  -4  -2   1  -1  -3  -2  -3   11   0   9   0   0  26   0   0   0   0   0  42   0   0   0  11   0   0   0   0  0.44 0.10
  187 E    -1  -1  -1   2  -3   1   5  -3  -1  -3  -1   0  -2  -3  -2   0   1  -3  -3  -2    2   0   0  11   0   0  64   0   0   0   9   0   0   0   0   5   9   0   0   0  0.56 0.12
  188 F    -2  -2  -3  -4   5  -3  -4  -4  -2   1   0  -3  -1   6  -4  -2  -1   0   2  -1    0   2   0   0  19   0   0   0   0   9   2   0   0  62   0   2   2   0   2   0  0.72 0.14
  189 L    -1  -3  -3  -4  -1  -2  -3  -4  -3   3   3  -3   3   0  -3  -2  -1  -2  -1   2    0   0   0   0   0   0   0   0   0  23  46   0  14   0   0   0   0   0   0  17  0.39 0.05
  190 D     0  -2   3   5  -3   0   2  -1  -1  -3  -3  -1  -3  -3  -2   0  -1  -4  -3  -3   14   0  17  55   0   0  12   0   0   0   3   0   0   0   0   0   0   0   0   0  0.58 0.07
  191 I     1  -3  -2  -2  -1  -2  -2  -2  -3   4   0  -2   0  -1   0   1   0  -3  -2   2   16   0   0   0   0   0   0   0   0  58   0   0   0   0   4  16   3   0   0   3  0.22 0.05
  192 E    -1  -1  -1   0  -2   1   3  -2   3   0  -1   0  -1  -2  -2   1   2  -3  -1   0    0   0   0   0   0   3  32   0  16  12   0   0   0   0   0  10  19   0   0   7  0.22 0.04
  193 D    -2  -1   0   5  -4   3   3  -2   1  -4  -4   0  -3  -4  -2  -1  -1  -4  -3  -3    0   0   0  55   0  18  24   0   3   0   0   0   0   0   0   0   0   0   0   0  0.71 0.06
  194 P    -1  -3  -3  -2  -4  -2  -2  -3  -3  -3  -4  -2  -3  -4   8  -1  -2  -4  -4  -3    0   0   0   0   0   0   0   0   0   0   0   0   0   0 100   0   0   0   0   0  2.26 0.12

                      K         Lambda
Standard Ungapped    0.1366     0.3203
Standard Gapped      0.0410     0.2670
PSI Ungapped         0.1366     0.3203
PSI Gapped           0.0410     0.2670
