
Last position-specific scoring matrix computed, weighted observed percentages rounded down, information per position, and relative weight of gapless real matches to pseudocounts
            A   R   N   D   C   Q   E   G   H   I   L   K   M   F   P   S   T   W   Y   V   A   R   N   D   C   Q   E   G   H   I   L   K   M   F   P   S   T   W   Y   V
    1 M    -1  -2  -3  -4  -2  -1  -3  -3  -2   1   2  -2   8   0  -3  -2  -1  -2  -2   0    0   0   0   0   0   0   0   0   0   0   0   0 100   0   0   0   0   0   0   0  0.71 0.09
    2 A     2   1   0  -1  -2   0   1  -1  -1  -3  -3   2  -2  -3   4   1  -1  -3  -2  -2   32   8   6   0   0   0   9   0   0   0   0  16   0   0  23   6   0   0   0   0  0.39 0.02
    3 V    -1  -3  -3  -4  -1  -2  -3  -4  -3   2   3  -3   3   0  -3  -2  -1  -2  -1   3    0   0   0   0   0   0   0   0   0   9  42   0  11   0   0   0   0   0   0  39  0.36 0.03
    4 T    -1  -1   3   5  -3   1   1  -2  -1  -3  -3  -1  -2  -3  -2   0   2  -4  -3  -2    0   0  21  46   0  10   0   0   0   0   0   0   0   0   0   0  24   0   0   0  0.51 0.04
    5 Y    -2  -2  -3  -4  -3  -2  -3  -4   1  -2  -2  -2  -2   3  -4  -2  -2   2   8  -2    0   0   0   0   0   0   0   0   0   0   0   0   0   0   0   0   0   0 100   0  1.23 0.10
    6 E    -1   1   0   2  -4   3   5  -2   0  -4  -3   1  -2  -4  -2   0  -1  -3  -2  -3    0   7   0  12   0  13  63   0   0   0   0   5   0   0   0   0   0   0   0   0  0.63 0.05
    7 K    -1   1   0  -1  -3   3   2  -2   1  -3  -1   4  -1  -3  -2  -1  -1  -3  -2  -2    0   0   0   0   0  22   8   0   5   0   6  59   0   0   0   0   0   0   0   0  0.44 0.05
    8 T     0  -2  -1  -2  -1  -1  -1  -2  -2   0  -1  -1  -1  -2  -2   1   5  -3  -2   1    5   0   0   0   0   0   0   0   0   0   0   0   0   0   0   0  78   0   0  18  0.46 0.06
    9 F    -1  -2  -3  -3  -3   0  -2  -3   0  -1  -1  -2  -1   6  -3  -2  -2   1   5  -1    6   0   0   0   0  10   0   0   0   0   0   0   0  55   0   0   0   0  30   0  0.61 0.05
   10 E    -1   1  -1   0  -3   2   3  -2  -1  -2  -1   4  -1  -3  -2  -1  -1  -3  -2  -2    0   0   0   0   0  12  32   0   0   0  10  47   0   0   0   0   0   0   0   0  0.41 0.04
   11 I    -1  -2  -3  -3  -2  -2  -1  -4  -3   5   1  -1   1  -1  -3  -2  -1  -3  -2   2    0   0   0   0   0   0   7   0   0  79   0   6   0   0   0   0   0   0   0   8  0.36 0.05
   12 E    -1  -1  -1   1  -4   2   6  -3  -1  -4  -3   0  -3  -4  -2  -1  -1  -3  -3  -3    0   0   0   0   0   0 100   0   0   0   0   0   0   0   0   0   0   0   0   0  0.94 0.08
   13 I    -1  -3  -3  -3  -2  -3  -3  -4  -3   4   2  -3   1   0  -3  -1  -1  -3  -2   2    0   0   0   0   0   0   0   0   0  72  18   0   0   0   0   5   0   0   0   4  0.41 0.05
   14 I    -2  -3  -4  -4  -2  -3  -3  -4  -3   4   3  -3   2   0  -3  -3  -1  -2  -2   2    0   0   0   0   0   0   0   0   0  49  51   0   0   0   0   0   0   0   0   0  0.45 0.04
   15 N    -1  -1   6   0  -3   0  -1  -1   0  -2  -3   1  -2  -3  -2   0   2  -4  -2  -1    0   0  69   0   0   0   0   0   0   0   0   8   0   0   0   0  16   0   0   7  0.54 0.06
   16 E    -1  -1  -1   1  -4   2   6  -3  -1  -4  -3   0  -3  -4  -2  -1  -1  -3  -3  -3    0   0   0   0   0   0 100   0   0   0   0   0   0   0   0   0   0   0   0   0  0.94 0.08
   17 L    -2  -3  -4  -4  -2  -3  -4  -4  -2   0   3  -3   1   6  -4  -3  -2   0   2   0    0   0   0   0   0   0   0   0   0   0  37   0   0  63   0   0   0   0   0   0  0.62 0.06
   18 S     2  -1   0  -1  -1   1  -1  -1  -1   0  -2  -1  -1  -2  -1   3   1  -3  -2  -1   26   0   0   0   0   7   0   0   0  10   0   0   0   0   0  57   0   0   0   0  0.31 0.04
   19 A     2   0   3  -1  -1   0  -1  -1  -1  -2  -2   0  -2  -2  -1   3   0  -2   0  -2   32   5  23   0   0   0   0   0   0   0   0   0   0   0   0  34   0   0   6   0  0.29 0.04
   20 S     1   1   1  -1  -2  -1  -1   3  -1  -2  -3   0  -2  -3  -2   3   1  -3  -2  -2    7  13   5   0   0   0   0  28   0   3   0   0   0   0   0  39   4   0   0   0  0.31 0.03
   21 V    -1  -3  -3  -4  -1  -3  -3  -4  -3   3   1  -3   2  -1  -3  -2   0  -3  -2   4    0   0   0   0   0   0   0   0   0  20   0   0   7   0   0   0   0   0   0  73  0.43 0.05
   22 Y    -2  -2  -2  -3  -3  -1   0  -3   4  -2  -2  -2  -2   2  -3  -2  -2   1   7  -2    0   0   0   0   0   0   7   0  13   0   0   0   0   0   0   0   0   0  80   0  0.91 0.08
   23 N     2  -1   4   0  -2  -1  -1   2  -1  -3  -3  -1  -2  -3  -2   1   1  -3  -2  -2   27   0  37   0   0   0   0  18   0   0   0   0   0   0   0  11   7   0   0   0  0.36 0.03
   24 R    -2   5   1  -1  -3   2   0  -2  -1  -1  -2   3  -1  -3  -2  -1  -1  -3  -2  -2    0  58   7   0   0   7   0   0   0  10   0  19   0   0   0   0   0   0   0   0  0.50 0.04
   25 V    -1  -2  -3  -3  -1   0  -2  -4  -3   2   3  -2   2  -1  -3  -2  -1  -2  -1   3    0   0   0   0   0  10   0   0   0   0  38   0   7   0   0   0   0   0   0  44  0.28 0.04
   26 L    -2  -3  -4  -4  -2  -3  -3  -4  -3   2   4  -3   2   0  -3  -3  -1  -2  -1   2    0   0   0   0   0   0   0   0   0   0  82   0   0   0   0   0   0   0   0  18  0.49 0.05
   27 N    -2   1   6   1  -3   0  -1  -1   0  -4  -4   0  -3  -4  -2   1   0  -4  -3  -3    0   6  89   0   0   0   0   0   0   0   0   0   0   0   0   5   0   0   0   0  0.81 0.07
   28 Y    -2  -1  -3  -3  -2  -2  -2  -3   0   0   1   0   2   4  -3  -2  -2   1   5  -1    0   0   0   0   0   0   0   0   0   0  20  10   8  20   0   0   0   0  43   0  0.43 0.04
   29 V     1  -3  -3  -3   3  -2  -3  -3  -3   2   1  -2   0  -1  -2  -1  -1  -3  -2   3   18   0   0   0  11   0   0   0   0  13  11   0   0   0   0   0   0   0   0  46  0.27 0.04
   30 L    -1  -2  -3  -4  -1  -2  -3  -4  -3   3   2  -2   4   0  -3  -2  -1  -2  -1   2    0   0   0   0   0   0   0   0   0  25  25   0  25   0   0   0   0   0   0  25  0.33 0.03
   31 N    -2   0   5   2  -4   1   2  -2   0  -4  -4   2  -3  -4  -2   0  -1  -4  -3  -3    0   0  56   7   0   7  13   0   0   0   0  17   0   0   0   0   0   0   0   0  0.67 0.12
   32 H    -1   0   4  -1  -3   3   0  -2   7  -4  -4   1  -2  -3  -3  -1  -2  -3   0  -3    6   0  26   0   0  21   0   0  41   0   0   6   0   0   0   0   0   0   0   0  0.69 0.13
   33 E    -1  -1  -1   1  -4   1   4   4  -1  -4  -4   1  -3  -4  -2  -1  -2  -3  -3  -3    0   0   0   7   0   6  39  41   0   0   0   7   0   0   0   0   0   0   0   0  0.59 0.10
   34 L    -2  -3  -4  -4  -2  -3  -3  -4  -3   3   4  -3   3   0  -3  -3  -2  -2   1   1    0   0   0   0   0   0   0   0   0  21  60   0   8   0   0   0   0   0   6   4  0.49 0.09
   35 N    -2  -2   4   5  -4  -1   1  -2  -1  -4  -4  -1  -3  -4  -2   0   0  -5  -3  -3    0   0  31  55   0   0   7   0   0   0   0   0   0   0   0   0   7   0   0   0  0.84 0.13
   36 K    -1   2  -1  -2  -3   0  -1  -2  -2   1  -1   3  -1  -3   1   0   2  -3  -2  -1    0  14   0   0   0   0   0   0   0  14   4  37   0   0   7   6  18   0   0   0  0.26 0.08
   37 N     0   0   3   1  -3   2   1  -2   3  -3  -3   1  -2  -3  -2   1   1  -3  -1  -2    7   0  26   7   0  14   4   0  14   0   0  11   0   0   0   5  12   0   0   0  0.34 0.07
   38 D    -2  -2   4   6  -4  -1   0   1  -1  -4  -5  -1  -4  -4  -2  -1  -2  -5  -4  -4    0   0  23  68   0   0   0   9   0   0   0   0   0   0   0   0   0   0   0   0  0.97 0.14
   39 S     0   0   1   0  -2   0   2  -2  -1  -2  -2   2   2  -3  -2   3   1  -3  -2  -2    0   0   6   0   0   0  21   0   0   0   0  21  11   0   0  34   6   0   0   0  0.31 0.09
   40 Q    -1   1   5   0  -3   2   0  -1   0  -3  -3   1  -2  -4  -2   2   1  -4  -2  -3    0   6  42   0   0  17   0   0   0   0   0   6   0   0   0  20   9   0   0   0  0.48 0.10
   41 L    -2  -1   2   0  -2  -1  -1  -3   4   1   2  -1   0  -1  -3  -1   0  -3  -1  -1    0   0  19   6   0   0   0   0  21  11  32   4   0   0   0   0   7   0   0   0  0.21 0.07
   42 L    -2  -3  -4  -4  -3  -3  -4  -4  -2   0   3  -3   0   5  -1  -3  -2   0   3   0    0   0   0   0   0   0   0   0   0   0  34   0   0  48   4   0   0   0   9   5  0.59 0.11
   43 E    -1  -1  -1   1  -3   1   3  -3   0  -2   1  -1  -1   0  -2   0  -1  -1   4  -2    0   0   0   7   0   5  34   0   0   0  21   0   0   0   0   9   0   0  25   0  0.30 0.09
   44 V     2  -2   0  -2   2  -2  -2   0  -3   1  -1  -2  -1  -2  -2   0   0  -3  -2   3   21   0   8   0   6   0   0   7   0   7   0   0   0   0   0   5   5   0   0  41  0.18 0.07
   45 N    -1  -1   4   0   2   0   0  -2   2  -1  -1   1  -1  -2  -2   0  -1  -3  -2   0    1   0  33   0   6   0   7   1   7   0   7  14   0   0   0   5   1   0   0  16  0.18 0.06
   46 L    -2  -3  -4  -4  -2  -3  -4  -5  -4   2   5  -3   1   0  -4  -3  -2  -3  -2   0    0   0   0   0   0   0   0   0   0   9  91   0   0   0   0   0   0   0   0   0  0.74 0.14
   47 L    -2  -3  -4  -4  -2  -3  -4  -4  -3   2   5  -3   4   0  -4  -3  -2  -2  -2   0    0   0   0   0   0   0   0   0   0   7  79   0  14   0   0   0   0   0   0   0  0.67 0.12
   48 N    -2  -1   4   2  -3   3   2  -2   4  -4  -4   0  -2  -3  -2   1  -1  -4  -2  -3    0   0  32  14   0  17  13   0  14   0   0   0   0   0   0   9   0   0   0   0  0.51 0.09
   49 Q    -2   0  -1  -1  -4   7   1  -3  -1  -4  -3   0  -1  -4  -2  -1   1  -3  -3  -3    0   0   0   0   0  91   0   0   0   0   0   0   0   0   0   0   9   0   0   0  1.13 0.21
   50 L    -2  -3  -4  -4  -2  -3  -4  -4  -3   1   4  -3   1   4  -4  -3  -2  -1   0   0    0   0   0   0   0   0   0   0   0   0  68   0   0  32   0   0   0   0   0   0  0.67 0.12
   51 K    -1   2  -1  -1  -3   0   2   1  -1  -2  -3   3  -2  -3  -2   1  -1  -3  -2  -1    0   9   0   0   0   0  18  14   0   0   0  36   0   0   0  15   0   0   0   8  0.30 0.07
   52 L     0   1   0   2  -3   0   3   0  -1  -1   0   0   0  -2  -2  -1  -1  -3  -2   0    7   9   5  14   0   0  32   6   0   0  13   0   4   0   0   0   0   0   0  11  0.17 0.05
   53 A     3  -2  -2  -3  -2  -1  -2  -2   2   0   0  -2   6  -2  -2  -1  -1  -3  -2   1   42   0   0   0   0   0   0   0   6   0   0   0  45   0   0   0   0   0   0   7  0.45 0.14
   54 K    -2   1   0  -2  -3   2  -1  -3  -2  -1   2   3   0  -2  -2  -1  -1  -3  -2  -1    0   7   5   0   0  11   0   0   0   0  41  37   0   0   0   0   0   0   0   0  0.28 0.09
   55 R    -1   3   2   1  -3   2   1  -2  -1  -2   0   0  -1  -3  -2   0  -1  -3  -2  -2    0  30  17   8   0  11  11   0   0   0  14   0   0   0   0   9   0   0   0   0  0.29 0.07
   56 V     0  -3  -3  -3  -1  -2  -3  -3  -3   3   1  -3   2  -1  -3  -1  -1  -3  -2   4    7   0   0   0   0   0   0   0   0  25  11   0   6   0   0   6   0   0   0  45  0.34 0.08
   57 N    -2  -2   4   5  -4  -1   0  -2  -1   1  -3  -1  -3  -3  -3  -1  -1  -5  -3  -2    0   0  34  52   0   0   0   0   0  14   0   0   0   0   0   0   0   0   0   0  0.73 0.13
   58 L    -2  -3  -4  -4  -2  -3  -3  -4  -3   1   5  -3   3   0  -4  -3   0  -2  -2   0    0   0   0   0   0   0   0   0   0   0  86   0   7   0   0   0   7   0   0   0  0.65 0.13
   59 F    -3  -4  -3   1  -4  -4  -3  -4  -2  -1  -1  -4  -1   7  -4  -3  -3   0   2  -2    0   0   0  14   0   0   0   0   0   0   0   0   0  86   0   0   0   0   0   0  1.11 0.18
   60 D     1   0   0   3  -3   2   2  -2  -1  -3  -3   3  -2  -4  -2   1  -1  -3  -2  -2   14   0   0  19   0  13  10   0   0   0   0  30   0   0   0  13   0   0   0   0  0.37 0.07
   61 Y    -2  -1  -2  -2  -3   3  -1  -3   4   0   0   1   4   0  -3  -2  -2  -1   4  -1    0   0   0   0   0  18   0   0  14   6   5  13  25   0   0   0   0   0  20   0  0.31 0.10
   62 S     0  -1   3   1  -2  -1  -1  -1  -1  -3  -3   0  -2  -3   1   4   1  -4  -3  -3    0   0  15   7   0   0   0   0   0   0   0   6   0   0   6  59   6   0   0   0  0.48 0.11
   63 L    -1   1   1  -3  -2  -2  -2  -3  -2   0   3  -2   4   2  -3  -2  -1  -2  -1   0    5   9  10   0   0   0   0   0   0   0  41   0  20  15   0   0   0   0   0   0  0.27 0.08
   64 E     1   1  -1   1  -3   0   4   2  -1  -3  -3   1  -2  -3  -2   0  -1  -3  -3  -1   14   6   0   5   0   0  43  16   0   0   0   6   0   0   0   6   0   0   0   4  0.35 0.07
   65 E    -2   0  -1   2  -4   1   6  -3  -1  -3  -3   0  -3  -4  -2  -1  -2  -4  -3  -1    0   4   0   6   0   0  84   0   0   0   0   0   0   0   0   0   0   0   0   6  0.90 0.16
   66 L    -2  -3  -4  -5  -2  -3  -4  -5  -4   1   5  -3   1   0  -4  -3  -2  -3  -2   1    0   0   0   0   0   0   0   0   0   0  94   0   0   0   0   0   0   0   0   6  0.76 0.14
   67 Q     0  -1   0   3  -4   3   4  -2  -1  -4  -3   1  -2  -4   1  -1  -1  -4  -3  -3    6   0   0  20   0  24  39   0   0   0   0   5   0   0   6   0   0   0   0   0  0.58 0.10
   68 A     1   0   1   1  -2   1   1  -2  -1  -1  -1   1  -1  -3  -2   0   1  -3  -2   0   20   0  10  11   0   7   6   0   0   0   6  15   0   0   0   0  16   0   0   8  0.15 0.04
   69 V     0  -3  -3  -3  -2  -2  -3  -3  -3   3   2  -2   2   0  -3  -2   0  -2   0   3    6   0   0   0   0   0   0   0   0  25  22   0   9   0   0   0   7   0   5  26  0.28 0.06
   70 H    -2   0   0   1  -3   2   2  -3   6  -2   0   2   1  -2  -2  -1  -2  -3  -1  -2    0   0   0  10   0  14  11   0  31   0   9  18   8   0   0   0   0   0   0   0  0.37 0.08
   71 E     2  -1  -1   0  -2   0   3   2  -2   0  -2  -1  -2  -3  -2   2  -1  -3  -2  -1   27   0   0   0   0   0  32  14   0   9   0   0   0   0   0  18   0   0   0   0  0.28 0.07
   72 Y    -3  -3  -3  -4  -4  -3  -3  -4   1  -2  -2  -3  -2   2  -4  -3  -3   1   9  -2    0   0   0   0   0   0   0   0   0   0   0   0   0   0   0   0   0   0 100   0  1.64 0.21
   73 W    -4  -4  -5  -6  -4  -3  -4  -4  -4  -3  -1  -4  -2   0  -5  -4  -4  12   1  -4    0   0   0   0   0   0   0   0   0   0   7   0   0   0   0   0   0  93   0   0  2.98 0.25
   74 R    -1   3   1  -1  -3   3   2  -2   2  -1  -2   2  -1  -3  -2  -1   0  -3  -2  -2    0  25   7   0   0  20  18   0   6   5   0  14   0   0   0   0   4   0   0   0  0.38 0.07
   75 S     2  -1   3  -1  -2  -1  -1  -1   1  -3  -3   0  -2  -3  -2   2   1  -3  -2  -2   29   0  26   0   0   0   0   0   5   0   0   6   0   0   0  27   7   0   0   0  0.34 0.07
   76 M    -2  -3  -3  -4  -3  -2  -3  -4  -3   1   1  -3   9  -1  -4  -3  -2  -3  -2   0    0   0   0   0   0   0   0   0   0   7   0   0  93   0   0   0   0   0   0   0  1.15 0.21
   77 N    -2  -1   6   2  -4   0   0  -1   0  -4  -4   2  -3  -4  -3   0  -1  -5  -3  -4    0   0  73  12   0   0   0   0   0   0   0  15   0   0   0   0   0   0   0   0  0.88 0.14
   78 R    -1   1   2   1  -3   3   1  -2  -1  -2  -1   2  -1  -3  -2   0  -1  -3  -2  -1    0   7  14   5   0  29   8   0   0   0   6  21   0   0   0   5   0   0   0   7  0.30 0.06
   79 Y    -3  -3  -3  -4  -3  -2  -3  -4   1  -1   1  -3  -1   3  -4  -3  -2   1   8  -2    0   0   0   0   0   0   0   0   0   0  14   0   0   7   0   0   0   0  78   0  1.11 0.15
   80 S     1  -2  -1  -2  -1  -2  -2  -2  -2   3   0  -2   0  -2  -2   2   2  -3  -2   1   16   0   0   0   0   0   0   0   0  31   0   0   0   0   0  24  21   0   0   8  0.23 0.07
   81 K    -2   2   2   2  -4   1   1  -2  -1  -4  -3   5  -2  -4  -2  -1  -1  -4  -3  -3    0   5   9  14   0   0   8   0   0   0   0  63   0   0   0   0   0   0   0   0  0.57 0.10
   82 Q    -1   1   1   1  -3   3   3   0  -1  -3  -3   1  -2  -3  -2   2   0  -3  -2  -3    0   8   8   8   0  19  25   5   0   0   0   6   0   0   0  21   0   0   0   0  0.37 0.06
   83 V    -2  -3  -3  -3  -2  -3  -3  -4  -3   4   3  -3   1   0  -3  -2  -1  -3  -2   2    1   0   0   0   0   0   0   1   0  53  30   0   0   0   0   1   0   0   0  11  0.42 0.07
   84 L    -1  -1  -2  -1  -2  -1   1  -2  -2   0   2  -1   0  -1   2  -1   2  -2  -2   0    1   1   1   1   0   1  13   1   0   1  42   1   0   1  12   1  22   0   0   1  0.20 0.04
   85 N     0  -2   3   3  -2  -1   0  -2  -1   0  -2  -1  -2  -3  -2   1   3  -4  -2  -1    6   0  18  21   0   0   0   0   0   7   0   0   0   0   0  10  38   0   0   0  0.33 0.06
   86 K    -1   1  -1  -1  -3   2   0  -2  -1  -3  -3   5  -2  -4  -2   1  -1  -4  -2  -3    0   0   0   0   0  10   0   0   0   0   0  79   0   0   0  12   0   0   0   0  0.64 0.10
   87 E     0   0   0   0  -3   2   3  -2  -1  -2  -2   3  -2  -3  -2   2   0  -3  -2   0    0   0   0   0   0   7  26   0   0   0   0  33   0   0   0  23   0   0   0  11  0.32 0.06
   88 K     0   2  -1  -1  -3   1   1  -2  -1  -3  -3   5  -2  -3  -2   1  -1  -3  -2  -2   10  10   0   0   0   0   6   0   0   0   0  63   0   0   0  12   0   0   0   0  0.48 0.08
   89 V    -1  -3  -3  -3  -1  -2  -3  -3  -3   2   1  -2   0  -1  -3   0   1  -3  -2   4    0   0   0   0   0   0   0   0   0   0   8   0   0   0   0   7  11   0   0  74  0.38 0.08
   90 A     5  -2  -2  -2  -1  -1  -1   0  -2  -2  -2  -1  -1  -3  -1   1   0  -3  -2  -1  100   0   0   0   0   0   0   0   0   0   0   0   0   0   0   0   0   0   0   0  0.61 0.08

                      K         Lambda
Standard Ungapped    0.1294     0.3149
Standard Gapped      0.0410     0.2670
PSI Ungapped         0.1294     0.3149
PSI Gapped           0.0410     0.2670
