
Last position-specific scoring matrix computed, weighted observed percentages rounded down, information per position, and relative weight of gapless real matches to pseudocounts
            A   R   N   D   C   Q   E   G   H   I   L   K   M   F   P   S   T   W   Y   V   A   R   N   D   C   Q   E   G   H   I   L   K   M   F   P   S   T   W   Y   V
    1 A     7  -7  -7  -7  -6  -6  -6  -5  -7  -7  -7  -6  -6  -8  -6  -1  -5  -8  -7  -2   93   0   0   0   0   0   0   0   0   0   0   0   0   0   0   4   0   0   0   3  2.39 1.10
    2 D     1   1   3   5  -6   2   0  -4  -2  -6  -3   1  -5  -7  -4  -1  -3  -7  -5  -4   11   7  13  37   0   8   6   1   1   0   2   8   0   0   0   3   1   0   0   1  0.82 0.52
    3 G     1  -6  -5  -6  -8  -6  -7   7  -7  -7  -8  -6  -4  -7  -1  -4  -5  -1  -7  -3   11   0   0   0   0   0   0  79   0   0   0   0   1   0   3   1   1   1   0   2  2.10 1.01
    4 A     3   1  -4  -4  -6   3   3  -3  -3  -6  -6   4  -5  -6  -1  -1  -4  -7  -5  -5   27   6   0   0   0  11  18   2   1   0   0  25   0   0   3   5   1   0   0   0  0.83 0.58
    5 A     3   1  -1  -2  -5   2   1  -3  -3  -2  -3   2   0  -5  -3   0   1  -6  -4  -1   27   7   3   2   0  10  10   2   0   2   2  10   3   0   1   6  10   0   0   4  0.37 0.35
    6 L    -2  -3  -3  -5  -5  -3  -5  -1  -4   2   5   3   0  -4  -5  -3  -2  -6  -3  -1    4   1   1   0   0   1   0   6   0  10  48  16   2   0   0   1   2   0   1   3  0.76 0.51
    7 Y     4  -5  -4  -6  -6  -5  -5  -3  -4   1  -2  -5  -3   2  -5   0  -2  -2   6   1   29   0   1   0   0   0   0   2   0   6   3   0   0   8   0   8   2   0  30   8  0.98 0.61
    8 K     3   1   0  -2  -6   2  -1  -1  -3  -5  -4   3  -3  -4   4  -1  -1  -4  -1  -3   23   7   5   2   0   8   3   4   0   0   2  16   1   0  19   4   4   0   2   2  0.51 0.41
    9 S     4  -1  -1  -4  -5   0  -3  -2  -5  -4  -4   1   0  -6  -1   2   3  -7  -5  -1   36   3   3   1   0   4   1   3   0   1   1   9   2   0   3  12  15   0   0   5  0.59 0.47
   10 C    -8 -11 -10 -11  12 -11 -11 -10 -11  -9  -9 -11  -9 -10 -11  -8  -8 -10 -10  -8    0   0   0   0  98   0   0   0   0   0   0   0   0   0   0   0   0   0   0   0  4.98 1.90
   11 I     4  -3  -3  -5  -5   0  -4  -3  -3   2  -3  -2   3  -1  -5   0   1  -4  -4   2   37   1   1   0   0   4   1   1   1  10   2   2   6   3   0   7   8   0   0  15  0.61 0.47
   12 G     4  -4  -1  -3  -5  -1  -3   3  -4  -4  -5  -3  -1  -2  -4   2   0  -7  -5  -2   38   1   3   1   0   3   2  21   0   1   1   1   1   2   1  16   6   0   0   3  0.76 0.54
   13 C    -7 -10  -9 -10  12  -9 -10  -9  -9  -8  -8 -10  -8  -9  -9  -8  -8  -9  -9  -8    0   0   0   0  97   0   0   0   0   0   0   0   0   0   0   0   0   0   0   0  4.87 1.86
   14 H    -9  -7  -7  -8 -10  -7  -7  -9  12 -10 -10  -8  -9  -8  -9  -8  -9  -9  -5 -10    0   0   0   0   0   0   0   0  98   0   0   0   0   0   0   0   0   0   0   0  4.69 1.90
   15 G    -3  -5  -3  -6  -6  -5  -6   7  -7  -8  -7  -6  -5  -8  -7   0  -4  -8  -8  -7    2   1   1   0   0   0   0  85   0   0   0   0   0   0   0   6   1   0   0   0  2.36 1.13
   16 A     3  -3  -3  -1  -2  -1   0  -4  -4   0  -3  -1  -1  -5   5  -2   1  -7  -4   0   25   1   1   3   1   3   5   1   0   5   2   4   1   0  30   2   8   0   1   7  0.69 0.51
   17 D    -1   0   4   5  -5   1   0  -1   0  -6  -5   1  -4  -5  -2  -1   0  -7  -3  -5    6   4  21  27   0   6   5   4   2   0   1   8   0   0   2   4   7   0   1   1  0.67 0.47
   18 G     0  -8  -5  -5  -8  -6  -6   7  -6  -8  -4  -6  -2  -1  -6  -5  -6  -3  -4  -7    7   0   0   0   0   0   0  82   0   0   2   0   1   3   0   0   0   0   1   0  2.22 1.08
   19 S     1   1   3  -1  -4   2   3  -2   0  -1  -2   2   0  -4  -3   0  -1  -2   0  -1   10   7  13   3   0   8  17   2   2   4   3  10   3   0   1   6   3   0   4   4  0.24 0.24
   20 K    -1  -2  -2  -4  -6  -3  -4   5  -4  -2  -5   3  -4  -5  -4   2  -1  -6  -5  -5    5   2   2   1   0   1   1  45   0   2   1  16   0   1   1  16   4   0   0   1  0.96 0.61
   21 A     1  -2   3  -1  -4  -1  -2  -1  -2   0  -2   0   1  -4   3   0   1  -3  -3   1   11   2  17   3   0   3   2   4   1   4   3   6   4   1  13   7   7   0   0  12  0.26 0.25
   22 A     3  -2  -1  -1  -3  -1   0   1  -3   2  -2  -1  -2  -3   2   1  -1  -4  -1  -1   25   2   3   3   0   2   6   9   1  13   4   4   1   1   9   8   3   0   2   5  0.23 0.22
   23 M     1  -2   0   1  -3   0  -1   0  -2   0   1  -2   1  -1   2  -1  -1  -3  -1   0   12   1   4   9   0   5   4   8   1   4  16   2   5   3  12   4   4   0   2   6  0.12 0.14
   24 G     3  -4   0  -2  -5  -3  -2   3  -4  -4  -2  -1  -2  -4   5   0  -2  -4  -4  -4   21   1   4   2   0   1   2  22   0   1   4   4   1   1  25   6   2   0   1   1  0.67 0.46
   25 S     0  -1   1   0  -4   2  -1   2   0  -1  -2   2   1  -1  -2   1   0  -3  -2  -1    9   2   8   4   0   9   4  15   2   4   3  11   3   3   2  10   6   0   1   4  0.15 0.17
   26 A     0  -6  -4  -6  -6  -5  -6  -2  -4   0  -4  -4   0   5  -5   1  -3   1   7   0    8   0   1   0   0   0   0   3   0   6   1   1   2  22   1  10   2   2  34   6  1.14 0.66
   27 K    -3  -5  -7  -6  -9  -3  -5  -5  -4  -7  -6  -1  -6  -7   9  -6  -6 -10  -7  -5    2   1   0   0   0   1   1   1   0   0   1   4   0   0  85   0   1   0   0   1  2.84 1.40
   28 P     1   4   2  -3  -4  -2  -3  -3   1   0  -4   3  -1  -5   1   1  -2  -4  -3   0   11  21  10   1   0   2   0   1   3   6   1  16   2   0   6  10   2   0   1   7  0.42 0.37
   29 V    -6  -8  -9  -9  -7  -6  -8  -9  -8   5   6  -8  -2  -4  -6  -8  -5  -7  -7   0    0   0   0   0   0   0   0   0   0  31  60   0   0   0   1   0   0   0   0   6  1.81 0.91
   30 K     6  -3   0  -4  -4  -3  -5   1  -1  -5  -6   0  -5  -6  -6   1  -2  -5  -4  -4   58   2   5   1   0   1   0  11   1   0   0   6   0   0   0  10   2   0   1   1  1.14 0.74
   31 G    -3  -7  -3  -3  -6  -5  -6   7  -3  -7  -8  -6  -6  -7  -7  -2  -3  -5  -7  -9    2   0   1   2   0   0   1  86   1   0   0   0   0   0   0   3   2   0   0   0  2.36 1.15
   32 Q    -6  -2  -5  -5  -9   8  -4  -7  -3  -4   0  -1   3  -5  -8  -5  -6   2  -5  -6    0   2   0   1   0  70   1   0   1   1  10   3   5   0   0   1   0   3   1   1  2.20 1.21
   33 G    -3  -3   2   2  -5   0  -3  -3   7  -6  -6   0  -4  -3   2   2   0   1   1  -5    2   1  10   9   0   4   1   2  27   0   0   5   0   1  10  14   5   2   5   0  0.85 0.58
   34 A     5  -1  -4  -2  -6   0   1  -3  -2  -4  -5   1  -3  -4   2   0  -3  -4   0  -2   42   3   1   3   0   4  10   2   1   1   0  10   1   1  10   6   1   0   3   3  0.68 0.53
   35 E     2  -1   0   4  -6   1   3  -1  -3  -3  -4  -1  -3  -5  -2   0   0   4  -4  -3   17   3   3  21   0   6  17   5   0   1   2   4   1   0   2   5   6   5   0   2  0.47 0.40
   36 E    -5  -4  -5  -2  -9  -2  -1  -8  -3  -5  -5  -2  -6  -2  -9  -6  -4  -3  10  -5    1   1   1   3   0   2   5   0   0   1   1   3   0   1   0   1   1   0  77   1  2.75 1.32
   37 L    -4  -4  -6  -8  -4  -6  -7  -8  -5   5   5  -7   1   0  -7  -4   2  -7  -5   1    1   1   0   0   0   0   0   0   0  25  43   0   3   3   0   1  12   0   0   8  1.12 0.64
   38 Y     2  -2  -4  -3  -5  -1   2  -4  -3   2   0   0  -1   0  -5  -2  -1  -3   3   3   15   2   0   1   0   3  13   0   0  10  10   6   1   3   0   2   4   0   9  18  0.31 0.30
   39 K     2   2   1  -1  -5   1   1  -2   1  -3  -3   3  -1  -4  -4   1   0  -2  -3  -2   16   9   7   4   0   7   8   2   4   1   3  18   1   1   0   8   6   1   1   2  0.31 0.30
   40 K     3  -1  -4  -2  -8   7  -2  -6  -5  -5  -5  -1  -2  -5  -7   0  -1  -3  -5  -4   22   3   0   2   0  51   2   0   0   1   1   4   1   0   0   6   4   0   0   1  1.44 0.91
   41 M    -6  -8  -9 -10  -7  -8  -9 -10  -9   0   6  -8   5  -3  -9  -6  -5  -8  -5  -3    0   0   0   0   0   0   0   0   0   4  78   0  14   1   0   1   0   0   0   1  2.13 1.06
   42 K    -3   2   1  -3  -6   2   0  -4   2  -2  -1   5   1  -5  -6  -3   1  -4  -3  -2    2   9   7   1   0   9   5   1   5   3   6  34   3   0   0   1   9   0   1   3  0.62 0.48
   43 G     4  -3   0   3  -6  -1   1   2  -1  -5  -2  -2  -1  -5  -5  -1  -3   0  -3  -4   34   1   5  18   0   3   7  13   1   0   4   3   2   0   0   5   1   1   1   1  0.58 0.46
   44 Y    -8  -6  -9 -10  -9  -9  -9 -10  -6   0  -5  -9  -2   7 -10  -9  -7   5   8  -6    0   1   0   0   0   0   0   0   0   6   1   0   1  41   0   0   0   6  44   0  2.59 1.21
   45 A    -1   6  -4  -6  -9   3  -5  -7  -2  -6  -6   6  -5  -7  -7  -4  -5  -8  -6  -7    5  37   1   0   0  10   0   0   1   0   1  42   0   0   0   1   0   0   0   0  1.71 0.95
   46 D     2  -2   2   4  -5  -1   1  -3  -2  -5  -5  -1  -3  -5  -5   3   0  -5  -5  -5   16   2  11  21   0   3   8   1   1   0   1   4   1   0   0  24   6   0   0   1  0.67 0.51
   47 G    -4  -3  -2  -1  -8  -3  -4   7  -4  -9  -7  -1  -6  -7  -7  -4  -6  -8  -6  -7    1   2   2   3   0   1   1  81   1   0   1   4   0   0   0   1   0   0   0   0  2.11 1.05
   48 S     1   0  -2   0  -5   1   3  -3  -2  -1  -4   2  -3  -5  -2   1   3  -4  -3  -1   11   5   2   4   0   6  17   2   1   3   1  12   0   0   1  10  19   0   1   4  0.36 0.34
   49 Y    -4   8  -4  -4  -8  -2  -3  -5  -3  -4  -3  -2  -5  -3  -5  -4  -3  -5   2  -4    2  71   1   1   0   2   1   1   1   1   3   2   0   1   1   1   2   0   6   1  1.92 0.99
   50 G     1   0   3  -1  -3  -1  -1   2   1  -2  -3   1  -2  -3  -1   0   1  -1  -3  -1   10   5  13   3   0   2   3  18   3   3   2   8   1   1   3   8   9   1   1   6  0.20 0.18
   51 G    -1  -2   6   0  -4  -2  -2   4   0  -4  -4  -1  -3  -4  -2  -1  -1  -4  -2  -3    5   3  33   5   0   2   2  27   2   1   2   3   1   1   2   4   4   0   1   2  0.79 0.44
   52 E     1   2  -1   4  -3  -2   0   2   0  -3  -3  -1  -3  -3   2  -1  -2  -3  -2  -2   10  10   3  21   0   2   5  14   3   1   2   4   1   1  11   5   3   0   1   2  0.35 0.24
   53 R    -1   0   1  -1  -3   2  -1  -1  -1  -2  -1   1   3  -2   3   0  -2  -3  -1  -2    6   4   8   3   0  10   3   5   2   2   7   9   9   1  16   6   2   0   2   3  0.24 0.22
   54 K     1  -1   4   0  -4  -1  -1   0   2  -4  -3   1  -1  -3  -2   2  -1  -3  -1  -3   13   2  22   4   0   3   3   8   4   1   2  10   2   1   2  14   4   0   2   1  0.36 0.29
   55 A     3  -2   0   0  -3   0  -1   2  -2  -3  -3  -1  -1  -4   2   0   2  -5  -3  -2   27   2   4   6   0   3   4  13   1   1   2   4   2   1  10   5  11   0   1   3  0.33 0.29
   56 M    -2  -4  -5  -3  -5   0  -3  -5  -5   4   2  -4   5  -4  -3  -4   1  -4  -3   3    4   1   0   1   0   4   1   1   0  24  15   1  15   0   2   1   7   0   1  20  0.76 0.47
   57 M    -8  -9  -9 -10  -9  -6  -7  -8  -9  -5  -5  -9  12  -6 -10  -9  -8  -9  -5  -5    0   0   0   0   0   0   0   0   0   0   0   0  96   0   0   0   0   0   1   1  4.39 1.87
   58 T     1   3   1  -2  -5   2  -2   0   2  -2  -3   2   0  -3  -2   0   0   1   0  -1   11  14   5   1   0  11   2   8   5   2   1  13   3   1   2   6   7   2   3   4  0.25 0.26
   59 N     2   1  -1   1  -5   1  -2   3  -1  -3  -4  -1   0  -5   3   0   0  -4  -4  -3   16   7   3   7   0   6   2  21   1   1   1   3   3   0  14   5   5   0   1   2  0.37 0.33
   60 A    -2  -4  -2  -6  -6   4  -4  -6   1   5  -1  -4   4   0  -5  -4  -2  -6  -2   3    3   1   2   0   0  21   1   0   3  28   4   1  10   5   0   1   2   0   1  17  0.89 0.58
   61 V     6  -7  -7  -6  -3  -6  -5  -5  -7   0  -2  -5   2  -6  -6  -1  -2  -8  -7   3   60   0   0   0   0   0   0   0   0   4   4   1   5   0   0   4   3   0   0  18  1.38 0.83
   62 K     3   1  -2  -2  -6   2   0  -1  -1  -4  -4   4   0  -4  -4   1  -1  -5  -4  -4   22   7   2   3   0   8   5   4   2   1   1  29   2   1   1   9   4   0   1   1  0.55 0.44
   63 K     0   2   2  -1  -5   0  -2   2  -1  -5  -3   3  -1  -5   1   0   0  -5  -4  -4    9  12   9   3   0   4   1  17   1   0   2  17   2   0   6   7   6   0   0   1  0.36 0.32
   64 Y    -6  -6  -8  -9  -7  -7  -8  -9  -4  -3   6  -5   5   1  -8  -6  -6  -4   3  -2    0   0   0   0   0   0   0   0   0   1  65   1  14   6   0   0   0   0   9   3  1.70 0.89
   65 S    -4  -6   1  -1  -7  -5  -4  -5  -5  -7  -7  -3  -6  -7  -4   6   4  -9  -7  -6    1   0   6   4   0   0   1   1   0   0   0   1   0   0   1  58  26   0   0   0  1.63 1.00
   66 D    -2  -4   0   7  -9  -2   3  -6  -3  -7  -7  -2  -5  -7   0  -4  -4  -9  -5  -6    3   1   4  63   0   2  15   1   1   0   1   2   0   0   4   1   1   0   0   1  1.75 0.94
   67 E     3  -1  -2   2  -7   4   4  -4  -3  -6  -6   0  -3  -6  -3  -1  -2  -7  -5  -5   22   3   1  11   0  18  27   1   0   0   0   6   1   0   1   4   2   0   0   1  0.80 0.59
   68 E    -3  -5  -4   6  -9   3   5  -7  -5  -8  -8  -5  -6  -7  -7  -5  -4  -9  -3  -7    2   0   1  44   0  12  38   0   0   0   0   0   0   0   0   0   1   0   1   0  1.82 1.00
   69 L    -4  -3  -7  -8  -6  -6  -7  -8  -8   7   1  -6   6  -2  -8  -6  -4  -5  -4  -1    1   2   0   0   0   0   0   0   0  57  14   1  17   1   0   0   1   0   0   3  1.80 0.89
   70 K     2   2  -1   1  -6   2   3  -4  -1  -4  -4   4  -4  -6  -4  -2  -2  -5  -5  -2   17  11   3   8   0   8  17   1   1   1   1  22   0   0   0   3   3   0   0   2  0.56 0.45
   71 A     5  -4   2   4  -6  -1   0  -4  -3  -3  -2  -4  -3  -6  -5  -1  -3  -7  -6  -3   45   1   9  22   0   3   5   1   1   2   4   1   1   0   0   4   2   0   0   1  0.95 0.64
   72 L    -5  -7  -8  -8  -6  -7  -8  -8  -8   4   5  -7   2  -3  -8  -7  -5  -7  -6   5    1   0   0   0   0   0   0   0   0  20  43   0   4   1   0   0   0   0   0  32  1.48 0.77
   73 A     7  -7  -5  -6  -4  -6  -5  -2  -7  -4  -6  -6  -5  -8  -7   2  -4  -8  -7  -3   75   0   1   0   0   0   0   2   0   1   1   0   0   0   0  16   1   0   0   2  1.86 1.03
   74 D     4  -2   1   3  -5   0   1  -2  -1  -5  -5   0  -4  -5  -5   0  -1  -4  -2  -3   35   2   5  16   0   4  10   2   2   0   1   6   0   0   0   7   4   0   2   2  0.59 0.46
   75 Y    -6  -6  -7 -10  -7  -5  -9 -10   2  -7  -6  -7  -6   3 -10  -7  -5   5  10  -7    1   0   0   0   0   1   0   0   4   0   0   0   0   8   0   0   1   7  77   0  3.13 1.40
   76 M    -4  -7  -8  -8  -6  -5  -7  -8  -6   5   2  -7   1   5  -8  -6  -5  -3   5   1    2   0   0   0   0   1   0   0   0  29  17   0   4  21   0   0   0   0  17  10  1.25 0.66
   77 S     5  -5  -2  -4  -6   1   0   0  -1  -6  -6  -5  -5  -6  -3   4  -2  -7  -4  -4   41   0   2   1   0   6   5   8   2   0   0   0   0   0   1  30   2   0   1   1  0.98 0.68
   78 K    -1  -1  -1  -4  -6   1  -3   4  -4  -6  -6   1  -5  -6  -6   4   2  -7  -4  -5    4   3   2   0   0   6   1  28   0   0   0  10   0   0   0  30  14   0   1   0  0.86 0.60
   79 L    -7  -7  -9  -9  -6  -7  -8  -9  -8   0   7  -8   3   0  -8  -8  -6  -7  -6  -1    0   0   0   0   0   0   0   0   0   5  82   0   6   4   0   0   0   0   0   3  1.98 0.93

                      K         Lambda
Standard Ungapped    0.1271     0.3093
Standard Gapped      0.0607     0.2670
PSI Ungapped         0.1982     0.3176
PSI Gapped           0.0607     0.2670
