
Last position-specific scoring matrix computed, weighted observed percentages rounded down, information per position, and relative weight of gapless real matches to pseudocounts
            A   R   N   D   C   Q   E   G   H   I   L   K   M   F   P   S   T   W   Y   V   A   R   N   D   C   Q   E   G   H   I   L   K   M   F   P   S   T   W   Y   V
    1 M    -5  -6  -7  -8  -6  -5  -6  -7  -6  -1   2  -6  11  -4  -7  -6  -5  -6  -5  -3    0   0   0   0   0   0   0   0   0   2  17   0  81   0   0   0   0   0   0   0  2.63 0.87
    2 A     2  -3  -1   3  -3  -3  -2   0  -4  -2   0  -3  -2  -1  -2   2  -1  -5  -2   2   22   1   1  16   0   0   1   6   0   1  11   0   0   3   1  19   3   0   1  15  0.27 0.25
    3 S     0   0  -1   1  -4   1   0  -1  -2  -4  -4   2  -1  -3   0   5   0  -5  -4  -4    7   4   2   6   0   5   4   3   1   1   1  12   2   1   3  43   5   0   0   0  0.50 0.35
    4 Q     0  -3  -3  -3  -3   1  -2  -3   0   2   1  -2   7  -1  -5   0  -2  -5  -4   2    8   1   1   1   0   8   3   2   2  12   9   1  30   2   0   6   2   0   0  11  0.54 0.37
    5 V    -3  -6  -6  -5  -2  -5  -5  -7  -6   5   4  -6   3   3  -6  -5  -3  -5  -3   3    2   0   0   1   1   0   1   0   0  27  32   0   6  12   0   0   1   0   0  18  0.89 0.44
    6 G     2  -2   0   3  -5  -3  -1   5  -4  -6  -5  -1  -5  -6  -3   0  -3  -6  -6  -6   17   2   4  14   0   1   4  46   0   0   1   3   0   0   1   7   1   0   0   0  0.89 0.47
    7 A     2  -3  -2  -3  -4  -2  -4   3  -3   1   0  -3   4   1  -3   2   0  -3  -2   0   15   1   2   1   0   1   0  20   0   7   8   1  12   5   1  14   5   0   1   6  0.30 0.27
    8 I    -4  -5  -7  -7  -6  -4  -6  -5  -6   5   3  -6   6   5  -7  -4  -4  -3  -4   1    1   1   0   0   0   1   0   1   0  25  25   0  15  20   0   1   1   0   0   9  1.10 0.55
    9 N    -1   0   1   3  -4  -1   0   1   0  -2  -2   0  -2  -1   3   1   0  -5  -3  -1    5   5   7  15   0   2   5   9   3   2   4   4   0   2  12  10   6   0   0   6  0.19 0.18
   10 S     0   1   0  -1  -4  -1  -1   1  -2   0   0   1  -1   2  -1   2   0  -4  -1  -1    6   7   5   2   0   1   3   9   0   6   8  11   1  11   3  15   6   0   2   4  0.09 0.14
   11 V    -2  -6  -5  -7  -5  -3  -6  -6  -6   4   4  -5  -1   3  -6  -3  -3  -3   0   3    3   0   0   0   0   1   0   1   0  18  39   0   1   9   0   2   1   0   3  20  0.88 0.47
   12 N     0   2   2   1  -4   0  -1  -1  -1  -1   0   2  -2   0  -3   1   0  -3  -3  -1    7  10   9   7   0   3   1   4   1   3   9  14   0   6   1  12   7   0   0   5  0.13 0.16
   13 A     1  -1   1   0  -3   0  -1   1  -1  -4  -4   3  -2  -3  -2   3  -1  -3   1  -3   13   3   6   6   0   4   2  12   1   1   1  18   1   1   2  20   2   0   6   1  0.31 0.29
   14 L     0  -2  -4  -4  -4  -4  -4  -4  -2   1   3  -1   2   5  -4  -2  -2  -1   3  -1    8   3   1   1   0   1   1   1   1   6  31   4   5  19   1   3   3   1   9   3  0.48 0.32
   15 I    -1  -2  -4  -4  -4  -1  -4  -4  -4   4   4  -2   0   2  -4  -3  -2   0  -1   2    4   2   0   1   0   3   1   1   0  21  32   2   1   8   1   2   2   1   1  14  0.52 0.33
   16 S    -1   3   1   0  -3   0  -1   1   0  -4  -2   4  -4  -4  -3   2   0  -5  -4  -4    3  17   5   4   0   4   2  11   2   1   4  21   0   1   1  16   5   0   0   1  0.38 0.30
   17 R     0   2   0  -2  -4  -1  -1  -1   0   0  -1   2  -2   0   0   1  -1   0   1  -1    8  13   5   1   0   2   2   5   3   5   6  17   0   5   4  10   4   2   5   5  0.11 0.15
   18 V     0   0  -2  -2  -2  -2  -2  -4  -1   2   2  -1   0   1  -1   0  -1  -1  -2   2    8   5   1   3   0   2   2   1   2  15  20   3   1   7   2   9   3   1   0  16  0.16 0.17
   19 F    -1   1   0   0  -1   0   0  -2   3  -2  -2   3  -2   1  -2   1   0  -3   1  -2    3   9   3   5   2   4   3   3   9   2   4  20   0   7   1  10   6   0   5   3  0.18 0.19
   20 V    -1   0  -1  -2  -3   0  -1  -1  -1   1  -1   2  -2  -2   4   0   0  -3  -1   1    3   5   3   1   0   3   3   4   1   9   6  15   1   2  20   7   5   0   2  10  0.25 0.20
   21 Q    -1   3  -1   0   0   2  -1  -2   1  -1  -1   1  -2  -3  -2   1   0  -2   0   0    5  20   2   6   2  12   2   3   4   3   4   6   0   0   1   9   6   0   4   8  0.18 0.18
   22 P    -1   0   1   0  -1   0  -1   0   2   0  -1   0  -1  -1   2   0   1  -3   2  -1    5   6   7   4   1   4   3   7   5   6   5   4   1   3  12   6   9   0   8   4  0.09 0.09
   23 K    -2  -3  -1   5  -2  -2   0  -3  -3   2   0  -1  -1  -1  -3  -1  -1  -4   1   0    4   1   2  39   1   1   5   2   0  13   8   3   1   2   1   3   4   0   5   6  0.47 0.33
   24 G    -3  -3   1   7   0  -2   3   1  -1  -5  -5  -2  -5  -5  -5  -2  -2  -4  -2  -3    2   1   5  51   2   1  15  10   1   1   1   1   0   0   0   2   2   0   2   2  0.97 0.52
   25 D    -4  -4   4   8  -3  -4  -2  -3  -4  -5  -6  -4  -6  -5  -4  -1  -2  -7  -5  -4    1   0  18  66   1   0   1   1   0   1   1   0   0   0   1   5   2   0   0   1  1.62 0.73
   26 L    -1  -1  -2  -4  -3  -3  -3  -2  -1   1   1  -3   0   6  -1   0  -1   4   2   0    6   3   2   0   0   1   1   4   1   7  11   1   2  32   3   6   4   5   5   6  0.38 0.28
   27 A     2  -5  -3  -5   0  -4  -4  -3  -5   4  -1  -4   1  -1  -3  -1   0  -5  -2   4   16   0   1   0   2   0   0   1   0  25   1   0   3   3   1   5   6   0   1  35  0.59 0.39
   28 D    -3  -6  -2   8  -4  -3  -2  -4  -3  -4  -4  -5  -6   5  -6  -4  -5  -2  -2  -5    2   0   1  67   0   1   1   1   0   1   2   0   0  21   0   1   0   1   1   0  1.68 0.77
   29 R    -4   7  -1  -5  -4   0  -3  -4   1  -5  -5   3  -5  -3  -5  -2  -1  -1  -3  -4    1  62   2   0   0   4   0   1   3   0   1  16   0   1   0   3   3   1   1   1  1.33 0.66
   30 L    -2  -5  -6  -6   1  -5  -6  -3  -5   2   6  -5   3   1  -6  -4  -3  -2  -1   0    2   0   0   0   3   0   0   2   0   8  64   0   7   4   0   1   1   1   2   5  0.96 0.51
   31 N    -4  -3   7  -3  -2  -3  -4  -5   8  -4  -4  -3  -3  -1  -5   1  -3  -6  -2  -2    1   1  42   0   1   0   0   0  33   1   1   1   0   3   0  10   1   0   1   3  1.42 0.71
   32 S    -3   0  -2  -5   1  -1  -4  -4   5  -5  -3  -4  -4   3  -6   1  -1   0   8  -4    1   4   2   0   3   2   0   1  11   0   2   0   0   8   0  11   3   1  49   1  1.26 0.64
   33 R    -2   2  -2  -2  -1   1  -2  -3   0  -1   0   2   0   2  -3  -1  -1   2   3   0    2  15   1   2   2   9   1   1   2   3  11  12   1   8   1   5   3   3  10   7  0.17 0.19
   34 V     0  -3  -4  -5   1  -4  -3  -2   1   1   0  -3   0   3  -5  -3  -2   4   6   1    8   1   0   0   3   0   2   3   3   8   8   1   2  13   0   1   2   6  28  13  0.53 0.34
   35 T    -1  -3  -2  -3  -1  -4  -3  -4  -2  -4  -3  -2   0  -4  -4   2   7  -5  -5  -2    4   1   1   1   1   0   1   0   1   0   2   1   2   1   0  12  70   0   0   1  1.27 0.68
   36 V     1  -4  -1  -4   1  -3  -3  -2  -4   0  -1  -3   0   0   2   1   2  -2  -2   4    9   0   3   0   3   0   0   2   0   4   2   0   2   5  10  13  11   1   1  31  0.31 0.29
   37 V     1  -2   0  -3   0  -2  -3  -1  -3   2   1  -2   2   0  -2  -1   1   2   1   1   12   1   5   1   2   1   0   5   0  12  17   2   6   4   1   4   9   3   5  10  0.10 0.13
   38 I    -2  -4  -4  -5   0  -3  -4  -3   1   4   3  -4   2   2  -4  -3  -2   0  -2   2    2   0   0   0   2   1   0   2   4  28  30   0   5   8   0   1   1   1   0  11  0.50 0.31
   39 L    -2  -4  -3  -5  -1  -4  -5  -5  -1   1   5  -4   1   4  -3  -3  -3  -3  -1  -1    3   0   1   0   1   0   0   0   2   8  57   0   3  15   1   1   1   0   1   3  0.76 0.42
   40 A     0  -3  -2  -4   0  -3  -4  -2  -1   2   3  -3   2   2  -4  -1  -1  -1  -1   2    8   0   2   0   2   0   0   3   2  12  30   1   5   7   0   4   3   1   1  16  0.28 0.22
   41 V     1  -2  -3  -4   1  -3  -3  -1  -1   2   2  -3   1   3  -3  -1   0   0  -1   2   14   2   0   0   4   0   0   5   2  13  19   0   3  13   0   4   6   1   0  12  0.20 0.19
   42 S     0  -2  -3  -4   5  -4  -3  -1  -3  -1   1  -2   2   5  -4  -1  -1   0   1  -1    7   2   1   0  12   0   1   6   0   3  15   2   6  28   0   6   3   1   3   3  0.44 0.31
   43 S     3  -3   0  -3   2  -2  -3   0  -3  -1  -2  -3   0  -1  -3   3   1   1  -1  -1   29   0   3   0   5   1   0   5   0   3   3   0   3   3   0  25   9   2   2   4  0.37 0.32
   44 A     0  -4  -3  -4   1  -3  -2   0  -4   3   2  -3   1   1  -4   0   1  -3  -2   2    7   0   0   0   3   0   2   7   0  21  20   0   3   7   0   6   8   0   0  14  0.26 0.21
   45 L    -1  -1  -3  -4   0   0  -3  -2  -3   3   2  -3   1   1  -1  -1   1  -3   0   1    5   5   0   0   2   4   0   3   0  16  24   0   4   7   3   3   9   0   3  10  0.19 0.19
   46 L    -1  -1  -1  -3   1  -2  -3  -1   0   2   0  -1   1   1  -1   0   0   2   0   2    4   3   4   0   3   0   0   4   3  12   9   3   3   6   3   9   6   3   3  21  0.11 0.15
   47 L     0  -2   0  -3   3   1  -2   0  -2   0   0   0   2   1  -3   0   0   4   1   0    7   0   7   0   6   7   0   7   0   7   7   7   6   6   0   7   7   6   6   7  0.10 0.14
   48 S     3  -2  -1  -7   2  -1  -2   0  -1  -1  -1  -3   1   1  -3   2   2   2   2  -2   19   3   3   0   4   3   3   7   2   3   5   2   3   5   2  12  12   2   6   3  0.27 0.24
   49 S    -2   1   1  -1   1   0  -2  -2   2  -1  -2   4   2   0  -1   0   0   3  -1  -2    4   8   7   3   3   3   3   3   4   4   4  19   4   3   4   6   7   4   3   3  0.24 0.21
   50 H    -1   0   0   0   3   0   0  -1   2   0  -1   0   2   1   0  -1   0   4   1  -1    5   5   5   5   5   5   5   5   5   5   5   5   5   5   5   5   5   5   5   5  0.09 0.08
   51 F     0  -3   0   0   2   0  -2  -1   2   0  -1  -2   1   1   0   0   0   4   1   0    6   0   5   6   5   5   0   6   5   6   6   0   5   5   6   6   6   5   5   6  0.05 0.16
   52 I     0  -2   0   0  -3   0   0  -1   2   0  -1   0   1   1   1   0   0   4   1   0    6   0   5   6   0   5   6   6   5   6   6   6   5   5   6   6   6   5   5   6  0.07 0.11
   53 G     0   0   0   0   2  -1   0  -1   2   0  -1   0   1   1  -3   0   0   4   1   0    6   6   5   6   5   0   6   6   5   6   6   6   5   5   0   6   6   5   5   6  0.06 0.11
   54 D     0   0   0   0  -3   1   0   0   2   0  -1   0   1   0   1   0   0  -2   1   0    6   6   5   6   0   5   6   6   5   6   6   6   5   5   6   6   6   0   5   6  0.03 0.06
   55 P     0   0   1   0  -3   1   0   0   2   0  -1   0   1   0   1   0   0  -3  -1   0    6   6   6   6   0   6   6   6   6   6   6   6   6   6   6   6   6   0   0   6  0.04 0.07
   56 I    -1  -2  -2  -2  -2  -2  -2  -2  -2   2   1  -2   2   2   3   0  -1  -2  -1   1    1   1   1   1   0   1   1   1   0  13  14   1  13  13  13  13   1   0   0  13  0.17 0.07
   57 T     0   1   0   0  -3   2   1  -1   1  -1  -2   1   0  -1  -2   1   0  -3   0  -1    6   7   4   5   0  11  11   4   4   3   4   9   3   3   0  10   7   0   4   4  0.11 0.10
   58 C    -1  -2  -2  -2   4  -2  -2  -2   3   1  -1  -2  -1   2  -2   0  -1  -1   3   1    1   1   1   1  13   1   1   1  13  13   1   1   0  13   1  13   1   0  13  13  0.18 0.08
   59 W     0   0   0   0  -3   1   0  -1   2   0  -1   0   1   1  -3   0   0   4   1   0    6   6   5   6   0   5   6   6   5   6   6   6   5   5   0   6   6   5   5   6  0.06 0.10
   60 T    -1  -2   0  -4   1  -1  -2  -2   2   1  -1  -2   1   0  -1   1   2  -4  -1   3    5   2   5   0   3   2   2   3   5   9   6   2   3   4   2  11  13   0   1  21  0.20 0.23
   61 P    -2  -3   1   3  -6  -1  -1   0   1  -2  -3  -1  -1  -6   6  -1  -1  -6  -1  -3    4   2   6  12   0   2   4   6   3   3   3   4   2   0  36   4   4   0   2   2  0.73 0.51
   62 A     1  -1   1   1  -3   0   0   1   0  -1  -2   0   0  -1   0   0   0   1  -1  -1   15   3   6   7   0   4   5  10   3   3   4   6   3   2   5   8   7   2   2   4  0.07 0.11
   63 Q    -1  -1   0   1  -6   3   2  -1   3  -1  -2   0   1  -1   0   0  -1  -6   0  -1    6   3   4   7   0  10  13   6   6   4   4   6   3   3   5   7   4   0   4   5  0.16 0.15
   64 F    -1   0   0   0   3   0   0  -1   2   0  -1   0   2   1   0  -1   0   4   1  -1    5   5   5   5   5   5   5   5   5   5   5   5   5   5   5   5   5   5   5   5  0.09 0.08
   65 N     0   0   0   0  -3   1   0   0   2   0  -1   0   1   0   1   0   0  -2   1   0    6   6   5   6   0   5   6   6   5   6   6   6   5   5   6   6   6   0   5   6  0.03 0.06
   66 A     0   0   0   0   2   0   0  -1   1   0  -1   0   1   0   0   0   0  -3   1   0    5   5   5   5   5   5   5   5   5   5   5   5   5   5   5   5   5   0   5   5  0.03 0.05
   67 Q    -1   0   0   0   3   0   0  -1   2   0  -1   0   2   1   0  -1   0   4   1  -1    5   5   5   5   5   5   5   5   5   5   5   5   5   5   5   5   5   5   5   5  0.09 0.08
   68 W    -1   0   0   0   3   0   0  -1   2   0  -1   0   2   1   0  -1   0   4   1  -1    5   5   5   5   5   5   5   5   5   5   5   5   5   5   5   5   5   5   5   5  0.09 0.08
   69 V     0   0   0   0   2   0   0  -1   1   0  -1   0   1   0   0   0   0  -3   1   0    5   5   5   5   5   5   5   5   5   5   5   5   5   5   5   5   5   0   5   5  0.03 0.05
   70 N     0   0   0   0  -3   1   0   0   2   0  -1   0   1  -2   1   0   0   4   1   0    6   6   5   6   0   5   6   6   5   6   6   6   5   0   6   6   6   5   5   6  0.07 0.10
   71 F     0  -2   1   0  -3   1  -1   0   2   0   0   0   1   1   1   0   0  -2   1   0    6   0   6   6   0   6   0   6   6   6   6   6   6   6   6   6   6   0   6   6  0.05 0.10
   72 V     0   0   0  -2   2  -1   0   0  -2   0   0   0   1   1   1   0   0  -2   1   0    6   6   6   0   6   0   6   6   0   6   6   6   6   6   6   6   6   0   6   6  0.04 0.09
   73 N     0   0   0   0   2   1   0   0   2   0  -1   0   1   0  -3   0   0  -2   1   0    6   6   5   6   5   5   6   6   5   6   6   6   5   5   0   6   6   0   5   6  0.03 0.07
   74 Q    -1   0   0   0   3   0   0  -1   2   0  -1   0   2   1   0  -1   0   4   1  -1    5   5   5   5   5   5   5   5   5   5   5   5   5   5   5   5   5   5   5   5  0.09 0.08
   75 Y     0   0   0   0  -3   1   0  -3   2   0  -1   0   1   1  -3   0   0   4   1   0    6   6   6   6   0   6   6   0   6   6   6   6   6   6   0   6   6   6   6   6  0.09 0.13
   76 C    -1  -1  -5  -5  10  -4  -2  -3  -5  -4  -1  -2   1  -1  -1  -2  -1  -5  -1  -2    4   4   0   0  55   0   3   3   0   0   5   3   3   3   4   3   4   0   2   3  1.51 0.68
   77 F    -2  -2  -4  -4  -4   0  -2  -2   1  -1   1  -4   0   2  -5  -2   0   9   2   0    3   3   0   0   0   6   3   3   3   3  17   0   2  10   0   2   7  24   7   7  0.68 0.40
   78 V     0  -2  -2  -2  -3  -1  -2  -3   0   4  -1  -2   1   1  -2  -1   2   1   0   2    7   2   2   2   0   3   2   2   2  25   4   2   3   6   2   4  12   2   3  15  0.24 0.25
   79 H    -1   1   1  -1  -4   2   0  -1   4  -1  -2   0   1  -1  -1   1   1  -4   1  -2    4   7   6   3   0   9   6   4  12   3   3   4   4   3   3  10  11   0   4   3  0.17 0.21
   80 G    -1  -1   3   1   1   0   0   2   1  -2  -2  -1  -3  -1   0   2   0  -4   0  -2    4   3  14   6   3   4   5  17   3   3   3   4   0   3   4  15   4   0   3   3  0.17 0.20
   81 T    -1   0  -1  -1  -4  -1  -2  -2   0  -2  -2  -2   2  -1  -2   0   6  -5   0  -1    4   6   3   4   0   2   2   2   2   2   4   3   4   2   2   5  44   0   4   4  0.55 0.48
   82 Y    -3  -2  -2  -3  -5  -2  -2  -2   0   2  -1  -5   0   5  -6  -3  -2   2   7  -2    2   2   2   2   0   2   3   4   2   9   6   0   2  19   0   2   3   2  35   3  0.88 0.55
   83 F    -1   0   0   0   3   0   0  -1   2   0  -1   0   2   1   0  -1   0   4   1  -1    5   5   5   5   5   5   5   5   5   5   5   5   5   5   5   5   5   5   5   5  0.09 0.08
   84 V    -1   0   0   0   3   0   0  -1   2   0  -1   0   2   1   0  -1   0   4   1  -1    5   5   5   5   5   5   5   5   5   5   5   5   5   5   5   5   5   5   5   5  0.09 0.08
   85 P     0   0   0   0   2   0   0  -1   1   0  -1   0   1   0   0   0   0  -2   1   0    5   5   5   5   5   5   5   5   5   5   5   5   5   5   5   5   5   0   5   5  -0.00 0.06
   86 L    -2  -1   1   0   1   0  -1  -1   2  -1  -1   0   3   2   1  -1  -1   2   1  -1    3   4   7   5   3   3   5   5   5   4   6   5   6   8   6   5   4   3   4   4  0.05 0.11
   87 D    -1   0   0   0   2   0  -1  -1   2   0  -1   0   2   0   0  -1   0   4   1  -1    5   5   5   5   5   5   5   5   5   5   5   5   5   5   5   5   5   5   5   5  0.03 0.09
   88 Q    -1  -1   1   1   1   1   2   0   1  -2  -3   0   1   0   0  -1  -1   2   0  -2    4   3   6   8   3   5  12   8   4   3   3   5   3   4   5   5   4   3   3   4  0.06 0.13
   89 Q    -1   0   0   0   3   0   0  -1   2   0  -1   0   2   1   0  -1   0   4   1  -1    5   5   5   5   5   5   5   5   5   5   5   5   5   5   5   5   5   5   5   5  0.09 0.08
   90 L     0   0   0   0   2   0   0  -1   1   0  -1   0   1   0   0   0   0  -3   1   0    5   5   5   5   5   5   5   5   5   5   5   5   5   5   5   5   5   0   5   5  0.03 0.05
   91 A    -1   0   0   0  -3   0   0  -1   2   0  -1   0   1   0   0   0   0   3   1   0    5   5   5   5   0   5   5   5   5   5   5   5   5   5   5   5   5   5   5   5  0.06 0.08
   92 F    -1   0   0   0   3   0   0  -1   2   0  -1   0   2   1   0  -1   0   4   1  -1    5   5   5   5   5   5   5   5   5   5   5   5   5   5   5   5   5   5   5   5  0.09 0.08
   93 E    -1   0   1   2  -6   0   1   0   2  -1  -3  -1   1   1   1   0   0   2   0  -1    5   4   7  11   0   4  10   6   4   3   3   4   3   5   6   7   6   3   3   4  0.13 0.13
   94 E    -1   0   0   0   3   0   0  -1   2   0  -1   0   2   1   0  -1   0   4   1  -1    5   5   5   5   5   5   5   5   5   5   5   5   5   5   5   5   5   5   5   5  0.09 0.08
   95 E    -1   0   0   0  -3   0   0  -1   2   0  -1   0   1   0   0   0   0   3   1   0    5   5   5   5   0   5   5   5   5   5   5   5   5   5   5   5   5   5   5   5  0.06 0.08
   96 E    -1   0   0   1   0   1   1  -1   2  -1  -2  -1   1   0  -1  -1   0   2   2  -1    6   6   5   8   2   5   9   6   5   4   4   4   4   3   4   5   5   3   6   5  0.05 0.08
   97 R    -1   0   0   0   3   0   0  -1   2   0  -1   0   2   1   0  -1   0   4   1  -1    5   5   5   5   5   5   5   5   5   5   5   5   5   5   5   5   5   5   5   5  0.09 0.08
   98 T    -2   1   0   1   1   0   3  -2   2  -1  -3   1   1  -1   0  -1  -1   2   0  -1    4   8   4   8   3   4  18   3   4   4   3   8   3   3   5   5   4   3   3   4  0.18 0.18
   99 K    -1   0   0   0   3   0   0  -1   2   0  -1   0   2   1   0  -1   0   4   1  -1    5   5   5   5   5   5   5   5   5   5   5   5   5   5   5   5   5   5   5   5  0.09 0.08
  100 V    -1   0   0   0   3   0   0  -1   2   0  -1   0   2   1   0  -1   0   4   1  -1    5   5   5   5   5   5   5   5   5   5   5   5   5   5   5   5   5   5   5   5  0.09 0.08
  101 S    -1   0   0   0   3   0   0  -1   2   0  -1   0   2   1   0  -1   0   4   1  -1    5   5   5   5   5   5   5   5   5   5   5   5   5   5   5   5   5   5   5   5  0.09 0.08
  102 I    -1  -1  -1  -1  -6   1  -1  -2   4   4   0  -1   2  -1  -1  -1  -1  -6   1   0    5   4   3   3   0   5   4   4   9  18  10   4   4   3   4   6   4   0   5   6  0.25 0.17
  103 Q    -1   0   0   0   3   0   0  -1   2   0  -1   0   2   1   0  -1   0   4   1  -1    5   5   5   5   5   5   5   5   5   5   5   5   5   5   5   5   5   5   5   5  0.09 0.08
  104 Y    -1   0   0   0  -3   0   0  -1   2   0  -1   0   1   0   0   0   0   3   1   0    5   5   5   5   0   5   5   5   5   5   5   5   5   5   5   5   5   5   5   5  0.06 0.08
  105 Y    -1   0   0   0   2   0  -1  -1   2   0  -1   0   2   0   0  -1   0   4   1  -1    5   5   5   5   5   5   5   5   5   5   5   5   5   5   5   5   5   5   5   5  0.03 0.09
  106 Q    -1   0  -1  -2   2   2   0  -2   2   2  -2   0   1   0  -2   0   0  -6   1  -1    4   5   3   3   4  10   6   4   4   9   4   7   3   4   3   7   6   0   5   4  0.07 0.13
  107 W    -1   0   0   0   2   0   0  -1  -2   0  -1   0   1   0   0   0   0   3   1   0    5   5   5   5   5   5   5   5   0   5   5   5   5   5   5   5   5   5   5   5  0.02 0.09
  108 V     0   0   0   0   2   0   0  -1   1   0  -1   0   1   0   0   0   0  -2   1   0    5   5   5   5   5   5   5   5   5   5   5   5   5   5   5   5   5   0   5   5  -0.00 0.06
  109 P    -1  -3  -1   1   2   0  -1  -1   1  -1  -2  -1  -3   0   4   0   0   2   0   0    4   0   3   8   5   5   3   4   3   4   4   3   0   5  18   8   6   3   4   6  0.17 0.23
  110 Y    -1   0   0   0   2   0  -1  -1   2   0  -1   0   2   0   0  -1   0   4   1  -1    5   5   5   5   5   5   5   5   5   5   5   5   5   5   5   5   5   5   5   5  0.03 0.09
  111 V    -1   0   0   0   2   0   0  -1   2   0  -1   0   1   0  -3   0   0   3   1  -1    5   5   5   5   5   5   5   5   5   5   5   5   5   5   0   5   5   5   5   5  0.03 0.10
  112 F    -1   0   0   0   2   0  -1  -1   2   0  -1   0   2   0   0  -1   0   4   1  -1    5   5   5   5   5   5   5   5   5   5   5   5   5   5   5   5   5   5   5   5  0.03 0.09
  113 A    -1   0   0   0   2   0  -2  -1   2   0  -1   0   1   0   0   0   0   3   1  -1    5   5   5   5   5   5   0   5   5   5   5   5   5   5   5   5   5   5   5   5  0.03 0.11
  114 L    -1  -1   0  -1   1   0  -1  -1   0   1   1  -2   1   2  -1  -1  -1   2   1   0    5   4   4   3   4   4   5   5   3   9  13   3   3   7   4   4   4   2   4   7  0.01 0.05
  115 Q     0   0   0   0   2   0   0  -3   2   0  -1   0   1   0   0   0   0  -3   1   0    5   5   5   5   5   5   5   0   5   5   5   5   5   5   5   5   5   0   5   5  0.02 0.10
  116 A     0   0   0   0   2   0   0  -1   1   0  -1   0   1   0   0   0   0  -2   1   0    5   5   5   5   5   5   5   5   5   5   5   5   5   5   5   5   5   0   5   5  -0.00 0.06
  117 F    -1   0   0   0   2   0  -1  -1   2   0  -1   0   2   0   0  -1   0   4   1  -1    5   5   5   5   5   5   5   5   5   5   5   5   5   5   5   5   5   5   5   5  0.03 0.09
  118 L    -1   0   0   0   2   0  -1  -1   2   0  -1   0   2   0   0  -1   0   4   1  -1    5   5   5   5   5   5   5   5   5   5   5   5   5   5   5   5   5   5   5   5  0.03 0.09
  119 F     0   0   0   0   2   0   0  -3   2   0  -1   0   1   0   0   0   0  -3   1   0    5   5   5   5   5   5   5   0   5   5   5   5   5   5   5   5   5   0   5   5  0.02 0.10
  120 Y    -3   0  -1  -2   1   0  -1  -3   2  -1  -1  -1   1   1  -2  -2  -1   5   5  -2    3   5   3   3   3   5   5   3   5   3   7   4   3   6   3   3   4   6  18   3  0.34 0.30
  121 I     0   0   0   0   2   0   0  -1   1   0  -1   0   1   0   0   0   0  -2   1   0    5   5   5   5   5   5   5   5   5   5   5   5   5   5   5   5   5   0   5   5  -0.00 0.06
  122 P     0   0  -2   0  -3   1   0  -3  -2   0   0   0   1  -2   1   0   0   4   1   0    6   6   0   6   0   6   6   0   0   6   6   6   6   0   6   6   6   6   6   6  0.06 0.14
  123 R    -2   3   1  -2   3   0  -2  -2   4  -2  -3   0   1   0  -1   0  -2   3   2  -2    4  15   6   3   5   4   3   3   7   3   3   6   3   3   3   7   3   3   6   4  0.20 0.23
  124 F    -1  -1  -1  -2   1  -1  -2  -3   0   2   1  -2   1   2  -2  -2  -2   6   2   0    5   3   3   3   3   3   3   3   3   9  13   3   3   9   3   3   3   9   6   7  0.21 0.20
  125 I    -1   0   0   0   2   0  -1  -1   2   0  -1   0   2   0   0  -1   0   4   1  -1    5   5   5   5   5   5   5   5   5   5   5   5   5   5   5   5   5   5   5   5  0.03 0.09
  126 W    -3  -1   0  -2   1  -1  -2  -2   1  -1  -2  -1   1  -1  -2  -8   0  10   0  -3    3   4   4   3   3   4   3   4   3   4   5   5   3   3   3   0   6  30   4   3  1.02 0.69
  127 K    -1   0   0   0   2   0  -1  -1   2   0  -1   0   2   0   0  -1   0   4   1  -1    5   5   5   5   5   5   5   5   5   5   5   5   5   5   5   5   5   5   5   5  0.03 0.09
  128 A     0   0   0  -2   1   1  -1  -2   1   0   0   0   2   1  -1   0   0   2   1   0    6   6   4   3   3   7   3   4   3   6   8   5   6   5   3   7   5   3   5   6  0.01 0.07
  129 M    -2  -2  -1  -2   3  -1  -2  -2   1   0   2  -2   3   2  -2  -2  -1   6   1   0    4   3   3   3   5   3   3   3   3   5  16   3   5   8   3   4   4   8   4   5  0.22 0.21
  130 I    -1  -2   3  -1   1   0   1  -2   2   0  -3  -2   1  -1  -2   2  -1   2   2  -2    6   3  11   3   3   4  10   3   5   5   4   3   3   3   3  12   4   2   6   3  0.12 0.19
  131 A    -1   0   0   0   2   0  -1  -1   2   0  -1   0   2   0   0  -1   0   4   1  -1    5   5   5   5   5   5   5   5   5   5   5   5   5   5   5   5   5   5   5   5  0.03 0.09
  132 Y    -1   0   0   0   2   0  -1  -1   2   0  -1   0   2   0   0  -1   0   4   1  -1    5   5   5   5   5   5   5   5   5   5   5   5   5   5   5   5   5   5   5   5  0.03 0.09
  133 S     0   0   0   0   2   0   0  -1   1   0  -1   0   1   0   0   0   0  -2   1   0    5   5   5   5   5   5   5   5   5   5   5   5   5   5   5   5   5   0   5   5  -0.00 0.06
  134 G    -1  -1  -1  -1   0  -1  -1   4   0   0  -1  -1   1  -1   0   0  -1  -4   0   0    4   3   3   4   2   3   4  27   3   5   5   3   5   3   4   5   4   0   3   6  0.13 0.20
  135 Y    -1   0   0   0   2   0  -1  -1   2   0  -1   0   2   0   0  -1   0   4   1  -1    5   5   5   5   5   5   5   5   5   5   5   5   5   5   5   5   5   5   5   5  0.03 0.09
  136 D     0   0   0   0   2   0   0  -1   1   0  -1   0   1   0   0   0   0  -2   1   0    5   5   5   5   5   5   5   5   5   5   5   5   5   5   5   5   5   0   5   5  -0.00 0.06
  137 L    -1   0   0  -3   2   0   0  -1   2   0  -1   0   1   0   0   0   0   3   1  -1    5   5   5   0   5   5   5   5   5   5   5   5   5   5   5   5   5   5   5   5  0.03 0.11
  138 A    -1   0   0   0   2   0  -1  -1   2   0  -1   0   2   0   0  -1   0   4   1  -1    5   5   5   5   5   5   5   5   5   5   5   5   5   5   5   5   5   5   5   5  0.03 0.09
  139 A     0  -1   0   1   2   0   0  -1   2   0  -2   0   1  -1  -1   1   0   2   0  -2    8   4   5   7   4   3   6   5   5   5   5   5   4   3   3   8   6   2   3   3  0.01 0.07
  140 A     0   0   0   0   2   0   0  -1   1   0  -1   0   1   0   0   0   0  -2   1   0    5   5   5   5   5   5   5   5   5   5   5   5   5   5   5   5   5   0   5   5  -0.00 0.06
  141 V     0   0   0   0   2   0   0  -1   1   0  -1   0   1   0   0   0   0  -2   1   0    5   5   5   5   5   5   5   5   5   5   5   5   5   5   5   5   5   0   5   5  -0.00 0.06
  142 K     0   0   0   0   2   0   0  -1   1   0  -1   0   1   0   0   0   0  -2   1   0    5   5   5   5   5   5   5   5   5   5   5   5   5   5   5   5   5   0   5   5  -0.00 0.06
  143 Y     0  -1   0   1   0   0   0   0   1  -1   0   0   1   0  -1   0   0   1   0  -1    6   3   3   8   3   3   7   9   3   3   7   5   6   5   3   6   7   2   3   4  -0.00 0.06
  144 V     3  -1  -2  -2   1  -1  -1  -1   0   0   1  -2   1  -1   0   0   0  -4  -1   0   26   3   2   3   3   2   3   5   2   4  12   2   3   3   4   6   5   0   2   7  0.10 0.20
  145 D    -1   0   0   0   2   0  -1  -1   2   0  -1   0   2   0   0  -1   0   4   1  -1    5   5   5   5   5   5   5   5   5   5   5   5   5   5   5   5   5   5   5   5  0.03 0.09
  146 R    -1   0   0   2   2   1   0  -1   1   0  -1   1   1  -1   0  -1  -1  -5   0  -1    5   5   5  10   4   5   7   4   3   5   6  10   4   3   4   5   4   0   3   5  0.02 0.08
  147 F     0  -2  -1   0   1  -1  -1  -1   0   0   0  -1   1   0   2   0   0   1   0   0    9   3   3   5   3   2   4   6   2   5   9   4   3   4  10   6   5   2   3   7  0.01 0.06
  148 W     0   1   0  -1   0   1   0  -2   0   1   0   0   0  -2  -1   0   0   3  -1  -1    8   9   4   3   2   6   6   4   2   8   7   6   3   2   3   7   5   4   2   5  0.02 0.08
  149 S    -1   0   0   0   2   0  -1  -1   2   0  -1   0   2   0   0  -1   0   4   1  -1    5   5   5   5   5   5   5   5   5   5   5   5   5   5   5   5   5   5   5   5  0.03 0.09
  150 E    -1   0   0   0   2   0  -1  -1   2   0  -1   0   2   0   0  -1   0   4   1  -1    5   5   5   5   5   5   5   5   5   5   5   5   5   5   5   5   5   5   5   5  0.03 0.09
  151 N    -1   0   0   0   2   0  -1  -1   2   0  -1   0   2   0   0  -1   0   4   1  -1    5   5   5   5   5   5   5   5   5   5   5   5   5   5   5   5   5   5   5   5  0.03 0.09
  152 R    -1   0   0   0   2   0  -1  -1   2   0  -1   0   2   0   0  -1   0   4   1  -1    5   5   5   5   5   5   5   5   5   5   5   5   5   5   5   5   5   5   5   5  0.03 0.09
  153 D    -1  -1   0   2   2   0   2  -2   1  -1  -2   0   1  -1  -1  -1  -1   2   0  -1    5   4   4  10   4   4  13   3   3   4   5   7   4   3   3   5   5   3   3   4  0.07 0.13
  154 K    -1   0   0   1   1   0   1  -2   1   0  -2   2   1  -1  -1   0  -1   1   0  -1    6   5   5   7   3   4   8   4   3   6   5  13   4   3   3   6   5   2   3   4  0.04 0.09
  155 D     0   0   0   0   2   0   0  -1   1   0  -1   0   1   0   0   0   0  -2   1   0    5   5   5   5   5   5   5   5   5   5   5   5   5   5   5   5   5   0   5   5  -0.00 0.06
  156 D    -1   0   0   0   2   0  -1  -1   2   0  -1   0   2   0   0  -1   0   4   1  -1    5   5   5   5   5   5   5   5   5   5   5   5   5   5   5   5   5   5   5   5  0.03 0.09
  157 K    -1   1   0  -1   2   1   0  -1   1   0  -1   1   1  -1  -1   0  -1   2   0  -1    6   8   4   4   4   6   7   5   4   5   5   9   3   3   3   5   4   3   3   4  0.01 0.06
  158 F    -1   0   0   0   2   0  -1  -1   2   0  -1   0   2   0   0  -1   0   4   1  -1    5   5   5   5   5   5   5   5   5   5   5   5   5   5   5   5   5   5   5   5  0.03 0.09
  159 K    -1   0  -1   0   2   1  -1  -1   1   1  -1   1   1   0  -1  -1   0   1  -1   1    5   4   3   5   4   5   5   5   3   9   6   8   3   4   3   5   4   2   2  11  0.00 0.05
  160 T    -1   0   0   0   2   0  -1  -1   2   0  -1   0   2   0   0  -1   0   4   1  -1    5   5   5   5   5   5   5   5   5   5   5   5   5   5   5   5   5   5   5   5  0.03 0.09
  161 R     0   0   0   0   2   0   0  -1   1   0  -1   0   1   0   0   0   0  -2   1   0    5   5   5   5   5   5   5   5   5   5   5   5   5   5   5   5   5   0   5   5  -0.00 0.06
  162 L    -1   0   0   0   2   0  -1  -1   2   0  -1   0   2   0   0  -1   0   4   1  -1    5   5   5   5   5   5   5   5   5   5   5   5   5   5   5   5   5   5   5   5  0.03 0.09
  163 A    -1   0   0   0   2   0  -1  -1   2   0  -1   0   2   0   0  -1   0   4   1  -1    5   5   5   5   5   5   5   5   5   5   5   5   5   5   5   5   5   5   5   5  0.03 0.09
  164 A     0   1  -1   0   2   0   0  -2   2  -1  -1   0   0   0  -1   0  -1   1   2  -1    7   8   3   5   4   4   7   3   4   4   6   6   3   4   3   6   4   2   8   5  0.02 0.08
  165 F    -2   0   0  -1   1  -1  -2  -1   4  -1   0  -1   1   3  -3  -1  -1   2   4  -2    4   5   5   3   3   3   3   4   9   3   8   4   4  10   2   5   5   2  10   4  0.18 0.19
  166 E    -1   0   0   0   2   0  -1  -1   2   0  -1   0   2   0   0  -1   0   4   1  -1    5   5   5   5   5   5   5   5   5   5   5   5   5   5   5   5   5   5   5   5  0.03 0.09
  167 G    -1   0   0   0   2   0  -1  -1   2   0  -1   0   2   0   0  -1   0   4   1  -1    5   5   5   5   5   5   5   5   5   5   5   5   5   5   5   5   5   5   5   5  0.03 0.09
  168 R    -1   0   0   0   2   0  -1  -1   2   0  -1   0   2   0   0  -1   0   4   1  -1    5   5   5   5   5   5   5   5   5   5   5   5   5   5   5   5   5   5   5   5  0.03 0.09
  169 P    -1   0   0   0   2   0  -1  -1   2   0  -1   0   2   0   0  -1   0   4   1  -1    5   5   5   5   5   5   5   5   5   5   5   5   5   5   5   5   5   5   5   5  0.03 0.09
  170 S    -1   0   0   0   2   0  -1  -1   2   0  -1   0   2   0   0  -1   0   4   1  -1    5   5   5   5   5   5   5   5   5   5   5   5   5   5   5   5   5   5   5   5  0.03 0.09
  171 V    -1   0   0   0   2   0  -1  -1   2   0  -1   0   2   0   0  -1   0   4   1  -1    5   5   5   5   5   5   5   5   5   5   5   5   5   5   5   5   5   5   5   5  0.03 0.09
  172 Y    -1   0   0   0   2   0  -1  -1   2   0  -1   0   2   0   0  -1   0   4   1  -1    5   5   5   5   5   5   5   5   5   5   5   5   5   5   5   5   5   5   5   5  0.03 0.09
  173 I    -1   0   0   0   2   0  -1  -1   2   0  -1   0   2   0   0  -1   0   4   1  -1    5   5   5   5   5   5   5   5   5   5   5   5   5   5   5   5   5   5   5   5  0.03 0.09
  174 W    -2   2   0  -2   1   1  -2  -2   2   0  -1   0   1   2  -2  -1  -2   5   1  -1    4  10   4   2   2   6   3   4   5   5   6   6   3   8   3   5   3   7   4   4  0.14 0.17
  175 D    -1   2   0   0   2   0   0  -1   0  -1  -1   1   0   1  -2  -1  -1   1   2  -1    5  12   5   6   4   3   6   5   2   3   5   8   2   5   3   5   4   2   6   4  0.05 0.10
  176 G    -1   0   0   0   2   0  -1  -1   2   0  -1   0   2   0   0  -1   0   4   1  -1    5   5   5   5   5   5   5   5   5   5   5   5   5   5   5   5   5   5   5   5  0.03 0.09
  177 I    -1   0   0   0   2   0  -1  -1   2   0  -1   0   2   0   0  -1   0   4   1  -1    5   5   5   5   5   5   5   5   5   5   5   5   5   5   5   5   5   5   5   5  0.03 0.09
  178 R    -1   0   0   0   2   0  -1  -1   2   0  -1   0   2   0   0  -1   0   4   1  -1    5   5   5   5   5   5   5   5   5   5   5   5   5   5   5   5   5   5   5   5  0.03 0.09
  179 L    -1   0   0   0   2   0  -1  -1   2   0  -1   0   2   0   0  -1   0   4   1  -1    5   5   5   5   5   5   5   5   5   5   5   5   5   5   5   5   5   5   5   5  0.03 0.09
  180 A    -1   0   0   0   2   0  -1  -1   2   0  -1   0   2   0   0  -1   0   4   1  -1    5   5   5   5   5   5   5   5   5   5   5   5   5   5   5   5   5   5   5   5  0.03 0.09
  181 R    -1   0   0   0   2   0  -1  -1   2   0  -1   0   2   0   0  -1   0   4   1  -1    5   5   5   5   5   5   5   5   5   5   5   5   5   5   5   5   5   5   5   5  0.03 0.09
  182 K    -1   0   0   0   2   0  -1  -1   2   0  -1   0   2   0   0  -1   0   4   1  -1    5   5   5   5   5   5   5   5   5   5   5   5   5   5   5   5   5   5   5   5  0.03 0.09
  183 K    -1   0   0   0   2   0  -1  -1   2   0  -1   0   2   0   0  -1   0   4   1  -1    5   5   5   5   5   5   5   5   5   5   5   5   5   5   5   5   5   5   5   5  0.03 0.09
  184 R    -1   0   0   0   2   0  -1  -1   2   0  -1   0   2   0   0  -1   0   4   1  -1    5   5   5   5   5   5   5   5   5   5   5   5   5   5   5   5   5   5   5   5  0.03 0.09
  185 S    -1   0   0   0   2   0  -1  -1   2   0  -1   0   2   0   0  -1   0   4   1  -1    5   5   5   5   5   5   5   5   5   5   5   5   5   5   5   5   5   5   5   5  0.03 0.09
  186 R    -1   0   0   0   2   0  -1  -1   2   0  -1   0   2   0   0  -1   0   4   1  -1    5   5   5   5   5   5   5   5   5   5   5   5   5   5   5   5   5   5   5   5  0.03 0.09
  187 N    -1   0   0   0   2   0  -1  -1   2   0  -1   0   2   0   0  -1   0   4   1  -1    5   5   5   5   5   5   5   5   5   5   5   5   5   5   5   5   5   5   5   5  0.03 0.09
  188 M    -2  -2  -3  -3   0  -3  -5  -4   0   1   3  -3   1   1  -4  -1  -3   5   4   0    4   3   2   2   2   2   1   2   3   8  25   2   3   5   1   5   2   6  11   7  0.42 0.32
  189 A     1  -2   0  -3   1  -2  -3  -2   1   0  -2  -2   1   1  -2   1   3   1   0   1   12   3   4   2   3   2   2   3   3   5   5   2   3   5   2  11  15   2   3   8  0.13 0.18
  190 L     0  -1  -1  -3   2  -2  -3  -2   0   1   0  -1   1   3   0  -1   0   4   2   0    7   4   4   2   4   2   2   3   2   8   8   5   3  10   4   5   6   4   7   6  0.10 0.12
  191 F    -1   0  -1  -2   3   0  -1  -1   2   0   1  -1   1   1  -2  -1  -2   2   2  -1    6   5   3   3   6   3   5   6   5   5  14   4   3   5   2   5   3   2   7   5  0.06 0.09
  192 Y    -2  -1  -2  -2   1  -2  -3  -2   2  -2  -1  -1   0   3  -2  -3  -2   3   7  -3    4   4   3   3   2   3   3   3   4   3   7   4   2  10   3   3   3   3  28   3  0.64 0.46
  193 T    -1   0   0   0   2   0   0  -1   2   0  -1   0   1   0  -3   0   0   3   1  -1    5   5   5   5   5   5   5   5   5   5   5   5   5   5   0   5   5   5   5   5  0.03 0.10
  194 L    -1  -2  -1  -2   1  -2  -2  -2  -4   3   1  -2   1   4  -2  -2  -1   2  -1   1    5   3   4   2   3   2   2   4   0  15  15   2   3  15   2   3   4   2   2   9  0.19 0.22
  195 S    -1  -1   0  -1   5  -1  -2  -2   1   0  -1  -1   2   1   0   0   0  -6   1   1    4   3   5   3   9   3   3   3   3   6   7   4   4   5   5   8   7   0   5   8  0.10 0.13
  196 T    -1   0   0   0   2   0  -1  -1   2   0  -1   0   2   0   0  -1   0   4   1  -1    5   5   5   5   5   5   5   5   5   5   5   5   5   5   5   5   5   5   5   5  0.03 0.09
  197 V    -1  -1  -1  -1   3  -1  -3  -1   1   2   1  -1   1   1  -1  -1  -1   3   0   0    6   4   3   3   6   3   0   5   3  13  11   3   4   7   3   4   3   4   3   7  0.04 0.11
  198 W     0   0   0   0   2  -2  -2   0   2   0  -1   0   1   1  -3   0   0   4   1   0    6   6   5   6   5   0   0   6   5   6   6   6   5   5   0   6   6   5   5   6  0.03 0.13
  199 Q    -2   0   3  -2   2   0  -2  -1   1  -1  -3  -2   0   2  -7  -1   0   4   4   0    4   5  10   3   4   4   3   6   3   4   4   3   3   8   0   5   5   4  13   6  0.25 0.25
  200 A    -1   0   0   0   2   0  -1  -1   2   0  -1   0   2   0   0  -1   0   4   1  -1    5   5   5   5   5   5   5   5   5   5   5   5   5   5   5   5   5   5   5   5  0.03 0.09
  201 V     0   0   0  -2   2   0   0  -1  -2   0  -1   0   1   1   0   0   0   3   1   0    5   5   5   0   5   5   5   5   0   5   5   5   5   5   5   5   5   5   5   5  0.03 0.11
  202 N    -2  -2   6  -1   0  -1  -2  -1   0   0  -1  -1   0  -1  -1  -1  -1  -5  -4  -1    3   2  38   2   2   3   2   5   2   6   7   3   3   2   4   3   3   0   0   4  0.49 0.47
  203 A     1  -1   0  -2   2   0  -1  -1  -3   1   0  -1   0   0   0  -1  -1   1   0   2   12   2   5   2   5   4   4   4   0   8   9   2   3   4   4   4   2   2   4  16  0.02 0.12
  204 W    -1   0   0  -3   2   0  -2  -1   2   0  -1   0   1   1   0   0   0   4   1   0    5   5   5   0   5   5   0   5   5   5   5   5   5   5   5   5   5   5   5   5  0.04 0.14
  205 I    -1  -1   0  -1   2  -1  -2   1   1   0  -1  -1   1   1  -5   0   0   4   1   0    6   3   4   3   5   3   3   9   3   6   7   5   3   5   0   7   6   5   5   7  0.06 0.10
  206 Q    -1   0   0   0   2   0  -1  -1   2   0  -1   0   2   0   0  -1   0   4   1  -1    5   5   5   5   5   5   5   5   5   5   5   5   5   5   5   5   5   5   5   5  0.03 0.09
  207 F    -1   0   0   0   2   0   0  -1   2   0  -1  -2   1   1  -3   0   0   4   1   0    5   5   5   5   5   5   5   5   5   5   5   0   5   5   0   5   5   5   5   5  0.03 0.13
  208 Y    -1   0   0   0   2   0  -1  -1   2   0  -1   0   2   0   0  -1   0   4   1  -1    5   5   5   5   5   5   5   5   5   5   5   5   5   5   5   5   5   5   5   5  0.03 0.09
  209 I    -1   0   0  -3   2   0   0  -1   2   0  -1  -2   1   1   0   0   0   4   1   0    5   5   5   0   5   5   5   5   5   5   5   0   5   5   5   5   5   5   5   5  0.04 0.14
  210 L    -1   0   0   0   2   0  -1  -1   2   0  -1   0   2   0   0  -1   0   4   1  -1    5   5   5   5   5   5   5   5   5   5   5   5   5   5   5   5   5   5   5   5  0.03 0.09
  211 T     0   0   0   0   2   0   0  -1   1   0  -1   0   1   0   0   0   0  -2   1   0    5   5   5   5   5   5   5   5   5   5   5   5   5   5   5   5   5   0   5   5  -0.00 0.06
  212 Q    -1   0   0   0   2   0  -1  -1   2   0  -1   0   2   0   0  -1   0   4   1  -1    5   5   5   5   5   5   5   5   5   5   5   5   5   5   5   5   5   5   5   5  0.03 0.09
  213 L    -2  -3  -2  -3   1  -2  -5  -3  -2   0   0  -2   0   7  -2  -2  -2   2   2  -1    4   2   3   2   2   2   1   3   1   5   9   3   2  35   3   4   3   2   5   4  0.71 0.48
  214 L    -4  -2  -2  -3   0  -3  -4  -2  -1   0   4  -3   1   4  -2  -4  -2   3   0  -1    2   3   2   2   2   2   2   4   2   5  34   2   3  13   3   2   3   3   3   5  0.47 0.36
  215 D    -2  -1   0  -1   1   0  -1   3   1  -1  -2  -1   1   1  -1  -1  -2   2   0  -2    4   4   5   4   2   5   4  23   3   4   5   5   4   5   3   4   3   2   3   3  0.14 0.18
  216 S    -1   0   0   0   2   0  -1  -1   2   0  -1   0   2   0   0  -1   0   4   1  -1    5   5   5   5   5   5   5   5   5   5   5   5   5   5   5   5   5   5   5   5  0.03 0.09
  217 S    -2  -1   2   2   1   1   0   1   1  -2  -2   0   2  -1  -1   0  -1   2   0  -2    4   3  10  10   3   5   7   9   4   3   4   5   4   3   4   6   4   3   3   3  0.08 0.14
  218 I    -1   0   0   0   2   0  -1  -1   2   0  -1   0   2   0   0  -1   0   4   1  -1    5   5   5   5   5   5   5   5   5   5   5   5   5   5   5   5   5   5   5   5  0.03 0.09
  219 Y    -1   0   0   0   2   0  -1  -1   2   0  -1   0   2   0   0  -1   0   4   1  -1    5   5   5   5   5   5   5   5   5   5   5   5   5   5   5   5   5   5   5   5  0.03 0.09
  220 T    -2  -1   0  -1   1   0  -2   2   2  -1  -1  -1   1   0  -1   0   0   3   1  -2    4   4   5   4   2   4   3  13   4   4   7   4   4   4   4   7   7   4   4   3  0.04 0.10
  221 L    -1   0   0   0   2   0  -1  -1   2   0  -1   0   2   0   0  -1   0   4   1  -1    5   5   5   5   5   5   5   5   5   5   5   5   5   5   5   5   5   5   5   5  0.03 0.09
  222 W    -1  -1   0   0  -7  -1  -1   2   0  -1  -2  -1   0   1  -2  -1  -1   6   3  -2    5   3   4   5   0   3   4  16   2   3   5   4   2   6   2   4   4   9   9   4  0.23 0.24
  223 G    -2  -2  -2  -2   0  -2  -3   3   1  -1  -2  -2   0   0  -1  -2  -1   3   0   3    3   3   2   3   2   2   2  22   3   3   5   3   3   4   4   4   3   3   4  16  0.23 0.23
  224 P    -1   0   0   0  -3   0   0  -1   2   0  -1   0   1   0   0   0   0   3   1  -1    5   5   5   5   0   5   5   5   5   5   5   5   5   5   5   5   5   5   5   5  0.02 0.09
  225 S    -1   0  -1  -1   1   2   0  -1   2   0  -1   0   1   0  -1   0   1   2   1  -1    4   5   3   4   3   8   7   5   4   5   5   5   4   4   3   7   8   3   4   5  0.01 0.08
  226 I    -1  -1  -1  -1   1  -1  -2  -2   1   1   0  -1   2   2  -1  -1   0   3   1   1    5   3   3   3   3   3   3   4   3   8   9   4   5   9   3   4   5   3   4  11  0.06 0.09
  227 L    -1   0   0   0   2   0  -1  -1   2   0  -1   0   2   0   0  -1   0   4   1  -1    5   5   5   5   5   5   5   5   5   5   5   5   5   5   5   5   5   5   5   5  0.03 0.09
  228 G    -1   0   2   0   0   1   2  -1   1  -1  -2   0   0  -1  -1   0  -1   2   0  -1    5   6   8   6   2   5  11   6   3   4   4   5   3   3   3   7   4   3   4   5  0.03 0.09
  229 D    -1   0   0   0   2   0  -1  -1   2   0  -1   0   2   0   0  -1   0   4   1  -1    5   5   5   5   5   5   5   5   5   5   5   5   5   5   5   5   5   5   5   5  0.03 0.09
  230 L    -1   0   0   0   2   0  -1  -1   2   0  -1   0   2   0   0  -1   0   4   1  -1    5   5   5   5   5   5   5   5   5   5   5   5   5   5   5   5   5   5   5   5  0.03 0.09
  231 L    -1  -1  -1  -1  -5   0  -1  -2   1   2   1  -1   2   1   0  -1  -1   4   1   0    5   4   4   4   0   4   3   4   3   9  12   3   4   6   6   4   4   6   4   5  0.07 0.11
  232 Q    -1   0   0   0   2   0  -1  -1   2   0  -1   0   2   0   0  -1   0   4   1  -1    5   5   5   5   5   5   5   5   5   5   5   5   5   5   5   5   5   5   5   5  0.03 0.09
  233 G    -2  -2   1   0   0  -1   0   4   0  -2  -3  -1   0   0  -1  -1  -2   2  -1  -2    4   3   6   6   2   3   7  29   2   3   3   3   2   3   3   5   3   3   2   3  0.31 0.28
  234 N    -3   5   0   0   0   0  -1  -1   1  -1  -3   1   0  -1  -1  -1  -1   4   0  -2    3  26   4   5   2   4   5   5   3   4   4   8   2   2   3   6   4   4   3   3  0.37 0.30
  235 D    -2   0   1   2   2   0   2  -1   1  -2  -3  -1   2   0   0   0   0   2   0  -1    4   5   6  11   4   3  12   4   3   3   3   4   4   4   4   7   6   2   4   5  0.12 0.13
  236 W    -3  -1  -1   1   1  -1  -2  -3   0  -1  -3  -2   1   0  -1  -2  -2  10   0  -1    3   4   4   8   3   3   3   3   3   3   3   3   3   4   3   4   3  32   3   4  1.14 0.67
  237 Q    -1   0   0   0   1   0   0  -1   2   0  -2   0   1   0   2  -1  -1   2   1   0    6   6   4   6   3   5   6   4   5   5   4   5   4   5  10   5   5   3   5   6  0.09 0.09
  238 T    -2  -1   1   1  -6   0   2  -2   1  -1  -1  -2   4  -2  -1   0   2   1   0  -1    4   4   7   7   0   5  11   4   4   4   7   3   8   2   4   6  11   2   3   5  0.17 0.17
  239 T    -1   0   0   0   3   0   0  -1   2   0  -1   0   2   1   0  -1   0   4   1  -1    5   5   5   5   5   5   5   5   5   5   5   5   5   5   5   5   5   5   5   5  0.09 0.08
  240 G    -1   0   0   0   3   0   0  -1   2   0  -1   0   2   1   0  -1   0   4   1  -1    5   5   5   5   5   5   5   5   5   5   5   5   5   5   5   5   5   5   5   5  0.09 0.08
  241 H     0  -1   0   0  -2   0   0  -1   1   0   0   0   0   1   0   0   0  -2   1   1    7   3   5   5   0   5   5   3   4   5  10   7   3   9   3   7   5   0   5  11  0.02 0.06
  242 F     0   0   0   0  -3   1   0   0   2   0  -1   0   1   0   1   0   0  -2   1   0    6   6   5   6   0   5   6   6   5   6   6   6   5   5   6   6   6   0   5   6  0.03 0.06
  243 P     0   0   0   0   2  -2   0  -3   2   0   0  -2   1   1   1   0   0   4  -1   0    6   6   6   6   6   0   6   0   6   6   6   0   6   6   6   6   6   6   0   6  0.09 0.15
  244 R    -1   0   0   0   3   0   0  -1   2   0  -1   0   2   1   0  -1   0   4   1  -1    5   5   5   5   5   5   5   5   5   5   5   5   5   5   5   5   5   5   5   5  0.09 0.08
  245 I     0  -1  -1  -1   0   0  -1  -1   1   1   0  -1   1   0  -4  -1   0   1  -1   3    8   4   4   3   2   5   4   4   4   7   7   4   4   4   0   5   4   2   2  20  0.06 0.13
  246 V     2  -1  -2  -2   0  -1  -4  -2  -5  -1  -1  -1   0  -1  -1  -1   4   1   1   1   14   3   2   2   2   3   0   4   0   3   6   3   2   3   3   4  25   2   4  11  0.24 0.31
  247 H    -2  -1   1  -1   4  -1  -2  -3   1   0   0   0   4   2  -1  -2  -1   2   2  -2    4   3   7   4   7   3   3   3   3   5   9   5   8   9   4   4   3   3   7   3  0.17 0.17
  248 C    -1   0   0   0   2   0   0  -1   2   0  -1   0  -2   0   0   0   0   3   1  -1    5   5   5   5   5   5   5   5   5   5   5   5   0   5   5   5   5   5   5   5  0.02 0.09
  249 D    -1   0   1   2  -4   0   0   0   1  -1  -1  -1   0   1   0  -1   1   2   2  -2    3   7   6  13   0   3   5   6   4   4   4   3   3   6   4   4   8   3   7   3  0.06 0.14
  250 F    -1   0   0   0   2  -2   0  -1   2   0  -1   0   1   0   0   0   0   3   1  -1    5   5   5   5   5   0   5   5   5   5   5   5   5   5   5   5   5   5   5   5  0.02 0.10
  251 N    -2   0   1   0   1   0   1   0   5  -1  -3   0   1   0   0  -2  -1   2   1  -2    3   6   6   5   3   5   9   6  12   4   3   6   3   4   5   4   4   2   4   3  0.19 0.18
  252 R    -1   0   0   0   2   0   0  -1   2   0  -1   0   1   1  -3   0   0   4   1   0    5   5   5   5   5   5   5   5   5   5   5   5   5   5   0   5   5   5   5   5  0.06 0.10
  253 R    -1   0   0   0   3   0   0  -1   2   0  -1   0   2   1   0  -1   0   4   1  -1    5   5   5   5   5   5   5   5   5   5   5   5   5   5   5   5   5   5   5   5  0.09 0.08
  254 R    -1   0   0   0  -3   0   0  -1   2   0  -1   0   1   0   0   0   0   3   1  -1    5   5   5   5   0   5   5   5   5   5   5   5   5   5   5   5   5   5   5   5  0.02 0.09
  255 P    -1   0   0   0  -3   0   0  -1   2   0  -1   0   1   0   0   0   0   3   1   0    5   5   5   5   0   5   5   5   5   5   5   5   5   5   5   5   5   5   5   5  0.06 0.08
  256 A    -1   0   0   0   3   0   0  -1   2   0  -1   0   2   1   0  -1   0   4   1  -1    5   5   5   5   5   5   5   5   5   5   5   5   5   5   5   5   5   5   5   5  0.09 0.08
  257 S    -2   0   5  -1  -7   2  -1  -1   2  -1  -2  -1   1   0  -1   1   0  -7   0  -2    4   5  19   3   0   8   5   6   4   4   4   4   3   4   4   8   7   0   4   3  0.27 0.23
  258 V    -1   0   0   0  -3   0   0  -1   2   0  -1   0   1   0   0   0   0   3   1  -1    5   5   5   5   0   5   5   5   5   5   5   5   5   5   5   5   5   5   5   5  0.02 0.09
  259 Q    -2   0   3  -1  -5   4   0  -2   4  -1  -2   0   1  -1  -1  -1  -1  -5   0  -1    3   4  14   3   0  18   5   3  10   3   4   4   3   3   3   3   4   0   3   4  0.27 0.34
  260 L    -1   0   0   0  -3   0   0  -1   2   0  -1   0   1   0   0   0   0   3   1  -1    5   5   5   5   0   5   5   5   5   5   5   5   5   5   5   5   5   5   5   5  0.02 0.09
  261 D    -1   0   0   0   2   0   0  -1   2   0  -1   0   1   0  -3   0   0   3   1  -1    5   5   5   5   5   5   5   5   5   5   5   5   5   5   0   5   5   5   5   5  0.03 0.10
  262 T    -3  -1  -1   3   1  -1  -2  -3   2  -1  -2  -2   1   1  -2   1   3   2   0  -2    3   4   3  14   3   3   3   3   4   4   4   3   3   5   3   9  18   3   3   4  0.24 0.27
  263 V     2   0  -1  -1   2  -1  -1  -1   0   1  -1  -2   1   0  -1   0  -1  -3   0   2   17   5   3   3   4   3   3   5   3   7   6   0   3   4   3   5   3   0   4  14  0.04 0.15
  264 L    -1   0   0   0  -3   0   0  -1   2   0  -1   0   1   0   0   0   0   3   1  -1    5   5   5   5   0   5   5   5   5   5   5   5   5   5   5   5   5   5   5   5  0.02 0.09
  265 C    -2  -1   0  -5   9  -1  -1  -2   1  -1  -1  -1  -4   0  -5  -1   0  -5   1  -2    4   3   4   0  36   3   4   4   3   4   5   3   0   4   0   4   6   0   4   3  0.78 0.54
  266 V    -1  -2   1  -1   3  -1  -1  -2   2   0   0   0   0   1  -3   0  -1   4   1   0    6   0   6   4   8   3   4   3   5   8   9   6   3   6   0   5   3   5   6   6  0.05 0.13
  267 L     0   0   0   0   2   1  -1  -2  -2   0   0   0   1   0   1   0   0  -3  -2   0    6   6   6   6   6   6   0   0   0   6   6   6   6   6   6   6   6   0   0   6  0.02 0.11
  268 T     0   0   0   0  -3   0   0  -1   1   0  -1   0   1   0   1   0   0  -2   1   0    5   5   5   5   0   5   5   5   5   5   5   5   5   5   5   5   5   0   5   5  0.00 0.06
  269 L     0   0   0  -2  -3   1  -2  -3   2   0   0  -2   1   1   1   0   0   4   1   0    6   6   6   0   0   6   0   0   6   6   6   0   6   6   6   6   6   6   6   6  0.08 0.17
  270 N    -3  -1   6   0  -4   0   0  -1   2  -1  -1  -1   0  -1  -4   0  -1  -4   0  -2    0   3  38   5   0   3   5   3   4   4   5   3   3   3   0   5   3   0   3   3  0.39 0.38
  271 I     0   0   0   0   2   0   0  -1   1   0  -1   0   1   0   0   0   0  -2   1   0    5   5   5   5   5   5   5   5   5   5   5   5   5   5   5   5   5   0   5   5  -0.00 0.06
  272 Y    -2  -1  -1  -2  -4  -1  -1  -2   1   1   1   0   1   4  -1  -2  -1   2   2   0    3   4   3   3   0   3   3   3   3   8  13   5   3  18   3   3   3   3   5   8  0.12 0.19
  273 Y    -1  -2   5  -3   0  -1  -1  -2   3   0  -1  -1   0  -1  -5  -2  -1  -5   3  -1    4   2  29   0   2   2   4   4   7   5   5   4   2   3   0   3   4   0   9   5  0.39 0.41
  274 E    -1  -2  -2   2  -6   1   6  -2   1  -5  -5  -1  -1  -2  -5  -1  -2  -5   1  -2    4   2   2   8   0   5  43   3   3   0   0   4   2   2   0   4   2   0   5   4  0.65 0.55
  275 K    -1   0   0   0   2   0  -1  -1   2   0  -1   0   2   0   0  -1   0   4   1  -1    5   5   5   5   5   5   5   5   5   5   5   5   5   5   5   5   5   5   5   5  0.03 0.09
  276 L     0   1  -1   0  -2   1   0  -2  -1   0   0   0   1   1  -2   0   0  -2   1   0    7   7   0   7   0   7   7   0   0   7   7   7   6   6   0   7   7   0   6   7  0.02 0.10
  277 F    -1  -3  -3  -1   3  -3  -3  -4   1   0   0  -3   1   4  -1  -1  -1  -1   5  -1    5   0   0   4   8   0   0   0   3   4   7   0   4  20   4   5   4   0  19   4  0.31 0.29
  278 I    -1  -1   0  -2   2  -1  -2  -2   1   2   1  -1   1   0  -1   0   0  -2   1   1    5   3   5   2   5   2   1   3   4  17  12   2   3   5   2   7   4   0   4  10  0.02 0.11
  279 F     0  -2  -2  -2   2  -2   0   0   2   0   0   0   1   1  -3   0   0   4   1   0    6   0   0   0   6   0   6   6   6   6   6   6   6   6   0   6   6   6   6   6  0.06 0.15
  280 L    -1  -3   0  -1   1   0   0  -2   0   1   3  -3   1   0  -4  -1  -1   3   0   0    3   0   6   4   3   4   6   3   3   6  31   0   3   4   0   3   3   4   3   5  0.12 0.21
  281 W    -5  -3  -2  -3   2  -5  -3  -3  -1  -3  -2  -1   0   0  -3  -1  -3  11   1  -3    0   2   2   2   4   0   2   3   2   2   3   4   3   3   2   5   2  47   4   2  1.65 0.89
  282 F     0   0   0   0   2   0  -2   0  -2   0   0   0   1   1  -3   0   0   4   1   0    6   6   6   6   6   6   0   6   0   6   6   6   6   6   0   6   6   6   6   6  0.07 0.12
  283 W     0  -3  -2  -3   3  -2  -3   0   2   1   0  -2   2   2  -3   0  -1   5   2   0    8   0   0   0   8   0   0   8   8   8   8   0   8   8   0   8   0   8   8   8  0.18 0.15
  284 L    -1   0   0  -3   2   0   0  -1   2   0  -1   0   1   1   0   0   0   4   1   0    5   5   5   0   5   5   5   5   5   5   5   5   5   5   5   5   5   5   5   5  0.07 0.11
  285 V    -1  -2   1   1   2   0  -2  -2   1   1   0  -2   2   1   0  -1  -1   2   1   1    6   3   6   8   4   5   3   3   3   9   9   3   4   5   4   5   4   3   4  11  0.08 0.07
  286 F     0   0  -2  -3   2   0   0  -1   2   0  -1   0   1   1  -3   0   0   4   1   0    6   6   0   0   5   5   6   6   5   6   6   6   5   5   0   6   6   5   5   6  0.05 0.14
  287 V    -1   0   0   0   2   0   0  -1   2   0  -1  -2   1   0   0   0   0   3   1  -1    5   5   5   5   5   5   5   5   5   5   5   0   5   5   5   5   5   5   5   5  0.03 0.12
  288 A     1  -2   0  -2   2  -1  -2  -1   0   0   2   0   1   0  -1   0   0  -5  -1  -1   11   3   4   3   4   3   3   6   2   4  16   5   4   4   4   8   7   0   3   3  0.03 0.10
  289 V    -1   0   0   0   2   0  -1  -1   2   0  -1   0   2   0   0  -1   0   4   1  -1    5   5   5   5   5   5   5   5   5   5   5   5   5   5   5   5   5   5   5   5  0.03 0.09
  290 V     0  -6  -6  -2   1  -1  -1  -2   0   2   3  -1   1   1  -1  -2   0   2   0   1    8   0   0   3   3   3   4   3   3  10  21   4   3   5   4   3   6   3   3   8  0.18 0.17
  291 S    -1  -1   2   0   0  -1  -1  -2  -4  -2   0  -1   0  -2  -1   2   4  -5  -1  -1    4   3  10   5   2   2   4   2   0   2   8   3   2   2   3  14  24   0   2   3  0.23 0.33
  292 T     0  -2  -1  -1   1  -3  -2   0  -1   2   1  -2   0   0   0   0   0   0  -1   1    9   2   3   4   3   0   2   7   2  11  11   2   2   5   4   6   6   1   1  13  0.02 0.09
  293 V    -1   0   0   0   2   0  -2  -1   2   0  -1   0   1   0   0   0   0   3   1  -1    5   5   5   5   5   5   0   5   5   5   5   5   5   5   5   5   5   5   5   5  0.03 0.11
  294 N    -1   0   0   0   2   0  -1  -1   2   0  -1   0   2   0   0  -1   0   4   1  -1    5   5   5   5   5   5   5   5   5   5   5   5   5   5   5   5   5   5   5   5  0.03 0.09
  295 C    -1   0   0   0   2   0  -2  -1   2   0  -1   0   1   1  -3   0   0   4   1   0    5   5   5   5   5   5   0   5   5   5   5   5   5   5   0   5   5   5   5   5  0.03 0.13
  296 F    -1  -3  -1   0   1  -1  -3  -2   0   2   1  -1   1   2  -1  -1  -1   2   1   1    4   0   3   5   4   3   0   3   3  11  13   3   4  10   3   4   3   3   5  11  0.05 0.14
  297 K    -1   0   0   0   2   0  -1  -1   2   0  -1   0   2   0   0  -1   0   4   1  -1    5   5   5   5   5   5   5   5   5   5   5   5   5   5   5   5   5   5   5   5  0.03 0.09
  298 W    -4   2  -3  -3   0  -2  -4  -3   0  -3  -3  -2  -1   0  -3  -2  -1  11   1  -3    2  11   2   2   2   2   2   3   2   2   3   3   2   4   2   3   5  36   4   3  1.39 0.88
  299 I    -1   0   0   0   2   0   0  -1  -2   0  -1   0   1   0   0   0   0   3   1   0    5   5   5   5   5   5   5   5   0   5   5   5   5   5   5   5   5   5   5   5  0.02 0.09
  300 Y    -1  -1   0  -2   2  -1  -2  -2   1   0   0  -1   1   3  -2   0  -1   2   1   0    5   3   5   3   4   3   3   3   3   6   9   4   3  11   3   8   5   3   5   7  0.08 0.11
  301 Y    -1   2   1  -3   0   0  -2  -3   2   1  -1  -1   2   0  -3   0   0   2  -1   0    4  11   7   2   2   4   2   2   5   8   7   4   5   5   2   8   6   2   2   8  0.10 0.14
  302 L    -1   0   0   0   2   0  -1  -1   2   0  -1   0   2   0   0  -1   0   4   1  -1    5   5   5   5   5   5   5   5   5   5   5   5   5   5   5   5   5   5   5   5  0.03 0.09
  303 C    -1   0   0   0   2   0  -1  -1   2   0  -1   0   2   0   0  -1   0   4   1  -1    5   5   5   5   5   5   5   5   5   5   5   5   5   5   5   5   5   5   5   5  0.03 0.09
  304 N    -2  -1   0  -2   2  -1  -1  -2   2   1  -1  -1   2   3   0   1  -1   2   0   0    3   4   4   3   3   3   4   3   4   7   7   3   4   9   5  12   4   3   3   6  0.07 0.12
  305 K    -1   0   0   0   2   0  -1  -1   2   0  -1   0   2   0   0  -1   0   4   1  -1    5   5   5   5   5   5   5   5   5   5   5   5   5   5   5   5   5   5   5   5  0.03 0.09
  306 T    -2   2   0  -1   2   0  -1  -1   2  -2  -3   0   0  -1   0   2   1   2   0  -2    4   9   5   4   3   4   5   5   4   3   3   6   2   3   5  13   7   3   3   3  0.07 0.15
  307 K    -1   2   1  -1   2   1  -1  -2   1  -1  -1  -1   1   1  -1   1  -1   2   1  -1    5   9   6   3   4   6   4   4   3   3   7   4   3   5   4  10   3   3   4   5  0.03 0.10
  308 A    -2   6   0  -3  -1   2  -3  -2   1  -3  -4   1  -1  -2  -3  -1  -3   0  -1  -3    4  36   4   2   2   7   2   4   3   2   3   7   2   2   2   6   2   1   2   2  0.66 0.53
  309 Q    -1   0   0   0   2   0  -1  -1   2   0  -1   0   2   0   0  -1   0   4   1  -1    5   5   5   5   5   5   5   5   5   5   5   5   5   5   5   5   5   5   5   5  0.03 0.09
  310 K    -1   0   0   0   2   0  -1  -1   2   0  -1   0   2   0   0  -1   0   4   1  -1    5   5   5   5   5   5   5   5   5   5   5   5   5   5   5   5   5   5   5   5  0.03 0.09
  311 T    -1   0   0   0   2   0  -1  -1   2   0  -1   0   2   0   0  -1   0   4   1  -1    5   5   5   5   5   5   5   5   5   5   5   5   5   5   5   5   5   5   5   5  0.03 0.09
  312 I    -1  -1  -1  -1   1   1  -2  -2   1   2   1  -1   1   1  -1  -2   0  -5   0   1    6   3   3   3   3   6   3   3   3  13  11   4   4   5   3   3   5   0   3  11  0.07 0.10
  313 K    -2   3  -1  -2   1   1  -1  -2   1   0   0   3   0  -1  -2  -1  -1   1   0  -1    3  15   3   3   3   5   4   3   3   5   8  14   2   3   3   4   4   2   3   5  0.13 0.17
  314 N    -1   0   0   0   2   0  -1  -1   2   0  -1   0   2   0   0  -1   0   4   1  -1    5   5   5   5   5   5   5   5   5   5   5   5   5   5   5   5   5   5   5   5  0.03 0.09
  315 Y    -2   1   0  -2   1   1  -2  -3   3  -1   0  -1   2   1  -2  -2  -2   3   4  -1    4   8   4   3   3   5   3   3   6   4  10   4   4   5   3   4   3   3  13   5  0.17 0.19
  316 L    -1   0   0   0   2   0  -1  -1   2   0  -1   0   2   0   0  -1   0   4   1  -1    5   5   5   5   5   5   5   5   5   5   5   5   5   5   5   5   5   5   5   5  0.03 0.09
  317 S    -1   0   0   0   2   0  -1  -1   2   0  -1   0   2   0   0  -1   0   4   1  -1    5   5   5   5   5   5   5   5   5   5   5   5   5   5   5   5   5   5   5   5  0.03 0.09
  318 T    -1   0   0   0   2   0  -1  -1   2   0  -1   0   2   0   0  -1   0   4   1  -1    5   5   5   5   5   5   5   5   5   5   5   5   5   5   5   5   5   5   5   5  0.03 0.09
  319 A    -1   0   0   0   2   0  -1  -1   2   0  -1   0   2   0   0  -1   0   4   1  -1    5   5   5   5   5   5   5   5   5   5   5   5   5   5   5   5   5   5   5   5  0.03 0.09
  320 P    -1   1   0   2   1   0   0   0   1  -2  -2  -1   0  -1   2  -1  -1  -6   0  -1    5   8   5  10   3   5   7   7   4   3   4   4   3   3  10   5   4   0   3   4  0.06 0.12
  321 I    -1   0   0   0   2   0  -1  -1   2   0  -1   0   2   0   0  -1   0   4   1  -1    5   5   5   5   5   5   5   5   5   5   5   5   5   5   5   5   5   5   5   5  0.03 0.09
  322 K    -1   0   0   0   2   0  -1  -1   2   0  -1   0   2   0   0  -1   0   4   1  -1    5   5   5   5   5   5   5   5   5   5   5   5   5   5   5   5   5   5   5   5  0.03 0.09
  323 S    -1   0   0   0   2   0  -1  -1   2   0  -1   0   2   0   0  -1   0   4   1  -1    5   5   5   5   5   5   5   5   5   5   5   5   5   5   5   5   5   5   5   5  0.03 0.09
  324 T    -1   0   1   1   1   1   0  -1   2   0  -1   0   1  -1  -1   0   0   2   0  -1    6   5   7   7   3   5   6   4   4   5   5   6   3   3   3   6   6   2   3   4  0.01 0.06
  325 I    -1   1   0   0   0   0   1  -2   0   0   0   0   1   0   0  -1   0   1  -1  -1    6   7   4   5   2   4   8   3   2   6  11   6   3   3   4   5   7   2   2   5  -0.01 0.04
  326 S     0   0   0   1   0   0   0  -1   0   0   0   0   1   0  -1   1   0   1   0   0    7   6   5   7   2   4   5   5   3   4  12   4   4   4   3   9   6   2   3   7  0.02 0.02
  327 D     0   0   0   0   2   0   0  -1   1   0  -1   0   1   0   0   0   0  -3   1   0    5   5   5   5   5   5   5   5   5   5   5   5   5   5   5   5   5   0   5   5  0.03 0.05
  328 D    -1   0   0   0   3   0   0  -1   2   0  -1   0   2   1   0  -1   0   4   1  -1    5   5   5   5   5   5   5   5   5   5   5   5   5   5   5   5   5   5   5   5  0.09 0.08
  329 Q     0   0   0   0   2   0   0  -1   1   0  -1   0   1   0   0   0   0  -3   1   0    5   5   5   5   5   5   5   5   5   5   5   5   5   5   5   5   5   0   5   5  0.03 0.05
  330 F    -1  -1  -1  -1   1  -1  -1  -2   0   2   1  -1   1   3  -1  -1  -1  -3   1   2    4   3   3   3   3   3   3   3   3  11  10   4   3  12   3   4   3   0   5  17  0.10 0.14
  331 F     0   1   0   0   2  -1   0  -1   1   0   0  -1   1   1  -1   0   1  -3   0   1    5   8   4   5   5   2   5   5   4   6   7   3   4   7   2   4   9   0   3  12  0.02 0.07
  332 S    -1   0   0   0   3   0   0  -1   2   0  -1   0   2   1   0  -1   0   4   1  -1    5   5   5   5   5   5   5   5   5   5   5   5   5   5   5   5   5   5   5   5  0.09 0.08
  333 A    -2  -1  -1  -1   1   0  -2  -2   2  -1  -2   0   1   4  -2  -2  -2   2   5  -1    4   4   3   3   3   4   4   4   4   3   4   7   3  15   3   4   3   2  18   4  0.43 0.29
  334 L    -2  -2  -2  -7   3  -6  -2  -2   0   1   5  -6   1   0  -2  -2  -2  -6  -1  -1    4   3   3   1   5   0   3   4   2   6  44   1   3   4   2   4   3   0   3   5  0.70 0.37
  335 G    -3   4   1  -1   3   0  -3   3   2  -3  -4   2  -1  -3  -3   0  -1  -7  -2  -3    2  19   7   3   4   4   2  18   4   2   2  11   1   2   2   6   5   0   2   2  0.45 0.29
  336 E    -1   0  -1   0   0   2  -2  -2   1   1  -1   0   1   0   2  -1   0   1   1   0    5   5   4   6   2   8   2   4   4   8   7   5   4   5   9   5   5   2   5   6  0.09 0.09
  337 D    -5  -7  -2   7  -1  -3  -3   4  -2  -8  -5  -4   0  -3  -4  -1  -7  -8  -1  -8    2   0   2  50   1   2   2  22   1   0   2   2   2   2   1   5   0   0   2   1  1.47 0.74
  338 G    -3  -4  -3   5  -7  -3  -3   6  -2  -4  -5  -6  -2  -3  -4  -4  -1  -7  -3  -4    3   1   1  26   0   1   2  47   1   1   2   0   1   2   1   2   4   0   1   2  1.20 0.65
  339 L    -2  -5  -4  -5   0  -8  -5  -6  -3   3  -2  -5  -1  -1  -9  -5  -2  11   0   4    4   1   1   1   2   0   1   1   1  13   5   1   2   3   0   1   3  34   3  24  1.63 0.83
  340 F    -7  -8  -5  -9  -2  -4  -8  -6  -7  -3   3  -5  -2   9  -9  -5  -1   3   0  -1    0   0   1   0   1   1   0   1   0   2  20   1   1  57   0   1   4   3   3   4  1.79 0.87
  341 I    -3  -7  -7  -8   0  -7  -7  -8  -7   4   4  -4   2   2  -7  -6  -3  -6  -2   4    2   0   0   0   2   0   0   0   0  19  33   1   4   7   0   0   2   0   1  28  1.06 0.55
  342 M    -5  -7  -4  -8  -2  -7  -5  -8  -7   2   6  -7   2   1  -8  -5  -3  -6  -6   0    1   0   1   0   1   0   1   0   0   9  68   0   5   6   0   1   2   0   0   5  1.43 0.70
  343 D    -5   6   0  -2  -1   0  -2  -5   4  -5  -4   1   0  -2  -7  -2  -3   1   6  -5    1  32   4   2   2   4   3   1   9   1   2   8   3   2   0   3   2   2  21   1  0.98 0.57
  344 Q    -4  -2  -4  -7  -2   2  -4  -5  -2  -1   4  -2   7   3  -7  -5  -2   0   1  -2    1   2   1   0   1  10   1   1   1   3  33   3  22  10   0   1   2   1   5   2  0.90 0.54
  345 M    -4  -7  -8  -8  -2  -7  -7  -8  -7   6   4  -7   4  -1  -7  -5  -4  -7  -6   3    2   0   0   0   1   0   0   0   0  35  32   0   8   2   0   1   1   0   0  18  1.27 0.61
  346 A     3   0  -1  -2   0   0   0   2  -1  -4  -4   0  -3  -4  -5   3  -1  -6  -3  -4   22   6   2   2   2   3   6  16   1   1   1   5   1   1   0  24   4   0   1   1  0.44 0.36
  347 L     0   1   1   0  -2   2   0  -2   1  -1  -1   3   0  -2  -3   0  -1  -3  -1  -2    9   8   6   5   1   8   6   3   3   4   7  19   3   1   1   7   4   0   2   2  0.16 0.17
  348 N    -5  -3   9  -4  -3  -1  -4  -6   6  -5  -7  -2  -4  -8  -5  -3  -3  -9  -4  -6    1   2  65   1   1   3   1   1  17   1   1   2   0   0   1   2   2   0   1   1  2.14 1.02
  349 L     4  -4  -3  -5   0  -5  -4  -2  -3   1   1  -4   4  -2  -5   2   1  -6  -3   1   28   0   1   0   2   0   1   2   1   9  15   1   9   2   0  13   7   0   1   9  0.47 0.37
  350 G    -4  -5   4   4  -4  -3  -3   5  -2  -8  -7  -3  -7  -8  -6   2  -2  -8  -7  -7    1   0  16  18   0   1   2  43   1   0   1   2   0   0   0  13   2   0   0   0  1.17 0.64
  351 D    -1  -1   1   4  -2  -2   2   0   1  -2  -4  -2  -3  -3   4   0  -1  -6  -3  -1    4   3   5  22   1   2  11   6   3   3   1   1   1   2  19   6   3   0   1   6  0.45 0.34
  352 I    -3  -2  -2  -6  -2  -4  -4  -4  -1   4   3  -4   3   0  -4  -3  -2  -1   0   3    2   3   3   0   1   1   1   1   1  20  29   1   8   4   1   2   3   1   3  16  0.55 0.35
  353 P    -1  -4  -2  -4  -2  -3  -3  -5  -1   4   0  -3   2   2  -2  -2   0  -5  -2   4    4   1   2   1   1   1   2   1   2  21   8   2   5   8   2   3   5   0   1  30  0.55 0.36
  354 A     3  -5  -5  -6   4  -5  -5  -2  -5  -1  -3  -5   0   5  -6   0   3  -5   3   1   24   0   0   0   8   0   0   3   0   3   2   0   2  19   0   6  16   0   8   8  0.71 0.47
  355 S     1   4  -1  -3   1   0  -2   0   0  -4  -3   1  -2  -3  -5   2   2  -2  -2  -2   11  20   2   1   3   4   2   7   2   1   2   8   1   1   0  17  12   1   1   3  0.34 0.30
  356 Y    -3  -2  -2   5  -5  -1   6  -5  -2  -5  -6  -2  -3  -1  -6  -3  -4  -3  -3  -6    3   2   2  28   0   3  45   1   1   1   1   2   1   3   0   2   1   1   1   1  1.25 0.71
  357 L    -4  -7  -7  -8  -6  -7  -7  -8  -1   5   5  -7   1   1  -7  -4  -3  -6  -5   4    1   0   0   0   0   0   0   0   2  23  39   0   3   6   0   1   2   0   0  23  1.14 0.57
  358 T     0  -5  -5  -5   0  -5  -6  -5  -3   4   2  -5   2  -1  -5  -2   1  -6  -3   4    9   1   0   1   2   0   0   1   1  21  18   1   5   2   1   3  10   0   1  24  0.64 0.39
  359 I     1   1   1   1   2   1   1   0   1  -1  -1   1  -1  -2  -3   0   0  -2  -1  -1   10   7   6   7   4   7   7   7   4   3   5   8   1   1   0   7   6   1   2   5  0.07 0.08
  360 S     1   1   0   1  -2   2   3  -1   0  -2  -3   1  -2  -3  -3   0   0  -5  -1  -2   14   7   5   7   1   7  20   4   2   3   3   7   1   1   1   7   5   0   3   2  0.23 0.22
  361 M    -5  -3  -8  -8  -6  -7  -8  -6  -7   1   6  -7   5  -1  -8  -5  -5   0  -4  -1    1   2   0   0   0   0   0   1   0   6  71   0  11   2   0   1   0   1   1   3  1.62 0.78
  362 R    -1   1  -5  -4  -4  -2  -3  -6  -2  -4  -5  -2  -4   3  -6  -1  -4  11   4  -4    6   9   1   1   0   2   2   1   1   1   1   2   0  12   0   6   1  41  11   2  1.77 0.81
  363 N    -3   3   3   3  -2   0   2  -2   2  -5  -4   3  -2  -5  -3  -1   0  -4  -2  -5    2  14  15  13   1   4  11   3   4   1   2  16   1   0   2   4   7   0   2   1  0.46 0.32
  364 I    -2   2   1  -1  -1  -1  -1  -3   0   3   1   0   2  -1  -3  -1  -2  -4   1   0    3  12   8   3   1   3   3   1   2  16  16   6   5   3   1   4   2   0   4   6  0.15 0.15
  365 C    -2  -4  -4  -4   3  -5  -4  -4   2  -2   0  -4  -1   6  -6  -3  -3   5   6  -2    3   1   1   1   5   1   1   2   4   3   8   1   1  27   0   3   2   7  26   2  1.09 0.54
  366 Q     0   3   0   0   1   2   2  -3   0  -2  -2   3   0  -3  -2  -1   0  -5  -1  -2    7  17   4   4   3  10  11   1   2   2   4  17   3   1   2   3   5   0   2   3  0.28 0.24
  367 D    -1   0   2   4  -6   0   3  -1   2  -5  -4   1  -1  -5  -3   0  -1  -6  -3  -4    5   6   8  23   0   3  19   4   5   0   2   9   2   0   1   5   4   0   1   1  0.49 0.34
  368 F    -3   1   0  -2  -3   0  -1  -4   0   0   0   1   1   4  -4  -2  -1   3   4  -1    2   9   5   2   1   4   4   1   2   7  10   8   3  15   0   3   4   4  13   3  0.27 0.22
  369 I     0   1   1   0  -2   0   1  -2   0   0   0   1   1  -1  -1  -1  -1  -3   2   0    7   7   6   6   1   3   9   1   2   7  10  11   4   2   3   2   3   0   7   7  0.06 0.09
  370 E    -2   2   0   1  -5   1   5  -2   2  -3  -3   2  -2  -4  -2  -1  -1  -5   0  -4    4   9   5   6   0   5  31   3   5   2   3  13   1   1   2   4   4   0   3   1  0.47 0.34
  371 S     0   1   1   0   0   2   2  -1   1  -2  -2   2  -2  -2   0   2   0  -5  -2  -3    6   6   7   6   2   9  12   4   3   2   4  11   1   2   4  15   5   0   1   1  0.18 0.18
  372 E    -3   3   0   2  -4   2   4  -3   0  -4  -3   3   0  -3  -3  -1  -2  -6  -2  -3    2  12   4  10   0   8  22   2   2   1   2  18   3   1   1   4   3   0   2   2  0.46 0.34
  373 D    -2   0   3   3  -6   0   3  -1   2  -5  -5   2  -1  -4  -2   1  -2  -6  -2  -4    3   4  15  15   0   3  17   5   4   1   1  11   2   1   2  12   2   0   1   1  0.44 0.33
  374 Y    -2  -1   2   0  -2   0   1  -3   2  -1  -1   1   1   1  -1   1   0  -2   4  -2    2   2  11   4   1   3   9   1   4   3   8   7   3   6   3  11   6   0  13   1  0.18 0.20
  375 I    -1   0   0  -1  -1   0  -1  -2  -1   2   1   1   1  -1  -1   0   0  -4  -2   1    5   4   4   4   1   3   3   3   2  16  12   9   4   3   3   6   5   0   1  12  0.06 0.09
  376 D    -2  -1   2   5  -2  -1   2  -2  -1  -2  -3   1  -1  -2  -2   1  -1  -6  -3  -2    3   3  10  28   1   2  14   2   1   2   2   9   2   2   2   9   3   0   1   4  0.43 0.31
  377 E    -2  -1   1   4  -6   1   4  -3   1  -1  -3   1  -3  -2  -2  -1  -2  -6  -3  -3    2   3   7  21   0   5  27   2   3   4   3   9   0   2   2   5   2   0   1   2  0.51 0.36
  378 E    -2  -1   1   3  -6  -1   5  -2   3  -5  -5   2  -3  -5  -2   0  -1  -3  -1  -6    4   3   5  13   0   2  36   3   6   1   1  11   1   0   2   7   3   0   2   0  0.66 0.44
  379 R    -1   4   0   0  -5   0   1  -2   2  -3  -3   3  -1  -1   1   0  -1  -5  -2  -5    3  23   4   6   0   4   9   3   4   2   2  17   2   3   6   7   4   0   1   0  0.37 0.28
  380 T     1  -1  -1  -1  -1   0   2  -3  -2  -2  -2   0   1  -3   2   2   2  -3  -3  -2    9   4   3   3   1   3  12   2   1   2   5   7   4   1  11  18  13   0   1   2  0.25 0.25
  381 P    -2   0  -2  -2  -7  -1  -3  -4   3  -5  -3   3  -6  -4   7  -4  -3  -8  -6  -1    3   5   3   2   0   3   1   1   6   1   3  14   0   1  51   1   2   0   0   5  1.30 0.67
  382 F    -2  -4  -2  -1  -4  -1  -1  -1   0   0   2  -2   3   1   0   0   1  -1   3  -1    3   0   1   4   0   2   3   5   2   5  24   2   8   5   6   7   9   1  11   2  0.20 0.21
  383 V    -1   1   0  -1  -2  -1   0  -2  -3   1  -1   0   1  -2   0   1   2  -2  -1   1    3   7   5   3   1   1   6   3   0   9   4   6   3   2   5  14  16   1   2  11  0.12 0.16
  384 K    -3   1   2   0  -6  -1   3  -4  -2  -6  -5   5  -5  -7   2   1  -1  -7  -6  -3    2   6  10   4   0   2  18   1   1   0   1  31   0   0  10   9   3   0   0   2  0.69 0.45
  385 S    -1  -1   2  -1  -5   0   1   2   0  -3  -4   0  -3  -6   3   3   1  -6  -5  -4    3   3   8   3   0   4   7  17   2   2   1   5   1   0  13  21  10   0   0   1  0.39 0.31
  386 I    -1  -2  -2  -4  -1  -3  -1  -5  -2   4   2  -1   0  -2   0   0   1  -5  -4   2    4   1   1   0   1   0   5   0   1  27  16   5   2   1   5   7  11   0   0  12  0.33 0.27
  387 K    -3   2  -3  -4  -6   2   0  -5   3  -6  -6   4  -5  -6   4   2   0  -6  -5  -5    1  11   0   0   0   9   6   0   8   0   0  22   0   0  20  17   6   0   0   0  0.77 0.47
  388 H    -2   1   2  -2  -5   3   0  -3   5  -3  -5   3  -4  -3   3  -1  -1  -5   1  -4    2   5   8   1   0  14   6   2  14   1   0  21   0   1  12   2   4   0   5   1  0.53 0.35
  389 T    -2  -4  -3  -4  -4  -3  -3  -4  -4  -4  -4  -3  -4  -5  -4   4   7  -6  -5  -3    0   0   0   0   0   0   0   0   0   0   0   0   0   0   0  27  73   0   0   0  1.50 0.57

                      K         Lambda
Standard Ungapped    0.1383     0.3264
Standard Gapped      0.0347     0.2670
PSI Ungapped         0.1132     0.3172
PSI Gapped           0.0347     0.2670
