
Last position-specific scoring matrix computed, weighted observed percentages rounded down, information per position, and relative weight of gapless real matches to pseudocounts
            A   R   N   D   C   Q   E   G   H   I   L   K   M   F   P   S   T   W   Y   V   A   R   N   D   C   Q   E   G   H   I   L   K   M   F   P   S   T   W   Y   V
    1 M    -3  -4  -5  -5  -4  -3  -4  -5  -4   0   2  -4   9  -2  -5  -4  -3  -4  -3  -1    0   0   0   0   0   0   0   0   0   3  18   0  79   0   0   0   0   0   0   0  1.74 0.50
    2 A     2  -2  -1   0  -2  -2  -2   0  -3  -1   0  -2  -2  -3  -1   2   0  -4  -3   2   26   2   2   7   0   0   0   7   0   0   7   0   0   0   2  24   2   0   0  20  0.24 0.18
    3 S     1  -1   0  -1  -3  -2   0  -1  -3  -2  -3   1   0  -4   1   5   0  -4  -3  -3    9   2   2   2   0   0   4   4   0   2   2   8   3   0   5  55   2   0   0   0  0.53 0.29
    4 Q     1   0  -2  -1  -3   3   1  -1   1   1  -1   0   2  -2  -3   1  -1  -3  -2   1   11   3   0   2   0  19   7   3   4  13   3   3   7   1   0  14   1   0   0   9  0.15 0.15
    5 V    -1  -5  -5  -5  -3  -4  -5  -5  -5   4   2  -4   2   1  -5  -4  -3  -4  -3   4    3   0   0   0   0   0   0   0   0  31  22   0   4   5   0   0   0   0   0  34  0.82 0.35
    6 G     2  -3  -2  -1  -5  -2  -2   6  -4  -6  -6  -3  -5  -6  -3   0  -3  -5  -5  -5   17   1   1   3   0   1   3  66   0   0   0   1   0   0   1   6   0   0   0   0  1.24 0.49
    7 A     3  -2  -2  -2  -3  -1  -3   3  -3  -1  -1  -3   0  -1  -3   2  -1  -4  -1  -1   34   1   1   1   0   3   0  21   0   4   7   0   3   3   0  15   2   0   3   2  0.38 0.28
    8 I    -2  -4  -5  -5  -4  -2  -5  -3  -5   4   3  -4   5   3  -5  -2  -3  -4  -3   2    2   1   0   0   0   2   0   2   0  30  23   0  14  11   0   2   1   0   0  13  0.72 0.37
    9 N    -1  -1   4   1  -4  -1  -1   0   1  -1  -2  -1  -2  -3   2   1   0  -5  -2   0    4   2  21  10   0   2   3   7   3   2   2   2   0   1  10  13   6   0   1  10  0.25 0.21
   10 S     1   0   1  -2  -3  -1  -1   0  -2   0  -1   1  -1   0  -1   2   0  -4  -2   0   11   4   7   1   0   1   2   7   0   5   7  11   1   5   3  23   5   0   1   6  0.13 0.16
   11 V    -1  -4  -4  -5  -2  -1  -5  -4  -5   4   3  -4   0   1  -5  -3  -3  -4   0   4    5   0   0   0   1   3   0   1   0  23  24   0   1   7   0   2   0   0   2  29  0.63 0.35
   12 N    -1   1   4   1  -4   0  -1  -1   0  -2  -2   1  -2  -1  -3   1   0  -3  -3  -2    3  10  25   8   0   5   1   5   3   2   3   9   0   3   1  14   6   0   0   3  0.31 0.24
   13 A     2  -1   0   0  -3   0  -1   1  -1  -3  -3   2   0  -2  -1   2  -1  -3   1  -3   22   2   5   4   0   3   2  12   1   1   2  14   2   1   2  15   3   0   7   1  0.23 0.21
   14 L    -1  -1  -2  -4  -4  -3  -3  -4  -4   1   4  -2   1   4  -3  -2  -2  -2   1   0    4   3   2   0   0   1   1   1   0   7  43   3   3  19   1   2   2   0   4   3  0.53 0.31
   15 I    -1  -2  -4  -3  -2  -2  -4  -4  -2   4   3  -2   1   0  -4  -2  -1  -4  -1   2    4   3   1   1   1   2   0   1   1  29  26   2   3   4   0   2   4   0   2  15  0.45 0.27
   16 S     0   2   1   0  -1  -1  -1   2  -1  -4  -2   2  -3  -2  -2   3   1  -4  -3  -3    7  10   5   5   1   1   3  15   1   0   3  13   0   2   1  25   7   0   0   0  0.30 0.25
   17 R     0   4   0  -3  -4   0  -1  -1   1  -1  -1   3  -1  -1  -1   0  -2  -2   0  -1    8  29   5   0   0   2   3   4   3   3   5  17   1   3   3   6   1   0   3   4  0.32 0.25
   18 V     0   0  -4  -4  -3  -2  -3  -4  -3   3   2  -3  -1   0  -2   0  -1  -2  -2   3    9   7   0   0   0   1   1   0   0  15  17   0   1   4   2   9   3   1   1  28  0.32 0.25
   19 F    -1   0  -2  -2  -1  -2  -1  -2   2  -1   0   1  -1   4  -3   0  -1  -2   3  -1    3   6   2   1   1   1   4   3   6   4  10  10   1  23   1   9   3   0   9   4  0.24 0.21
   20 V    -1  -1  -1  -3  -3  -1  -1  -2  -2   2   1   1   0  -1   1  -1   0  -3  -1   2    4   2   2   0   0   2   4   3   0  15  16  13   1   1   8   5   4   0   2  17  0.15 0.16
   21 Q    -1   3  -1   2  -3   4   0  -2   2  -3  -1   1  -2  -4  -2   0  -1  -4  -1  -2    4  14   2  11   0  20   5   3   5   1   7  10   0   0   1   7   4   0   2   3  0.30 0.24
   22 P    -1  -2   0   0  -3   0  -1   0   1  -2  -3  -1  -3  -2   6   0   0  -4  -1  -2    5   2   5   6   1   4   4   6   4   2   2   4   0   2  35   7   6   0   2   3  0.56 0.29
   23 K    -2   1  -1   4  -3   1   0  -2  -1   0  -1   2   0  -2  -2  -1  -1  -3   0  -1    3   9   2  26   0   5   5   2   1   5   6  14   2   2   2   3   4   0   4   5  0.24 0.19
   24 G     0  -2   1   5  -4  -2   0   3   0  -3  -3  -1  -3  -4  -3  -1  -1  -4  -2  -3    9   1   7  32   0   1   5  25   2   2   3   4   0   1   0   4   2   0   2   2  0.54 0.31
   25 D    -4  -4   2   8  -1  -3  -2  -4  -5  -6  -7  -4  -7  -5  -5  -2  -5  -8  -7  -5    1   1   9  78   1   1   1   1   0   0   0   0   0   1   0   3   0   0   0   1  2.13 0.93
   26 L    -1  -2  -3  -5  -3  -3  -4  -2   0   1   1  -3   1   6  -2  -1  -1   2   0   1    5   3   1   0   0   1   0   3   2   9  14   1   4  35   2   5   3   3   2   8  0.55 0.35
   27 A     2  -5  -4  -3   1  -4  -4  -2  -5   3  -2  -3   0   0  -3   0   0  -5  -2   4   21   0   0   1   3   0   0   2   0  20   2   1   2   3   1   7   6   0   1  30  0.56 0.39
   28 D    -3  -4  -1   8  -4  -2  -2  -4  -5  -6  -5  -5  -7   2  -6  -2  -5  -2  -5  -4    2   1   2  76   0   2   2   1   0   0   1   0   0   9   0   3   0   1   0   1  1.97 0.90
   29 R    -5   8  -1  -3  -5   0  -4  -4   0  -5  -6   3  -6  -5  -4  -2  -3  -2  -4  -6    0  66   2   2   0   3   0   1   2   1   0  15   0   0   1   2   2   1   0   0  1.74 0.83
   30 L    -3  -6  -7  -7   2  -5  -7  -5  -6   1   6  -4   3   1  -7  -5  -4  -3  -2   0    2   0   0   0   4   0   0   1   0   7  66   1   7   5   0   0   1   0   1   4  1.26 0.63
   31 N    -4  -4   7  -4  -2  -5  -4  -6   8  -5  -4  -4  -5  -2  -7   1  -4  -7  -3  -5    1   1  44   0   1   0   1   0  34   1   2   1   0   2   0  11   1   0   0   1  1.88 0.89
   32 S    -4  -1  -2  -5   1  -3  -5  -5   4  -6  -3  -4  -5   2  -7   2  -1   0   8  -5    1   4   2   0   3   1   0   1   9   0   3   1   0   8   0  13   3   1  49   0  1.47 0.75
   33 R    -2   3  -1  -3   1   2  -2  -4   0  -1   0   2  -1   2  -4  -1  -1   1   3  -1    2  19   2   1   3   8   1   0   2   3  11  13   1   8   0   4   4   2  11   5  0.32 0.28
   34 V     0  -4  -6  -6   1  -5  -6  -4   0   2   0  -4  -1   4  -6  -4  -2   4   6   2    8   1   0   0   3   0   0   1   2  10   8   1   1  14   0   0   3   5  28  15  0.85 0.48
   35 T    -1  -6  -2  -5  -2  -5  -4  -6  -2  -5  -5  -3  -2  -5  -6   1   8  -7  -6  -4    4   0   2   0   1   0   1   0   1   0   0   1   1   0   0  11  76   0   0   1  1.95 0.98
   36 V     1  -5  -1  -5   1  -4  -4  -3  -5   0  -1  -4   0   0   2   1   2  -2  -3   4    9   0   3   0   3   0   0   2   0   4   3   0   3   5   9  13  12   1   0  32  0.49 0.39
   37 V     1  -3   0  -4   0  -3  -3  -2  -3   2   2  -2   2   1  -3  -1   1   1   0   2   10   0   5   0   2   1   0   3   1  15  17   2   5   5   0   5  10   2   3  14  0.22 0.21
   38 I    -3  -5  -6  -6  -1  -4  -4  -3  -2   5   3  -5   3   2  -6  -5  -3  -2  -4   2    2   0   0   0   1   1   1   2   1  34  28   0   6   8   0   0   1   1   0  13  0.88 0.47
   39 L    -4  -6  -4  -6  -2  -5  -6  -7  -4   1   6  -6   1   3  -7  -4  -4  -5  -3  -1    1   0   1   0   1   1   0   0   0   8  68   0   2  11   0   1   1   0   0   4  1.34 0.66
   40 A     1  -4  -2  -5   0  -3  -4  -3  -5   3   3  -3   2   2  -4  -1  -1  -3  -3   2   12   0   2   0   2   1   0   2   0  15  29   1   4   8   1   4   3   0   0  15  0.42 0.30
   41 V     2  -5  -5  -5   0  -4  -4  -1  -5   3   2  -4   1   3  -5  -1   0  -4  -1   2   15   0   0   0   2   0   0   5   0  17  17   0   4  11   0   4   6   0   2  17  0.42 0.31
   42 S     0  -3  -4  -4   6  -5  -5  -2  -3  -1   1  -4   1   6  -6   1   0  -2   0  -3    9   1   0   1  15   0   0   3   1   2  12   1   4  32   0  10   6   0   2   1  0.81 0.48
   43 S     3  -5  -2  -4   4  -4  -4  -1  -5  -1  -3  -4  -1  -1  -4   4   2   0  -3  -1   25   0   2   1   9   0   0   4   0   3   2   1   2   2   0  30  11   1   1   5  0.66 0.48
   44 A     1  -5  -5  -4  -2  -4  -4  -1  -5   4   2  -4   0   1  -5  -1   1  -5  -3   2   10   0   0   1   1   0   1   4   0  24  21   1   2   7   0   5   8   0   0  15  0.49 0.33
   45 L    -2  -6  -6  -6  -3  -5  -6  -4  -6   4   4  -6   1   1  -4  -4   1  -5  -2   2    3   0   0   0   1   0   0   1   0  20  41   0   3   6   1   1   7   0   1  13  0.85 0.48
   46 L    -2  -4  -3  -6  -2  -5  -6  -4  -4   4   2  -3   0  -2  -6  -2   1  -6  -5   5    3   1   1   0   1   0   0   1   0  20  16   2   2   1   0   4   7   0   0  40  0.87 0.50
   47 L     0  -5  -2  -4   0  -2  -5   0  -5  -1   0  -3   2   0  -5   4   4  -6  -5  -2    7   0   1   1   2   1   0   7   0   3   8   1   4   5   0  27  28   0   0   3  0.63 0.49
   48 S     3  -2  -1  -4   1  -3  -4  -1  -2  -2  -1  -2   0   1  -4   3   2   0  -1  -1   26   2   2   0   2   1   1   5   1   2   6   2   3   7   0  20  14   1   2   4  0.39 0.35
   49 S    -2   4   1  -3  -2  -1  -2  -2  -2  -2  -4   5  -2  -3  -2  -1   1   0  -3  -4    3  18   7   1   1   2   2   3   1   2   1  39   1   1   2   3  10   1   1   1  0.76 0.50
   50 H    -4  -3   0  -1  -4   7   0  -5   3  -1  -3  -3  -1  -3  -3   0  -1  -2   0  -2    1   1   5   4   0  50   6   1   6   3   3   1   2   1   1   6   4   1   3   3  1.06 0.68
   51 F    -3  -6  -2  -7  -2  -3  -6  -5   1  -1   0  -6  -2   5  -5  -5  -1   0   8  -3    2   0   2   0   1   1   0   1   3   3   7   0   1  20   1   1   3   1  50   1  1.59 0.78
   52 I    -1  -5  -4  -4  -4  -4  -4   0  -5   3   1  -3   0   5  -4  -2  -2  -1   0   3    4   0   1   1   0   1   1   7   0  15  12   1   2  24   1   3   2   1   2  25  0.61 0.39
   53 G    -3  -3  -3  -3  -3  -5  -3   6  -1  -3  -2  -3   0   0  -4  -1  -3  -6  -2  -3    1   1   1   1   1   0   2  65   1   1   5   2   3   5   1   5   2   0   1   2  1.27 0.64
   54 D    -1   0   2   3  -5   1   3  -3   0  -5  -4   2  -3  -1  -2   1   0  -5  -2  -4    5   6   9  20   0   4  17   1   2   0   1  12   1   3   1  10   6   0   1   1  0.42 0.31
   55 P    -2  -4  -4  -4  -7  -1  -2  -5   2  -5  -5  -4  -3  -5   8  -2  -1  -7  -7  -5    4   1   1   1   0   3   3   1   5   1   1   1   1   1  70   3   3   0   0   1  2.02 0.94
   56 I    -6  -7  -7  -7  -6  -7  -7  -3  -7   8   1  -7   2  -2  -3  -3  -5  -6  -6   0    0   0   0   0   0   0   0   2   0  73   9   0   4   2   2   2   0   0   0   4  1.91 0.82
   57 T    -1   0   0   3  -5   4   2  -3   2  -1  -3   0  -2  -3  -4   1   1  -5  -1  -2    5   4   4  15   0  19  12   1   4   4   2   4   1   1   0  13   8   0   2   2  0.39 0.32
   58 C    -6  -8  -8  -8  12  -8  -8  -8  -8  -2  -7  -8  -7  -1  -8  -2  -6  -8  -7  -2    0   0   0   0  87   0   0   0   0   3   0   0   0   3   0   3   0   0   0   3  3.93 1.47
   59 W    -3  -3  -2  -2  -5  -2  -3  -3   0   4   0  -3   3   1  -5  -3  -2   8   2   0    2   1   2   3   0   2   2   2   2  20   9   2   8   5   0   2   2  22   8   6  0.90 0.52
   60 T    -1  -2   0  -2   2  -1  -2  -2   1   1   0  -2   1   0  -2   1   2  -4  -1   3    5   2   6   1   4   2   2   3   5   9   6   2   3   3   2  11  12   0   2  20  0.16 0.20
   61 P    -2  -2   0   2  -5  -1  -1  -1   0  -1  -3  -1  -1  -5   6  -1  -1  -5  -2  -3    3   2   5  10   0   2   5   6   3   3   3   4   2   0  39   4   4   0   2   2  0.77 0.51
   62 A     1  -1   0   1  -3   0   0   1   0  -1  -2   0   0  -2   0   0   1  -4  -1  -1   15   2   5   8   0   4   5  12   2   4   3   7   2   2   5   8   7   0   2   4  0.09 0.13
   63 Q    -1  -1  -1   1  -6   3   2  -1   3  -1  -2   1   1   0   0   0  -1  -6   0  -1    4   3   3   7   0  11  12   6   6   4   5   7   3   3   5   7   4   0   3   5  0.17 0.17
   64 F    -1   0   0   0   2   0   0  -1   2   0  -1   0   2   1   0  -1   0   4   1  -1    5   5   5   5   5   5   5   5   5   5   5   5   5   5   5   5   5   5   5   5  0.09 0.08
   65 N    -2  -1   1   2  -4  -2  -1  -1  -1  -2  -4   1  -2  -2   3   1   3  -5  -2  -2    3   3   7  10   0   2   3   5   1   2   2   9   1   2  16  10  20   0   1   3  0.38 0.32
   66 A     0  -1  -1   1  -3  -1   2   3  -1  -3  -3   1  -3   0   1   1   0  -4  -2  -3    7   3   3   9   0   2  12  20   1   1   2   8   1   4   7  12   5   0   1   2  0.25 0.23
   67 Q     1  -1   1   0  -4   1   1   0   3  -1  -3   0  -2  -3   0   2   1  -1  -2  -1   11   3   5   4   0   6   7   7   7   4   2   6   1   1   5  16   8   1   1   3  0.17 0.18
   68 W    -3  -2   0  -2  -2   0  -1  -3   2  -2  -2  -3   1   1   1  -1  -2   9   1   1    2   3   4   2   1   4   4   2   5   3   4   1   3   6   6   5   2  30   4   9  0.97 0.50
   69 V    -1  -1  -1  -1  -1   0   3  -2  -1   2  -1  -1   1  -2  -2  -1   1  -4  -2   2    5   3   3   3   1   3  19   3   1  10   5   3   4   1   1   5   7   0   1  18  0.19 0.19
   70 N    -2   1   3   3  -5   3   2  -2   2  -4  -4   1   0  -2  -3   0  -2  -3  -3  -3    4   6  15  16   0  13  13   3   4   1   2   9   3   2   1   7   1   0   1   1  0.44 0.33
   71 F    -3  -5  -1  -3  -5  -4  -4  -5   2  -1  -2  -5   0   2  -2  -1   1  -3   8   1    2   0   3   1   0   1   1   1   5   3   4   0   2   8   3   4   8   0  43   9  1.12 0.62
   72 V     2  -4  -4  -4   0  -3  -3  -3  -4   3   0  -4   2   2  -3   0   2  -4  -1   2   19   0   0   0   2   1   1   2   0  14   9   0   4  10   1   6  13   0   2  15  0.38 0.31
   73 N    -3  -2   4   1   1   0   4  -3   3  -3  -3   0  -2  -2  -4   0   1  -5  -3  -4    2   2  22   8   3   4  24   1   6   1   3   5   1   2   0   7   7   0   1   1  0.57 0.41
   74 Q    -1  -1   4   2   0   0   0  -3   0  -2  -3   0  -1  -1  -2   1   2  -2  -1  -3    6   3  17  13   2   5   4   1   2   2   2   5   2   3   2  12  14   1   2   1  0.30 0.26
   75 Y    -3  -3  -2  -4  -5  -2  -3  -6   0  -1  -2  -5  -1   5  -5  -1   0   1   7   0    3   1   2   1   0   2   2   1   2   4   3   0   2  19   0   5   6   1  40   6  1.17 0.62
   76 C    -2  -2  -6  -7  11  -6  -7  -4  -7  -3  -2  -6   1  -2  -6  -4  -1  -6  -6  -2    4   2   0   0  70   0   0   2   0   1   4   0   4   2   0   1   4   0   0   3  2.81 1.15
   77 F    -3  -4  -3  -7  -6  -4  -4  -3  -1  -2   0  -7  -2   4  -3  -6  -3  11   3  -2    2   1   2   0   0   1   1   2   2   2   9   0   1  17   2   0   2  43   9   3  2.00 0.96
   78 V    -1  -3  -2  -2  -4  -2  -3  -4  -2   5  -1  -3   1   1  -3  -2   1  -1   1   3    5   2   2   3   0   2   1   1   1  29   4   2   3   5   2   3  11   1   5  20  0.48 0.36
   79 H    -1   0   2   0  -5   3   1  -2   5  -2  -3  -1   1  -3  -3   1   1  -5   1  -3    5   4  11   4   0  14   8   3  14   2   2   4   4   1   1   8   8   0   4   2  0.39 0.35
   80 G    -1  -3   3   0   1  -1   0   4   1  -4  -6  -1  -5  -3  -2   1  -1  -6  -1  -3    4   1  15   6   3   2   5  34   4   1   0   4   0   2   2  10   3   0   2   2  0.59 0.43
   81 T    -3   0  -2  -3  -5  -2  -3  -3   0  -1  -1  -1   1   0  -1   0   6  -6  -1  -2    2   5   2   1   0   2   1   2   2   4   5   4   4   4   4   6  47   0   3   3  0.78 0.59
   82 Y    -4  -2  -1  -2  -8  -2  -2  -4   2   1  -2  -3   0   4  -9  -3  -2   2   7  -1    2   3   3   3   0   2   3   2   4   7   5   2   2  16   0   3   3   2  34   4  1.10 0.61
   83 F    -2  -1   0  -2   0  -2  -2  -1   2   0  -1  -1   0   3   1  -1   1   2   4  -1    4   4   4   2   2   2   3   5   4   4   7   3   2  12   7   4   7   3  15   4  0.28 0.20
   84 V    -1   0   0   0   2   0   0  -1   2   0  -1   0   2   1   0  -1   0   4   1  -1    5   5   5   5   5   5   5   5   5   5   5   5   5   5   5   5   5   5   5   5  0.09 0.08
   85 P     0   0  -1  -2   0  -2  -1  -2   1  -3  -4  -1  -1  -2   6  -1  -2  -8  -2  -2    8   4   4   3   2   2   4   3   3   2   3   4   2   2  36   6   3   0   2   4  0.67 0.55
   86 L    -1   0   0   0   2   0  -1  -1   2   0  -1   0   2   0   0  -1   0   3   1  -1    5   5   5   5   5   5   5   5   5   5   5   5   5   5   5   5   5   5   5   5  0.03 0.09
   87 D    -1   0   0   0   2   0  -1  -1   2   0  -1   0   2   0   0  -1   0   3   1  -1    5   5   5   5   5   5   5   5   5   5   5   5   5   5   5   5   5   5   5   5  0.03 0.09
   88 Q    -2   1   1   1   0   1   2   0   1  -2  -3   0   0   0   0  -1  -1   2   0  -2    3   7   6   8   2   6  13   7   4   3   3   6   3   3   4   5   4   3   3   3  0.09 0.16
   89 Q    -1   0   0   0   2   0   0  -1   2   0  -1   0   2   1   0  -1   0   4   1  -1    5   5   5   5   5   5   5   5   5   5   5   5   5   5   5   5   5   5   5   5  0.09 0.08
   90 L    -1  -1   0  -1   1  -1  -2   0   1   3   0  -1   1   0  -1  -2  -1   2   0   2    5   4   5   3   3   3   3   6   3  15   9   3   4   4   4   3   4   3   3  12  0.12 0.09
   91 A     2  -4  -1  -2  -1  -4  -2   0  -1  -3  -2  -2  -1  -3   6   0  -1  -1  -2  -1   13   1   4   3   1   1   3   8   2   2   4   3   1   1  34   6   4   1   2   4  0.65 0.50
   92 F    -1  -1  -1   0  -2   0   0  -1   2   0   0  -1   1   1   1   0  -1   1   2   0    4   4   3   5   1   4   5   6   5   6   8   4   4   7   8   7   4   2   7   7  0.06 0.07
   93 E     0   0   1   3  -7   0   3  -1   2  -3  -4  -1  -1  -2   1   0  -1   1  -1  -3    7   4   7  15   0   4  16   6   4   2   2   4   2   2   8   7   4   2   2   2  0.29 0.26
   94 E    -1  -1   0   1   0   0   2  -1   2   0  -2   0   0  -1   0   0  -1   1   0   0    6   4   4   8   2   4  13   6   5   6   4   5   2   3   5   7   4   2   4   7  0.08 0.09
   95 E    -1   0   0   2   1   1   2  -1   2  -1  -2   0   0  -1   0   0   1   2   0  -1    5   4   4  10   2   7  12   5   5   3   4   5   3   3   5   6   7   2   4   4  0.13 0.15
   96 E    -1   0   0   0   2   0  -1  -1   2   0  -1   0   2   0   0  -1   0   3   1  -1    5   5   5   5   5   5   5   5   5   5   5   5   5   5   5   5   5   5   5   5  0.03 0.09
   97 R    -1   0   0   0   2   0   0  -1   2   0  -1   0   2   1   0  -1   0   4   1  -1    5   5   5   5   5   5   5   5   5   5   5   5   5   5   5   5   5   5   5   5  0.09 0.08
   98 T    -1   1   0   1  -1   0   2  -2   0  -1  -2   0   0  -2   0   0   1   1  -1  -1    5   7   4   9   1   4  14   4   3   3   3   7   3   2   6   8   8   2   3   5  0.13 0.15
   99 K    -1   2   0   0   1   1   0  -1   2  -1  -3   2   1  -1  -1  -1  -1   2   2  -1    4   9   5   5   3   6   7   4   5   3   3  14   3   3   4   5   4   2   6   4  0.16 0.15
  100 V    -1   0   0   0   2   0   0  -1   2   0  -1   0   2   1   0  -1   0   4   1  -1    5   5   5   5   5   5   5   5   5   5   5   5   5   5   5   5   5   5   5   5  0.09 0.08
  101 S    -1   0   0   0   1   0   1  -1   2  -1  -2   0   1  -1  -1   1   0   2   4  -2    4   5   4   5   3   5   8   5   5   4   3   6   3   3   4  10   5   3  11   3  0.15 0.15
  102 I     0   0   0   0  -3   1   0   0   1   0  -1   0   1   0   1   0   0  -2   1   0    6   6   5   6   0   5   6   6   5   6   6   6   5   5   6   6   6   0   5   6  0.03 0.06
  103 Q    -1   0   0   0   2   0   0  -1   2   0  -1   0   2   1   0  -1   0   4   1  -1    5   5   5   5   5   5   5   5   5   5   5   5   5   5   5   5   5   5   5   5  0.09 0.08
  104 Y    -2   0   1  -2  -3   1   0  -3   2   0   0  -1   2   1   1   0   0   4   2   0    0   7   7   0   0   7   7   0   6   7   7   0   6   6   7   7   7   6   6   7  0.13 0.17
  105 Y     0   0   0  -2   2   1   0   0   2   0  -2   0  -2   1   1   0   0   4   1   0    6   6   6   0   6   6   6   6   6   6   1   6   0   6   6   6   6   6   6   6  0.10 0.14
  106 Q     0   1   0  -1   0   3   0  -1   1   0  -2   0   3  -1  -1   0  -1  -4   1  -1    7   7   4   3   3  16   7   6   4   5   3   5   8   3   3   6   4   0   5   3  0.14 0.19
  107 W     0   0   0  -2   2   1  -2   0  -2   0   0   0  -1   1   1   0  -1   4   1   0    7   7   7   0   6   7   0   7   0   7   7   7   0   6   7   7   0   6   6   7  0.09 0.13
  108 V     0   1  -2  -2  -2   1  -1  -2  -1   1   0  -1   2   1  -2   0   1  -1   2   1    9   9   0   0   0   9   1   1   0   9   9   0   9   9   0   9   9   0   9   9  0.09 0.11
  109 P    -1  -4  -1  -1   1  -1  -1  -2   1  -1  -2  -1  -4  -1   6   0   1   2   0  -1    4   0   3   3   3   3   3   4   3   3   3   3   0   3  35   7  10   3   3   3  0.58 0.34
  110 Y     0   0   0   0   2  -1   0  -1   2   0  -1   0   1   1   0   0  -2   3   1   0    6   6   5   6   5   0   6   6   5   6   6   6   5   5   6   6   0   5   5   6  0.06 0.12
  111 V     0  -2  -2  -4   0  -2  -2  -4   0   3   0  -1   1   4  -4  -2  -1   1   1   2    8   2   2   0   2   1   2   0   3  19   6   4   4  17   0   2   4   2   4  17  0.29 0.25
  112 F    -2  -4  -3  -4   0  -2  -2  -2  -2   1   4  -2   1   2  -1  -2   0   1  -1  -1    3   0   1   0   2   1   2   3   1   5  47   2   3   9   4   3   5   2   2   2  0.46 0.35
  113 A     1  -1  -1  -2   1  -1  -2   1   0   1   1  -1   1   1  -3   0  -1  -2   0   1   15   3   3   2   3   2   0  10   2   8  15   4   3   8   0   4   3   0   2  12  0.06 0.11
  114 L     0  -1  -2  -3   2   0   0   0  -2   1   1  -2   1   2   0  -1   0  -2   1   0    7   3   0   0   5   6   6   8   0  11  15   0   4   9   5   5   5   0   4   6  0.07 0.12
  115 Q     0   0  -2   0   2   1   0  -3   2   0   0   0   1   1   1   0   0  -2   1   0    6   6   0   6   6   6   6   0   6   6   6   6   6   6   6   6   6   0   6   6  0.06 0.11
  116 A     0  -2   1   0   2  -1   0   0  -2   0   0   0   1   1  -2   0   0  -3  -1   0    7   0   7   7   7   0   7   7   0   7   7   7   7   7   0   7   7   0   0   7  0.04 0.09
  117 F     0  -1  -1  -3   1  -2  -1  -1   0   2   1  -2   1   2  -1   0   0   3   0   0    8   5   3   0   4   0   3   4   3  13  14   0   5  10   3   6   5   4   3   6  0.09 0.13
  118 L     0   0   1   0   2  -1  -1   0   2   0   0   0   1   1  -2   0   0  -3  -1   0    7   7   7   7   6   0   0   7   6   7   7   7   6   6   0   7   7   0   0   7  0.04 0.10
  119 F     0   0   0   0   2   1   0  -3   2   0   0   0   1   1  -2   0   0  -2   1   0    6   6   6   6   6   6   6   0   6   6   6   6   6   6   0   6   6   0   6   6  0.06 0.10
  120 Y    -2  -1  -1  -1   2   0  -5  -3   1  -2   0  -1   1   2  -2  -3  -2   2   6  -2    4   4   3   4   5   5   0   2   4   2   9   4   4   8   2   2   3   3  31   3  0.64 0.41
  121 I     0  -2   0  -3   0  -1  -2  -1  -3   2   2  -2   2   1  -1  -1  -1  -3   1   1    7   2   5   0   2   2   3   4   0  17  19   2   5   5   3   5   3   0   5   9  0.14 0.15
  122 P    -1  -5  -5  -2  -6  -1  -1  -5  -5  -1  -3   0   1  -5   7  -2  -1  -6   0  -2    6   0   0   3   0   3   4   0   0   4   3   5   4   0  54   3   4   0   3   3  1.28 0.69
  123 R    -2   3   1  -1   2   2  -1  -1   3  -2  -2   0  -1  -1   0   0  -1   1   0  -1    3  17   7   2   5  12   3   5   8   2   3   5   2   2   4   9   3   2   2   5  0.22 0.22
  124 F    -1  -1  -1  -2   0  -1  -1  -2  -1   1   1   0   0   3  -2  -2  -2   5   2   0    5   3   3   2   2   3   4   3   1  10  17   5   2  12   1   2   2   7   7   7  0.20 0.17
  125 I     0  -2  -2   0   2   1   0   0   2   0   0   0   1   1  -3   0   0   4   1   0    6   0   0   6   6   6   6   6   6   6   6   6   6   6   0   6   6   6   6   6  0.08 0.13
  126 W    -2  -1   0  -1   1   1  -4  -1   1   0  -1  -1  -3   0  -5  -4  -1  10   0  -2    3   3   6   3   3   6   0   5   3   6   6   3   0   3   0   0   3  36   3   3  1.07 0.62
  127 K    -1   3   1   0   0   1   1   0   0  -1  -2   2   1  -2  -3   0  -1  -3  -1  -1    4  16   6   3   2   5   9   6   2   4   3  11   4   2   0   9   3   0   2   6  0.11 0.17
  128 A    -1   0   0   0   2   0  -1  -1   2   0  -1   0   2   0   0  -1   0   3   1  -1    5   5   5   5   5   5   5   5   5   5   5   5   5   5   5   5   5   5   5   5  0.03 0.09
  129 M    -1   0   0   0   2   0   0  -1   1   0  -1   0   1   0  -3   0   0   3   1   0    5   5   5   5   5   5   5   5   5   5   5   5   5   5   0   5   5   5   5   5  0.03 0.10
  130 I     0  -1   1  -1   2   0   2  -2   1   1  -2  -1   2  -1  -1   0  -1   2   1  -1    7   3   7   3   4   4  11   3   3   7   4   4   5   3   3   6   4   2   4   5  0.05 0.11
  131 A     0   0   1   0   2   0   0   0   1  -2  -2   1   0   0  -2   1   0   4   0  -2    8   4   6   4   4   3   5   9   4   3   4  10   3   3   2  11   6   5   3   3  0.12 0.11
  132 Y    -2   1   0  -1   1   1  -1   0   2  -1  -1   0   1   1  -1   0   0   4   2  -1    3   8   4   3   3   7   4   8   5   3   5   5   4   6   3   7   5   5   7   4  0.15 0.13
  133 S    -1   0   0  -1   2  -1   0  -1   1  -1  -1  -1   0  -1  -2   3   1  -6   0  -1    4   5   5   3   4   3   7   6   3   4   7   4   3   3   3  21   9   0   3   4  0.17 0.18
  134 G    -1  -2   0   0   0  -2  -2   5   0  -1  -2  -2   1  -2  -1  -1  -2  -5  -1   0    4   2   4   4   2   2   3  41   2   4   4   3   4   2   3   5   3   0   3   6  0.51 0.38
  135 Y    -2   0  -1  -2   0  -1  -1   0   0   3   1   0   0   1  -3  -2  -1   1   1   1    3   6   3   3   2   3   3   8   2  15  13   7   2   6   1   3   5   2   5   8  0.13 0.10
  136 D    -2   1   3   4  -1   0   0  -2   1  -3  -2   1   0  -2  -2  -1  -1  -6  -2  -3    4   8  14  25   1   5   6   4   3   1   5   7   3   2   2   5   3   0   1   2  0.41 0.34
  137 L    -2  -2  -3  -3  -5  -2  -2  -3  -2   3   3  -2   4   1  -1  -3  -2  -5  -2   2    3   2   1   1   0   2   2   2   1  15  32   2   9   5   3   2   3   0   1  12  0.51 0.35
  138 A     1   1   0   0   0   1   0   0   0  -1  -2   1  -1  -2  -1   0   0  -4  -2  -1   14  10   5   4   2   6   7   8   3   3   3   9   2   2   3   7   6   0   1   5  0.09 0.12
  139 A     1  -1   0   0   1   0   0   0   0  -1  -1   0   1  -1  -2   1   1  -4  -1  -1   15   3   4   6   3   3   6   7   3   4   5   7   4   2   2  13   7   0   2   4  0.08 0.12
  140 A     0   0   0   0   2   0   0  -1   1   0  -1   0   1   0   0   0   0  -2   1   0    5   5   5   5   5   5   5   5   5   5   5   5   5   5   5   5   5   0   5   5  0.03 0.05
  141 V     0  -1  -1  -1   1  -1  -1  -2   0   2   1  -1   1   0  -1  -1   0  -3   0   2    6   3   3   4   4   3   5   3   3  12  12   3   5   3   3   4   5   0   3  16  0.06 0.10
  142 K    -1   1   1   0   0   2   1  -1   0  -1  -1   2   1  -1  -1   0   0  -4  -1  -1    5   9   6   4   2   9   8   4   3   3   5  15   5   2   2   6   7   0   2   3  0.12 0.16
  143 Y     0  -1   1   0   0   0   0   0   1   0   0   0   1   1  -1   0   0   1   2   0    6   2   6   6   3   3   7   6   5   6   9   4   5   7   2   5   5   2   7   5  0.03 0.06
  144 V     2  -1  -1  -2   1  -1  -1  -2  -1   1   1  -1   1  -1  -2  -1   0  -4  -2   2   18   3   2   3   3   3   4   3   1   7  14   2   4   2   2   4   5   0   1  18  0.13 0.16
  145 D    -1   0   2   4   0   0   1  -1   0  -2  -2   0   0  -1  -1   0   0   0  -2  -1    5   5   9  20   2   4   9   4   2   2   4   6   3   2   2   8   5   1   1   4  0.20 0.19
  146 R     0   2   1   1   1   1   1  -1   0  -1  -2   2   0  -2   0   0  -1  -3  -1  -1    6  14   6   7   3   5   7   5   3   4   4  13   3   2   4   6   4   0   2   4  0.13 0.13
  147 F     0  -1  -1  -1   0  -1  -1  -1   0   1   1  -1   1   2   0  -1   0   0   1   0    9   3   3   3   2   2   3   5   3   8  16   4   4   8   5   4   5   1   4   7  0.04 0.05
  148 W     0   1   0  -1   0   0  -1  -1   1   1   0   0   1   0  -1  -1   0   5   0   0    8   7   4   3   2   5   4   6   3   8  10   5   3   3   3   5   5   7   4   6  0.08 0.06
  149 S     0   0   0   1   2   0   0  -1   1  -1  -1   0   1  -1   0   1   0   2   0   0    9   4   5   7   5   4   5   5   4   4   5   7   4   3   4   9   6   2   3   5  0.05 0.05
  150 E    -1   0   0   0   2   0   0  -1   2   0  -1   0   2   1   0  -1   0   4   1  -1    5   5   5   5   5   5   5   5   5   5   5   5   5   5   5   5   5   5   5   5  0.09 0.08
  151 N    -1  -1   3   1   0   0   1  -1   2  -2  -2   1   0  -2  -1   1  -1   0  -2  -1    5   4  14   9   2   4  10   5   4   3   4   7   2   2   3   9   5   1   2   5  0.16 0.16
  152 R    -1   3   1   0   1   0   0  -2   2  -1  -1   1   1  -1   0  -1   0   2   0  -1    4  16   5   5   3   4   7   4   5   4   6   7   4   3   6   5   5   3   3   4  0.15 0.14
  153 D    -1  -1   1   3   2   0   2  -1   1   0  -1   0   1  -1  -1  -1   0   2   0  -1    5   3   6  16   4   4  11   5   3   5   5   5   3   3   3   5   5   3   3   4  0.16 0.14
  154 K    -1   0   0   0   2   0   0  -1   2   0  -1   0   2   1   0  -1   0   4   1  -1    5   5   5   5   5   5   5   5   5   5   5   5   5   5   5   5   5   5   5   5  0.09 0.08
  155 D    -2   1   1   2   1   0   1  -2   3  -1  -2   0   1  -1  -1  -1   1  -6   0  -2    4   8   8  13   3   5   8   4   6   4   4   6   3   3   4   5   8   0   3   4  0.17 0.15
  156 D    -1   0   0   3   1   1   1  -1   1   0  -1   0   1  -1  -1   0  -1   2   0  -1    6   5   5  14   3   6   8   5   3   5   5   6   3   3   4   6   4   3   3   4  0.10 0.09
  157 K    -1   0   0   0   2   0   0  -1   2   0  -1   0   2   1   0  -1   0   4   1  -1    5   5   5   5   5   5   5   5   5   5   5   5   5   5   5   5   5   5   5   5  0.09 0.08
  158 F    -1   0  -1  -2   4  -1  -1  -2   1   1   0   0   1   3  -1  -1  -1   1   1   0    5   6   3   3   8   3   4   3   3   8  10   6   4  11   3   5   4   2   5   6  0.17 0.11
  159 K    -1   0   0   0   2   0   0  -1   2   0  -1   0   2   1   0  -1   0   4   1  -1    5   5   5   5   5   5   5   5   5   5   5   5   5   5   5   5   5   5   5   5  0.09 0.08
  160 T     0   0   0   0   1   0   0  -1   1   0  -1   1   1   0  -1   0   1  -4   0   0    7   5   5   5   4   5   5   4   3   5   5   8   4   3   3   8  10   0   4   7  0.05 0.06
  161 R    -1   3   1  -1   0   1  -1  -2   2   0   0   1   1  -1  -1   0  -1  -4   0  -1    3  17   6   3   3   6   4   3   5   5   9  10   3   2   2   5   4   0   3   3  0.14 0.18
  162 L    -2   0  -2  -2   1  -1  -2  -3   0   3   3   0   2   0  -3  -2  -2   0   0   1    4   5   2   2   3   3   2   2   2  13  22   5   4   4   1   3   3   2   3  11  0.23 0.17
  163 A    -1   0   0   0   2   0  -1  -1   2   0  -1   0   2   0   0  -1   0   3   1  -1    5   5   5   5   5   5   5   5   5   5   5   5   5   5   5   5   5   5   5   5  0.03 0.09
  164 A     0   0   0   0   2   0   0  -1   1   0  -1   0   1   0   0   0   0  -2   1   0    5   5   5   5   5   5   5   5   5   5   5   5   5   5   5   5   5   0   5   5  -0.00 0.06
  165 F    -2  -1  -1  -1   2  -1  -2  -1   1   0   1  -1   1   3  -1  -1  -1   2   3   0    4   4   4   3   4   3   3   5   4   5  12   4   3  13   3   4   4   3   8   6  0.16 0.12
  166 E    -1   0   0   0   2   0   0  -1   2   0  -1   0   2   1   0  -1   0   4   1  -1    5   5   5   5   5   5   5   5   5   5   5   5   5   5   5   5   5   5   5   5  0.09 0.08
  167 G     0   0   1   0   1   0   0   1   2  -1  -1   0   0  -1  -1   0  -1   2   0  -1    7   5   8   6   4   4   6  11   5   4   5   7   3   3   3   6   4   3   4   4  0.06 0.06
  168 R    -1   0   0   0   2   0   0  -1   2   0  -1   0   2   1   0  -1   0   4   1  -1    5   5   5   5   5   5   5   5   5   5   5   5   5   5   5   5   5   5   5   5  0.09 0.08
  169 P    -1   1   0   0   2   0   0  -2   2   0   0   0  -1  -1   3   0  -1  -1   0  -1    5   8   4   5   4   4   5   3   6   5  10   7   1   2  12   6   4   1   3   4  0.11 0.09
  170 S     0   1   1  -1   1  -1   0  -1   1  -1   0   0  -1  -1  -2   2   1  -1  -1  -1    9   7   6   4   3   3   6   5   4   3   8   7   2   3   2  15   7   1   2   3  0.09 0.10
  171 V     0   0   0  -1   2  -1  -1  -2   1   2   1   0   0  -1  -2  -1   0  -2  -1   2    7   6   4   3   5   3   4   3   3  10  11   5   3   3   3   5   6   1   2  15  0.09 0.06
  172 Y    -2  -1  -1  -2   0  -1  -2  -2   5   0  -2   0  -1   2  -2  -1  -1   1   6  -2    4   4   4   3   2   3   3   3  13   5   5   5   2   8   2   5   4   2  20   4  0.53 0.32
  173 I    -2  -1   0  -1   0  -1  -1  -2   0   3   2  -1   2   1  -2   0  -1  -2  -2   1    3   4   4   4   2   2   3   4   2  17  17   4   4   5   2   6   4   1   1   8  0.17 0.11
  174 W    -1   0  -1  -2   0   1   0  -2   0   0  -1  -1   1   2  -2  -1  -2   6   2  -1    5   6   4   2   2   6   6   4   3   6   7   4   3   9   3   5   3  11   7   4  0.29 0.19
  175 D    -1   1   2   3   1   0   1   0   0  -2  -1   0  -1  -1  -2   0  -1   0   0  -2    5   7   8  15   3   4   8   7   2   3   6   6   1   3   3   8   3   1   3   3  0.14 0.12
  176 G     1   0   1  -1   2   0  -1   3   1  -2  -2   0  -1  -1  -1   0   0  -1  -1  -2   10   6   6   3   4   5   4  19   3   3   5   5   2   3   3   7   5   1   2   3  0.13 0.11
  177 I    -2  -1  -2  -3   1  -2  -2  -2   0   2   3  -1   2   2  -2  -2  -1   0   0   1    4   3   3   2   3   2   3   4   2  11  22   4   4   7   3   4   5   1   3  10  0.21 0.13
  178 R    -2   4  -1  -2   1   0  -1  -2   2  -2  -1   2   0   1  -2  -1  -1   0   1  -2    3  22   3   3   3   3   4   3   5   3   7  12   3   5   2   5   4   1   5   3  0.33 0.24
  179 L    -2  -1  -2  -2   2  -1  -2  -3   0   1   3  -2   2   2  -1  -1  -1   1   2   0    4   4   3   3   4   3   2   2   2   7  23   3   5   8   3   5   3   2   6   7  0.24 0.17
  180 A     0   0   0  -1   2   0  -1   0   2  -1  -1   0   0   0   0   0   0   1   0   0    8   5   3   4   4   5   4   7   5   4   6   6   3   3   4   7   4   2   3   6  -0.01 0.04
  181 R    -1   0   0   0   2   0  -1  -1   2   0  -1   0   2   0   0  -1   0   3   1  -1    5   5   5   5   5   5   5   5   5   5   5   5   5   5   5   5   5   5   5   5  0.03 0.09
  182 K    -1   0   0   0   2   0  -1  -1   2   0  -1   0   2   0   0  -1   0   3   1  -1    5   5   5   5   5   5   5   5   5   5   5   5   5   5   5   5   5   5   5   5  0.03 0.09
  183 K    -2   3   0  -1   1   0  -2  -1   2  -1  -1   1   1   0  -1  -1  -1   3   1  -1    4  13   5   4   3   3   3   4   5   4   7  10   3   4   3   5   4   4   4   4  0.09 0.13
  184 R    -1   0   0   0   2   0  -1  -1   2   0  -1   0   2   0   0  -1   0   3   1  -1    5   5   5   5   5   5   5   5   5   5   5   5   5   5   5   5   5   5   5   5  0.03 0.09
  185 S    -1   0   1  -2   2   0  -1   2   3  -1  -2  -1   1  -1  -1   1   0   2   1  -2    5   4   6   3   4   3   3  14   6   3   4   4   3   3   3  11   5   3   5   3  0.08 0.15
  186 R    -2   3   1  -2   1   1  -1  -1   2  -1  -3   1   1   0  -2  -1   0   2   1  -2    4  14   8   3   3   5   4   5   5   3   3   8   3   3   3   5   7   3   5   3  0.13 0.18
  187 N    -1   0   0   0   2   0  -1  -1   2   0  -1   0   2   0   0  -1   0   3   1  -1    5   5   5   5   5   5   5   5   5   5   5   5   5   5   5   5   5   5   5   5  0.03 0.09
  188 M    -2  -1  -1  -2   2  -1  -2  -2   1   1   2  -1   3   1  -1  -1  -1   4   2   0    4   4   3   3   4   3   3   3   3   6  17   3   7   5   3   5   4   5   6   6  0.12 0.14
  189 A    -1   0   0   0   2   0  -1  -1   2   0  -1   0   2   0   0  -1   0   3   1  -1    5   5   5   5   5   5   5   5   5   5   5   5   5   5   5   5   5   5   5   5  0.03 0.09
  190 L    -1   0   0   0   2   0  -1  -1   2   0  -1   0   2   0   0  -1   0   3   1  -1    5   5   5   5   5   5   5   5   5   5   5   5   5   5   5   5   5   5   5   5  0.03 0.09
  191 F    -1   0   0   0   2   0  -1  -1   2   0  -1   0   2   0   0  -1   0   3   1  -1    5   5   5   5   5   5   5   5   5   5   5   5   5   5   5   5   5   5   5   5  0.03 0.09
  192 Y    -2  -2  -3  -3   2  -3  -4  -4   2  -1  -1  -3   1   4  -4  -4  -3   2   7  -1    4   3   2   2   3   1   2   2   4   4   6   2   3  12   2   2   2   2  33   4  0.90 0.61
  193 T    -2  -2  -2  -3   2  -2  -3  -2   0   2   2  -1   2   2  -3  -1   1   1   1   0    3   3   2   2   4   2   2   3   2   9  17   4   5   7   2   5   9   2   4   7  0.15 0.16
  194 L    -2  -2  -3  -7   2  -2  -3  -2  -1   2   3  -3   2   3  -3  -3  -2   0  -1   1    4   3   2   0   4   2   2   3   1  12  25   2   5  12   2   3   3   1   2  10  0.40 0.29
  195 S    -1  -1   0  -2   6  -2  -3  -2   0   1  -1   0   0  -1  -2   1   1  -6   0   1    6   3   5   2  13   2   2   4   2   6   5   7   2   3   2   9  10   0   3   8  0.20 0.21
  196 T    -2  -1   0  -2   2  -2   3  -2  -6  -1  -1   4   1  -1  -2  -2   1  -7   0  -2    3   4   5   2   4   2  15   3   0   3   6  24   3   3   2   4  10   0   3   3  0.41 0.32
  197 V    -1   0   0   0   2   0   0  -1   2   0  -1   0   2   1   0  -1   0   4   1  -1    5   5   5   5   5   5   5   5   5   5   5   5   5   5   5   5   5   5   5   5  0.09 0.08
  198 W    -2  -1  -3  -3   0  -5  -3  -3   1   0   3  -2   1   3  -3  -2  -2   6   3  -1    3   3   1   2   2   0   1   2   3   5  29   3   3  11   1   4   2  11   8   4  0.56 0.37
  199 Q    -2  -1   2  -2   2   1   0  -2   2   0  -1   0   1   1  -2  -1  -1   1   5  -2    3   3   9   2   4   7   5   4   5   5   5   6   3   5   2   4   3   2  18   2  0.27 0.25
  200 A     0  -1  -1  -1   1   0  -1   0   0   1   1  -1   1   1  -1   0   0  -2   0   1    9   3   3   3   3   3   3   6   3   7  16   4   3   7   3   7   4   0   3   9  0.02 0.05
  201 V     0   0   0  -2   2  -1   0   0   2   0   0   0   1   1   1   0   0  -2   1   0    6   6   6   0   6   0   6   6   6   6   6   6   6   6   6   6   6   0   6   6  0.04 0.09
  202 N    -3  -1   7  -2  -1   0  -1  -1   0  -1  -2  -1  -1  -2  -5   0  -1  -5  -2  -1    2   3  48   2   2   4   4   4   2   3   4   3   2   2   0   5   3   0   2   4  0.83 0.55
  203 A     1  -1   0  -2   3  -1  -1  -1  -3   1   0  -1   0   0  -2   0  -1   0   0   2   14   3   4   2   8   2   5   4   0   9   8   2   2   4   2   8   3   1   3  16  0.10 0.14
  204 W     0  -1  -2  -1   1  -1  -2   0   1   1   0  -1   1   1  -3  -1   0   5   1   1    6   4   0   4   4   3   0   6   4  12  10   3   3   7   0   5   5   8   4  12  0.11 0.14
  205 I     0   0   0  -2   2   0  -2   0   2   0   0   0   1   1  -3   0   0   4   1   0    6   6   6   0   6   6   0   6   6   6   6   6   6   6   0   6   6   6   6   6  0.09 0.14
  206 Q     0   0   0   0   2   0   0  -1   1   0  -1   0   1   0   0   0   0  -2   1   0    5   5   5   5   5   5   5   5   5   5   5   5   5   5   5   5   5   0   5   5  0.03 0.05
  207 F    -3  -3  -3  -4  -1  -3  -4  -2  -2   3   3  -4   3   5  -6  -3  -3   1   2  -1    2   1   1   1   2   1   1   3   1  16  23   1   6  25   0   3   2   2   6   3  0.72 0.47
  208 Y    -3  -4  -2  -4   1  -2  -4  -3   0   1  -1  -3   0   5  -3  -3  -2   2   6   0    3   1   2   2   2   2   1   3   2   8   7   2   2  20   2   2   3   3  25   7  0.85 0.49
  209 I    -2  -3  -3  -3   0  -3  -3  -3  -1   3   3  -3   3   3  -6  -3  -2   1   0   1    3   1   2   2   2   1   2   2   2  18  28   1   8  10   0   2   2   2   3  10  0.54 0.36
  210 L    -3  -3  -2  -3   0  -3  -4  -3   0   2   3  -2   6   1  -4  -3  -1   0  -2   0    2   1   2   2   2   1   1   3   3  10  27   3  15   5   1   2   4   1   2   5  0.54 0.38
  211 T    -1  -2   4   1   1   0  -1  -2  -1  -1  -2  -1   0  -1  -2   0   2  -7   0  -2    4   3  18   9   3   4   4   4   2   4   5   4   3   3   2   7  11   0   3   3  0.22 0.25
  212 Q     0   1   0  -1  -1   1   1  -2   2   0  -1   1   0   0  -3  -1  -1   2   2  -2    8   9   5   4   2   7   8   3   4   5   5   9   2   4   1   5   3   2   6   4  0.07 0.12
  213 L     0   0   0   0   2   0  -2  -1  -2   0  -1   0   1   0   0   0   0   3   1   0    5   5   5   5   5   5   0   5   0   5   5   5   5   5   5   5   5   5   5   5  0.02 0.11
  214 L     0   0   0  -3   2  -2  -2   0  -2   0   0   0   1   1   1  -1   0   4   1   0    7   7   7   0   6   0   0   7   0   7   7   7   6   6   7   0   7   6   6   7  0.10 0.14
  215 D     0   0   0   0   2   0   0  -1   1   0  -1   0   1   0   0   0   0  -2   1   0    5   5   5   5   5   5   5   5   5   5   5   5   5   5   5   5   5   0   5   5  0.03 0.05
  216 S    -1  -1   0  -1   1   0  -1   1   1  -1  -2  -1   1   1   0   2   1   2   0  -1    5   4   5   3   3   4   4  11   3   3   4   4   3   6   4  14   8   3   3   5  0.10 0.12
  217 S    -1  -1   2   2   1   1   1   0   1  -2  -2   0   0   0  -1   0   0   2   0  -2    4   4  10  10   3   6   8   8   3   3   4   5   3   3   3   8   5   2   3   3  0.11 0.12
  218 I    -2  -1   0   1  -1  -1  -1  -1   0   2   0   0   1   4  -2   0   0   0   0   0    4   3   5   8   2   3   5   5   2  10   8   5   3  15   2   7   5   1   3   6  0.13 0.09
  219 Y    -2  -1   1  -1   1  -1  -2  -2   3  -1  -1  -2   1   3  -2  -1  -1   3   5  -2    3   3   6   4   3   4   3   4   6   3   6   3   4  12   3   5   4   4  18   3  0.44 0.29
  220 T    -1   0   0   0   2   0   0  -1   2   0  -1   0   2   1   0  -1   0   4   1  -1    5   5   5   5   5   5   5   5   5   5   5   5   5   5   5   5   5   5   5   5  0.09 0.08
  221 L    -2  -1  -1  -2   1   1  -1  -2   1  -1   2  -2   3   2   0  -1  -1   2   1   0    4   4   3   3   2   6   4   3   3   3  20   3   6   9   5   4   4   3   5   7  0.18 0.14
  222 W     0   0   0  -2  -3   1   0  -1   2   0  -1   0   1   1   0   0   0   3   1   0    6   6   5   0   0   5   6   6   5   6   6   6   5   5   6   6   6   5   5   6  0.07 0.11
  223 G    -1   0   0   0   2   0   0  -1   2   0  -1   0   2   1   0  -1   0   4   1  -1    5   5   5   5   5   5   5   5   5   5   5   5   5   5   5   5   5   5   5   5  0.09 0.08
  224 P    -2  -1  -1   0  -1   1  -2  -3   0   1   0  -1   1   3   3  -1  -1   3   1   0    4   3   3   5   2   5   2   3   2   7  10   4   3  10  13   5   4   4   4   6  0.19 0.16
  225 S    -1   0   0   0   1   2   1  -1   2  -1  -1  -1   2   0  -1   0   0   2   0  -1    5   4   4   6   3   8  10   5   5   4   5   4   5   4   4   8   7   2   3   4  0.09 0.11
  226 I    -1   0   0   0   2   0   0  -1   2   0  -1   0   2   1   0  -1   0   4   1  -1    5   5   5   5   5   5   5   5   5   5   5   5   5   5   5   5   5   5   5   5  0.09 0.08
  227 L    -1  -2  -3  -4   0  -3  -4  -5  -1   3   4  -3   3   3  -3  -3  -2   2  -1   1    5   2   1   1   2   2   2   1   2  13  33   2   6   9   2   3   3   3   2   8  0.59 0.34
  228 G     1   1   2   0  -1   1   0   1   0  -2  -2   0   0  -1  -3   1   0   2   0  -2   11   8   8   4   1   6   5  10   2   3   4   6   2   3   2  10   5   2   4   3  0.10 0.11
  229 D    -2  -1   2   4   0   0   1  -2   2  -2  -3  -1   1   1  -2  -1   0   1   1  -3    4   3   8  23   2   3   8   4   5   3   3   4   3   6   2   5   6   2   4   2  0.34 0.26
  230 L    -2  -1  -1  -1   1  -1  -1  -2   1   2   2  -2   3   1  -1  -1   0   2   0   0    4   4   4   4   3   3   4   3   3  10  21   3   6   5   4   5   5   3   3   6  0.15 0.11
  231 L    -1   0   0   0  -3   0   0  -1   2   0  -1   0   1   0   0   0   0   3   1   0    5   5   5   5   0   5   5   5   5   5   5   5   5   5   5   5   5   5   5   5  0.06 0.08
  232 Q    -1   0   2  -1   1   3   1  -2   2  -1  -2   0   2   0  -1   0   0   2   1  -2    6   5   8   4   2  11   8   4   5   3   4   5   5   4   3   8   5   3   4   3  0.15 0.15
  233 G    -1   0   0   0   2   0   0  -1   2   0  -1   0   2   1   0  -1   0   4   1  -1    5   5   5   5   5   5   5   5   5   5   5   5   5   5   5   5   5   5   5   5  0.09 0.08
  234 N    -1   0   0   0  -3   0   0  -1   2   0  -1   0   1   0   0   0   0   3   1   0    5   5   5   5   0   5   5   5   5   5   5   5   5   5   5   5   5   5   5   5  0.06 0.08
  235 D    -1   0   0   0   2   0   0  -1   2   0  -1   0   2   1   0  -1   0   4   1  -1    5   5   5   5   5   5   5   5   5   5   5   5   5   5   5   5   5   5   5   5  0.09 0.08
  236 W    -3  -1  -1   0   1  -1  -2  -2   0  -2  -2  -2   2   0  -1  -2  -1  10   1  -1    3   3   3   6   3   3   4   3   3   3   5   3   4   4   3   3   4  31   4   4  1.09 0.64
  237 Q    -1   2   0   2   1   1   1  -1   1  -1  -2  -1   2  -1   1  -1  -1   2   0  -1    5  11   5   9   3   5  10   4   4   3   4   4   4   3   7   5   4   3   3   4  0.13 0.13
  238 T    -2   0   0   1  -6   0   0  -2   1  -1  -1   0   3  -1   1   0   1   2   0   0    4   6   4   8   0   5   7   3   4   4   5   5   8   3   7   7   8   3   3   6  0.13 0.14
  239 T    -1   0   0   0   2   0   0  -1   2   0  -1   0   2   1   0  -1   0   4   1  -1    5   5   5   5   5   5   5   5   5   5   5   5   5   5   5   5   5   5   5   5  0.09 0.08
  240 G    -1  -1   0   0  -1   0  -1   5   0  -2  -3  -1   0  -3   0  -1   0  -5  -2  -2    5   4   4   5   1   5   4  38   2   3   3   3   3   1   4   4   6   0   2   3  0.42 0.27
  241 H    -1  -1   1  -1  -3   0   1  -2   3   1  -1   0   1   0  -1  -1   0   1   2   0    2   3   7   2   0   3  11   2  12   9   6   4   4   4   3   4   6   2   9   7  0.10 0.11
  242 F    -1   0   1   0  -3  -1  -2   1   2   0   0  -2   2   3  -3   0  -1  -2   0  -1    1   7   7   5   0   0   1  10   8   5   5   1  10  23   1  10   1   0   0   5  0.14 0.13
  243 P     1  -2  -1  -1  -1  -1   1  -2  -2   1   0  -1   0  -2   2   1   1  -3  -2   1   12   1   0   1   0   0  12   1   0  12  12   1   0   0  12  12  12   0   0  12  0.14 0.06
  244 R    -1   0   0   0  -3   0   0  -1   2   0  -1   0   1   0   0   0   0   3   1   0    5   5   5   5   0   5   5   5   5   5   5   5   5   5   5   5   5   5   5   5  0.06 0.08
  245 I    -1   0   0  -1   0   1  -1  -2   0   1   0  -1   1   0  -3   0   0   2   1   2    4   5   5   3   3   7   4   3   3   9   6   3   4   4   0   7   4   3   5  18  0.08 0.13
  246 V     2  -1  -4  -4   0  -4  -4   0  -4   0  -1  -2   0  -1  -2  -1   4   1  -1   2   16   3   0   0   2   0   0   7   0   5   6   2   2   2   2   4  28   2   2  16  0.42 0.36
  247 H    -2   0   0  -3   0   0  -1  -1   1   0   2   2   2   1  -3  -2  -1   1   2  -1    3   4   4   1   2   4   3   5   4   6  19  13   5   7   1   3   3   2   8   4  0.14 0.16
  248 C     1  -2  -2  -2   3  -2  -2   1  -2   1  -1  -2  -1   1   2   1  -1  -2  -1   1   12   1   0   1  11   0   1  12   0  12   1   1   0  12  12  12   1   0   0  12  0.15 0.08
  249 D    -1  -1   1   1  -4   2   1  -2   0   1  -2  -1   0   2   2   0  -1   2   0  -1    3   3   6   7   0   8  11   3   3   9   3   3   3   8  11   6   4   3   3   3  0.14 0.13
  250 F     0   0   0   0  -3  -1   0  -3   2   0   0  -2   1   1   1   0   0   4   1   0    6   6   6   6   0   0   6   0   6   6   6   0   6   6   6   6   6   6   6   6  0.10 0.14
  251 N    -1   0   0   0  -3   0   0  -1   2   0  -1   0   1   0   0   0   0   3   1   0    5   5   5   5   0   5   5   5   5   5   5   5   5   5   5   5   5   5   5   5  0.06 0.08
  252 R    -1   1  -1  -1  -3   0  -1  -1   1   2  -1   2   1   0  -3  -1   0  -3   0   2    4   8   3   3   0   3   4   4   3  12   5  13   4   3   0   4   4   0   4  16  0.12 0.16
  253 R    -1   0   0   0   2   0   0  -1   2   0  -1   0   2   1   0  -1   0   4   1  -1    5   5   5   5   5   5   5   5   5   5   5   5   5   5   5   5   5   5   5   5  0.09 0.08
  254 R    -1   1   0   0  -5   2   0   1   2  -1  -1   0   1   0  -1   0  -1   2   0  -1    4   9   5   5   0   8   6  11   4   3   7   6   3   3   3   6   4   2   3   4  0.06 0.10
  255 P    -1  -1  -1  -2  -4  -1  -2   0   0   0   2  -1   2  -1   3   0  -1  -4  -1   0    3   3   4   2   0   3   2   8   2   4  21   3   6   3  12   9   4   0   2   8  0.17 0.20
  256 A     0  -2   0  -1   1  -1  -2   4   1  -1  -3  -2   2  -1  -2   1  -1   2  -1  -1    8   3   5   4   3   3   3  25   3   3   3   3   5   3   3  10   4   2   3   4  0.28 0.21
  257 S    -2   0   3  -1  -6   2   0   1   1  -1  -3   0   1  -1  -1   1   0  -6   0  -1    4   4  15   3   0   8   6  11   3   3   3   5   3   3   3  10   7   0   3   4  0.22 0.20
  258 V    -1   0   0  -2  -4  -1  -2  -2   0   3   0  -1   1  -1  -1   0   0   1  -1   3    5   5   5   2   0   2   3   4   2  15   7   3   4   2   4   7   5   2   2  21  0.16 0.18
  259 Q    -3   0   3  -2  -6   5   0  -2   6  -2  -2   0   0  -1  -2  -1  -1  -6   0  -2    2   5  13   2   0  21   5   3  17   2   4   5   3   3   2   4   4   0   3   3  0.61 0.46
  260 L    -1   0   0   0  -3   0   0  -1   2   0  -1   0   1   0   0   0   0   3   1   0    5   5   5   5   0   5   5   5   5   5   5   5   5   5   5   5   5   5   5   5  0.06 0.08
  261 D    -2   0   0   0   1   1  -1  -2   6   0  -2  -1   1   1  -2  -2  -2   3   4  -1    4   5   4   6   3   5   4   3  15   5   4   4   3   5   3   4   3   4  12   4  0.40 0.27
  262 T    -1   0   0   0   2   0   0  -1   2   0  -1   0   2   1   0  -1   0   4   1  -1    5   5   5   5   5   5   5   5   5   5   5   5   5   5   5   5   5   5   5   5  0.09 0.08
  263 V     1  -1  -1  -5   3  -1  -2   0   1   2  -1  -5   3   0  -1   0  -1  -5   0   2   13   3   3   0   6   3   3   6   3  10   5   0   6   4   4   8   4   0   3  13  0.23 0.16
  264 L    -2   0  -2  -1  -5   5  -1  -5   2  -1   2  -1   3  -1  -1  -2  -2  -4   1  -1    2   6   2   3   0  26   3   0   4   4  23   2   6   3   3   3   3   0   4   4  0.43 0.40
  265 C     0  -2  -2  -2   4  -2  -2  -2   3   1   1  -2   0   2  -2  -1   1  -2   0   1   12   1   0   1  11   0   1   1  11  12  12   1   0  12   1   1  12   0   0  12  0.13 0.08
  266 V    -1  -2  -1  -3   3  -1  -2  -1   1   2   0   0   1   1  -3   1   0   5   0   1    4   0   3   0   9   3   0   3   4  13   7   6   3   6   0  12   4   9   3  10  0.18 0.15
  267 L    -1   0   0  -3   0  -1  -1  -1  -3   0   3  -2   4   1  -3  -1   0  -3  -2   1    4   4   6   0   2   3   3   5   0   4  32   0  13   7   0   3   4   0   0   7  0.22 0.19
  268 T     0   0   1   1  -3  -1  -2  -1   0  -1  -1  -1   2  -3   3   1   1  -3  -1   0    8   4   6   7   0   2   1   3   2   2   4   3   9   0  16  13  10   0   2   9  0.21 0.18
  269 L    -1  -3  -1  -3  -2  -1  -3  -3  -3   3   2  -3   4   0  -3   0  -1   3  -1   1    5   0   4   0   0   3   1   1   0  20  23   0  12   2   0  10   2   4   2  10  0.30 0.22
  270 N    -1  -2   7   2  -4  -1  -1  -2   1  -2  -3  -3  -1  -2  -4   0  -2  -5  -2  -3    4   2  53   9   0   3   3   2   3   2   2   0   1   2   0   7   2   0   1   2  0.92 0.46
  271 I     0   0   0   0   2   1   0  -3   2   0   0  -1   1   1   1   0   0  -2   1   0    6   6   6   6   6   6   6   0   6   6   6   0   6   6   6   6   6   0   6   6  0.06 0.12
  272 Y    -1  -1  -3  -1  -3  -3  -3  -4   1   1   1  -1   1   4  -1  -3  -1   3   2   1    4   4   0   4   0   0   0   0   4  10  15   4   4  23   4   0   4   4   8   8  0.35 0.26
  273 Y    -1  -3   5   0  -1  -1  -3  -1   2  -1   0  -3   0   0  -4  -1   0  -3   3  -1    5   0  37   3   1   2   0   3   4   4   9   0   3   4   0   4   4   0   9   5  0.47 0.37
  274 E    -1  -1  -1   1  -5   1   6  -2   0  -4  -5  -1  -4  -5  -4   0  -2  -5  -1  -1    4   2   2   5   0   5  55   3   2   0   1   3   0   0   0   7   2   0   3   5  0.86 0.53
  275 K    -1   0  -2  -1   0   1   0  -4  -1  -1  -2   6  -1  -4  -2  -2  -2   1  -1  -1    5   4   1   3   2   4   5   0   1   4   3  50   2   0   2   2   2   2   2   4  0.63 0.45
  276 L    -1  -2  -4  -2   0  -3  -3  -4  -4   5   1  -4   2   2  -4  -1  -1  -3  -1   2    4   2   0   2   2   0   2   0   0  38  13   0   5   8   0   4   4   0   2  12  0.50 0.32
  277 F    -1  -4  -4  -3   1  -4  -4  -5  -3  -1  -1  -4   0   7  -5  -1  -4  -2   6  -2    5   0   0   2   3   0   0   0   0   3   4   0   2  42   0   5   0   0  28   2  1.18 0.55
  278 I    -1  -1  -3  -4   0  -2  -3  -3  -3   3   2  -1   1   1  -1  -1   0  -3  -1   2    4   3   0   0   2   1   0   2   0  25  20   3   3   6   2   3   5   0   2  16  0.28 0.22
  279 F    -3  -4  -5  -5   0  -4  -4  -3  -4   2   1  -2   0   7  -5  -3  -2   0   1   1    2   0   0   0   2   0   0   2   0  13  11   3   2  50   0   1   2   1   2   8  0.94 0.47
  280 L    -2  -4  -3  -3   0  -2  -3  -5  -4   2   5  -4   1   0  -4  -3  -2   0   0   0    2   0   2   2   2   1   2   0   0  12  57   0   3   3   0   1   2   1   3   5  0.68 0.39
  281 W    -5  -2  -6  -2   0  -4  -4  -3  -3  -3  -3  -5  -1  -1  -6  -2  -4  12   2  -3    0   3   0   3   2   1   1   2   1   1   3   0   1   2   0   3   1  67   7   2  2.77 0.98
  282 F    -2  -2  -4  -5   0  -4  -5  -4  -4   1   1  -4   0   7  -3  -4  -2   4   1   0    3   2   1   0   2   0   0   1   0   7  12   0   2  51   1   1   2   5   4   6  1.02 0.48
  283 W    -3  -6  -6  -7  -1  -4  -6  -3   0  -2  -3  -6   2  -2  -6  -3  -5  12   1  -4    2   0   0   0   1   1   0   2   2   3   2   0   4   1   0   2   0  73   3   1  3.15 1.06
  284 L     0   0   0  -3   2  -2  -2   0   2   0   0  -2   1   1   1   0   0   4   1   0    6   6   6   0   6   0   0   6   6   6   6   0   6   6   6   6   6   6   6   6  0.11 0.15
  285 V     0  -2   0  -3   2  -2  -1  -1   0   1   1  -1   1   0   0   0   0   2   0   2    6   0   6   0   4   0   3   3   3  10  13   3   5   5   5   7   4   3   3  16  0.08 0.13
  286 F     0  -3  -3  -3   0   0  -2  -1   0   2   1  -3   1   3  -3  -1  -1   2   1   1    9   0   0   0   3   5   2   5   2  15  15   0   5  17   0   4   3   2   4   8  0.21 0.21
  287 V    -1   0  -2  -4   0  -1  -1  -2  -1   2   3  -3   2  -1  -2  -1  -1   0  -3   2    4   5   2   0   2   3   3   3   2  10  31   0   5   2   2   3   4   2   0  18  0.25 0.24
  288 A     2  -3  -2  -2   0   0  -2   0   1   0   1  -2   1   2  -3   1   0  -3   0  -1   20   0   1   1   2   5   1   7   4   7  16   0   4  10   0  10   5   0   3   3  0.13 0.19
  289 V     0  -3  -1  -2   1  -3  -3  -3  -2   3   1  -3   1   1  -1  -1   0  -3  -1   2    9   1   3   2   3   0   0   2   1  22  15   0   2   7   2   4   6   0   1  19  0.26 0.24
  290 V     0  -2  -3  -2   1  -2  -2  -3  -3   3   2  -3   1   0  -1  -2   0  -1  -1   2   10   2   0   2   3   1   3   2   0  16  26   0   3   3   2   2   7   1   1  15  0.25 0.23
  291 S     0  -1   1  -1  -1   0  -2  -3  -2  -3  -2  -1   0  -5  -2   3   5  -5  -3  -3    6   3   6   3   1   4   1   1   1   1   3   2   2   0   2  23  38   0   1   1  0.61 0.49
  292 T     1  -1   0  -1   1  -1  -2   0   0   1   0  -1   0   0  -1   1   1  -1  -2   1   11   2   4   2   3   2   0   7   3  13   9   3   2   5   2  10   9   1   0  12  0.06 0.11
  293 V     0  -3  -3  -3   2  -3  -4  -1  -2   3   2  -2   0   1  -1  -1  -1  -1   0   2    6   0   1   1   4   0   0   5   1  19  24   3   2   7   3   4   3   1   3  14  0.26 0.23
  294 N    -2  -2   5   1  -2  -2   1  -1   0  -3  -3  -2  -3  -4  -2   4  -1  -5  -2  -4    2   2  25   9   1   1   9   4   2   1   3   1   1   1   1  33   3   0   2   1  0.62 0.49
  295 C    -1  -2  -3  -5   5  -2  -4  -3   0   1   3  -4   2   3  -3  -1   0  -1  -1   0    6   3   1   0  11   1   0   2   2   9  27   0   6  15   1   4   5   1   1   6  0.40 0.31
  296 F    -2  -4  -4  -2   3  -3  -3  -3  -1   3   2  -3   0   5  -1  -2  -2   0   1   1    3   0   0   2   6   1   1   2   2  15  20   2   2  23   4   2   2   1   3   8  0.42 0.30
  297 K     0   0   0  -1   0   0  -1  -2   0   0   0   0   0   1  -1   1   0   0   4   0    6   6   4   3   2   3   3   3   2   4  11   7   2   4   2  10   4   1  16   8  0.09 0.14
  298 W    -3  -1  -4  -3  -2  -1  -5  -2  -3  -1  -2  -4  -1   1  -2  -3  -2  11   1  -3    3   4   1   2   1   3   0   3   1   4   4   1   2   5   2   2   3  52   4   2  1.97 0.90
  299 I    -1  -1  -3  -2   1  -3  -4  -4  -4   3   2  -3   1   2  -1  -2  -1  -1   0   2    5   3   1   3   3   1   0   1   0  22  22   0   4   9   3   2   4   1   2  13  0.33 0.26
  300 Y    -1   0  -3  -4   1  -2  -3  -2   0   1   1  -1   0   4  -2  -1  -1   2   4   0    5   5   1   0   3   1   1   4   2   8  12   3   2  16   2   5   3   3  16   7  0.28 0.24
  301 Y     0   3  -1  -2  -1   0  -1  -2   0   0   0   0   1   2  -2   0   0   1   2   0    7  19   2   1   1   4   2   2   2   6   7   3   4   9   1   7   5   2   7   8  0.13 0.16
  302 L    -1  -1  -2  -3   0  -2  -3  -3  -2   2   3  -3   3   2  -2   0   0  -2  -1   1    4   4   1   1   2   1   1   2   1   9  33   1   9   7   2   7   5   1   1   7  0.33 0.26
  303 C     0  -2  -3  -2   5  -2  -3  -1  -1   1   1  -2   0   2  -3   1   0  -1   0   1    7   2   1   2  15   1   1   4   1   6  15   2   3  11   1  10   6   1   3   8  0.27 0.22
  304 N    -1   0   2  -1   0  -1  -1  -2   0   0   0  -1   0   2   1   1   0   0   0   0    2   5  11   3   2   2   3   3   2   6  11   3   2  10   7  14   4   1   3   5  0.08 0.13
  305 K    -1   3   0  -1  -1   1   0  -2   0  -2  -3   2   0  -1   3   1  -1   0  -2  -2    5  15   3   3   1   5   5   2   2   2   3  12   2   3  17   9   4   2   1   3  0.28 0.24
  306 T    -1   1   1   0   1   1   0  -1   0  -1  -1   1  -1   0  -1   2   1  -1   0  -1    4   7   7   4   3   6   4   5   2   3   5   8   1   4   3  15  11   1   3   4  0.09 0.13
  307 K    -1   0   0   0   2   0  -1  -1   2   0  -1   0   2   0   0  -1   0   3   1  -1    5   5   5   5   5   5   5   5   5   5   5   5   5   5   5   5   5   5   5   5  0.03 0.09
  308 A    -1   0   0   0   2   0  -1  -1   2   0  -1   0   2   0   0  -1   0   3   1  -1    5   5   5   5   5   5   5   5   5   5   5   5   5   5   5   5   5   5   5   5  0.03 0.09
  309 Q    -1   3  -1  -1   1   1   0  -2   1  -1  -1   0   2  -1  -2  -1  -1   2   0   0    5  15   3   3   3   6   6   4   4   4   5   6   5   3   3   5   4   3   4   5  0.09 0.14
  310 K    -1   2   1  -1   0   1  -1  -2   4  -2  -2   2   0   0  -1   1  -1   2   0  -2    6  12   6   4   2   6   4   4   8   3   4  11   2   4   3  10   4   3   3   3  0.21 0.19
  311 T    -1  -1  -2  -4  -1  -1  -4  -3   1  -1   0  -2   1   5  -2   0   0   0   3   0    6   4   2   1   1   3   2   2   3   4  10   3   3  24   3   7   6   1   8   7  0.46 0.30
  312 I     0   0   0   0   2   1   0  -3   2   0  -1   0   1   0   1   0   0  -2   1   0    6   6   5   6   5   5   6   0   5   6   6   6   5   5   6   6   6   0   5   6  0.05 0.09
  313 K    -2   3   0  -1   1   1   0  -2   1  -1  -1   3   0  -1  -1  -1  -1   2   0  -1    3  15   4   4   3   5   6   3   3   4   6  16   3   3   4   5   4   2   3   5  0.22 0.18
  314 N    -3   2   4   1   1   0  -1  -2   1  -2  -2   2   0  -2  -2   0   0   1   0  -2    2  12  16   7   3   5   4   4   3   3   5  11   2   2   2   6   6   2   4   3  0.27 0.22
  315 Y    -2  -1  -1  -3   0   1  -3  -3   4  -2   0  -2   0   3  -3  -2  -2   4   6  -1    3   4   3   2   2   5   2   2   9   3  10   3   2   9   2   3   2   4  23   5  0.65 0.41
  316 L    -4  -2  -3  -3   0  -2  -3  -4  -1   1   5  -2   2   1  -3  -4  -2  -1  -1  -1    2   3   1   2   2   2   2   2   1   8  49   3   5   5   2   2   3   1   2   5  0.82 0.47
  317 S    -1   2   0   0  -1   0   2  -1   0  -2  -2   1  -1  -1  -1   2   0  -6  -1  -1    6   9   4   5   2   5  12   4   2   2   5   8   1   3   3  16   6   0   2   5  0.15 0.16
  318 T     0  -1   0   0   0  -1   0  -1   0   0   0  -1   2   0  -1   0   2  -1  -1   0    6   4   5   6   2   3   5   5   2   6  10   4   5   3   3   8  14   1   2   6  0.07 0.08
  319 A     2  -2   0  -1   1  -1   0   0   1   0   0   0   1  -3  -1   1   0   0  -1  -1   16   2   4   4   3   3   7   7   4   6   8   5   3   1   3  12   5   1   2   4  0.10 0.11
  320 P    -2   1   0   1   0   0   1   0   0  -2  -2   0  -3  -3   4  -1  -1  -6  -3  -1    4   6   5   9   2   5   8   8   2   2   5   5   1   2  22   6   4   0   1   5  0.31 0.26
  321 I     0   1  -1   0   0   0  -1  -2  -1   3   1  -1   1   0  -2  -1  -2  -5  -1   2    7   7   3   6   2   4   4   4   2  15  14   4   3   3   2   5   2   0   2  12  0.13 0.09
  322 K    -1   2   0   2  -2   1   1  -2   1  -1  -2   4   0  -3  -1  -1  -2  -7   0  -3    5  11   4   9   1   5   8   4   3   4   5  20   2   1   4   5   2   0   4   2  0.28 0.24
  323 S    -1   1   1   0   0  -1   1  -1   2  -3  -4   1  -1  -1   0   3   1  -2  -2  -3    6   6   6   6   2   3  10   5   4   1   2  10   2   3   6  18   7   1   1   2  0.22 0.22
  324 T    -1   1   1   1  -3   0   0  -2   1  -2  -2   1   0   0  -1   1   2  -2  -3  -1    5   6   7   8   1   5   7   4   3   3   4   8   2   4   3  11  14   1   1   4  0.16 0.16
  325 I    -1   1  -1   0  -1  -1   0  -3  -1   2   2   0   1  -1  -1  -1   0  -5  -2   1    5   7   3   5   1   2   6   3   1  10  17   7   4   3   4   4   6   0   1  11  0.12 0.10
  326 S     0   0   0   1  -2   0   0   0   0  -2   0   1   0  -1  -1   2   0  -3  -2  -1    8   6   5   8   1   5   7   7   2   2   9   7   2   3   3  14   5   0   2   4  0.07 0.09
  327 D    -3   0   1   5  -3  -1   2  -4  -1  -3  -2   1  -3  -3  -3  -1  -1  -8  -3   0    3   5   6  33   1   3  11   2   2   2   5   8   1   2   1   6   4   0   1   7  0.62 0.42
  328 D    -3   1   1   5  -3   0   3  -4   1  -4  -3   2  -2  -3  -2  -2  -2   2  -4  -1    3   7   7  25   1   4  17   1   3   1   3  11   1   2   3   4   3   2   1   4  0.59 0.41
  329 Q    -4   3  -1  -1  -4   3   2  -4   1  -5  -2   3  -2   4  -6  -1  -3  -2  -1  -4    2  15   3   3   1  12  11   2   3   1   5  15   1  15   1   4   2   1   2   2  0.61 0.42
  330 F    -3  -2  -4  -4  -1  -4  -3  -5   0   1   1  -1   0   6  -6  -3  -1  -2   2   2    3   3   1   1   2   1   3   1   2   7  14   4   2  31   1   2   4   1   5  12  0.80 0.44
  331 F    -2  -1  -2  -2   0  -4  -2  -4   2   2   1  -2   1   5  -5  -2  -1  -3   0   2    4   4   2   3   2   1   4   2   5   9  11   2   4  21   1   3   4   0   3  15  0.47 0.27
  332 S    -1   2   3   2  -2   0   1  -3   3  -4  -5   1  -3  -4  -4   2   0  -7  -1  -3    6  10  14  10   1   5   8   3   6   1   1   8   1   1   1  14   6   0   2   2  0.42 0.32
  333 A     0  -1   0  -1   1  -1   0  -1   1  -3  -2   1   0   3  -6  -1  -2  -3   4   0    9   4   4   4   3   3   7   5   3   2   4   9   3  10   0   6   3   0  15   6  0.30 0.22
  334 L    -4  -5  -6 -11  -4  -6  -7  -8  -5   1   7 -10   0  -1  -7  -7  -7 -10  -6  -1    2   1   1   0   0   1   1   0   0   6  76   0   2   3   0   1   1   0   0   5  1.96 0.99
  335 G    -3   6  -1  -3  -2  -2  -6   4   2  -5  -7   3  -5  -6  -9  -2  -2 -10  -5  -5    2  35   3   2   1   2   1  25   4   1   1  13   0   1   0   4   3   0   1   1  1.19 0.70
  336 E    -1   1   0   0   0   3   0  -3   2  -2  -2   0  -1  -2   3   0  -1   0  -1  -3    6   9   5   5   2  11   7   3   5   3   5   7   2   2  12   8   4   2   2   2  0.21 0.21
  337 D   -11 -10  -1   9 -11  -5  -4  -3  -3 -11  -7  -5  -5  -6  -7  -6 -10 -12  -6 -11    0   0   3  86   0   1   1   3   1   0   1   1   0   1   0   1   0   0   0   0  3.03 1.47
  338 G    -3  -6  -4  -1  -9  -9  -5   7  -2 -10  -8  -5  -2  -6  -5  -4  -4  -9  -4  -6    2   1   1   4   0   0   1  82   1   0   0   1   1   1   1   1   1   0   1   1  2.33 1.18
  339 L    -3  -5  -3  -4   2  -8  -6  -5  -3   4   0  -8   2  -2  -8  -3  -1   4  -2   6    3   1   1   1   3   0   1   1   1  18  10   0   4   2   0   2   4   5   1  41  1.13 0.62
  340 F    -9  -7  -4 -10  -2  -6 -10 -10  -9  -3   2  -2  -4   9 -10  -6  -2  -3  -2  -4    0   0   1   0   1   1   0   0   0   1  18   3   1  67   0   1   3   0   1   2  2.41 1.13
  341 I    -4  -8  -9  -9   0  -6  -5  -9  -4   4   4  -5   2  -3  -9  -8  -2  -8  -5   4    1   0   0   0   2   0   1   0   0  22  35   1   4   1   0   0   3   0   0  29  1.35 0.71
  342 M    -6  -6  -4  -3  -4  -4  -5  -6  -4   2   6  -3   3  -2  -9  -6  -5  -8  -7   0    1   0   1   2   0   1   1   1   0  11  64   2   6   2   0   1   1   0   0   5  1.48 0.79
  343 D    -8   7  -1   0  -4   1  -2  -3   4  -9  -5   1  -2  -4  -5  -3  -5  -1  -1  -9    0  52   3   5   1   7   3   2   7   0   2   8   1   1   1   3   1   1   3   0  1.43 0.82
  344 Q    -4  -4  -3  -5  -3   2  -2  -6   0  -1   4  -3   8   2  -8  -4  -3  -7  -4  -2    2   1   2   1   1   8   3   1   2   3  31   2  30   7   0   1   2   0   1   3  1.15 0.68
  345 M    -4  -6  -4  -6  -2  -6  -8  -6  -8   6   3  -5   4  -2  -4  -7  -4  -4  -7   3    1   0   1   1   1   0   0   1   0  38  23   1   8   2   1   0   1   0   0  20  1.32 0.69
  346 A     3   0  -1  -1   1   0   0   1   0  -5  -4  -1  -4  -4  -5   3   0  -3  -4  -2   27   6   3   3   3   4   7  10   2   1   1   3   0   1   0  20   5   0   1   3  0.45 0.39
  347 L     0   1   0  -1  -3   0  -1  -2   1   1   2   1   2  -3  -5   0   0  -3  -1  -2    9   7   5   3   1   4   3   3   4   9  21   8   6   1   0   8   6   0   2   2  0.16 0.19
  348 N    -5  -2   8  -4  -5  -1  -5  -6   7  -7  -7  -3  -5  -4  -6  -1  -5 -10  -3  -7    1   3  60   1   0   3   1   1  20   0   0   1   0   1   1   4   1   0   1   0  2.22 1.13
  349 L     5  -6  -2  -5   2  -6  -6  -1  -1  -1   1  -6   1  -1  -4   2   0  -7  -3   0   38   0   2   0   4   0   0   4   1   4  13   0   3   3   1  16   6   0   1   6  0.68 0.50
  350 G    -3  -5   3  -2  -4  -4  -5   7  -5  -4  -9  -5  -8  -8  -8   0  -2  -8  -8  -5    3   1  13   2   0   1   1  65   0   1   0   1   0   0   0   7   3   0   0   1  1.68 0.89
  351 D    -2  -2   1   6  -7  -1   3  -2   0  -2  -6  -3  -4  -4  -1  -1  -3  -7  -5  -1    4   2   6  38   0   2  20   3   2   3   0   1   0   1   4   5   2   0   0   5  0.87 0.56
  352 I    -2  -4  -5  -5  -2  -3  -4  -5  -2   5   3  -4   3  -1  -5  -4  -2  -6  -4   3    3   1   1   1   1   1   1   1   1  28  29   1   7   2   1   1   3   0   0  17  0.88 0.50
  353 P    -2  -3  -2  -4   0  -3  -3  -3  -2   3   0  -4   3   2   2  -1  -1  -3  -1   4    3   1   2   1   2   1   2   2   1  15   6   1   6   8  11   4   4   0   2  27  0.45 0.32
  354 A     4  -4  -4  -4   4  -5  -4  -1  -3  -1  -2  -3  -1  -2  -4   1   2  -6  -3   0   38   1   0   1   8   0   1   5   1   3   3   2   1   2   1  10  14   0   1   7  0.70 0.49
  355 S     2   1  -2  -1   0  -2  -1   1  -2  -3  -3  -1  -5  -5  -4   4   3  -6  -2  -3   14   8   1   3   2   2   3  11   1   2   3   3   0   0   1  28  16   0   1   1  0.48 0.40
  356 Y    -2  -1  -2   4  -6  -1   5  -4   0  -3  -4  -2  -2   1  -2  -3  -4  -2   3  -4    4   4   2  18   0   2  39   1   2   2   2   2   1   6   2   1   1   1   9   2  0.86 0.56
  357 L    -3  -4  -6  -6  -5  -5  -6  -4   1   4   5  -6   2  -1  -6  -3  -3  -5  -5   3    2   1   0   0   0   0   0   2   3  20  45   0   4   2   0   2   1   0   0  16  1.02 0.53
  358 T     0  -3  -2  -4  -1  -4  -3  -4  -4   3   0  -3   0  -2  -3   0   4  -5  -3   3    9   1   1   1   1   0   2   1   0  15   9   2   2   2   2   7  25   0   1  20  0.51 0.35
  359 I     1   0   0  -1   2   0   0  -1  -1   1   1   0   0   0  -2  -1   0  -3  -1   1   13   5   5   4   5   3   6   3   1   8  12   6   3   4   1   3   6   0   1   9  0.04 0.06
  360 S     2   0   1  -1  -3   0   2  -1   0  -2  -2   1  -1  -3  -2   2   1  -4  -3  -1   20   4   7   3   0   3  13   4   2   2   3   7   1   1   1  15   7   0   1   4  0.22 0.21
  361 M    -2  -1  -5  -6  -5  -4  -5  -4  -2   0   5  -5   6  -1  -6  -4  -4   1  -3  -1    3   3   1   0   0   1   1   2   1   5  53   1  18   3   0   1   1   2   1   4  1.16 0.60
  362 R    -3   4  -1  -2  -5  -1  -1  -3   0  -5  -3   2  -3   1  -5  -1  -2   8   2  -3    2  22   3   2   0   2   4   2   2   0   2  12   0   6   0   5   2  21   7   2  0.90 0.51
  363 N    -2   1   5   2  -1  -1   1  -2  -1  -4  -5   1  -1  -5   0  -1   0  -5   0  -5    2   8  30  13   1   3   8   3   1   1   1   8   1   0   4   4   6   0   4   0  0.56 0.38
  364 I    -2  -1  -3  -5  -1  -4  -3  -5  -2   4   3  -4   2   1  -5  -4  -3  -4   0   2    2   3   1   0   1   0   1   1   1  28  31   1   4   6   0   1   1   0   3  13  0.68 0.37
  365 C    -1  -3  -2  -3   7  -3  -4  -2   0  -2  -1  -3  -1   3  -2  -1  -2   6   3   0    6   1   2   1  21   1   1   3   2   2   7   2   1  12   2   6   2  10  10   6  0.69 0.37
  366 Q     0   2   0   1   0   4   2  -3   0  -3  -3   2   0  -3  -1  -1   0  -2  -3  -2    9  10   4   6   2  21  12   1   2   1   2  13   3   1   3   2   4   1   1   2  0.36 0.28
  367 D    -1   0   1   5  -5  -1   2  -3   2  -4  -3   0  -1  -4  -3  -1  -1  -5  -2  -4    5   5   7  36   0   3  13   2   4   1   3   5   2   0   1   5   4   0   2   1  0.63 0.38
  368 F    -3  -1  -3  -3   0  -2  -3  -4   0   1   1  -1   0   6  -3  -3  -1   3   4  -1    2   3   1   2   2   1   2   1   3   7  13   5   2  29   1   2   3   4  15   3  0.60 0.34
  369 I     0  -1   0  -1  -1  -2  -2  -3  -1   3   1   0   0   1  -2  -2   0  -1   2   1    7   3   5   3   1   1   2   1   2  18  14   6   2   6   2   2   5   1   7  11  0.13 0.13
  370 E    -1   1   0   1  -5   0   5  -3   1  -2  -3   1  -1  -5  -1  -2  -1  -5  -1  -3    4   7   4   7   0   4  41   1   4   2   2  10   2   0   3   1   4   0   2   1  0.63 0.41
  371 S     0   0   2   0   0   1   1  -1   0  -2  -2   1  -1  -3   0   3   0  -2  -1  -2    7   3   8   5   2   7   9   3   2   2   3  10   1   1   3  23   6   1   2   2  0.20 0.20
  372 E    -2   2  -1   2  -3   1   4  -2   2  -4  -4   3   0  -2  -4  -1  -2  -5   0  -4    2   9   2  12   1   6  31   3   4   1   1  15   3   1   0   3   2   0   3   1  0.57 0.38
  373 D    -3  -1   3   4  -5  -1   3   0   2  -4  -4   1  -1  -4  -1   1  -2  -5  -3  -4    1   2  15  23   0   2  17   6   5   1   1   9   2   1   3   9   2   0   1   1  0.55 0.35
  374 Y    -2  -2   1  -1  -2  -1   0  -2   1  -1   0   0   0   2  -3   0  -1  -2   6  -2    3   1   6   3   1   3   6   3   3   3   8   6   2   7   1   8   4   0  30   2  0.44 0.31
  375 I    -1  -1  -1  -1  -3   0  -1  -2  -1   3   1   0   1   0  -1  -1   0  -3  -1   2    5   3   2   3   0   4   3   3   1  22  14   6   4   3   2   4   6   0   2  13  0.12 0.12
  376 D    -2  -1   2   5  -5   0   2  -1  -1  -3  -4   1  -1  -2  -3   0  -1  -5  -3  -2    2   4   8  33   0   3  14   5   1   1   1   8   1   2   1   7   4   0   1   4  0.53 0.33
  377 E    -2  -1   0   3  -6   0   5  -2   1  -2  -3   2  -4  -4  -1  -1  -1  -6  -2  -4    3   3   4  16   0   3  37   2   3   3   2  11   0   1   3   4   3   0   1   1  0.61 0.39
  378 E    -1   0   1   2  -6   0   5  -1   2  -5  -4   1  -5  -4  -1   0  -1  -6  -4  -5    4   4   5  11   0   3  41   5   6   0   1   7   0   1   2   7   3   0   0   0  0.69 0.42
  379 R    -2   5   0   0  -5   1   1  -2   2  -5  -3   3   0  -2   1   0  -1  -5  -2  -4    3  29   4   4   0   5   7   3   5   0   2  16   2   2   7   5   4   0   1   0  0.48 0.31
  380 T     0  -1   0  -1  -1   0   1  -2  -2  -1  -1   0   0  -4   2   2   3  -5  -3  -2    8   2   3   2   1   4   8   2   1   3   5   6   3   0   9  17  24   0   1   1  0.28 0.25
  381 P    -2  -1  -1  -2  -6  -1  -2  -5   2  -5  -3   2  -5  -3   7  -3  -2  -7  -5  -2    3   3   3   2   0   3   2   0   4   0   3  13   0   2  57   1   2   0   0   4  1.42 0.61
  382 F    -1  -3  -1  -1  -3  -3  -2  -1  -2   0   2  -2   2   3  -1  -1  -1  -2   4  -1    3   0   3   5   0   0   3   6   0   3  22   2   7  13   4   6   4   0  16   3  0.24 0.20
  383 V    -1  -1  -1  -1  -1  -2   0  -4  -3   2   0  -1   1  -2  -1   0   2  -4  -3   3    2   4   3   2   1   0   8   0   0  11   7   3   4   1   2   7  19   0   0  25  0.21 0.17
  384 K    -2   2   2   0  -5   0   3  -2   0  -4  -4   4  -3  -5   0   1  -1  -5  -4  -2    0  10   9   4   0   2  18   1   1   0   0  35   0   0   5   9   3   0   0   3  0.55 0.27
  385 S    -1   0   2  -1  -3  -2   0   2   0  -3  -3   0  -2  -4   2   3   2  -4  -3  -3    2   4   9   2   0   0   7  14   2   1   2   4   1   0   9  31  12   0   0   0  0.37 0.21
  386 I    -1  -1  -4  -4  -3  -3  -3  -4  -4   5   2   0   0  -2  -2  -1   0  -4  -3   3    2   4   0   0   0   0   0   0   0  43  17   7   0   0   2   3   5   0   0  17  0.49 0.22
  387 K    -2   2  -1  -2  -4   2   1  -3   3  -4  -4   4  -3  -4   2   1   1  -4  -2  -3    0  13   0   0   0  10   5   0   8   0   0  38   0   0   9   9   8   0   0   0  0.53 0.20
  388 H    -2   1   2  -2  -4   1   0  -3   7  -4  -4   1  -2  -3   0   0   0  -3   1  -3    0   6   9   0   0   7   4   0  41   0   0  12   0   0   5   5   7   0   4   0  0.63 0.19
  389 T    -1  -2  -1  -2  -2  -2  -2  -2  -3  -2  -2  -2  -2  -3  -2   3   6  -4  -3  -1    0   0   0   0   0   0   0   0   0   0   0   0   0   0   0  20  80   0   0   0  0.85 0.19

                      K         Lambda
Standard Ungapped    0.1383     0.3264
Standard Gapped      0.0410     0.2670
PSI Ungapped         0.1383     0.3264
PSI Gapped           0.0410     0.2670
