
Last position-specific scoring matrix computed, weighted observed percentages rounded down, information per position, and relative weight of gapless real matches to pseudocounts
            A   R   N   D   C   Q   E   G   H   I   L   K   M   F   P   S   T   W   Y   V   A   R   N   D   C   Q   E   G   H   I   L   K   M   F   P   S   T   W   Y   V
    1 M    -6  -7  -8  -9  -7  -6  -7  -8  -7  -4  -3  -7  11  -5  -8  -7  -6  -7  -6  -5    0   0   0   0   0   0   0   0   0   0   0   0 100   0   0   0   0   0   0   0  4.02 1.19
    2 I    -5  -6  -6  -7  -7  -6  -7  -6  -6   2   2  -6  10   1  -6  -6  -4   5  -2  -3    1   0   0   0   0   0   0   1   0   9  15   0  57   5   0   0   1   7   1   1  2.13 0.84
    3 K    -1   1   1  -2  -4   2  -1  -2  -1   0   1   3   0  -2  -1  -1   1   0   0  -2    3   7   8   1   0   8   2   2   1   5  14  22   2   2   3   5   9   1   3   2  0.21 0.20
    4 S     0  -1   4  -1  -4   2  -1  -2   1  -2  -3   0  -1  -4  -1   2   3  -5  -3  -2    6   2  20   2   0   9   4   2   4   3   3   6   1   0   4  16  16   0   1   2  0.38 0.29
    5 L    -1  -6  -7  -7   0  -6  -6  -6  -5   3   3  -6   0   3  -6  -5  -3   7   4   2    5   0   0   0   2   0   0   0   0  16  25   0   2  11   0   0   1  12  13  12  0.93 0.45
    6 F    -2  -7  -7  -8  -4  -6  -7  -5  -7   3   5  -7   0   3  -6  -5  -5  -2  -4   1    4   0   0   0   0   0   0   1   0  13  61   0   1  10   0   1   0   1   0   7  1.25 0.57
    7 A     3  -5  -5  -6  -1  -1  -5  -5  -4   1   3  -5   1   1  -5  -2  -3   4   2  -1   26   0   0   0   1   3   0   0   0   6  31   0   4   6   0   3   1   6   7   4  0.65 0.39
    8 V    -4  -8  -8  -8  -4  -8  -8  -8  -8   5  -3  -8  -3  -5  -8  -7  -5  -8  -6   7    1   0   0   0   0   0   0   0   0  29   2   0   0   0   0   0   0   0   0  67  2.12 0.84
    9 I     5  -6  -5  -6   1  -5  -5   3  -6  -1  -3  -5   2   4  -6  -1  -4  -4  -4  -1   39   0   0   0   3   0   0  23   0   3   1   0   6  15   0   4   1   0   0   5  0.94 0.51
   10 I     1  -6  -6  -7   1  -6  -6  -5  -6   4   4  -6   0   1  -6  -3  -2  -6  -4   2   12   0   0   0   3   0   0   1   0  20  43   0   2   5   0   2   2   0   0  11  0.88 0.44
   11 G    -3  -8  -6  -6  -6  -8  -8   8  -8 -10  -8  -8  -6  -2  -8  -5  -7  -8  -9  -9    2   0   0   0   0   0   0  95   0   0   0   0   0   2   0   0   0   0   0   0  2.81 1.05
   12 G     3  -7  -6  -7  -3  -7  -7   7  -7  -9  -9  -7  -8  -8  -7   0  -5  -8  -8  -8   20   0   0   0   1   0   0  73   0   0   0   0   0   0   0   6   0   0   0   0  2.10 0.87
   13 S     5  -6  -6  -7   0  -6  -6   3  -6  -2  -5  -6   2   3  -6  -1  -4  -7  -5  -2   52   0   0   0   2   0   0  18   0   2   1   0   4  11   0   5   1   0   0   3  1.17 0.61
   14 V     0  -7  -7  -7  -1  -6  -7  -6  -7   4   4  -6  -1   2  -6  -5  -2  -6  -5   3    8   0   0   0   1   0   0   0   0  24  39   0   1   7   0   1   2   0   0  16  1.02 0.49
   15 G    -6  -9  -7  -8  -9  -8  -5   8  -9 -10 -10  -8  -9 -10  -9  -7  -8  -9 -10 -10    0   0   0   0   0   0   1  99   0   0   0   0   0   0   0   0   0   0   0   0  3.12 1.17
   16 C     6  -7  -6  -7   1  -6  -5   0  -7  -7  -7  -6  -6  -8  -6   4   0  -8  -7  -5   57   0   0   0   3   0   0   7   0   0   0   0   0   0   0  27   6   0   0   0  1.54 0.78
   17 T     0  -6  -2  -6   2  -5  -5  -2  -6   2   2  -5   3  -3   2   0  -1   3  -4   4    6   0   2   0   4   0   0   3   0   9  18   0   6   1   9   7   3   4   0  27  0.53 0.34
   18 L     3  -6  -6  -7   3  -6  -6  -1  -7  -2   5  -6   1   0  -6   0  -2  -6  -5  -3   20   0   0   0   6   0   0   5   0   1  49   0   3   3   0   8   3   0   0   1  0.95 0.53
   19 R    -8   9  -7  -8 -10  -6  -7  -9  -7  -9  -9  -5  -8  -9  -9  -7  -8  -9  -8  -9    0  99   0   0   0   0   0   0   0   0   0   0   0   0   0   0   0   0   0   0  3.52 1.34
   20 W    -6  -6  -8  -9  -7  -7  -9  -7   3  -7  -6  -8  -5   4  -9  -8  -7   7   9  -6    1   0   0   0   0   0   0   0   5   0   1   0   0  17   0   0   0  14  60   0  2.78 1.12
   21 L     1  -4  -5  -7  -4  -1  -5   3  -4  -1   4  -5  -1   1  -6  -2  -4   5   0  -1   10   1   0   0   0   3   1  20   0   2  39   0   1   5   0   3   1   7   3   3  0.72 0.43
   22 L    -1  -6  -6  -7  -2  -5  -7  -6  -7   4   3  -6   1  -1  -7  -4   2  -5  -5   4    6   0   0   0   1   0   0   0   0  17  30   0   3   3   0   1  13   0   0  24  0.90 0.48
   23 S     0  -6   1   2  -5  -1  -5   4  -4  -5  -7  -5  -4  -6  -6   5   0  -6  -3  -4    6   0   6  10   0   3   0  32   0   1   0   0   0   0   0  34   4   0   1   2  1.00 0.58
   24 T    -2   3  -1  -3  -4   0  -1   1  -2   0   2   1   1  -2  -4  -1   0  -4  -3   0    3  16   4   1   0   5   3  10   1   5  24   7   3   1   0   4   5   0   1   8  0.22 0.21
   25 R     2  -2  -4  -6  -4  -3  -5   0  -4   0   2  -3   0   2  -5  -2  -2   8   1  -1   20   3   1   0   0   1   1   7   0   6  17   1   2   7   0   2   3  20   5   4  0.75 0.42
   26 F     0  -6  -5  -6   0  -5  -6  -5  -6   3   3  -6   3   2  -3  -2  -1  -1  -3   4    8   0   0   0   2   0   0   1   0  13  25   0   6   8   1   3   4   1   0  27  0.68 0.38
   27 N     1  -1   4  -3  -5   4  -2  -1   1  -2  -1  -2   0  -2   0   0   0  -5   1  -1   13   4  18   1   0  18   1   5   3   2   5   2   2   2   6   6   5   0   4   4  0.32 0.28
   28 S     2   4   0  -2  -5   0  -2  -1   1  -4  -3   1  -3  -3   2   2  -1   1  -2  -3   16  21   5   2   0   4   1   4   3   1   2   8   0   1   8  13   4   2   1   2  0.36 0.28
   29 L    -1   2  -1  -4  -3  -2  -3  -3   0   0   3  -2   0   1  -2  -1  -1   5   1   0    5  14   2   1   0   2   1   2   2   6  25   2   2   6   2   4   3   8   4   8  0.30 0.22
   30 F    -1  -3  -1  -3  -3  -2  -3   2   4  -2   0  -3  -1   4  -2   0  -2   5   1  -1    5   1   3   1   0   1   1  17  12   2  11   1   2  16   2   7   3   7   4   3  0.39 0.26
   31 P     0  -2  -1   1  -4  -1  -3   4   0  -4  -5  -2  -3  -4   4   1   0  -3  -3  -4    6   2   3   8   0   3   1  31   3   1   1   2   1   1  19   9   6   0   1   1  0.61 0.37
   32 N     2  -2   0   0  -4  -1  -2   3   1  -4  -3  -3  -3  -3  -1   2   2   0  -3  -2   14   2   5   5   0   2   2  24   4   1   2   1   0   1   3  17  12   1   1   2  0.38 0.29
   33 L    -6  -8  -7  -9  -7  -7  -8  -7  -5   1   0  -7   0   9  -7  -6  -6   4   0  -3    0   0   0   0   0   0   0   0   0   6   9   0   2  72   0   0   0   4   3   2  2.35 0.89
   34 P    -4  -8  -7  -8  -9  -6  -7  -7  -5  -7  -7  -7  -8  -4   9  -5  -6  -9  -4  -7    2   0   0   0   0   0   0   0   0   0   1   0   0   1  93   1   0   0   1   0  3.27 1.25
   35 P    -3  -6  -7  -8  -5  -6  -7  -7  -3  -1   2  -7   0   3  -3  -6  -4  10   5   0    3   0   0   0   0   0   0   0   1   4  18   0   2  11   2   0   1  36  15   6  1.77 0.74
   36 G     2  -6  -3  -6  -7  -6  -6   7  -4  -7  -6  -5  -5  -8  -3  -2  -5  -3  -8  -7   14   0   1   0   0   0   0  76   1   0   1   1   0   0   1   3   1   1   0   0  1.92 0.81
   37 T    -5  -7  -5  -7  -7  -7  -7  -8  -8  -1  -6  -7  -4  -6  -7  -4   8  -8  -8  -3    0   0   0   0   0   0   0   0   0   3   0   0   0   0   0   0  93   0   0   2  2.79 1.16
   38 L    -5  -7  -8  -8  -5  -6  -8  -6  -6   0   6  -7   2   5  -7  -7  -5   2  -3  -2    1   0   0   0   0   0   0   1   0   4  62   0   5  23   0   0   0   2   0   2  1.59 0.69
   39 V     3  -5  -5  -5   0  -5  -5  -2  -5   2   2  -5   0   0  -4  -1   3  -2  -4   2   24   0   0   0   2   0   0   3   0  11  17   0   2   5   0   5  18   0   0  12  0.51 0.35
   40 V     2  -7  -8  -8  -2  -7  -6  -7  -8   3  -4  -7  -3  -6  -7  -4  -3  -8  -6   7   17   0   0   0   1   0   0   0   0  13   0   0   0   0   0   1   2   0   0  65  1.71 0.75
   41 N    -7  -6   9  -5  -9  -6  -6  -6  -5  -9  -9  -6  -8  -9  -8  -4  -6  -9  -8  -9    0   0  98   0   0   0   0   0   0   0   0   0   0   0   0   1   0   0   0   0  3.47 1.28
   42 L    -2  -6  -3  -7  -2  -6  -6  -6  -5   4   3  -6   1  -2  -6  -3  -2   0  -3   5    3   0   1   0   1   0   0   1   0  22  25   0   3   1   0   2   2   1   1  35  0.99 0.48
   43 L     1  -6  -6  -6  -2  -5  -6  -3  -6   4   3  -5  -1  -1  -6  -1   1  -6  -5   3   12   0   0   0   1   0   0   2   0  20  29   0   1   2   0   5   8   0   0  19  0.68 0.39
   44 A    -2  -7  -5  -6  -7  -7  -7   8  -7  -8  -6  -6  -7  -8  -7  -4  -6  -7  -7  -4    3   0   0   0   0   0   0  92   0   0   1   0   0   0   0   1   0   0   0   1  2.57 0.96
   45 G     0  -6  -5  -5   8  -6  -6   2  -6  -7  -7  -6  -6  -7  -5   6  -4  -7  -7  -6    7   0   0   0  26   0   0  16   0   0   0   0   0   0   0  49   0   0   0   0  1.76 0.80
   46 L    -3  -7  -7  -7   1  -7  -7  -5  -6  -2   4  -7  -2   7  -7  -4  -4   0   2  -3    3   0   0   0   3   0   0   1   0   2  32   0   1  47   0   1   1   1   6   2  1.56 0.65
   47 I     0  -6  -7  -7   0  -6  -6  -4  -6   3   5  -6   0   0  -6  -5  -3  -6  -5   3   10   0   0   0   2   0   0   1   0  15  49   0   1   3   0   1   1   0   0  16  1.00 0.48
   48 I    -3  -7  -7  -7  -6  -6  -7  -6  -7   6   3  -7   6  -2  -7  -6  -5  -6  -5   0    2   0   0   0   0   0   0   1   0  44  25   0  21   2   0   0   0   0   0   4  1.58 0.66
   49 G    -2  -8  -6  -7  -5  -7  -7   8  -7  -6  -4  -7  -5  -6  -7  -4  -6  -8  -8  -7    3   0   0   0   0   0   0  90   0   1   3   0   0   0   0   1   0   0   0   0  2.51 0.96
   50 T    -1  -6  -6  -6  -1  -5  -6  -1  -6   2   4  -6   1   4  -6  -4  -3   2  -1   2    6   0   0   0   1   0   0   6   0  12  33   0   4  15   0   1   1   3   2  16  0.70 0.37
   51 A     1  -6  -6  -7   1  -6  -6  -3  -6   2   4  -6  -1   3  -6  -3  -3  -3  -3   2   10   0   0   0   3   0   0   2   0  10  44   0   1  13   0   2   1   0   0  12  0.86 0.44
   52 L     2  -5  -4  -5  -3  -4  -4  -3  -3   1   2  -4   3   2  -5  -1   1   2   2   2   16   0   1   0   0   0   0   2   0   7  17   0   8   9   0   4   9   3   7  13  0.40 0.28
   53 A     3  -3  -3  -4  -4  -2   0   4  -2  -1  -2  -4  -1  -3  -4  -1   1  -4  -1   1   21   1   0   0   0   2   6  32   1   3   3   0   2   1   0   4   9   0   2  11  0.50 0.34
   54 Y     0  -4  -5  -6  -2  -4  -5   0  -3   0   3  -5   0   2  -5  -3  -2   6   3   1    9   1   0   0   1   0   0   8   1   5  31   0   2   8   0   2   2  11  10   8  0.59 0.34
   55 F     2  -5  -4  -5  -2  -4  -4  -2  -3   1   2  -4   1   5  -3   0   0  -2  -2   1   19   0   0   0   1   0   0   3   0   8  20   0   3  23   1   8   5   0   0   7  0.50 0.32
   56 L     3  -3  -1  -1  -3   0   1   0  -1   0   1  -2   0  -1  -2   0   0  -1  -3   0   25   0   2   3   0   4   9   6   2   4  15   1   3   2   1   8   7   1   0   6  0.16 0.18
   57 R     1   2   0  -1  -3   1   2   0   2  -3  -1   1  -1  -1  -2   0  -1  -1  -2  -2   11  14   3   3   0   7  15   7   5   1   6   8   1   3   1   6   4   1   1   2  0.18 0.16
   58 Q     0   4   1  -2  -4   0  -1   0   3  -3  -2   2   0  -1  -2   0   0  -2   0  -2    6  25   6   2   0   3   4   8   6   1   4  11   2   3   2   6   5   1   3   2  0.29 0.22
   59 P     0  -2   0  -1  -3   0  -1   2   0  -2   0  -2  -1   0   2   0   0   3  -2  -2    9   1   4   3   0   3   3  20   2   2   9   1   2   5  12   7   6   5   1   3  0.20 0.17
   60 H     1  -1   0   0  -2   0   0   1   1  -1   0  -1   0  -1   1   1   0   0  -1   0   11   4   5   5   0   4   4  10   4   4  13   1   2   2   6   9   7   2   1   5  0.04 0.06
   61 L     1  -3  -3  -3  -3  -2  -1   0  -3   2   3  -3   1   1  -1  -1  -1   2  -2   2   11   1   1   1   0   2   3   6   1  11  27   1   4   5   3   4   2   3   0  13  0.23 0.18
   62 D     0  -1   1   1  -4  -1  -2   1   1  -4  -2  -2  -3  -4   3   4   0  -4  -4  -3    6   3   7   7   0   2   2   9   3   1   5   2   0   1  13  33   5   0   0   2  0.45 0.32
   63 P     1  -2  -1   0  -5   2   1  -2   0  -3  -1  -2  -3  -5   5   0  -1  -4  -4  -3   10   2   3   5   0   9  11   3   2   1   6   1   1   0  32   8   4   0   1   2  0.59 0.37
   64 F     0   0   1   0  -4   1   3  -1   3  -3  -2  -2  -2  -3   0   0  -1   2  -1  -2   10   5   8   5   0   5  24   5   8   1   5   1   1   1   5   5   4   3   2   3  0.26 0.22
   65 W     0  -4  -5  -6  -3  -1  -5  -2  -3   0   3  -5   2   0  -5  -4   0   8   0   1    9   1   0   0   0   3   0   3   1   4  27   0   5   3   1   1   6  23   3  10  0.89 0.44
   66 K    -2   7  -3  -5  -5   1  -4  -2  -2  -3  -1   2  -3  -4  -4  -2  -1   1  -2  -3    3  56   1   0   0   5   0   3   1   1   6   9   1   1   1   2   4   2   2   2  1.20 0.58
   67 L     1  -3  -4  -5  -2  -2  -5  -3  -4  -1   5  -5   0  -2   1  -2  -1  -1  -3  -1   12   1   1   1   1   2   0   3   0   3  55   0   1   2   8   3   3   1   1   3  0.74 0.43
   68 M    -1  -7  -7  -8  -2  -7  -7  -1  -6  -1   4  -7   0   7  -6  -5  -4   0  -3  -1    7   0   0   0   1   0   0   5   0   2  36   0   2  41   0   0   1   1   0   3  1.33 0.60
   69 I    -1  -6  -7  -7  -3  -6  -7  -3  -7   3   5  -6   0   1  -7  -5  -3  -1  -4   2    4   0   0   0   0   0   0   3   0  17  52   0   2   6   0   0   1   1   0  12  1.05 0.50
   70 T     1  -4  -4  -5  -4  -4  -5   3  -5   2   0  -3   5   0  -4  -2   2  -4  -4   1   11   0   0   0   0   1   0  23   0  12   7   2  14   3   0   1  14   0   0  10  0.54 0.35
   71 T    -3  -6  -5  -6  -4  -6  -6  -3  -7   2  -3  -6  -2  -3  -5  -3   6  -5  -5   4    2   0   0   0   0   0   0   3   0  10   2   0   1   1   0   1  52   0   0  26  1.39 0.68
   72 G    -5  -8  -6  -7  -8  -7  -7   8  -7  -6  -4  -7  -8  -5  -7  -6  -5  -2  -8  -6    0   0   0   0   0   0   0  93   0   1   2   0   0   1   0   0   1   1   0   1  2.66 1.00
   73 L    -5  -6  -7  -7  -1  -7  -7  -2  -6   2   2  -7   0   7  -7  -6  -3  -4  -2   2    1   0   0   0   2   0   0   3   0  10  21   0   2  46   0   0   2   0   1  12  1.36 0.58
   74 C    -5  -7  -7  -8   9  -7  -7  -3  -7  -1   5  -7   1  -3  -7  -5  -3  -6  -6  -2    1   0   0   0  35   0   0   2   0   3  49   0   4   1   0   1   2   0   0   2  1.85 0.73
   75 G    -4  -7  -5  -5  -7  -6  -7   8  -7  -8  -4  -6  -7  -7  -7  -4  -6  -7  -7  -7    1   0   0   1   0   0   0  93   0   0   2   0   0   0   0   1   0   0   0   0  2.64 0.97
   76 G     4  -5  -5  -6  -4  -6  -6   6  -6  -7  -5  -6  -6  -7  -6   0  -3  -7  -7  -6   30   0   0   0   0   0   0  59   0   0   1   0   0   0   0   6   1   0   0   0  1.65 0.71
   77 L    -6  -7  -7  -8  -6  -7  -7  -7  -6  -4   3  -7  -2   8  -7  -6  -4  -3   3  -4    0   0   0   0   0   0   0   0   0   0  29   0   1  56   0   0   1   0   9   0  2.01 0.78
   78 S    -4  -7  -6  -6  -6  -6  -6  -7  -7  -6  -7  -6  -6  -7  -7  -1   8  -8  -7  -6    1   0   0   0   0   0   0   0   0   0   0   0   0   0   0   4  93   0   0   0  2.81 1.13
   79 T    -5  -7  -6  -6  -6  -6  -6  -7  -7  -6  -7  -6  -6  -7  -6  -3   8  -8  -7  -6    1   0   0   0   0   0   0   0   0   0   0   0   0   0   0   1  96   0   0   0  2.95 1.13
   80 F    -8  -9  -9  -9  -5  -9  -9  -9  -7  -5  -5  -9  -1   9 -10  -8  -8  -1   4  -5    0   0   0   0   0   0   0   0   0   0   0   0   2  85   0   0   0   1  11   1  3.16 1.09
   81 S    -4  -7  -5  -6  -7  -6  -6  -6  -7  -8  -6  -6  -7  -8  -7   8  -4  -9  -8  -8    1   0   0   0   0   0   0   0   0   0   1   0   0   0   0  99   0   0   0   0  2.82 1.16
   82 T     3  -6  -5  -6  -6  -6  -6  -5  -7  -4  -5  -6  -6  -6  -6   3   7  -8  -7  -4   19   0   0   0   0   0   0   0   0   1   1   0   0   0   0  19  59   0   0   0  1.70 0.80
   83 F    -7  -9  -9  -9  -8  -9  -9  -9  -7  -5  -3  -9  -2  10  -9  -8  -8  -3   1  -5    0   0   0   0   0   0   0   0   0   0   2   0   1  91   0   0   0   0   3   1  3.28 1.11
   84 S     2  -6  -3  -5  -4  -4  -4   1  -6  -5  -7  -5  -1  -6  -6   7  -1  -8  -7  -6   13   0   1   0   0   0   1   8   0   1   0   0   2   0   0  69   3   0   0   0  1.57 0.77
   85 V     0  -5  -1  -6  -4  -4  -5  -3  -2  -1   4  -4   1   1  -6  -3  -4   1   5   0   10   0   3   0   0   0   0   2   1   2  39   1   4   6   0   2   0   2  21   6  0.79 0.43
   86 E    -6  -6  -4   4  -9   1   7  -7  -6  -9  -9  -4  -8  -9  -7  -5  -6  -9  -8  -8    0   0   1  18   0   5  75   0   0   0   0   0   0   0   0   0   0   0   0   0  2.26 0.94
   87 V     1  -5   2  -5  -3  -4  -5  -3  -5  -1  -3  -4  -1  -3  -6   1   6  -5  -5   2   10   0   8   0   0   0   0   2   0   3   3   0   2   1   0  11  48   0   0  11  0.99 0.56
   88 F    -1  -5  -5  -6  -4  -4  -5  -4  -1   2   3  -5   2   3  -6  -4  -3   0   0   4    6   0   0   0   0   1   0   1   2  10  31   0   5  12   0   1   1   1   3  26  0.72 0.37
   89 A     0   3   2  -1  -3   2  -1  -1   0  -2   0  -1   1  -2  -4   0   2  -4  -1  -1    9  15   9   3   0   9   4   4   2   2  10   3   4   1   0   7  12   0   2   4  0.16 0.17
   90 L    -4  -6  -4  -8  -5  -5  -7  -8  -3  -2   6  -7   5   1  -7  -6  -5  -4  -2  -4    1   0   1   0   0   1   0   0   1   1  76   0  11   5   0   0   0   0   1   0  1.76 0.73
   91 L     0  -6  -7  -7  -4  -5  -6  -5  -5   3   4  -6   3   2  -6  -5  -2   4   1   0    9   0   0   0   0   0   0   1   0  15  40   0   7   9   0   1   2   6   4   5  0.86 0.43
   92 Q    -3   3  -2  -2  -6   5   5  -2  -2  -5  -3   1  -1  -5  -5  -2  -3  -5  -5  -5    2  15   2   2   0  25  33   3   1   0   2   8   1   1   0   3   1   0   0   1  0.97 0.54
   93 A     0   4   2   2  -5   3   1  -1   1  -5  -4  -1  -3  -5  -4   1   0  -2  -4  -4    9  20   8  13   0  12  10   4   3   0   1   3   0   0   0   9   6   1   0   1  0.45 0.32
   94 G    -3  -1  -1  -3  -8   0  -2   7  -1  -8  -8  -2  -6  -7  -7  -2  -5  -8  -6  -7    2   3   3   2   0   5   4  74   1   0   0   2   0   0   0   3   0   0   0   0  1.79 0.75
   95 N     2   2   1   2  -5   4   3  -2   2  -6  -3   0  -2  -3  -5   0  -3  -4  -3  -5   14  12   5  11   0  17  16   2   4   0   2   5   1   1   0   6   1   0   1   0  0.51 0.35
   96 Y    -1   0  -4  -6  -5  -4  -5  -3  -1   1   1  -4   1   3   0  -4  -1   7   5   0    4   6   1   0   0   0   0   2   2   7  11   1   3  10   6   1   5  16  17   8  0.72 0.39
   97 I     1  -2  -3  -4  -4  -3  -4   3  -3   0   3  -3   1   2  -2  -1   0   2  -3  -1   10   2   1   0   0   1   0  22   1   4  26   1   3   9   2   4   5   3   0   5  0.38 0.26
   98 W     0   0  -2  -4  -4   0  -3  -3   0  -1   3   0   2  -1  -1   0   0   4   2  -1    8   6   2   0   0   5   1   2   3   3  25   7   4   2   3   6   7   6   7   3  0.26 0.22
   99 A     7  -7  -6  -7  -3  -6  -7   0  -7  -5  -3  -7   0   2  -5  -2  -3  -6  -6  -4   75   0   0   0   0   0   0   6   0   0   3   0   2   7   0   3   1   0   0   1  1.75 0.82
  100 L     3  -6  -5  -6  -2  -5  -6   1  -6   1   3  -6   1   2  -5  -2  -2  -3  -3   1   24   0   0   0   1   0   0  11   0   7  28   0   4   9   0   3   2   0   1   9  0.60 0.36
  101 T     2  -5  -5  -6  -3  -5  -6   2  -5   1   4  -5   0   0  -6  -1  -1  -1  -3   0   20   0   0   0   0   0   0  15   0   8  34   0   2   4   0   5   4   1   1   7  0.59 0.36
  102 S    -4  -7   6  -6  -7  -6  -5  -5   1  -5  -6  -7  -6  -4  -9  -4  -2  -4   8  -5    2   0  36   0   0   0   1   1   3   1   1   0   0   0   0   1   2   0  51   1  2.31 0.98
  103 V     1  -7  -6  -7  -4  -6  -7  -5  -7   5   0  -6   2  -2  -7  -2   0  -4  -6   5   13   0   0   0   0   0   0   1   0  27   7   0   4   1   0   3   5   0   0  38  1.09 0.53
  104 L     3  -6  -5  -6  -1  -5  -6   2  -6   1   3  -5   0   1  -6  -1  -1  -6  -5   2   21   0   0   0   1   0   0  13   0   8  29   0   2   6   0   4   4   0   0  12  0.55 0.35
  105 V     3  -6  -5  -6  -3  -5  -6   2  -6   1   3  -5  -1  -2  -6   0  -2  -5  -5   1   23   0   0   0   0   0   0  17   0   7  32   0   1   2   0   6   2   0   0  10  0.65 0.40
  106 H    -4  -6   3  -6  -7  -2  -6  -6   5  -7  -8  -6  -5  -8  -7   7   0  -9  -7  -8    1   0  14   0   0   2   0   0  13   0   0   0   0   0   0  64   6   0   0   0  1.88 0.90
  107 V    -3  -7   0  -7  -2  -7  -7  -7  -7   2   3  -7   0   0  -6  -5  -2  -7  -4   6    1   0   5   0   1   0   0   0   0   9  23   0   2   4   0   0   2   0   0  51  1.24 0.58
  108 I     1  -6  -4  -6  -1  -5  -6   0  -6   3   2  -5   0   2  -4  -2  -1  -3  -4   4   13   0   1   0   1   0   0   9   0  16  17   0   1   8   1   2   4   0   0  25  0.55 0.33
  109 G     1  -6  -5  -5   0  -5  -6   3  -6   1   4  -5  -1   0  -5  -3  -3  -4  -4   1   12   0   0   0   2   0   0  25   0   6  37   0   1   4   0   2   1   0   0  10  0.70 0.40
  110 S    -1  -7  -5  -6   7  -6  -7   5  -7  -8  -8  -6  -7  -8  -7   4  -2   1  -7  -6    5   0   0   0  20   0   0  45   0   0   0   0   0   0   0  26   2   2   0   0  1.65 0.74
  111 L    -5  -7  -8  -8  -4  -7  -7  -6  -6   4   5  -7   0   2  -5  -6  -4  -5  -4   2    1   0   0   0   0   0   0   1   0  20  54   0   2   8   0   0   0   0   0  14  1.30 0.57
  112 I     2  -5  -5  -5   0  -5  -5   2  -5   1   3  -5   0   1  -5  -2  -1  -4  -4   1   21   0   0   0   2   0   0  14   0   9  32   0   2   5   0   3   4   0   0   8  0.53 0.34
  113 M     5  -6  -6  -6   1  -5  -6   1  -6  -4   1  -5   4   1  -6  -1  -4  -6  -5  -3   53   0   0   0   3   0   0  11   0   0  12   0  11   5   0   3   0   0   0   2  1.09 0.59
  114 T     2  -6  -6  -6   3  -5  -6  -4  -6   0   1  -5  -2  -1  -6  -2   3  -6  -4   5   19   0   0   0   5   0   0   1   0   3  13   0   0   2   0   2  18   0   0  35  0.82 0.47
  115 A     1  -4  -6  -7  -4  -5  -6  -1  -4   0   0  -5   1   5  -6  -3  -3   8   3   0   13   1   0   0   0   0   0   5   0   4   9   0   3  22   0   2   2  21  10   7  1.07 0.51
  116 L     3  -6  -6  -6   0  -5  -6  -1  -5   1   4  -5   0   1  -6  -3  -2  -3  -4   1   24   0   0   0   2   0   0   4   0   8  43   0   1   5   0   1   2   0   0   9  0.78 0.44
  117 G    -1  -7  -6  -6  -6  -7  -8   8  -8  -9  -9  -7  -8  -7  -8  -5  -6  -8  -9  -8    4   0   0   0   0   0   0  95   0   0   0   0   0   0   0   0   0   0   0   0  2.74 1.02
  118 F    -2  -2  -4  -4  -4  -3  -4  -4   0   3   3  -3   4   3  -6  -3  -2   2   3   1    3   3   1   1   0   1   1   1   3  14  24   1  12  13   0   1   2   3   9   7  0.53 0.31
  119 F     2   0  -3  -4  -3   0  -3  -2  -1   0   0  -1   2   1  -5  -1   0   6   2   0   18   5   1   0   0   4   1   3   1   7  10   4   5   6   0   5   5  12   8   6  0.34 0.24
  120 I     0  -6  -6  -7  -1  -5  -6  -5  -6   3   5  -6   1   0  -6  -2   1  -4  -4   2    7   0   0   0   1   0   0   1   0  14  48   0   2   4   0   3   7   0   0  12  0.85 0.44
  121 I     4  -5  -4  -5  -2  -4  -4   3  -4   0  -3  -5   2  -1  -5  -1   1  -1  -2   2   37   0   0   0   1   0   0  19   0   4   1   0   5   3   0   4   7   1   1  15  0.66 0.42
  122 T    -2   6  -1  -4  -6   2  -2  -3   1  -5  -5   4  -2  -6  -5  -1  -2  -7  -4  -5    3  47   2   1   0   9   3   2   3   1   1  20   1   0   0   4   3   0   1   1  1.16 0.58
  123 I     2   1  -2  -4  -3   1  -3  -1  -1   0   1  -1   1   0  -4   1  -1   3   0  -1   17   9   2   0   0   7   0   5   1   4  17   3   4   4   0   9   4   5   3   4  0.17 0.18
  124 L    -3  -5  -7  -7  -3  -6  -6  -7  -6   4   4  -6   2   4  -5  -5  -4   0  -3   2    2   0   0   0   1   0   0   0   0  18  44   0   4  15   0   0   0   1   0  14  1.06 0.49
  125 F    -1  -3  -4  -6  -4  -5  -6  -5  -2  -1   3  -4   0   5  -4  -3  -3   7   1  -1    5   1   1   0   0   0   0   1   1   3  34   1   2  26   1   2   1  15   4   4  0.97 0.43
  126 A     6  -5  -5  -5  -4  -4  -4  -4  -5  -5  -5  -4  -5  -6  -5   3  -3  -6  -6  -4   77   0   0   0   0   0   0   0   0   0   0   0   0   0   0  23   0   0   0   0  1.70 0.67

                      K         Lambda
Standard Ungapped    0.1457     0.3320
Standard Gapped      0.0705     0.2670
PSI Ungapped         0.2304     0.3178
PSI Gapped           0.0705     0.2670
