
Last position-specific scoring matrix computed, weighted observed percentages rounded down, information per position, and relative weight of gapless real matches to pseudocounts
            A   R   N   D   C   Q   E   G   H   I   L   K   M   F   P   S   T   W   Y   V   A   R   N   D   C   Q   E   G   H   I   L   K   M   F   P   S   T   W   Y   V
    1 M    -1  -2  -3  -4  -2  -1  -2  -3  -2   1   2  -2   7   0  -3  -2  -1  -2  -1   0    0   0   0   0   0   0   0   0   0   0   0   0 100   0   0   0   0   0   0   0  0.59 0.07
    2 S     1  -1   0  -1  -1   0   0  -1  -1  -3  -3   0  -2  -3  -1   5   1  -3  -2  -2    0   0   0   0   0   0   0   0   0   0   0   0   0   0   0 100   0   0   0   0  0.56 0.05
    3 F    -2  -3  -1  -3  -2  -3  -3  -1  -1   0   0  -3   1   6  -3  -1  -1   0   3  -1    2   0   3   0   0   0   0   3   0   2   0   0   4  75   0   4   5   0   2   0  0.53 0.04
    4 P    -1  -2  -2  -2  -3  -1  -1  -2  -2  -3  -3  -1  -3  -4   8   1  -1  -4  -3  -3    0   0   0   0   0   0   0   0   0   0   0   0   0   0  84  16   0   0   0   0  1.70 0.06
    5 K    -1   2   0   0  -4   1   2  -2  -1  -3  -3   5  -2  -4  -1   0  -1  -3  -2  -3    0   0   4   0   0   0  18   0   0   0   0  78   0   0   0   0   0   0   0   0  0.55 0.05
    6 Y    -2  -2  -3  -4   1  -2  -3  -4   1  -2  -2  -2  -1   3  -3  -2  -2   2   8  -2    0   0   0   0   4   0   0   0   0   0   0   0   0   0   0   0   0   0  96   0  1.07 0.08
    7 K    -1   2   0  -1  -3   3   1  -2  -1  -2  -2   4  -1  -3  -2   0   1  -3  -2  -1    0   5   2   0   0  24   7   0   0   0   0  46   0   0   0   0  10   0   0   5  0.41 0.07
    8 P     1  -2  -2  -2  -3   0  -1  -2  -2  -3  -2  -1  -2  -4   7   0  -1  -4  -3  -2   16   0   0   0   0   6   0   0   0   0   4   0   0   0  70   5   0   0   0   0  1.36 0.11
    9 S     1  -1   1  -1  -1  -1  -1  -1  -1  -1  -2  -1  -1  -2  -2   4   1  -3   0   0    6   0   5   0   0   0   0   0   0   0   2   0   0   0   0  71   0   0   5  11  0.36 0.09
   10 S     1   4  -1  -2  -2   0  -1   0   2  -3  -3   1  -2  -3   1   2   0  -3  -2  -2   13  42   0   0   0   0   0   5   7   0   0   1   0   0   8  24   0   0   0   0  0.36 0.06
   11 L    -2  -3  -4  -4  -2  -2  -3  -4  -3   3   3  -3   1   1  -3  -3  -1  -2   1   2    0   0   0   0   0   2   0   0   0  21  57   0   0   3   0   0   0   0   5  11  0.37 0.06
   12 R     3   3  -1  -2  -2   0  -1  -1  -1  -2  -2   2  -1  -3  -2   1   0  -3  -2   0   52  24   0   0   0   0   0   0   0   0   0  13   0   0   0   4   2   0   0   5  0.31 0.06
   13 T     0  -2  -1  -2  -1  -2  -2  -2  -2   0  -1  -2  -1   1  -1   1   4  -2  -1   2    2   0   0   0   0   0   0   0   0   0   0   0   0  11   2  11  49   0   0  25  0.27 0.07
   14 L    -1  -2  -1  -1  -1  -1  -2  -3  -2   1   3  -2   1   0  -2  -2  -1  -2  -1   1    1   1   3   5   0   3   1   1   0   1  64   1   0   1   1   1   1   0   1  13  0.24 0.05
   15 P    -1  -2  -2  -2  -3  -1  -1  -2   1  -2  -3  -1  -2  -3   7  -1   0  -3  -2  -2    1   1   1   1   0   1   1   1   4   1   1   1   0   1  74   1   8   0   1   1  1.41 0.10
   16 E     1  -1   0   0  -2   1   2   0  -1  -2  -2   0  -1  -3   2   1   2  -2  -2  -1   11   1   1   1   0   8  26   8   0   1   1   1   0   1   8  12  19   0   0   1  0.25 0.04
   17 T     0  -1  -1  -1  -1  -1   0  -2  -2   0  -1  -1   1   2  -1   1   3  -2   0   1    3   1   1   1   0   1   5   1   0   1   2   1   7  13   1  10  40   0   1  11  0.17 0.05
   18 L    -1  -2  -2  -2  -1  -2  -2  -2  -2   0   3  -2   2   1  -2   0  -1   3   0   0    2   1   1   1   0   1   1   2   0   1  54   1   7   7   1  10   1   5   1   1  0.25 0.07
   19 D    -1  -2   1   5  -3  -1   0   0  -2   0  -2  -1  -2  -3   2  -1  -1  -3  -2  -2    4   1   4  53   0   1   2   7   0   9   2   1   0   1  11   1   1   0   1   1  0.49 0.10
   20 P    -1  -2  -1   0  -3  -1  -1   0  -1  -3  -3  -1  -2  -3   7   0  -1  -3  -3  -3    1   1   3   6   0   2   1   9   2   1   2   1   0   1  60   8   1   0   1   1  1.10 0.14
   21 A     3  -1   0  -1  -2   0   0  -1   0  -2  -2   0  -1   0  -1   0  -1   5   2  -1   41   1   5   1   0   4   7   2   2   1   2   5   0   4   1   5   1   9   8   1  0.23 0.08
   22 E    -2   0  -1   1  -4   4   4  -2   1  -3  -3   3  -2  -4  -2  -1   0  -3  -2  -3    1   0   0   5   0  24  38   1   3   0   1  21   0   0   0   1   4   0   0   0  0.58 0.16
   23 Y    -2  -3   0  -3  -3  -2  -3  -3   1  -2  -2  -3  -2   3  -3  -2   1   0   7  -2    1   0   6   0   0   0   0   1   3   0   1   0   0   7   0   1  14   0  65   0  1.03 0.25
   24 N    -2  -2   3   5  -3  -1   1   1   1  -3  -3  -1  -3  -4  -2   0  -1  -4  -3  -1    0   0  19  47   0   0   4   9   4   0   1   0   0   0   0   6   0   0   0   7  0.61 0.17
   25 I    -1  -3  -3  -3   1  -2  -1  -3  -3   3   2  -2   0  -1  -3  -2   2  -3  -2   3    4   0   0   0   3   1   4   0   0  30  17   0   0   0   0   0  17   0   0  22  0.32 0.13
   26 S     0  -2  -1   3  -2  -1  -1  -2  -2  -3  -3  -1  -3  -4   0   5   2  -4  -3  -3    5   0   0  17   0   0   0   0   0   0   0   3   0   0   4  57  12   0   0   0  0.60 0.23
   27 P     0  -1  -1   1  -3   0   0  -3   1  -3  -1  -2  -2  -3   6   0  -2  -4  -3  -3    7   3   3   9   0   5   4   0   5   0   9   0   0   0  48   6   0   0   0   0  0.84 0.19
   28 E    -1   1  -1   2  -4   1   5  -3  -1  -4  -4   2  -3  -4  -2  -1  -2  -4  -3  -3    4   7   0   8   0   3  62   0   0   0   0  10   0   0   0   3   0   0   0   0  0.80 0.23
   29 T    -1  -1   0   0  -3   1   4  -3  -2  -1  -1   0  -2  -3  -2   0   3  -3  -3  -1    3   0   5   1   0   4  42   0   0   3   7   3   0   0   0   3  27   0   0   2  0.43 0.18
   30 R    -2   4  -1  -2  -3   2   0  -3  -1   0  -1   3   1  -3  -2  -1   0  -3  -1  -1    0  35   0   0   0   8   3   0   0   8   5  25   4   0   0   0   5   0   2   3  0.40 0.16
   31 R    -1   5  -2  -2  -4   2   0  -2  -1  -3  -2   3   0  -4  -3  -2  -2  -4  -3  -3    3  48   0   0   0  10   5   1   0   0   3  25   4   0   0   0   0   0   0   0  0.72 0.21
   32 A     4  -1  -1  -3  -2  -2  -2  -2  -3   0   1   1  -1  -2  -2   0  -1  -4  -3   0   51   1   2   0   0   0   0   0   0   3  19  15   0   0   0   3   0   0   0   5  0.34 0.18
   33 Q     0  -1  -1  -2  -3   4   0  -3  -2   2   0   0  -1  -3  -3  -2  -2  -4  -3   2   10   0   2   0   0  36   3   0   0  19   4   6   0   0   0   0   0   0   0  21  0.37 0.19
   34 A     2   0   1  -1  -2   2   1  -2  -2   0   0   1  -1  -2  -2   0  -1  -3  -2   0   30   3   8   0   0  13  11   0   0   4  15   7   0   0   0   2   0   0   0   7  0.17 0.11
   35 E    -1  -2  -2   0  -5   2   6  -3  -2  -5  -4   1  -3  -4  -3  -1  -1   5  -3  -4    4   0   0   1   0   5  69   0   0   0   0   6   0   0   0   2   2  10   0   0  1.05 0.30
   36 R    -3   6  -2  -3  -4   2  -1  -3  -1  -4  -3   3  -3  -3  -3  -2  -2  -3   0  -4    0  68   0   0   0   8   0   0   0   0   1  15   0   0   0   0   0   0   4   0  1.09 0.27
   37 L     2  -2  -1  -3  -2   1  -2  -2  -2  -1   3  -2   0   0  -2   0  -1  -2   2  -1   27   0   3   0   0   9   1   1   0   0  37   1   0   2   0   4   2   0  11   1  0.22 0.13
   38 A     4   2  -2  -2  -2   1  -1  -2  -2  -3  -3   4  -2  -3  -2   0  -1  -3  -3  -2   45  12   0   0   0   5   0   1   0   0   1  30   0   0   0   3   0   0   0   0  0.52 0.20
   39 I    -2   1  -3  -4  -2  -1  -3  -4  -3   4   2  -2   1   0  -3  -3  -1  -3   0   2    0  13   0   0   0   2   0   0   0  37  23   0   4   4   0   0   4   0   3   8  0.35 0.15
   40 R    -3   7  -2  -3  -5  -1  -2  -4  -2  -5  -4   3  -3  -5  -4  -3  -3  -5  -4  -5    0  79   0   0   0   0   0   0   0   0   0  21   0   0   0   0   0   0   0   0  1.58 0.39
   41 A     3  -1  -1   0  -2  -1   1   0  -2  -2  -2   1   0  -3  -2   1   0  -3  -3  -1   39   2   0   6   0   0  13   6   0   2   3   8   2   0   0  12   2   0   0   1  0.25 0.12
   42 Q     2   3  -1  -1  -2   1   0  -2  -2   0  -2   1  -1  -2  -2  -1   0   1  -2  -1   30  22   2   3   0   9   4   1   0   9   1   7   0   2   0   1   5   2   0   1  0.23 0.12
   43 L    -2  -3  -4  -4  -2  -3  -3  -4  -3   0   5  -3   4   1  -3  -3  -2  -2  -2   1    1   0   0   0   0   0   1   1   0   0  69   0  11   6   0   1   1   0   0   8  0.71 0.22
   44 K    -2   5  -1  -2  -4   1  -1  -3  -2  -4  -3   5  -2  -4  -2   0  -2  -4  -3  -3    1  35   0   0   0   3   1   1   0   0   1  47   0   0   0   8   1   0   0   1  0.83 0.24
   45 R     1   4   1  -1  -3   3   1  -2  -1  -3  -2   2  -2  -3  -2  -1  -2  -3  -3  -3   16  30   8   0   0  14   9   0   0   0   4  15   0   0   0   0   0   0   0   0  0.44 0.18
   46 E     0  -2  -2   0  -5   2   6  -2  -2  -1  -4  -1  -3  -4  -3  -2  -2  -4  -4  -3    6   0   0   2   0   8  74   2   0   6   0   0   0   0   0   0   0   0   0   0  1.07 0.34
   47 Y    -4  -4  -5  -6  -5  -4  -4  -5  -1  -3  -3  -4   2   4  -5  -4  -4   3   9  -3    0   0   0   0   0   0   0   0   0   0   0   0   6  16   0   0   0   3  75   0  1.91 0.47
   48 L    -3  -1  -4  -4  -3   2  -3  -5  -3   2   4  -3   0   0  -4  -3  -2   3  -2   1    0   3   0   0   0  14   0   0   0  12  57   0   0   2   0   0   0   5   0   7  0.59 0.24
   49 L    -1   3  -2  -3   2   1  -1  -4  -2  -2   2   4   0  -3  -3  -2  -2  -4  -3  -2    3  19   0   0   6   6   0   0   0   0  28  36   2   0   0   0   0   0   0   0  0.49 0.23
   50 Q    -3   2   0  -2  -5   6   0  -4   2  -2  -2   3  -2  -4  -3  -2  -1  -4  -3  -3    0   8   3   0   0  56   0   0   5   3   4  17   0   0   0   0   4   0   0   0  0.89 0.33
   51 Y    -1  -1  -3  -3   1  -2   0  -3   0   1   1  -1   1   0  -3  -1   0  -1   5   0    3   3   0   0   3   0   8   0   1  11  19   2   4   1   0   3   5   0  28   6  0.25 0.14
   52 N    -2   0   4  -1  -3  -2  -2   0  -2  -2  -2  -2  -2  -1  -3   1   4  -3   2  -2    0   6  23   2   0   0   0   6   0   1   3   0   0   1   0   9  38   0  11   0  0.47 0.23
   53 D    -3  -3   6   6  -5  -2  -1  -3  -2  -1  -5  -2  -4  -5  -4  -2  -1  -6  -4  -4    0   0  43  47   0   0   0   0   0   6   0   0   0   0   0   0   4   0   0   0  1.21 0.35
   54 P    -3  -5  -5  -4  -5  -4  -4  -5  -5  -5  -5  -4  -5  -6   9  -3  -4  -6  -6  -5    0   0   0   0   0   0   0   0   0   0   0   0   0   0 100   0   0   0   0   0  2.95 0.57
   55 N    -3  -1   4  -2  -4  -1  -2  -1   7  -4  -4   0  -3   1  -4   0  -2   1   4  -4    0   1  24   0   0   1   0   4  35   0   0   6   0   5   0   7   0   2  15   0  0.82 0.28
   56 R     0   5   0  -1  -1   1   0  -3  -2  -3  -3   3  -2  -4   0   0  -2  -4  -3  -1    8  42   4   1   1   5   5   0   0   0   0  18   0   0   4   4   0   0   0   6  0.52 0.19
   57 R    -1   2   1  -1  -3   1   1   1   5  -2  -2   0  -2  -3   0   0  -1  -3  -1   0    3  17   7   0   0   4   9  11  22   0   2   2   0   0   4   5   3   0   0  11  0.26 0.13
   58 G     0  -1  -2  -1  -3  -2  -1   5  -3   0  -1  -2  -2  -3  -3   0  -2  -3  -3   0    7   4   0   4   0   0   4  53   0   6   7   1   0   0   0   4   1   0   0   7  0.51 0.23
   59 L    -1   1   0  -2  -2  -1  -1  -2   2   0   1   1   0   0  -1  -1   1  -2   0   1    4   7   6   0   0   0   1   1   7   4  23  13   0   5   3   3   9   0   4  11  0.07 0.09
   60 I    -2  -2   0  -3  -2  -2  -3   1  -3   3   1  -1   3   1   0  -2   0  -3  -2   1    1   0   7   0   0   0   1  11   0  28  11   4  12   6   4   1   5   0   0   9  0.18 0.16
   61 E    -2  -2  -2  -1  -4  -1   5  -3   3   0  -2  -2   2   4  -3  -2  -2  -3  -1  -1    1   0   0   0   0   0  46   1   9   7   1   0   6  21   0   1   0   0   0   5  0.58 0.29
   62 N    -2  -2   2   5  -4  -1   0   2   2  -4  -4  -2  -3  -4  -2   0  -2  -4  -3  -4    1   0   9  52   0   0   1  17   8   0   1   0   0   0   0   8   0   0   0   1  0.72 0.22
   63 P    -1  -3  -2  -2  -3  -1  -1   2  -3  -3  -3  -2  -3  -4   7  -1  -2  -4  -3   0    4   0   0   0   0   3   3  17   0   0   1   0   0   0  57   3   0   0   0   8  1.14 0.25
   64 A     4  -2  -2  -2  -2   0  -2   2  -2  -1  -2  -1   0  -3  -2   0   2  -3  -2  -1   48   0   0   0   0   5   1  17   0   5   1   0   4   0   0   4  14   0   0   1  0.35 0.17
   65 L    -2  -2  -3  -3  -2  -1  -3  -4   0   2   3  -2   4   0  -3  -2  -1  -2  -1   2    1   0   0   0   0   2   1   1   4   9  46   0  17   2   0   1   1   0   0  14  0.40 0.16
   66 L    -1  -2  -2  -2  -3   3   0  -3  -2   1   0  -1   1   4  -3  -2   0  -1   0   0    4   0   0   0   0  27   3   1   0  12   7   0   3  28   0   1   5   0   0   7  0.28 0.16
   67 R    -2   7  -1   2  -4   0  -1  -3  -1  -4  -3   1  -3  -4  -3  -1  -2  -4  -3  -3    1  72   0  13   0   0   1   1   1   0   1   5   0   0   0   2   1   0   0   1  1.05 0.30
   68 W    -3  -3  -3  -4  -3  -3  -3  -3   0  -2  -2  -3  -2   4  -4  -2   0  10   4  -1    1   0   0   1   0   0   1   1   2   0   2   1   0  17   0   4   6  44  14   5  1.39 0.31
   69 A     0  -1   0  -1  -2   2  -1   1   1  -1   0  -1   2  -1  -2   0   1  -2   1  -1    7   1   3   2   0  17   1  16   4   3   7   1   9   1   1   3  15   0   8   1  0.12 0.09
   70 Y     1  -2  -1  -2  -2  -1  -2  -2  -1   0  -1  -2  -1   1  -2   2   0   0   5  -1   11   1   1   1   0   1   1   1   0   8   5   1   0   4   1  24   3   0  32   3  0.31 0.15
   71 A     4  -2  -2  -2  -2   1  -2  -1  -2  -2  -1  -1   4  -3  -2   1  -1  -3  -2  -1   54   0   0   1   0   8   1   1   0   0   3   1  15   0   0  12   1   0   0   2  0.46 0.22
   72 R     0   6  -1  -2  -3   0  -1  -3   0  -3  -2   2   2  -3  -3  -1  -2  -3  -2  -2    9  57   3   1   0   0   1   1   2   0   3   9  10   0   0   2   1   0   0   1  0.68 0.24
   73 T     1   0   0   1  -2   0   0  -1   1  -1  -2   0  -1  -1  -1   1   1  -2   0   0   17   4   3   7   0   2   4   3   5   2   1   6   0   3   1  16  11   0   5   8  0.09 0.06
   74 I     1  -1   0  -2  -1   0  -1  -2   1   0   0  -1   4  -2  -2   0   2  -2  -1   2   16   3   3   1   0   4   1   1   4   3   2   3  20   1   1   3  15   0   1  17  0.14 0.11
   75 N    -1   0   4  -1  -1   1  -1  -1   3  -3  -3  -1  -1  -3  -2   2   2  -3  -2  -2    3   3  32   1   1   7   1   2   8   0   1   1   1   0   0  21  18   0   0   1  0.42 0.18
   76 V     0   0  -1  -2  -2   2  -1  -2   1   2   0   0   1  -1  -2  -1  -1  -2   1   1    6   5   3   1   0  17   1   3   4  21   8   4   5   1   1   1   1   0   5  11  0.09 0.07
   77 Y     0  -3  -3  -3  -3  -2  -3  -3   1  -2  -2  -3  -2   3  -3  -2  -2   2   7  -1    9   1   1   1   0   1   1   1   3   1   1   1   0  13   1   1   1   2  59   3  0.98 0.27
   78 P    -2  -1   1   2  -3   1   4  -2  -1  -3  -3  -1  -3  -3   3   0  -1  -3  -1  -3    1   2   5  11   0   3  45   1   0   1   1   1   0   0  18   6   1   0   2   1  0.61 0.19
   79 N    -2   0   3  -2  -3   0  -2  -2   5  -2  -2  -2  -2   3  -3  -1  -1   1   4  -2    1   5  19   1   0   3   1   1  23   1   1   1   0  17   1   1   3   1  19   1  0.53 0.19
   80 F    -3  -4  -4  -4   0  -4  -4  -4  -3   0  -1  -4  -1   8  -4  -3  -3  -1   1  -2    1   1   1   1   2   0   1   1   0   3   1   1   0  84   1   1   1   0   0   1  1.47 0.36
   81 R    -2   5  -1  -2  -4   1  -1  -3  -1  -2  -3   4  -2  -3  -2  -2  -2  -3  -3  -3    1  48   1   1   0   5   1   1   0   3   1  35   0   0   1   1   1   0   0   1  0.82 0.25
   82 P     1  -3  -3  -2  -3  -1  -1  -3  -3  -3  -3  -1  -2  -2   7  -2  -1  -3   0  -2   11   1   1   1   0   2   3   1   0   1   1   2   1   2  66   1   2   0   3   2  1.37 0.29
   83 T    -1  -2   2  -2  -2  -2  -2  -2  -2  -2  -3  -2  -2  -3  -2   1   6  -3  -3  -2    1   1  11   1   0   0   1   1   0   1   1   1   0   0   1   8  72   0   0   1  0.87 0.30
   84 P    -2   0  -2  -2  -3  -2  -2   1  -3  -3  -3  -2  -3   0   7  -1   0  -3  -3  -2    1   5   1   1   0   0   1  11   0   1   1   1   0   5  61   3   5   0   0   3  1.24 0.27
   85 K    -2   4  -1  -2  -4   0  -1  -3   0  -3  -3   6  -2  -4  -2  -1  -2  -3  -3  -3    1  24   1   1   0   0   1   1   2   1   1  62   0   0   1   3   1   0   0   1  0.85 0.27
   86 N    -1  -2   4  -1  -2  -1  -1   1  -2  -2  -2  -1   0  -3  -2   2   4  -3  -2  -2    2   1  27   1   0   0   1   9   0   1   1   1   3   0   1  16  34   0   0   1  0.46 0.19
   87 S     0  -2  -1  -2  -2  -2  -2   1  -2   0  -1  -2  -1   2  -2   3   1   2  -1   1    7   1   1   1   0   0   1   9   0   5   2   1   0  11   1  39   5   3   1  13  0.21 0.14
   88 L    -2   0  -3  -3  -2  -2  -2  -2  -2   0   3  -1   1   3  -3  -2  -1   3   0   0    2   7   1   1   0   0   1   2   0   3  43   4   2  18   1   2   3   4   0   6  0.27 0.13
   89 M    -2   0  -2  -3  -2   1  -2  -3  -1   1   3   0   2   1  -3  -2  -1   2   1   0    1   4   0   1   0   8   1   1   2   9  35   5   9   7   1   1   3   3   4   5  0.19 0.10
   90 G    -1  -3  -2  -2  -3  -2  -2   5  -2  -2  -1  -2  -2   1  -3  -1  -2   4   3  -2    2   1   1   1   0   1   3  53   0   1   6   1   0   5   1   2   1   7  11   3  0.61 0.19
   91 A     2  -2  -2  -3   0  -2  -2  -1  -2   1   2  -2   1   2  -2   0   0  -2  -1   1   26   1   0   1   2   0   1   4   0   7  20   1   5  13   1   6   3   0   0   9  0.15 0.10
   92 L     0  -2  -2  -3   2  -2  -2   1  -2   0   2  -2   0   2  -1  -1  -1  -2   0   1   10   1   1   1   6   1   1  11   0   3  30   1   0  11   3   2   3   0   2  13  0.14 0.09
   93 C     0  -2  -2  -3   4  -2  -2  -2   0   1   1  -2   1   3  -2  -1   1  -2   0   1    6   1   1   1  14   1   1   2   2   6  13   1   5  17   1   3  12   0   2  10  0.19 0.10
   94 G     0  -1  -2  -2   0  -2  -2   3  -2   1  -1  -2   0   0  -2  -1   0  -2   0   2    4   3   1   1   2   1   1  30   0  14   3   1   1   6   1   3   8   0   3  19  0.18 0.10
   95 F    -2  -3  -3  -3  -2  -3  -3  -3  -3   3   1  -3   0   3  -3  -2  -1  -2   1   3    1   1   1   1   0   1   1   1   0  24  13   1   1  16   1   2   1   0   3  33  0.39 0.16
   96 G     0  -3  -2  -3  -2  -2  -3   3  -3   1   2  -2   0   0  -3  -2  -1  -3  -2   1    7   0   0   1   0   0   1  33   0  12  24   1   1   3   1   1   2   0   0  12  0.29 0.13
   97 P     0  -3  -3  -3  -3  -2  -2  -2  -3  -3  -3  -2  -3  -2   8  -1  -2  -4  -2  -2    6   1   1   1   0   1   1   2   0   1   2   1   0   2  73   3   2   0   2   3  1.63 0.34
   98 L    -1  -3  -3  -3  -2  -2  -3  -3  -2   3   3  -3   4   2  -3  -2  -1  -2   1   1    5   1   0   1   0   0   1   1   0  21  27   1  18   9   1   1   2   0   4   7  0.33 0.15
   99 I     1  -3  -3  -3   2  -2  -3  -1  -2   3   1  -2   0   3  -2  -1  -1  -2   0   1   14   1   1   1   7   1   1   5   0  23  12   1   0  18   1   1   2   0   0  12  0.19 0.11
  100 F     0  -2  -2  -3   0  -2  -2   0  -2   1   1  -2   0   4  -2  -1   0  -1   0   1   10   1   1   1   1   1   1   8   0   7  16   1   0  25   1   4   5   0   2  16  0.17 0.10
  101 I    -1  -3  -3  -3   0  -2  -3  -3  -1   1   1  -2   2   2  -3  -2   0   6   4   0    4   1   0   1   2   0   1   1   0  12  15   1   6  10   1   2   8  12  19   5  0.38 0.14
  102 Y     1  -2  -2  -3  -1  -2  -2   2  -1  -1  -1  -2   1   2  -2  -1   0   1   4   0   14   1   0   1   1   0   1  20   0   3   4   1   7  11   1   1   7   1  22   5  0.25 0.14
  103 Y    -1   0  -3  -4   1  -2  -3  -4   1  -2   0  -1  -2   1  -3  -2  -1   5   7  -2    4   4   0   0   3   0   1   1   3   0  10   5   0   2   0   1   3   9  53   1  0.87 0.29
  104 I    -1  -3  -3  -3   0  -2  -3  -2  -3   2   2  -3   2   2  -3  -2  -1   2   1   2    5   0   0   0   2   0   1   2   0  16  29   0   8   8   0   1   0   3   4  19  0.28 0.12
  105 I    -2  -3  -3  -4  -2  -3  -3  -4  -3   3   2  -3   3   3  -3  -2  -1  -2  -1   2    1   0   0   0   0   0   1   1   0  18  22   0  12  17   0   2   3   0   0  20  0.38 0.16
  106 K    -2   0   0  -2  -4   1  -1  -2   1  -2  -3   5  -1   0  -2  -2  -1   2   3  -3    2   0   3   0   0   4   1   2   3   2   1  57   2   3   0   1   2   3  12   1  0.58 0.26
  107 T    -1   1   1  -1  -2   0  -1  -2  -2  -1  -1   2   0  -2  -2   0   3   2  -2  -1    3   7   9   2   0   2   1   1   0   4   6  15   2   0   0   6  33   4   0   4  0.24 0.15
  108 E    -1   0   0   4  -3   1   2  -2  -2  -3  -3   0  -1  -2  -1   1   1  -3  -3  -3    2   5   3  35   0   5  18   1   0   0   1   3   2   2   2  12   9   0   0   1  0.44 0.17
  109 R    -2   6  -2  -3  -4  -1   0  -2  -2  -3  -3   2   1  -4  -1  -1  -1  -4  -3  -2    1  68   0   0   0   0   3   3   0   0   1   9   4   0   2   2   3   0   0   2  0.96 0.32
  110 D     0  -1   1   6  -4  -1   1  -3  -2  -4  -4   0  -2  -5  -3  -1  -1  -5  -4  -2    8   3   4  64   0   0   7   0   0   0   0   5   1   0   0   3   2   0   0   3  0.94 0.32
  111 R     0   4  -1   0  -4   1   1   0  -2  -4  -3   3  -2  -2  -2  -1   0  -4  -3  -3   10  30   2   4   0   4  10   6   0   0   0  26   0   2   0   0   6   0   0   0  0.44 0.20
  112 K    -1   3   0  -1  -3   0  -1  -1  -2  -2  -2   3  -1   2  -3   1  -1  -3  -2  -2    2  21   4   3   0   3   1   3   0   2   0  31   2  12   0  12   2   0   0   3  0.31 0.18
  113 E    -2   0   0   1  -5   0   6  -2  -2  -5  -3   0  -4  -5  -3  -2  -3  -5  -4  -4    2   3   5   5   0   0  79   2   0   0   3   2   0   0   0   0   0   0   0   0  1.17 0.41
  114 K     0   3   0   0  -4   1   2  -3   3  -4  -4   4  -3  -4  -3  -1  -2  -4  -2  -3   10  20   4   5   0   5  14   0  11   0   0  31   0   0   0   0   0   0   0   0  0.53 0.22
  115 L     0   0  -2   0  -3   2   0  -3  -2  -1   2   3   1  -2  -3  -1  -2  -3  -3  -1    7   3   0   5   0  12   4   0   0   2  31  30   3   0   0   2   0   0   0   0  0.28 0.19
  116 I    -3  -4  -4  -5   7  -4  -5  -5  -3   5   0  -4  -1   1  -4  -3  -2   2   4   0    0   0   0   0  27   0   0   0   0  43   3   0   0   5   0   0   0   2  19   0  0.91 0.32
  117 Q    -3   6  -2  -3  -5   3   0  -4  -2  -2   0   1  -2  -4  -4  -2  -3  -4  -3  -3    0  62   0   0   0  18   3   0   0   2  12   3   0   0   0   0   0   0   0   0  0.94 0.33
  118 E     0  -1   0   2  -3   2   3  -2  -2  -3  -3   0  -2  -4  -2   1   3  -4  -3  -2    4   2   2  14   0   8  26   0   0   0   0   2   0   0   0  13  30   0   0   0  0.48 0.21
  119 G    -2  -4  -2  -3  -5  -4  -4   7  -4  -6  -6  -3  -5  -5  -4  -2  -4  -5  -5  -5    0   0   0   0   0   0   0 100   0   0   0   0   0   0   0   0   0   0   0   0  1.95 0.46
  120 K    -2   0  -1   0  -4   4   4  -3  -1  -4  -2   4   0  -4  -2  -1  -1  -4  -3  -3    0   0   0   4   0  23  36   0   0   0   3  31   2   0   0   0   2   0   0   0  0.70 0.26
  121 L    -2  -4  -4  -5  -2  -3  -4  -5  -4   3   3  -4   2  -1  -4  -3  -2   0  -2   4    0   0   0   0   0   0   0   0   0  18  40   0   6   0   0   0   0   1   0  34  0.62 0.22
  122 D    -3  -3   0   7  -5  -2   1  -3  -2  -5  -5  -2  -4  -5  -3   0  -2  -6  -4  -5    0   0   2  88   0   0   5   0   0   0   0   0   0   0   0   6   0   0   0   0  1.49 0.33
  123 R    -3   7  -2  -3  -5   1  -1  -4  -2  -5  -4   1  -3  -4  -4  -2  -3  -4  -3  -4    0  95   0   0   0   5   0   0   0   0   0   0   0   0   0   0   0   0   0   0  1.53 0.33
  124 T    -1   2   0  -2  -2   0   1  -1  -2  -1   1   0   3  -2  -1  -1   3  -3  -2  -1    0  13   6   0   0   2   9   5   0   0  13   6  15   0   2   0  30   0   0   0  0.20 0.12
  125 F    -4  -4  -5  -5  -4  -5  -5  -5  -3  -2   0  -5  -1   8  -5  -4  -4   3   2  -2    0   0   0   0   0   0   0   0   0   0   3   0   0  91   0   0   0   3   2   0  1.61 0.33
  126 H    -1   2   3  -1  -3   2   0  -2   2  -4  -3   4  -2  -4  -2   1  -1  -4  -2  -3    0   5  21   0   0   6   0   0   5   0   0  51   0   0   0  11   0   0   0   0  0.51 0.13
  127 L    -2  -3  -4  -4  -2  -3  -4  -4  -3   3   3  -3   3   4  -4  -3  -2  -1   0   1    0   0   0   0   0   0   0   0   0  23  34   0  10  29   0   0   0   0   0   3  0.47 0.11
  128 S     2  -2  -1  -1   3  -1  -1  -1  -2  -2  -2  -1   1  -3  -2   4   1  -3  -2  -1   22   0   0   0  10   0   0   0   0   0   1   0   7   0   0  52   8   0   0   0  0.36 0.09
  129 Y    -2  -2  -3  -4  -3  -2  -2  -4   2  -2  -1  -2  -1   3  -3  -2  -2   2   8  -2    0   0   0   0   0   0   0   0   0   0   0   0   0   0   0   0   0   0 100   0  1.07 0.08

                      K         Lambda
Standard Ungapped    0.1389     0.3212
Standard Gapped      0.0410     0.2670
PSI Ungapped         0.1389     0.3212
PSI Gapped           0.0410     0.2670
