
Last position-specific scoring matrix computed, weighted observed percentages rounded down, information per position, and relative weight of gapless real matches to pseudocounts
            A   R   N   D   C   Q   E   G   H   I   L   K   M   F   P   S   T   W   Y   V   A   R   N   D   C   Q   E   G   H   I   L   K   M   F   P   S   T   W   Y   V
    1 A     6  -5  -4  -5  -4  -4  -4  -4  -5  -5  -6  -4  -5  -6  -5   4  -3  -6  -6  -4   68   0   0   0   0   0   0   0   0   0   0   0   0   0   0  32   0   0   0   0  1.64 0.80
    2 S     3  -3  -3  -2  -4   1  -2  -1  -2  -4  -3  -3  -2  -5   3   1   3  -4  -5  -2   29   1   1   1   0   7   2   4   1   0   3   0   1   0  17  11  21   0   0   2  0.61 0.46
    3 S     3  -4  -2  -3  -5   0  -3   0   0  -5  -5  -3  -5  -3   5   1   1  -5  -5  -3   29   1   1   1   0   4   1   6   2   0   0   0   0   1  32  12   8   0   0   2  0.86 0.56
    4 G     4  -3  -2  -2  -5   0  -1   2  -2  -4  -5  -3  -4  -5   4  -1   0  -6  -4  -1   38   1   2   2   0   5   3  15   1   0   1   0   0   0  18   4   5   0   1   4  0.70 0.50
    5 P     4  -3  -2   0  -5  -1  -2   2  -3  -5  -5  -3  -4  -5   4   0   2  -4  -4  -3   32   1   2   5   0   3   2  13   1   0   1   1   0   0  18   7  14   0   0   1  0.65 0.48
    6 A     4  -4  -3  -2  -4  -3  -3   4  -4  -3  -4  -3  -4  -5   2   1   1  -6  -4  -1   30   1   0   2   0   1   1  27   0   2   2   1   0   0   9  10   9   0   0   4  0.66 0.48
    7 G     3  -3  -2   0  -4  -2  -2   4  -3  -4  -5  -4  -4  -5   1   2   2  -6  -5  -2   20   1   1   4   0   2   2  31   0   1   1   0   0   0   7  16  11   0   0   2  0.64 0.47
    8 C    -4  -9  -6  -8  11  -7  -8  -7  -9  -3  -1  -8  -4  -4  -5  -6  -5  -5  -7   0    1   0   0   0  80   0   0   0   0   1   7   0   0   1   1   0   1   0   0   6  3.45 1.38
    9 Q     1   2  -3  -2  -5   0   1  -2  -1  -5  -5   0   0  -5  -5   2   5  -6  -5  -3   11  11   1   2   0   4   9   3   1   0   1   5   2   0   0  16  32   0   0   2  0.62 0.49
   10 V     5  -7  -7  -7  -1  -6  -6  -5  -5  -1  -3  -6  -4  -4  -5  -4  -3  -5  -2   6   39   0   0   0   1   0   0   0   0   2   2   0   0   1   0   0   1   0   2  50  1.52 0.82
   11 L     1   1  -2   2  -5  -3   1  -2  -2  -4  -5  -2  -2  -4  -5   1   5  -6  -4   0   11   6   2  13   0   1   7   3   1   1   0   2   1   0   0  12  34   0   0   5  0.62 0.48
   12 W    -2  -3  -5  -6  -7  -5  -6  -6   0  -3  -2  -6  -3   3  -5  -4  -5   2   9   0    3   2   0   0   0   1   0   0   2   2   4   0   1  11   1   1   1   3  62   6  2.03 0.97
   13 G     1   3  -2  -1  -5   1  -2  -4  -1  -4  -5   1  -4  -6  -4   2   4  -5  -5   0   10  14   1   3   0   5   2   1   1   1   1   9   0   0   0  15  29   0   0   6  0.61 0.48
   14 V     0  -5  -4  -5  -5  -3  -4  -4  -5   2   0  -3  -2  -4  -2  -2   3  -4  -5   5    7   0   1   1   0   1   1   2   0   8   8   1   0   0   2   2  19   0   0  45  0.88 0.55
   15 N    -2   0   6  -1  -6  -1  -2  -1   1  -6  -6  -4  -6  -6  -5   4   2  -4  -3  -4    3   5  34   3   0   2   2   5   3   0   0   0   0   0   0  29  11   0   1   1  1.02 0.66
   16 Q     0  -1  -1   4  -6   4   1  -3  -3  -5  -6  -2  -4  -6  -3   3   1  -4  -5  -3    9   3   3  22   0  19   8   2   0   1   0   1   0   0   1  20   8   0   0   2  0.68 0.51
   17 W    -6  -5  -5  -1  -9  -7  -9  -6  -8  -7  -6  -9  -8  -4  -9  -5  -6  13  -3  -6    1   1   1   4   0   0   0   1   0   0   1   0   0   1   0   1   1  88   0   1  4.57 1.79
   18 N    -1  -3   3   0  -6   2  -2   4  -3  -5  -6  -4  -6  -7   3   2   0  -1  -5  -5    4   1  13   5   0  11   2  30   0   0   0   0   0   0  12  14   5   1   0   1  0.71 0.51
   19 T    -2  -5   2   0  -6  -4  -4   5  -3  -6  -6  -4  -5  -5  -5   3   3  -7  -5  -5    3   0   8   6   0   1   1  39   1   0   0   1   0   0   0  20  19   0   0   0  1.03 0.65
   20 G    -3  -3  -4  -2  -8  -6  -6   7  -5  -9  -7  -5  -8  -9  -8  -4  -5  -1  -7  -7    2   2   1   2   0   0   0  88   0   0   1   1   0   0   0   1   1   1   0   0  2.44 1.13
   21 F    -2  -5  -6  -9  -5  -5  -8  -5  -1  -5  -2  -8  -2   8  -8  -4  -5   2   6  -5    3   1   0   0   0   1   0   1   2   0   4   0   1  62   0   1   1   2  21   0  2.26 1.04
   22 T    -3  -2   1  -4   1   5  -1  -2  -1   0  -4  -4  -4  -5  -5  -1   4  -3  -5   1    1   2   5   1   3  28   3   4   1   5   1   1   0   0   0   4  28   0   0  11  0.82 0.60
   23 A     5  -5  -4  -5  -5  -4  -4   4  -3  -3  -4  -6  -2  -5  -5  -2  -1  -7  -5   0   51   0   1   0   0   1   1  29   1   1   1   0   1   0   0   3   3   0   0   6  1.21 0.72
   24 N     0   0   3   2  -6   3   4  -3  -1  -5  -4   0  -4  -6  -4   1   2  -4  -4  -4    6   4  13  11   0  11  23   2   1   0   1   4   0   0   0   9  11   0   0   1  0.55 0.43
   25 V    -3  -7  -6  -8  -4  -7  -6  -7  -7   4   1  -7  -1   0  -6  -6  -5  -1   2   6    2   0   0   0   0   0   0   0   0  17  11   0   1   4   0   0   0   1   6  56  1.44 0.75
   26 T    -2   1  -3  -3  -6  -2  -2  -5  -3  -3  -5   1  -2  -6  -6  -1   7  -2  -5   1    4   8   1   2   0   2   3   0   1   1   1   8   1   0   0   5  55   1   0   9  1.17 0.74
   27 V    -5  -8  -8  -8  -6  -8  -8  -9  -8   5   1  -8  -3  -3  -8  -7  -5  -8  -6   6    1   0   0   0   0   0   0   0   0  32  10   0   0   1   0   0   0   0   0  55  1.88 0.89
   28 K    -2   2  -3  -5  -5  -2  -3  -5  -1  -4  -5   1  -1  -6  -6  -1   7  -7  -4  -2    4  12   1   0   0   1   2   1   2   1   1   9   2   0   0   4  57   0   1   3  1.31 0.80
   29 N    -2  -5   9  -3  -2  -5  -5  -4  -3  -6  -6  -4  -6  -5  -4  -3  -4  -6  -4  -5    4   1  81   1   1   0   1   1   1   1   1   1   0   1   1   2   1   0   1   1  2.49 1.09
   30 T     1  -1   3   0  -4  -3  -3  -1   1  -3  -1  -2  -3  -5  -1   0   5  -4  -4  -2   12   3  12   6   0   1   1   4   3   1   8   2   0   0   3   5  35   0   0   2  0.56 0.44
   31 S    -3  -4  -3  -3  -4  -5  -4   6  -5  -7  -7  -5  -5  -6  -5   2   2  -7  -7  -7    2   1   1   1   0   1   1  64   0   0   1   0   0   0   0  14  11   0   0   0  1.62 0.85
   32 S     1  -3   0   3  -5  -2  -1   1  -4  -5  -5  -3  -2  -5   0   3   4  -6  -6  -4   10   1   3  16   0   1   3  10   0   0   1   1   1   0   5  22  23   0   0   1  0.62 0.48
   33 A     3   1  -2  -1  -4   0   0  -1  -1  -4  -4  -1  -3  -4  -3   3   3  -4  -4  -1   23   7   1   3   0   4   5   3   1   1   1   4   0   0   1  19  20   0   0   5  0.47 0.39
   34 P     4  -3  -3  -2  -6  -3  -1  -2  -5  -4  -5  -4  -4  -5   5  -1   2  -7  -6  -3   38   2   1   2   0   1   4   2   0   1   1   1   0   0  29   5  11   0   0   2  1.02 0.67
   35 V    -3  -4  -6  -6  -5  -5  -5  -6  -5   5   3  -4   1  -2  -6  -3  -1   0  -2   4    2   1   0   0   0   1   1   1   0  28  28   1   4   1   0   2   4   1   1  25  0.96 0.54
   36 D    -2   1   5   3  -6  -1  -1  -2  -2  -6  -4  -1  -6  -7  -2   3   3  -7  -5  -5    4   7  25  13   0   2   3   3   1   0   1   3   0   0   2  19  16   0   0   0  0.73 0.53
   37 G    -2  -3   0   2  -7  -4  -4   6  -4  -7  -7  -5  -5  -7  -2   1  -1  -1  -5  -6    4   1   5  12   0   1   1  56   0   0   0   1   0   0   2  12   3   1   0   0  1.27 0.71
   38 W    -8  -6 -11 -11 -10  -5 -10  -7 -10  -7  -7 -10  -9  -5 -11  -7 -10  13  -3  -7    0   1   0   0   0   1   0   0   0   0   0   0   0   0   0   1   0  95   1   0  5.26 2.07
   39 T    -1   2   0  -2  -6   1  -1  -5  -3  -4  -5   1   0  -7  -6   2   5  -2  -3  -3    4  10   4   2   0   5   5   1   1   1   1   9   2   0   0  12  40   1   1   2  0.80 0.59
   40 L    -1  -7  -6  -7  -4  -7  -7  -7  -8   0   5  -7   2  -3  -6  -5  -2  -3  -4   5    4   0   0   0   0   0   0   0   0   5  43   0   4   1   0   1   3   0   1  36  1.28 0.71
   41 T     0   1   0  -1  -3   0   2   0  -2  -4  -5   0  -3  -4  -4   2   4  -3  -4  -2    8   8   4   3   0   4  14   7   1   1   1   5   0   1   0  14  23   0   0   3  0.41 0.38
   42 F    -5  -6  -9  -9  -3  -6  -8  -7  -4  -2  -1  -8  -1   7  -9  -8  -5  10  -1   0    1   0   0   0   1   0   0   0   0   2   6   0   1  41   0   0   1  37   2   6  2.51 1.15
   43 S     1  -1   0   4  -4  -1  -1  -3  -3  -4  -5  -2  -4  -6  -1   2   5  -4  -5  -3   10   4   4  19   0   2   4   2   0   1   1   3   0   0   3  12  32   0   0   2  0.69 0.54
   44 F    -2  -5  -5  -6  -4  -2  -5  -6  -3  -3   3  -5   1   6  -3  -3  -4   4   4  -1    3   1   1   1   0   2   1   0   0   1  27   1   3  33   2   2   1   6  13   4  1.13 0.63
   45 P     1  -3  -2  -2  -6  -4  -3  -1  -3  -5  -4  -2  -6  -7   7   0   1  -3  -5  -4   12   2   2   2   0   1   2   6   1   1   2   3   0   0  51   6   8   0   1   1  1.30 0.77
   46 S     3  -3   1   2  -5  -2  -2   4  -2  -4  -4  -3  -3  -4  -1   2  -1  -3  -3  -3   20   2   7  10   0   2   2  27   1   1   1   1   1   1   3  15   4   0   1   1  0.54 0.41
   47 G    -2  -3   2   2  -6   0  -2   6  -3  -7  -7  -3  -6  -7  -2  -1  -1  -2  -6  -5    3   1  10  10   0   4   2  54   1   0   0   2   0   0   2   5   4   1   0   1  1.15 0.66
   48 Q     0  -2  -3  -4  -4   7   1  -4   0  -4  -5  -3  -2  -2  -3  -1   1  -3  -3   1    7   2   1   1   0  48   7   1   2   1   1   1   1   2   2   5   9   0   1   8  1.10 0.73
   49 Q    -1   3  -2  -3  -6   3  -1  -3   0  -4  -4   2  -3  -5  -4   2   4  -3  -4  -2    6  14   2   1   0  11   3   2   2   1   1  12   1   1   1  13  26   0   0   3  0.60 0.49
   50 V    -3  -5  -5  -8  -6  -7  -6  -6  -8   5   1  -7  -1  -1  -5  -5  -4  -7  -3   5    3   1   1   0   0   0   1   1   0  32  13   0   1   2   1   1   1   0   1  43  1.39 0.74
   51 T    -1   0  -1   0  -6  -1  -2   1  -2  -2  -4  -3  -3  -6  -4   2   5  -2  -4  -1    5   5   3   5   0   3   2   9   1   2   2   1   1   0   1  16  40   1   1   4  0.72 0.57
   52 Q    -1  -1   3  -1  -6   4  -1   0   2  -5  -5  -1  -2  -4  -4   3   0  -2  -4  -4    5   3  16   4   0  19   3   8   4   1   1   4   1   1   1  23   5   1   1   1  0.60 0.50
   53 A     3  -3  -2  -2  -2  -3  -3   2   0   0   1  -3   2  -2  -2   1   0  -1  -1   0   22   1   1   2   1   1   1  17   3   5  14   1   5   2   1  10   6   1   3   7  0.27 0.28
   54 W    -6  -5  -4  -5  -9  -2  -5  -5  -2  -6  -5  -5  -8  -4  -5  -5  -4  13  -1  -6    1   1   1   1   0   2   1   1   1   1   2   1   0   1   1   1   1  81   2   1  4.06 1.77
   55 S    -4  -4   7   2  -1  -3  -3   1  -2  -7  -6  -4  -3  -7   0   2  -3  -8  -3  -5    1   1  46  10   1   1   1  12   1   0   1   1   1   0   5  13   1   0   1   1  1.22 0.76
   56 S     5  -6  -5  -4  -2  -3  -4   4  -6  -4  -5  -4   0  -4  -4  -1  -1  -1  -6  -2   47   0   0   1   1   1   1  29   0   1   1   1   2   1   1   4   4   1   0   3  1.09 0.70
   57 T    -1   1   2   1  -5   1   0  -3  -1  -2  -2   0  -2  -3  -1   0   4  -1  -3   0    4   6   8   7   0   6   7   2   1   2   4   5   1   1   2   8  29   1   1   7  0.36 0.35
   58 V     1  -2  -3  -4   0  -2  -4  -3   1   1   1  -3   0   1  -1  -2  -2   6   1   3   10   2   1   1   2   1   1   2   4   6  15   1   2   7   4   3   2  10   5  21  0.40 0.32
   59 T     0   1  -2  -2  -5  -2  -1  -3   1  -3  -4  -2  -2  -4  -4   4   5  -1  -3  -2    7   6   2   2   0   2   4   2   3   1   1   2   1   1   1  25  35   1   1   3  0.73 0.58
   60 Q    -2   0  -2  -3  -7   7  -1   1   1  -4  -4  -3  -2  -4   0  -1  -1   0  -2  -1    4   5   2   1   0  45   3   9   3   1   2   1   1   1   5   5   5   1   1   5  0.92 0.68
   61 S     0  -1   1   1  -5   1  -1  -1  -1  -4  -4  -1  -2  -3  -3   4   2  -6  -1  -2    6   3   7   7   0   6   4   4   1   1   1   3   1   1   1  36  13   0   3   3  0.52 0.47
   62 G    -1  -4  -2  -1  -6  -4  -4   7  -4  -7  -5  -5  -6  -7  -4   1  -2  -3  -5  -6    5   1   2   3   0   1   1  70   1   0   1   1   0   0   1   9   3   0   1   1  1.61 0.84
   63 S     1   1   3   0  -5   2  -2   3  -1  -5  -5  -2  -3  -4  -1   2   2  -6  -3  -4   13   6  12   6   0   8   1  19   1   0   1   2   0   1   3  14  11   0   1   1  0.41 0.36
   64 A     1   1   1  -1  -3   1  -2  -1   5  -3  -3  -2  -2  -4   0   0   3  -3  -1  -2   14   8   6   4   0   5   2   4  14   1   2   2   1   1   4   8  19   0   2   3  0.37 0.34
   65 V    -1  -4  -5  -7  -6  -4  -5  -6  -1   0  -2  -6  -2  -1  -6  -5  -3   1   4   7    4   1   1   0   0   1   1   1   2   4   3   0   1   2   0   1   1   2  15  61  1.46 0.81
   66 T    -2   0  -3  -5  -3  -1  -3  -5  -2  -3  -3  -3   2  -4  -5   1   6  -4  -4   1    3   6   1   0   0   2   2   1   1   1   2   2   5   1   0   8  53   0   1  10  1.07 0.72
   67 V     4  -6  -7  -7  -1  -6  -5  -3  -7   1  -1  -6  -2   2  -6  -5  -2  -1  -5   5   35   0   0   0   1   0   1   2   0   8   6   0   1   7   0   0   3   1   0  35  1.03 0.65
   68 R     0   3  -2  -2  -5   0  -2  -2   0  -3  -4   1   0  -4  -4   1   5  -6  -4  -1    7  18   2   2   0   4   2   3   2   1   1   9   3   0   0  10  31   0   0   5  0.58 0.47
   69 N     0  -3   7   0  -7  -4  -4   0  -1  -7  -6  -4  -7  -6   3   0  -4  -8  -5  -6    9   2  49   5   0   1   1   7   1   0   1   1   0   0  15   8   0   0   0   0  1.33 0.80
   70 A     4  -1  -3  -3  -4  -2   1  -3  -3  -2   0  -2   1  -4   3  -2  -1  -6  -4   2   31   3   1   1   0   2   8   2   0   1  10   2   3   0  12   2   4   0   0  16  0.46 0.40
   71 P     2  -3   0   2  -3  -2  -1   2  -2  -5  -5  -3  -5  -4   1   4   0  -3  -3  -4   15   2   5  12   0   1   4  14   1   1   1   1   0   1   7  29   4   0   1   1  0.51 0.43
   72 W    -4  -4  -5  -4  -4  -4  -4  -1   2  -6  -6  -7  -6  -2  -5  -4  -3  11   7  -6    2   1   1   1   0   1   1   5   5   1   1   0   0   1   1   1   2  45  30   1  2.54 1.16
   73 N    -2  -3   8   0  -7  -3  -4  -2  -2  -5  -6  -4  -5  -6  -7  -3  -1  -8  -5  -6    4   2  74   4   0   1   1   4   1   1   1   1   0   0   0   2   3   0   0   0  2.16 1.09
   74 G     2   1  -2  -3  -6  -2  -3   5  -3  -6  -5  -1  -4  -5   0   0  -1  -7  -5  -4   19   7   1   1   0   2   2  45   1   0   1   4   0   0   5   7   4   0   0   1  0.87 0.57
   75 S     1   0   1   0  -3   0  -2  -2  -2  -3  -4  -2  -2  -4  -1   2   4  -6  -4   0   14   5   7   4   0   3   3   2   1   2   1   2   1   0   3  17  29   0   1   5  0.47 0.43
   76 I    -5  -7  -8  -8  -6  -5  -8  -6  -8   6   5  -7  -2  -3  -5  -7  -5  -7  -6   3    1   0   0   0   0   0   0   1   0  36  45   0   0   1   1   0   0   0   0  15  1.53 0.78
   77 P     5  -2  -2  -3  -6   0  -1   0  -4  -5  -5  -2  -4  -7   4  -1  -3  -4  -5  -4   49   2   2   2   0   4   3   8   0   0   1   2   0   0  20   5   1   0   0   1  1.03 0.69
   78 A     4  -3  -3  -3  -6  -4  -5  -3  -4  -5  -6  -4  -4  -8   7  -1   1  -8  -7  -2   31   1   1   1   0   1   1   2   0   1   0   1   0   0  46   3   8   0   0   3  1.47 0.86
   79 G    -3  -3   1  -2  -8  -4  -5   7  -2  -9  -7  -4  -8  -8  -7  -3  -5  -8  -6  -8    2   1   7   3   0   1   1  80   1   0   0   1   0   0   0   2   0   0   0   0  2.12 1.02
   80 G     4  -2  -3  -3  -4   3  -1   4  -3  -6  -7  -2  -4  -7  -5   0  -2  -7  -6  -5   33   3   1   1   0  11   5  33   0   0   0   3   0   0   0   7   2   0   0   0  0.94 0.62
   81 T    -1  -4  -2  -4  -4  -2  -3  -3  -3  -6  -7  -2  -5  -5  -5   6   4  -5  -4  -5    5   1   2   0   0   2   2   1   1   0   0   2   0   0   0  58  24   0   0   1  1.42 0.89
   82 A     2  -3  -5  -5  -4  -2  -3  -5  -3   0  -2  -4  -3  -2  -4  -3   4  -2  -2   5   17   1   0   0   0   2   2   0   1   5   3   1   0   2   1   1  29   1   1  33  0.86 0.59
   83 Q    -1  -3   0   0  -6  -1   2  -2  -4  -5  -5  -1  -3  -5  -4   4   5  -3  -3  -3    3   1   3   4   0   3  11   3   0   0   1   4   0   0   0  30  31   0   1   2  0.80 0.60
   84 F    -3  -7  -8  -8  -7  -7  -8  -4  -7   2   0  -7  -2   8  -4  -6  -3   2  -1   2    3   0   0   0   0   0   0   2   0  12   7   0   1  56   1   0   2   2   1  12  1.69 0.83
   85 G    -3  -3  -4  -5  -5  -5  -6   7  -5  -8  -8  -5  -6  -5  -5  -3  -2  -3  -5  -7    1   2   1   1   0   0   0  86   0   0   0   0   0   1   1   2   3   0   0   0  2.28 1.07
   86 F    -4  -8  -8  -9  -4  -8  -8  -6  -5  -2   0  -8   0   9  -7  -5  -6  -2   2  -2    2   0   0   0   0   0   0   1   0   2   9   0   2  73   0   1   0   1   6   3  2.38 1.06
   87 N    -3  -1   4  -3   0   4  -3  -3  -3   1   0  -4  -2  -4  -3  -1   2  -3  -4   2    1   2  19   1   2  22   1   2   0   9   8   0   1   1   1   4  13   0   0  12  0.58 0.48
   88 G     4  -6  -5  -6  -4  -5  -6   6  -7  -4  -4  -6  -4  -1  -5  -3  -4  -4  -5   1   30   0   0   0   0   0   0  49   0   1   1   0   0   3   0   1   1   0   0  10  1.32 0.75
   89 S     1  -1   2  -2  -5  -2  -2  -2  -4  -4  -5  -3  -1  -3  -4   4   4  -3  -5  -1   10   3  11   3   0   1   3   2   0   1   1   1   2   1   0  29  28   0   0   4  0.72 0.55
   90 H    -1  -1  -1  -4  -4  -2  -4   4   3  -4  -2   0  -3   0  -2  -1   0   6   4  -3    5   3   2   1   0   2   1  26   8   1   4   5   1   3   3   5   5   9  15   2  0.60 0.40
   91 T    -1  -1   2   0  -5   0  -3   1  -2  -4  -4  -3  -3  -4   0   4   4  -4  -4  -3    5   3   8   4   0   4   1  11   1   1   1   1   1   1   5  29  21   0   0   2  0.59 0.46
   92 G     1  -3  -3  -2  -6  -4  -5   6  -3  -5  -6  -4  -5  -6  -1   0  -2  -4  -7  -4    9   2   1   3   0   1   1  65   1   1   1   1   0   0   3   8   2   0   0   1  1.44 0.76
   93 T     2  -2   1   0  -4  -1  -2   1  -2  -4  -4  -2  -4  -3   2   3   3  -3  -4  -2   16   1   6   6   0   2   3  11   1   1   1   1   0   1  10  20  17   0   0   2  0.44 0.37
   94 N     1  -3   6  -1  -5  -2  -3   0  -2  -3  -3  -2  -4   0   1   0   1  -1   1  -2   11   1  35   4   0   2   1   7   1   2   2   2   0   4   6   6   9   1   5   2  0.60 0.43
   95 A     3  -2  -2  -2  -4  -1  -2   0  -3  -2  -3  -3  -2  -5   4   1   2  -3  -4   0   22   2   1   2   0   2   2   8   1   2   3   1   1   0  22  12  12   0   1   6  0.51 0.40
   96 A     3  -1  -1   0  -4  -1   0  -2  -3  -1   0  -1  -2  -3   2   0   1  -2  -4   1   27   3   2   6   0   2   6   2   1   2   8   4   0   1  11   6  10   1   0   9  0.27 0.27
   97 P    -2  -6  -6  -5  -8  -5  -6  -6  -6  -4  -5  -6  -6  -4   8  -4  -3  -8  -6  -2    4   1   0   1   0   0   0   1   0   1   1   0   0   1  82   1   2   0   0   3  2.63 1.25
   98 T     2  -2  -2  -2  -4  -2  -1  -1  -3  -2  -1  -3  -3  -4  -2   2   5  -2  -2   1   14   2   1   2   0   1   3   4   1   1   5   1   1   1   2  15  34   1   2  10  0.53 0.44
   99 A     2  -1   3   1  -3  -1   0   2  -2  -3  -3  -3  -3  -4  -3   2   1  -2  -4  -2   18   3  14   7   0   2   6  14   1   1   2   1   1   0   1  15   9   1   0   3  0.35 0.31
  100 F    -4  -7  -7  -7   8  -6  -7  -6  -6   0  -2  -6  -3   7  -1  -5  -5  -2   1   0    2   0   0   0  27   0   0   1   0   4   3   1   1  46   4   1   1   1   3   6  1.89 0.85
  101 S     1   2  -4  -4  -5  -2  -3  -5  -2  -4  -1   1  -2  -3  -4   1   6  -3  -4   0   10  10   0   1   0   2   2   1   1   1   5   7   1   1   0  10  43   0   1   5  0.77 0.54
  102 L    -4  -6  -6  -7  -3  -6  -6  -6  -6   3   5  -6  -1  -1  -5  -5  -4  -3  -3   3    1   0   0   0   0   0   0   1   0  12  57   0   1   3   1   1   0   0   1  20  1.31 0.66
  103 N    -4  -5   8   1  -7  -3  -4   0  -4  -6  -6  -5  -4  -7  -6  -2  -1  -7  -6  -6    2   1  72   7   0   1   1   7   0   1   1   0   0   0   0   3   3   0   0   1  2.10 0.99
  104 G    -4  -4  -1   0  -7  -5  -3   7  -5  -8  -7  -5  -7  -7  -6  -4  -5  -7  -7  -7    1   1   3   6   0   0   2  83   0   0   0   1   0   0   0   1   1   0   0   0  2.18 0.99
  105 T     3   0  -1  -1  -4   1  -1  -1   0  -2  -2  -2  -2  -4  -4   1   3  -5  -3   2   22   4   2   4   0   8   4   5   2   1   4   2   1   0   0   8  17   0   0  16  0.30 0.31
  106 P     3  -1  -1  -3  -5  -3  -3  -4  -4  -2  -2  -1  -3  -4   4   2   3  -4  -4   0   23   3   3   1   0   1   1   1   0   2   4   3   0   1  20  14  15   0   0   7  0.55 0.43
  107 C    -5  -8  -9 -10  12  -9 -10  -9  -9  -5  -7  -9  -5  -9  -9  -6  -6  -9  -9  -4    1   0   0   0  96   0   0   0   0   1   0   0   0   0   0   0   0   0   0   1  4.57 1.66
  108 T     2  -1   0   2  -5  -2  -3   1  -5  -5  -6  -3  -5  -6  -4   2   5  -6  -6  -3   16   3   3  12   0   1   1  12   0   0   0   1   0   0   0  17  32   0   0   1  0.74 0.53
  109 V     1  -4  -4  -4  -5  -5  -4   4  -3   0  -4  -4  -4  -5  -4  -3   3  -3  -5   3   13   0   0   1   0   0   0  36   1   4   1   0   0   0   1   1  16   0   0  25  0.85 0.54
  110 G    -4  -7  -5  -6  -7  -6  -6   8  -6  -8  -8  -6  -7  -7  -6  -4  -6  -7  -7  -8    0   0   0   0   0   0   0 100   0   0   0   0   0   0   0   0   0   0   0   0  2.73 0.93

                      K         Lambda
Standard Ungapped    0.1243     0.3111
Standard Gapped      0.0646     0.2670
PSI Ungapped         0.2112     0.3169
PSI Gapped           0.0646     0.2670
