
Last position-specific scoring matrix computed, weighted observed percentages rounded down, information per position, and relative weight of gapless real matches to pseudocounts
            A   R   N   D   C   Q   E   G   H   I   L   K   M   F   P   S   T   W   Y   V   A   R   N   D   C   Q   E   G   H   I   L   K   M   F   P   S   T   W   Y   V
    1 V    -5  -6  -7  -8  -6  -6  -7  -8  -7  -2  -3  -6  10  -5  -7  -6  -5  -7  -6   6    0   0   0   0   0   0   0   0   0   0   0   0  57   0   0   0   0   0   0  43  2.47 0.99
    2 K     0  -3  -1  -2  -5  -1   0   0   6  -4  -4  -1  -2  -2  -1   3  -1  -5  -2   1    8   1   2   1   0   2   7   6  22   0   1   4   1   2   3  27   3   0   1  10  0.55 0.42
    3 L    -4  -7  -8  -9  -7  -7  -8  -8  -8  -1   6  -8  -2   2  -5  -7  -6   6  -5  -4    2   0   0   0   0   0   0   0   0   3  77   0   1   8   1   0   0   8   0   0  1.91 0.88
    4 S    -4  -3  -2  -4  -7  -6  -5  -5  -7  -5  -7  -4  -4  -8  -7   5   7  -8  -5  -6    1   1   1   1   0   0   1   1   0   0   0   1   0   0   0  34  57   0   0   0  1.87 1.01
    5 E     4  -2  -2   2  -3   0   2  -2  -2  -5  -4   0  -4  -7   3   0  -1  -3  -4  -4   29   2   2  13   1   3  15   3   1   0   1   6   0   0  14   5   3   0   0   1  0.55 0.43
    6 D     2   1  -1   2  -2   2   4  -1   1  -5  -4   1  -5  -4  -3  -1   0  -3  -4  -4   15   8   3   9   1   7  25   6   3   0   1  10   0   1   1   4   5   0   0   1  0.44 0.36
    7 Q    -7  -4  -2   5  -9   5   6  -7  -1  -9  -8  -3  -7  -9  -7  -4  -3  -9  -8  -8    0   1   2  26   0  20  45   0   1   0   0   1   0   0   0   1   2   0   0   0  1.67 0.93
    8 E    -4   3  -5  -7  -4  -3  -2  -7  -3   3  -5   6  -2  -4  -5  -5  -3   3  -6  -1    1  15   0   0   0   1   2   0   1  16   1  49   1   1   1   1   1   4   0   4  1.29 0.76
    9 H     3   0   0   0  -1   3   1  -2   1  -4  -4   1  -2  -4  -5   1   2  -6  -1  -3   23   4   4   5   1  11   9   2   3   1   1   8   1   0   0   9  14   0   2   1  0.38 0.35
   10 Y     2  -4   0  -3  -2  -3  -3  -4   2   3   4  -4  -1  -3  -5  -4   0  -6  -2  -2   14   1   6   1   1   1   2   1   4  14  41   1   1   1   0   1   6   0   1   2  0.61 0.43
   11 I    -4  -9  -9  -9  -7  -8  -9  -9  -9   7  -1  -8  -1  -3  -9  -8  -4  -9  -7   6    1   0   0   0   0   0   0   0   0  44   4   0   1   1   0   0   1   0   0  47  2.00 0.94
   12 K    -2   4  -1  -4  -3   4  -2  -5  -1  -4   0   4  -2  -6  -6  -1   1  -3  -4  -2    4  23   3   1   1  16   3   1   2   1   8  20   1   0   0   4   8   0   1   3  0.65 0.49
   13 G     2  -1   1   2  -3   1   1   0   0  -4  -5   1  -3  -6  -5   2   0  -2  -3  -4   15   4   6  10   0   6   9   8   3   1   1   9   0   0   0  18   6   1   1   1  0.34 0.34
   14 V    -1  -6  -3  -6   0  -4  -6  -5  -6   1   1  -4   1   0  -4   4   4  -7  -4   0    5   0   1   0   2   1   0   1   0   7  14   1   3   4   1  29  24   0   1   7  0.69 0.55
   15 W    -5  -9 -10 -10  -3  -5  -9  -6  -9  -5  -4  -9  -3   4 -10  -9  -5  13  -2  -4    1   0   0   0   1   1   0   1   0   1   2   0   1  16   0   0   1  70   1   2  3.78 1.63
   16 K     3  -2   0   1  -3   1   1   3  -2  -6  -5   0  -3  -6   0   1  -2  -6  -4  -3   22   2   4   7   1   7   9  19   1   0   1   6   1   0   5  10   3   0   1   2  0.38 0.34
   17 D    -2  -2  -4  -4  -3   1  -3  -3   0  -2   0   7  -3  -5  -2  -1  -3  -2  -4  -2    4   3   1   1   1   6   2   2   2   3   8  51   1   1   3   4   2   1   1   4  1.12 0.64
   18 V    -1  -5  -5 -10  -9  -3  -5 -10 -10   4   1  -5   2  -3  -3  -5  -3  -1  -9   6    5   1   1   0   0   1   1   0   0  16  12   1   4   1   2   1   2   1   0  50  1.42 0.71
   19 D     1  -1   4   3  -2  -3   1   1   2  -5  -5   1  -3  -4  -1   0  -3  -2  -3  -2   10   3  15  13   1   1  10  11   4   1   1   8   1   1   3   8   2   1   1   4  0.37 0.28
   20 H     2   0  -1  -4   0  -2  -2   1  -1   0  -3   1  -1  -3   4  -2  -2  -1   0   2   13   5   3   1   2   2   3  10   2   5   3   9   2   1  17   4   3   1   4  12  0.28 0.23
   21 K    -1  -1   1   4  -6   0   3  -2   3   0  -4   2  -2  -5  -1  -1  -2  -6  -2  -3    6   3   7  21   0   5  16   3   6   7   2  10   1   0   3   4   2   0   1   2  0.38 0.33
   22 Q     2   0  -1   2  -2   1   3  -2  -1  -2  -2   1  -1  -3  -1   0  -1  -5  -2  -1   15   4   2  11   1   5  22   3   1   3   3   9   1   1   2   7   3   0   1   4  0.25 0.26
   23 I     0  -1  -1   0   0  -1  -1  -1   1   2  -1  -2   0   0  -1  -1  -1   1   3   2   10   3   4   6   2   2   3   4   3  12   5   2   2   4   3   3   4   2  13  13  0.11 0.15
   24 T     0  -1   0  -1   1   0  -1   5   1  -4  -5  -1   0  -5   0   0   0  -5  -4  -1    7   3   3   3   3   3   5  42   3   0   0   3   3   0   5   5   5   0   0   4  0.54 0.37
   25 A     0   0   0   0  -3   1   0   0   1   0  -1   0   1   0   1   0   0  -2   1   0    6   6   5   6   0   5   6   6   5   6   6   6   5   5   6   6   6   0   5   6  0.03 0.06
   26 K     2  -1  -1   0   0   2   3   0   0  -2  -2  -1  -1  -2  -1  -1  -1   0  -1  -2   17   2   2   5   2  12  22   8   2   2   3   3   2   2   2   3   2   2   2   3  0.22 0.24
   27 A     2  -2  -2  -1   1   0  -1  -1  -3   2   1  -1   1   1   0   0   0  -3  -2   1   20   0   0   4   3   3   4   4   0  14  14   4   3   7   4   4   5   0   0   6  0.08 0.12
   28 L     0   0  -2  -2  -2  -1   0   0  -2   1   0  -1   2   1  -3  -1   0   4   2   0    8   8   0   0   0   0   8   8   0   8   8   0   8   8   0   1   8   8   8   8  0.12 0.13
   29 E    -1   0   0   0   2   0   0  -1   2   0  -1   0   2   0   0  -1   0   4   1  -1    5   5   5   5   5   5   5   5   5   5   5   5   5   5   5   5   5   5   5   5  0.04 0.09
   30 R     0   0   1   0   2   1   0   0   2   0  -1   0   1  -2  -2   0   0  -3   1   0    6   6   6   6   6   6   6   6   6   6   6   6   6   0   0   6   6   0   6   6  0.05 0.09
   31 V     0   0   1   0   3  -2  -2  -2  -2   1   0  -1   2   1  -2  -1   0  -2   1   0    8   8   7   8   7   0   0   1   0   8   8   0   7   7   0   1   8   0   7   8  0.03 0.12
   32 F    -6  -6  -6  -7  -6  -2  -6  -6  -5  -1   2  -6  -1   9  -6  -6  -6  -4  -2  -1    0   0   0   0   0   2   0   0   0   3  15   0   2  67   0   0   0   0   0   4  1.98 0.86
   33 V     0  -1  -1  -1  -1   0   3  -3  -1   0   0   1  -1  -2  -3  -1   2  -2  -2   1    8   3   2   3   1   3  19   1   1   5   8  11   1   2   0   2  17   1   1   9  0.19 0.21
   34 V     1   0  -1   0   1  -1   0  -1  -1   1   0   0   1  -1  -3   0   0  -3  -1   2   11   4   3   6   3   2   5   4   1   8   9   5   4   1   0   7   6   0   2  17  0.06 0.10
   35 Y     0  -2   1   1  -2  -2  -1  -5   5  -2  -3  -2  -2   3  -3  -2  -3  -3   6  -3   10   1   6   7   1   1   4   0  13   2   2   2   1  11   1   3   1   0  31   2  0.75 0.48
   36 P    -3  -6  -6  -6  -7  -5  -2  -3   0  -7  -7  -2  -6  -7   9  -3  -5  -7  -6  -6    2   0   0   0   0   0   3   2   2   0   0   2   0   0  80   2   0   0   0   0  2.46 1.10
   37 W     0  -2  -1   2  -5   3   3  -2   1  -5  -3  -2  -1  -3  -3   1   0   6  -1  -3    8   2   3  10   0  13  20   3   3   0   2   2   2   1   1  10   5  11   2   1  0.44 0.37
   38 T     0  -4  -2  -2  -1  -2  -4  -5  -1  -1   2  -3   1  -1  -3  -1   5  -4   2   1    7   0   1   3   1   1   0   0   1   3  17   1   4   2   1   3  37   0   8   8  0.53 0.41
   39 T    -2   3  -2  -2  -1   4  -1  -3   0  -2   0   4   1  -5  -4  -2  -2  -5  -1  -2    2  14   2   2   2  22   2   2   2   2   9  23   4   0   0   2   2   0   2   2  0.49 0.45
   40 R     0   2   1   1  -3   0   0  -1   0  -1  -2   1   0  -1   1   1   0  -3   0  -1    6  14   7  10   0   4   6   3   3   3   3   9   3   3   6   9   6   0   3   3  0.12 0.13
   41 L     0   0   0  -2  -3   1   0  -3   2   0   0   0   1   1  -3   0   0   4   1   0    6   6   6   0   0   6   6   0   6   6   6   6   6   6   0   6   6   6   6   6  0.11 0.14
   42 F    -2  -2  -2  -2  -2   1  -1  -3  -1   1   1  -2   0   2   2  -2  -2   6   3  -1    1   1   1   1   0  13   1   1   0  13  14   1   0  13  13   1   1  13  13   1  0.32 0.09
   43 S     0   0   0   0  -5   0   0  -1   0  -3  -3   1  -4  -2   4   2  -1   0  -2  -2    7   4   3   5   0   4   6   4   3   2   2   9   0   2  19  19   3   1   2   3  0.33 0.33
   44 K    -2   0   1  -1  -1  -1  -1  -2   6  -3  -2   1   1   1   0   1  -1  -4   2  -3    3   4   7   3   2   3   3   4  19   2   3  10   4   5   5  11   3   0   6   2  0.36 0.32
   45 L    -4  -1   0  -2  -1  -2  -4  -3   0  -1   1  -1   1   7  -2  -2   0   3   0  -2    1   3   4   2   2   2   1   2   2   4  11   3   3  40   3   3   6   4   2   3  0.75 0.47
   46 Q     0   0   1   2   1   0   0   2   0  -2  -3   2  -1  -4   0  -1  -1   0  -4  -2    6   5   6  14   3   4   4  19   2   2   3  13   2   0   5   3   4   2   0   2  0.23 0.22
   47 G    -2   0   3   3  -1   1   0   1   2  -2  -2  -1   0  -2  -1  -1  -1  -4  -2  -2    3   6  13  19   2   6   5  11   4   3   4   4   3   2   3   4   3   0   1   3  0.23 0.21
   48 L    -1  -1  -1  -1   2   1  -1   0  -1   0   2   0   1  -1   0  -1  -1  -3  -1   0    4   2   3   4   5   7   5   7   1   5  24   7   3   3   4   3   3   0   2   8  0.09 0.11
   49 F    -1  -1   0   0   0  -1   0  -1   0  -2   1   0   0   1   1   2  -1  -3   0  -2    5   3   4   4   2   3   5   4   2   2  17   6   2   6   7  20   3   0   3   3  0.12 0.17
   50 S    -1  -1   0   1  -2   0   0  -1   2  -2   0  -1  -1  -3  -1   4   1  -4  -1  -2    5   3   5   6   1   5   6   5   4   3   8   3   1   1   3  28  10   0   2   2  0.23 0.26
   51 A     2  -1  -1   0   0  -1   1  -2   2  -2  -2  -1   1  -2   4   0  -1   0  -2  -2   18   3   2   5   2   3  11   3   5   2   4   3   4   2  17   7   4   1   2   2  0.25 0.26
   52 N    -1  -1   1   3   1   1   1   2   0  -4  -3  -1  -1  -1   0   0  -1  -4  -3  -4    4   3   6  15   3   7   9  18   3   0   3   3   2   3   4   7   3   0   0   0  0.23 0.23
   53 D     0  -1   2   1   1   0   0  -1   1  -1  -2   0   0  -4  -1   3   0  -4  -3  -2    9   3  11   6   3   4   7   5   3   4   3   4   3   0   3  24   4   0   0   3  0.18 0.24
   54 I     2   0   0  -1  -3   0   0  -1   0   0  -1   0   1   0   3   0   0  -3   0  -1   19   4   5   3   0   3   7   4   3   6   5   4   5   4  13   4   4   0   3   4  0.12 0.15
   55 G    -1   0   0   2  -2   3   0   0   0  -4  -2   3   0  -2  -1  -1  -1  -5  -2  -2    6   5   4  11   1  16   5   6   3   0   4  22   2   2   3   4   3   0   2   2  0.29 0.30
   56 V    -1  -1  -1  -4  -3  -1  -1  -2  -3   1   2  -1   4   1  -1  -1  -1  -3   0   1    4   3   3   0   0   3   3   3   0   8  20   3  12   7   3   3   3   0   3  12  0.14 0.22
   57 Q     0   2  -1  -1  -4   3   0  -2   1  -1  -1   2   0  -1   0   0   0  -3   0  -1    7  10   3   3   0  13   5   3   4   3   5  15   3   3   4   5   4   0   3   3  0.11 0.19
   58 Q     3   0  -1   0  -4  -1   0   0   0  -3  -2   1  -1  -1  -2  -1   0   0  -2  -2   27   5   2   6   0   3   7   8   2   1   4   8   1   3   2   4   6   1   1   2  0.16 0.24
   59 H    -3  -2  -2  -6   0   5  -5  -3   9  -7  -4  -6   0  -2  -3  -6  -2  -7  -1  -7    2   3   2   0   2  21   0   2  47   0   2   0   2   2   2   0   3   0   2   0  1.83 1.02
   60 A     2   0  -1  -2   2  -1  -1   4  -7  -1  -3  -2   1  -7  -2  -2  -2  -7   0  -1   15   5   3   3   3   3   4  30   0   3   3   3   3   0   3   3   3   0   3   4  0.40 0.35
   61 D    -1   0   0   0   2   0   0  -1   2   0  -1   0   1   0   0  -1   0  -4   1  -1    5   5   5   5   4   5   5   5   4   5   5   5   4   5   5   5   5   0   4   5  -0.06 0.07
   62 K     0   0   0   0  -3   1   0   0   2   0  -1   0   1  -2   1   0   0  -2   1   0    6   6   5   6   0   5   6   6   5   6   6   6   5   0   6   6   6   0   5   6  0.02 0.08
   63 V    -1  -4  -4  -5   1  -4  -4  -2  -4   2   2  -4   3   0  -1  -3  -1  -4  -3   5    5   0   0   0   3   0   1   4   0   7  15   1   6   4   3   1   4   0   0  43  0.62 0.35
   64 Q     0  -1  -4  -5   0  -2  -3  -3  -4   1   3  -2   7   0  -2  -2  -2   0  -3   1    8   3   0   0   2   2   2   3   0   6  24   2  27   4   2   3   2   1   0   9  0.56 0.38
   65 R     1   0   1   1   0   1   0   0   1  -2  -1   0   0  -1  -3   0   1  -3   0  -2   13   3   7   8   2   7   6   6   3   2   5   6   3   2   0   7  12   0   4   2  0.09 0.12
   66 A     4  -2  -1  -2   0  -1  -3   0  -1  -2  -2  -2   2  -1  -4   2   0  -4  -2  -1   40   2   2   2   2   2   0   7   2   2   2   2   6   3   0  14   5   0   2   4  0.43 0.35
   67 L     0  -2  -2   1  -2  -2  -2  -2  -2   1   1  -2   2   2  -2  -1   1  -1   2   1   11   1   0  11   0   0   1   1   0  11  11   1  10  10   1   1  11   0  10  11  0.11 0.09
   68 G     1  -1   0   1   2   0   0   1   0   0   0  -1   0  -2  -2   0   0  -3   0   0   11   3   4   7   5   3   5  15   3   4   9   3   3   0   0   6   6   0   3   8  0.06 0.07
   69 E     0   0   1   2  -3   0   2  -1   0  -2   0   1  -1  -2  -2   0   1  -1  -1   0    7   5   7  12   0   3  15   3   2   2   8   8   2   1   1   4   9   1   1   7  0.12 0.15
   70 A     5  -4  -3  -4   0  -1  -3   1  -2   0  -1  -4  -1  -1  -2  -1  -1   0  -1   1   44   0   1   0   2   2   1  10   1   5   5   0   2   3   2   3   3   1   2  11  0.52 0.39
   71 I    -1  -5  -3  -6  -1  -5  -5  -6  -5   3   2  -5   2  -1  -5  -3  -2  -5  -1   6    4   0   2   0   1   0   0   0   0  12  15   0   4   2   0   2   2   0   2  50  0.94 0.53
   72 D    -1   0   2   3  -2   1   1   0   0  -3  -4   4  -2  -5  -4  -1  -1  -5  -2  -3    5   5  10  15   1   7   7   7   3   1   1  25   1   0   0   4   4   0   1   1  0.39 0.31
   73 D    -1   1   2   1   1   1   0  -1   5  -3  -2   1   0  -1  -3   0  -1  -3   0  -2    6   8  12   7   4   5   5   4  15   0   4   8   3   3   0   6   3   0   3   3  0.21 0.19
   74 L    -1   0  -3  -1  -3  -3  -3  -2   1   1   3   0   3   0   0  -1  -1  -4  -2   0    4   5   0   4   0   0   0   4   4   8  34   6  10   4   5   4   4   0   0   5  0.25 0.24
   75 K    -2   0   1   5  -5  -1   2   0   2  -5  -5  -1  -1  -5  -1  -1  -2  -5   0  -5    3   4   4  39   0   2  12   8   5   0   0   2   2   0   2   3   2   0   3   0  0.62 0.42
   76 K     0  -1   4   4   0   1   0  -1   1  -4  -3   0  -1  -4  -3   0  -1  -5  -2  -2    7   2  18  27   2   5   4   3   4   0   2   6   2   0   0   4   3   0   2   4  0.42 0.33
   77 V    -2  -4  -6  -6  -5  -4  -6  -4   2   2   5  -5   4  -2  -4  -4  -3  -2  -3   2    3   1   0   0   0   1   0   1   5  11  49   0   9   1   1   2   1   1   1  11  0.95 0.55
   78 E     1  -1  -2   0  -2  -1   2  -2   0  -2  -3   3  -1  -3   2   1  -1  -7  -3   1    9   3   2   5   1   3  13   3   2   2   3  14   2   1   9   8   4   0   1   9  0.18 0.23
   79 I     2  -1   1   0  -1  -1  -1   3   0  -4  -5  -2  -1  -3   2   1  -1  -7  -3  -3   16   4   5   5   2   3   5  17   2   1   2   3   2   1  10  11   5   0   1   2  0.25 0.28
   80 N     3  -3  -2  -3  -1  -1  -1  -2   1   0   0  -2   0   1  -3  -2   2  -1   0   1   20   1   2   1   1   3   5   4   3   5   9   3   2   6   1   3  14   1   3   9  0.19 0.21
   81 F    -2  -4  -8  -4  -1  -4  -4  -5  -8   0   5  -8   2   3  -8  -3  -4   0   1   0    4   2   0   1   1   1   1   2   0   6  47   0   4   9   0   2   1   1   5   6  0.94 0.58
   82 Q     3   0   0  -2  -2   2   0  -4   2  -3  -2   1  -2  -3  -3   2  -1   0  -2  -2   20   5   4   3   1   9   6   2   4   2   4   8   1   1   2  13   4   1   1   3  0.25 0.28
   83 N     1   0   0   1  -2   1   2  -3   0  -3  -3   4  -2  -3   0  -1  -2  -1   0  -3   11   6   5   8   1   6  11   3   3   2   3  21   1   2   5   4   3   1   3   2  0.31 0.27
   84 L    -4  -7  -4  -8  -7  -4  -7  -8  -2   1   6  -7   1  -2  -8  -4  -3  -7   0  -1    1   0   1   0   0   1   0   0   1   6  70   0   3   2   0   1   2   0   3   4  1.52 0.82
   85 S     2  -2  -1  -4  -2  -3  -2   4  -1  -4  -5  -3  -6  -4  -6   4  -2  -7  -6  -3   15   3   3   1   1   2   3  29   2   1   1   2   0   1   0  29   2   0   0   2  0.76 0.55
   86 G    -1   2   0   2  -2   2   4  -1   1  -2  -4   2  -5  -6  -5  -2  -1  -6  -5  -1    5   9   4  10   1   7  25   5   4   3   2  10   0   0   0   2   3   0   0   5  0.40 0.36
   87 K     0   0   0   0  -2   1   0   0  -1   0   0   0   1   1  -2   0   0  -2   1   0    6   6   6   6   0   6   6   6   0   6   6   6   6   6   0   6   6   0   6   6  0.00 0.07
   88 H    -4   1   1  -4  -5  -3  -3  -4   9   0  -1  -3  -4  -4   1  -4  -4  -5  -2  -4    1   7   7   0   0   0   1   1  51   7   7   0   0   0   7   1   1   0   0   1  1.30 0.56
   89 Q     2   0  -1  -1   3   0  -1  -1   3  -1  -2   0  -1  -1  -3   1  -1   3  -1   0   21   4   2   2   6   3   2   5   8   3   3   5   2   2   0  10   2   4   2   6  0.09 0.17
   90 E    -1   2   0   1  -4   0   2   0   0  -2  -2   3  -1  -2   0  -1  -1  -4  -1  -1    5  10   3   6   0   3  14   6   2   2   3  23   2   2   5   4   4   0   3   5  0.23 0.20
   91 I    -3   2  -2  -3  -4  -3  -3  -5   0  -1   4   0   1   1  -2  -4  -1   1   4  -2    2  10   2   2   0   0   2   0   3   3  38   6   2   5   2   0   5   2  16   2  0.50 0.36
   92 G    -2   3   2  -2  -2   0  -2   3   6  -5  -3   0   1  -2  -2  -1  -4  -5  -1  -5    2  16   9   1   1   4   2  25  20   0   2   5   3   2   2   3   0   0   2   0  0.63 0.42
   93 V     0  -4  -6  -6  -4  -2  -4  -4  -6   3  -1  -1  -1  -3  -4  -5  -2  -6  -5   6    7   1   0   0   0   2   1   1   0  14   5   4   1   1   1   0   2   0   0  59  1.11 0.62
   94 D    -2   0  -1   5   0   1   0  -1  -2  -1  -3   2  -2  -5   0  -1   1  -5  -3  -3    2   5   2  33   2   5   6   4   1   4   2  14   1   0   4   3  10   0   1   2  0.50 0.37
   95 T    -1  -1  -4  -1  -2  -3   0  -4  -2  -4  -3   0  -5  -1   7  -2  -1  -6  -3  -2    6   3   1   4   1   1   6   1   1   1   3   5   0   3  54   2   4   0   1   3  1.21 0.66
   96 Q     0  -1  -2   2  -3   1   4  -1   1  -1  -2  -1  -2  -2  -3   0  -1  -5  -3   1    7   3   1   9   0   7  27   4   4   4   3   3   1   2   1   6   4   0   1  12  0.26 0.28
   97 N    -1  -1   3   0  -4   1  -1  -3   6  -4  -3  -1   1  -1   1   0  -1   1   2  -4    4   2  15   5   0   6   4   1  18   0   2   3   4   2   6   6   4   2   7   0  0.34 0.32
   98 F    -4   0  -5  -5  -5  -4  -5  -5  -4   0   0  -4   2   6   0  -5  -4  -3   5   0    1   6   0   0   0   0   0   1   0   6   7   0   5  32   6   1   0   0  20   7  0.87 0.47
   99 K     0   0   0   0  -3   0   0  -1   2   0  -1   0   1  -2   0   0   0   3   1   0    5   5   5   5   0   5   5   5   5   5   5   5   5   0   5   5   5   5   5   5  0.03 0.11
  100 L    -1   0   0   0   2   0   0  -3   2   0  -1   0   1   0   0   0   0   3   1  -1    5   5   5   5   5   5   5   0   5   5   5   5   5   5   5   5   5   5   5   5  0.04 0.12
  101 L    -2  -2  -1  -6  -5  -5  -5  -6  -5   1   4  -5   3   1  -2  -2   0  -5   0   3    3   3   3   0   0   0   0   0   0   6  33   0   7   6   3   3   6   0   3  18  0.53 0.40
  102 G     0  -1  -1  -2   0  -1  -2   3   0  -1  -3   1   0  -2  -2   1  -1   1  -2  -1    9   3   2   2   2   3   2  26   2   5   3   8   3   2   2  12   3   2   2   5  0.20 0.23
  103 Q     0  -3   2   1  -1   1   2   1   5  -4  -5   0  -2  -3   0  -1  -1  -7  -2  -1    7   2   8   7   1   5  13   9  12   1   2   5   1   2   5   4   4   0   1   4  0.27 0.27
  104 T     2  -3  -1  -4   7  -3  -4  -4  -1   1  -2  -6   0  -3  -6  -1  -1  -6  -3   3   18   2   3   1  21   1   1   1   2   8   4   0   2   1   0   4   4   0   1  20  0.73 0.48
  105 F    -2  -3  -7  -8   0  -7  -7  -8  -7   3   5  -7   2   3  -3  -7  -3  -6  -5  -1    3   2   0   0   2   0   0   0   0  15  49   0   5  10   2   0   2   0   0   3  1.09 0.61
  106 M    -2  -3  -4  -3  -5  -1  -1  -4  -2   3   4  -3   2  -1  -2  -3  -1  -5  -2   3    3   1   1   2   0   3   4   2   1  14  32   1   5   2   2   2   3   0   1  16  0.45 0.34
  107 V    -1  -2  -1   1   0   0   1  -2   0   1  -2  -1  -1   0  -4  -2  -1   4   0   3    6   2   3   7   2   3   8   3   2   9   3   4   1   3   1   3   3   5   4  24  0.20 0.22
  108 E     1  -4  -4  -6   0  -5  -3  -3  -3  -1  -2  -5   1   0  -1  -2   4   1  -1   4    9   1   1   0   2   0   2   2   1   2   4   0   3   4   3   3  26   2   2  30  0.65 0.49
  109 L    -4  -7  -7  -7  -2  -6  -7  -7  -7   1   5  -7   3   1  -5  -3  -3   2  -2   1    1   0   0   0   1   0   0   0   0   7  56   0   6   6   1   2   1   2   2   9  1.16 0.65
  110 A     5  -1  -3  -2  -2   1   1   0  -1  -6  -6   1  -2  -6  -1   0  -2  -6  -5  -4   42   3   1   2   1   6  10   6   1   0   0   8   1   0   3   7   2   0   0   1  0.62 0.51
  111 L     1   1  -1   0  -2   2   2  -3   1  -1  -2   0   1  -2  -2   1  -1  -4  -2  -1   12   8   2   5   1   8  14   2   3   3   3   6   4   2   2  10   4   0   1   4  0.13 0.19
  112 H     0   1   0  -1  -1  -1   0   0   7  -3  -2   1   0  -1  -4  -2  -1  -5   1  -1    7   6   4   3   1   2   6   8  25   2   5   9   2   2   1   2   3   0   4   5  0.51 0.35
  113 Y    -3  -4  -4  -7  -2  -4  -5  -4   5  -2   5  -6   0   5  -5  -4  -4  -5   0  -2    2   1   1   0   1   1   1   2  10   1  46   0   2  23   1   1   1   0   3   3  1.20 0.64
  114 K     0   1   1   1  -3   1   1   0   2  -2  -1   1  -1  -3   1   0   0  -3  -2  -1    7   7   7   7   0   7   7   7   7   0   7   7   0   0   7   7   7   0   0   7  0.11 0.09
  115 K     0  -1   0   2   0   0   1   0   0  -3  -3   2  -1  -5   1   1   0   2  -4  -2    9   2   4  10   2   3  10   7   2   2   2  14   2   0   7  10   6   2   0   2  0.19 0.22
  116 T     0  -1  -1   4   0   0   3  -2   0  -2  -3   1  -5  -2  -2  -1  -2  -6  -2  -3    9   3   2  23   2   4  18   4   3   2   3   7   0   2   2   4   2   0   2   2  0.34 0.34
  117 F    -4  -7  -4  -7   0  -7  -7  -5  -6  -2   0  -3   0   8  -4  -4  -4   6   1  -3    2   0   1   0   2   0   0   1   0   2   9   2   2  56   1   1   1   9   4   2  1.72 0.87
  118 R    -3  -3   1  -1  -2  -3  -5  -2  -1  -3  -4  -2  -5  -2  -2   0   7  -1  -6  -5    2   1   6   3   1   1   0   4   1   2   2   3   0   2   2   7  56   1   0   0  1.14 0.76
  119 P     2  -3  -2  -1  -1  -2  -2  -3  -2  -4  -3  -3  -2  -6   7  -2  -2  -1  -2  -1   18   2   2   4   1   2   2   2   1   1   2   2   1   0  42   3   2   1   1   5  0.95 0.65
  120 K     1  -3  -3   2  -3   2   5  -2   0  -3  -5  -1  -3  -4  -1  -2   0  -6  -6  -4   10   1   1  12   1   9  36   3   2   2   1   4   1   1   4   3   5   0   0   1  0.61 0.53
  121 E     2  -3  -3  -3   0  -3  -3  -2  -2   0   0  -3   3  -3  -5  -3   2   0  -3   4   15   1   1   1   2   1   2   3   1   4   9   1   6   1   0   1  13   1   1  31  0.46 0.41
  122 H    -1   1  -3  -2  -3   5   1  -5   6  -3  -3   2  -2  -3  -6  -2  -3  -6  -5  -4    5   6   1   2   1  27   9   1  19   2   2  10   1   1   0   2   2   0   0   2  0.84 0.64
  123 A     5   0  -2  -1   0   1   1  -2   0  -3  -1  -1  -2  -4  -5  -1  -1  -6  -4  -1   40   4   1   4   2   7   9   3   2   1   5   4   1   1   0   4   3   0   1   4  0.42 0.43
  124 A     6  -6  -3  -4   0  -2  -4  -2  -6  -4  -5  -6  -6  -7  -4   2  -3  -7  -4  -2   63   0   1   1   2   2   1   4   0   1   1   0   0   0   1  13   1   0   1   3  1.23 0.87
  125 A    -4  -5  -9  -9  -2  -8  -8  -5  -8  -4   1  -8   2   4  -9  -6  -5  12   1  -1    2   1   0   0   1   0   0   1   0   1  11   0   4  13   0   1   1  53   3   4  2.53 1.24
  126 Y    -2   0   0   4  -3   4   1  -4   0  -3  -4   0  -2  -6  -4  -1   0  -6  -2  -1    3   4   4  24   1  20   8   1   2   2   2   6   1   0   1   4   5   0   1   4  0.48 0.47
  127 K    -2  -1  -1  -2  -4  -1   0  -4  -2  -4  -5   7  -4  -8  -7  -4  -3  -8  -7  -6    3   3   3   2   0   2   5   1   1   2   1  68   0   0   0   1   2   0   0   1  1.61 0.97
  128 F     1  -6  -6  -7  -2  -4  -6  -4  -3  -2   3  -6   1   6  -6  -4   0  -5  -1   3   11   0   0   0   1   1   0   2   1   1  27   0   3  28   0   1   7   0   1  16  0.87 0.55
  129 F    -3  -4  -5  -7  -6  -6  -5  -7  -3  -2   4  -5   3   4  -7  -4  -3  -2   5   3    2   1   0   0   0   0   1   0   0   1  35   1   6  13   0   1   2   1  18  18  1.01 0.59
  130 R     3   0   0   1   2  -1   0   2  -1  -4  -4  -1  -2  -5  -4   2   1  -1  -3  -4   21   4   5   8   4   2   6  13   1   0   1   2   1   0   0  18  10   1   1   1  0.36 0.34
  131 L     2  -3  -1  -2  -2  -2  -1   2   0   1   0  -2   0   0  -4  -1   0  -5  -1   3   16   1   3   1   1   2   4  14   3   8   9   1   2   3   0   3   5   0   2  20  0.19 0.22
  132 V    -4  -8  -8  -9  -6  -7  -8  -6  -8   4   1  -8   2   0  -8  -7  -4  -8  -6   7    1   0   0   0   0   0   0   1   0  17  12   0   5   3   0   0   1   0   0  61  1.68 0.83
  133 A     5  -1  -4  -3   2  -3  -3  -1  -5   0  -4  -3  -1  -4  -5   2  -1  -6  -2   2   43   3   0   1   5   1   1   4   0   5   1   1   2   1   0  16   4   0   2  12  0.69 0.50
  134 E     1  -2   3   2  -1  -1  -1   0   4  -1  -3   0  -3  -4  -3   2   2  -3  -2  -2   10   1  13  10   1   2   4   6  10   4   3   4   0   0   1  15  12   0   1   3  0.29 0.27
  135 A     5  -5  -3   0  -5  -3  -2  -2  -1  -1  -1  -4  -2  -4  -5  -1   0  -7  -5   4   39   0   1   5   0   1   2   2   1   2   6   0   1   0   0   4   6   0   0  27  0.72 0.52
  136 L    -4  -7  -8  -8  -1  -7  -8  -8  -7   1   6  -5   7  -5  -8  -7  -3  -7  -6  -2    1   0   0   0   1   0   0   0   0   6  61   1  26   0   0   0   2   0   0   2  1.80 0.86
  137 S     4  -1  -3  -4  -1  -2  -2   0  -4  -1  -3   0  -2  -3  -2   2   3  -6  -3  -2   32   4   1   0   1   1   3   7   0   4   2   5   1   1   2  15  20   0   1   2  0.47 0.39
  138 S     0   3  -2  -1  -3  -2   3  -4   5  -6  -5   2  -5  -6  -4   4  -2  -6  -2  -4    9  14   1   3   1   1  16   0  14   0   1  11   0   0   1  27   1   0   1   1  0.69 0.50
  139 N     0   2  -1  -3  -3   2   0   2  -1  -6  -4   5  -5  -6  -5  -2  -3  -6  -5  -3    8  10   3   1   0  10   5  16   2   0   1  40   0   0   0   1   1   0   0   2  0.78 0.50
  140 Y    -5  -7  -8  -9  -2  -4  -7  -8  -4  -7  -4  -7  -3  -2  -8  -7  -7   3  10  -6    1   0   0   0   1   1   0   0   0   0   2   0   1   0   0   0   0   3  92   0  3.34 1.26
  141 H    -5  -4   2  -4  -7  -3  -4  -6  11  -7  -7  -4  -5  -5  -6  -4  -5  -6  -2  -7    0   0   8   0   0   0   0   0  92   0   0   0   0   0   0   0   0   0   0   0  3.16 0.89

                      K         Lambda
Standard Ungapped    0.1344     0.3202
Standard Gapped      0.0607     0.2670
PSI Ungapped         0.1982     0.3171
PSI Gapped           0.0607     0.2670
