
Last position-specific scoring matrix computed, weighted observed percentages rounded down, information per position, and relative weight of gapless real matches to pseudocounts
            A   R   N   D   C   Q   E   G   H   I   L   K   M   F   P   S   T   W   Y   V   A   R   N   D   C   Q   E   G   H   I   L   K   M   F   P   S   T   W   Y   V
    1 M    -4  -5  -6  -7  -5  -5  -6  -7  -6   2   3  -5   9  -3  -6  -5  -4  -5  -5   2    0   0   0   0   0   0   0   0   0   9  22   0  56   0   0   0   0   0   0  13  1.82 0.58
    2 K    -2   4  -1  -1  -6   2   1  -4  -3  -4  -4   5  -1  -6   0   0  -1  -6  -5  -4    3  24   2   4   0   9   7   1   0   1   1  32   2   0   4   8   3   0   0   1  0.73 0.34
    3 K    -2   4  -2  -1  -6   1   1  -3  -4  -6  -5   5  -4  -6  -1   1  -2  -6  -4  -3    3  25   1   3   0   5  10   1   0   0   1  34   0   0   3   9   2   0   1   2  0.80 0.37
    4 S     1   2  -1  -1  -5  -1  -2  -2  -2  -4  -4   2  -3  -6   0   4   1  -6  -5  -3   10  13   3   2   0   2   1   3   1   1   1  10   1   0   5  38  10   0   0   1  0.59 0.34
    5 S     0   2   2  -1  -4   0  -1   0   2  -4  -3   0  -4  -4  -1   3   0  -1  -3  -3    9  14  12   3   0   3   3   6   6   0   3   6   0   1   3  24   6   1   0   1  0.35 0.23
    6 E    -1   2   0   0  -5   3   3  -2   0  -4  -3   2  -2  -4  -1   0   0  -5  -3  -3    6  12   4   5   0  12  22   3   2   1   2  15   1   1   3   6   6   0   0   2  0.39 0.22
    7 V     0   3  -1  -2  -3  -1  -2  -3  -1   3   0   2  -1  -2  -1  -1   0  -2  -2   2    6  19   3   1   0   1   2   1   1  17   7  12   1   1   3   5   6   0   1  13  0.22 0.16
    8 M     0  -1  -2  -3  -3  -1  -2  -2  -1   2   1  -1   4  -1  -3   2   0  -1  -1   2    8   2   1   1   0   2   2   2   1  12  13   3  12   3   1  17   5   1   1  13  0.20 0.16
    9 H    -1   4   0   0  -4   1   0  -2   4  -3  -3   0  -2  -3  -2   1  -1  -4  -2  -3    5  30   4   4   0   6   5   2  13   2   3   4   1   1   2  11   4   0   1   2  0.44 0.23
   10 Q    -2   4  -1  -3  -5   5  -1  -3   0  -2   0   2  -2  -1  -2  -1  -1  -4  -1  -1    2  22   2   1   0  27   2   1   2   2  11  11   0   3   2   4   2   0   2   4  0.49 0.27
   11 A     6  -3  -2  -5  -2  -3  -4   0  -4  -5  -5  -4  -4  -5  -2   2  -2  -5   0  -3   66   1   1   0   1   1   0   5   0   0   0   0   0   0   1  17   2   0   3   1  1.15 0.48
   12 C    -5  -8  -7  -8  11  -8  -8  -7  -8  -6  -6  -8  -6  -7  -8  -2   2  -7  -7  -6    0   0   0   0  87   0   0   0   0   0   0   0   0   0   0   3  10   0   0   0  3.75 0.94
   13 D    -2  -2   1   5  -5   1   1  -3  -1  -3  -2  -1  -2   2  -4  -1   0  -1  -2  -2    2   2   7  39   0   7  10   1   1   2   3   3   1   9   0   3   5   1   1   4  0.59 0.30
   14 A     3   2   0  -2  -2   0   1  -2  -1  -2  -2  -1  -1  -1   0   1   0  -2  -1  -2   31  11   6   1   1   3   9   2   2   2   4   2   2   3   4   7   6   1   2   2  0.20 0.17
   15 C    -4  -7  -6  -7  11  -7  -7  -6  -7  -6  -6  -7  -6  -7  -7   1  -5  -7  -7  -5    0   0   0   0  90   0   0   0   0   0   0   0   0   0   0  10   0   0   0   0  3.64 0.86
   16 R    -3   7  -2  -5  -6   0  -3  -4  -1  -6  -5   2  -4  -3  -5  -3  -2  -1   0  -4    2  73   1   0   0   3   0   1   1   0   0  11   0   1   0   1   2   1   3   1  1.61 0.53
   17 K    -1   4   0  -2  -4   1  -1  -3   0   1  -2   4  -1  -2  -4   0  -1  -4  -1  -2    5  24   5   2   0   5   3   1   2  11   3  26   1   1   0   5   4   0   2   1  0.39 0.24
   18 K    -1   5   0   0  -5   0  -2  -3   0  -1  -3   4  -1  -5  -4  -1  -2  -5   0  -4    4  36   4   5   0   2   0   1   2   4   2  32   1   0   0   3   1   0   3   0  0.78 0.35
   19 K     0   2  -4  -4  -6  -2  -3  -5   1  -6  -6   7  -5  -6  -5  -1  -4  -6  -5  -6    7   9   0   0   0   0   0   0   3   0   0  76   0   0   0   5   0   0   0   0  1.67 0.59
   20 W     0   0  -1   0  -1   0  -1  -2   0   2   1  -1   0  -1  -2   0   0   0  -1   1    9   5   2   6   1   3   2   2   3  16  15   4   2   2   1   7   6   1   2  13  0.05 0.06
   21 K     0   3   0  -2  -3   1  -1  -1  -1  -1  -2   4  -2  -2   0   0   0  -2   0  -2    7  20   4   1   0   4   1   4   0   4   2  34   0   1   4   4   4   0   3   1  0.32 0.13
   22 C    -2  -3  -3  -3  11  -3  -3  -3  -3  -3  -3  -3  -3  -3  -3  -2  -2  -3  -3  -2    2   1   1   1  74   1   2   2   1   1   2   2   1   1   1   2   2   0   1   2  2.21 0.34
   23 S     0   0   1   3   1   0   0   0   1  -1  -1  -1  -1  -2   0   1   0  -2  -2  -1    6   5   7  19   4   5   5   6   4   5   6   2   1   1   5  12   6   0   1   2  0.12 0.05
   24 K    -1   3  -1  -3  -3  -1   1   4   0  -3  -4   3  -3  -4  -2  -2  -3  -5  -5  -4    4  15   3   1   1   3   8  34   2   1   2  17   1   1   2   3   1   0   0   1  0.66 0.33
   25 T     0   0   0   0  -2   1   3  -1  -1  -1  -1   1  -2  -4  -2   0   2  -4  -3  -1    6   5   3   6   1   6  22   5   1   3   5   7   1   0   1   6  14   0   1   5  0.23 0.18
   26 V    -1   3  -1  -2  -3   2  -1  -3   1  -1   1   2   0  -2  -1  -1   0  -2  -1   0    3  18   2   2   1   8   3   2   3   4  13  15   2   2   3   4   5   0   2   6  0.21 0.16
   27 P    -4  -3  -4  -2  -6  -4  -3  -4  -2  -6  -6  -4  -4  -6   8  -3  -3  -6  -6  -5    1   1   1   2   0   1   2   2   1   1   1   1   1   0  79   2   2   0   0   1  2.44 0.89
   28 T     1   1  -1  -2  -1   0  -1   0  -1   0  -2   1  -2  -3  -1   2   3  -3  -2   1   11   8   2   1   1   4   3   6   1   5   3  10   1   1   2  15  16   0   1   9  0.18 0.15
   29 C    -5  -6  -6  -6  12  -6  -6  -6  -6  -6  -6  -6  -6  -6  -6  -6  -6  -6  -6  -6    1   1   0   1  90   0   1   1   0   1   1   1   0   0   1   1   1   0   0   1  4.19 1.16
   30 T     1  -1  -1  -1  -4   0  -1   1  -1  -3  -3  -1  -2  -3  -3   4   2  -2  -3  -2   11   3   3   3   0   4   3   9   2   2   3   4   1   1   1  32  15   1   1   3  0.40 0.26
   31 N    -1   3   4  -3  -2   1  -2  -3   4  -3  -2   1  -2  -2  -1   0   0  -2   0  -3    4  16  23   1   1   7   1   2   8   1   5   6   1   2   3   7   5   1   3   2  0.45 0.26
   32 C    -5  -6  -6  -6  12  -6  -6  -6  -6  -6  -6  -6  -6  -6  -6  -6  -6  -6  -6  -6    1   1   0   1  90   0   1   1   0   1   1   1   0   0   1   1   1   0   0   1  4.19 1.16
   33 L     1   1  -3  -3  -2   1  -1  -3  -2   1   2   1   0  -2  -4   0   0  -2  -2   1   10   9   1   1   1   6   4   1   1   9  24   7   2   1   0   7   7   1   1   9  0.19 0.16
   34 K    -1   4   0  -2  -2   1   0  -3   0  -3  -3   5  -2  -3  -2  -1   0  -1  -3  -3    6  18   4   2   1   6   6   2   2   1   3  31   1   1   2   5   5   1   1   2  0.60 0.37
   35 Y     0   1   2  -3  -2   0  -2  -3   4  -2   0  -2   0   1  -6   0  -1   3   5  -1    7   7   8   1   1   5   3   2   9   3  10   2   3   6   0   6   3   4  17   4  0.39 0.26
   36 N    -2   0   5   0  -7   0  -2   4   1  -4  -5   1  -2  -7  -2   0  -3  -8  -3  -5    3   6  25   5   0   4   2  26   3   1   1   9   1   0   2   7   2   0   1   1  0.71 0.41
   37 L    -1   1  -1  -3  -1   0  -2  -2   0   2   2   0   0   1  -3  -1   0   3   0   1    4   9   2   1   1   3   2   3   2  11  21   6   1   5   1   4   6   4   3   8  0.16 0.13
   38 D    -1  -1   0   4  -1   1   4  -3   1  -3  -4  -1  -2  -4   1  -1   0  -7  -3  -3    5   3   5  19   1   6  27   2   3   2   1   4   1   1   6   5   6   0   1   2  0.52 0.34
   39 C     0  -4  -3  -4   9  -3  -4  -3  -3  -1  -1  -3  -2  -3  -3  -1  -1  -3  -3  -1    0   0   0   0 100   0   0   0   0   0   0   0   0   0   0   0   0   0   0   0  1.19 0.00
   40 V    -1  -1  -1  -1   1   0  -1  -2   2   1   0   0   1   0  -1   0   1  -4   0   2    4   4   3   4   3   4   5   3   5   9   6   5   3   3   3   5   9   0   3  20  0.08 0.07
   41 Y    -3  -2  -2  -6  -6  -2  -3  -3   0  -2  -3  -3  -1   2  -3  -3  -1   3   8  -2    2   2   2   0   0   2   2   3   2   3   2   2   2   8   2   2   4   4  53   3  1.43 0.55
   42 S     0  -1   0   0  -3   0   1  -1   0  -1  -2   0  -1  -1   0   3   1  -4   0   0    6   3   3   5   0   4   8   4   2   3   4   4   2   2   5  28  10   0   3   6  0.19 0.19
   43 P    -1  -1  -1   4  -2   0   0  -2  -1  -3  -4  -1  -2  -3   5  -1  -1  -5  -2  -2    6   3   2  21   1   4   6   3   2   2   2   4   1   1  30   4   4   0   1   3  0.62 0.37
   44 Q    -1   2  -1  -1  -2   3   1  -2   1  -2  -3   3  -1  -2   2   0   0  -1  -2  -2    6  13   2   3   1  14   8   4   3   2   2  17   1   2   9   6   4   1   1   4  0.30 0.24
   45 V     0   1  -1  -1  -3   0  -1  -2  -1   1   0   1   0  -1   1   0   1  -3  -1   1    9   7   2   3   0   3   3   2   1   7  12   8   2   1   7   7   9   0   2  13  0.07 0.09
   46 V     0   1   0  -1  -1   0  -1  -1  -1  -1  -1   2   0  -3  -1   1   2  -1  -2   0    8   9   3   4   1   3   3   4   1   4   5  16   2   1   3  11  12   1   1   8  0.13 0.15
   47 R    -2   7  -1  -2  -7   0  -1  -1  -1  -6  -5   4  -5  -6  -3  -2  -2  -6  -3  -4    3  50   2   3   0   3   3   5   1   0   1  20   0   0   2   3   2   0   1   1  1.21 0.64
   48 T     0   4   0  -2  -3  -1  -1  -1  -1  -2  -3   2  -1  -3   0   1   3  -1  -3  -1    7  22   4   2   1   3   3   4   1   2   2  10   1   1   6  12  15   1   1   4  0.34 0.30
   49 P     0   0  -1  -2  -6  -1  -1   2  -2  -4  -4  -1  -3  -7   6   0  -2  -2  -3  -4    8   6   4   3   0   3   4  13   1   1   2   4   1   0  40   6   3   1   1   1  0.85 0.54
   50 L    -1   0  -3  -3  -2  -2  -2  -3  -1   1   3   0   2   1   2  -1  -1  -4   0   1    5   5   1   1   1   2   2   2   2   7  26   5   5   6  11   4   3   0   4   9  0.23 0.20
   51 T    -1   1  -2  -2  -3  -2  -3  -3  -1  -2  -1   2  -1  -4   4   2   4  -6  -3  -2    4   7   2   2   1   2   1   2   1   2   5  11   1   1  17  12  26   0   1   2  0.51 0.42
   52 R    -2   7  -3  -3  -7   1  -1  -3  -3  -5  -3   3  -2  -4  -3  -2  -2  -7  -3  -5    3  52   1   2   0   6   3   2   1   1   3  17   1   1   1   3   2   0   1   1  1.26 0.71
   53 A     2   1  -1   0  -4   1   0   3  -1  -2  -3   1  -1  -4  -2   2  -1  -5  -3  -2   18   7   2   4   0   6   5  20   2   2   2   9   1   1   2  14   3   0   1   3  0.29 0.27
   54 H    -2   2   1  -3  -3   0  -2  -3   6  -5  -5   0  -3  -2  -3  -2  -3  -4   7  -4    4  11   6   2   1   4   3   2  19   1   1   5   1   1   1   3   1   0  33   1  1.10 0.65
   55 L    -3  -3  -4  -3  -3  -3  -4  -6  -2   3   3  -4   1  -2  -4  -3   0  -5   1   4    1   1   1   2   0   1   1   0   1  17  31   1   3   1   1   2   5   0   4  24  0.68 0.43
   56 T     0   0  -1   0  -5   2   3  -4   0  -2  -1   1  -1  -3  -4   0   3  -2  -3  -2    6   5   3   6   0   8  19   1   2   3   5   7   2   1   1   7  22   1   1   2  0.35 0.34
   57 E     0   0   0   1  -4   2   5  -2  -1  -5  -4   0  -2  -4  -4   1  -1  -4  -1  -4    9   5   5   8   0   8  34   3   2   1   2   6   1   1   1  10   4   0   2   1  0.56 0.44
   58 M    -3  -3  -5  -6  -6  -3  -5  -5  -3   2   5  -3   3  -3  -5  -5  -3  -3  -6   2    2   2   1   1   0   1   1   1   1   8  58   2   8   1   1   1   1   0   0  12  1.13 0.64
   59 E    -3  -1  -2  -2  -9   1   7  -6   0  -8  -3  -1  -7  -8  -7  -3  -4  -8  -2  -5    2   4   2   2   0   6  70   1   2   0   4   3   0   0   0   1   1   0   2   1  1.71 0.95
   60 N     0   1   5   2  -6   2   2  -2   0  -5  -5   1  -4  -6  -4   1   0  -6  -4  -5    7   7  24  11   0   7  15   2   2   1   1   8   0   0   0   8   5   0   0   0  0.57 0.43
   61 R    -7   8  -6  -7  -9   0  -3  -8  -6  -9  -8   2  -7  -9  -8  -6  -7  -9  -7  -8    0  84   0   0   0   4   1   0   0   0   0  11   0   0   0   0   0   0   0   0  2.75 1.20

                      K         Lambda
Standard Ungapped    0.1267     0.3205
Standard Gapped      0.0410     0.2670
PSI Ungapped         0.1267     0.3205
PSI Gapped           0.0410     0.2670
