
Last position-specific scoring matrix computed, weighted observed percentages rounded down, information per position, and relative weight of gapless real matches to pseudocounts
           A  R  N  D  C  Q  E  G  H  I  L  K  M  F  P  S  T  W  Y  V   A   R   N   D   C   Q   E   G   H   I   L   K   M   F   P   S   T   W   Y   V
    1 W   -3 -2 -2 -4 -3 -2 -2 -3  5 -3 -2 -3 -2  3 -4 -2 -3  7  6 -3    0   0   0   0   0   0   0   0  23   0   0   0   0   9   0   0   0  23  45   0  1.12 0.12
    2 S   -2 -2 -1  2 -4  2  5 -3 -2 -5 -4 -1 -3 -5  1  2 -2 -5 -4 -4    0   0   0   9   0   7  60   0   0   0   0   0   0   0   5  19   0   0   0   0  0.91 0.28
    3 L   -3 -4 -5 -5 -3 -4 -5 -5 -4  2  5 -4  0  2 -5 -4 -2 -3 -2  1    0   0   0   0   0   0   0   0   0  10  76   0   0   7   0   0   2   0   0   5  0.95 0.29
    4 L    2  0 -1 -2 -2 -1 -1  0 -2 -1  0 -1 -2 -3 -1  4  0 -3  0 -1   20   4   1   0   0   2   2   4   0   3  11   2   0   0   2  42   1   0   4   2  0.30 0.19
    5 E    0 -1  0  2 -4  2  3 -3  5 -3 -2  0 -2 -2 -2  0 -1 -3  0 -2    6   0   2  13   0  10  23   0  19   0   5   5   0   1   1   7   3   0   3   1  0.39 0.17
    6 Q   -2  3 -1  0 -1  2 -1 -3  1 -3 -2  5  0 -4 -3 -1 -1 -4 -3 -2    0  16   2   4   2  10   0   0   3   0   2  51   3   0   0   2   3   0   0   3  0.66 0.26
    7 L   -4 -1 -2 -5 -4 -3 -3 -5 -1 -2  2 -4 -2  2 -5 -4 -1 -1  8  0    0   3   2   0   0   0   1   0   0   0  22   0   0   4   0   0   3   0  60   5  1.23 0.38
    8 G    1 -1  1 -1 -3  1 -2  5 -3 -3 -3 -2 -3 -2 -3  2 -2 -4 -2 -3   11   4   5   3   0   7   1  45   0   1   2   0   0   2   0  16   1   0   2   0  0.56 0.22
    9 L   -1 -2 -2 -4 -1 -2 -3 -4 -3  1  3 -3  2  4 -4 -1 -1  0 -1  1    4   2   2   0   1   1   1   0   0   3  40   0   6  20   0   5   2   1   0  11  0.41 0.19
   10 A    0  1 -1 -2 -2  3  1 -1 -1  0 -2  2 -1 -3  1  1  0 -3 -1 -1    7   7   0   0   1  19   8   3   1   6   2  15   0   0   7  13   5   0   2   4  0.21 0.13
   11 G   -1 -3  1  2 -3 -2 -1  5 -2  0 -2 -1 -3 -3 -3 -1  0 -1 -3 -2    3   0   6  13   0   0   2  44   1   9   2   5   0   0   0   1   8   1   1   3  0.50 0.21
   12 A    0 -2  1  2  4 -1  1 -1  2 -3 -1 -1 -2 -3  0  2  1 -4 -3 -3    8   1   7  14  13   0  10   3   5   0   6   2   0   0   3  17  11   0   0   0  0.28 0.16
   13 D   -3 -2  3  6 -2 -1  1 -2  0 -3 -5 -2 -4 -5  0 -1 -2 -6 -4 -5    0   2  12  61   1   2   5   2   3   2   0   2   0   0   4   2   2   0   0   0  1.09 0.36
   14 L   -1  0 -2 -2 -3 -1 -1 -1 -3  0  2 -2  0  0  5  0 -1 -3 -2  0    2   6   1   1   0   2   4   6   0   3  21   1   2   3  32   6   2   0   0   7  0.45 0.17
   15 A    0  2 -1  0 -1  0  0 -1 -1 -1  1  0 -1 -2  1  2  0 -3 -2 -1    5  15   1   6   1   4   7   3   1   2  18   2   0   1   6  19   6   0   0   3  0.12 0.10
   16 A    2 -1  0  3 -3  1  2  0 -1 -2 -2 -1  0 -3  0 -1 -1 -3 -3 -1   20   3   3  23   0   6  15   6   1   2   3   2   3   0   5   1   3   0   0   4  0.26 0.14
   17 P    2 -1  0  0 -2  2  1  0 -1 -2 -2 -1 -2 -3  1  1  0 -3 -2 -1   25   2   3   5   0  14   7   5   1   1   4   1   0   1   8  13   6   0   0   3  0.22 0.13
   18 G    1 -1  0  0 -1  0 -1  1 -2 -2 -2 -2  0 -2 -1  2  3 -3 -3 -2   12   2   5   6   1   3   2  10   0   1   3   0   3   1   2  21  27   0   0   1  0.27 0.16
   19 V    0 -2 -2 -2  4  0 -2  0 -3  2  1 -2  1  0 -1 -1 -1 -3 -2  1    5   1   1   2  11   7   1   7   0  19  17   0   5   4   2   2   3   0   0  12  0.16 0.11
   20 Q   -2  4  0 -2 -2  5  1 -2  1 -4 -2  0  0 -4  1 -1 -1 -4 -3 -4    1  29   4   1   1  33   7   2   3   0   2   2   3   0   7   2   3   0   0   0  0.62 0.26
   21 Q   -1  1  0 -1 -3  3 -1  3  1 -3 -3  1 -2 -4 -1  1 -1  2 -2 -3    3   7   5   3   0  23   1  25   4   0   1   7   0   0   2  12   3   3   1   1  0.34 0.17
   22 Q    0  3 -1 -1 -2  1  1 -2  1 -4 -2  4 -1 -4  0 -1 -1 -4 -3 -3    6  20   1   1   1   6   8   2   4   0   3  41   1   0   4   1   2   0   0   0  0.51 0.20
   23 L   -1 -3 -4 -4 -3 -2 -4 -4 -1  1  4 -3  2  1  1 -2 -2 -3 -2  1    5   0   0   0   0   1   0   0   1   3  62   0   4   5   8   1   1   0   0   8  0.56 0.22
   24 E   -2 -1 -1  3 -4  5  4 -2 -1 -2 -2  0 -3 -4 -3 -1 -2 -4 -2 -3    0   0   0  14   0  35  34   1   0   3   4   2   0   0   0   4   1   0   1   0  0.74 0.27
   25 L   -1 -1  2  2 -3  2  2 -1  1 -2 -2  0 -2 -3 -2  1  0 -3 -1 -1    3   1  13  12   0  14  18   2   4   1   4   2   0   0   0  11   7   0   3   5  0.26 0.12
   26 E   -1  3 -2 -2 -3  1  0 -3  0  1  2  1  1 -1 -3 -2 -1 -3 -2  0    3  24   0   0   0   6   7   0   2   7  31   8   3   1   0   1   2   0   0   4  0.24 0.13
   27 R   -2  6 -2 -3 -2  2 -1 -4 -2 -3 -2  4 -2 -4 -3 -2 -2 -4 -3 -2    2  51   0   0   1   7   1   0   0   1   5  30   0   0   0   0   0   0   0   2  0.91 0.29
   28 E    2 -1  0  1  2  2  3 -2  0 -3 -3  0 -2 -4 -2  1  0 -4 -3 -2   20   2   4   8   6  13  22   0   1   0   0   5   0   0   0  14   4   0   0   0  0.35 0.15
   29 R    1  2 -1 -1 -3  2  1 -2  0 -1 -1  2 -1  0 -2  0  0 -3 -1  0   13  10   1   3   0  13   7   1   2   4   3  18   1   5   0   6   2   0   2  10  0.13 0.08
   30 L   -3 -4 -5 -5 -2 -4 -4 -5 -4  4  4 -4  1 -1 -4 -4 -2 -3 -2  1    0   0   0   0   0   0   0   0   0  39  53   0   1   0   0   0   0   0   0   6  0.81 0.23
   31 R   -3  5  4 -1 -4  0 -1 -3  2 -4 -4  3 -3 -4 -3 -1 -2 -4 -2 -4    0  39  30   0   0   2   0   0   6   0   0  22   0   0   0   0   1   0   1   0  0.81 0.24
   32 R    0  3  0  1 -4  4  2 -2  0 -3 -2  2 -2 -4 -2  0 -1 -4 -3 -3    6  18   3   7   0  23  16   1   1   0   4  15   0   0   0   3   2   0   0   0  0.41 0.14
   33 E    0  0 -1  1 -4  4  4 -3 -1 -3 -2  2 -2 -4 -2 -1 -1 -4 -3 -3   11   3   0   6   0  23  38   0   0   1   3  11   0   0   0   2   1   0   0   0  0.55 0.18
   34 I   -2 -4 -4 -4 -2 -4 -4 -5 -3  6  2 -4  2 -1 -4 -3 -2 -3 -1  2    0   0   0   0   0   0   0   0   1  68  17   0   4   0   0   0   0   0   2   6  0.84 0.24
   35 R    0  3  3  0 -3  1  1 -2  1 -2 -2  1  0 -1 -2  0  0 -3 -1 -2    7  23  23   3   0   5   9   0   3   1   3  10   3   3   0   1   4   0   1   0  0.28 0.11
   36 K   -2  4 -1 -2 -4  0 -1 -3  0 -4 -4  6 -3 -4 -2 -2 -2 -4 -1 -4    0  22   0   0   0   0   0   0   2   0   0  71   0   0   0   0   0   0   2   0  0.98 0.26
   37 E   -1 -1 -2  0 -5  3  6 -3 -1 -4 -4  1 -3 -4 -2 -1 -2 -4 -3 -2    3   0   0   0   0  13  75   0   0   0   0   5   0   0   0   0   1   0   0   2  1.03 0.27
   38 L   -2 -1 -3 -3 -2 -2  0 -4 -3  1  4 -2  4  0 -3 -3  0 -2  0  0    0   2   0   0   0   0   7   0   0   2  56   0  18   1   0   0   5   0   4   4  0.47 0.17
   39 K   -2  4 -2 -2 -4  1 -1 -3 -1 -4 -3  5  1 -3 -3 -2 -2 -3  1 -3    0  29   0   0   0   5   0   0   0   0   0  55   4   0   0   0   0   0   7   0  0.81 0.23
   40 L   -2 -4 -4 -5 -2 -3 -4 -5 -4  5  3 -4  4  0 -4 -3 -2 -3 -2  1    0   0   0   0   0   0   0   0   0  58  23   0  16   1   0   0   0   0   0   2  0.77 0.22
   41 K   -2  4 -1  1 -4  1  0 -3 -2 -4 -4  5 -3 -4 -3 -1 -1 -4 -3 -4    0  32   0   7   0   4   0   0   0   0   0  55   0   0   0   0   2   0   0   0  0.86 0.23
   42 E    2 -2  0  1 -3  0  4 -2 -2 -2 -2 -1 -1 -4 -2  1  1 -4 -3 -2   27   0   4   6   0   0  39   0   0   1   2   1   1   0   0   9   7   0   0   1  0.43 0.18
   43 G   -1  0 -2 -3 -4 -3 -4  7 -4 -5 -5 -3 -4 -5 -4 -2 -3 -4 -5 -5    3   6   0   0   0   0   0  91   0   0   0   0   0   0   0   0   0   0   0   0  1.59 0.34
   44 A    4 -3 -3 -3 -2 -2 -2 -2 -2 -1 -2 -2  0 -1 -2  1  1 -2  3  1   59   0   0   0   0   0   0   0   0   1   0   0   2   2   0   6   8   0  13   9  0.51 0.22
   45 E   -2 -2 -2  1 -5  1  6 -4 -2 -4 -4 -1 -3 -5 -3  0 -1 -5 -4 -1    0   0   0   3   0   2  81   0   0   0   0   0   0   0   0   6   3   0   0   5  1.18 0.33
   46 N   -3  3  6 -1 -4  1 -1 -2 -1 -5 -5  3 -3 -5 -3 -1 -2 -5 -3 -4    0  17  59   0   0   5   0   0   0   0   0  18   0   0   0   0   0   0   0   0  1.03 0.30
   47 L   -3 -3 -4 -5 -3 -3 -4 -5 -4  2  4 -4  6  0 -4 -4 -2 -3 -2  0    0   0   0   0   0   0   0   0   0   9  58   0  28   2   0   0   0   0   0   2  0.87 0.26
   48 R   -2  3 -2  0 -3  1 -1 -3  1 -1  1  2  0  2 -3 -1 -2 -2  2 -2    0  26   0   6   0   5   0   0   4   1  21  14   2  10   0   3   0   0   9   0  0.26 0.13
   49 R   -1  3  0 -1 -4  0  2 -2 -1 -3 -2  4 -2 -4 -2  0  0 -4 -3 -3    1  23   4   1   0   1  19   1   1   1   3  35   0   0   0   3   6   0   0   0  0.48 0.17
   50 A    4 -3 -1 -3 -2 -2 -3 -2 -3  1  0 -2 -1 -3 -3 -1 -1 -4 -3  3   59   0   3   0   0   0   0   0   0   6   7   0   0   0   0   0   0   0   0  24  0.55 0.23
   51 T    2 -2 -1  0 -2 -1 -1 -2 -2 -1 -1 -1 -1 -3  0  2  4 -3 -2  0   21   0   2   6   0   0   0   1   0   2   4   0   2   0   3  15  39   0   0   4  0.35 0.15
   52 T    0  0  1 -2 -2 -1  0 -2 -2 -2 -3  2 -2 -3 -2  2  4 -4 -3 -1    8   2   5   0   0   0   3   2   0   0   0  20   0   0   0  13  42   0   0   2  0.44 0.18
   53 D   -3 -1  4  5 -4  2  1 -1  0 -4 -4 -1 -3 -4 -3 -1 -2 -5 -3 -4    0   3  29  48   0   9   3   3   1   0   0   1   0   0   0   0   0   0   0   0  0.87 0.23
   54 L    0  3  1  0 -2  0  0 -1  0 -1 -1  1 -1 -2 -1  0  1 -2 -2 -1   10  25   6   4   0   4   5   4   1   6   6   6   1   1   3   4  10   0   1   2  0.13 0.07
   55 G   -1  3  0 -1 -3  2  0 -1 -1 -3 -3  5 -2 -3 -1  0 -1  0 -2 -3    1  14   3   1   0   8   1   5   1   1   2  46   0   1   2   7   2   2   1   1  0.49 0.18
   56 R   -2  4  0 -1 -4  2  1 -2 -1 -4 -4  5 -3 -4 -3 -1 -2 -4 -3 -2    2  23   3   2   0  10  10   2   1   0   0  42   0   0   0   2   0   0   0   4  0.64 0.24
   57 S    0  1 -1 -2 -2  3 -1 -2  2 -1  0  1  0 -3 -2  2  1 -3 -2  0    3   5   1   1   0  17   0   0   6   2  11   9   1   0   0  23   9   0   0   9  0.20 0.15
   58 L   -1  3 -2 -2 -3  0 -1 -3 -1  0  3  2  0 -2 -2 -1 -2  0 -2 -1    5  21   1   1   0   2   1   1   2   2  37  19   2   0   1   3   1   1   0   2  0.29 0.16
   59 G    0 -1  0  2 -3  2  4  0  0 -3 -2  0 -2 -4 -2  2 -1 -4 -3 -3    9   0   3  11   0  10  32   8   1   0   3   4   0   0   0  16   2   0   0   1  0.40 0.18
   60 P   -1  1  2  2 -3  2  0 -2  3 -3 -2  1 -2  0  0  0  1 -3  0 -3    4   6  11  14   0  14   2   0   9   0   3   8   0   4   5   5  12   0   4   0  0.23 0.14
   61 V    0 -4 -4 -5  0 -4 -4 -4 -4  2  2 -4  0 -2 -4 -3 -2 -4 -3  6    6   0   0   0   2   0   0   0   0   9  15   0   1   0   0   0   0   0   0  64  0.85 0.33
   62 E    2  1  1  1 -3  2  2 -2  0 -3 -3  1 -2 -4 -2  0  0 -4 -3 -2   25   9   9   7   0  11  17   1   2   1   1   7   0   0   0   2   5   0   0   1  0.30 0.17
   63 L    0  0  0 -2 -2  1 -1  0 -1 -1  1  0  1 -2 -2  1  1 -2  0  0    9   4   5   1   0   6   1   8   1   1  21   7   4   0   0  13   9   0   4   6  0.07 0.08
   64 L   -2 -2 -2  0 -4  0  5 -4 -2  2  0 -2  2 -2 -3 -2 -1 -4 -3  0    1   0   1   2   0   2  50   0   0  15  10   0   7   1   0   0   2   0   0   6  0.57 0.29
   65 L   -3 -4 -5 -5 -3 -4 -4 -5 -4  2  5 -4  0 -2 -4 -4 -3 -4 -3  3    0   0   0   0   0   0   0   0   0  10  68   0   0   0   0   0   0   0   0  19  0.94 0.34
   66 R    0  3  1  0 -3  0 -1 -2 -2 -4 -4  3 -3 -4 -3  3 -1 -4 -3 -3    8  20   5   4   0   1   0   2   0   0   0  27   0   0   0  30   1   0   0   0  0.53 0.26
   67 G   -1 -1  0  1 -3 -1 -1 -1 -1 -1 -2  2  0  3 -3  2 -1 -2  2 -2    3   1   2  10   0   1   3   3   0   2   2  17   2  19   0  22   2   0   8   1  0.22 0.17
   68 S    1 -2 -2 -3  0 -2 -2 -2 -3  0  0 -1 -1  0 -3  4  0 -3 -1  2   13   0   0   0   2   0   0   0   0   3  10   4   1   4   0  40   3   0   2  16  0.30 0.22
   69 S   -2 -3  7  1 -4 -2 -1 -3 -1 -5 -5 -2 -4 -4 -4  1  0 -5 -2 -4    2   0  67   6   0   0   4   0   1   0   0   1   0   0   0  11   4   0   2   0  1.22 0.42
   70 R   -1  3  1  1  0  1  0 -2 -2 -2 -3  0 -2 -2 -2  3  0 -1 -3 -3    3  18   6   6   2   6   6   1   0   2   1   3   1   2   0  37   5   1   0   0  0.35 0.21
   71 R   -3  3  3  0 -5  2 -1 -3  0 -3 -4  5 -3 -5 -3 -1 -2 -5 -4 -4    0  15  18   4   0  10   0   0   2   2   0  44   0   0   0   4   1   0   0   0  0.77 0.33
   72 L   -3 -4 -5 -6 -3 -4 -5 -6 -5  3  5 -3  1  1 -5 -4 -3 -4 -3  0    0   0   0   0   0   0   0   0   0  21  68   1   2   4   0   0   0   0   0   4  1.02 0.37
   73 D    1  0  0  1 -3  5  2 -2  2 -4 -2  1 -2 -3 -3  0 -1 -4 -2 -2   11   2   4   8   0  34  15   1   4   0   2   6   0   1   0   5   2   0   0   2  0.47 0.25
   74 L   -1 -1 -1  3 -4  2  4 -4  0 -1  2 -2 -1 -3 -3 -2 -2 -4 -3 -3    5   2   1  19   0  10  34   0   2   2  22   0   1   0   0   0   1   0   0   0  0.50 0.27
   75 L   -4 -5 -6 -6 -4 -4 -5 -6 -5  1  6 -5  2 -1 -5 -5 -3 -4 -3 -1    0   0   0   0   0   0   0   0   0   4  90   0   4   1   0   0   0   0   0   0  1.43 0.46
   76 H   -2  3 -1 -3 -5  4 -1 -4  6 -5 -4  4 -2 -4 -3  0 -3 -4 -1 -4    2  16   2   0   0  25   0   0  23   0   0  25   1   0   0   5   0   0   1   0  0.89 0.35
   77 Q   -1  0  1  2 -4  3  4  0  3 -4 -3  0 -1 -3 -3  0 -1  0 -3 -3    4   5   5   9   0  15  30   8   8   0   1   2   1   0   0   6   2   2   0   1  0.42 0.21
   78 Q   -3 -1 -2  3 -6  4  5 -4 -1 -5 -5  1 -4 -5 -3 -2 -3 -5 -4 -5    0   2   0  19   0  18  52   0   1   0   0   7   0   0   0   1   0   0   0   0  1.11 0.40
   79 L   -4 -5 -6 -6 -4 -4 -5 -6 -5  2  6 -5  1 -2 -5 -5 -3 -4 -3 -1    0   0   0   0   0   0   0   0   0   9  88   0   2   0   0   0   0   0   0   1  1.38 0.44
   80 Q    2  1  0 -1 -2  5  2 -2  1 -3 -4 -1 -3 -4 -3  1 -1 -4 -3 -3   20   6   3   1   0  35  13   2   3   1   0   0   0   0   0  12   3   0   0   0  0.56 0.28
   81 E   -1 -2 -1  3 -5  0  6  0 -2 -2 -4 -2 -1 -5 -3 -1 -2 -5 -4 -3    5   1   1  16   0   3  58   7   0   3   0   0   2   0   0   2   1   0   0   1  0.86 0.34
   82 L   -2 -4 -5 -5 -3 -4 -5 -5 -5  2  5 -4  1 -2 -3 -2 -3 -4 -3  0    1   0   0   0   0   0   0   0   0   7  80   0   2   0   1   3   0   0   0   5  1.01 0.35
   83 H   -3 -2  6  3 -4  2  2 -2  3 -5 -4 -1 -3 -5 -3  0 -1 -5 -3 -4    0   0  42  14   0  13  13   2   8   0   1   0   0   0   0   5   1   0   0   0  0.80 0.30
   84 A    4 -2 -2 -1  0 -2 -2  0 -3 -1 -2 -1 -2 -3 -2  3  1 -4 -3  0   41   0   0   2   2   0   0   5   0   3   1   2   0   0   0  30   9   0   0   4  0.44 0.22
   85 H   -1  2  0 -1 -4  4 -1 -3  5 -4 -3 -1 -2 -3 -3  2 -1 -3  2 -3    1  12   3   3   0  27   0   0  18   0   1   0   0   0   0  25   2   0   9   0  0.58 0.25
   86 V   -2 -4 -4 -5 -2 -4 -4 -5 -4  5  1 -4  2 -2 -4 -3 -2 -4 -3  4    0   0   0   0   0   0   0   0   0  45   6   0   6   0   0   0   0   0   0  43  0.84 0.25

                      K         Lambda
Standard Ungapped    0.1360     0.3176
Standard Gapped      0.0418     0.2670
PSI Ungapped         0.1367     0.3176
PSI Gapped           0.0418     0.2670
