
Last position-specific scoring matrix computed, weighted observed percentages rounded down, information per position, and relative weight of gapless real matches to pseudocounts
            A   R   N   D   C   Q   E   G   H   I   L   K   M   F   P   S   T   W   Y   V   A   R   N   D   C   Q   E   G   H   I   L   K   M   F   P   S   T   W   Y   V
    1 M    -5  -6  -7  -8  -5  -5  -7  -7  -6   3   2  -6   9  -4  -7  -6  -5  -6  -5   3    0   0   0   0   0   0   0   0   0  13  19   0  50   0   0   0   0   0   0  17  1.87 0.67
    2 K    -3   4  -3  -4  -7   3   2  -5  -3  -6  -6   4  -5  -7   0   3  -4  -7  -6  -6    2  25   1   0   0  14  11   0   0   0   0  20   0   0   5  21   1   0   0   0  0.95 0.51
    3 K    -2   5  -3  -1  -7   3  -2  -5   0  -6  -6   4  -5  -8   0   3  -3  -8  -5  -5    3  26   1   3   0  11   3   1   2   0   1  20   0   0   6  22   2   0   0   1  0.92 0.51
    4 S    -3   3  -3  -5  -8  -3  -2  -4  -4  -6  -7   7  -5  -9   1   1  -1  -9  -6  -4    3  14   1   0   0   1   2   1   0   1   0  54   0   0   6   9   4   0   0   2  1.39 0.68
    5 S    -3   8  -1  -6  -6  -2  -6  -4  -2  -7  -6   3  -6  -7  -2  -1  -3  -9  -6  -6    3  64   4   0   0   2   0   2   1   0   1  13   0   0   3   5   2   0   0   0  1.82 0.81
    6 E    -2   5  -2  -3  -5   2  -2  -5  -1  -4  -4   4  -3  -3   0   1   0  -7  -5  -3    3  29   2   1   0  10   2   1   1   1   1  24   1   1   5  10   5   0   0   2  0.80 0.46
    7 V    -6   8  -3  -8  -3  -2  -5  -7  -4  -5  -6   3  -6  -9  -2  -4  -5  -5  -3  -6    1  69   1   0   1   1   0   0   1   1   1  17   0   0   3   1   1   0   1   1  2.19 0.91
    8 M     0  -4  -2  -5  -4  -3  -6  -5  -2   4  -1  -3  -1  -5  -2   1   1  -7  -5   5    7   1   2   0   0   1   0   1   1  21   6   2   1   0   2  11   7   0   0  34  0.74 0.40
    9 H     1   1  -2  -2  -3   2  -2  -1   1  -2  -3  -2  -2  -4   0   4   2  -2  -3  -2   13   6   2   2   0   8   2   5   3   2   3   2   1   0   5  28  13   1   1   3  0.41 0.31
   10 Q    -3   6  -3  -5  -5   3  -4  -5  -1   0   1   1  -2  -4  -5  -2  -1  -7  -4   0    2  35   1   0   0  13   0   1   2   4  14   9   1   1   0   3   4   0   1   8  0.81 0.44
   11 A     7  -6  -8  -8  -7  -8  -8  -2  -8  -8  -8  -8  -8  -9  -5  -1  -5  -9  -9  -4   89   0   0   0   0   0   0   3   0   0   0   0   0   0   1   5   1   0   0   1  2.49 1.00
   12 C    -8 -10 -10 -10  12 -10 -10  -9 -10  -9  -9 -10  -9  -9 -10  -8  -8  -9  -9  -8    0   0   0   0  98   0   0   0   0   0   0   0   0   0   0   0   0   0   0   0  5.03 1.57
   13 D    -4  -5   2   7  -5   0   2  -5  -2  -1  -3  -3  -4  -5  -7  -3  -3  -5  -4  -2    1   1   8  55   0   5  12   1   1   4   3   2   0   1   0   2   2   0   1   4  1.39 0.66
   14 A     0   3  -1  -3  -2   2   2  -3  -1  -1  -1  -2   0   1   0   0  -1  -2  -1  -1    8  16   3   1   1   8  14   2   1   4   6   1   3   7   4   8   4   1   2   5  0.20 0.19
   15 C    -8 -10  -9 -10  12  -9 -10  -9  -9  -8  -8  -9  -8  -9  -9  -8  -8  -9  -9  -8    0   0   0   0  97   0   0   0   0   0   0   0   0   0   0   0   0   0   0   0  4.96 1.56
   16 R    -7   9  -5  -9 -10  -3  -7  -7   0  -7  -9   1  -8  -5  -9  -6  -8 -10  -4  -9    0  84   1   0   0   1   0   0   2   0   0   9   0   1   0   1   0   0   1   0  2.84 1.15
   17 K    -1   6  -3  -4  -5   2  -3  -4  -1  -2  -1   3  -3  -5  -7   0  -1  -4  -4  -2    6  36   1   1   0   9   2   1   1   3   5  17   1   0   0   8   4   0   1   3  0.85 0.48
   18 K    -3   7  -3  -7  -5  -3  -5  -5  -4  -6  -6   6  -2  -9  -8  -3  -4  -4  -8  -7    2  44   1   0   0   1   0   1   0   1   1  42   1   0   0   2   1   0   0   0  1.93 0.85
   19 K    -8   1  -7  -8 -10  -6  -7  -9  -1  -9  -9   8  -8 -10  -8  -7  -8 -10  -9  -9    0   7   0   0   0   0   0   0   2   0   0  89   0   0   0   0   0   0   0   0  3.05 1.20
   20 W    -1  -2  -3  -3   1   1  -2  -5  -4   4   1  -4  -1  -4  -6   2   1  -4  -3   3    4   2   1   2   3   6   2   1   0  26  11   1   1   0   0  13   8   0   1  17  0.53 0.32
   21 K    -5   6  -7  -4  -3  -6  -7  -5  -7  -5  -9   7  -8  -9  -3  -7  -8  -9  -8  -9    1  33   0   1   1   0   0   1   0   1   0  59   0   0   2   0   0   0   0   0  2.31 1.00
   22 C    -9 -11 -10  -6  12 -10 -11  -6 -10  -9  -9 -10  -9  -5 -10  -6  -9  -2 -10  -6    0   0   0   1  94   0   0   1   0   0   0   0   0   1   0   1   0   1   0   1  4.76 1.68
   23 S    -6  -6   1   8  -5  -5  -2  -4  -4  -6  -8  -8 -10 -10  -3   1  -4 -11 -10  -7    1   0   6  73   0   0   2   2   0   1   0   0   0   0   2  10   1   0   0   0  2.29 1.03
   24 K     0   2  -2  -4  -8  -1  -4   6  -4  -6  -7  -1  -4  -4  -4  -3  -5  -8  -8  -6    8  10   2   1   0   3   2  62   1   1   1   5   0   1   1   2   1   0   0   1  1.48 0.71
   25 T     1   0  -1  -1  -3   2   3   0  -1  -2  -2   1  -2  -4  -2   0   1  -6  -4   0   10   6   3   3   1   9  18   7   1   3   4   8   1   0   2   8   9   0   0   8  0.22 0.20
   26 V    -3   4  -2  -3  -4   5  -1  -4   1  -3  -1   3   1  -1  -1  -2  -1  -3  -1  -3    2  19   2   1   0  21   4   2   3   2   7  15   3   3   3   4   5   0   2   2  0.56 0.37
   27 P    -5  -4  -4  -3  -8  -4  -3  -3  -4  -6  -6  -3  -4  -8   9  -4  -5  -8  -8  -6    1   1   1   2   0   1   2   3   1   1   1   2   1   0  80   1   1   0   0   1  2.62 1.14
   28 T     1   1  -2  -3  -2   1  -2  -2  -1   0  -2   1  -2  -3  -2   2   2  -2  -1   0   14   9   2   1   1   7   2   3   1   6   3   8   1   1   2  16  13   1   2   8  0.21 0.18
   29 C    -7  -8  -8  -8  12  -8  -8  -8  -8  -8  -8  -8  -8  -8  -8  -7  -7  -8  -8  -7    0   0   0   0  95   0   0   0   0   0   0   0   0   0   0   0   0   0   0   0  4.80 1.63
   30 T     0  -1  -2  -3  -3  -1  -2   2  -1  -3  -3   1  -3  -3  -3   5   2  -3  -4  -4    9   4   2   2   0   3   2  13   1   2   2   7   1   1   1  35  12   0   1   1  0.58 0.39
   31 N    -1   2   5  -4  -4   2  -4  -3   4  -3  -3  -1  -3  -2   0   1   1   0  -1  -3    5  10  27   1   0   9   1   2   9   2   3   4   1   2   5   9   7   2   2   2  0.62 0.39
   32 C    -7  -3  -8  -8  12  -8  -8  -8  -8  -7  -7  -8  -7  -8  -8  -7  -7  -8  -2  -7    0   2   0   0  91   0   0   0   0   0   1   0   0   0   0   0   0   0   2   0  4.48 1.53
   33 L     1   2  -2  -2  -3   1   0  -4  -2   1   0   0   1  -3  -4   0   1  -1  -1   1   11  10   2   1   0   7   6   1   1  10  11   7   3   1   0   8   8   1   2  10  0.16 0.16
   34 K     1   4   0   0  -4   1   0  -3  -1  -2  -2   3  -2  -4  -4   1   0  -3  -3  -2   11  22   4   5   0   6   6   2   1   2   4  14   1   1   1   9   6   0   1   3  0.39 0.28
   35 Y     1   1   2  -2  -2   0  -3  -3   2  -2   1  -3  -1   0  -2   1   0  -2   3  -1   12   8   9   2   1   4   1   1   5   2  14   1   2   4   2  12   5   1  11   3  0.24 0.22
   36 N    -2   1   4   1  -3  -2  -3   5   1  -5  -6   0  -4  -5  -5   0  -4  -7  -4  -6    4   7  21   7   1   2   2  35   3   1   1   6   0   0   1   8   1   0   1   1  0.89 0.49
   37 L    -1   1  -1  -3  -2   0  -1  -3   1   2   1   0  -1   1  -2  -1   0   1   1   1    5   9   2   1   1   5   3   1   3  13  14   6   1   6   2   5   7   2   4  10  0.12 0.11
   38 D    -1   0   0   2  -3   1   4  -4  -1  -2  -4  -1  -2  -5   3  -1   1  -7  -5  -2    5   5   4  11   1   6  25   1   2   2   2   4   1   0  15   5   7   0   0   3  0.49 0.35
   39 C    -8 -10  -9 -10  12 -10 -10  -9 -10  -4  -9 -10  -9  -9 -10  -4  -8  -9  -9  -8    0   0   0   0  95   0   0   0   0   2   0   0   0   0   0   2   0   0   0   0  4.82 1.60
   40 V    -2  -3  -2  -2   0   0   0  -5   2   0  -1  -2  -3  -3  -6   0   5  -4  -3   3    3   2   2   2   2   4   6   1   5   5   6   3   1   1   0   6  31   0   1  19  0.59 0.39
   41 Y    -7  -6  -6  -7  -9  -6  -7  -3  -2  -4  -6  -7  -1   4  -7  -6  -2   3   9  -2    0   0   1   0   0   0   0   2   1   1   1   0   2  15   0   1   3   3  65   3  2.56 1.07
   42 S    -1  -2   1   1  -3   2   0  -2  -1  -2  -1   1  -1  -3   0   2   2  -5   0   1    5   1   6   6   0   8   7   3   1   2   6   7   1   1   4  16  11   0   4  10  0.16 0.18
   43 P    -1   1  -3   4  -5   0   3  -1  -1  -4  -5  -3  -4  -6   4  -2   0  -4  -3  -1    4   7   1  18   0   5  19   5   1   1   1   1   0   0  20   3   5   0   1   5  0.61 0.42
   44 Q     0   2  -1  -2  -4   1   1  -2  -2  -2  -4   1  -3  -5   2   2   1  -4  -4   1    8   9   3   2   0   7  10   4   1   3   2   8   0   0  12  14   9   0   0   9  0.27 0.25
   45 V     1   2   1  -1  -3  -1  -1  -3  -1  -1  -1  -1  -2  -4   3   1   1   0  -3  -1   12  11   8   3   1   2   4   2   1   4   6   4   1   1  13  10  10   2   1   5  0.23 0.21
   46 V    -2   4  -2  -3  -5   0  -3  -2  -2  -4  -3   5  -1  -4   0   0   1  -7  -3  -2    4  21   2   2   0   4   2   4   1   1   3  31   2   1   4   7   8   0   1   4  0.68 0.43
   47 R    -4   5  -3  -4  -9  -1  -4  -2  -3  -7  -6   6  -3  -9  -1  -4  -4  -9  -6  -6    2  30   1   1   0   2   1   4   1   0   1  48   1   0   4   2   1   0   0   1  1.60 0.80
   48 T    -2   7  -3  -6  -6  -2  -5  -5  -4  -6  -5   1  -4  -7   1   0   1  -3  -5  -4    4  57   1   0   0   2   1   1   1   1   1   7   0   0   7   7   7   1   0   1  1.52 0.79
   49 P     1   0   2  -2  -5  -2  -1   5  -1  -6  -5  -4  -4  -6   2  -2  -2  -8  -6  -4   10   6   8   2   0   2   4  45   1   0   1   1   0   0  10   3   3   0   0   2  0.91 0.54
   50 L    -1  -2  -6  -6  -5  -1  -5  -5  -3   1   1  -4  -1   0   6  -3  -3  -3   1   1    5   3   0   1   0   3   1   1   1   6  14   1   1   4  41   2   2   0   5   8  0.99 0.58
   51 T    -1   2  -3  -3  -8   0  -5  -3  -4  -6  -6   1  -4  -7   6   3   2  -9  -5  -3    5  10   1   2   0   4   0   2   1   0   1   9   0   0  34  17  11   0   0   2  0.96 0.62
   52 R    -1   5  -1  -4  -8  -1  -2  -5  -1  -6  -4   5  -4  -6   1  -2  -1  -9  -6  -5    5  30   3   1   0   3   2   1   2   0   2  35   0   0   7   3   5   0   0   1  1.15 0.66
   53 A     1   0  -1   1  -4   1   0   5  -2  -6  -5  -1  -5  -7  -5   2  -1  -8  -6  -5   10   5   3   7   0   7   6  38   1   0   1   4   0   0   1  12   3   0   0   1  0.73 0.47
   54 H    -4   1  -2  -6  -4  -2  -6 -10   4  -6  -6  -4  -8  -2 -10  -5  -7  -3  10  -6    2   7   2   1   0   2   1   0   8   0   1   1   0   1   0   1   0   0  71   1  2.71 1.23
   55 L    -4  -5  -6  -7  -7  -6  -7  -4  -5   5   2  -6   2  -4  -7  -5   0  -8  -5   5    1   1   0   0   0   0   0   2   0  29  15   0   4   1   0   1   7   0   0  37  1.29 0.65
   56 T     0   3  -2   0  -7   2   4  -5   1  -5  -4   2  -4  -4  -5  -1   1  -4  -3  -4    7  13   2   5   0   9  29   1   3   1   2  13   0   1   0   5   7   0   1   1  0.64 0.45
   57 E     3   0   0   0  -4   1   2  -1   0  -3  -2  -1   1  -2  -4   2   0  -4  -1  -3   23   5   5   5   0   5  12   5   2   1   5   3   4   2   0  13   6   0   2   2  0.27 0.27
   58 M    -6  -7  -8 -10  -8  -7 -10 -10  -6   1   7  -8  -1  -5  -7  -7  -6  -9  -8  -1    1   0   0   0   0   0   0   0   0   7  84   0   1   0   0   0   0   0   0   5  2.17 1.01
   59 E    -3  -1  -4  -2 -11   1   8  -7   0  -8  -7  -2  -5 -10  -8  -5  -6 -10  -7  -7    3   3   1   2   0   5  78   0   2   0   1   2   0   0   0   1   0   0   0   0  2.26 1.14
   60 N     1   1   3   2  -4   3   2  -3   0  -6  -5   1  -4  -6  -5   1   0  -7  -5  -5   12   6  12  13   0  11  14   2   2   0   1   9   0   0   0  12   5   0   0   0  0.52 0.40
   61 R    -9   9  -8  -9 -11  -6  -7 -10  -8 -11 -10   2  -9 -10 -10  -8  -9 -10  -9 -10    0  91   0   0   0   0   0   0   0   0   0   9   0   0   0   0   0   0   0   0  3.32 1.39

                      K         Lambda
Standard Ungapped    0.1267     0.3205
Standard Gapped      0.0629     0.2670
PSI Ungapped         0.2055     0.3181
PSI Gapped           0.0629     0.2670
