
Last position-specific scoring matrix computed, weighted observed percentages rounded down, information per position, and relative weight of gapless real matches to pseudocounts
            A   R   N   D   C   Q   E   G   H   I   L   K   M   F   P   S   T   W   Y   V   A   R   N   D   C   Q   E   G   H   I   L   K   M   F   P   S   T   W   Y   V
    1 M    -4  -4  -5  -6  -4  -4  -5  -6  -5   1   5  -5   7  -2  -5  -5  -3  -4  -3   0    0   0   0   0   0   0   0   0   0   6  55   0  35   0   0   0   0   0   0   4  1.32 0.44
    2 D    -4  -3   6   6  -7  -4   0  -2  -1  -7  -7  -2  -6  -7  -5  -1  -4  -8  -6  -7    1   1  36  49   0   0   6   2   1   0   0   2   0   0   0   3   0   0   0   0  1.63 0.66
    3 R    -3   6  -3  -5  -7   5  -2  -5  -1  -7  -6   4  -4  -7  -3  -1  -3  -7  -6  -6    1  35   1   0   0  26   2   0   1   0   1  26   0   0   1   4   1   0   0   0  1.41 0.72
    4 Q    -2  -1  -1  -3  -3   4   3  -4  -2   0  -3   1  -3  -5  -3   3   0  -4  -2   0    3   3   2   1   0  17  19   0   1   5   2  10   1   0   1  23   4   0   2   7  0.50 0.41
    5 G    -2  -6  -4  -3  -8   1  -4   7  -5  -9  -9  -6  -6  -6  -3  -2  -4  -8  -7  -7    3   0   1   1   0   5   1  80   0   0   0   0   0   0   2   3   1   0   0   0  2.08 0.95
    6 F    -2  -4  -4  -2  -5  -2  -2  -4  -1   2   3  -5   2   2  -4  -3  -1   7   0   0    4   1   1   2   0   2   2   1   2   9  32   0   5   8   1   2   3  16   3   6  0.75 0.43
    7 V    -1  -4  -5  -6  -5  -4  -5  -6  -4   1  -1  -6  -3   7  -3  -3  -2  -5   0   3    6   1   1   0   0   1   1   1   0   8   6   0   1  46   2   2   2   0   3  21  1.29 0.64
    8 P    -5  -7  -6  -5  -6  -4  -6  -7  -6  -8 -10  -6  -7 -10   9  -6  -6 -11  -7  -7    1   0   0   1   0   1   0   0   0   0   0   0   0   0  93   0   0   0   0   0  3.37 1.47
    9 A     4  -1   0  -2  -1  -1  -2  -1  -2  -3  -3   1  -2  -3   1   3  -1  -6  -4  -2   29   4   4   2   1   3   2   4   1   2   2  10   1   1   7  22   3   0   1   3  0.46 0.37
   10 A     2  -2   5  -1  -3  -1  -3  -3  -1  -4  -4  -2  -2  -5   1   3   2  -4  -5  -2   15   2  27   2   0   3   1   1   1   1   1   2   1   0   6  19  12   0   0   3  0.65 0.46
   11 Y    -2  -2  -3  -5  -3  -3  -3  -4   0  -4  -5  -4  -5   2   3  -1  -1  -3   8  -3    3   2   2   1   1   1   2   2   2   1   1   1   0   8  12   4   4   0  50   2  1.48 0.76
   12 V    -2  -4  -4  -5  -3  -1  -4  -6  -4   2  -1  -4   0  -3   2  -2  -1  -7  -4   6    4   1   1   1   0   4   1   1   0  11   5   1   2   1   9   3   4   0   0  51  1.02 0.57
   13 K     1   0  -2  -1  -4   4   4  -4  -2  -5  -5   2  -4  -6   2  -1  -1  -6  -3  -4   11   6   1   3   0  17  28   1   1   0   1  12   0   0   9   4   4   0   1   1  0.68 0.47
   14 K    -1  -1  -1  -2  -4   0   2  -4  -1  -1   0   0  -2  -4   5  -1  -1  -6  -3   0    5   3   2   2   0   5  14   1   1   4  10   7   1   1  27   5   3   0   1   7  0.46 0.34
   15 L     0  -1  -1  -2   0  -1  -2  -2  -1   2   1  -1   3  -1   1  -1   0  -2  -2   2    9   3   2   2   2   3   3   3   2  12  16   3   7   2   6   5   4   0   1  15  0.14 0.14
   16 D    -1  -2   0   2  -4   1   3  -1   0  -3  -3   0  -3  -5   4   1   1  -4  -3  -3    4   1   4  11   0   5  18   4   2   2   2   4   1   0  17  11  10   0   1   2  0.43 0.33
   17 S     0  -2   0   2  -3   0   0   0   0  -2  -3  -1  -2  -4   3   3   1  -6  -4  -2    9   2   5  11   1   4   6   6   2   2   2   4   1   1  14  19   9   0   0   3  0.32 0.27
   18 G     1  -2   0  -1  -3   0   1   1   0   0  -2  -1  -1  -3   3   1   1  -5  -2   0   11   2   3   4   0   5   9  10   2   5   4   3   1   1  14  10   8   0   1   7  0.17 0.17
   19 T     1  -2   0  -1  -2   0  -1   0  -2  -2  -2   0  -1  -3   3   2   2  -3  -3   0   12   2   3   4   1   5   4   6   1   2   4   6   1   1  13  16  14   0   1   6  0.24 0.23
   20 G     1  -1   1  -1  -3   1   1   3  -1  -3  -4   0  -2  -3   1   1   0  -3  -3  -2   12   3   6   4   0   6   8  24   1   1   1   5   1   1   6  10   6   0   1   3  0.29 0.22
   21 K     1   1  -1  -1  -3   1   0   0  -2  -1  -2   3  -1  -3   1  -1   0  -3  -3   0   12   7   3   3   0   5   7   7   1   3   3  21   1   1   6   4   7   0   1   9  0.19 0.18
   22 E     0   0  -1   0  -1   1   4  -2  -1  -2  -2   2  -1  -3   1   0   0  -5  -3  -1    6   5   3   5   1   6  25   3   1   2   3  11   1   1   7   7   7   0   1   4  0.28 0.24
   23 L    -3   2  -3  -3   1   1  -2  -3  -1   1   0   2   0   1  -3  -2   1  -1   3   1    1  10   1   1   3   7   2   2   2   8  10  12   3   5   1   2  11   1   9  12  0.23 0.21
   24 V     3  -5  -6  -7   5  -5  -5  -5  -4  -2  -2  -5  -1   0  -4  -4  -3  -4   0   6   25   1   0   0  10   0   0   1   0   1   3   0   1   4   1   1   1   0   4  46  1.21 0.63
   25 L    -4   5  -4  -5  -4   0  -1  -5  -3   2  -2   3   0  -5  -4  -3   1  -4  -3   3    1  26   0   0   0   4   4   1   1  11   4  16   2   0   1   2   9   0   1  17  0.65 0.41
   26 A     7  -7  -7  -8  -2  -5  -7  -4  -8  -5  -7  -7  -3  -8  -5  -3  -3  -8  -8   0   87   0   0   0   1   0   0   1   0   1   0   0   1   0   1   1   1   0   0   6  2.27 1.06
   27 L    -5  -5  -5  -7  -4  -2  -4  -8  -4   1   6  -3   3  -5  -7  -6  -5  -7  -7  -1    1   1   1   0   0   2   1   0   0   7  74   2   5   0   0   1   1   0   0   4  1.63 0.78
   28 Y    -6  -9  -9 -10  -3  -3  -7 -10   1  -8  -8  -9  -4   4 -10  -7  -8   1  10  -6    1   0   0   0   1   1   0   0   3   0   0   0   0  14   0   0   0   2  77   0  3.19 1.31
   29 D    -2  -5   1   8  -5  -4  -1  -5  -5  -9  -8  -4  -4  -7   0  -1  -2 -10  -6  -7    4   1   5  72   0   1   3   1   0   0   0   1   1   0   5   5   2   0   0   0  2.05 0.97
   30 Y    -9  -6  -6 -10  -3  -9  -9 -10  -3  -8  -4  -9  -7   6 -10  -6  -9  -2   9  -8    0   0   1   0   1   0   0   0   1   0   2   0   0  33   0   1   0   1  62   0  3.03 1.26
   31 Q    -1  -2   0   3  -4   4   4  -5  -1  -3  -5   0  -4  -4  -3  -1   2  -7  -3  -1    5   2   5  15   0  15  25   1   1   1   1   5   0   1   1   4  13   0   1   4  0.62 0.44
   32 E     6  -3  -5  -5  -6  -4   0   2  -7  -6  -7  -3  -4  -8   2   0  -3  -8  -7  -5   57   2   0   0   0   1   5  14   0   0   0   2   0   0   9   7   1   0   0   1  1.25 0.72
   33 K     1   2   0   0  -4   5   1  -2  -2  -5  -5   1  -3  -7  -4   0   1  -4  -4  -2   11  11   4   5   0  26   9   3   1   0   1   7   1   0   0   7  10   0   1   3  0.57 0.43
   34 S     0  -1   3   2  -2   1   3  -1   0  -2  -5  -2  -2  -5  -5   2   1  -7  -4  -4    7   3  15  11   1   6  19   4   3   3   1   2   1   0   0  14   9   0   0   1  0.47 0.37
   35 P     0  -3   0   4  -5  -1   3  -4  -2  -6  -6  -3  -5  -6   5   0  -2  -4  -5  -5    9   1   4  23   0   3  17   1   1   0   1   1   0   0  27   6   2   0   0   1  0.93 0.57
   36 R    -4   1   2   6  -5  -2   2   3  -3  -7  -7  -4  -4  -6  -6  -2  -1  -8  -3  -6    2   7  10  37   0   2  14  18   1   0   0   1   0   0   0   3   4   0   1   0  1.02 0.59
   37 E    -6  -5  -5   4  -4  -3   7  -7  -4 -10  -8  -4  -9 -10  -8  -4  -6 -10  -9  -9    0   0   0  23   0   1  71   0   0   0   0   1   0   0   0   1   0   0   0   0  2.32 1.11
   38 V    -5  -7  -8  -8  -3  -7  -8  -8  -4   1   6  -7  -1  -3  -8  -7  -5  -7  -4   0    1   0   0   0   1   0   0   0   0   7  81   0   1   1   0   0   1   0   0   5  1.95 0.87
   39 T    -1  -4  -1  -1   0  -3  -2  -1  -2  -5  -6  -4  -5  -5  -1   6   3  -7  -5  -5    4   1   2   3   2   1   3   4   1   1   1   1   0   0   4  56  14   0   0   1  1.19 0.70
   40 M    -6  -7  -8  -8  -4  -8  -8  -8  -7   1   1  -8   1   9  -8  -7  -5  -5  -2  -2    1   0   0   0   1   0   0   0   0   6  13   0   3  71   0   0   1   0   1   2  2.43 0.99
   41 K    -1   4   0  -1  -1   1   0  -4   1  -4  -4   5  -2  -4  -1   0  -1  -4  -2  -2    5  18   4   4   1   5   5   1   3   1   2  31   1   1   3   7   4   0   1   3  0.58 0.38
   42 K     1   1  -4  -4  -4   0   5  -5  -4  -4  -6   5  -4  -7  -1  -3  -1  -7  -5  -2   10   6   0   1   0   4  30   0   0   1   1  34   0   0   3   1   3   0   0   3  1.00 0.60
   43 G    -5  -4   1   1  -8  -5  -5   7  -3  -8  -8  -5  -8  -8  -7  -4  -5  -8  -5  -8    1   1   6   7   0   0   1  79   1   0   0   1   0   0   0   1   1   0   0   0  2.19 0.97
   44 D     0  -5  -3   8  -5   0   2  -6  -4  -7  -7  -5  -4  -8  -7  -4  -4  -8  -5  -6    7   0   1  67   0   4  13   1   0   0   0   0   0   0   0   1   1   0   0   1  1.97 0.92
   45 I    -4   1  -4  -4  -4  -1  -1  -6  -1   5  -1   0   0  -3  -5  -4  -1  -4  -3   4    1   9   1   1   0   3   5   0   1  35   6   5   2   1   0   1   4   0   1  23  0.79 0.45
   46 L    -5  -7  -8  -8  -6  -7  -8  -8  -8   7   3  -7   2  -1  -5  -7  -6  -7  -3   2    1   0   0   0   0   0   0   0   0  58  21   0   4   3   1   0   0   0   1  11  1.77 0.77
   47 T     0   0   0  -2  -3   1   2  -4   0  -1  -2   0  -2  -2  -4  -1   5  -3   2  -1    6   5   4   2   1   5  12   1   3   4   4   5   1   1   1   4  31   0   6   5  0.42 0.34
   48 L    -5  -5   0  -3  -4  -5  -3  -6  -3   4   1  -6  -2  -4  -7  -5  -5  -7  -5   6    1   1   5   2   0   1   2   1   1  23  14   0   1   0   0   0   0   0   0  49  1.31 0.64
   49 L    -5  -3  -5  -6  -4  -5  -5  -6   0   4   4  -5  -1  -1  -6  -4   1  -3   0   3    0   1   0   0   0   1   1   0   2  22  37   1   1   2   0   1  10   0   4  17  0.91 0.48
   50 N    -2   1   2   4  -4   0   4  -3  -1  -6  -5   0  -3  -5  -5   0  -1  -7  -3  -5    3   7  10  25   0   4  27   2   1   0   1   6   1   1   0   7   3   0   1   1  0.80 0.49
   51 S    -3   3  -1   1  -4   3   1  -5   1  -4  -4   5  -1   0  -3   0  -1  -2  -3  -5    2  14   2   7   0  11   7   1   3   1   1  29   1   4   1   8   4   1   1   1  0.61 0.41
   52 T    -2  -3   0   2  -3   0   0  -3  -2   1  -2  -2  -2  -3   0   3   2  -4  -3   2    3   1   5  10   0   4   6   1   1   8   4   1   1   1   5  20  12   0   1  16  0.30 0.28
   53 N    -4  -4   3   6  -7  -2   2  -4  -1  -6  -4  -4  -3  -4  -3   1  -1  -7   1  -6    2   1  13  45   0   2  14   1   2   0   2   1   1   1   1   8   3   0   5   0  1.16 0.64
   54 K     0  -2   1   4  -3  -1   2   0  -3  -5  -5   1  -4  -6   3   0  -2  -6  -4  -4    6   2   5  25   0   2  15   8   1   1   1   9   0   0  13   8   2   0   0   1  0.57 0.40
   55 D    -4  -6   2   6  -5  -2   0   4  -1  -7  -8  -5  -5  -6  -6  -2  -5  -9  -6  -7    1   0  10  48   0   2   7  25   2   0   0   0   0   0   0   3   1   0   0   0  1.48 0.77
   56 W   -11 -11 -12  -6 -10 -10 -11  -7  -4 -11 -10 -11  -9  -4 -12 -11 -10  13  -3 -11    0   0   0   1   0   0   0   1   1   0   0   0   0   1   0   0   0  97   1   0  5.47 1.98
   57 W    -6  -8  -8  -8  -4  -9 -10  -6  -6  -5  -3 -10  -1  -2 -11  -8  -6  13   1  -8    1   0   0   0   1   0   0   1   0   1   3   0   2   2   0   0   1  85   4   0  4.48 1.69
   58 K    -4   3  -3  -1  -4   1   3  -5  -1  -3  -1   4   1  -1  -5  -2   0  -3   1  -4    0  13   1   3   0   6  17   0   1   1   8  26   3   3   0   3   6   0   5   1  0.56 0.41
   59 V     2  -8  -6  -7  -1  -7  -5   7  -8  -4  -6  -7  -7  -6  -7  -5  -4  -8  -8   2   14   0   0   0   1   0   1  67   0   1   0   0   0   0   0   1   1   0   0  14  1.78 0.85
   60 E    -3   1  -3  -1  -3   1   6  -5  -2  -5  -5   3  -4  -6  -6   1   0  -7  -4  -2    2   8   1   3   1   6  45   1   1   0   1  15   0   0   0   9   5   0   1   3  0.95 0.58
   61 V    -3  -3  -5  -6   3  -4  -6  -7  -1   2   5  -3   0  -2  -6  -4  -2  -6  -1   2    2   2   1   0   6   1   0   0   2  12  49   2   1   1   0   1   2   0   2  16  0.90 0.48
   62 N    -7  -6   8   3  -8  -5  -5  -6   4  -9  -9  -6  -8  -9  -7  -2  -6  -9  -7  -9    0   0  74  15   0   0   0   0   8   0   0   0   0   0   0   3   0   0   0   0  2.57 1.01

                      K         Lambda
Standard Ungapped    0.1319     0.3132
Standard Gapped      0.0499     0.2670
PSI Ungapped         0.1629     0.3179
PSI Gapped           0.0499     0.2670
