
Last position-specific scoring matrix computed, weighted observed percentages rounded down, information per position, and relative weight of gapless real matches to pseudocounts
           A  R  N  D  C  Q  E  G  H  I  L  K  M  F  P  S  T  W  Y  V   A   R   N   D   C   Q   E   G   H   I   L   K   M   F   P   S   T   W   Y   V
    1 M   -3 -5 -5 -6 -3 -5 -5 -6 -6  4  0 -5  0 -3 -5 -4 -3 -5 -4  6    0   0   0   0   0   0   0   0   0  27   5   0   2   0   0   0   0   0   0  66  1.31 0.47
    2 Q   -1  0  3 -1 -4  4  0 -3  0 -2 -3  1 -1 -4  2  1 -1  1 -3 -1    3   3  15   1   0  28   5   0   2   3   2   7   1   0   9   9   3   2   0   5  0.41 0.27
    3 D   -3 -3  6  4 -5  1  0 -1  0 -6 -5 -2 -5 -6 -2  0 -2 -6 -5 -5    1   0  43  28   0   5   6   4   1   0   0   1   0   0   2   6   1   0   0   0  1.08 0.49
    4 P    3 -3 -1 -3 -4 -2 -3 -1 -4 -5 -5 -3 -4 -5  3  5  0 -6 -5 -4   21   1   2   0   0   1   0   5   0   0   0   0   0   0  15  53   4   0   0   0  1.02 0.53
    5 T    1 -3 -2 -2 -3 -2  0 -2 -3  0  0 -1 -1 -1 -3  3  4 -1 -3  0   10   0   0   1   0   1   8   2   0   7   8   3   1   2   0  23  28   1   0   5  0.35 0.29
    6 I   -3 -6 -6 -6 -4 -3 -6 -7 -6  7  2 -6 -2 -2 -6 -4 -4 -5 -4  2    1   0   0   0   0   1   0   0   0  65  19   0   0   1   0   1   0   0   0  13  1.47 0.59
    7 N   -1 -3  3  2 -4 -1 -1 -3 -3 -3 -4 -1 -4 -3 -4  4  3 -2 -3 -1    3   0  14  11   0   2   2   1   0   1   1   2   0   1   0  39  18   1   1   4  0.66 0.42
    8 P   -1 -4 -2 -4 -6 -4 -1 -5 -5 -3 -3 -3 -3 -6  8 -2  1 -7 -6 -2    4   1   2   1   0   0   3   0   0   2   3   1   0   0  71   2   8   0   0   3  1.88 0.72
    9 T    1 -3  0  1 -3 -1 -1 -1 -2 -1 -2  0 -2 -3 -2  1  4 -5 -3  1   11   0   5   7   0   2   2   3   1   3   2   5   1   1   1  10  34   0   1  12  0.35 0.29
   10 S    1 -2  1  0 -3 -1  0 -2  0 -2 -3  0 -1 -4 -2  3  4 -5 -1 -1   10   1   8   4   0   1   5   1   2   3   1   6   1   0   1  24  27   0   2   3  0.41 0.31
   11 I    5 -3 -4 -3 -3 -3 -2  0 -4  1 -1 -3 -3  0 -4  0 -1 -5 -2  2   49   0   0   1   0   1   2   8   0   8   4   1   0   4   0   5   2   0   1  13  0.56 0.38
   12 S    1 -2  1  0 -3 -1  0 -2 -3 -1 -3 -1 -3 -1 -2  3  3 -4  1  0    9   1   6   5   0   2   7   1   0   3   1   2   0   2   1  26  21   0   6   8  0.32 0.28
   13 A   -3 -3 -6 -7 -6 -4 -6 -6 -4 -1 -2 -1 -4  8 -2 -5 -5  0  3 -1    3   1   0   0   0   1   0   0   0   3   2   5   0  70   2   0   0   1  10   4  1.83 0.72
   14 K   -4 -1  2  7 -7 -3 -1 -4 -4 -4 -7  1 -6 -6 -3 -2 -4 -7 -2 -4    1   3   8  68   0   0   3   1   0   1   0  10   0   0   1   2   0   0   2   1  1.61 0.69
   15 A   -2  2 -1 -2 -5  1 -1 -2 -2 -2 -1  6 -4 -5 -1 -1 -1 -2 -4 -4    3  10   2   2   0   6   2   3   1   2   6  53   0   0   2   3   4   1   0   0  0.80 0.47
   16 G    3 -2  4 -1 -4 -1 -1  1 -2 -4 -4  0 -2 -2 -3  2  0 -2  0 -2   28   1  20   2   0   2   3  12   0   0   1   5   1   1   1  14   4   0   4   2  0.41 0.31
   17 S    3 -2  3  0 -3  0  0 -2  1 -3 -3  0 -2 -4 -1  2  1 -5 -4 -1   29   0  14   4   0   3   5   2   3   0   2   7   1   0   3  14   9   0   0   4  0.35 0.28
   18 F    1 -2 -1 -2 -2  5 -1 -2 -1 -1 -3 -1 -3 -1  5 -1 -3 -4  1 -1   10   1   2   1   1  29   1   3   1   3   1   2   0   3  26   4   1   0   5   5  0.66 0.41
   19 A    4 -1  0 -1 -3  2  1 -2 -1 -4 -4  2 -3 -4 -2  1  1 -5 -4 -3   38   1   4   2   0   9  10   1   1   0   1  11   0   1   1   9  10   0   0   1  0.48 0.35
   20 D   -2 -4 -1  8 -7 -2 -2 -3 -3 -7 -7 -3 -7 -7 -3 -3 -4 -8 -7 -7    3   1   2  87   0   1   1   1   0   0   0   1   0   0   1   1   1   0   0   0  2.28 0.85
   21 T    0 -3 -5 -5 -4  0 -3 -4 -5  5  0 -2  0 -3 -5 -4 -1 -5 -4  4    7   1   0   0   0   4   1   1   0  34   8   2   1   0   0   0   4   0   0  37  0.83 0.43
   22 K    1 -2  1  0 -3  1  1 -3 -2 -1 -3  0 -2 -4 -1  1  4 -5 -3  0    9   1   5   4   0   6   8   0   0   4   1   6   1   0   3  11  33   0   1   7  0.36 0.30
   23 I   -1 -5 -5 -5 -4 -3 -5 -5 -5  3  0 -5  0  0 -5 -4  2 -5 -2  5    6   0   0   0   0   1   0   0   0  19   7   0   1   3   0   0  16   0   1  46  0.92 0.48
   24 T    0 -1  0 -1 -4  0  0 -2 -1 -2 -4  0 -1 -5  1  1  5 -5 -4 -2    7   3   3   3   0   5   5   2   2   2   0   6   2   0   8   7  45   0   0   2  0.60 0.40
   25 L   -3 -5 -6 -6 -1 -5 -5 -6 -5  3  4 -5  5 -1 -5 -5 -2  0 -2  2    1   0   0   0   1   0   0   0   0  18  44   0  15   2   0   0   2   1   1  14  0.98 0.47
   26 T   -2 -2  3 -1 -4  0  0 -4 -2 -1 -1 -1 -2 -5 -3  1  5 -5 -4 -2    3   1  18   3   0   4   4   0   0   3   7   4   1   0   1   8  42   0   0   1  0.67 0.44
   27 P   -3  0 -5 -4 -4 -2 -3 -4 -4 -2  4 -3  1  1  1 -2 -1  6 -1 -2    2   6   0   0   0   2   1   1   0   0  49   1   3   6   8   4   4  10   2   1  0.68 0.41
   28 N   -3 -2  8  1 -6 -2 -3  0 -1 -4 -5 -1 -5 -2 -4 -1 -3 -6 -2 -3    1   1  68   6   0   1   1   5   1   1   1   4   0   2   1   3   1   0   1   2  1.48 0.67
   29 G   -1 -5 -2  0 -5 -5 -4  6 -3 -6 -5 -4 -5 -4 -2  1 -3 -6 -6 -4    3   0   2   4   0   0   1  74   1   0   1   0   0   1   2  10   1   0   0   1  1.54 0.64
   30 N    0 -2  7  0 -5 -2 -1 -1  2 -3 -4 -2 -4 -4 -3  0 -1 -5  0 -3    8   1  55   5   0   1   3   3   4   1   1   1   0   1   1   5   4   0   4   1  1.00 0.50
   31 T   -1 -1  0 -2 -4  0  1 -3 -4 -2 -3 -1 -2 -5 -3  1  6 -5 -3 -1    3   3   4   1   0   4   8   1   0   1   2   3   1   0   1  11  52   0   1   4  0.76 0.47
   32 F   -3 -5 -3 -6 -1 -3 -5 -6 -5  0  5 -3  0  4 -5 -3 -2 -4 -2  0    1   0   1   0   1   1   0   0   0   3  61   2   1  21   0   2   2   0   0   4  1.05 0.50
   33 N    0  0  1  0 -3  0 -1 -2 -1  0 -1  1 -1 -3 -3  2  3 -2 -2  1    6   3   6   4   0   3   3   2   1   5   4  11   2   0   0  17  22   1   1  11  0.20 0.21
   34 G    1 -2  0  0 -2 -1 -2  5  0 -5 -5 -2 -2 -5 -4  3  0 -5 -4 -4    8   2   3   5   1   2   2  41   2   0   0   2   1   0   0  25   5   0   0   0  0.71 0.39
   35 I   -2 -5 -3 -3 -4 -5 -5 -2 -5  7  1 -4 -2 -3 -5 -3 -2 -5 -4  3    2   0   1   2   0   0   0   3   0  62   8   1   0   0   0   2   2   0   0  17  1.17 0.53
   36 S    1  0 -1 -1 -2  0  1 -3 -1 -2 -2  3 -1 -2 -2  2  2 -4  0  0   10   4   2   2   0   3   7   1   1   2   2  24   1   1   0  14  17   0   3   6  0.27 0.24
   37 E   -2 -1  5  1 -4  0  1  0  1 -3 -1  0 -1 -3 -2  0 -1 -4 -1 -1    3   2  35   6   0   4   8   8   3   0   8   6   2   1   1   4   2   0   2   5  0.39 0.27
   38 L    0 -2 -2 -3 -3 -1 -1 -2 -3  2  2 -1  0 -2 -3 -1  2 -4 -2  3    7   1   1   0   0   2   3   3   0   9  21   4   1   0   0   3  18   0   1  24  0.29 0.24
   39 Q    2  0  0  0 -3  2  2  0  0 -2 -2  1 -3 -4  0  1  0 -4 -3 -2   17   4   4   3   0   8  17   5   2   2   3  11   0   0   4  13   6   0   0   1  0.25 0.21
   40 S    0 -4  2  1 -5 -2 -1  6 -2 -6 -6 -1 -2 -6 -3  0 -2 -5 -5 -5    5   0   9   8   0   1   4  59   1   0   0   4   1   0   1   5   2   0   0   0  1.06 0.49
   41 S    0 -1  1  0 -3  1  0 -2 -3 -1 -2  0  0 -3 -3  1  4 -4 -1  1    5   2   5   5   0   6   6   1   0   2   1   6   2   0   0  10  30   0   2  15  0.27 0.22
   42 Q   -1 -3  0  7 -5  0  0 -2  1 -5 -5 -1 -4 -5 -3  0 -3 -5 -1 -5    4   0   4  66   0   5   4   2   3   0   1   3   0   0   0   5   0   0   2   0  1.25 0.46
   43 Y   -5 -5 -5 -5 -5 -4 -5 -5 -2 -4 -4 -5 -4  3 -5 -5 -4 -1  9 -4    0   0   0   0   0   0   0   0   0   0   1   0   0   8   0   0   0   0  86   0  2.65 0.77
   44 T   -1 -2  0  0 -3 -1 -1 -3 -4  0 -1 -2 -1 -4 -3  1  5 -5 -4  0    2   2   3   4   0   2   3   1   0   5   4   2   2   0   0  10  53   0   0   6  0.67 0.38
   45 K   -1 -2 -2 -3 -1 -2 -2 -4 -3  3  1  1  0  0 -4 -1 -1 -4  0  4    4   2   1   1   1   1   1   0   0  17  12  10   1   3   0   3   2   0   3  37  0.37 0.23
   46 G    0 -2  2  2 -3 -1  0 -1 -3 -2 -3 -1 -3 -3 -3  4  1 -5 -3 -1    6   1  11  11   0   2   4   4   0   2   2   3   0   1   0  38   9   0   0   5  0.40 0.27
   47 T    0 -2  2  1 -4 -1 -1  5 -3 -5 -4 -2 -4 -5 -4  0  0 -5 -5 -4    5   2   9   8   0   2   3  55   0   0   1   2   0   0   0   7   6   0   0   0  0.88 0.36
   48 N   -1 -2  5  3 -4  0  0 -1  0 -4 -5 -2 -4 -5 -3  2  0 -5 -4 -4    5   1  36  19   0   3   6   4   1   1   0   1   0   0   1  17   5   0   0   0  0.73 0.35
   49 E    0  0  1 -1 -3  1 -1 -2 -2  0 -2  1 -1 -4 -3  0  4 -4 -2  1    6   4   5   3   0   8   2   1   0   6   1   9   1   0   0   5  37   0   1  10  0.37 0.26
   50 V   -2 -5 -5 -6 -3 -5 -5 -6 -5  3  2 -5 -1 -1 -5 -4 -3 -4  0  6    3   0   0   0   0   0   0   0   0  12  23   0   0   2   0   0   0   0   3  57  1.05 0.43
   51 T   -2 -1 -2 -4 -4 -4 -3 -4 -5  1 -2 -2 -2 -3 -4 -1  6 -5 -4  2    1   3   1   0   0   0   1   1   0   8   2   1   0   1   0   3  67   0   0  12  1.17 0.52
   52 L   -4 -5 -6 -6 -4 -5 -6 -6 -5  6  4 -5 -1  3 -5 -5 -3 -4 -3  0    0   0   0   0   0   0   0   0   0  49  36   0   0  11   0   0   0   0   0   4  1.20 0.46
   53 L   -1  0  1 -1 -2 -1 -1 -2  0 -4 -1  5 -1 -3 -3  2  0 -5 -2 -3    3   4   5   3   1   1   1   2   2   0   8  43   1   1   0  18   6   0   1   0  0.50 0.31
   54 A    2  0 -2 -2 -4  1 -1 -1 -2 -5 -4  6 -2 -5 -2  0 -1 -5 -4 -3   19   3   1   1   0   6   2   3   1   0   0  53   1   0   1   7   2   0   0   1  0.81 0.40
   55 S    2 -2  0  1 -4 -1  3 -1 -3 -4 -4 -1 -4 -5 -2  4  0 -5 -4 -3   18   1   4   6   0   1  22   3   0   0   0   2   0   0   1  36   4   0   0   1  0.57 0.33
   56 Y   -4 -4 -6 -7 -2 -4 -6 -6 -2 -4 -1 -4 -4  3 -6 -5 -3 -1  9 -4    1   1   0   0   1   1   0   0   0   0   5   1   0   9   0   0   1   0  80   1  2.36 0.75
   57 L   -4 -5 -6 -7 -4 -5 -6 -7 -6  0  6 -5  0  1 -6 -5 -4 -4 -4 -1    0   0   0   0   0   0   0   0   0   4  88   0   1   4   0   0   0   0   0   3  1.56 0.56
   58 N    4 -2  1 -1 -3 -1  0 -1 -3 -2 -3 -1 -1 -3 -3  2  1 -5 -4 -1   46   1   9   3   0   1   6   2   0   1   2   4   2   1   0  12   8   0   0   3  0.47 0.29
   59 T    0  0  0 -1 -3  1  0  0 -3 -3 -3  2 -3 -4 -2  2  4 -4 -3 -3    8   5   4   3   0   8   4   5   0   1   2  16   0   0   1  14  29   0   0   0  0.39 0.25
   60 L   -3 -2 -3 -4 -4  4 -2 -4 -4  0  4  0  0 -1 -5 -4 -2 -1 -2 -1    1   1   0   0   0  24   1   0   0   3  54   7   1   2   0   0   1   1   1   2  0.78 0.40
   61 P    2 -3  0 -1 -4 -1  0 -1 -2 -2 -3 -1 -3 -5  5  2  1 -5 -3 -3   16   0   4   2   0   2   5   4   0   2   1   4   0   0  33  14  11   0   1   1  0.65 0.31
   62 E    0 -2  0 -1 -2 -1  0 -2 -1  0  1  0  0 -1  1  0  1 -3  0  2    8   1   5   3   0   1   8   1   1   4  15   5   1   1   6   5  12   0   5  18  0.08 0.10
   63 N   -2 -4 -1 -3 -5 -3 -4  7 -5 -4 -6 -3 -5 -6 -5 -2 -3 -5 -5 -5    1   1   3   1   0   1   1  87   0   1   0   1   0   0   0   1   1   0   0   0  1.92 0.62
   64 T   -1 -1  1  1 -3  1  1 -1 -2  0 -2  0 -1 -3 -1  1  3 -3 -2  0    4   3   7   8   0   6   8   4   0   5   2   5   1   0   2  11  24   0   1   9  0.18 0.15
   65 T    0 -2  1 -2 -2 -1 -2 -2 -1  1  0 -1 -1 -1 -2  0  4 -3  0  1   10   1   9   1   0   2   1   1   1   8  11   4   0   2   1   5  30   0   3   9  0.23 0.19
   66 K    2 -1  2  0 -2  1  0 -1  3 -2 -2  1 -1 -2 -1  0  0 -2 -2 -1   26   2  12   5   0   6   4   2   8   2   3  12   1   2   2   3   5   0   1   5  0.19 0.13
   67 T    1 -2  0  0 -2  0  0 -2  0  0 -1 -1 -1 -2 -2  1  3 -3 -2  1   10   2   4   6   0   3   6   2   2   4   5   3   0   1   1  11  29   0   1  11  0.22 0.16
   68 L   -4 -5 -6 -6 -4 -5 -6 -6 -6  1  6 -5 -1  2 -6 -5 -3 -4 -2 -1    0   0   0   0   0   0   0   0   0   6  82   0   0   8   0   0   1   0   1   2  1.48 0.57
   69 T   -1 -2  0 -1 -4 -1 -2 -3 -3 -1 -3 -1 -1 -4 -4  0  6 -5 -4  1    4   1   4   3   0   3   2   1   1   3   2   4   1   0   0   4  58   0   0  10  0.86 0.46
   70 F   -1 -5 -6 -6 -2 -6 -6 -6 -5  0  1 -6  0  8 -6 -4 -3 -3  0  0    6   0   0   0   1   0   0   0   0   4  11   0   2  66   0   1   2   0   0   6  1.55 0.57
   71 D   -1  1  1  3 -4  1  1 -2  2 -1 -3  1 -1 -4 -3  0  2 -4 -3 -1    2   8   8  20   0   6  10   1   6   4   1   9   1   0   0   5  13   0   0   5  0.29 0.20
   72 F   -5 -6 -6 -6 -2 -6 -6 -6 -5 -2 -2 -6  2  9 -6 -5 -5 -3  1 -4    0   0   0   0   1   0   0   0   0   1   1   0   4  88   0   0   0   0   2   0  2.56 0.79
   73 G   -2 -1  3  1 -4 -2 -2 -1 -2 -4 -5 -3 -4 -5 -3  5  0 -5 -3 -4    1   4  14   8   0   1   1   3   1   1   0   0   0   0   1  59   4   0   1   1  0.95 0.48
   74 V    3  0 -1  0 -3  0 -1  2 -2 -3 -2  1 -2 -2 -2  1  0 -4 -3 -1   36   5   1   4   0   5   3  14   1   1   3   9   1   1   1   9   4   0   0   3  0.31 0.22
   75 G   -2 -5  0  0 -5 -4 -2  7 -5 -6 -5 -4 -5 -6 -5 -2 -2 -5 -6 -6    2   0   3   5   0   0   2  82   0   0   1   0   0   0   0   2   2   0   0   0  1.74 0.61
   76 T    3 -2  0  0  0 -1 -1  1  0 -2 -2 -1 -2 -2 -1  1  2 -3 -1 -1   30   1   5   5   2   2   2  12   3   1   3   2   0   1   2  11  12   0   2   5  0.23 0.15
   77 K    0  0  3  0 -3  0  0 -1 -1 -1 -1  1 -2 -2  3  0  0 -1 -1 -1    6   4  20   6   0   3   4   3   1   4   6   9   0   1  16   5   5   1   1   4  0.24 0.14
   78 N    0 -1  3  4 -3  1  0 -2  0 -2 -3 -1 -3 -3 -1  2  1  2 -3 -2   10   2  13  25   0   6   2   1   2   2   2   2   0   1   3  16   7   3   0   1  0.37 0.21
   79 P    1 -1 -2  0 -2  4 -1 -2 -1 -1 -2 -1 -2 -3  4 -1 -1 -1 -3  0   14   3   1   6   1  21   2   2   1   3   4   3   0   1  25   4   2   1   0   6  0.46 0.25
   80 K   -1 -2  0 -2 -2 -1 -2 -3 -3  1  0  0  0 -2 -2  0  3 -2 -2  3    4   0   4   1   0   2   1   1   0   8   6   8   1   1   1   6  26   0   1  26  0.31 0.23
   81 L   -3 -3 -3 -4 -2 -4 -4 -5  1  0  5 -2  1  2 -3 -4 -3  3 -2  0    2   1   2   1   1   0   0   0   3   4  60   2   3   9   1   1   1   4   1   6  0.80 0.39
   82 T    1 -2  0 -1 -3  0 -1 -3 -3 -1 -2  0  0 -3 -2  1  5 -4 -4  0   13   1   4   3   0   5   4   1   0   4   2   5   3   1   1   7  39   0   0   8  0.43 0.31
   83 I   -3 -5 -6 -6 -4 -5 -4 -6 -3  6  1 -5 -1 -2 -3 -4 -1 -5 -2  5    1   0   0   0   0   0   1   0   1  44  11   0   1   1   1   0   3   0   1  36  1.12 0.48
   84 T    0 -2  4  0 -4  0 -1 -3  0 -2 -4 -1 -3 -4 -3  1  4 -5 -3 -1    8   1  21   5   0   5   3   0   2   2   0   3   0   0   0   9  35   0   1   4  0.57 0.36
   85 V   -1 -2 -5 -6 -4 -2 -4 -5 -5  5 -1 -5 -2 -1 -5 -4 -2 -5 -1  5    3   2   0   0   0   2   1   1   0  35   2   0   0   2   0   0   1   0   2  50  1.13 0.49
   86 L   -1 -1  0 -1 -3 -1 -1 -1 -1  2  0  1  0 -2 -2  1  2  0 -1  2    2   2   5   3   0   1   3   3   1  15   5  13   2   0   0  13  13   1   2  15  0.13 0.16
   87 P   -3 -2  2  6 -5  0  1  0 -3 -4 -4  0 -5 -5  2 -2 -1 -6 -2 -3    0   1   7  49   0   4   6   8   0   0   1   5   0   0  10   1   3   0   2   2  0.89 0.42
   88 K   -1 -2 -1  1 -4  0 -2 -3 -1 -2 -4  0 -3 -4 -2  3  4  2  1 -2    2   1   2   8   0   4   1   1   1   2   0   7   0   0   1  27  33   3   5   2  0.56 0.37
   89 D    0 -3  0  2 -4 -1 -1 -3 -3 -3 -4 -2 -2 -4  1  2  5 -5 -1 -2    6   1   4  12   0   2   3   1   0   1   0   1   1   0   7  19  38   0   2   2  0.58 0.36
   90 I    1 -3 -2 -1 -3 -1 -2 -3 -4  2  0 -2  0 -3  1  0  3 -4 -3  3   10   0   1   3   0   2   1   1   0  14   5   2   1   0   8   5  20   0   0  27  0.35 0.25
   91 P   -1 -4 -4 -3 -2 -1  0 -2 -4 -5 -4  0 -5 -6  7 -1 -1 -6 -3 -4    3   0   0   1   1   3   7   3   0   0   1   5   0   0  66   5   4   0   1   1  1.63 0.57
   92 G   -1 -3  4 -2 -4 -2 -1  4 -3 -3 -3 -1 -1 -4 -2 -1  1 -5 -4  1    3   0  23   1   0   0   4  36   0   0   0   4   1   0   1   2  10   0   0  16  0.54 0.28
   93 L   -2 -4 -4 -4 -3 -2 -3 -5 -4  2  5 -4  1 -1 -3 -1 -1 -3 -2  2    0   0   0   0   0   2   1   0   0   9  65   0   2   0   1   6   2   0   1  13  0.69 0.28
   94 E   -2  1 -1  1 -5  3  6 -3 -1 -4 -4  1 -3 -4 -2 -1 -2 -4 -3 -4    0   4   0   3   0  16  69   0   0   0   0   8   0   0   0   0   0   0   0   0  0.98 0.23

                      K         Lambda
Standard Ungapped    0.1276     0.3081
Standard Gapped      0.0417     0.2670
PSI Ungapped         0.1362     0.3181
PSI Gapped           0.0417     0.2670
