
Last position-specific scoring matrix computed, weighted observed percentages rounded down, information per position, and relative weight of gapless real matches to pseudocounts
            A   R   N   D   C   Q   E   G   H   I   L   K   M   F   P   S   T   W   Y   V   A   R   N   D   C   Q   E   G   H   I   L   K   M   F   P   S   T   W   Y   V
    1 G     3  -7  -5  -6  -7  -6  -7   7  -7  -8  -8  -6  -7  -8  -7  -5  -6  -7  -8  -7   20   0   0   0   0   0   0  80   0   0   0   0   0   0   0   0   0   0   0   0  2.27 0.86
    2 S     1  -2  -1  -2  -4  -2  -2  -2  -4  -3  -6  -1  -4  -7  -3   6  -1  -8  -7  -4   12   2   2   2   0   2   2   2   0   2   1   3   0   0   2  63   3   0   0   1  1.27 0.72
    3 M     0   1  -2  -4  -3   0  -3  -3  -2   0   0  -1   7  -2   1   0   0  -5  -3   1    7   7   1   1   0   5   1   2   1   4   7   4  30   1   8   7   4   0   0  10  0.55 0.37
    4 A     3  -1  -2  -2  -5   0   2  -2  -3  -3  -4   0   1  -4   4   1  -2  -6  -4  -3   23   3   2   2   0   4  13   3   0   1   1   7   3   0  24   9   2   0   0   2  0.57 0.37
    5 D     0   0   1   1  -4   1   0  -2  -1  -3  -3   2  -3  -4   4   0   0  -6  -2  -3    8   6   6   7   0   5   5   2   1   1   3  13   0   1  24   7   7   0   1   2  0.43 0.28
    6 T    -2   1  -2  -4  -5   0  -2  -3   0  -2  -4   4  -4  -5   2   2   2  -4  -3  -1    3   8   1   1   0   3   2   2   2   3   1  30   0   0  11  14  14   0   1   4  0.58 0.39
    7 R    -4   7  -3  -5  -7   1  -3  -4  -2  -5  -4   3  -3  -5  -2   0  -3  -7  -5  -4    1  56   1   0   0   5   1   1   1   0   2  19   0   0   2   6   1   0   0   1  1.48 0.67
    8 R    -4   7  -3  -5  -8   0  -4  -5   0  -5  -5   3  -4  -6  -4  -1   0  -2  -6  -5    1  58   1   1   0   4   1   1   2   1   1  17   0   0   1   5   5   1   0   1  1.56 0.70
    9 R    -5   8  -4  -6  -4  -1  -4  -6  -3  -2  -4   3  -4  -7  -3  -4  -3  -7  -4  -4    1  70   1   0   0   2   1   1   0   3   2  14   0   0   1   1   2   0   1   1  1.94 0.79
   10 Q     0   1  -2  -4  -3   4  -2  -3  -2   2  -2   0   0  -4  -1   0   0  -5  -3   2    7   8   2   0   0  23   1   1   1  11   3   5   2   0   2   8   6   0   1  16  0.41 0.29
   11 N     0   1   2  -1  -3   0  -2  -2   1  -3  -3  -1  -2   1   0   3   2  -1   2  -2    6   7  10   2   1   5   1   3   3   1   2   3   1   6   5  23  11   1   8   2  0.28 0.23
   12 H    -3   6  -3  -4  -4   2  -2  -4   2  -2  -3   2  -3  -3  -3   0  -1  -3  -3  -1    2  41   1   1   0  10   1   1   5   2   2  13   1   1   1   7   4   0   1   5  0.85 0.41
   13 S     6  -4  -3  -4  -1  -3  -4  -3  -5  -5  -5  -4  -5  -6   0   3  -2  -6  -5  -2   61   1   1   1   1   1   0   1   0   0   0   0   0   0   5  24   1   0   0   2  1.30 0.58
   14 C    -6  -8  -8  -8  12  -8  -8  -8  -8  -7  -7  -8  -7  -2  -8  -6  -6   1  -7  -6    0   0   0   0  93   0   0   0   0   0   0   0   0   2   0   0   0   2   0   0  4.35 1.19
   15 D    -4  -3  -1   8  -7  -3   0  -2  -2  -3  -3  -4  -3  -5  -6  -3  -2  -3  -4  -3    1   1   3  72   0   1   4   3   1   1   4   1   1   1   0   1   2   0   1   2  1.75 0.65
   16 P     1   2   0  -2  -2   3   1  -2   1  -1  -2  -1   0   1   2  -1   0  -2   0  -2   11  13   3   1   1  14   9   2   3   3   4   2   3   7  11   4   5   0   2   2  0.22 0.19
   17 C    -6  -9  -8  -9  12  -8  -9  -8  -9  -7  -7  -9  -7  -8  -8  -6  -6  -8  -8  -6    0   0   0   0 100   0   0   0   0   0   0   0   0   0   0   0   0   0   0   0  4.63 1.25
   18 R    -4   8  -2  -6  -7  -2  -4  -5   3  -5  -6   0  -5  -3  -6  -3  -4  -1  -2  -5    1  76   2   0   0   1   0   1   8   1   0   4   0   1   0   1   1   1   1   1  2.00 0.74
   19 K    -1   5  -2  -3  -5   1  -2  -3   0  -3  -1   4  -1  -3  -4   0  -1  -5  -2  -3    6  30   1   1   0   5   2   1   2   2   6  29   2   1   0   6   3   0   1   1  0.69 0.39
   20 G    -2   6  -2  -3  -2  -1  -4  -1  -1  -4  -3   3  -1  -3  -5   0  -3  -1  -3  -4    3  48   1   1   1   2   0   5   1   1   3  18   2   1   0   8   2   1   1   1  1.01 0.48
   21 K    -3   2  -5  -5  -7  -1  -4  -2   0  -6  -6   7  -5  -7  -5  -2  -5  -7  -6   0    2   8   0   0   0   2   0   3   2   0   0  73   0   0   0   2   0   0   0   6  1.81 0.73
   22 R     0   3  -2  -2   0  -1  -2  -3   0   3  -1  -1  -1  -3  -4  -1   0  -4  -2   3    9  18   1   2   2   2   3   2   2  18   4   3   1   0   0   5   5   0   1  22  0.32 0.22
   23 R     0   5  -4  -4   3  -1  -2  -2  -1  -3  -3   5  -4  -5  -4  -2  -2  -5  -4  -4    9  34   0   0   7   2   2   3   2   2   2  32   0   0   0   2   2   0   0   1  0.99 0.45
   24 C    -6  -7  -7   2  11  -7  -7  -7  -7  -7  -7  -7  -7   3  -7   1  -6  -7  -6  -6    1   1   0  11  60   0   1   1   0   1   1   1   0  10   1  11   1   0   0   1  2.90 0.77
   25 D     2  -1  -1   5   1  -1  -1   0   1  -1  -2  -2   0  -1  -1  -2  -2   2   0  -2   14   3   3  25   3   3   3   8   3   3   4   3   3   3   3   4   3   3   3   3  0.35 0.15
   26 A     3  -1  -2  -3  -2  -2  -3   2  -2  -1   2  -2  -1   0  -2  -1  -2  -1  -1   1   23   4   2   1   1   2   2  16   1   4  16   2   1   4   2   5   2   1   2   8  0.31 0.18
   27 P     1   0  -1  -1  -2   1   0   0  -2  -1  -1   0   0  -2   3  -1   0  -1  -1  -1   12   4   3   4   1   5   7   8   1   4   6   6   2   2  16   5   6   1   2   5  0.14 0.11
   28 E    -1   0  -1   1  -1   1   1  -1   0  -1  -1   0   0  -1   2   1   0  -1  -1  -1    6   6   3   8   1   6  10   4   2   3   6   6   2   2  10  10   6   1   3   4  0.09 0.08
   29 N    -1   1   0   1  -1   0   0   0   0  -1   0  -1   1  -2   2   0   0  -1  -2   0    6   8   5   9   1   4   6   7   2   3   9   4   3   2  11   7   6   1   2   7  0.08 0.06
   30 R     0   1   0   0  -1   0   0   1  -1   0  -1   0  -1  -1   1   1   0  -1  -1   0    8   9   4   6   1   5   6   9   2   5   7   4   1   3   6   9   5   1   2   6  0.04 0.03
   31 N     0   0   1   2  -1   0   0   1   1   0  -1  -1  -1  -2   0   0   0  -2  -1   0    6   5   8  10   1   4   7  11   3   5   5   4   2   2   6   8   5   1   2   6  0.07 0.05
   32 E     0  -1   0   1  -1   0   1   1   0   0  -1  -1  -1  -1   2   0   0  -1  -1  -1    7   4   5   8   1   4   8  10   2   6   6   4   1   3  11   8   5   1   2   5  0.08 0.06
   33 A     1   0   0   0  -1   0   0   1   1   0  -1  -1  -1  -1   1   1   0  -1  -1   0   10   5   4   5   1   3   6  11   4   5   7   3   1   2   6  11   7   1   2   7  0.05 0.05
   34 N     0   0   1   2  -1   0   0   1  -1   0  -1  -1  -1  -1   1   1   0  -1  -1  -1    6   5   7  12   1   4   6   9   2   5   7   4   2   2   7  10   5   1   2   4  0.08 0.06
   35 E     0  -1   1   1   0   1   1   0   0  -1  -1   0  -1  -2   2   0   0  -1  -2  -1    8   4   6   7   2   7   9   7   2   4   5   5   2   2  11   8   5   1   2   4  0.09 0.08
   36 N    -1  -1   2   2  -2   0   0   0   0  -1  -2   0   0  -1   2   1   0  -1  -1  -2    6   4   8  10   1   4   5   8   2   3   5   5   2   3  11  10   6   1   2   3  0.12 0.09
   37 G     0  -1   0   0  -2   0  -1   3  -1  -1  -2  -1  -1  -2   3   0   0  -1  -2  -1    9   4   4   5   1   5   5  20   2   3   4   4   1   2  12   8   5   1   2   5  0.20 0.14
   38 W     0   1   0   0   0   1   0   1   1  -1  -1   1  -1  -1   0   0   0   1  -1  -1    6   6   4   6   2   7   6  10   3   3   6   7   1   3   5   8   7   2   2   5  0.05 0.04
   39 V     0  -1   0   0  -2   1   0   0   0   0  -1   0   0  -2   3   0   1  -1  -2   0    8   4   5   4   1   7   6   7   2   4   6   5   2   2  12   8   7   1   1   7  0.10 0.09
   40 S     0   0  -3  -4  -3   0  -4  -3  -3  -1  -4   0  -2  -4   6   2   1  -5  -4  -2    9   6   1   1   1   4   2   3   1   4   2   5   1   1  33  13   7   0   1   4  0.72 0.49
   41 C    -9  -2 -10 -10  12 -10 -10 -10 -10 -10 -10 -10 -10 -10 -10  -9  -9 -10 -10  -9    0   2   0   0  95   0   0   0   0   0   0   0   0   0   0   0   0   0   0   0  5.03 2.01
   42 S     0  -1  -1  -3  -5   1  -3  -2  -2  -4  -2   0  -2  -4  -5   5   3  -4  -4  -1    7   4   3   2   0   5   2   3   1   1   5   6   1   1   1  36  16   0   1   4  0.68 0.47
   43 N    -3   3   6  -5  -5  -1  -4  -5   5  -5  -2  -4  -2  -4  -4  -1   0  -1   0  -5    3  16  37   1   0   3   1   1  11   1   4   1   1   1   1   5   6   1   4   1  1.16 0.63
   44 C    -9 -10 -10 -10  12 -10 -10 -10 -10  -9  -9 -10  -9  -9 -10  -9  -9  -9  -2  -9    0   0   0   0  95   0   0   0   0   0   0   0   0   0   0   0   0   0   2   0  5.03 1.92
   45 K     0   3  -3  -3  -3   2   0  -5  -2   2   0   2  -2  -4  -7   0   1  -4  -4   1    9  15   2   2   1   8   5   1   1  11   9  12   1   1   0   6   8   0   1   9  0.38 0.26
   46 R     0   5   0  -2  -5   1   0  -4   2  -3  -3   3  -1  -4  -6   0  -1  -4  -4  -3    7  27   5   3   0   6   6   1   4   2   3  15   2   1   0   8   5   0   1   2  0.63 0.41
   47 W     0   3   0  -3  -4  -2  -1  -4   2  -3   1   1  -2   0  -8   1   1   2   3  -3    8  15   4   2   0   1   4   2   4   2  13   9   1   4   0   9   8   3  10   2  0.34 0.26
   48 N    -4   0   5   0  -5  -2  -3   5   0  -8  -8   2  -6  -7  -8   1  -6 -11  -7  -7    2   5  22   5   0   2   2  36   2   0   0  11   0   0   0   9   1   0   0   0  1.18 0.67
   49 K    -2   2  -2  -4  -3   0  -1  -6   1   2   2   3  -1   0  -8  -2   0  -2   3   1    4  10   2   1   1   4   4   0   3   9  17  15   1   3   0   3   5   1   8   9  0.37 0.25
   50 D     0   0   0   2  -5   2   4  -6   0  -4  -5   1  -4  -6   2  -1   1 -10  -6  -2    7   6   4  11   0   8  23   1   2   1   1   8   1   0  10   5   9   0   0   3  0.53 0.41
   51 C    -5 -15 -15 -15  12 -15 -16 -14 -15  -4 -13 -15 -13 -14 -15 -13 -13 -14 -14 -13    1   0   0   0  97   0   0   0   0   1   0   0   0   0   0   0   0   0   0   0  5.30 2.02
   52 T    -4  -5  -4  -5  -5   0  -1  -6   0  -2  -3  -4  -4  -4  -8   0   7  -5  -3   0    2   1   1   1   0   5   4   1   2   2   3   1   1   1   0   8  59   0   1   7  1.51 0.85
   53 F    -6  -7  -5  -3  -1  -7  -9  -9  -2  -3  -5  -9  -2   8  -7  -5  -1   0   6  -1    1   0   1   2   1   0   0   0   1   2   2   0   1  50   0   1   4   1  28   4  2.19 0.98
   54 N    -2  -3   3   3  -4   1   2  -3   1  -3  -2  -1  -3  -5  -4   2   2  -7  -4  -1    3   1  12  14   0   6  14   2   4   2   5   3   1   0   1  14  13   0   1   5  0.44 0.34
   55 W    -1   4  -3  -1  -4   1   1  -2   1  -3  -3   0  -3   1  -1  -3  -2   7   3  -3    6  18   1   4   0   5   9   3   3   2   3   5   1   5   3   2   3  14  10   2  0.60 0.37
   56 L     2  -1  -2  -4  -4   1  -1  -2  -2   1   0  -2   0  -4   2  -1   0  -6  -5   3   17   4   2   1   0   6   5   4   1   8   9   2   2   0   9   4   6   0   0  20  0.28 0.25
   57 S     1   3  -1  -2  -7   1   0  -4  -3  -4  -3   0  -4  -5   5   1   1  -1  -5  -2   10  13   3   2   0   5   5   1   1   1   3   6   0   1  27  10   8   1   0   3  0.61 0.46
   58 S    -1   2   0  -3  -7   1  -2  -3  -3  -5  -1   4   0  -5  -2   3   0  -4  -5  -4    4  11   5   1   0   7   2   2   0   1   6  25   3   0   3  23   5   0   0   1  0.61 0.46
   59 Q    -3   5  -2  -5  -6   2  -2  -5   0  -6  -6   6  -4  -7  -2  -2  -2  -5  -8  -3    2  24   2   0   0   9   2   1   2   0   1  45   0   0   2   3   2   0   0   2  1.34 0.76
   60 R    -2   8  -3  -6 -10   1  -4  -5  -4  -7  -6   2  -6 -10  -3  -3  -4  -4  -8  -6    3  69   1   0   0   5   1   1   0   0   1  10   0   0   2   2   1   0   0   1  2.07 1.05
   61 S     0   2  -2  -4  -5  -2  -3   5  -4  -5  -4   1  -1  -5  -1   1   0   0  -5  -2    8  10   2   1   0   2   2  38   0   1   2  10   2   0   3   8   5   1   0   3  0.67 0.45
   62 K    -3   4  -2  -4  -6   0  -2  -4  -2  -6  -5   2  -4  -7   6   0  -3  -5  -6  -2    2  22   2   1   0   4   3   2   1   1   1  13   0   0  34   7   2   0   0   3  1.08 0.68
   63 N     0   2   1  -3  -5   2  -2  -1   0  -6  -5   3  -4  -6   4   3  -1  -8  -4  -5    7   9   7   2   0   8   2   5   2   0   1  15   0   0  18  20   3   0   1   1  0.61 0.47
   64 S     2   2  -1  -4  -5   1  -4  -2  -4  -6  -6   0  -5  -7   0   5   2  -8  -4  -4   14   9   3   0   0   7   1   3   0   0   0   6   0   0   6  37  12   0   1   1  0.79 0.58
   65 S     3  -6   0  -6  -6  -6  -6  -6  -6  -7  -7  -6  -6  -8  -6   5   5  -8  -7  -6   24   0   4   0   0   0   0   0   0   0   0   0   0   0   0  42  30   0   0   0  1.55 0.86

                      K         Lambda
Standard Ungapped    0.1246     0.3146
Standard Gapped      0.0496     0.2670
PSI Ungapped         0.1622     0.3175
PSI Gapped           0.0496     0.2670
