
Last position-specific scoring matrix computed, weighted observed percentages rounded down, information per position, and relative weight of gapless real matches to pseudocounts
            A   R   N   D   C   Q   E   G   H   I   L   K   M   F   P   S   T   W   Y   V   A   R   N   D   C   Q   E   G   H   I   L   K   M   F   P   S   T   W   Y   V
    1 M    -1  -2  -2  -3  -2  -1  -2  -3  -2   1   2  -2   7   0  -3  -2  -1  -2  -1   1    0   0   0   0   0   0   0   0   0   0   0   0 100   0   0   0   0   0   0   0  0.46 0.03
    2 E    -1  -1  -1   1  -4   2   6  -3  -1  -4  -3   0  -3  -4  -2  -1  -1  -3  -3  -3    0   0   0   0   0   0 100   0   0   0   0   0   0   0   0   0   0   0   0   0  0.99 0.09
    3 Q    -1   1  -1  -1  -3   5   0  -3  -1  -1   0   0   0   2  -2   0  -1  -2   0  -1    0   7   0   0   0  56   0   0   0   6   9   0   0  16   0   3   3   0   0   0  0.33 0.05
    4 A     2  -2  -2  -2  -2  -2  -2  -2  -2  -1  -1  -1  -1  -3   6   0  -1  -4  -3   0   36   0   0   0   0   0   0   0   0   0   2   0   0   0  49   0   0   0   0  13  0.85 0.05
    5 P    -1  -3  -2  -2  -3  -2  -2  -3  -3  -3  -2  -2  -3  -4   8   0  -1  -4  -3  -3    0   0   0   0   0   0   0   0   0   0   6   0   0   0  85   9   0   0   0   0  1.82 0.13
    6 E    -1   3   0   0  -4   1   5  -3  -1  -3  -3   1  -2  -4  -2  -1  -1  -3  -2  -2    2  28   4   0   0   0  64   0   0   0   0   0   0   0   0   0   0   0   0   2  0.66 0.09
    7 D    -2  -1   2   6  -4   0   3  -2  -1  -4  -4   0  -3  -4  -2  -1  -1  -4  -3  -4    0   0  10  63   0   0  24   0   0   0   0   4   0   0   0   0   0   0   0   0  0.84 0.09
    8 Q    -1   3   0  -1  -3   4   2   1  -1  -3  -3   1  -2  -3  -2   0   1  -3  -2  -3    0  21   4   0   0  37  12  13   0   0   0   2   0   0   0   0  11   0   0   0  0.41 0.06
    9 G     0  -2   0  -2  -2  -2  -2   4  -2   0  -1  -2  -1  -2  -2   0   2  -3  -2   1    2   0   4   0   0   0   0  44   0   6   0   0   0   0   0   2  21   0   0  22  0.35 0.06
   10 P    -2  -3  -3  -2  -4  -2  -2  -3  -3  -4  -4  -2  -3  -5   8  -2  -2  -5  -4  -3    0   0   0   0   0   0   0   0   0   0   0   0   0   0 100   0   0   0   0   0  2.36 0.16
   11 Q    -1   1  -1   1  -3   4   0  -3  -1  -3  -3   0  -2  -4   6  -1  -1  -4  -3  -3    2   7   0   7   0  34   0   0   0   0   2   0   0   0  46   0   0   0   0   0  0.94 0.10
   12 R    -2   6  -1  -2  -4   0  -1   2  -1  -4  -3   1  -2  -4  -3  -1  -2  -3  -3  -3    0  76   0   0   0   0   0  24   0   0   0   0   0   0   0   0   0   0   0   0  0.87 0.13
   13 E    -2  -1   3   1  -4   1   5  -1  -1  -4  -4   0  -3  -4  -2  -1  -1  -4  -3  -3    0   0  24   2   0   0  71   3   0   0   0   0   0   0   0   0   0   0   0   0  0.79 0.13
   14 P    -1  -3  -2  -2  -3  -2  -2  -1  -3  -3  -1  -2  -2  -4   7   2  -1  -4  -3  -3    0   0   0   0   0   0   0   3   0   0   7   0   0   0  69  21   0   0   0   0  1.40 0.13
   15 Y    -2  -3  -1  -1  -3  -2  -2   4   2  -3  -3  -2  -2   1  -3  -2  -2   7   4  -3    0   0   2   4   0   0   0  38   7   0   0   0   0   2   0   0   0  23  24   0  0.79 0.10
   16 N    -2  -1   4   4  -4   1   3  -1  -1  -4  -4   0  -3  -4  -2   0   0  -4  -3  -3    0   0  30  29   0   2  29   2   0   0   0   0   0   0   0   4   3   0   0   0  0.59 0.08
   17 D    -1  -1  -1   2  -4   2   5  -3  -1  -4  -3   1  -2  -4  -2  -1  -1  -4  -3  -3    5   0   0   6   0   9  75   0   0   0   0   3   0   0   0   0   2   0   0   0  0.79 0.12
   18 W    -4  -4  -5  -6  -4  -3  -4  -4  -4  -4  -3  -4  -3   0  -5  -4  -4  12   1  -4    0   0   0   0   0   0   0   0   0   0   0   0   0   0   0   0   0 100   0   0  3.29 0.26
   19 T     0  -2  -3  -3  -1  -2  -3  -3  -3   1   3  -2   1  -1  -3  -1   2  -3  -2   2    5   0   0   0   0   0   0   0   0   3  49   0   0   0   0   0  20   0   0  23  0.31 0.07
   20 L     0   1   0   1  -2   0   1  -2  -2   2   2  -1   0  -1  -2  -1  -1  -3  -2   1    7   9   5   9   0   5  12   2   0  19  27   0   0   0   0   0   0   0   0   5  0.08 0.03
   21 E    -2   3   0   4  -4   1   4  -1  -1  -4  -3   0  -3  -4  -2  -1  -1  -4  -3  -3    0  23   0  29   0   0  41   3   0   0   0   0   0   0   0   0   4   0   0   0  0.59 0.09
   22 L    -1  -2  -2  -3  -2  -2  -2  -3  -3   2   2  -2   3  -1  -2  -1   3  -3  -2   1    0   0   0   0   0   0   0   0   0  20  19   0  17   0   0   0  37   0   0   7  0.31 0.08
   23 L    -2  -3  -4  -4  -2  -3  -3  -4  -3   2   4  -3   3   0  -3  -3  -1  -2  -2   2    0   0   0   0   0   0   0   0   0   6  67   0   9   0   0   0   0   0   0  18  0.51 0.09
   24 E    -2   3  -1   0  -4   2   5  -2  -1  -4  -3   1  -2  -4  -2  -1  -1  -3  -3  -3    0  18   0   0   0   3  70   2   0   0   0   2   0   0   0   0   4   0   0   0  0.73 0.12
   25 E     0  -1  -1   3  -4   1   5  -2   1  -4  -3   0  -3  -4  -2  -1  -1  -4  -3  -3   12   0   0  14   0   0  71   0   4   0   0   0   0   0   0   0   0   0   0   0  0.74 0.12
   26 L    -2  -3  -4  -4  -2  -3  -4  -4  -4   4   3  -3   1   0  -3  -3  -1  -3  -2   1    0   0   0   0   0   0   0   0   0  54  46   0   0   0   0   0   0   0   0   0  0.57 0.10
   27 K    -2   1   4   0  -4   0   0  -2  -1  -4  -4   4  -2  -4  -2   0  -1  -4  -3  -3    0   3  38   0   0   0   2   0   0   0   0  57   0   0   0   0   0   0   0   0  0.66 0.12
   28 N    -2   3   2   0  -4   3   3  -2   0  -4  -3   1  -2  -3  -2   0  -1  -3  -2  -3    0  29  16   0   0  16  34   0   1   0   0   0   0   0   0   2   0   0   0   0  0.52 0.08
   29 E    -1  -1  -1   1  -4   1   6  -3  -1  -3  -3   0  -2  -4  -2  -1  -2  -4  -3  -1    3   0   0   0   0   0  90   0   0   0   0   0   0   0   0   0   0   0   0   7  0.91 0.15
   30 A     5  -2  -2  -3  -1  -2  -2  -1  -2  -2  -2  -1  -2  -3  -2   0  -1  -3  -3  -1  100   0   0   0   0   0   0   0   0   0   0   0   0   0   0   0   0   0   0   0  0.78 0.15
   31 V    -1   2  -3  -3  -2  -2  -2  -4  -3   1   2   0   0  -1  -3  -2  -1  -3  -2   3    0  15   0   0   0   0   0   0   0   0  28   6   0   0   0   0   0   0   0  50  0.29 0.08
   32 R    -2   4   3  -1  -3   0   0  -2  -1  -3  -1   3   0  -3  -2  -1  -1  -3  -2  -3    0  35  25   0   0   0   0   0   0   0   6  30   3   0   0   0   0   0   0   0  0.48 0.09
   33 H    -3  -1   0  -2  -4  -1  -1  -3   9  -4  -4  -2  -3  -2  -3  -2  -3  -3   1  -4    0   0   0   0   0   0   0   0 100   0   0   0   0   0   0   0   0   0   0   0  1.78 0.22
   34 F    -3  -3  -4  -4  -3  -3  -4  -4   0   0   2  -4   0   7  -4  -3  -3   0   2  -1    0   0   0   0   0   0   0   0   3   0  21   0   0  74   0   0   0   0   2   0  0.88 0.13
   35 P    -2  -3  -1   3  -4  -2  -1   1  -3  -4  -4  -2  -3  -4   7  -1  -2  -4  -4  -3    0   0   0  26   0   0   0  14   0   0   0   0   0   0  59   0   0   0   0   0  1.27 0.12
   36 R    -2   5  -2  -2  -4   0  -1  -3  -1  -3  -1   1   0  -3   4  -2  -2  -3  -3  -2    0  61   0   0   0   0   0   0   0   0   7   0   5   0  26   0   0   0   0   0  0.79 0.12
   37 I    -1   3   0   0  -1   0   3  -3  -1   0  -2   0  -2  -3   3  -1  -1  -3  -2  -1    0  24   5   1   2   0  37   0   0  13   1   0   0   0  16   0   0   0   0   1  0.37 0.07
   38 W    -2  -3  -4  -4  -2  -3  -3  -4  -3   2   4  -3   2   0  -4  -3  -2   7   0   0    0   0   0   0   0   0   0   0   0  11  60   0   5   0   0   0   0  23   2   0  0.73 0.10
   39 L    -2  -3  -4  -4  -2  -3  -4  -4  -4   3   4  -3   1   0  -4  -3  -2  -2  -2   1    0   0   0   0   0   0   0   0   0  24  76   0   0   0   0   0   0   0   0   0  0.61 0.10
   40 H    -2  -2   1  -2  -3   0  -2  -3   5   1  -1  -2  -1   4  -3  -1   1  -1   2  -1    0   0   7   0   0   5   0   0  23  15   0   0   0  30   0   0  16   0   3   0  0.30 0.08
   41 S     2   1   0   0  -2   4   0   1  -1  -3  -3   0  -1  -3  -2   1   0  -3  -2  -2   31   5   2   3   0  38   0  12   0   0   0   0   0   0   0   5   5   0   0   0  0.34 0.08
   42 L    -1  -3  -4  -4   0  -3  -3  -4  -4   2   3  -3   1  -1  -3  -3  -1  -3  -2   4    0   0   0   0   2   0   0   0   0   0  49   0   0   0   0   0   0   0   0  49  0.48 0.09
   43 G    -1  -3  -2  -3  -3  -2  -3   5  -3  -4  -3  -3  -3  -2  -3   0  -2   9  -1  -4    0   0   0   0   0   0   0  54   0   0   0   0   0   0   0   7   0  38   0   0  1.30 0.14
   44 Q    -2   1   4   0  -4   5   1  -1   0  -4  -3   0  -2  -3  -2   0  -1  -3   0  -3    0   5  36   0   0  46   7   2   0   0   0   2   0   0   0   0   0   0   3   0  0.61 0.11
   45 H    -2   2  -2  -3  -3  -1  -2  -3   5  -3  -2   0  -2   2  -3  -2  -2   3   6  -2    0  20   0   0   0   0   0   0  20   0   0   4   0   7   0   0   0   3  46   0  0.70 0.11
   46 I    -1  -3  -2  -3   5  -2  -3  -3  -3   4   0  -3   0  -1  -3   1  -1  -3  -2   1    0   0   0   0  22   0   0   0   0  50   0   0   0   2   0  24   0   0   0   3  0.40 0.10
   47 Y    -2  -2  -3  -4   0   1  -2  -3   2  -1  -2  -2  -1   2  -4  -2  -2   7   6   0    0   0   0   0   3   9   0   0   4   0   0   0   0   3   0   0   0  24  44  12  0.86 0.12
   48 E     1   1   3   1  -3   2   3  -1  -1  -3  -3   0  -2  -3  -2   1   1  -3  -2  -2   14  12  20   3   0   7  28   0   0   0   0   0   0   0   0   5  11   0   0   0  0.32 0.06
   49 T    -2   4   1  -2  -3   0   0  -3   0  -1  -2   0  -2   0  -2  -1   2  -1   4  -2    0  34   9   0   0   0   6   0   0   3   0   0   0   0   0   0  24   0  24   0  0.35 0.09
   50 Y    -2  -2  -1  -3  -3  -1  -2   0   6  -3  -3  -2  -2   0  -3  -2   0   7   5  -3    0   0   0   0   0   0   0   6  34   0   0   0   0   0   0   0   7  24  28   0  0.94 0.13
   51 G    -1   0   1  -1  -3  -1   0   5   4  -4  -4  -1  -3  -3  -3  -1  -2  -3  -2  -4    0   7   5   0   0   0   6  65  17   0   0   0   0   0   0   0   0   0   0   0  0.75 0.10
   52 D    -2   0   1   6  -4  -1   2  -2  -2  -3  -4  -1  -3  -4  -2   0   0  -4  -3  -3    0   6   2  69   0   0   7   0   0   0   0   0   0   0   0   7   8   0   0   0  0.80 0.11
   53 T    -1  -1   0   1  -2   1   3  -2  -2  -2  -2  -1  -2  -3   1   1   4  -3  -2  -2    0   0   3   6   0   3  26   0   0   0   0   0   0   0   8   3  51   0   0   0  0.45 0.09
   54 W    -2  -2  -3  -3  -3   2   0  -2  -2  -1   2  -2   1  -1  -1  -2  -2   8   0  -1    0   0   0   0   0  18   7   3   0   0  30   0   6   0   2   0   0  33   0   0  0.69 0.10
   55 T     0  -1   0   0  -3   1   4   2  -1  -3  -3   0  -2  -4  -2   0  -1  -3  -3  -2    8   2   5   0   0   0  57  24   0   0   0   0   0   0   0   0   1   0   0   3  0.50 0.09
   56 G     0   1  -1  -2  -3  -1  -1   4  -2  -2  -1  -1   3  -2  -3   0  -1  -3  -3  -2    7  11   0   0   0   0   5  50   0   0   0   0  24   0   0   3   0   0   0   0  0.45 0.09
   57 V     3  -2  -2  -2   3  -2  -2  -1  -2   1  -1  -2  -1  -2  -2   2   0  -3  -2   2   36   0   0   0   7   0   0   0   0   5   2   0   0   0   0  24   0   0   0  26  0.25 0.07
   58 E    -2   2  -1  -1  -4   1   3   0   0  -3  -2   0  -1   0  -3  -1  -2   0   5  -2    0  18   0   0   0   3  30   8   0   0   0   0   2   0   0   0   0   0  38   0  0.45 0.10
   59 A     1   3  -1  -1  -3   1   3  -1  -1  -3  -3   3  -2  -3  -2   0  -1  -3  -2  -2   23  24   0   0   0   0  27   2   0   0   0  22   0   0   0   0   2   0   0   0  0.38 0.07
   60 L    -2  -3  -3  -4  -2  -3  -3  -4  -1   2   2  -3   1   2  -4  -3  -2   0   5   0    0   0   0   0   0   0   0   0   0  20  32   0   2   7   0   0   0   0  38   0  0.50 0.09
   61 I    -2  -3  -4  -4  -2  -3  -4  -4  -2   4   2  -3   1   0  -3  -3  -1  -2   3   1    0   0   0   0   0   0   0   0   0  62  24   0   0   0   0   0   0   0  14   0  0.50 0.10
   62 R    -2   5   0  -2   5   0  -1  -3  -1  -3  -2   2  -2  -3  -3  -1   0  -3  -2  -2    0  54   3   0  17   0   0   0   0   0   4  15   0   0   0   0   7   0   0   0  0.57 0.10
   63 I    -2  -3  -3  -4  -2  -3  -3  -4  -3   4   3  -3   1   0  -3  -2   0  -3  -2   2    0   0   0   0   0   0   0   0   0  42  40   0   0   0   0   1   7   0   0  10  0.41 0.07
   64 L    -2  -3  -4  -4  -2  -2  -3  -4  -3   2   4  -3   4   0  -3  -3  -1  -2  -2   2    0   0   0   0   0   0   0   0   0   9  54   0  22   0   0   0   0   0   0  14  0.48 0.08
   65 Q    -2   0   1  -1  -4   7   1  -3   0  -4  -3   0  -1  -4  -2  -1  -2  -3  -2  -3    0   0   7   0   0  93   0   0   0   0   0   0   0   0   0   0   0   0   0   0  1.11 0.18
   66 Q    -2   4  -1  -2  -4   3   0  -3   0  -3  -2   3   0  -3  -2  -1  -1  -3   0  -3    0  37   0   0   0  23   0   0   2   0   0  32   3   0   0   0   0   0   3   0  0.58 0.09
   67 L     4  -2  -2  -3  -1  -2  -2  -1  -2  -1   1  -2   0  -2  -2   1  -1  -3  -2   0   70   0   0   0   0   0   0   0   0   0  25   0   0   0   0   5   0   0   0   0  0.41 0.10
   68 L    -2  -3  -4  -4  -2  -2  -3  -4  -3   2   4  -3   4   0  -3  -3  -2  -2  -2   1    0   0   0   0   0   0   0   0   0   7  66   0  22   0   0   0   0   0   0   5  0.55 0.10
   69 F    -3  -4  -4  -4  -3  -4  -4  -4  -2  -1   0  -4  -1   7  -4  -3  -3   5   3  -2    0   0   0   0   0   0   0   0   0   0   2   0   0  85   0   0   0   7   6   0  1.18 0.15
   70 I     0  -3  -3  -3  -1  -2  -3  -3  -3   3   1  -2   3  -1  -3  -2   1  -3  -2   3    4   0   0   0   0   0   0   0   0  31   7   0  13   0   0   0  10   0   0  35  0.34 0.07
   71 H    -3  -1   0  -2  -4  -1  -1  -3   9  -4  -4  -2  -3  -2  -3  -2  -3  -3   1  -4    0   0   0   0   0   0   0   0 100   0   0   0   0   0   0   0   0   0   0   0  1.78 0.22
   72 F    -1  -3  -4  -4   2  -3  -4  -4  -2   0   1  -3   0   6  -4  -3  -2   0   4   0    3   0   0   0   5   0   0   0   0   2  10   0   0  62   0   0   0   0  12   6  0.68 0.10
   73 R     0   6  -1  -2  -3   1  -1  -2  -1  -3  -3   3  -2  -3  -2  -1  -1  -3  -2  -3   11  70   0   0   0   1   0   0   0   0   0  14   0   0   0   0   4   0   0   0  0.74 0.12
   74 I     1   1  -2  -2   4   1  -1   0   0   1  -1   1  -1  -2  -2  -1  -1  -3  -2   0   21   6   0   0  14   8   0   5   3  22   2  18   0   0   0   0   0   0   0   0  0.13 0.05
   75 G    -1  -3  -1  -2  -3  -3  -3   6  -3  -5  -5  -2  -4  -4  -3  -1  -2  -3  -4  -4    0   0   0   0   0   0   0 100   0   0   0   0   0   0   0   0   0   0   0   0  1.43 0.15
   76 C    -1  -5  -4  -5  10  -4  -5  -4  -4  -2  -2  -4  -3  -4  -4  -2  -2  -3  -4  -2    0   0   0   0 100   0   0   0   0   0   0   0   0   0   0   0   0   0   0   0  2.19 0.22
   77 R    -1   3   1   1  -3   2   0   1   2  -2  -3   1  -2  -3  -2   0   0  -3  -2  -2    0  29   9  10   0  18   0  11   8   3   0   3   0   0   0   0  10   0   0   0  0.29 0.06
   78 H    -2   3  -1  -2   5  -1  -1  -3   7  -2  -2  -1  -2  -2  -3  -1  -2  -3   0  -2    1  23   0   0  23   0   0   1  43   4   1   0   0   0   0   1   0   0   0   0  0.67 0.11
   79 S     0   2   0  -1  -2   0  -1  -1  -1  -2   0   0  -1  -2  -2   4   0  -3  -2  -1    1  17   0   0   0   0   1   1   0   0  18   0   0   0   0  58   1   0   0   1  0.29 0.08
   80 R    -2   5  -1  -2  -3   3   0   0  -1  -3  -3   1  -2  -3   1  -1  -1  -3  -2  -3    1  64   0   0   0  17   1   6   0   0   1   0   0   0   6   1   1   0   0   1  0.63 0.09
   81 I    -2  -2  -2  -2  -2  -1   1  -3  -2   4   0  -1   0   3  -2  -2  -1  -2   0   1    1   0   0   0   0   0  17   1   0  56   1   3   0  17   0   1   1   0   0   1  0.25 0.07
   82 G     0  -2  -1  -1  -3  -2   1   6  -2  -4  -4  -2  -3  -4  -3   0  -2  -3  -3  -4    0   0   0   0   0   0  11  81   0   0   0   0   0   0   0   8   0   0   0   0  0.98 0.10
   83 I    -1  -1  -1  -2  -2   2  -1  -2  -2   2   0  -1   0  -2   4  -1   1  -2  -2   1    1   1   1   1   0  21   1   1   0  31   1   1   0   1  22   1  12   0   0   3  0.29 0.04
   84 I    -1  -2  -1  -2  -2  -1  -2  -2  -1   1   0  -1   0   2  -2   0   3   0   4   0    1   1   3   1   0   1   1   1   0  11   6   1   0  12   1   1  37   0  22   1  0.22 0.04
   85 Q    -1   4  -1   0  -3   2   2  -2   0  -2  -2   1  -1  -2   2  -1  -1   1  -1  -2    2  40   1   1   0   8  23   2   0   1   2   1   0   1  10   2   1   2   1   1  0.38 0.04
   86 Q    -1   2   0   0  -3   5   3   0   0  -3  -3   1  -1  -3  -2   0  -1  -2  -2  -3    1  10   0   0   0  45  33   6   0   0   1   0   0   0   0   1   0   0   0   0  0.54 0.06
   87 R    -1   6  -1  -2  -3   0  -1  -2  -1  -3  -3   1  -2  -3   2   0  -1  -3  -2  -3    1  77   0   0   0   0   0   1   0   0   1   0   0   0  12   5   0   0   0   0  0.74 0.08
   88 R    -1   6  -1  -2  -3   0  -1   1  -1  -3  -3   2  -2  -3  -2  -1  -1  -3  -2  -3    4  75   0   0   0   0   0  14   0   0   0   2   0   0   0   0   4   0   0   0  0.68 0.08
   89 T     0   0   1   1  -3  -1  -1   3  -2  -1  -2  -1  -2  -3   3  -1  -1  -3  -3  -1    4  10  12  10   0   0   0  29   0   2   3   0   0   0  20   0   2   0   0   8  0.33 0.03
   90 R    -1   4  -1  -2  -3   2  -1   4  -1  -4  -3   1  -2  -3  -2   0  -1  -3  -3  -3    0  40   0   0   0  13   0  44   0   0   0   0   0   0   0   3   0   0   0   0  0.55 0.05
   91 N    -2  -1   5   1  -3   2   0  -1   0  -2   0   0  -1  -3  -2   0  -1  -3  -2  -2    0   0  66   3   0  19   0   0   0   0  13   0   0   0   0   0   0   0   0   0  0.54 0.07
   92 G    -1  -3  -1  -2  -3  -2  -2   5  -3  -4  -4  -2  -3  -4   5  -1  -2  -3  -4  -3    0   0   0   0   0   0   0  58   0   0   0   0   0   0  42   0   0   0   0   0  1.13 0.07
   93 A     1  -2  -1  -2  -2  -1  -2   2  -2  -1   1  -1   0  -2   3   1   0  -3  -2  -1   14   0   0   0   0   0   0  19   0   0  29   0   0   0  21  16   2   0   0   0  0.29 0.03
   94 S     1  -1   1  -1  -2  -1  -1   3  -1  -3  -3  -1  -2  -3  -2   4   1  -3  -2  -2    0   0   6   0   0   0   0  23   0   0   0   0   0   0   0  71   0   0   0   0  0.51 0.06
   95 K    -2   6  -1  -2  -4   1   0  -3  -1  -3  -3   2  -2  -3  -2  -1  -1  -3  -2  -3    0  95   0   0   0   0   0   0   0   0   0   5   0   0   0   0   0   0   0   0  0.85 0.04
   96 S     2  -1   0  -1  -1  -1  -1   0  -1  -2  -3  -1  -2  -3   2   4   1  -3  -2  -2   22   0   0   0   0   0   0   0   0   0   0   0   0   0  11  68   0   0   0   0  0.43 0.03

                      K         Lambda
Standard Ungapped    0.1388     0.3225
Standard Gapped      0.0453     0.2670
PSI Ungapped         0.1482     0.3180
PSI Gapped           0.0453     0.2670
