
Last position-specific scoring matrix computed, weighted observed percentages rounded down, information per position, and relative weight of gapless real matches to pseudocounts
            A   R   N   D   C   Q   E   G   H   I   L   K   M   F   P   S   T   W   Y   V   A   R   N   D   C   Q   E   G   H   I   L   K   M   F   P   S   T   W   Y   V
    1 E    -4  -1  -3  -1  -6   8   1  -5  -3  -6  -5  -1  -4  -6  -4  -1  -3  -5  -5  -5    0   2   0   3   0  82   6   0   0   0   0   2   0   0   0   4   0   0   0   0  1.90 0.66
    2 S     1  -2  -1  -2   0   2   0  -1  -3  -3  -4  -2  -2  -4  -3   4   3  -5  -4  -1   12   2   2   1   2   9   4   3   0   0   0   1   1   0   0  39  19   0   0   5  0.54 0.34
    3 A     4  -3  -2  -3  -3  -1  -3   0  -4  -2  -4  -2  -3  -3   0   4   2  -5  -4  -2   38   0   1   1   0   3   0   5   0   2   1   1   0   1   4  32  11   0   0   1  0.69 0.41
    4 S     3  -3  -2  -2  -3  -2  -1   0  -3  -1  -3  -1  -3  -4  -3   4   3  -5  -4   0   22   0   1   1   0   1   3   6   0   3   1   3   0   0   0  32  20   0   0   7  0.53 0.35
    5 Q     1   0   0  -2  -4   3   0  -2  -1  -3  -3   2  -2  -4   3   1   1  -4  -1  -1   14   5   4   1   0  14   5   1   1   1   1  13   0   0  15  11   7   0   2   5  0.32 0.23
    6 F    -5  -6  -6  -7  -7  -6  -6  -7  -2  -4  -3  -5  -2   5  -7  -3  -6   3   9  -3    0   0   0   0   0   0   0   0   0   0   2   0   1  22   0   2   0   3  67   2  2.39 0.90
    7 T    -2  -1  -2  -5   5  -1  -3  -5   0  -1  -3  -1  -4  -4  -5   0   6  -6  -2   1    2   3   2   0  13   2   1   0   2   3   1   3   0   0   0   5  52   0   1  11  0.99 0.55
    8 D    -6  -6  -1   8  -8  -2   1  -6   0  -8  -8  -5  -7  -8  -3  -4  -5  -8  -7  -7    0   0   2  86   0   1   6   0   2   0   0   0   0   0   1   1   0   0   0   0  2.43 0.93
    9 P     2  -4  -4  -1  -5  -1   0  -2  -5  -4  -5  -3  -5  -5   6   2  -1  -6  -2  -4   15   1   0   3   0   3   5   3   0   1   0   1   0   0  46  17   3   0   1   1  1.13 0.55
   10 T     0  -2   2   3  -4   0   2  -1  -2  -2  -1   1  -3  -3  -2   0   2  -4  -3  -1    9   1  10  18   0   4  15   3   0   2   5   8   0   1   1   5  12   0   0   6  0.25 0.21
   11 T    -4  -5   2  -5  -2  -5  -4  -5  -5  -5  -6  -5  -5  -6  -5   2   7  -7  -3  -4    0   0   8   0   1   0   0   0   0   0   0   0   0   0   0  13  76   0   1   1  1.89 0.87
   12 G    -3  -6   1  -3  -6  -3  -4   7  -4  -7  -5  -2  -6  -7  -5  -1  -2  -6  -4  -7    1   0   6   1   0   1   1  79   0   0   1   3   0   0   0   4   2   0   1   0  1.77 0.74
   13 F    -4  -4  -6  -7  -5  -3  -5  -7  -4   7   0  -6  -1   3  -6  -4  -3  -5  -3   0    1   1   0   0   0   1   1   0   0  69   7   0   1  12   0   1   1   0   0   4  1.54 0.67
   14 Q    -2  -2   0   0   5   0  -1  -3  -3   1  -3   0  -3  -5  -3   0   5  -5  -4   0    2   2   3   6  12   5   4   1   0   8   1   7   0   0   1   5  37   0   0   7  0.56 0.39
   15 F    -4  -7  -5  -8  -7  -7  -7  -7  -5  -4  -3  -6   0   9  -8  -6  -4  -1   4  -4    1   0   1   0   0   0   0   0   0   0   2   0   2  79   0   0   1   0  12   1  2.52 0.93
   16 T     0  -2   1   1  -4   4  -1  -2  -2  -4  -2  -2   0  -3  -3   3   1   2   0  -2    6   1   5   9   0  24   3   2   0   0   3   1   2   1   0  27   7   3   4   2  0.49 0.39
   17 G     1   2  -2  -3  -4   1   0   3  -2  -4  -4  -1  -2  -4  -2   1   2  -1  -2  -3   10  12   1   0   0   8   7  27   0   0   0   1   1   0   2  13  14   1   1   2  0.42 0.30
   18 I    -2  -2  -2  -3  -3  -1  -3  -4  -1   1  -1  -3  -2   4  -3  -1  -2   7   6  -1    3   2   2   1   0   3   1   1   1   8   5   1   1  15   1   4   2  16  30   4  0.91 0.44
   19 T     0  -2  -1  -2   0   0  -1  -2  -1  -2  -2  -1  -1   1  -2   1   5  -4   0   0    6   1   3   2   2   4   3   2   1   1   2   3   1   5   2   9  41   0   3   8  0.44 0.34
   20 D     0  -2   1   4   0   0   1   0  -1  -2  -3  -2  -2  -3  -2   0  -1  -1  -2   0    9   1   7  29   2   4   9   8   2   2   2   1   1   1   1   8   2   1   1   8  0.31 0.23
   21 P     1  -2  -1  -1  -3  -1   0  -1  -3  -3  -3   0  -3  -3   6   1   0  -4  -3  -3   11   1   2   4   0   3   6   5   0   1   3   5   0   1  37  11   6   0   0   2  0.68 0.33
   22 V     1   0   0   0  -2   0   0   0  -1   0  -1   0  -1  -1   0   1   1  -2   0   1   13   4   4   5   0   4   6   5   1   4   5   4   0   2   5   9  12   0   5  12  0.06 0.07
   23 H     1   0   1  -1  -3   0  -1   2   3  -3  -2  -1  -2  -1  -1   2   2  -2   1  -2    9   4   7   3   0   4   3  14   8   1   3   3   1   2   2  17  13   0   6   1  0.20 0.18
   24 D    -1  -1   2   3  -4   1   0   4  -2  -4  -3  -1  -4  -4  -1   0   0  -4  -3  -4    4   2   9  17   0   6   5  33   1   0   2   3   0   0   2   7   6   0   1   1  0.48 0.28
   25 V    -1  -4  -2  -3  -2  -3  -3  -3  -3   3   1  -3   2   3  -3  -1   0  -1   2   3    4   0   1   1   0   1   1   2   0  20   9   1   6  16   1   4   5   1   6  21  0.39 0.25
   26 T     0  -1  -2  -3   3   1  -2  -2  -3  -1  -3  -1  -2  -3  -2   2   5  -3  -3  -1    7   3   1   1   6   5   1   3   0   4   1   4   0   1   1  14  42   0   0   3  0.59 0.40
   27 Y    -3  -3  -3  -5  -4  -3  -5  -2  -2   0  -2  -3  -2   7  -5  -3  -2   3   5  -2    2   1   1   0   0   1   0   3   0   5   2   1   1  49   0   2   2   4  20   3  1.26 0.54
   28 G    -1   2  -2  -3  -5  -2  -4   6  -5  -6  -6  -3  -5  -6  -4   0  -3  -6  -6  -6    5  12   2   1   0   1   0  70   0   0   0   1   0   0   1   6   1   0   0   0  1.48 0.62
   29 F    -2  -4  -5  -4  -4  -4  -5  -4  -4   4   2  -4   3   4  -5  -4  -3   1   2   2    2   0   0   1   0   0   0   1   0  30  18   0   8  16   0   0   1   2   7  13  0.71 0.36
   30 V     5  -3  -1  -4  -2  -2  -3  -2  -2  -1  -3  -3  -2  -3  -4  -1   0  -5  -3   2   58   1   3   0   1   1   1   1   1   3   2   1   1   1   0   2   7   0   1  16  0.80 0.48
   31 F    -4  -4  -5  -6  -4  -4  -5  -6  -5   2   4  -5   0   5  -5  -5  -3  -2   0   2    0   1   0   0   0   1   0   0   0  12  46   0   2  22   0   0   1   1   2  12  0.93 0.44
   32 P    -3  -1  -6  -5  -6  -5  -4   0  -6  -5  -5  -5  -6  -7   8  -3  -4  -7  -4  -4    2   3   0   0   0   0   0   8   0   1   1   0   0   0  81   1   0   0   1   1  2.42 0.90
   33 P     0  -1  -1   1  -3   1   3  -1  -2  -2  -3  -1  -1  -3   4   0  -1  -3  -3  -2    9   2   3   7   0   5  25   4   0   2   2   3   2   1  20   8   3   0   1   3  0.41 0.23
   34 L     0  -2   2   2  -1  -1   0  -1  -2   0   0  -1   0  -2  -1   0   2  -3  -2   0    8   1  14  15   1   2   4   4   0   4   8   2   3   1   2   7  14   0   1   9  0.15 0.13
   35 A     4  -3  -2  -1  -2  -2   0  -1  -3  -1  -2  -2  -2  -3   1   1   1  -4  -3   1   44   1   2   3   1   1   5   3   0   4   3   2   1   1   8   8   7   0   1   9  0.40 0.27
   36 T     0  -2  -1  -1  -2   0  -1  -1  -3  -1   2  -1  -1  -2   0   1   4  -3  -3  -1    9   2   2   3   0   4   4   3   0   2  20   2   1   1   5   8  30   0   1   3  0.25 0.21
   37 S     2  -2   0   0  -2   0   0  -1  -2  -2  -2  -1  -2  -3   2   2   3  -3  -3  -1   15   1   3   5   0   3   5   5   0   2   3   2   0   1  10  20  19   0   1   3  0.28 0.19
   38 G     0  -1   1   1  -2   0   0   3  -1  -2  -2  -1  -1  -2  -1   1   0  -2  -1  -1    8   2   7   7   1   3   5  25   1   2   4   3   1   2   3  14   6   1   2   4  0.18 0.09
   39 A     1  -1   0   0  -2  -1  -1   0  -1  -1  -2   0  -1  -1   0   2   2  -2   0   0   15   2   5   7   0   2   2   7   1   2   3   4   1   3   4  14  18   0   3   9  0.13 0.11
   40 Q    -1  -2   2   4  -3   1   0   0  -1  -2  -2  -1  -2  -2   3   0   0  -3   0  -2    5   2   9  25   0   7   4   6   1   2   5   2   1   2  13   5   5   0   3   3  0.29 0.17
   41 S     2  -2   1   0  -2  -1  -1   0  -2  -2  -3  -1  -2  -2   2   2   1  -3  -1  -2   22   1   6   5   0   1   2   7   0   2   2   4   0   2  10  22   9   0   3   2  0.26 0.19
   42 T    -1  -2   2   2  -3  -2  -2   0  -1  -1  -3  -1  -3   1  -2   0   4  -3   2  -2    3   2  10  12   0   1   1   9   1   3   2   3   0   7   1   5  31   0   9   1  0.35 0.26
   43 E    -2  -4  -1   6  -6  -2   5  -4  -3  -4  -5  -3  -4  -4  -1   0  -3  -6  -2  -4    2   0   1  41   0   0  41   0   0   1   1   0   0   1   3   5   1   0   1   1  1.22 0.55
   44 F    -1  -5  -5  -6  -5  -5  -4  -5  -3   1   0  -5  -2   7  -3  -4  -2  -2   5   0    6   0   0   0   0   0   1   0   0   8   7   0   0  45   2   0   2   0  22   5  1.16 0.50
   45 I    -3  -6  -6  -6  -4  -5  -6  -6  -5   7   0  -5  -1   1  -6  -5  -3  -4   2   2    1   0   0   0   0   0   0   0   0  70   6   0   1   6   0   0   1   0   7   9  1.47 0.59
   46 G    -1  -4  -3  -2  -4  -4  -4   6  -4   0   0  -4  -2   2  -4  -2  -3  -2  -4  -1    5   0   0   2   0   0   0  61   0   5   9   0   1   8   0   2   1   1   0   5  0.97 0.43
   47 E    -2   0  -2  -3  -2   6   1  -4   2  -3  -1  -1  -1  -2  -4  -1  -2  -3   4  -3    2   4   1   0   1  45   9   0   4   2   7   2   1   1   0   4   1   0  13   1  0.85 0.47
   48 V    -3  -5  -5  -5   1  -4  -5  -5  -5   5   3  -5   4   0  -5  -3  -2  -4  -2   1    2   0   0   0   2   0   0   0   0  43  28   0  10   3   0   1   2   0   1   6  0.93 0.42
   49 V     0   0  -2  -3  -3   0  -1  -3  -2   2  -1  -1  -1  -3  -3   1   2  -4  -3   4    5   5   1   1   0   4   3   1   1  10   2   3   1   0   1  12  12   0   0  38  0.39 0.29
   50 A     4  -3  -2  -3   3  -2  -3   1  -3  -2  -2  -2  -2   1  -2   1  -1  -4  -3   1   40   1   1   1   8   2   1  12   0   2   4   1   0   6   1   9   2   0   0  10  0.44 0.29
   51 P    -2  -3  -2  -3  -5  -2  -3  -2  -4  -4  -5  -2  -2  -5   8   0  -1  -5  -5  -4    3   1   2   1   0   2   1   3   0   1   1   2   1   0  68   7   4   0   0   1  1.75 0.63
   52 I     0  -1   0  -2   0  -2  -2  -2  -2   2   1   0   0  -2  -2   0   2  -3  -2   1    7   3   4   2   2   1   2   2   1  18  19   6   1   1   1   7  14   0   0   9  0.13 0.13
   53 A     2  -1   0   1  -3  -1   0   2  -2  -2  -3   0  -2  -3   0   2   2  -4  -2  -1   17   2   4   7   0   1   5  14   0   1   1   6   0   0   4  20  13   0   1   3  0.25 0.18
   54 S     1  -2   2   0  -1   0   0   0  -1  -1  -1  -1  -1  -1  -1   1   1  -2   2   0   12   1  11   4   1   3   6   7   1   3   3   2   1   1   2  11  11   0  10   9  0.10 0.12
   55 K    -1  -1  -1  -1  -4   1  -1   5  -3  -4  -4   0  -3  -4  -3   1   0  -4  -4  -3    4   2   2   3   0   7   4  50   0   1   2   6   0   0   1   9   7   0   0   1  0.70 0.31
   56 W    -2  -5  -6  -6  -5  -5  -6  -3  -5  -5  -5  -6  -5  -3  -6  -5  -5  12   4  -5    4   0   0   0   0   0   0   3   0   0   1   0   0   0   0   0   0  76  12   0  3.50 0.92
   57 I     3  -3  -3  -3   3  -3  -3   2  -3   1  -2  -3  -1  -2  -3   0   0  -4  -2   2   28   0   0   0   8   0   0  19   0   9   2   0   1   1   0   7   4   0   1  17  0.39 0.24
   58 G     2  -4  -3  -2  -4  -4  -4   6  -4  -4  -5  -4  -4  -5  -4   0  -2   3  -4  -1   19   0   0   1   0   0   0  60   0   0   0   0   0   0   0   6   1   4   0   4  1.15 0.45
   59 I    -1  -4  -3  -4  -1  -3  -4  -2  -4   3   2  -4   1   3  -4  -1  -2   2  -1   3    3   0   1   0   1   0   0   3   0  17  22   0   3  12   0   4   1   3   2  26  0.43 0.23
   60 A     2  -4  -3  -1   0  -3  -3   3  -4  -4  -3  -3  -4  -5  -2   4  -1  -5  -4  -1   19   0   0   4   2   0   0  24   0   0   2   0   0   0   2  39   3   0   0   5  0.71 0.42
   61 L    -2  -4  -4  -4  -4   0  -3  -3   3   0   3  -4   3   2   0  -1  -2   7   0  -2    2   0   0   0   0   5   1   1   7   4  29   0   7  10   5   5   3  17   1   2  0.61 0.35
   62 G    -1  -2   0  -4  -5  -2  -3   6  -4  -1  -5  -2  -1  -5  -4  -1   0  -5  -5  -3    4   2   4   0   0   2   2  66   0   5   0   2   2   0   0   4   6   0   0   2  1.15 0.51
   63 G     0  -2  -1  -1  -4  -2  -2   5  -1  -1  -4  -2  -4  -4  -1   2  -1  -4  -4  -3    6   1   2   2   0   2   2  51   1   4   1   2   0   0   3  17   3   0   0   1  0.79 0.40
   64 A     1  -1  -1   0  -1   2   0   1   1  -3  -3   0  -1  -2  -1   2   1  -3  -2  -2   14   3   2   4   1  14   5  13   4   0   2   4   1   1   3  18   7   0   1   1  0.21 0.18
   65 M     0  -4  -4  -5  -4  -3  -4  -5  -4   2  -2  -4  10  -3  -4  -4   1  -4  -4  -2    8   1   0   1   0   0   1   1   0   9   1   1  66   0   1   1   8   0   0   1  1.89 0.67
   66 N     0  -1   0   0  -2  -1  -1   1  -2   2   0  -1   0  -2   0   0   1  -3  -2   1    6   3   4   6   0   3   4  13   0  15   7   3   3   0   4   4  14   0   0   8  0.08 0.09
   67 N    -1   0   4   0  -3   0  -1   2   0  -3  -2  -1  -1  -1  -3   1   0   2   0  -1    4   4  24   5   0   4   3  14   2   1   3   3   2   2   1   9   6   3   4   6  0.22 0.16
   68 D     1  -2   5   0  -2  -2  -2  -2   1  -4  -4   0  -2  -4   0   3  -1  -4  -3  -2   13   1  34   3   1   1   1   2   4   0   1   4   1   0   5  24   2   0   1   4  0.55 0.34
   69 L    -3  -4  -2  -3  -3  -3  -4  -4  -3  -1   4  -4   1   0   4  -3  -2  -4  -2  -1    1   0   2   1   0   1   0   0   1   2  55   0   4   4  23   0   2   0   1   2  0.82 0.41
   70 L    -3  -4  -5  -5  -3  -4  -4  -5  -4   2   5  -4   4   1  -4  -4  -3  -3  -2   0    0   0   0   0   0   0   0   0   0   9  66   0  11   6   0   0   0   0   1   3  1.02 0.45
   71 L    -2  -3  -4  -4  -3  -3  -4  -3  -4   2   3  -3   1   3  -4  -1   2  -1  -2   2    2   0   0   0   0   0   0   1   0  11  36   0   2  14   0   4  14   1   0  13  0.45 0.27
   72 V     0  -4  -4  -4  -1  -3  -4  -4  -4   2   1  -4   3  -2  -3  -3   1  -4  -2   5    9   0   0   0   1   0   0   1   0  11   8   0  10   1   1   0   7   0   1  47  0.63 0.35
   73 A     5  -3  -3  -3  -1  -3  -3   1  -2   0  -2  -3   1  -2  -3   0   0  -4   0   1   53   0   0   0   1   0   0   8   1   4   3   0   4   1   0   5   5   0   3  10  0.54 0.34
   74 W    -3  -4  -5  -6  -5  -3  -5  -3  -2  -5  -4  -4  -3  -1  -5  -3  -3  11   5  -5    2   1   0   0   0   1   0   2   1   0   1   1   1   1   0   2   1  62  22   0  2.76 0.84
   75 A     3  -2  -3  -3  -4  -1  -3  -2  -3  -3  -3  -2  -1  -4   6   0  -1  -5  -4  -1   24   2   1   0   0   2   0   2   1   1   2   1   1   0  48   6   3   0   0   4  1.09 0.45
   76 N    -3  -2   6   3  -4  -1   0  -2   1  -4  -4  -2  -4  -3  -3   1  -1  -2   2  -4    1   1  43  20   0   2   4   1   4   0   1   0   0   1   0  11   2   1   9   0  0.87 0.43
   77 G     0  -2   1   1  -4  -1   1   5  -2  -4  -4  -1  -3  -4  -2   0  -2  -4  -4  -3    5   1   5   6   0   3   8  55   1   1   1   2   1   0   2   6   2   0   0   1  0.79 0.36
   78 N    -1  -1   4   4  -4   1   0   2  -1  -4  -3   0  -3  -4  -2   0   0  -4  -4  -4    3   2  23  25   0   5   5  15   1   0   3   5   0   0   1   5   5   0   0   0  0.49 0.28
   79 Q     0   0   2   1  -3   1   2   0   0  -3  -3   1  -3  -4   0   2   1  -4  -3  -2    7   3  12   8   0   5  16   5   1   0   1   9   0   0   3  15  11   0   0   1  0.28 0.20
   80 I     0  -4  -2  -4  -3  -3  -3  -1  -4   3  -1  -3   0  -1  -1  -2  -1  -4  -3   5    7   0   2   1   0   0   1   5   0  20   3   1   1   3   3   2   3   0   0  47  0.56 0.33
   81 V    -1  -1  -3  -3  -2  -1  -2  -3  -1   1   1   1   2  -1  -3  -2   1  -3   0   4    2   3   0   0   0   3   1   2   2   7  12   9   6   2   0   2  12   0   4  34  0.28 0.23
   82 S     1  -1  -1  -3  -2  -2  -2  -1   0   0   0  -1   0  -1  -2   1   4   0  -1   1   10   2   1   0   0   1   1   4   2   5   8   2   2   2   1  10  35   1   2  10  0.26 0.23
   83 S     1  -2   1   0  -2   2   0   1  -2  -1  -3   0  -2  -3  -2   3   1  -4  -3  -2   11   0   6   3   0  11   5   8   0   5   1   6   0   0   0  34   7   0   0   0  0.31 0.24
   84 T     0  -1  -1  -3  -3  -3  -3  -1  -2   0   1  -2  -1   5   1  -1   0  -2   0  -1    9   5   3   0   0   0   1   4   0   3  14   0   0  36   6   5   8   0   0   4  0.33 0.24
   85 R    -1   5   0  -2  -4   0   0  -3   0  -3  -2   0   1  -1   0  -2  -1   2   0  -1    6  45   6   0   0   3   6   0   2   0   3   3   5   2   4   0   3   3   3   6  0.45 0.28
   86 W    -2  -1  -2  -3  -3   0   0   0   0  -1   0  -1   0   2  -3  -2  -1   6   4  -1    2   3   1   0   0   5   7   7   2   4   8   4   3  10   0   2   3  14  19   5  0.39 0.24
   87 A     0  -2  -2  -2   3   1  -2   0  -2   1   0  -2  -1   1   1   0   1  -2  -1   0    9   0   0   0   8   9   1   9   0   9   9   0   0   9   9   9   9   0   0   9  0.10 0.10
   88 T     0  -1   0   0  -3   0  -1  -1  -2   1  -1  -1   0   0   0   1   2  -3   0   0    5   4   4   6   0   3   3   4   0  12   4   4   3   4   4  10  20   0   3   8  0.10 0.13
   89 G     1  -3   0   1  -5  -2  -2   5  -4  -5  -5  -2  -5  -5  -2   1  -2  -5  -3  -4    9   1   5   9   0   2   3  50   0   1   1   2   0   0   2  12   2   0   1   1  0.89 0.49
   90 Y    -4  -1  -2  -4  -3  -2   0  -5   6  -3  -2  -4  -3  -1  -5  -4  -4   1   8  -3    1   4   2   1   1   1   6   1  18   2   3   1   1   1   1   1   1   2  51   2  1.57 0.77
   91 V     1  -2  -1   0  -3  -1  -1  -1  -1   0  -1  -2  -2   0  -3   2   2  -3   0   2   13   1   3   5   0   3   3   4   2   4   4   1   1   5   0  14  17   0   4  19  0.20 0.23
   92 Q     0  -2   2  -1  -4   2   2  -3  -2  -2   1  -2   4  -3   0   1   0  -4  -2  -1    6   1  12   3   0  11  13   1   1   1  12   1  12   1   5   9   6   0   1   3  0.26 0.29
   93 P    -4  -5  -4  -6  -7  -4  -6  -5  -6  -7  -7  -6  -7  -7   9  -4  -4  -7  -7  -5    1   1   1   0   0   1   0   1   0   0   0   0   0   0  90   1   1   0   0   1  3.01 1.25
   94 T     0  -2   0   2  -3   2   1   0  -2  -2  -1  -1  -2  -4   3   1   2  -4  -2   0    9   1   3  10   0  10   7   6   0   1   5   2   0   0  13   9  13   0   1   7  0.22 0.22
   95 A     1  -2  -2  -1  -3  -1   1  -1  -1   0   0  -2   0  -2   3  -1  -1  -2  -2   3   13   1   2   3   0   3   9   4   1   6   7   1   2   1  15   3   4   1   1  23  0.22 0.19
   96 Y    -3  -4  -2  -4  -6  -3  -5  -5   1  -4  -2  -4  -2   2  -4  -3  -4  -1   9   0    2   1   2   1   0   1   0   1   3   1   4   1   1   8   1   2   1   1  61   8  1.75 0.82
   97 T     0  -2   2   1  -4  -2   0  -2  -3  -3  -4  -1  -3  -5   0   2   5  -5  -2  -2    9   1   9   8   0   1   5   2   0   1   1   4   0   0   5  14  35   0   2   2  0.55 0.42
   98 G     0  -2   0   1  -4  -1  -2   6  -4  -5  -5  -2  -4  -5   0   1  -2  -4  -3  -4    6   2   3   7   0   3   3  53   0   1   1   2   0   0   4   9   2   0   1   1  0.88 0.46
   99 T     1  -1   3   3  -3   0  -1  -2  -2  -2  -2  -1  -1  -2   0   2   1  -3  -2  -2   12   3  15  16   0   4   3   2   0   2   3   4   1   2   4  16  10   0   1   2  0.29 0.22
  100 A     4  -2  -3  -4  -3  -2  -1  -1  -1   0  -2  -2  -2   1   2   0   0  -2  -1   0   42   1   1   0   0   2   3   3   1   5   4   1   0   7   9   5   5   0   1   7  0.44 0.35
  101 T     0  -1   0  -1  -3   1   0  -2  -1  -1  -2   1   0  -2  -1   1   3  -3   1   0    6   3   4   2   0   7   7   2   1   4   2   9   2   1   2  12  24   0   6   5  0.21 0.23
  102 L    -2  -3  -4  -4  -3  -1  -3  -4   0   3   3  -3   1   0  -3  -2   0  -3   3   2    2   1   0   0   0   3   1   0   2  17  31   1   2   4   1   3   5   0  10  15  0.43 0.30
  103 T    -1   0  -2   0  -4  -1   0  -3  -2  -1  -1   0  -2  -2  -2   2   5  -4  -2   0    4   5   1   5   0   2   7   1   1   3   4   5   1   1   2  12  39   0   1   5  0.45 0.37
  104 T    -1  -2  -2  -2  -3   2  -1  -4  -3   1   1  -2  -1   0   3  -2   1  -4   0   1    4   1   1   2   0  13   3   0   0   6  18   1   1   4  16   2  12   0   4  12  0.30 0.28
  105 L    -2  -2  -4  -5  -2  -4  -3  -5  -3   5   4   0   1  -1  -3  -3  -3  -4  -2   0    3   2   1   0   1   0   1   0   1  32  42   5   3   1   2   2   1   0   1   3  0.78 0.45
  106 P     1  -2  -1   0  -2  -1   1   0  -2  -1  -2   1  -1  -2   5   0   0  -3  -2  -2   12   2   3   4   1   2   8   6   0   4   2   8   1   1  28   8   7   0   2   1  0.41 0.24
  107 E     0  -1   0   0  -4  -1   0   4   0  -3  -4   0  -3  -3  -2   2   0  -4  -1  -4    5   2   4   5   0   2   6  36   3   2   1   5   1   1   1  18   5   0   3   1  0.47 0.33
  108 T    -1  -4  -2  -4  -4  -2  -3   0  -1  -3  -3  -2  -4  -5  -4   4   6  -5  -4  -1    3   0   2   0   0   1   1   6   1   1   2   2   0   0   0  30  44   0   0   4  0.96 0.60
  109 T     0  -1  -1  -2  -3  -1  -2   3   1  -3  -3   1  -1   1  -3   2   3  -2   0  -1    5   3   2   1   0   2   2  21   3   1   1  10   1   6   0  16  18   1   3   5  0.29 0.27
  110 I    -1  -3  -3  -3  -2  -3  -4  -5  -5   4  -1  -3  -1  -1  -4  -1   1  -5  -2   5    5   1   1   1   1   1   0   0   0  21   2   2   1   2   0   6   8   0   1  46  0.79 0.47
  111 N    -3  -4   7   0  -5  -2  -2  -3  -1  -2  -5  -2  -3  -4  -5   1   0  -6  -3  -3    2   0  62   5   0   2   1   2   1   2   1   2   1   1   0   9   6   0   1   2  1.39 0.71
  112 S     2  -2   2   3  -4  -2   1   1  -3  -4  -5  -2  -2  -5  -2   3   0  -5  -4  -4   15   1   9  16   0   1   8  11   0   1   0   2   1   0   1  28   4   0   0   0  0.50 0.38
  113 T    -3  -4  -1   1  -5  -3  -3   0  -1  -4  -4  -3  -3  -5  -5   1   7  -6  -5  -3    1   0   2   8   0   1   2   8   1   0   1   1   1   0   0   7  64   0   0   1  1.27 0.73
  114 H    -2  -1   1  -3  -5   0  -3  -1   9  -2  -3  -2   0  -1  -5   0   0  -5   0  -3    4   3   5   1   0   3   1   6  48   2   2   2   3   2   0   8   6   0   3   1  1.22 0.63
  115 W    -3  -5  -3  -6  -5  -2  -5  -6  -4  -2   0  -5   4   5  -6  -3  -3   9   3  -2    2   0   1   0   0   2   0   0   0   2  10   0  11  26   0   2   1  30  10   2  1.57 0.71
  116 K    -2   0  -2  -3  -4   2   1  -3  -3  -1  -2   1   0  -4  -4   2   4  -2  -4   0    1   4   1   0   0  10  11   1   0   3   2  10   3   0   0  15  30   1   0   7  0.47 0.39
  117 W     1  -4  -4  -5  -3  -4  -4  -3  -2   1   2  -4   0   2  -4  -3  -1   4   4   2   12   0   0   0   0   0   0   2   1   7  25   0   2   8   0   1   3   7  16  16  0.50 0.31
  118 V    -1  -2   3  -1  -3  -2  -2  -4  -1   1  -2  -2  -3  -4  -2  -1   5  -5  -4   2    5   2  15   3   0   1   2   0   1   9   4   1   0   0   1   2  39   0   0  14  0.59 0.41
  119 F     2  -4  -4  -5  -4  -4  -4  -2  -3   0  -1  -4  -2   6  -4  -3  -2   1   4   1   20   0   0   0   0   0   0   3   0   5   5   0   1  34   0   1   3   2  15  11  0.78 0.43
  120 R    -3   5  -3  -4  -1  -1  -3  -4   0  -2   3   2  -1  -3  -2  -2  -2  -4  -2   0    0  38   0   0   2   2   0   0   2   2  26  12   1   0   2   3   2   0   1   6  0.68 0.42
  121 C    -2  -3  -6  -6  11  -6  -6  -6  -6  -5  -4  -6  -5  -4  -6  -3  -3  -6  -6  -2    3   2   0   0  84   0   0   0   0   0   2   0   0   1   0   2   2   0   0   3  3.29 1.09
  122 Q    -1   1   0   0  -3   4   2  -1  -1  -3  -3   2  -2  -4  -3   2   2  -4  -4  -2    4   6   3   3   0  24  11   4   1   1   1  11   0   0   0  15  12   0   0   2  0.43 0.33
  123 G    -2  -2   5  -1  -5  -3  -2   5   0  -5  -4  -2  -5  -3  -4  -1  -3  -1  -4  -5    2   2  34   3   0   1   2  41   2   0   2   2   0   2   0   4   1   1   0   0  1.05 0.53
  124 C    -3  -7  -6  -7  11  -7  -7  -5  -7  -5  -5  -7  -6  -4  -1  -4  -3  -6  -6  -3    2   0   0   0  87   0   0   1   0   0   0   0   0   1   3   1   2   0   0   1  3.56 1.18
  125 T    -1   1   0  -3  -3  -2  -3  -4   0   2   1  -3  -1   0  -4   1   3   3  -2   0    3   9   4   1   0   0   1   0   2  11  17   0   1   4   0  13  23   4   1   6  0.32 0.29
  126 E     0   0   0   0  -3   1   0  -2   0  -2  -2  -1  -2  -3  -1   3   2  -3  -2  -1    7   5   4   6   0   7   5   2   2   2   2   3   1   0   2  30  14   0   2   6  0.28 0.27
  127 W    -3  -5  -4  -3  -2  -4  -3  -1  -5  -3  -3  -4  -4   1  -4  -2  -2  12   1  -4    3   1   1   2   1   1   2   6   0   1   2   1   0   6   1   3   3  61   5   1  2.50 0.92
  128 N     0  -1   2   3  -3   0   0   0  -1  -2  -2  -1  -1  -3  -1   1   2  -3  -2  -2    7   2  11  19   0   5   5   7   2   3   4   3   1   1   3  10  13   0   1   2  0.22 0.16
  129 N    -1  -1   2   2  -3   2  -1   1   1  -2  -1  -1  -2  -2  -1   1   1  -3  -1  -2    3   3  10  14   0  10   2  13   4   1   7   2   1   2   3  12  10   0   3   1  0.20 0.19
  130 G     0  -2   1   0  -3  -2  -1   4  -3  -3  -3  -1  -2  -2   1   1   0  -4  -2  -2    7   1   7   6   0   1   3  38   0   1   3   2   1   2   6  10   7   0   1   3  0.44 0.28
  131 G     0  -2  -1   0  -4  -2  -2   5  -3  -4  -2  -1  -3  -1  -2   2   1  -4  -3  -3    7   1   2   6   0   1   2  40   0   1   4   3   0   3   2  15  10   0   1   1  0.55 0.35
  132 G     1  -1   0  -1  -3  -1  -2   4  -3  -3  -2  -2   0   2  -3   2   0  -1  -2  -3   10   3   4   3   0   3   2  28   0   1   3   2   2   9   0  20   6   1   1   1  0.37 0.28
  133 I     0  -2  -1  -1  -3  -2  -2  -1  -2   2   2  -1   1   0  -1   0   1  -2  -1   1    7   2   3   3   0   1   2   5   0  13  24   3   4   4   2   9   8   0   1   7  0.12 0.14
  134 D     0  -2   2   5  -4  -1   0  -2  -2  -4  -3  -1  -3  -3   2   1   0  -3  -3  -1    9   2  12  30   0   2   5   2   1   1   2   2   1   1  10  10   4   0   1   5  0.48 0.34
  135 V     1  -2  -1  -2  -3  -1  -2  -2  -3  -1   0  -2  -1  -1   3   1   2  -3  -2   0   12   1   2   2   0   2   2   3   0   4  11   2   1   3  15  13  16   0   1   8  0.25 0.23
  136 T     1  -3   2   0  -3  -2  -2  -1  -4  -3  -3  -2  -4  -4  -2   3   5  -5  -4  -3   10   1   9   6   0   2   3   4   0   1   3   2   0   0   2  19  38   0   0   1  0.65 0.48
  137 S     2  -3  -1   0  -4  -1  -1   3  -2  -4  -3  -2  -3  -2  -1   4   1  -5  -3  -3   14   1   2   4   0   2   3  22   1   0   2   1   0   2   3  31  10   0   1   1  0.52 0.40
  138 Q     0  -2   1   1  -4   2   0  -1  -1  -3  -3  -1  -2  -1  -1   2   2  -1  -1  -1    9   1   8   8   0  11   6   4   1   1   1   3   1   3   2  18  15   1   2   4  0.25 0.26
  139 G     2  -2   2  -2  -2   1  -2   3  -2  -2  -4  -2  -2  -2   0   1   0   0  -3  -2   18   1  12   1   1   6   1  23   1   2   1   1   1   2   5  12   6   2   1   3  0.36 0.29
  140 V     0   1  -1  -3  -3  -1  -1  -3  -2   2   0  -2   1  -1  -1   0   1  -1   0   3    6   7   3   1   0   3   3   1   1   9   6   2   4   3   3   6   9   1   3  28  0.20 0.21
  141 L    -2  -5  -4  -6  -1  -3  -5  -6  -5   2   3  -4   5   5  -2  -3  -3   2  -1   0    3   0   1   0   1   1   0   0   0  11  33   1  13  22   2   2   1   3   1   4  0.80 0.45
  142 A     4  -3  -3  -2  -2  -4  -4   5  -5   1  -3  -4  -3  -4  -3  -1  -3  -5  -5  -2   34   2   1   2   1   0   1  41   0   8   2   0   1   1   1   4   1   0   0   2  0.97 0.55
  143 W    -5  -3  -5  -7  -4  -5  -7  -8  -3  -5  -3  -7  -3   3  -8  -6  -5  11   5  -5    1   2   1   0   0   0   0   0   1   1   3   0   1  12   0   1   1  55  20   1  2.89 1.16
  144 A     7  -5  -6  -6  -3  -4  -5   1  -6  -2  -5  -4  -5  -7  -6  -1  -3  -2  -4  -1   76   0   0   0   0   0   0  10   0   2   0   1   0   0   0   3   1   1   1   4  1.61 0.85
  145 F    -1  -2  -3  -5   0   3  -3  -3   1  -1   1  -3   1   3  -5  -2  -2   2   5   0    5   2   1   0   2  15   1   2   3   4  15   1   3  12   0   3   2   2  22   5  0.52 0.38
  146 S     3  -3  -1  -3  -3  -3  -4   2   1  -6  -6  -1  -5  -6  -4   5  -2  -6  -5  -5   23   1   3   1   0   1   0  15   3   0   0   3   0   0   0  47   1   0   0   0  1.02 0.65
  147 N     0  -1   2   1  -4   0  -1  -1   0  -2  -2   0  -3  -1   1   2   3  -4  -2  -2    7   2  11   6   0   5   4   5   2   2   3   7   0   3   7  16  18   0   1   2  0.24 0.24
  148 V     1   0  -1   0  -2   0  -1   1  -2  -1  -2   0  -2  -4   0   1   3  -2  -2   0   10   5   3   4   0   4   4   9   1   4   2   7   1   0   4  11  21   1   1   8  0.18 0.20
  149 A     4  -1  -1  -2  -2  -1  -1   0  -3  -4  -3   0  -3  -5   4   1  -1  -6  -4  -2   32   2   3   2   1   2   3   8   0   1   2   6   0   0  18  12   3   0   0   3  0.51 0.39
  150 V    -1  -3  -2  -4  -5  -4  -4  -3  -5  -1   0  -3  -2  -3   6  -2  -2  -6  -2   4    6   1   2   1   0   0   1   2   0   3   7   1   1   1  36   3   3   0   1  30  0.97 0.57
  151 D     1  -1   0   3  -3  -1   0   0  -3   0   0  -1  -1  -2  -2   2   2  -2  -3  -1   10   3   5  16   0   2   4   6   0   5   8   4   1   2   1  15  15   0   0   3  0.19 0.21
  152 D    -2  -2   4   5  -5   2   0  -2  -2  -5  -5  -2  -3  -6  -2   1   3  -6  -3  -4    3   2  20  28   0   8   4   3   1   0   1   2   1   0   2   9  16   0   1   1  0.72 0.48
  153 P    -1  -4  -5  -5  -3  -4  -4  -5  -6  -6  -5  -2  -6  -7   8   2  -1  -7  -7  -3    5   1   0   0   1   1   1   1   0   0   1   2   0   0  67  14   4   0   0   2  1.97 0.94
  154 S     3  -4   0   1  -3  -2   0  -1  -3  -5  -5  -3  -5  -6  -3   5   2  -6  -4  -4   21   0   5   8   0   1   5   4   0   0   1   1   0   0   1  38  13   0   0   1  0.73 0.52
  155 D    -2  -2   3   5   3  -2  -2  -4  -3  -6  -5  -2  -5  -6  -5   4  -1  -7  -6  -5    3   2  15  35   6   1   2   1   0   0   1   2   0   0   0  28   2   0   0   1  1.05 0.62
  156 P     1  -4   3  -2  -5  -2  -2  -4  -4  -2  -3  -2  -2  -6   6   0   0  -6  -4  -1   13   1  12   2   0   1   2   1   0   2   3   2   1   0  43   6   5   0   0   5  0.99 0.57
  157 Q     2  -1   2   2  -4   0   1   0  -2  -4  -4  -2  -2  -4  -4   3   1  -2  -4  -3   18   2   9  12   0   4   7   6   1   1   1   2   1   0   0  22  10   1   0   1  0.41 0.35
  158 S     3  -4  -2  -2  -1  -3  -2  -1  -5  -3  -5  -4  -5  -5  -4   5   1  -6  -3  -3   27   0   2   2   1   1   2   4   0   2   0   0   0   0   0  47   9   0   1   1  1.00 0.65
  159 T     1  -1   1   1  -4  -1  -2  -1  -2  -1  -3  -2  -3  -3   1   2   4  -5  -4  -1   13   4   7   7   0   2   2   4   1   3   1   1   0   1   6  18  25   0   0   5  0.36 0.33
  160 F    -5  -6  -7  -7  -5  -6  -7  -5  -5   5   3  -6   1   6  -7  -5  -2   1  -2  -1    0   0   0   0   0   0   0   1   0  28  27   0   3  32   0   0   2   2   1   3  1.28 0.64
  161 S     0  -1   3  -1  -4   2  -1   1  -1  -2  -2   0  -2  -3   1   2   0  -5  -2   0    5   3  15   3   0   9   3  11   1   2   4   4   1   1   8  15   6   0   1   7  0.20 0.22
  162 E    -3   0  -4  -2  -6   5   1  -5   0   2  -3   0   0   3  -4  -3  -3  -4   4   1    1   6   0   2   0  24   9   0   2  10   0   5   2  12   1   1   1   0  14   9  0.62 0.46
  163 H    -6  -6  -3  -4  -9  -2  -6  -8  11  -9  -9  -7  -8  -4  -6  -5  -8  -8  -2  -9    0   0   1   1   0   2   0   0  94   0   0   0   0   1   0   1   0   0   1   0  4.05 1.54
  164 T     1  -3   2   4  -5   0   1  -3   1  -2  -4  -2  -4  -4  -3   2   2  -4  -3  -2   10   1  10  27   0   4   9   1   4   2   1   1   0   0   1  15  11   0   1   2  0.52 0.39
  165 D     0   0   2   3  -4  -1   0   3  -2  -3  -3  -1  -3  -3  -3   1   0  -5  -1  -1    8   6  11  15   0   3   5  20   0   1   2   3   0   1   1  12   5   0   2   6  0.28 0.25
  166 F    -1  -1   0  -4  -4   2  -3  -5   2  -2  -3  -2   2   6  -5  -3  -2   0   5  -1    6   4   4   1   0   8   1   0   6   2   2   3   5  32   0   1   2   1  18   3  0.84 0.50
  167 G    -1  -4   1  -2  -7  -3  -5   7  -6  -7  -6  -6  -7  -7  -6   0  -4  -7  -7  -6    4   1   7   2   0   1   0  76   0   0   1   0   0   0   0   6   1   0   0   1  1.84 0.86
  168 F    -1  -1   0  -2  -4   2  -1  -2   3   1   0  -1   0   3  -1   0   0  -3   2   0    5   2   4   2   0  10   4   3   8   9   7   3   3  13   3   7   4   0   8   5  0.14 0.17
  169 F    -5  -6  -5  -8  -7  -5  -7  -5  -1  -1  -4  -7  -2   8  -4  -7  -5   8   4  -3    1   0   1   0   0   1   0   1   2   3   0   0   1  57   1   0   1  18  12   2  2.23 0.96
  170 G    -1  -3   0   0  -5  -1  -2   4  -4  -2  -5  -2  -2  -2  -4   2   3  -3  -2  -2    5   1   4   5   0   3   3  35   0   3   0   3   1   1   0  15  16   0   1   3  0.56 0.41
  171 I     1  -5  -4  -5  -4  -2  -3  -5   5   2   2  -5   4   1  -5  -4  -3   1  -1   2   14   0   0   0   0   2   2   0  16  11  21   0  11   6   0   0   1   2   2  12  0.62 0.42
  172 D    -2  -2   3   6  -7  -1  -1  -3  -5  -2  -4  -3  -6  -5   0   0  -1  -7  -6  -3    3   2  13  52   0   3   4   1   0   3   2   1   0   1   5   5   4   0   0   2  1.10 0.62
  173 Y    -3  -6  -6  -5  -3  -5  -5  -7  -5   1   4  -6   3   5  -4  -4  -1  -1   0   2    2   0   0   1   1   0   0   0   0   7  41   0   8  20   1   1   3   1   2  12  0.92 0.51
  174 S     4  -2   0  -1  -4  -1  -1   0  -4  -4  -4   0  -3  -4  -2   3   2  -6  -4  -2   32   2   4   3   0   3   3   6   0   0   1   6   0   1   1  23  12   0   0   3  0.52 0.42
  175 T     2  -1   1   1  -4   2   0   0  -1  -3  -2   0  -2  -4  -1   2   1  -5  -3  -2   18   2   7   9   0   9   4   6   1   1   5   6   1   0   2  17   7   0   0   3  0.23 0.24
  176 A     7  -6  -5  -6  -4  -6  -6   1  -6  -5  -5  -5  -3  -7  -4  -2  -3  -7  -7  -2   81   0   0   0   0   0   0  10   0   0   1   0   1   0   1   3   1   0   0   2  1.83 0.92
  177 H     0   4  -2  -3  -5   2  -1  -2   4  -2  -4   3  -2  -4  -2  -2   2  -6  -4  -2    8  25   1   0   0  10   2   3  11   3   1  18   1   0   1   1  11   0   0   3  0.60 0.42
  178 S    -1  -3   4  -2  -5   1  -4   1   0  -1  -4  -2  -2  -3  -5   4   1  -6  -4  -2    4   1  23   1   0   6   0   9   2   3   1   1   1   1   0  37   7   0   0   3  0.71 0.51
  179 A     5  -2  -3   0  -4  -2  -1   0  -5  -4  -5  -2  -4  -6   2   2   0  -6  -5  -2   45   1   1   6   0   1   4   6   0   1   0   1   0   0   9  17   4   0   0   3  0.71 0.50
  180 N    -1  -2   4   4  -5   1   0  -1  -2  -5  -5   2  -3  -6  -4   2  -1  -6  -4  -4    6   1  23  20   0   6   5   5   1   0   1  13   0   0   0  16   2   0   0   1  0.63 0.42
  181 Y    -4  -6  -4  -3  -7  -5  -5  -5  -4  -5  -4  -5  -5   7  -7  -1  -6   1   8  -5    2   0   1   2   0   0   1   1   0   0   1   0   0  38   0   5   0   1  47   0  2.04 0.89
  182 Q     2  -1   1   3  -4   1   3  -3  -2  -4  -5  -1  -4  -3  -2   2   0  -5  -3  -1   15   2   7  17   0   7  21   1   0   0   0   2   0   1   1  15   6   0   0   4  0.44 0.34
  183 N     0  -1   3   2  -4   1   2  -3  -2  -5  -4   1  -3  -5  -2   2   1  -5  -3  -3    9   2  18  12   0   6  12   1   0   0   0   8   0   0   2  19   9   0   1   1  0.45 0.34
  184 Y    -3  -6  -6  -5  -6  -5  -6  -5  -5  -3   1  -4  -3   0   0  -5  -5  11   5  -2    2   0   0   1   0   0   0   1   0   2  15   1   0   3   6   1   0  46  21   2  2.08 0.82
  185 L    -1  -5  -4  -6  -3  -5  -5  -5  -5   3   4  -4   0   1  -5  -4  -3  -4  -3   5    4   0   0   0   0   0   0   0   0  14  36   1   1   5   0   0   0   0   0  39  0.89 0.43
  186 N     0  -1   4   1  -3   1   0   1  -2  -4  -4   1  -3  -2  -2   2   0  -4  -3  -2    7   2  23   7   0   7   5   8   0   0   0   9   0   2   1  21   6   0   0   2  0.37 0.25
  187 G     1   0  -2  -1  -4   0  -3   6  -4  -5  -5   0  -4  -5  -4   1  -3  -5  -5  -5    9   4   0   3   0   3   0  62   0   0   0   7   0   0   0  10   0   0   0   0  1.04 0.41
  188 D     0  -2   5   3  -4  -1   0   0  -2  -3  -2  -1  -3  -4  -1   0  -1  -5  -4   0    7   0  37  21   0   1   5   7   0   0   3   2   0   0   2   5   2   0   0   8  0.52 0.26
  189 S     2  -2  -1  -1  -2   0  -2   1  -3  -3  -1  -1  -2  -4   1   4   2  -4  -3  -2   17   0   0   2   0   3   0  11   0   0   5   2   0   0   5  41  13   0   0   0  0.43 0.23
  190 G     0  -4  -2  -3  -4  -3  -4   7  -4  -5  -5  -3  -4  -5  -4  -2  -3  -4  -5  -5    4   0   0   0   0   0   0  96   0   0   0   0   0   0   0   0   0   0   0   0  1.74 0.35

                      K         Lambda
Standard Ungapped    0.1313     0.3157
Standard Gapped      0.0410     0.2670
PSI Ungapped         0.1313     0.3157
PSI Gapped           0.0410     0.2670
