
Last position-specific scoring matrix computed, weighted observed percentages rounded down, information per position, and relative weight of gapless real matches to pseudocounts
           A  R  N  D  C  Q  E  G  H  I  L  K  M  F  P  S  T  W  Y  V   A   R   N   D   C   Q   E   G   H   I   L   K   M   F   P   S   T   W   Y   V
    1 G    2 -2  1 -2 -3 -2 -2  5 -2 -4 -4 -2 -3 -4 -2  2 -1 -4 -3 -3   18   0   8   0   0   0   0  55   0   0   0   0   0   0   0  19   0   0   0   0  0.73 0.14
    2 S    3 -2 -1 -1 -3 -1 -1 -2 -3 -4 -4 -2 -3 -4 -1  5  2 -5 -4 -2   23   1   1   2   0   1   2   0   0   0   1   1   0   0   3  55  11   0   0   1  0.78 0.33
    3 H   -2 -2 -1  1 -4  1  3 -4  3  0  1 -2  1  1 -4 -2 -2 -2  4 -2    1   1   2   7   0   5  24   0   7   5  17   0   5   4   0   0   1   0  20   1  0.39 0.22
    4 M   -3 -4 -3 -6 -2 -4 -5 -6 -4  6  3 -5  3 -2 -5 -5 -2 -5 -2  2    1   0   2   0   1   0   0   0   0  48  23   0   9   1   0   0   1   0   1  13  1.03 0.39
    5 H   -2  3 -1 -1 -5  5  3 -4  2 -4 -2  1 -1 -4 -3 -1 -2 -5 -3 -3    3  14   2   2   0  28  23   1   4   1   5   9   1   0   1   3   2   0   0   1  0.62 0.32
    6 E   -2 -2 -2  2 -7  3  7 -4 -3 -6 -4 -2 -5 -6 -4 -1 -3 -6 -5 -5    2   1   1   9   0  13  66   1   0   0   2   1   0   0   0   3   1   0   0   1  1.42 0.57
    7 R   -4  8 -3 -6 -7  0 -3 -6 -1 -7 -6  0 -5 -4 -6 -5 -3 -7 -6 -7    1  87   1   0   0   4   1   0   1   0   0   3   0   1   0   0   1   0   0   0  2.34 0.77
    8 E   -1 -1  0  2 -6  1  5 -4  5 -6 -5 -2 -5 -4 -4  0 -2 -6 -2 -3    5   2   5  10   0   5  47   1  13   0   1   1   0   1   0   6   1   0   1   1  0.93 0.44
    9 S    1  3  0  2 -4  3  2 -2  0 -4 -3  1 -3 -5 -3  0 -1 -5 -3 -4   13  17   4  10   0  17  16   2   3   0   1   8   0   0   0   6   3   0   0   0  0.46 0.27
   10 S    2  0 -1  2 -3  1  4  1 -2 -4 -5 -2 -3 -5 -4  0 -1 -5 -3 -4   21   6   1  11   0   4  35  10   0   0   0   1   0   0   0   4   3   0   1   1  0.60 0.33
   11 I   -3 -6 -6 -6 -4 -5 -6 -7 -6  7  0 -6  3 -2 -6 -5 -2  0 -4  3    1   0   0   0   0   0   0   0   0  63   7   0   7   1   0   0   2   1   0  18  1.43 0.51
   12 R   -2  4  0 -2 -2  2  1 -2  0 -1  0  2  0 -4 -4 -1  0 -3 -2 -2    2  30   5   1   1   9   9   2   2   3   8  15   2   0   0   5   5   0   1   2  0.41 0.25
   13 Q   -2  1  2  1 -3  5  3 -2  0 -4 -4  2 -4 -5 -4 -1 -2 -5 -4 -4    3   8   9   8   0  25  23   2   2   0   1  13   0   0   0   3   1   0   0   0  0.66 0.33
   14 L   -4 -5 -6 -6 -4 -4 -6 -7 -6  6  3 -6  0 -2 -6 -5 -2 -5 -4  2    0   0   0   0   0   1   0   0   0  57  28   0   2   1   0   0   2   0   0  10  1.36 0.49
   15 E    0 -3 -1 -2 -6  3  6 -4  2 -5 -5 -2 -3 -6 -5 -1 -2 -6 -3 -1    8   0   2   1   0  12  62   0   5   0   1   0   0   0   0   3   1   0   1   5  1.22 0.53
   16 A    0  2  0 -1 -1  3  1 -1  0 -3 -4  2 -2 -4 -3  2  0 -4 -2 -3    9  12   3   2   1  18   9   3   2   1   0  14   1   0   0  18   5   0   1   1  0.40 0.24
   17 D   -1 -2  2  4 -1  1 -1  2 -1 -5 -5  0 -2 -5 -3  3  0 -5 -4 -4    2   0   9  27   1   7   2  14   1   0   0   6   1   0   0  22   6   0   0   1  0.57 0.29
   18 I   -4 -6 -6 -6 -4 -5 -6 -6 -6  7  1 -5  3 -2 -6 -5 -2 -5 -4  3    0   0   0   0   0   0   0   0   0  58  12   0   8   1   0   0   2   0   0  19  1.37 0.47
   19 M    0  0 -1 -2 -2  1 -1  0  1  1  2 -1  1 -1 -3  0  0 -3 -2  1    7   4   3   0   0   8   2   9   4   7  22   3   4   1   0   5   6   0   1  13  0.09 0.10
   20 D   -3 -4 -2  5 -6  1  6 -2 -4 -5 -5 -2 -2 -6 -4 -2 -3 -6 -6 -6    1   0   1  36   0   6  46   2   0   1   1   0   1   0   0   3   1   0   0   0  1.33 0.50
   21 I   -2 -5 -6 -6 -1 -5 -6 -6 -6  3  4 -5  0 -3 -6 -5 -3 -5 -4  4    2   0   0   0   1   0   0   0   0  14  48   0   2   0   0   0   0   0   0  34  1.12 0.41
   22 N   -1 -2  7 -2 -6  1 -2 -1  5 -6 -5 -3 -5 -6 -5  0 -2 -3 -2 -5    5   1  58   1   0   6   2   5  12   0   0   1   0   0   0   6   2   0   1   0  1.35 0.50
   23 E   -1 -2 -1  2 -6  5  5 -2  1 -4 -5 -1 -2 -6 -4  0 -1 -5 -4 -3    5   1   2  10   0  26  38   2   3   1   1   2   1   0   0   5   3   0   0   2  0.85 0.39
   24 I   -4 -6 -6 -7 -4 -6 -6 -7 -6  7  2 -6  3 -3 -6 -5 -3 -6 -4  1    1   0   0   0   0   0   0   0   0  65  19   0   7   0   0   0   1   0   0   7  1.53 0.51
   25 F   -6 -6 -7 -7 -6 -6 -7 -7 -5 -1 -2 -7  4  9 -7 -6 -6 -3  2 -2    0   0   0   0   0   0   0   0   0   3   1   0  11  75   0   0   0   0   6   3  2.29 0.67
   26 K   -2  3 -1 -3 -3  2 -1 -3  1 -3 -1  5  1 -4 -4 -1  0 -5 -2 -2    2  18   2   0   0   9   2   1   3   1   8  36   4   0   0   2   6   0   1   3  0.55 0.29
   27 D   -5 -3  0  7 -7  2  2 -5  0 -5 -7 -1 -6 -7 -5 -3 -2 -7 -4 -6    0   1   3  66   0   8  14   0   3   1   0   3   0   0   0   1   2   0   1   0  1.60 0.54
   28 L   -4 -5 -6 -7 -4 -5 -6 -7 -6  1  6 -5  5  0 -6 -5 -3 -5 -4  0    0   0   0   0   0   0   0   0   0   7  70   0  14   3   0   0   1   0   0   5  1.38 0.48
   29 G    5 -4  0 -3 -2  0 -3  3 -1 -5 -5 -3 -2 -5 -4  2 -2 -5 -2 -3   49   0   4   1   1   5   1  20   2   0   0   1   1   0   0  15   1   0   1   1  0.80 0.38
   30 M    0 -1  1 -1 -2  0 -1 -2  1  0 -1 -1  2 -2 -3  1  3 -2 -2  2    8   3   6   2   1   5   2   2   4   4   4   4   6   1   0  10  21   1   0  16  0.17 0.16
   31 M   -4 -5 -6 -6 -4 -5 -6 -6 -2  3  5 -4  7 -2 -6 -4 -4 -5 -1 -1    0   0   0   0   0   0   0   0   1  14  49   1  29   1   0   1   0   0   2   2  1.30 0.47
   32 I   -4 -6 -7 -7 -5 -6 -6 -7 -7  2 -2 -6 -1 -4 -6 -5 -2 -7 -5  7    0   0   0   0   0   0   0   0   0  10   2   0   1   0   0   0   2   0   0  85  1.94 0.63
   33 H   -1 -1  2  0 -5  2  1 -3  7  0 -3 -2 -2 -2 -4  0 -1 -4  1 -1    3   2   9   5   0  10  10   1  28   6   1   1   0   1   0   8   4   0   4   4  0.54 0.28
   34 E    0 -2 -2  3 -3  3  5 -4 -1 -4 -5 -1 -3 -6 -4  0 -1 -6 -4 -4    8   1   1  19   0  11  46   1   1   1   0   2   1   0   0   6   3   0   0   1  0.92 0.40
   35 Q   -5 -3 -5 -5 -8  9 -3 -6 -4 -8 -7 -3 -5 -8 -6 -5 -5 -7 -6 -7    0   0   0   0   0 100   0   0   0   0   0   0   0   0   0   0   0   0   0   0  3.15 0.96
   36 G   -1 -3 -2 -3 -6  1 -3  7 -1 -7 -7 -4 -6 -7 -4 -2 -4 -6 -6 -6    4   2   1   1   0   6   1  80   2   0   0   1   0   0   1   2   1   0   0   0  1.77 0.56
   37 D   -1 -3 -2  3 -3  1  4 -1 -1 -2 -3 -2 -2 -3 -3  0  2 -3 -3 -2    5   0   1  17   0   5  34   4   2   2   2   1   1   1   0   5  16   0   1   3  0.53 0.29
   38 V   -1 -3 -2 -2 -2  1 -3 -3 -3  2  1 -2  6 -2 -4 -1  1 -4 -3  2    5   0   1   3   1   8   1   2   0  12  13   1  23   0   0   3   8   0   0  19  0.46 0.26
   39 I   -3 -4 -6 -6 -4 -5 -6 -6 -6  5  3 -5  0 -2 -6 -5 -3 -5 -4  4    1   1   0   0   0   0   0   0   0  38  28   0   1   1   0   0   0   0   0  29  1.14 0.41
   40 D   -4 -4  2  8 -3 -1  0 -3 -3 -6 -5 -4 -4 -7 -3 -3 -3 -8 -6 -4    1   1   9  74   1   3   4   1   0   0   1   0   0   0   1   0   1   0   0   1  1.82 0.61
   41 S    0  0  1  0  2  1  0 -3  2  0  0  0  1  0 -3  0  0 -3 -2  0    6   6   6   6   6   6   6   0   6   6   6   6   6   6   0   6   6   0   0   6  0.07 0.12
   42 I   -3 -5 -5 -5 -4 -5 -5 -6 -5  6  1 -5  3  2 -5  0  1 -5 -3  2    0   0   0   0   0   0   0   0   0  48   9   0   8   7   0   8   7   0   0  13  0.92 0.37
   43 E   -2 -4 -1  3 -6  0  5 -1  0 -3 -3 -3 -4 -5  0  0 -2  1 -1 -2    3   0   2  17   0   4  44   5   2   2   2   0   0   0   6   6   2   2   2   4  0.72 0.42
   44 A    1  0  1  1  0  0  0 -1  0 -2 -3  0 -3 -1 -3  3  1  0  1 -1   14   4   8   8   2   3   6   4   2   1   2   4   0   2   0  22   8   1   6   3  0.20 0.19
   45 N   -3 -2  7 -1 -1  1 -3 -1  4 -6 -4 -2 -2 -6 -5  0 -2 -6 -2 -6    1   1  63   2   1   5   0   4   8   0   1   1   1   0   0   7   2   0   2   0  1.43 0.60
   46 V   -1 -5 -5 -6 -4 -5 -5 -6 -6  5  1 -5  1 -3 -5 -2 -1 -5 -4  5    4   0   0   0   0   0   0   0   0  40   9   0   3   0   0   2   3   0   0  37  1.06 0.44
   47 E   -2 -2  0  3 -5  0  5 -2 -2 -3 -3 -2  0 -3 -4  0  0 -5 -1 -3    2   1   4  17   0   3  46   3   1   1   3   1   2   1   0   6   5   0   2   2  0.76 0.43
   48 S    1  0  4  0 -2  2  0 -1  2 -3 -3 -1 -1 -4 -3  2  1 -5 -2 -2   11   4  22   4   1  10   5   3   4   1   1   3   1   0   0  16  10   0   1   2  0.36 0.27
   49 A    4 -4 -3 -4 -1 -2 -3 -2 -2  0 -2 -3  0 -2 -3  1  4 -4 -1  1   33   0   0   0   1   1   0   2   1   5   3   0   2   1   0  12  24   0   2  11  0.52 0.37
   50 E    2  1  0 -2 -2  1  0 -2  3 -2 -2  0 -1 -2 -3  2  0 -4  0  1   22   7   3   2   1   6   4   2   9   1   3   4   1   1   0  15   5   0   3  11  0.21 0.21
   51 V    1 -1  1  1 -2  0  0  0  0  0 -1 -1  0 -2 -3  1  1 -4 -2  2   12   3   6   9   1   5   5   6   2   5   3   2   3   1   0   9  10   0   1  16  0.10 0.13
   52 H    0  0  4  2 -5  2  0 -3  5 -5 -4 -1 -4 -1 -4  0 -2 -4  2 -4    9   5  23  11   0   8   5   1  16   0   1   3   0   2   0   7   2   0   7   1  0.57 0.36
   53 V   -1 -5 -2 -5 -4 -3 -4 -6 -3  1 -1 -5  1 -5 -5 -2  5 -6 -5  5    4   0   2   0   0   1   1   0   1   7   4   0   3   0   0   2  32   0   0  44  1.04 0.58
   54 Q    0  2 -1 -1 -5  4  3 -2  1 -3 -2  1 -2 -4 -4  0  0 -5 -3 -2    7  10   2   3   0  19  22   3   4   1   4   9   1   1   0   8   5   0   1   2  0.40 0.30
   55 Q    0  0  1  0 -5  5  2  1  0 -4 -3  1 -2 -4 -4  1 -2 -5 -3 -3    8   5   5   4   0  27  14   9   2   0   2   7   1   0   0  10   2   0   0   2  0.45 0.34
   56 A    6 -6 -5 -6 -5 -5 -5  5 -6 -6 -6 -5 -5 -6 -5 -2 -4 -6 -3 -3   57   0   0   0   0   0   0  38   0   0   0   0   0   0   0   2   0   0   1   1  1.56 0.73
   57 N    0  1  4  1 -3  0  0 -3  2 -3 -2  1 -2 -2 -4  1  1 -4 -1 -1    7   8  22   8   0   3   4   1   6   0   4   7   1   1   0  10  10   0   2   5  0.27 0.24
   58 Q   -2  1  0  0 -4  3  2 -1  0 -3 -2  2 -2 -4 -3  1  1 -5 -3 -1    2   8   4   5   0  16  14   3   2   1   3  15   1   0   0   9   8   0   0   5  0.30 0.26
   59 Q   -2 -3  0 -1 -7  6  5 -5  1 -6 -3 -2 -3 -5 -5 -2 -3 -6 -3 -5    4   0   4   3   0  38  40   0   3   0   2   1   0   1   0   2   1   0   1   1  1.32 0.69
   60 L   -4 -6 -7 -7 -5 -6 -7 -7 -7  1  6 -6  0 -2 -7 -6 -2 -6 -5  1    1   0   0   0   0   0   0   0   0   7  81   0   1   1   0   0   2   0   0   8  1.64 0.69
   61 S    1  2  0 -1 -3  3  0 -2  0  0 -2  2 -1 -3 -3  1  2 -4 -2  0   11  12   3   2   0  13   4   2   3   5   2  11   1   0   0   8  14   0   1   8  0.22 0.21
   62 R   -3  3 -1 -3 -6  2 -1 -2 -2 -3 -4  6 -3 -6 -4  0  1 -6 -5 -2    1  13   2   1   0   8   2   3   1   1   1  50   0   0   0   5   9   0   0   2  0.92 0.49
   63 A    7 -6 -6 -6 -5 -5 -4 -3 -6 -5 -4 -5 -5 -6 -5 -2 -2 -7 -2 -3   92   0   0   0   0   0   1   1   0   0   1   0   0   0   0   1   1   0   1   1  2.02 0.84
   64 A    4 -3 -1 -1 -4 -3 -3 -2 -4 -3 -4 -1 -2 -2 -4  4  1 -5 -3 -2   36   1   3   3   0   0   1   1   0   1   1   3   1   1   0  40   6   0   1   2  0.76 0.44
   65 N   -3  0  6  0 -5 -2 -2 -1  1 -5 -5  4 -4 -5 -4  1  0 -6 -4 -5    0   3  39   5   0   0   0   3   3   0   0  32   0   0   0  10   5   0   0   0  0.97 0.43

                      K         Lambda
Standard Ungapped    0.1262     0.3123
Standard Gapped      0.0410     0.2670
PSI Ungapped         0.1262     0.3123
PSI Gapped           0.0410     0.2670
