
Last position-specific scoring matrix computed, weighted observed percentages rounded down, information per position, and relative weight of gapless real matches to pseudocounts
            A   R   N   D   C   Q   E   G   H   I   L   K   M   F   P   S   T   W   Y   V   A   R   N   D   C   Q   E   G   H   I   L   K   M   F   P   S   T   W   Y   V
    1 M    -7  -7  -8  -9  -7  -6  -8  -9  -8  -5   0  -7  11  -6  -9  -8  -7  -7  -7  -5    0   0   0   0   0   0   0   0   0   0   6   0  94   0   0   0   0   0   0   0  3.93 1.33
    2 N    -3   1   4  -1  -6  -2  -2  -3  -2  -5  -4   4  -3  -6  -4   1   4  -7  -6  -4    1   7  16   3   0   2   2   2   1   0   1  29   1   0   0  12  23   0   0   1  0.83 0.52
    3 K    -6   4  -4  -7  -9   0  -3  -6  -4  -7  -8   8  -7  -6  -5  -5  -6  -9  -5  -7    0  18   1   0   0   4   2   0   0   0   0  72   0   0   0   0   0   0   1   0  2.22 0.99
    4 G     2   0   1  -1  -4   1   1  -1   0  -1  -2   1  -2  -3  -3   2   2  -5  -2  -1   16   5   7   2   0   7   8   4   2   5   4   8   1   1   1  13  14   0   1   3  0.20 0.21
    5 Q     2   1   0   1  -5   3   2  -2  -1  -3  -3   2  -3  -2  -3   0  -1  -3  -2  -2   18   8   4   7   0  15  14   3   1   2   3  10   1   2   1   6   3   0   1   2  0.34 0.28
    6 R    -7   9  -7  -5 -10  -2  -5  -9  -7  -5  -6  -3  -8  -6  -6  -6  -7  -9  -8  -5    0  92   0   1   0   1   0   0   0   1   1   1   0   0   0   0   0   0   0   1  3.03 1.23
    7 H    -6   1  -6  -5  -8   7  -3  -7   8  -3   2  -3  -3  -5  -8  -6  -6  -4  -4  -6    0   7   0   0   0  39   1   0  28   2  18   1   1   0   0   0   0   0   1   0  1.77 0.85
    8 I     3   1   1   1  -4   2   2  -2   1  -2  -3   1  -1  -3  -4   0  -1  -3  -3  -3   22   7   6   9   0  10  12   3   3   3   3   8   2   1   0   7   3   0   1   1  0.29 0.25
    9 K     3   2  -3  -4  -3  -1  -2  -4  -3   0   2   3   0  -3  -5  -3  -1  -3  -2   0   22  11   1   0   0   3   3   1   1   6  20  18   2   1   0   1   4   0   1   5  0.42 0.32
   10 I    -5  -5  -6  -9   2  -8  -9  -9  -9   8   1  -8  -2   0  -9  -8  -6  -8  -7   0    1   1   1   0   3   0   0   0   0  73  13   0   1   3   0   0   0   0   0   4  2.19 0.88
   11 R    -1   4  -4  -5  -3   0  -1  -5  -1   1   3   3  -1  -3  -6  -3  -2  -6  -4   0    5  20   0   0   1   4   4   1   1   8  25  18   1   1   0   2   3   0   0   7  0.52 0.35
   12 E    -1   2  -1   2  -7   3   5  -4  -1  -5  -4   1   0  -7  -6  -1  -2  -4  -4  -5    5   9   2  12   0  13  35   1   1   1   2   8   2   0   0   4   3   0   0   1  0.79 0.49
   13 I    -3  -8  -6  -9  -7  -5  -8  -9  -4   6   5  -8   0  -2  -8  -6  -4  -8  -4   0    2   0   0   0   0   0   0   0   0  35  51   0   2   1   0   0   1   0   0   5  1.63 0.71
   14 I    -5  -9  -9  -9  -3  -8  -9 -10  -9   7   4  -8  -2  -3  -9  -8  -4  -8  -7   3    1   0   0   0   1   0   0   0   0  48  30   0   1   1   0   0   1   0   0  19  1.78 0.76
   15 T     1   2   1  -1  -4   2   1  -1  -1  -4  -3   2  -2  -5  -4   2   1  -3  -5  -3   12  11   7   3   0   8   9   4   2   1   3  11   1   0   0  16   8   0   0   2  0.34 0.28
   16 S    -1   1   2   0  -4   3   3  -2   1  -4  -5   1  -3  -5  -6   2   1  -7  -3  -5    5   7   9   5   0  11  21   3   3   1   1   8   1   0   0  14   9   0   1   0  0.53 0.38
   17 N    -4   1   4  -3  -4   4   3   0   4  -6  -6   1  -2  -3  -6  -2  -2  -3   2  -5    1   8  15   1   1  16  15   7  10   0   1   9   1   1   0   2   3   0   6   1  0.70 0.44
   18 E    -1   1   1   2  -1   1   2  -1   0  -3  -4   1  -3  -4   2   0  -1  -3  -4  -1    5   9   6  10   1   7  15   5   2   2   1   8   0   1  10   8   4   0   0   5  0.27 0.22
   19 I    -4  -8  -2  -8  -1  -8  -8  -7  -4   6  -1  -6  -2   1  -4  -6  -4  -7   3   4    2   0   2   0   1   0   0   0   0  46   5   0   1   6   1   1   1   0   8  25  1.41 0.64
   20 E     0   2  -1   0  -2  -1   3   1   2  -4  -3  -1  -3  -3  -2   2   0  -3  -1  -2    8  13   2   5   1   2  18  11   5   1   2   3   1   1   2  14   7   0   2   4  0.27 0.24
   21 T    -4  -1   1  -3  -2  -6  -3  -5  -3  -5  -6  -1  -7  -5  -7   5   5  -9  -7  -7    1   4   6   2   1   0   1   1   1   1   1   4   0   1   0  42  38   0   0   0  1.45 0.79
   22 Q    -5  -6  -7  -7 -10   9  -3  -9   0  -5  -6  -2  -7  -3  -8  -7  -1  -9  -8  -5    1   0   0   0   0  85   1   0   2   1   1   2   0   1   0   0   4   0   0   1  2.91 1.27
   23 D     1  -1  -1   2  -4   1   6  -2  -2  -4  -5  -2  -3  -5  -4  -1   0  -3  -4  -4   10   3   2  11   0   7  43   4   1   1   1   2   1   1   1   5   5   0   1   1  0.80 0.50
   24 E    -2  -4  -3   3   0   3   6  -5  -2  -2  -6  -3  -1  -8  -7  -4  -4  -8  -5  -4    4   1   1  17   2  10  54   1   1   2   1   1   1   0   0   1   1   0   1   1  1.40 0.73
   25 L    -4  -8  -9 -10  -7  -8  -9 -10  -9   3   6  -9   1   0  -3  -8  -7  -8  -7  -2    2   0   0   0   0   0   0   0   0  13  73   0   3   4   2   0   0   0   0   3  1.85 0.80
   26 V     3   2  -6  -6   0   1  -4  -3  -2   0   1  -2   1  -5  -6  -1  -2  -7  -5   4   20  10   0   0   2   6   1   2   1   5  14   2   3   0   0   4   3   0   0  28  0.55 0.39
   27 D     1   2   0   3  -2   1   4  -3   0  -3  -3   1  -2  -3  -6  -1  -1  -1  -2  -3   10  10   4  13   1   6  25   2   2   2   2   7   1   1   0   5   4   1   1   2  0.43 0.35
   28 M     1   2  -2  -1  -1   0   1  -3   1   0   2   0   1  -1  -3  -2  -2   0   2  -2   13  10   1   3   1   4   9   2   4   4  23   6   3   2   1   2   2   1   6   2  0.20 0.19
   29 L    -6  -6   0  -7  -6  -6  -7  -7  -6   0   6  -6   2   0  -7  -6  -6  -6  -5  -1    0   0   5   0   0   0   0   0   0   5  73   0   4   4   0   0   0   0   0   4  1.66 0.73
   30 K     1   2   0  -1   0   2   1  -1   1  -2  -2   2  -1  -2  -2  -1  -1   1  -1  -2   14  13   5   2   2   8   9   4   4   3   4  15   2   2   2   4   3   2   2   2  0.20 0.22
   31 Q     1   1   0   1   0   1   2  -2   1  -2  -3   2  -1  -4  -2   0  -1  -5  -1  -2   11   6   5   9   2   7  15   3   3   2   3  14   2   0   2   5   4   0   2   2  0.21 0.24
   32 D     1   2   0   0   0   1   2  -2   2  -2  -1   0   0  -1  -4   0  -1   1   0  -2   12   9   4   5   2   7  16   2   6   3   8   5   3   3   0   5   2   2   3   2  0.17 0.20
   33 G    -3  -3  -1  -2  -6  -3  -3   7   2  -7  -7  -3  -6  -7  -6  -2  -5  -6  -6  -4    1   2   3   3   0   2   2  75   5   0   0   2   0   0   0   3   0   0   0   1  1.80 0.77
   34 Y    -2  -3  -3  -4  -1  -2  -3  -3   0   4   0  -3   0   4  -4  -4  -2   0   2   2    3   1   1   0   1   2   2   2   2  30   5   1   2  20   0   0   1   1   8  16  0.57 0.33
   35 K     0   0   1   1  -1   1   2  -1   2  -2  -2   1  -1  -2   0   1   0  -1  -1  -1    9   5   8   8   2   5  18   2   5   3   2   7   1   1   3  10   5   1   3   3  0.15 0.13
   36 V     0  -3  -3  -4   1  -3  -3  -2  -3   3   0  -3   1   0  -1  -1   0  -3   1   4    9   0   0   0   3   0   0   2   0  18   5   0   2   3   2   4   4   0   5  40  0.37 0.25
   37 T     1  -2   1  -1  -3  -2  -2  -1   0  -1  -3  -1  -3  -4   0   4   3  -4  -3  -1    8   0   6   3   0   0   0   4   3   3   0   3   0   0   3  40  22   0   0   3  0.46 0.32
   38 Q    -1   0   0  -2  -4   5  -1  -3   1   1  -1   1   1  -4   1  -1   0  -4  -3  -1    4   4   4   0   0  39   0   0   4  12   4   6   4   0   8   4   4   0   0   4  0.43 0.33
   39 A     2  -2  -2  -2   1   2   0  -1   2  -2  -2   0  -2  -3   0   1   1  -3   0  -1   27   0   0   0   4  11   6   4   6   0   4   4   0   0   5  12  10   0   5   4  0.21 0.21
   40 T    -1   0  -1  -3  -3  -1  -3  -4  -4  -1  -3   1   0  -4  -3   0   6  -5  -4  -1    3   5   3   0   0   3   0   0   0   3   0  10   3   0   0   4  66   0   0   3  0.93 0.42
   41 V    -1  -4  -5  -5   1  -4  -4  -5  -4   4   3  -4   2  -2  -4  -3  -2  -4  -3   3    6   0   0   0   4   0   0   0   0  29  34   0   4   0   0   0   0   0   0  20  0.62 0.28
   42 S     0   2   0  -2   2  -1  -2  -1   0  -4  -4  -2  -3  -4  -3   5   0  -4  -1  -3    5  11   2   0   5   2   0   2   2   0   0   0   0   0   0  66   2   0   2   0  0.81 0.38
   43 R    -3   7   0  -3  -5   0  -2  -4   0  -5  -4   1  -4  -5   0  -2  -2  -5  -4  -5    0  79   3   0   0   2   0   0   2   0   0   5   0   0   5   2   2   0   0   0  1.45 0.47
   44 D    -2  -3  -2   7  -7  -5  -3  -6  -1  -3  -1  -3   4  -2  -6  -5  -3   0   0  -6    3   2   1  65   0   0   0   0   1   2   6   1  10   2   0   0   1   2   3   0  1.62 0.74
   45 I    -2  -6  -6  -7   0  -6  -6  -7  -6   5   5  -3   2  -1  -2  -3  -2  -6  -5  -1    3   0   0   0   2   0   0   0   0  28  49   2   4   2   3   2   2   0   0   3  1.05 0.53
   46 K     0   3   0   0  -2   1  -1  -3   0  -3  -3   4  -1  -3  -4   1  -1   0  -2  -1    8  18   4   4   1   5   2   1   2   1   2  27   1   1   0  10   4   1   1   4  0.41 0.31
   47 E    -1   1   0   1  -5   1   5  -3   0  -2  -3   2  -1  -2  -4  -1  -2  -5  -1  -2    4   7   3   8   0   5  36   2   2   2   2  15   2   2   0   3   2   0   2   2  0.52 0.37
   48 L    -1  -5  -5  -6   2   0  -5  -6   1   1   4  -5   4   0  -1  -1  -1  -4   0   0    4   0   0   0   4   4   0   0   4   6  43   0  10   4   4   5   4   0   4   4  0.61 0.38
   49 H    -1  -1   1  -1   1   0  -1   5   1  -5  -3   1   0  -1  -1  -1  -1  -5   0  -2    3   4   5   3   3   4   3  40   4   0   3   8   3   3   3   3   4   0   3   3  0.45 0.30
   50 L     3  -3  -3  -1  -3  -3  -1  -1  -3   1   3  -3   1  -2  -3   0  -1  -4   0   0   31   0   0   3   0   0   4   4   0  10  28   0   3   0   0   5   3   0   3   5  0.32 0.28
   51 V     0  -1  -3  -3  -1   0  -2  -3  -1   2  -2  -2   0  -2  -5  -1   1  -1  -1   5    9   3   1   1   1   5   2   2   2  12   3   3   2   2   0   4   7   1   2  38  0.51 0.38
   52 K    -6   3  -1  -6  -8  -5  -2  -2  -6  -8  -8   7   0  -8  -7  -3  -2   2  -1  -7    0  12   4   0   0   0   2   3   0   0   0  66   2   0   0   2   2   2   3   0  1.82 0.92
   53 V     0  -1  -1  -2   0  -1  -1  -2   0   2  -1  -1   1  -1  -2  -1   1  -5  -1   4    7   4   2   2   2   3   4   3   2  11   5   4   3   2   2   4   9   0   2  27  0.22 0.23
   54 P     0   3  -1  -1  -1   0  -1  -2   1  -1  -2   0   0  -2   4   0  -1   1  -1  -2    7  19   3   3   2   4   3   2   4   4   5   6   2   2  18   6   3   2   2   3  0.30 0.28
   55 T    -1   0   2   2   0  -1  -1   1   0  -1  -1  -1   0  -1   0   1   1  -4  -1  -2    5   5   8  14   2   3   4  13   2   3   5   3   3   2   4  10   9   0   2   3  0.13 0.16
   56 N     1  -1   0   0   1   0   0   2   1  -2  -3   0   1  -1   1   0  -1  -6  -1  -2   12   4   4   5   2   4   7  14   3   3   3   5   3   3   6   8   4   0   3   4  0.08 0.13
   57 N    -2  -1   2   4   1   0   0   0   2  -2  -3   0   0  -1  -2   0  -1   2   2  -2    3   4   9  20   3   3   6   7   4   3   3   5   3   3   3   6   4   2   6   3  0.27 0.22
   58 G    -2  -2   0  -2  -1  -1  -2   6   1  -3  -4  -1   1  -2  -4  -2  -2  -8  -2  -3    4   3   5   3   1   3   3  50   3   2   2   5   3   2   2   4   2   0   2   2  0.96 0.59
   59 S    -1   2   0  -2  -1   0   1   3   0  -2  -2   1  -1  -2  -3   0   0   0  -1   0    6  10   4   2   1   4   9  18   3   3   4   9   1   2   2   6   5   1   2   6  0.17 0.16
   60 Y    -1   0   0   0   2   0   0  -1   2   0  -1   0   2   1   0  -1   0   4   1  -1    5   5   5   5   5   5   5   5   5   5   5   5   5   5   5   5   5   5   5   5  0.09 0.08
   61 K     0   3  -1  -2   2  -1  -2  -3   2   1  -3   1   0   0  -2  -2  -2  -6   3   2    7  13   3   3   4   3   3   3   4   7   3   7   3   4   3   4   3   0   8  14  0.22 0.19
   62 Y    -1  -2  -2  -2  -7  -1  -2  -2   0  -2  -3  -2  -1   0  -2  -2  -1   1   8  -2    5   3   2   2   0   3   3   3   2   2   3   2   2   3   3   3   3   2  50   3  1.27 0.79
   63 S     2  -1  -1  -3   1   0  -2  -1   0   0  -1  -1   0  -2   0   1   0   0  -1   2   17   4   3   2   3   4   3   5   2   4   5   4   2   2   5   9   7   1   2  16  0.16 0.15
   64 L    -1   0   0   0   2   0   0  -1   2   0  -1   0   2   1   0  -1   0   4   1  -1    5   5   5   5   5   5   5   5   5   5   5   5   5   5   5   5   5   5   5   5  0.09 0.08
   65 P    -1  -1  -1  -1   0   0  -1  -1   1  -1  -1  -2   1   0   4   0  -1   1   1  -1    6   3   4   3   2   4   4   5   3   4   7   3   4   4  22   6   4   2   5   5  0.27 0.24
   66 A     0   0   0   0   2   0   0  -1   1   0  -1   0   1   0   0   0   0  -2   1   0    5   5   5   5   5   5   5   5   5   5   5   5   5   5   5   5   5   0   5   5  0.03 0.05
   67 D    -1   0   0   2   1   1   3  -1   2  -2  -2   0   1  -1   0  -1   0   2  -1  -2    5   4   5  11   2   5  17   4   4   3   4   5   3   3   4   5   5   2   3   4  0.17 0.16
   68 Q    -1   0   0   0   2   0  -1  -1   2   0  -1   0   2   0   0  -1   0   3   1  -1    5   5   5   5   5   5   5   5   5   5   5   5   5   5   5   5   5   5   5   5  0.03 0.09
   69 R     0   1   1   1  -3   1   1   0   1  -1  -2   0   1  -1   0   0   0  -3   0  -1    6   8   6   9   0   5  10   9   4   3   4   5   4   3   5   7   6   0   3   4  0.09 0.11
   70 F     0   0   0   1  -3   0   1  -1   0  -1  -1   0   0   0   1   0   0   1   1  -1    6   4   5   8   0   4   8   4   3   4   5   4   3   5   8   7   6   2   6   5  0.04 0.08
   71 N     0   1   2   1  -1   0   0  -1   1  -1  -2   0   0  -1   1   0   0   0  -1   0    6   8  11   9   1   5   5   5   4   3   4   6   2   3   8   6   5   1   3   6  0.09 0.10
   72 P     0   0   0   0  -5   0   0  -1   2   0   0  -1   1   0   2   0   0   2   0   0    8   6   4   5   0   4   5   4   5   5   8   4   4   4  10   6   7   3   3   5  0.08 0.09
   73 L    -1   0   0   0   2   0   0  -1   2   0  -1   0   2   1   0  -1   0   4   1  -1    5   5   5   5   5   5   5   5   5   5   5   5   5   5   5   5   5   5   5   5  0.09 0.08
   74 S    -1   0   0   0   2   0   0  -1   2   0  -1   0   2   1   0  -1   0   4   1  -1    5   5   5   5   5   5   5   5   5   5   5   5   5   5   5   5   5   5   5   5  0.09 0.08
   75 K    -2   3   0  -1   1   1  -1  -2   4  -1  -3   3   1  -1   0  -1  -1   2   0  -2    4  16   4   4   3   5   4   4   7   4   3  14   3   3   4   5   4   2   3   4  0.26 0.21
   76 L    -1   0   0   0   2   0   0  -1   2   0  -1   0   2   1   0  -1   0   4   1  -1    5   5   5   5   5   5   5   5   5   5   5   5   5   5   5   5   5   5   5   5  0.09 0.08
   77 K     0   1   0   0   0   1   1  -1   1  -1  -1   1   0   0   0   0   0  -3   0   0    8  11   5   4   3   6   8   4   4   5   5   7   3   4   3   7   4   0   4   6  0.05 0.07
   78 R    -1   0   0   0  -3   0   0  -1   2   0  -1   0   1   0   0   0   0   3   1   0    5   5   5   5   0   5   5   5   5   5   5   5   5   5   5   5   5   5   5   5  0.06 0.08
   79 A    -1  -1  -1  -1   1  -1  -2  -2   0   1   2  -1   3   0   1  -1  -1   2   0   1    6   3   3   3   2   3   3   3   3   7  17   3   8   4   6   5   4   3   4   8  0.13 0.11
   80 L     0   0   0   0   2   0   0  -1   1   0  -1   0   1   0   0   0   0  -2   1   0    5   5   5   5   5   5   5   5   5   5   5   5   5   5   5   5   5   0   5   5  0.03 0.05
   81 M     1   3   0  -2  -3   1   0   0   1  -2  -2   2  -1  -3  -1   1   0  -5  -3  -2   11  15   4   2   1   6   7   7   3   3   4  12   2   1   3  12   5   0   1   3  0.21 0.22
   82 D    -1  -1   2   4  -7   1   4  -2   0  -4  -4  -2  -3  -2   0   1  -1  -7  -3  -4    4   4   8  21   0   5  26   3   2   1   2   2   1   2   4   9   3   0   1   1  0.60 0.46
   83 A     1  -2  -1  -2   0  -1  -1   1   0  -1   2  -2   0   1  -3   1   0   1   0   0   10   2   3   2   2   2   5  11   2   3  18   1   2   7   1  13   5   2   3   6  0.11 0.15
   84 F    -2  -4  -4  -5  -1  -4  -6  -4  -3   3   2  -3  -1   4  -3  -3  -3  -2   1   5    4   1   1   1   1   1   0   2   1  13  17   2   1  14   2   2   2   0   4  33  0.76 0.45
   85 V    -1   0  -3  -3  -5  -1  -1  -4  -2   2   2  -2  -1  -2  -4  -3   1  -2  -3   4    5   5   1   1   0   3   4   1   1  12  21   3   1   2   1   2   9   1   1  26  0.44 0.33
   86 K    -2  -2   0   2  -2  -2   0   0   0  -4  -5   1  -1  -2  -4   5   0   0  -3  -3    3   3   4  10   1   2   6   8   2   1   1   7   2   2   1  37   5   1   1   3  0.61 0.45
   87 I     0  -2  -4  -8   0  -3  -7  -4  -1   5   0  -4   3  -1  -4  -2  -2  -1  -2   4    8   2   1   0   2   2   0   2   2  27   8   1   7   3   1   4   3   1   2  26  0.85 0.45
   88 D     0   0  -1   5  -7   1   3  -4   0  -2  -5  -1  -2  -4  -4  -1   0  -1  -2  -1    7   5   3  28   0   5  18   2   2   3   2   5   1   1   1   4   6   1   2   4  0.61 0.41
   89 S     1   1  -2  -2   1   1  -1  -2   4  -1  -3  -2   0   2   0   0  -1   0   3   0   13   8   2   2   3   5   4   4   9   4   3   2   2   7   4   7   4   1   8   6  0.21 0.17
   90 A     3  -2   4  -2   0   1  -3  -2   0  -1  -3  -2   1  -7  -1   2  -1  -7  -7   1   19   2  16   2   2   5   2   4   2   4   3   3   3   0   4  15   4   0   0   9  0.42 0.32
   91 S    -1   0   1   3   0   2   2   2   1  -3  -4  -2  -1  -2  -1   0  -2   1  -2  -2    5   4   5  15   2   8  14  15   3   2   2   3   2   2   4   6   3   2   2   3  0.29 0.24
   92 H    -2  -2   6  -1   1   0  -1  -2   3  -3  -4   0   0   1  -1  -1  -2   1  -1  -3    4   2  33   4   3   4   4   4   6   2   2   5   2   6   4   5   3   2   3   3  0.68 0.44
   93 M    -1  -1  -1  -1   1   0  -3   0   0   1   1  -1   3   1  -3  -1   1   2   0   0    3   3   3   3   3   4   0   7   3  10  17   3   9   7   0   3  11   3   3   4  0.11 0.15
   94 I     0  -2   0  -2   2  -1   0   0  -2   0   0   0   1   1  -2   0   0  -2   1   0    7   0   7   0   7   0   7   7   0   7   7   7   7   7   0   7   7   0   7   7  0.05 0.10
   95 V    -1  -3   0   1   2  -1  -2  -1   1   1   0  -3   1   0  -3   0   0   2   0   3    4   0   4   8   4   3   0   3   3   6   6   0   4   4   0   8   3   3   3  31  0.18 0.18
   96 L    -1  -3  -3  -4   2  -3  -3  -4  -4   3   2  -1   2   1  -3  -1   0  -3  -2   2    5   0   0   0   5   0   0   1   0  22  24   5   5   6   0   6   5   0   0  12  0.34 0.22
   97 K    -1   2   0   1   0   0   0  -2   2   0  -2   3   0  -1  -3  -1   0  -4   0  -1    3  10   4   7   3   4   3   3   5   7   3  24   3   3   0   4   7   0   3   4  0.16 0.18
   98 T    -1  -4   0  -1   3  -4  -4  -1  -4   0  -1  -4   2   0  -4   0   5  -5  -4   1    5   0   4   4   5   0   0   4   0   5   6   0   5   4   0   5  39   0   0  11  0.57 0.41
   99 M    -1   0   0  -1  -1   1   0  -1   0   1   1  -1   0  -1   1   0   0  -3  -1   0    5   5   4   3   1   6   6   5   3   8  16   4   3   2   9   6   6   0   2   7  0.05 0.07
  100 P    -2  -2  -2  -2  -1  -2  -2  -2  -1  -2  -2  -1  -1  -3   7   1   0  -6  -2  -2    4   2   2   2   1   2   2   4   2   3   4   3   2   1  46   9   7   0   1   3  0.93 0.57
  101 G    -2  -3  -1  -1  -6  -5  -3   6  -1  -6  -6  -3  -6  -6  -5  -2   0   3  -2  -3    3   2   3   4   0   0   2  65   2   0   1   2   0   0   0   3   6   4   2   2  1.35 0.67
  102 N     0  -1   3  -1   0  -1  -1  -1   2  -2  -2  -2   3  -1  -1   1   2   0   2  -3    8   2  12   3   2   2   4   6   5   2   3   1   7   2   3  10  14   1   9   1  0.22 0.23
  103 A     6  -5  -5  -2  -5  -2   0   1  -5  -5  -5  -5  -1  -6  -1  -1   0  -6  -6  -3   62   0   0   2   0   2   5  12   0   0   0   0   2   0   3   4   5   0   0   2  1.19 0.66
  104 Q     1  -1   3   1  -2   3  -1  -2   2  -3  -4  -1   1  -3   2   2   0  -5  -2  -3   11   3  13   7   1  16   2   3   5   1   1   2   3   1  10  13   5   0   1   2  0.37 0.31
  105 A     3  -2  -3  -4  -2  -3  -3   1  -2   1   1  -3   0   0   0   0  -1  -1   0   2   23   2   1   0   1   1   2   9   1   7  11   1   2   4   4   7   4   1   3  18  0.24 0.23
  106 I     0  -2  -2  -2   3  -2  -2   0  -2   1   0   0   2   1  -2   0   1  -2   2   1    8   0   0   0   8   0   0   8   0   8   8   8   8   8   0   8   8   0   8   8  0.08 0.11
  107 G     4  -1  -1  -3   2  -2  -1   2   0  -3  -4   0  -3  -4  -3   0  -1  -4  -1  -1   46   3   3   0   5   0   3  13   3   0   1   7   0   0   0   5   4   0   3   3  0.51 0.37
  108 A     2   1   0  -1   0   0   0  -1   0  -1  -1  -1   0  -1  -1   2   0   1   1  -1   24   7   5   2   2   2   5   2   2   3   3   3   2   3   2  17   6   2   5   4  0.13 0.17
  109 L     3  -2  -2  -1   0  -1  -1  -2  -1   0   2  -2   0   0  -2  -1  -1   0   1   0   27   2   2   3   1   2   4   2   2   6  23   1   2   4   1   2   3   1   5   7  0.18 0.19
  110 M    -2  -5  -5  -5   0  -5  -5  -5   0   6   3  -5   1   1  -5  -3  -3  -4  -3   1    2   0   0   0   2   0   0   0   3  42  29   0   3   5   0   2   0   0   0   6  0.90 0.47
  111 D    -4  -3  -1   7  -2  -2   0  -4  -5  -3  -3  -2  -2  -3  -6  -3  -3  -1  -3  -4    2   2   3  66   1   2   7   1   0   2   3   2   1   1   0   2   2   1   1   2  1.63 0.71
  112 N     0   2   2  -1  -2   3   1  -2   3  -3  -3   1  -2  -3  -4   1  -1  -1  -1  -3    9  13  10   3   1  12   9   3   6   1   2   7   1   1   0  13   4   1   2   1  0.31 0.25
  113 L     1  -2  -1   0   1   0   0  -3   2  -1   2  -2   4  -2  -3   0  -1  -1  -2   0   14   2   3   4   3   5   5   2   5   3  19   2  10   2   1   7   3   1   1   6  0.20 0.18
  114 D     0   1   2   1   0   0   1   1   2  -2  -3   1   0   0   0   0  -1   1   0  -2    7   7   9   8   2   4   8  10   4   2   3   8   2   5   4   7   3   2   4   3  0.13 0.13
  115 W    -2  -1  -1  -1   1  -1  -2  -3   1   0   2  -1   2   2   0  -1  -1   6   0  -1    3   4   3   4   3   3   3   3   3   6  18   4   5   7   5   4   3  11   4   4  0.35 0.24
  116 D    -2  -2   0   2   0  -1   2  -3   2  -2  -3   0  -7  -2   4   1  -1   1  -1  -3    4   3   4  11   2   3  13   3   4   2   3   5   0   2  20   9   4   2   3   2  0.40 0.34
  117 E    -2  -2  -1   2  -1  -1   5   2   1  -2  -3  -2  -2   0  -3  -2  -3   2  -1  -4    3   2   3  11   1   3  33  15   3   2   3   2   1   4   2   4   2   3   2   2  0.62 0.43
  118 M    -3  -8  -4  -9   0  -3  -4  -9  -2   6  -1  -3   0  -2  -8  -4  -3   0  -1   5    2   0   1   0   2   1   1   0   1  40   6   2   2   2   0   2   2   1   2  30  1.38 0.67
  119 M     0  -4  -9  -9  -2  -4  -4  -5  -8   2   4  -4   2   2  -9  -4  -3  -8  -3   4    8   1   0   0   1   1   2   1   0  10  35   2   4   8   0   2   2   0   1  22  0.92 0.48
  120 G     0  -6  -2  -4   0  -6  -6   7  -1  -4  -5  -4  -1  -7  -2   0  -2  -6  -4  -5    9   0   2   1   2   0   0  67   1   1   1   1   2   0   2   6   3   0   1   1  1.48 0.73
  121 T    -1  -5  -1  -2   4  -5  -5  -6  -6   0  -3  -2   0  -3  -5   1   6  -6  -6   1    4   0   3   2   7   0   0   0   0   5   2   3   2   1   0   9  53   0   0   8  1.14 0.67
  122 I    -3  -4  -3  -6  -5  -1  -6  -7  -6   6   2  -6   0   0  -6  -4  -3  -6  -5   3    2   1   2   0   0   3   0   0   0  45  19   0   2   3   0   1   1   0   0  19  1.18 0.58
  123 C     6  -2  -1  -4   2  -4  -4   0  -1  -2  -2  -5  -5  -2  -2  -1  -1  -6  -3  -2   57   2   3   1   4   1   1   6   1   3   5   0   0   2   2   4   4   0   1   3  0.93 0.57
  124 G    -4  -6   0   2  -7  -3  -4   6  -6  -5  -5  -4  -6  -2  -1  -2  -4  -7  -7  -4    1   0   5  13   0   1   1  65   0   1   1   1   0   2   3   2   1   0   0   2  1.53 0.75
  125 D    -1  -3   0   7  -4  -1  -1  -2   1  -3  -3  -3  -4   1  -2  -2  -4  -7  -2  -3    6   1   4  56   1   3   3   3   3   2   3   1   1   5   2   2   1   0   1   2  1.19 0.63
  126 D    -1  -4   3   7  -8  -3  -1  -4  -6  -1  -8  -6  -3  -8  -7  -2  -1  -9  -8  -7    5   1  13  66   0   1   3   1   0   3   0   0   1   0   0   2   4   0   0   0  1.84 0.89
  127 T    -3  -4   0  -1  -2  -5  -4   0   0  -2  -2  -2  -3  -5  -6   1   7  -7  -3  -3    1   1   4   4   1   0   0   6   3   2   4   2   0   0   0   9  59   0   1   2  1.20 0.69
  128 I    -4  -7  -3  -7   2  -7  -7  -6  -7   6   1  -7  -1  -2  -7  -4  -3  -7  -5   4    1   0   1   0   3   0   0   1   0  44  11   0   1   1   0   1   1   0   0  30  1.27 0.64
  129 L    -4  -6  -7  -7  -3  -4  -7  -7  -3   1   4  -6   4   5  -7  -6  -1   4  -2   0    1   0   0   0   1   1   0   0   1   7  43   0  10  23   0   0   3   4   1   5  1.18 0.59
  130 I    -1  -6  -5  -7   1  -6  -6  -5  -6   4   2  -6   4  -3  -6  -4  -3  -6  -5   5    5   0   1   0   3   0   0   1   0  25  15   0  10   1   0   1   1   0   0  39  1.10 0.55
  131 I     1  -6  -6  -6  -1  -4  -4  -5  -6   5   1  -5   2   2  -5  -4   0  -5  -3   3   13   0   0   0   1   0   1   0   0  37  10   0   5   8   0   1   5   0   0  19  0.83 0.45
  132 C     1  -4  -3  -5   6  -3  -4  -2  -3   0  -1  -3   1   0   2   0   2  -3  -2   2   13   0   0   0  16   0   0   3   0   4   6   1   4   4  12   8  13   0   1  12  0.46 0.33
  133 R    -1   5   1  -1  -4   0  -1  -4   0  -3  -4   3  -3  -2   1  -1  -1  -3  -1  -3    6  37   6   3   0   4   3   1   2   2   2  15   0   2   6   3   4   0   2   1  0.67 0.42
  134 T    -1  -2   1   4  -4  -2   2  -2  -2  -4  -5  -1  -3  -6  -1   4   2  -6  -5  -4    3   2   6  20   0   1  13   2   1   1   1   4   0   0   3  29  13   0   0   1  0.64 0.45
  135 P     0  -1   1   1  -3   0   2   1  -1  -1  -3   1  -2  -4   2  -1   0  -5  -4   1    6   2   7   9   0   2  17  11   1   3   2   9   0   0  11   2   5   0   0  10  0.23 0.21
  136 E     0   1   0   2  -3   1   3  -2   0  -2  -3   1  -1  -2  -2   0   1  -3  -2  -1   10   7   4  11   0   5  22   2   2   3   2  10   1   1   1   5   7   0   1   6  0.25 0.23
  137 D     1   0   0   3  -2   0   1   0   0  -1  -3   0   1  -3  -2   1   1  -3  -2  -2   12   4   4  16   1   5   8   7   2   4   2   6   4   1   1  10  10   0   1   3  0.19 0.19
  138 T     5   1  -3  -5   1  -2  -4   1  -2   1  -2  -2  -3  -5  -2  -1   1  -6  -4   0   42   6   1   0   3   2   1  11   1   7   4   2   1   0   2   3   9   0   0   5  0.56 0.41
  139 E     1   1   0   1  -4   3   3  -2  -1  -2  -3   2  -2  -4  -1   0  -1  -6  -3  -1   10   6   4   8   0  13  18   2   1   3   3  12   1   0   3   5   3   0   1   6  0.31 0.27
  140 G     1   1   0   2  -4   2   3  -3   0  -1  -2   1  -2  -2  -4  -1   0  -2  -2  -2   11   8   3  10   0  10  22   1   2   3   4   9   1   1   0   4   4   0   1   3  0.32 0.28
  141 V    -3  -4  -6  -8   0  -7  -7  -8  -7   4   4  -6   0   2  -7  -5  -1  -2  -3   4    2   1   0   0   2   0   0   0   0  19  35   0   2   8   0   0   4   1   1  24  1.03 0.53
  142 K     2   0  -1  -3   1   0   0  -3   1   1   0   0   2   0  -4  -1  -1  -2   1   1   17   5   2   0   3   5   7   1   3   8  10   5   6   3   0   4   3   0   4  11  0.13 0.16
  143 N     0   1   2   2  -6   2   3  -2   0  -5  -4   3  -3  -5  -5  -1  -1  -7  -4  -4    9   8   8  11   0  10  21   3   2   1   1  16   1   0   0   4   3   0   1   1  0.54 0.39
  144 R     0   3  -1  -1  -3   1   2  -4   0  -1  -1   3  -1  -1  -4  -1  -1   3  -1  -2    8  19   3   4   1   7  11   1   2   4   5  16   1   2   0   4   4   3   3   2  0.32 0.27
  145 L    -6  -8  -8  -9  -4  -8  -8  -7  -8   5   5  -8   0   5  -8  -7  -5  -2  -4   1    0   0   0   0   0   0   0   0   0  28  42   0   2  19   0   0   0   0   0   7  1.48 0.68
  146 L    -2   3   2  -1  -1   1   1  -3   1  -2   1   2   0  -3  -4   1  -1  -1  -3  -3    3  14   8   2   1   7   9   1   3   2  14  13   2   1   0  11   4   1   1   2  0.25 0.23
  147 E     0   1   1   2  -6   2   3  -1   0  -4  -4   3  -3  -5  -4   1  -1  -6  -2  -4    9   7   7  10   0   7  18   4   2   1   2  16   1   0   0  10   3   0   1   1  0.41 0.31
  148 L    -6  -7  -8  -8  -3  -7  -8  -8   0   3   5  -7   5   1  -8  -7  -3   4   2  -1    0   0   0   0   0   0   0   0   2  16  45   0  14   6   0   0   1   5   6   4  1.30 0.62
  149 L    -6  -7  -8  -8  -6  -7  -8  -8  -7   4   4  -7   4   4  -8  -7  -6  -6  -5   2    0   0   0   0   0   0   0   0   0  22  38   0  11  15   0   0   0   0   0  13  1.39 0.61

                      K         Lambda
Standard Ungapped    0.1344     0.3176
Standard Gapped      0.0434     0.2670
PSI Ungapped         0.1419     0.3174
PSI Gapped           0.0434     0.2670
