
Last position-specific scoring matrix computed, weighted observed percentages rounded down, information per position, and relative weight of gapless real matches to pseudocounts
            A   R   N   D   C   Q   E   G   H   I   L   K   M   F   P   S   T   W   Y   V   A   R   N   D   C   Q   E   G   H   I   L   K   M   F   P   S   T   W   Y   V
    1 T    -2  -5  -2  -5   1  -4  -5  -5  -5  -1  -3  -4  -3  -4  -5  -2   5  -6  -4   6    1   0   2   0   3   0   0   0   0   0   0   0   0   0   0   2  34   0   0  59  1.23 0.49
    2 A     3  -5  -4  -5   0  -5  -4   1  -5  -5  -4  -4  -5  -6  -5   6  -1  -7  -6  -4   24   0   0   0   2   0   0   9   0   0   1   0   0   0   0  60   2   0   0   1  1.36 0.65
    3 F    -3  -6  -7  -7  -4  -5  -7  -6  -5   4   5  -6   5   3  -7  -6  -5  -5   0  -2    2   0   0   0   0   0   0   1   0  20  49   0  13  12   0   0   0   0   3   1  1.28 0.55
    4 L    -4  -7  -8  -8  -6  -7  -7  -8  -4   8   0  -7   1  -3  -6  -7  -5  -7  -4   2    1   0   0   0   0   0   0   0   0  73   8   0   3   0   0   0   0   0   1  14  1.97 0.72
    5 W     3  -7  -7  -7   0  -6  -6  -6  -6  -2  -2  -6  -3  -1  -7  -4  -4   9   0   5   23   0   0   0   2   0   0   0   0   1   3   0   0   2   0   1   1  29   2  36  1.65 0.68
    6 A     7  -7  -7  -7  -3  -6  -6  -4  -7  -6  -6  -6  -6  -8  -6  -3  -4  -8  -7  -3   95   0   0   0   1   0   0   1   0   0   1   0   0   0   0   1   1   0   0   1  2.46 0.99
    7 Q     1   1  -4  -4  -2   3   1  -5   1   0  -2  -2   6  -3  -5  -4  -3  -5  -2   3   11   7   0   0   1  16  10   0   4   5   3   2  21   1   0   0   1   0   1  18  0.63 0.41
    8 D     4  -5  -2   6  -4  -4  -2   0  -5  -6  -7  -4  -2  -7  -5   2   0  -7  -6  -6   29   0   1  39   0   0   1   6   0   0   0   0   1   0   0  16   6   0   0   0  1.12 0.58
    9 R    -1   4   0   0  -5   2   4  -4   0  -4  -3   3  -4  -6  -2  -1  -2  -6  -5  -4    6  20   5   4   0   7  24   0   2   1   3  19   0   0   2   4   2   0   0   0  0.63 0.38
   10 D    -3  -3   8   2  -6   0  -3  -2   0  -7  -7  -1  -6  -8  -6  -2  -3  -6  -6  -7    2   1  69  10   0   4   2   3   2   0   0   4   0   0   0   2   1   0   0   0  1.90 0.79
   11 G    -4   4   3  -3  -5  -2  -5   5   2  -7  -4  -2  -3  -4  -6  -4  -5   5  -3  -7    1  21  16   1   0   2   0  42   4   0   1   1   1   1   0   1   0   7   1   0  1.18 0.56
   12 L     2  -6  -5  -6  -1  -4  -3   0  -4   1   0  -5  -2  -4  -6  -4  -2  -3  -4   6   14   0   1   0   2   0   1   8   0   6   9   0   0   0   0   0   3   0   0  54  0.99 0.50
   13 I    -7  -8  -9  -9  -7  -8  -9  -5  -9   9  -1  -8  -2  -5  -8  -8  -6  -8  -7  -2    0   0   0   0   0   0   0   1   0  94   4   0   1   0   0   0   0   0   0   0  2.85 1.00
   14 G    -2  -8  -6  -4  -8  -7  -7   8  -7  -9  -9  -7  -8  -9  -8  -6  -7  -8  -9  -9    3   0   0   1   0   0   0  97   0   0   0   0   0   0   0   0   0   0   0   0  2.84 1.02
   15 K     0   3   1  -1  -1  -1  -3  -4  -1  -1  -2   5  -3  -3  -5  -2  -3  -4   1  -2    8  17   8   3   1   2   0   1   1   3   4  39   0   1   0   3   1   0   4   3  0.67 0.41
   16 D    -2  -3   4   6  -5   1   1   1  -1  -7  -7   1  -5  -7  -6  -3  -4  -8  -6  -7    3   1  21  44   0   5   7   9   1   0   0   7   0   0   0   1   0   0   0   0  1.19 0.57
   17 G    -4  -5   7  -2  -6  -3  -5   5  -3  -8  -7  -4  -6  -8  -6  -4  -5  -8  -6  -7    1   0  49   1   0   1   0  43   0   0   0   1   0   0   0   0   0   0   0   0  1.96 0.82
   18 H     0   1  -1   3  -4   3   0   1   1  -5  -4   2  -3  -5  -4   0   1  -2  -4  -4    6   6   2  19   0  15   5  11   4   0   1  14   0   0   0   5   8   1   0   1  0.43 0.30
   19 L    -6  -7  -8  -8  -6  -5  -7  -7  -7   3   6  -7   6  -4  -6  -7  -5  -6  -6  -2    0   0   0   0   0   0   0   0   0  13  65   0  18   0   0   0   0   0   0   1  1.75 0.72
   20 P    -4  -8  -8  -7  -5  -7  -7  -8  -8  -1   1  -7  -3  -8   8  -5  -6  -9  -8  -3    1   0   0   0   0   0   0   0   0   4  14   0   1   0  77   0   0   0   0   2  2.50 0.98
   21 W    -7  -9  -8  -9  -3  -7  -9  -9  -7  -7  -6  -8  -6  -3 -10  -9  -7  13  -3  -1    0   0   0   0   1   0   0   0   0   0   1   0   0   1   0   0   0  91   0   5  4.79 1.51
   22 H    -5   4   0  -1  -6  -3  -4  -6   9  -6  -7   0  -5  -4  -5   0  -5  -5   1  -7    0  21   4   3   0   1   0   0  51   0   0   5   0   0   1   6   1   0   4   0  1.90 0.78
   23 L    -4  -6  -7  -7  -4  -4  -6  -8  -5   4   6  -7  -1  -2  -6  -6  -5  -6   0   0    1   0   0   0   0   1   0   0   0  23  63   0   1   1   0   0   0   0   3   5  1.46 0.62
   24 P    -5  -2  -7  -5  -8  -5  -5  -6  -6  -8  -7   0  -8  -7   8   1  -4  -9  -8  -8    1   3   0   0   0   0   0   0   0   0   0   6   0   0  78  10   1   0   0   0  2.53 1.00
   25 D     3  -2   2   2  -4  -2   4  -1  -2  -5  -5  -1  -4  -6  -4   1  -2  -4  -5  -4   27   2   9  12   0   1  28   4   1   0   1   3   0   0   0   8   2   0   0   1  0.68 0.42
   26 D    -7  -7  -3   9  -9  -4   0  -6  -7  -9  -9  -6  -9  -9  -7  -6  -7 -10  -9  -9    0   0   0  92   0   0   6   0   0   0   0   0   0   0   0   0   0   0   0   0  2.99 1.10
   27 L    -5  -3  -7  -8  -6  -1  -6  -7  -3  -2   5  -4   6   2  -7  -5  -5   0  -4  -3    0   2   0   0   0   3   0   0   1   1  59   1  21   8   0   1   0   1   0   1  1.49 0.66
   28 H     3   2  -2  -4  -5   2  -1  -5   0  -5  -4   6  -4  -6  -4  -3  -4  -5  -5  -5   20  11   2   1   0  10   3   0   2   0   2  46   0   0   0   1   1   0   0   0  1.09 0.56
   29 Y    -5   4  -2  -6  -7  -3  -5  -7   8  -5  -3  -4  -1   5  -7  -5  -5   2   5  -6    0  18   2   0   0   1   0   0  29   1   2   0   2  20   0   0   0   3  20   0  1.59 0.68
   30 F    -8  -9  -9  -9  -8  -9  -9  -9  -7  -3  -2  -9  -3  10  -9  -8  -8  -5  -2  -3    0   0   0   0   0   0   0   0   0   1   3   0   0  93   0   0   0   0   1   2  3.35 1.12
   31 R    -5   4  -4  -6  -8  -1  -4  -7  -6  -6  -6   7   1  -8  -6  -4  -5  -8  -7  -6    1  22   1   0   0   3   0   0   0   0   0  69   3   0   0   1   0   0   0   1  2.04 0.85
   32 A     2   3   0   0  -5   3   3  -3  -1  -5  -5   3  -3  -6  -5   0  -1  -6  -4  -4   15  17   4   5   0  11  21   1   1   0   0  14   0   0   0   6   3   0   0   0  0.60 0.38
   33 Q    -2  -2  -3  -4  -3   0  -1  -5   1   2   2   0   2  -3  -5  -2   3  -4  -2   1    2   2   1   0   0   3   4   0   4  10  24   6   6   0   0   1  23   0   1  10  0.42 0.30
   34 T    -6  -7  -6  -7  -7  -6  -7  -7  -8  -2  -7  -6  -6  -8  -5  -3   8  -8  -7  -3    0   0   0   0   0   0   0   0   0   2   0   0   0   0   0   1  94   0   0   2  2.83 1.12
   35 V    -2  -1  -3  -4  -5  -2  -1  -4  -4   0   2   0   6  -3  -5   0   3   2  -3  -1    2   3   1   0   0   2   5   1   0   5  20   6  24   0   0   6  17   3   0   3  0.62 0.39
   36 G    -3  -5   1  -1  -7  -5  -5   7   0  -8  -8  -4  -7  -6  -4  -3  -5  -8  -6  -7    1   1   8   3   0   0   1  79   2   0   0   1   0   0   1   2   0   0   0   0  1.99 0.79
   37 K    -2  -1   2  -4  -1   0  -2  -1   8  -6  -6   5  -2  -5  -6  -2  -4  -5  -3  -6    3   2   8   0   1   4   2   5  37   0   1  31   1   0   0   3   1   0   1   0  1.43 0.64
   38 I     0  -5  -3  -3  -2  -5  -5  -5   3  -1  -4  -3  -3  -2   6  -1   3  -5  -2   1    7   0   1   1   1   0   0   0   6   3   1   1   0   2  44   4  18   0   2   9  1.14 0.57
   39 M    -4  -7  -5  -8   1  -7  -7  -8  -7   5   1  -7   3  -5  -7  -6  -4  -7  -6   6    1   0   1   0   3   0   0   0   0  32  11   0   6   0   0   0   0   0   0  45  1.46 0.62
   40 V    -4  -7  -8  -8  -6  -7  -7  -7  -8   6   1  -7  -2  -4  -7  -7  -5  -7  -6   5    1   0   0   0   0   0   0   0   0  49  13   0   0   0   0   0   0   0   0  35  1.72 0.69
   41 V    -2  -7  -8  -8  -4  -4  -7  -7  -4  -3  -1  -7  11  -3  -8  -4  -3  -7  -4  -2    3   0   0   0   0   1   0   0   0   0   3   0  85   1   0   1   2   0   1   2  3.19 1.15
   42 G    -3  -7  -5  -6  -8  -7  -7   8  -7  -9  -9  -7  -8  -8  -7  -3  -7  -8  -8  -8    1   0   0   0   0   0   0  97   0   0   0   0   0   0   0   2   0   0   0   0  2.80 1.00
   43 R    -4   8  -5  -3  -8  -2  -4  -6  -3  -8  -5  -1  -5  -8  -7  -3  -6   0  -3  -6    2  86   0   2   0   1   1   0   0   0   1   2   0   0   0   1   0   2   1   0  2.47 0.96
   44 R    -3   3   1  -5  -5  -3  -3  -5   0  -5  -4   7  -4  -7  -5  -4  -2  -7  -6  -2    1  14   7   0   0   0   0   0   2   0   1  65   0   0   0   0   2   0   0   4  1.56 0.71
   45 T    -4  -6   1  -6   0  -4  -6  -7  -7  -6  -6  -6  -6  -2  -6  -2   8  -7  -6  -4    0   0   5   0   2   1   0   0   0   0   0   0   0   2   0   2  86   0   0   1  2.35 0.98
   46 Y    -6  -5  -7  -8  -4  -5  -7  -8   1  -4  -1  -7  -2   7  -5  -7  -6   8   6  -5    0   1   0   0   0   0   0   0   3   0   7   0   1  40   1   0   0  21  25   0  2.12 0.80
   47 E    -2  -3  -2   3  -7  -1   7  -6  -3  -4  -4  -1  -4  -4  -5  -4  -4  -7  -4  -4    3   1   2  16   0   2  64   0   0   1   2   2   0   1   0   0   1   0   0   1  1.47 0.70
   48 S    -1  -5  -3  -4  -6  -5  -3   0  -4  -6  -7  -5  -6  -6  -6   7   0  -8  -5  -5    3   0   0   1   0   0   2   6   0   0   0   0   0   0   0  82   4   0   0   0  1.88 0.87
   49 F    -4  -5  -3  -6  -3  -5  -6  -7  -6   5   4  -6   3   3  -5  -5  -4  -5  -1  -1    1   0   1   0   0   0   0   0   0  38  34   0   7  12   0   0   0   0   2   2  1.13 0.50
   50 P    -2  -2   0  -1  -2   0  -2   3  -2  -2  -2  -2  -2  -3   6  -2  -2  -3  -2  -2    3   2   4   3   1   4   2  24   1   2   3   2   1   1  36   3   2   0   1   4  0.75 0.30
   51 K    -1   0   0  -1  -3   0   1   4  -2  -3  -4   4  -3  -2  -1  -2  -2  -3  -1  -3    3   5   5   2   0   4   9  31   1   1   1  25   0   2   3   2   2   0   2   2  0.52 0.32
   52 R    -3   7  -2  -3  -4   0  -2  -1   0  -4  -2   3  -1  -3  -3  -3  -3  -3  -3  -3    2  52   2   1   0   4   2   4   2   1   4  17   1   1   1   2   1   0   1   2  1.06 0.45
   53 P     0  -5  -5  -5  -4  -4  -2  -4  -6  -2  -4  -5  -6  -6   8  -2  -4  -7  -7  -2    7   0   1   0   0   0   3   1   0   2   2   0   0   0  75   3   1   0   0   3  2.18 0.85
   54 L    -6  -7  -8  -8  -6  -7  -6  -8  -7  -2   7  -4   0  -2  -8  -7  -6  -6  -2  -2    0   0   0   0   0   0   0   0   0   0  92   1   2   1   0   0   0   0   1   2  2.07 0.83
   55 P    -3  -5  -5  -3  -5  -4  -5  -4  -5  -6  -7   1  -5  -2   8  -4  -5  -8  -6  -6    2   1   0   1   0   1   1   2   0   0   0   7   0   2  80   1   0   0   0   1  2.47 0.95
   56 E    -4  -2   5   1  -6  -1  -1   5   2  -7  -6   0  -6  -6  -6  -2  -4  -6  -1  -7    0   2  29   7   0   2   4  42   4   0   0   7   0   0   0   1   0   0   2   0  1.13 0.54
   57 R    -7   9  -4  -7  -4  -4  -2  -4  -3  -8  -6  -2  -7  -8  -7  -6  -6  -8  -7  -8    0  94   1   0   1   0   2   1   1   0   1   1   0   0   0   0   0   0   0   0  2.89 1.07
   58 T    -2   3  -2  -1  -4   1   1  -4   0  -1   0   2  -2  -3  -1  -2   3  -4  -3  -1    2  16   1   2   0   5  11   0   3   3   9  13   1   1   3   1  24   0   0   5  0.38 0.30
   59 N    -6  -5   8  -4  -4  -5  -5  -3   4  -2  -6  -5  -3  -5  -7   0   0  -8  -6  -6    0   0  74   0   0   0   0   2   8   2   0   0   1   0   0   5   6   0   0   0  2.16 0.88
   60 V    -5  -6  -7  -7  -3  -7  -7  -8  -4   7   0  -7  -1  -2  -7  -6  -3  -2   0   3    0   0   0   0   0   0   0   0   1  67   7   0   1   1   0   0   2   1   4  15  1.70 0.68
   61 V    -4  -7  -8  -8  -3  -7  -7  -6  -8   4  -3  -7  -2  -5  -7  -6  -4  -7  -6   7    1   0   0   0   0   0   0   1   0  18   1   0   1   0   0   0   0   0   0  78  2.07 0.82
   62 L    -3  -6  -7  -7  -1  -6  -6  -7  -7   4   4  -6   1  -2  -6  -5  -4  -6  -4   3    1   0   0   0   1   0   0   0   0  25  44   0   3   1   0   0   0   0   0  22  1.19 0.53
   63 T    -3  -6  -3  -6  -2  -5  -5  -6  -3  -6  -6  -5  -3  -7  -6   4   7  -7  -6  -5    1   0   1   0   1   0   0   0   1   0   0   0   1   0   0  26  71   0   0   0  2.05 0.91
   64 H    -4   7  -1  -3  -5  -1  -4  -3   3  -6  -5   0  -4  -2  -5   1   0  -4  -4  -6    1  60   3   1   0   3   0   2   6   0   1   4   0   2   0  10   6   0   0   0  1.35 0.62
   65 Q    -4   1   4   4  -5   5  -2  -4  -2  -5  -5   0  -4  -7  -4   0  -2  -7  -6  -5    1   8  23  26   0  25   1   1   1   0   1   5   0   0   0   6   2   0   0   0  1.00 0.53
   66 E     1   1  -1  -1  -3   1   1  -2  -1  -3  -2   3  -2  -4   4   0   1  -2  -2  -3   10   6   3   4   0   5  10   2   2   1   3  18   1   0  19   6   8   1   1   1  0.35 0.24
   67 D    -1  -2   3   5  -5  -1   1   0   0  -4  -4  -1  -4  -4  -2   1  -1  -7  -4  -5    6   2  14  34   0   2   8   8   2   1   2   3   0   1   2  10   4   0   1   1  0.67 0.39
   68 Y    -4  -2  -4  -3  -4  -4  -1  -4  -2  -2   0  -4  -3   5  -5  -4  -4   6   7  -3    2   2   1   2   0   1   4   2   1   2   8   1   0  20   1   2   1  11  37   2  1.38 0.63
   69 Q     0   1   0   0  -3   3   1  -3   2  -2  -2   2  -2  -3  -1   1   1  -2  -3  -1    7   7   4   4   1  15  10   1   5   2   3  13   1   1   4  10   8   1   1   4  0.26 0.22
   70 A     4  -2  -3  -2  -1  -2  -2  -3   1   0  -2  -2  -3   0   3   0  -2  -4   0   1   33   2   1   2   1   1   2   1   3   6   4   2   0   4  13   6   2   0   3  12  0.41 0.30
   71 Q    -1  -2  -1   3  -5   0   5  -4  -2  -6  -5   0  -4  -6   4  -2  -3  -5  -4  -5    5   2   2  18   0   4  34   1   1   0   1   6   0   0  18   3   2   0   0   1  0.91 0.52
   72 G    -3  -4   2   1  -4  -2  -2   7  -4  -7  -7  -3  -6  -6  -4  -2  -3  -5  -5  -6    2   1   8   7   0   2   2  67   0   0   0   1   0   0   1   3   2   0   0   0  1.57 0.70
   73 A     4  -5  -5  -3   7  -4  -4  -2  -4   0  -2  -5  -3  -3  -4  -2  -1  -7  -4   4   33   0   1   1  19   0   1   3   0   4   3   0   1   1   1   2   3   0   1  25  1.02 0.53
   74 V    -2  -1  -3   0  -3   0   3  -5   0   2   1  -1  -1   0  -5  -2   2  -3  -1   3    3   4   1   5   0   5  18   0   2  12  11   3   1   3   0   2  11   0   2  17  0.32 0.25
   75 V    -2  -2  -6  -6  -3  -5  -4  -6  -5   3  -1  -5   0  -2  -4  -4   1  -2  -4   6    3   2   0   0   1   1   1   1   0  13   5   1   2   2   1   1   8   1   1  57  1.30 0.61
   76 V     3  -5  -6  -6   2  -5  -5  -6  -5   2  -1  -4   0   2  -5  -3  -1  -3  -1   5   20   1   0   0   4   0   1   0   0   9   5   1   2   8   0   2   4   0   2  39  0.91 0.48
   77 H    -1   0   3  -1  -5  -2  -2  -1   8  -6  -5  -3  -5  -3  -1   0   0  -4   0  -5    5   5  13   4   0   2   3   5  37   1   1   1   0   1   3   8   7   0   3   1  1.18 0.60
   78 D    -4  -5   1   4  -5  -4  -3  -3  -4  -7  -6  -4  -6  -7  -6   6   0  -9  -5  -6    1   1   6  19   0   1   2   2   0   0   1   1   0   0   0  57   6   0   1   1  1.52 0.81
   79 V    -3  -3  -6  -6  -3  -6  -3  -6  -5   4   4  -2   1   1  -1  -4  -2  -3  -4   3    3   1   0   0   0   0   2   1   0  21  36   3   3   5   3   1   2   0   0  16  0.83 0.42
   80 A     1  -3   0   4  -5   0   5  -2  -3  -4  -4   0  -4  -5  -1  -2  -2  -5  -5  -4   12   1   4  19   0   4  36   3   1   1   2   5   0   1   4   3   2   0   0   1  0.80 0.49
   81 A     2  -3  -3   3  -6   1   5  -3  -4  -4  -4  -1  -4  -6  -4   0  -2  -8  -6  -5   18   1   1  13   0   5  39   2   0   1   2   4   0   0   1   7   2   0   0   1  0.93 0.57
   82 V     6  -5  -4  -4  -2  -5  -3  -2  -7   1   1  -5  -2  -2  -5  -2  -3  -5  -4   2   51   1   1   1   1   1   2   3   0   7  12   1   1   2   1   3   1   0   1  11  0.99 0.55
   83 F    -3  -3  -4  -3  -2  -2  -3  -6  -3   4   5  -2   1   2  -6  -4  -4  -3  -2   0    3   2   1   2   1   2   2   1   1  19  44   3   3   7   1   1   1   0   2   6  0.83 0.42
   84 A     3  -1  -1   2  -4   1   3  -3  -3  -4  -3   1  -4  -4  -3   0  -1  -5  -5  -3   26   3   3   9   0   7  21   2   1   1   3   7   0   1   1   7   4   0   0   2  0.51 0.36
   85 Y     1  -1  -3  -3  -2  -2   0  -4   0   2   3   0   1   1  -4  -3  -2   3   3   0   11   4   1   2   1   2   6   1   2   9  25   5   3   5   1   2   2   4   9   6  0.30 0.20
   86 A     5  -4  -2  -4   4  -4  -2  -3  -4  -1   0  -4  -3  -2  -4  -1  -2  -4  -1  -1   51   1   2   1   7   1   3   2   0   3   8   1   1   2   1   5   3   0   3   5  0.90 0.51
   87 K     1   3   0   0  -3   1   2   0   0  -4  -3   4  -4  -4  -3  -1  -2  -3  -2  -3   11  12   4   4   1   5  11   7   2   1   4  25   0   1   1   4   3   0   2   2  0.42 0.29
   88 Q     1   0   1   1  -2   3   2  -1   0  -4  -3   2  -1  -4  -3   0   0  -4  -3  -3   11   5   6   9   1  13  14   4   2   1   3  12   1   1   1   6   5   0   1   2  0.30 0.24
   89 H     0   0   2   1  -1   1   0  -1   4  -2  -1   0  -1  -1  -2   0  -1  -1   2  -1   10   4   9   6   1   6   7   5   9   3   6   5   2   3   2   6   4   1   7   4  0.13 0.10
   90 P     1  -2   1   1  -1   0   0   2  -1  -2  -2   0  -3  -3   3   0  -1  -3  -3  -2   12   2   6   8   1   4   6  16   1   2   4   5   1   1  16   5   4   0   1   3  0.26 0.17
   91 D     0  -2   1   4  -2  -1   3   0  -1  -4  -4  -1  -4  -4  -2   0  -1  -4  -2  -1    9   2   6  25   1   3  18   7   1   1   2   3   0   1   3   7   4   0   2   5  0.46 0.30
   92 Q    -1   0   0   3  -2   1   5  -1  -2  -5  -5   2  -5  -5  -2   0  -1  -5  -5  -5    6   4   4  14   1   7  29   6   1   1   2  10   0   0   3   6   5   0   0   1  0.60 0.39
   93 E    -4  -1  -2   2  -6  -1   7  -7  -2  -5  -5   0  -5  -7  -3  -4  -1  -2  -6  -3    2   4   2  12   0   3  56   1   1   1   1   5   0   0   2   1   4   1   0   2  1.38 0.76
   94 L     0  -6  -4  -8   0  -7  -7  -5  -6   5   2  -6  -1  -1  -2  -5  -2   0  -2   5    8   0   1   0   2   0   0   1   0  27  15   0   1   3   2   1   2   2   2  31  1.03 0.52
   95 V    -3  -8 -10  -8   2  -6 -10  -8  -4  -1  -5  -8   6   7  -8  -6  -6   6   4   0    3   0   0   0   4   0   0   0   0   4   1   0  16  42   0   1   0   9  11   7  1.92 0.88
   96 I    -6 -10  -8  -9  -4 -10  -8  -6  -7   7  -2 -10  -4  -5 -10  -8  -8 -10  -7   6    1   0   0   0   0   0   0   1   0  46   4   0   0   1   0   0   0   0   0  46  2.27 0.99
   97 A    -1  -8  -6  -8   1  -8  -5  -4  -8   8  -2  -8   2  -2  -8  -4  -2  -8  -7   0    6   0   0   0   3   0   1   2   0  66   4   0   4   2   0   2   3   0   0   6  1.88 0.80
   98 G    -9  -6  -9 -10 -12 -11 -11   8 -11 -13 -13 -11 -12 -12 -11  -9 -11 -12 -12 -12    0   1   0   0   0   0   0  99   0   0   0   0   0   0   0   0   0   0   0   0  3.39 1.45
   99 G    -6 -11  -9 -10 -11 -10 -11   8 -11 -12 -12 -10  -2 -12 -11  -9 -10 -11 -12 -12    1   0   0   0   0   0   0  98   0   0   0   0   1   0   0   0   0   0   0   0  3.33 1.39
  100 A     5  -4  -5  -5  -7  -1   0   4  -6  -9  -8  -3  -6  -7  -7   0  -4  -9  -8  -2   43   1   1   1   0   2   6  31   0   0   0   2   0   0   0   7   1   0   0   3  1.25 0.69
  101 Q    -1  -1  -2  -1  -6   5   5  -3  -2  -4  -6  -1  -2  -7  -5   2   0  -9  -6  -5    5   3   2   3   0  24  30   3   1   1   1   4   1   0   0  13   6   0   0   1  0.91 0.60
  102 I    -7 -10 -11 -11  -8 -10 -10 -11 -11   7   2 -10  -2  -5 -10 -10  -6 -10  -6   4    0   0   0   0   0   0   0   0   0  58  18   0   1   0   0   0   0   0   0  20  2.16 0.92
  103 F    -7  -7  -9  -9  -4 -10  -9 -11  -6  -7  -6  -7  -9   5 -11 -10  -8  -4  10  -7    1   0   0   0   1   0   0   0   0   0   1   0   0  23   0   0   0   0  73   0  3.40 1.40
  104 T     3   4  -1  -2  -6   1   3  -4  -2  -7  -6   3  -4  -7  -6  -1  -1  -8  -5  -6   19  19   3   2   0   7  19   1   1   0   1  18   0   0   0   4   4   0   0   0  0.82 0.52
  105 A     2  -5  -5  -3  -7   6   3  -6  -3  -3   2  -4   0  -6  -7  -2  -3  -7  -5  -5   18   1   1   2   0  33  15   0   1   1  17   1   2   0   0   4   1   0   0   1  1.04 0.64
  106 F     4  -8  -7  -8  -1  -7  -7  -1  -5  -3   1  -6   2   6  -8  -1   1  -2  -1  -2   29   0   0   0   2   0   0   5   0   1  12   0   5  27   0   5   9   1   2   2  1.00 0.56
  107 K    -3  -4  -8  -7  -6  -4  -2  -8  -7   2   5  -2   5   0  -8  -7  -6   0  -3  -3    2   1   0   0   0   1   3   0   0  11  55   3  14   3   0   0   0   2   1   2  1.42 0.70
  108 D    -1  -5   0   4  -8  -3   0  -2  -1  -8  -7  -2  -4  -8   7  -1  -5  -7  -7  -7    6   1   4  19   0   1   6   4   2   0   0   3   1   0  48   4   1   0   0   0  1.46 0.81
  109 D    -3   2  -3  -1  -4   1  -1  -5   3   1   2   0   1   1  -6  -3  -4  -1   4  -1    2  10   1   4   0   6   3   1   7   7  20   6   3   6   0   2   1   1  15   4  0.42 0.30
  110 V     6  -9  -9  -9   4  -8  -8  -7  -9   0  -3  -8  -4  -5  -7  -4   0  -3  -5   3   58   0   0   0   7   0   0   0   0   5   3   0   0   1   0   1   5   0   0  18  1.62 0.83
  111 D    -5  -5   1   8  -7   0   0  -5   0  -9 -10  -3  -6  -9  -9  -1   1  -8  -9  -8    1   1   6  64   0   5   6   1   2   0   0   2   0   0   0   4   7   0   0   0  1.93 0.95
  112 T    -5   6  -5  -3  -2  -2   1  -5  -1  -3  -4   3  -3  -5  -8  -5   1  -6  -3   0    1  45   0   2   1   2   8   1   1   2   2  16   1   1   0   1   9   0   1   6  1.17 0.66
  113 L     0  -8  -9 -10  -2  -6  -9  -7  -7   4   5  -9   4  -3  -9  -8  -6  -1  -6   0    7   0   0   0   1   0   0   0   0  22  53   0   9   1   0   0   0   1   0   5  1.53 0.73
  114 L    -6  -4  -8  -6  -5  -5   2 -10   3   1  -1  -7  -4  -1  -9  -6  -7  -1   8   0    0   1   0   1   0   0  14   0   6   8   6   0   0   3   0   1   0   1  51   7  1.85 0.90
  115 V    -6   0  -9  -8  -5  -5  -7 -10  -7   5   4  -3   0  -4  -9  -7  -6  -4  -6   4    1   6   0   0   0   0   0   0   0  24  38   2   2   1   0   0   0   0   0  25  1.35 0.66
  116 T    -7  -9  -6  -7  -6  -9  -9 -10 -10  -8  -9  -9  -7 -10  -9  -1   9 -11 -10  -7    0   0   0   0   0   0   0   0   0   0   0   0   0   0   0   4  94   0   0   0  3.28 1.48
  117 R    -5   4  -4  -3  -6   0   5  -7   3  -1  -1   1  -3  -1  -7  -5  -2  -1   0   0    0  19   1   1   0   4  31   0   7   4   7   9   1   3   0   1   2   1   3   6  0.79 0.50
  118 L    -7  -9 -10 -10  -8  -9 -10 -10 -10   7  -1  -9  -4  -6  -9  -9  -6  -9  -8   6    0   0   0   0   0   0   0   0   0  49   6   0   0   0   0   0   0   0   0  43  2.31 0.98
  119 A    -1  -3  -1   5  -6   0   1  -4   8  -6  -4   0  -5  -4  -2  -5  -6  -5  -2  -7    5   1   3  31   0   4   9   2  30   1   2   5   0   1   2   1   0   0   2   0  1.42 0.72
  120 G     3  -1  -3  -1  -3   0   0   1   4  -3   0   0  -2  -4  -5  -2   0  -5  -1  -2   27   3   1   4   0   4   7  12   8   1  10   6   1   1   0   2   6   0   2   2  0.36 0.29
  121 S     0  -2   0   4  -5   0   4  -5  -1  -4  -6  -1  -5  -6  -4   1   2  -7  -4  -2    9   3   5  19   0   4  25   1   2   1   1   4   0   0   1  11  11   0   1   4  0.64 0.44
  122 F    -4  -7  -7  -8  -4  -7  -7  -7  -2   2  -2  -6  -4   7   1  -5  -4  -6   4   3    2   0   0   0   0   0   0   1   1   9   4   0   0  38   8   1   1   0  12  21  1.43 0.70
  123 E     0  -5  -2   4  -9   0   6  -4  -3  -7  -7   0  -7  -8   0  -2  -2  -9  -7  -4    7   1   2  23   0   5  43   1   1   0   1   5   0   0   5   3   3   0   0   1  1.20 0.70
  124 G     2  -7  -5  -4  -1  -8  -8   7  -6  -9 -10  -8 -10 -10  -7  -6  -6 -10  -9  -6   15   0   0   1   1   0   0  79   0   0   0   0   0   0   0   0   0   0   0   1  2.38 1.09
  125 D    -3  -9  -2   9  -8  -8  -4  -6  -7  -5  -9  -8  -8 -11  -8  -6  -6 -12 -11  -9    3   0   2  90   0   0   1   1   0   1   0   0   0   0   0   0   0   0   0   0  3.10 1.36
  126 T     3  -5  -6   0  -6  -7  -6  -8  -9  -3  -7  -6  -6  -9  -7  -3   7  -6  -8   2   19   1   0   5   0   0   0   0   0   2   0   0   0   0   0   2  57   0   0  11  1.70 0.91
  127 K    -2   1  -4  -4  -3  -2  -1  -5   2  -4  -3   0  -4   5  -3  -2   0   3   5  -1    4   8   1   1   1   2   4   1   5   1   2   5   0  25   1   3   6   3  20   5  0.81 0.44
  128 M    -2  -5  -9  -7  -5  -7  -6  -9  -6   0  -1  -8   4   9  -6  -7  -7  -1   1  -3    4   1   0   0   0   0   1   0   0   5   6   0   9  65   0   0   0   1   4   2  2.25 0.97
  129 I    -2  -6  -4  -1  -7  -6  -3  -5  -5  -2  -4  -4  -2   3   8  -4  -4  -6  -5  -3    4   0   1   4   0   0   2   1   0   3   2   1   1  11  63   2   1   0   0   2  1.85 0.93
  130 P     0  -2   0   1  -6  -1   4  -3  -3  -6  -5  -1  -4  -6   6  -2  -2  -8  -5  -3    9   2   5   8   0   3  23   2   1   0   1   4   0   0  33   3   2   0   0   2  0.94 0.58
  131 L    -1  -3  -5  -4  -5  -4  -1  -5  -5   4   3  -4  -1   4  -2  -4  -3   2   0   1    5   2   0   1   0   1   4   1   0  25  22   1   1  15   2   2   1   3   4  10  0.65 0.36
  132 N    -4  -4   4   6  -6  -1   0  -2  -1  -2  -5  -3  -6  -3  -2  -1  -3  -3  -3  -4    2   1  20  42   0   3   7   4   2   3   1   2   0   1   2   5   2   0   1   2  1.09 0.60
  133 W    -1   0  -5  -2  -4  -1   1  -3  -4  -4   0  -1   0   2   0  -3  -2   9   3  -5    5   5   1   2   0   2  10   3   0   1   8   4   3   7   6   2   3  28   9   1  1.04 0.57
  134 D    -1   0   2   5  -6   0   2  -2  -1  -5  -5   0  -3  -5  -3   2  -1  -4  -5  -5    6   4   8  25   0   4  15   3   1   1   1   7   1   1   2  16   4   0   0   1  0.60 0.41
  135 D    -2  -2   0   4  -3   2   5  -2  -1  -3  -3   0  -5  -6  -2  -2  -3  -4  -5  -4    4   2   4  21   1   9  33   4   2   1   4   6   0   0   2   3   1   0   0   2  0.78 0.49
  136 F    -4  -6  -6  -4  -7  -6  -2  -6  -4  -1  -2  -6  -4   6  -8  -6  -3  11   0  -1    2   1   1   1   0   0   3   1   1   4   4   1   1  27   0   1   2  45   2   5  2.46 1.06
  137 T    -1   1   0  -1  -3   2   2  -4   0  -2  -3   2  -2  -4  -4   1   2   4  -3  -1    5   8   4   3   0   8  14   1   2   3   2  12   1   1   1   9  14   6   1   5  0.35 0.29
  138 K    -3   3  -3  -4  -1   1   4  -6  -3  -1   2   3  -2  -5  -3  -3  -3  -2  -5  -1    2  13   1   1   2   5  26   1   1   3  21  14   1   0   1   2   2   1   0   5  0.63 0.43
  139 V    -2  -3  -5  -4  -2  -3   0  -6  -4   4  -1  -3   0  -3  -5  -2   0  -4  -3   5    4   2   1   1   1   1   6   1   0  21   6   2   2   1   1   3   7   0   1  39  0.88 0.47
  140 S     0  -2   0   0  -3  -1   2  -2  -1  -2  -4   0  -3  -3  -4   5   1  -1  -4  -2    8   2   4   5   1   2  13   3   2   2   2   6   1   1   1  36   8   1   1   3  0.55 0.42
  141 S     0   2  -1   0   0   1   3  -2   2  -4  -4   1  -4  -3  -4   3   0  -2  -3  -3    6  11   2   5   2   5  17   3   4   1   1   7   0   1   1  24   5   1   1   2  0.46 0.36
  142 R    -3   4  -3   0  -5   2   4  -2   2  -3  -4   2  -4  -4  -2  -2  -1  -3  -3  -3    2  19   1   4   0   9  26   4   5   2   2  12   0   1   2   3   4   0   1   3  0.66 0.43
  143 T     0  -1  -1   0  -2   0   2   0   2  -1  -3   0  -3  -1   2   1   2  -4  -2  -2    8   3   3   6   1   4  12   7   4   3   3   6   1   3   8  11  13   0   2   3  0.17 0.17
  144 V     1  -2  -2  -1  -2  -1   0  -1   3   2  -1   0  -1   1   0  -2  -2   1   0   2   12   2   1   4   1   2   7   5   7  10   5   5   1   6   5   3   2   2   3  17  0.14 0.13
  145 E     0   0  -1   3  -6   2   4  -3   2  -4  -3   2  -2  -5  -1  -1  -2  -2  -4  -2    6   4   2  15   0   7  27   3   4   1   2  11   1   1   3   4   3   1   1   3  0.53 0.37
  146 D    -1  -4   0   7  -6   1   3  -1  -2  -5  -6  -2  -5  -7  -3  -2  -3  -7  -6  -5    5   1   3  49   0   5  16   6   1   1   1   2   0   0   1   3   2   0   0   1  1.27 0.68
  147 T     0  -1   0   1  -4  -1   4  -1   0  -5  -5   2  -5  -5  -2   0   2  -5  -4  -2    7   3   4   8   0   3  28   4   2   0   1  11   0   1   3   8  13   0   1   3  0.51 0.38
  148 N    -3   0   5   2  -3  -1   1  -2   1  -5  -5   4  -6  -6  -3  -2  -2  -6   1  -6    3   6  27   9   1   3   8   3   3   1   1  22   0   0   1   3   2   0   5   1  0.81 0.48
  149 P    -3  -5   5   0  -4  -2  -1  -4   4  -5  -5  -2  -6   1   5  -1  -3  -6  -2  -5    3   1  26   5   0   2   4   2   8   1   1   3   0   5  31   4   2   0   2   1  1.10 0.59
  150 A     2  -1  -2   1  -2   0   0   1   0  -1  -2   1  -3  -2   1   0   0  -3  -1  -2   21   3   2   9   1   4   6  12   2   3   3   8   0   2   7   6   5   0   2   3  0.18 0.16
  151 L    -3  -3  -2  -3   0  -5  -4  -6   2   1   1  -5  -3   3  -1  -3  -2  -1   7   0    2   2   2   2   2   0   2   1   4   8  15   1   1  12   3   2   3   1  31   7  0.90 0.46
  152 T     1   0   0   3  -1  -2   1  -2  -1  -4  -5  -1  -5  -1   4   1   1  -3  -2  -3   14   4   4  14   1   2   7   3   1   1   1   4   0   3  17   9   9   0   2   2  0.37 0.29
  153 H    -5  -5  -4  -7  -2  -5  -5  -7   7  -6  -3  -6  -1   4  -5  -4  -3  -3   8  -3    1   1   1   0   1   1   1   0  23   1   4   1   2  15   1   2   2   0  43   2  2.05 0.90
  154 T    -1   2  -3   0  -1   0   0  -5   0  -4  -6  -2  -5  -4  -4   2   5  -2   0   0    6  10   1   5   1   4   5   1   2   1   1   2   0   1   1  15  35   1   3   6  0.71 0.48
  155 Y    -9  -8 -10  -9  -5 -10  -9 -11  -1  -3  -6  -8  -6   9 -11  -8  -8  -1   6  -4    0   0   0   0   0   0   0   0   2   2   1   0   0  65   0   0   0   1  26   2  2.95 1.19
  156 E    -3   0  -3  -2   1   3   5  -6  -2  -2   0  -1  -2  -3  -6   0   0  -5  -2   2    2   5   1   2   2  12  31   0   1   3   8   4   1   1   0   6   5   0   2  12  0.56 0.40
  157 V    -5   0  -6  -5  -2  -3  -3  -8  -1   4  -2  -1  -1  -2  -7  -4   4  -2  -3   5    1   5   0   1   1   1   2   0   2  18   4   5   1   2   0   1  23   1   1  33  0.95 0.53
  158 W    -9  -6 -10 -11  -8  -9 -10  -9  -6  -7   0 -10  -5   2  -9  -9  -7  10   8  -7    0   1   0   0   0   0   0   0   0   0   9   0   0   8   0   0   0  30  50   0  2.99 1.24
  159 Q    -4   2  -3   0  -6   4   5  -6  -2  -3  -4   2  -4  -7  -7  -3  -1  -8  -6  -1    2   9   1   5   0  18  38   0   1   2   2   9   0   0   0   2   4   0   0   6  0.99 0.60
  160 K    -7   8  -5  -9  -7  -4  -6  -9  -5  -8  -8   4  -9  -8  -6  -8  -7 -10  -5  -9    0  72   0   0   0   1   0   0   0   0   0  24   0   0   0   0   0   0   0   0  2.69 1.16
  161 K    -5   5  -1  -7  -7   0  -2  -8  -6  -6  -8   7  -6  -8  -6  -2  -4  -9  -8  -6    1  24   2   0   0   4   2   0   0   1   0  60   0   0   0   3   1   0   0   1  1.90 0.89
  162 A     5  -5  -4  -5   2  -4  -4   2  -5  -4  -5  -4  -4  -6  -4   3   0  -6  -5   0   48   0   0   0   4   0   0  15   0   0   0   0   0   0   0  24   4   0   0   6  0.99 0.49

                      K         Lambda
Standard Ungapped    0.1355     0.3200
Standard Gapped      0.0410     0.2670
PSI Ungapped         0.1355     0.3200
PSI Gapped           0.0410     0.2670
