
Last position-specific scoring matrix computed, weighted observed percentages rounded down, information per position, and relative weight of gapless real matches to pseudocounts
            A   R   N   D   C   Q   E   G   H   I   L   K   M   F   P   S   T   W   Y   V   A   R   N   D   C   Q   E   G   H   I   L   K   M   F   P   S   T   W   Y   V
    1 K    -2   4  -1  -2  -4   2   1  -3  -1  -4  -3   5  -2  -4  -2  -1  -2  -4  -3  -3    0  34   0   0   0   6   7   0   0   0   0  53   0   0   0   0   0   0   0   0  0.82 0.18
    2 K    -2   3  -1  -2  -4   2   1  -3   2  -4  -4   5  -2  -4  -2   0   0  -4  -3  -3    0  18   0   0   0   6   5   0   6   0   0  56   0   0   0   5   5   0   0   0  0.72 0.21
    3 P     0  -1  -4  -4  -5  -4  -4  -2  -5  -5  -5  -3  -5  -6   8  -3  -2  -6  -5  -5    9   3   0   0   0   0   0   3   0   0   0   0   0   0  83   0   1   0   0   0  2.30 0.54
    4 L    -1  -2  -4  -4  -3  -2  -4  -3  -4   2   4  -3   2   0  -1  -2   0  -3  -2   0    3   2   0   0   0   2   0   1   0  14  53   0   6   3   3   2   5   0   0   4  0.52 0.24
    5 P    -4  -5  -2  -4  -6  -2  -4  -5  -5  -6  -6  -1  -3  -7   8  -1  -1  -7  -6  -5    0   0   2   0   0   2   0   0   0   0   0   3   1   0  84   4   4   0   0   0  2.39 0.63
    6 P    -1  -4  -4  -4  -5   0  -2   0  -1  -2  -5  -2  -2  -6   7  -1   0  -6  -5  -4    3   0   0   0   0   4   1   8   2   3   0   2   1   0  65   5   5   0   0   0  1.59 0.49
    7 T     0  -1  -1  -2   1  -2  -3  -3  -3   0   0  -2   0  -2  -1   2   4  -4  -2   0    6   4   2   2   3   0   0   1   0   6  10   1   2   1   3  16  37   0   1   5  0.35 0.23
    8 P    -1  -1  -5  -4  -5  -4  -2  -3  -5  -2  -5  -4  -2  -6   8  -2  -3  -6  -5  -2    4   3   0   0   0   0   2   2   0   2   0   0   1   0  78   2   1   0   0   3  2.11 0.60
    9 E     1   0   0   0  -3   1   3  -1  -1  -1  -2   0   0  -1   0   1   0  -3  -1   0   10   4   3   4   0   5  24   4   1   4   2   4   3   3   4  13   4   0   1   7  0.15 0.11
   10 D     0   0   1   3  -3   0   2   0  -2  -2  -2   1  -1  -3   2   1   0  -4  -3  -1    5   5   7  19   0   4  12   6   0   1   3   8   1   0   9   9   6   0   0   4  0.24 0.12
   11 N    -1  -1   4   1  -3   0   1   1   1  -2  -1   2   0  -2  -1   0  -1  -4  -2  -3    4   0  24   7   0   2   8  11   4   1   6  16   2   2   3   7   2   0   1   0  0.26 0.16
   12 R     0   3   0  -1  -3   2   0  -1   0  -1  -1   1  -1  -3   1   0   1  -3  -2  -1    9  19   5   2   0  14   3   4   2   4   5   6   1   0   7   4  12   0   0   3  0.20 0.13
   13 R     0   3   0  -1  -3   0   0  -2   1  -2  -1   3  -1   0   0   0   0  -3  -2  -1    5  20   4   2   0   2   5   2   3   0   6  22   1   7   4   6   5   0   0   5  0.20 0.13
   14 S     0  -1   1   1  -1   1   1   0   0  -1  -2   0  -2  -3   1   2   1  -3  -3  -1    4   2   7   7   1   7   8   5   2   3   2   6   0   0   7  25   8   0   0   3  0.20 0.13
   15 F     0  -1  -1  -1  -2   0  -1  -1   0   0   1   0   1   2   1   0  -1   0   0   0    6   3   2   2   0   5   4   5   3   5  14   7   5  13   7   6   2   1   1   7  0.04 0.05
   16 Q    -1   0   0  -1  -3   4   2  -2  -2  -2  -1   1   0  -4   1   1   0  -2  -3  -2    4   4   3   3   0  25  15   2   0   2   4  10   3   0   7  10   5   1   0   1  0.32 0.19
   17 E    -1   0   0   2  -4   1   4  -1   0  -3  -3   0   0  -2   2  -1   0  -4  -3  -2    5   6   3  10   0   6  33   5   2   0   1   5   3   2   9   2   6   0   0   2  0.38 0.19
   18 P     0  -2  -1   0  -4  -1   0  -2  -2  -1  -2  -1  -3  -3   6  -1   0   1  -3  -1    9   2   2   6   0   2   6   3   1   4   2   4   0   1  43   5   4   2   0   3  0.74 0.26
   19 E    -2   1   1   1  -2   2   5  -1   0  -4  -4   0  -3  -5   1   0  -1  -5  -4  -3    2   7   8   5   1   9  40   4   2   0   0   3   0   0   8   7   2   0   0   2  0.57 0.28
   20 E     0   0   0   1  -4   1   3   0   0  -2  -3   2  -2  -4   0   0   1  -4  -1  -1    6   4   3   6   0   3  29   6   2   1   1  13   1   0   5   6   8   0   2   5  0.27 0.17
   21 T    -1   0   1   0  -1   0   1  -2  -1   0  -2   2  -1  -1   0   0   2  -4  -2   0    2   3   9   3   1   3  12   2   1   7   1  14   2   3   3   7  20   0   0   7  0.16 0.14
   22 L    -1   0  -2  -3  -2   0  -2  -3  -2   3   1   0   2   0  -3  -2   1   1   1   2    5   6   1   1   0   4   1   0   1  19  11   5   7   4   1   1   8   2   5  18  0.17 0.13
   23 V     2  -5  -5  -5   0  -4  -5  -3  -5   0   0  -4  -2   0  -5  -3  -2  -4   2   6   16   0   0   0   2   0   0   1   0   1   7   0   0   4   0   0   1   0   6  63  0.96 0.42
   24 I    -2  -1  -4  -5  -3  -2  -4  -5  -2   4   0   1   1  -3  -4  -3   1  -4  -1   4    0   4   0   0   0   2   0   0   1  22   7   9   4   0   0   0   8   0   2  41  0.61 0.31
   25 A     6  -5  -5  -5   2  -4  -4  -3  -5  -3  -4  -4  -4  -5  -4  -1  -2  -6  -5   0   85   0   0   0   4   0   0   0   0   1   0   0   0   0   0   2   1   0   0   8  1.59 0.61
   26 L    -4   0  -3  -5  -4  -3  -4  -6  -5   0   5   2   3  -3  -5  -4  -3  -5  -4   1    0   4   1   0   0   0   0   0   0   4  62  15   6   0   0   0   1   0   0   7  0.90 0.40
   27 Y    -6  -6  -6  -7  -6  -5  -6  -5   2  -5  -5  -6  -3   3  -7  -6  -6   1   9  -5    0   0   0   0   0   0   0   1   5   0   0   0   1   9   0   0   0   2  83   0  2.73 0.81
   28 D    -2  -3   2   7  -6  -3   0  -4  -4  -6  -7  -4  -6  -7   0   0  -3  -7  -6  -6    4   1   9  72   0   0   3   0   0   0   0   0   0   0   6   5   1   0   0   0  1.67 0.58
   29 Y    -6  -6  -6  -7  -6  -6  -6  -7  -3  -4  -4  -6  -4   7  -7  -6  -6  -2   8  -5    0   0   0   0   0   0   0   0   0   0   0   0   0  43   0   0   0   0  57   0  2.53 0.75
   30 Q     0   0   2   2  -4   2   2  -2   1  -3  -1   2   0  -4  -1   0   1  -4  -2  -2    6   3   9  11   0  12  16   1   4   0   6  12   3   0   2   4   8   0   1   3  0.23 0.16
   31 T     5  -4  -4  -3  -4  -3  -1   1  -4  -4  -5  -2  -4  -5   3   1   0  -5  -5  -3   55   0   0   0   0   0   5   9   0   0   0   2   0   0  16   7   5   0   0   0  0.90 0.42
   32 N    -1   3   2   0  -2   3   0  -2   0   0  -2   1   0  -4  -3   0   1  -4  -3  -1    4  18  12   6   1  16   4   1   1   7   2   7   2   0   0   4  11   0   0   5  0.27 0.19
   33 D    -1  -1   1   3  -4   1   4   1   1  -5  -5  -2  -4  -2  -3   1   0  -5  -4  -3    3   2   8  19   0   4  28  12   4   0   0   0   0   2   0  11   6   0   0   1  0.51 0.27
   34 P     1  -2  -1   2  -4  -1   2  -1  -3  -3  -5   0  -4  -4   5   0   0  -5  -4  -3   11   1   2  13   0   1  12   4   0   1   0   5   0   1  34   8   5   0   0   1  0.70 0.31
   35 Q    -2   1   2   3   1   3   1   3   1  -4  -3   0  -3  -4  -3   0  -1  -1  -3  -4    2   7   9  17   4  14   7  21   4   1   2   4   0   0   0   6   3   1   0   0  0.38 0.22
   36 E    -3  -4   0   5  -7   0   6  -4  -2  -6  -6  -2  -5  -6  -4  -3  -2  -6  -5  -6    1   0   3  32   0   2  58   1   1   0   0   1   0   0   0   0   2   0   0   0  1.52 0.56
   37 L    -5  -5  -7  -7  -4  -5  -6  -7  -6   1   6  -6   2  -3  -6  -6  -4  -5  -4   1    0   0   0   0   0   0   0   0   0   5  83   0   3   0   0   0   0   0   0   9  1.59 0.58
   38 A     1  -2  -1   1  -4   0  -1  -2  -4  -4  -4  -2  -3  -5   0   5   2  -5  -4  -3   12   2   1   9   0   3   3   2   0   0   1   1   1   0   5  47  13   0   0   1  0.69 0.39
   39 L    -4  -5  -6  -6  -4  -5  -6  -6  -5   3   4  -5   3   4  -6  -5  -4  -4  -2   2    0   0   0   0   0   0   0   0   0  14  45   0   7  21   0   0   0   0   0  13  1.01 0.41
   40 R    -1   4   0  -2  -2   2   1  -3   1  -3  -3   4  -2  -4  -3   0   1  -5  -3  -1    4  24   3   1   1   7   7   1   4   1   1  28   1   0   0   5   8   0   0   4  0.51 0.29
   41 C     1   3  -2  -3  -3   0   2  -4  -3  -5  -5   6  -2  -5  -3  -2  -1  -5  -4  -3   10  15   2   0   1   2  13   0   0   0   0  50   1   0   1   1   3   0   0   2  0.92 0.43
   42 D    -1  -3   4   2  -5  -4  -2   6   0  -6  -6  -4  -5  -6  -5  -2  -3  -6  -5  -6    4   1  23  11   0   0   1  54   3   0   0   0   0   0   0   2   1   0   0   0  1.23 0.48
   43 E    -2  -3   0   4  -6   2   6  -3  -2  -6  -5  -2  -4  -6  -4  -3  -3  -2  -3  -5    3   0   3  24   0   7  55   1   1   0   1   1   0   0   0   0   1   1   1   0  1.23 0.52
   44 E    -2   3  -1  -2  -4   1   4  -4   1   0  -2   2  -2  -4  -3  -2   0  -5  -3   1    1  17   2   1   0   6  28   0   4   7   2  14   1   0   1   1   5   0   0  11  0.44 0.27
   45 Y    -4  -5  -5  -6  -2  -4  -5  -6  -3   1   4  -5   2   1  -5  -5  -4  -2   6   1    0   0   0   0   1   0   0   0   0   7  45   0   5   4   0   0   0   0  29   9  1.06 0.44
   46 Y    -1  -1  -1  -1  -2  -1   2  -4   0   0   0  -1  -1   1  -3  -1   2   2   2   1    3   2   3   2   1   1  17   0   3   6  11   2   0   6   0   1  19   3  10  10  0.20 0.18
   47 L    -4  -5  -6  -6  -4  -3  -6  -6  -6   5   4  -5  -1  -3  -5  -5  -3  -5  -4   4    0   0   0   0   0   1   0   0   0  33  34   0   0   0   0   0   0   0   0  32  1.16 0.46
   48 L    -4  -5  -6  -6  -4  -5  -6  -6  -2   3   5  -5   1   0  -6  -5  -1  -5  -4   1    0   0   0   0   0   0   0   0   1  19  64   0   2   3   0   0   3   0   0   8  1.15 0.46
   49 D    -4  -2   3   6  -6  -1   4  -4  -3  -6  -4  -2  -5  -5  -2  -1  -3  -6  -5  -6    1   2  12  52   0   1  24   0   0   0   2   1   0   0   2   3   1   0   0   0  1.29 0.51
   50 S    -1   1   1   4  -3   1   1  -3  -2  -4  -4   3  -4  -4  -3   2  -1  -5  -4  -2    3   7   5  28   1   5   6   1   0   0   1  21   0   1   0  16   3   0   0   3  0.55 0.30
   51 S    -1  -2   1   0  -1   0   0  -2  -2  -2  -4  -1  -3  -4  -2   5   2  -5   0  -3    2   2   5   5   1   3   7   1   1   2   0   3   0   0   1  50  13   0   3   1  0.63 0.38
   52 E    -2   1   4   3  -5   2   2   0   1  -5  -5   2  -4  -5  -4   0  -2  -5  -4  -5    1   7  23  19   0  10  12   5   4   0   0  11   0   0   0   6   1   0   0   0  0.62 0.31
   53 I     0  -1   0   2  -3   0   2   0  -1   0  -1   1  -2  -3   2   0   0  -3  -2  -1    6   2   4  14   0   2  16   7   1   7   7  10   0   1  10   3   7   0   1   3  0.16 0.10
   54 H    -2  -2   2   4  -5   1   1   0   7  -5  -5  -1  -4  -3  -1  -1  -3  -5   0  -4    2   1   9  25   0   5   9   6  30   0   0   2   0   1   3   3   1   0   2   1  0.86 0.38
   55 W    -8  -8  -9  -9  -7  -7  -8  -8  -7  -8  -7  -8  -6  -4  -9  -8  -7  13  -3  -8    0   0   0   0   0   0   0   0   0   0   0   0   0   0   0   0   0 100   0   0  5.16 1.29
   56 W    -7  -7  -8  -8  -3  -6  -7  -7  -7  -3  -4  -7  -6  -2  -8  -7  -7  13  -2  -5    0   0   0   0   1   0   0   0   0   2   1   0   0   1   0   0   0  93   0   1  4.58 1.16
   57 R    -2   3  -2  -3  -5   2  -1  -4  -1  -3   0   5   0  -3  -2  -2  -1   0   0  -4    1  18   1   0   0   8   3   0   1   1  13  41   2   1   2   1   3   2   4   0  0.65 0.34
   58 V     3  -5  -5  -5   3  -4  -5  -1  -5  -1  -2  -4  -1  -2  -4  -3  -3  -5  -4   6   27   0   0   0   6   0   0   6   0   1   1   0   1   1   0   1   0   0   0  55  0.99 0.46
   59 Q    -2   6  -3  -3  -5   4   1  -3  -3  -4  -3   3   0  -5  -4  -2  -2  -5  -4  -1    2  42   0   0   0  18   8   2   0   1   2  14   3   0   0   1   1   0   0   4  0.90 0.40
   60 D    -3  -2   5   4   0  -1   0  -3   0  -4  -3   0  -4  -4  -3   1  -1  -5  -4  -4    1   2  37  27   2   1   5   1   2   1   3   6   0   0   1   9   2   0   0   1  0.82 0.35
   61 K     1   2   0   0  -2   0   1  -1  -2  -2  -2   2  -1  -4  -2   2   0  -4  -3  -1   12  13   2   5   0   4   9   3   0   1   3  17   2   0   1  16   6   0   0   5  0.22 0.16
   62 N     0   1   4   1  -4   1   0   0   3  -3  -2   1  -1  -1  -3   0   0  -2  -1  -3    7   9  22   8   0   7   4   5   8   0   4   6   1   3   0   8   6   1   2   1  0.25 0.17
   63 G    -3  -3   1   1  -6  -4  -4   7  -2  -6  -6  -2  -6  -4  -5  -2  -3  -6  -4  -6    0   1   7   7   0   0   0  77   1   0   0   2   0   1   0   2   1   0   1   0  1.64 0.57
   64 H    -1   2   2  -1  -3   4   1  -1   3  -2  -3   1  -2  -4  -3   0  -1  -2  -1  -2    5  14  11   2   0  20  10   4   8   3   2   9   0   0   1   4   3   0   1   2  0.35 0.23
   65 E    -1   0  -2  -2  -3   2   4  -3  -3   1  -2  -1   0  -4  -4   0   1  -1  -4   1    4   4   1   0   0  11  36   1   0   8   2   3   2   0   0   8   9   1   0  11  0.45 0.30
   66 G    -4  -6  -4  -3  -6  -6  -3   7  -6  -8  -8  -5  -7  -4  -6  -4  -5  -6  -7  -7    0   0   0   1   0   0   1  96   0   0   0   0   0   1   0   0   0   0   0   0  2.47 0.77
   67 Y    -3  -5  -6  -6  -2  -5  -5  -6  -3   0   1  -5   0   4  -6  -4  -4   3   7   1    1   0   0   0   1   0   0   0   0   6  13   0   2  19   0   1   0   4  44   9  1.32 0.50
   68 A     0  -5  -5  -6  -4  -5  -5  -5  -5   4  -1  -5  -2   1  -5  -3  -1  -5  -3   5    7   0   0   0   0   0   0   0   0  27   2   0   0   6   0   1   4   0   0  52  1.06 0.43
   69 P    -5  -6  -6  -6  -7  -5  -5  -6  -6  -1  -7  -5  -6  -8   9  -5  -5  -8  -7  -6    0   0   0   0   0   0   0   0   0   4   0   0   0   0  96   0   0   0   0   0  3.19 0.89
   70 S     3   0  -3  -3  -4  -3  -3  -1  -2  -4  -3   0  -4  -5  -3   5  -1  -5  -2  -2   25   4   0   0   0   0   0   3   1   0   1   6   0   0   1  55   2   0   1   2  0.89 0.45
   71 S     0  -4   7  -2  -5  -1  -3  -3   1  -4  -5  -3  -5  -6  -2   2   1  -6  -5  -3    8   0  59   0   0   1   1   0   4   1   0   0   0   0   2  16   7   0   0   2  1.27 0.51
   72 Y    -6  -6  -6  -7  -2  -6  -6  -7  -1  -3  -5  -6  -5   2  -7  -6  -6  -2  10  -4    0   0   0   0   1   0   0   0   1   1   0   0   0   7   0   0   0   0  90   1  2.98 0.85
   73 L    -3  -5  -6  -6  -4  -1  -5  -6  -6   1   2  -5  -1  -2  -5  -5  -2  -5  -4   6    0   0   0   0   0   4   0   0   0   6  23   0   1   1   0   0   1   0   0  65  1.22 0.47
   74 V     2   0  -1  -1  -3   0   1  -3  -2   0  -1   2   1  -3  -2   0   3  -4  -3   0   20   5   1   2   0   4   9   0   0   8   3  15   4   0   0   1  22   0   0   8  0.21 0.15
   75 E    -2   2  -2   1  -5   1   5  -1  -2  -4  -4   3  -3  -5  -2  -2  -2  -5  -4  -2    2  10   0   5   0   2  51   3   0   0   0  23   0   0   1   0   1   0   0   2  0.81 0.28
   76 K    -1   2  -2   0  -4   2   1  -3  -2  -4  -3   5   1  -2  -3  -2  -1  -4  -1  -3    2   8   0   4   0  11   6   0   0   0   0  58   6   2   0   0   2   0   2   0  0.68 0.21
   77 S     1  -2   2  -1  -2  -1  -1  -1  -2  -3  -3  -1  -2  -4  -2   5   2  -4  -3  -2   12   0  10   0   0   0   0   0   0   0   0   0   0   0   0  66  12   0   0   0  0.67 0.19

                      K         Lambda
Standard Ungapped    0.1323     0.3109
Standard Gapped      0.0410     0.2670
PSI Ungapped         0.1323     0.3109
PSI Gapped           0.0410     0.2670
