
Last position-specific scoring matrix computed, weighted observed percentages rounded down, information per position, and relative weight of gapless real matches to pseudocounts
            A   R   N   D   C   Q   E   G   H   I   L   K   M   F   P   S   T   W   Y   V   A   R   N   D   C   Q   E   G   H   I   L   K   M   F   P   S   T   W   Y   V
    1 G     0  -5  -3  -4  -5  -4  -5   7  -5  -6  -6  -4  -5  -6  -5  -3  -4  -5  -6  -6    8   0   0   0   0   0   0  92   0   0   0   0   0   0   0   0   0   0   0   0  2.03 0.60
    2 S     2  -2  -2   3  -4  -2  -1  -1  -3  -4  -4   0  -4  -5   3   2   1  -2  -4  -3   22   2   1  16   0   1   2   3   0   0   1   7   0   0  17  21   8   1   0   0  0.53 0.32
    3 Q     0  -2  -1   2  -4   4   2  -4  -3  -3  -2   1   2  -5  -1   0   2  -5  -4  -3    9   0   1  13   0  22  14   0   0   1   2   7   7   0   3   4  17   0   0   1  0.46 0.34
    4 P     0  -5  -5  -3  -6   0  -2  -4  -4  -1  -5  -3  -6  -5   8  -3  -3  -2  -6  -3    8   0   0   1   0   4   2   1   0   5   0   2   0   0  73   1   1   1   0   1  2.00 0.79
    5 A     3  -2   0  -1  -4   0   3  -1  -1  -2  -3  -1  -3  -5  -1   1  -1  -5  -3   1   29   1   5   2   0   3  25   4   2   2   2   2   0   0   3   8   2   0   0  10  0.40 0.34
    6 K     0   0   0   2  -4   2   2   1  -2   0  -3   1  -1  -4   1   0  -1  -4  -3  -1    6   4   3  10   0  11  17  10   1   6   1   7   1   0   8   8   2   0   0   4  0.22 0.20
    7 K     0  -2   1   1  -5   0   4  -3  -3  -3  -4   1  -3  -4   4  -1   1  -5  -5  -3    7   2   6   6   0   3  28   1   0   2   1   8   0   1  20   4   8   0   0   2  0.58 0.39
    8 T     0  -3   0   1  -4  -1   3  -2   1  -3  -3   0  -2  -5   4   0   1   0  -4  -1    8   1   5   8   0   2  21   3   4   1   1   5   1   0  19   4  11   2   0   6  0.40 0.31
    9 Y    -2  -2   0  -2  -4  -1   0   0  -1   0   1   0   0   1   4  -2  -2  -4   1   0    1   1   5   1   0   2   5   8   1   4  18   7   2   6  22   2   2   0   5   9  0.29 0.23
   10 T    -1  -2  -2   1  -4   0   2  -1  -1  -1  -2  -1  -1  -4   0   0   1  -5  -3   3    4   2   2   8   0   5  17   6   1   2   3   4   1   0   5   6   8   0   1  27  0.25 0.25
   11 W    -3  -2  -1  -3  -2  -2  -1  -3  -1  -1  -2  -1  -1   6  -1  -3  -4   3   6  -2    2   2   3   2   1   2   4   2   1   3   3   4   2  28   3   2   0   3  32   3  0.97 0.51
   12 N     3  -1   1  -1  -3  -1   2  -1  -2  -3  -1   2  -1  -1  -1   1  -1  -4  -3  -1   24   2   8   3   0   1  13   4   1   1   5  13   1   3   2  12   3   0   0   4  0.23 0.23
   13 T    -2  -2   3   1  -3  -3  -3  -4  -3  -4  -4  -3  -3  -6  -4   4   5  -6  -5  -2    2   2  11   8   0   0   1   0   0   1   1   1   1   0   1  35  32   0   0   3  0.97 0.62
   14 K    -1   1  -2  -1  -6   1   1  -4   2  -3  -2   5  -3  -1   0  -2  -2  -2  -2  -3    4   5   1   3   0   5  10   1   5   2   5  42   0   3   6   2   2   0   1   2  0.64 0.44
   15 E     0  -3  -1   1  -4   2   6  -3  -1  -5  -4   1  -3  -7  -4  -2  -2  -7  -4  -4    8   1   3   6   0   7  54   2   1   0   2   7   1   0   0   2   2   0   1   1  1.07 0.62
   16 E    -3  -1  -1   3  -7   2   6  -4  -2  -7  -5  -1  -6  -7  -6  -4  -4  -2  -4  -7    2   3   2  16   0   7  59   1   1   0   1   4   0   0   0   1   1   1   1   0  1.47 0.75
   17 A     6   1  -3  -4   1  -2  -4   0  -3  -4  -3  -1   0  -4  -3  -1  -3  -6  -4  -3   60   7   1   1   3   2   1   8   1   1   2   3   2   1   1   4   1   0   1   1  1.03 0.58
   18 K     0   2  -3  -2  -3   0   3  -4  -2   1  -3   4   0  -4  -3  -2  -1  -2  -3   0    7  12   1   1   1   3  23   1   1   8   2  26   3   1   1   1   3   1   1   7  0.51 0.36
   19 Q     3   1   1   0  -2   0   3  -2  -1  -2  -2   1  -1  -3  -3   1  -1  -5  -3  -3   25   6   6   5   1   3  18   2   1   2   4  10   1   1   0   9   3   0   1   1  0.31 0.26
   20 A     5  -2  -3  -2  -2   0  -1  -2   0  -2   1  -1  -1  -3  -3  -1  -1   1  -4  -1   45   2   1   2   1   4   4   3   3   2  16   3   1   1   1   3   4   2   0   3  0.49 0.36
   21 F    -6  -7  -7  -8  -7  -7  -7  -7  -6  -1  -1  -7  -5   9  -8  -2  -6  -4   1  -5    0   0   0   0   0   0   0   0   0   4   5   0   0  83   0   3   0   0   3   0  2.70 0.94
   22 K    -3   2  -2  -4  -1  -1  -2  -4  -1  -1  -1   5   3  -1  -4  -2   0  -1  -2  -1    1  10   2   0   1   2   1   1   1   4   5  43   9   3   0   2   6   1   1   4  0.69 0.45
   23 E     0   0  -1   2  -2   1   3  -1   1  -2  -2   2  -1  -3  -2   0   1  -4  -1  -2    7   4   1  11   1   5  19   4   4   3   3  15   1   1   2   6  10   0   2   2  0.23 0.20
   24 L    -2  -4  -5  -5  -4  -4  -5  -5  -4  -1   5  -4   6   1  -2  -4  -2   1  -1   0    3   0   0   0   0   0   0   1   0   2  49   0  23   6   2   1   2   2   2   4  1.00 0.47
   25 L    -4  -5  -5  -6  -4  -5  -5  -6  -5   0   6  -5   2   1  -1  -2  -4   2  -4  -3    1   0   0   0   0   0   0   1   0   4  72   0   4   5   4   4   0   3   0   0  1.28 0.59
   26 K    -1   3   0   1  -4   0   3  -2   0  -2  -2   2  -1  -4  -3   0  -1   1  -1  -2    4  16   4   6   0   3  22   3   2   3   3  15   2   0   0   6   4   2   2   3  0.31 0.28
   27 E    -1   2   0   3   1   1   2  -1   1  -3  -2   0  -3  -1  -3   1   0  -4   0  -2    4  11   3  17   3   5  14   3   3   0   3   6   0   3   0  10   7   0   3   3  0.23 0.23
   28 K     1   0   1  -2   1   0  -1  -1   2  -1  -1   2   1   1  -1   0   0  -3   1  -1   15   4   8   0   3   3   4   3   5   4   5  15   4   6   3   5   4   0   5   4  0.09 0.15
   29 R    -2   0   5   2  -2   0   1   3   0  -5  -4   1  -4  -5  -3  -1  -2  -2  -4  -3    1   5  30   9   1   3   8  22   2   0   1   9   0   0   1   4   1   1   0   2  0.62 0.39
   30 V    -3  -6  -6  -6  -1  -5  -6  -4  -6   6  -1  -5  -1   0  -3  -5  -2  -5  -4   5    2   0   0   0   1   0   0   1   0  39   4   0   1   4   2   0   2   0   0  42  1.25 0.61
   31 P    -1   0   3   2  -2   1  -1   2   0  -4  -3   0  -1  -5   1   2   1  -5  -4  -3    3   4  15  13   1   6   3  16   2   0   2   4   2   0   6  14   9   0   0   1  0.33 0.28
   32 S     0  -2  -2  -3  -2  -1  -1  -1  -1  -3  -3  -3  -2  -3   6   3  -1  -5  -2  -2    8   2   1   1   1   2   3   4   2   2   2   1   1   1  37  24   3   0   1   3  0.80 0.50
   33 N    -2  -1   2   3  -4  -1  -1  -2   1  -2  -1   0   0   3  -3   0   1  -3   3  -2    1   2  10  21   0   1   3   2   3   1   6   5   2  13   0   6  11   0  10   1  0.31 0.27
   34 A     1  -2  -2  -1   4  -2  -3  -2   0  -2  -1  -3   2  -1  -4   2   2   7  -1  -2   13   2   2   4  10   2   0   2   3   2   4   0   5   3   0  15  13  18   1   2  0.61 0.40
   35 S    -2   0   1  -2  -4  -1  -1  -2  -1  -3  -4   1   1  -3   3   2   4  -4  -2  -2    2   5   6   2   0   1   2   3   2   1   1  10   3   1  15  14  29   0   1   2  0.46 0.36
   36 W    -6  -6  -6  -3  -6  -5  -2  -3  -5  -2  -5  -6  -5   2  -6  -3  -6  12   1  -3    1   0   0   2   0   0   3   2   0   2   1   0   0   7   0   2   0  71   4   2  3.20 1.15
   37 E    -1  -2   0   5  -5   0   5  -2   0  -3  -4  -2  -4  -5  -2   0  -2  -5  -2  -4    5   2   3  29   0   4  35   2   2   2   2   2   0   0   2   6   2   0   1   0  0.77 0.46
   38 Q     0   0   0   0  -2   1   0   0   2   0   0   0   1   0  -2   0   0  -2   1   0    6   6   6   6   0   6   6   6   6   6   6   6   6   6   0   6   6   0   6   6  0.04 0.07
   39 A     3  -4  -4  -4   1  -1   2  -4  -4   1  -1  -3  -3   0  -4   0   1   2  -1   1   28   0   0   0   3   3  14   0   0   8   6   0   0   3   0   7  10   3   2  12  0.39 0.34
   40 M    -2  -2  -2  -4   0  -1  -2  -3  -1   2   2  -1   5   0  -1  -1  -1  -4  -1   1    3   2   2   0   2   3   3   2   2  14  19   4  19   3   3   5   3   0   2  11  0.36 0.30
   41 K    -1   4   0   0  -5   1   1  -2   1  -2  -2   2  -4  -1   1   0  -1  -5   0  -2    4  22   3   4   0   5   9   3   4   3   3  15   0   3   7   6   4   0   3   3  0.31 0.28
   42 M     0   1  -1  -1  -4   1   1  -2   1   0  -1   3   1   0  -1   0  -1   2   0  -1    8   6   3   3   0   5   8   3   3   8   5  20   3   5   3   6   4   3   3   4  0.12 0.16
   43 I    -2  -6  -3  -6   2  -5  -6  -3  -1   5   2  -5   1   3  -6  -3  -1   1  -1   1    3   0   2   0   4   0   0   2   2  40  17   0   3  10   0   2   4   2   2   9  0.78 0.46
   44 I     0  -2  -2  -2   1   1   0  -2  -4   4  -1  -1   0  -1  -4  -1  -1  -5  -1   3   10   2   2   1   3   8   8   4   0  27   3   3   2   2   0   5   2   0   2  18  0.31 0.29
   45 N    -1   0   3   2  -4   0   0  -1   3  -3  -3   2  -1   0  -2   1   0  -5  -2  -3    4   3  17  11   0   3   6   4   8   1   2  15   2   5   1   9   7   0   1   1  0.31 0.27
   46 D    -4  -3  -1   8  -8  -2   0  -7   0  -8  -5  -2  -8  -3  -7  -3  -6  -9  -2  -8    1   1   3  78   0   1   5   0   2   0   2   2   0   1   0   1   0   0   2   0  2.19 1.00
   47 P    -2   0  -2   0  -2  -2   0  -4  -2  -4  -4   0  -2  -4   7   0  -2   1  -3  -3    4   5   2   5   1   2   7   1   1   1   1   5   1   1  50   8   2   2   1   2  1.12 0.63
   48 R    -2   7  -2  -2  -7   1  -1  -4  -1  -4  -2  -2   1  -6  -4  -4  -4  -7  -2  -3    3  64   2   2   0   6   4   2   1   1   5   2   3   0   1   1   1   0   1   2  1.48 0.75
   49 Y    -7  -7  -4  -8   0  -7  -7  -8  -1  -4  -4  -7  -2   5  -8  -7  -7   6   9  -4    0   0   1   0   2   0   0   0   1   1   1   0   1  21   0   0   0  10  59   1  2.49 1.04
   50 S    -1   3  -1  -2  -4  -1  -1   0   0  -3  -1   3  -2  -2  -2   0   1   4   0  -2    3  19   3   2   0   2   3   7   2   1   6  19   1   1   2   6  11   6   3   2  0.31 0.26
   51 A     5  -2  -5  -4   0  -2  -3  -3   0   0   1  -3  -2  -3  -5   0  -2  -6  -3   1   51   2   0   1   2   2   1   2   2   5  12   1   1   1   0   6   2   0   1  10  0.72 0.50
   52 L    -5  -6  -7  -7  -1  -6  -4  -7  -7   4   5  -6   0   1  -4  -6  -5  -1  -2   2    0   0   0   0   2   0   1   0   0  21  53   0   2   6   1   0   0   1   1  12  1.19 0.58
   53 A    -1   1   0   0  -6  -1   0  -1  -1  -5  -4   4  -5  -6   4   0   1  -6  -5  -3    4   6   5   5   0   2   7   4   1   0   1  28   0   0  19   8   8   0   0   2  0.61 0.41
   54 K    -3  -1   2   2  -3  -1  -2  -4  -1  -5  -5   2  -3  -5  -3   3   4  -2  -5  -4    1   2   8  13   0   2   2   1   2   0   1  15   0   0   1  21  28   1   0   1  0.72 0.50
   55 L     0  -2  -2  -2  -2  -2  -3  -3   1   1   2  -2   3  -1   3  -1   0  -4  -1   1    7   2   2   2   1   1   1   1   4   6  25   3  10   2  13   4   6   0   2   8  0.29 0.24
   56 S     0   1   1  -2   0  -1  -1   2  -2  -3  -2   3  -3  -3  -2   2  -1   0  -3  -2    8   8   6   2   2   2   4  14   1   1   3  23   1   1   1  15   4   1   1   3  0.30 0.26
   57 E     0  -2  -3   3  -7   0   6  -4  -1  -5  -3  -1  -2  -4  -5  -1  -2  -2  -6  -2   10   1   0  18   0   3  49   1   1   1   3   4   1   1   0   3   2   1   0   2  1.03 0.59
   58 K    -6   8  -6  -7  -3  -2  -4  -7  -6  -8  -7   4  -7  -8  -4  -6  -6   0  -4  -8    0  73   0   0   1   2   1   0   0   0   0  21   0   0   1   0   0   1   1   0  2.35 1.01
   59 K    -5   4  -4  -4  -8   0   1  -6  -1  -7  -4   7  -6  -8  -6  -3  -3  -8  -6  -5    0  18   1   1   0   3  10   0   1   0   2  61   0   0   0   1   2   0   0   1  1.66 0.80
   60 Q     2  -1  -2   2  -1   5   3  -4   0  -5  -4  -1  -3  -6  -3  -1  -1  -6  -4  -4   15   3   1  12   1  31  19   1   2   0   1   3   0   0   1   4   4   0   1   1  0.78 0.51
   61 A     4  -5  -5  -5   3  -4  -4  -5  -5   2   2  -4   0  -3  -4  -3  -1  -1  -1   2   37   0   0   0   5   0   1   0   0   9  20   0   2   1   0   1   4   1   2  15  0.68 0.44
   62 F    -8  -8  -5  -9  -8  -8  -8  -9  -3  -6  -2  -8  -5   9  -9  -5  -7   5   2  -5    0   0   1   0   0   0   0   0   1   0   4   0   0  80   0   1   0   8   6   1  2.87 1.08
   63 N    -1  -1   5   3  -4   0   4  -4   0  -5  -5  -1  -4  -5  -5   0  -3  -7  -4  -4    6   3  26  16   0   4  30   1   2   0   1   2   0   0   0   6   1   0   1   1  0.89 0.52
   64 A     1  -1   0   1  -6   1   5  -4   1  -4  -5   3  -4  -6  -5  -1  -3  -6  -4  -3   14   2   4   9   0   5  34   1   4   1   1  20   0   0   0   3   1   0   0   1  0.74 0.47
   65 Y    -6  -7  -8  -9  -4  -7  -6  -8   0  -4  -6  -6  -6   4  -8  -7  -7   8   9  -4    1   0   0   0   0   0   0   0   2   1   0   0   0  13   0   0   0  21  61   1  2.79 1.08
   66 K    -1  -3  -4  -5   7   0  -4  -5  -5   1   1   3  -1  -5  -5   0  -1  -6  -5   2    3   1   0   0  25   4   0   0   0   7  16  17   1   0   0   9   4   0   0  12  0.77 0.44
   67 V     0   2  -1  -1  -3   0   1  -2  -2  -1  -2   1   0  -3  -3   1   2  -4  -3   1    8  14   2   3   0   4  10   2   1   4   3   9   2   1   1  12  12   0   0  12  0.19 0.19
   68 Q    -3  -1   0   2  -7   5   5  -5   1  -3  -5   1  -3  -6  -5  -2  -3  -6  -5  -4    2   2   4  11   0  31  33   0   4   1   1   7   0   0   0   2   1   0   0   1  1.05 0.57
   69 T    -1   6  -4  -4  -2  -2  -1  -5  -4  -2   0   4  -1  -5  -5  -3  -2  -3  -3   0    4  39   0   0   1   1   4   0   0   2  10  25   1   0   0   1   2   0   1   8  0.85 0.48
   70 E     2   3  -3  -2  -4   2   1  -3  -2  -1  -2   4  -2  -4  -4  -2  -1  -5  -4  -1   22  16   0   1   0  10   8   1   0   5   4  25   0   0   0   2   2   0   0   3  0.48 0.34
   71 K    -4   3  -4  -4  -7  -2  -3  -5  -4  -6  -6   8  -5  -7  -5  -4  -4  -7  -6  -6    0  14   0   0   0   0   0   0   0   0   0  86   0   0   0   0   0   0   0   0  2.17 0.77

                      K         Lambda
Standard Ungapped    0.1183     0.3059
Standard Gapped      0.0537     0.2670
PSI Ungapped         0.1755     0.3174
PSI Gapped           0.0537     0.2670
