
Last position-specific scoring matrix computed, weighted observed percentages rounded down, information per position, and relative weight of gapless real matches to pseudocounts
           A  R  N  D  C  Q  E  G  H  I  L  K  M  F  P  S  T  W  Y  V   A   R   N   D   C   Q   E   G   H   I   L   K   M   F   P   S   T   W   Y   V
    1 G    0 -2  0 -1 -3 -2 -2  6 -2 -4 -4 -2 -3 -3 -2  0 -2 -3 -3 -3    0   0   0   0   0   0   0 100   0   0   0   0   0   0   0   0   0   0   0   0  1.04 0.00
    2 S    0 -1  0 -1 -1 -1 -1 -1 -2 -2 -2 -1 -2 -3  4  3  2 -3 -2 -1    0   0   0   0   0   0   0   0   0   0   0   0   0   0  26  48  26   0   0   0  0.54 0.01
    3 A    3 -2 -1 -1 -1 -1 -1 -1 -2 -2 -1 -1 -1 -2 -1  3  2 -3 -2 -1   45   0   0   0   0   0   0   0   0   0   5   0   0   0   0  33  17   0   0   0  0.37 0.06
    4 D   -2 -2  1  6 -4 -1  2 -2 -2 -4 -4 -1 -4 -4 -2  0 -1 -5 -4 -4    0   0   5  78   0   0  12   0   0   0   0   0   0   0   0   3   2   0   0   0  1.13 0.15
    5 Y   -3 -3 -3 -4 -4 -3 -3 -4  0 -2 -1 -3 -2  2 -4 -3 -3  5  8 -2    0   0   0   0   0   0   0   0   0   0   6   0   0   0   0   0   0   7  87   0  1.58 0.21
    6 S    1 -1  2  1 -2  0  0 -1  0 -3 -3  1 -2 -3 -2  3  1 -4 -2 -1   10   0  12   6   0   0   4   0   2   0   0   8   0   0   0  48   6   0   0   3  0.35 0.09
    7 S    1  1  1 -1 -2 -1 -1  1 -2 -3 -3  1 -2 -3 -2  4  0 -3 -3 -2    8   7   5   0   0   0   0  12   0   0   0  11   0   0   0  55   2   0   0   0  0.43 0.10
    8 L   -2 -1 -1 -3 -2  3 -1 -3  0  0  3  0  4  1 -3 -2 -2  1 -1 -1    0   0   4   0   0  21   0   0   2   0  40   4  20   7   0   0   0   2   0   0  0.31 0.09
    9 T   -1 -1 -1 -2 -2 -1 -1 -3 -3 -2 -2  2 -2 -3 -2  0  6 -4 -3 -1    0   0   0   0   0   0   0   0   0   0   0  19   0   0   0   0  81   0   0   0  0.85 0.17
   10 V   -1 -3 -2 -4 -2 -3 -3 -4 -4  2  0 -3  0 -2 -3 -3 -1 -4 -2  5    0   0   2   0   0   0   0   0   0   5   4   0   0   0   0   0   0   0   0  90  0.79 0.16
   11 V    3 -2 -3 -3 -2 -2 -1 -2 -3  1  0 -2 -1 -2  3 -1  0 -3 -2  3   37   0   0   0   0   0   3   0   0   4   4   0   0   0  15   0   4   0   0  34  0.33 0.08
   12 Q   -2  0 -1  0 -4  6  3 -3 -1 -4 -3  1 -2 -4 -2 -1 -2 -3 -3 -3    0   0   0   4   0  68  24   0   0   0   0   2   0   0   0   2   0   0   0   0  0.99 0.17
   13 L   -2 -3 -4 -5 -2 -3 -4 -5 -4  1  5 -3  1  0 -4 -3 -2 -3 -2  0    0   0   0   0   0   0   0   0   0   0 100   0   0   0   0   0   0   0   0   0  0.95 0.16
   14 K   -2  2 -1 -2 -4  0  0 -3 -2 -4 -4  6 -2 -4 -2 -1 -2 -4 -3 -3    0   7   0   0   0   0   0   0   0   0   0  93   0   0   0   0   0   0   0   0  1.10 0.18
   15 D   -1 -1  1  4 -4  1  4 -2 -1 -3 -3  1 -3 -4 -2 -1  0 -4 -3 -3    5   0   4  32   0   3  40   0   0   0   0   9   0   0   0   0   7   0   0   0  0.60 0.10
   16 L   -2 -2 -3 -3 -2 -1  0 -4 -3  1  4 -2  1  1 -3 -2 -1 -2 -1  1    0   0   0   0   0   2  10   0   0   5  70   0   2   4   0   0   2   0   0   5  0.44 0.10
   17 L   -2 -3 -4 -5  3 -3 -4 -5 -4  1  5 -3  1 -1 -4 -3 -2 -3 -2  0    0   0   0   0   8   0   0   0   0   0  92   0   0   0   0   0   0   0   0   0  0.84 0.15
   18 T    0  3 -1 -2 -3  1  0 -2  0 -2 -3  4 -2 -3 -2  0  2 -3 -2 -2    6  16   0   0   0   7   0   0   2   1   0  46   0   0   0   3  18   0   0   0  0.45 0.10
   19 K    0  0  0  1 -3  3  4 -1 -1 -3 -3  1 -2 -4 -2  1 -1 -3 -3 -3    4   2   2   4   0  17  47   2   0   0   0   9   0   0   0  11   2   0   0   0  0.54 0.09
   20 R   -2  7 -1 -3 -5  0 -1 -3  0 -4 -3  2 -2 -4 -3 -2 -2 -4 -3 -4    0  89   0   0   0   0   0   0   2   0   0   9   0   0   0   0   0   0   0   0  1.26 0.18
   21 N   -1 -2  4  2 -3 -1 -1  4 -1 -4 -4  0 -3 -4 -2  1 -1 -4 -3 -4    0   0  28  14   0   0   0  44   0   0   0   5   0   0   0   8   0   0   0   0  0.65 0.10
   22 L   -2 -3 -4 -5 -2 -3 -4 -5 -4  1  5 -3  1  0 -4 -3 -2 -3 -2  0    0   0   0   0   0   0   0   0   0   0 100   0   0   0   0   0   0   0   0   0  0.95 0.16
   23 S    0  1 -1  0 -2 -1 -1  0 -2 -3 -3  0 -2 -3  4  3  1 -4 -3 -2    6   8   0   3   0   0   0   5   0   0   0   5   0   0  26  42   5   0   0   2  0.52 0.09
   24 V   -1 -2 -2 -3 -2  0 -2 -3 -3  2  0 -2  0 -2  0 -1  3 -3 -2  3    0   0   0   0   0   6   0   0   0  12   5   0   0   0   5   0  30   0   0  42  0.34 0.09
   25 G    0 -1  1  2 -2  1  1  1  0 -2 -3  0 -2 -3 -2  1  1 -3 -2 -2    9   0   6  16   0  10   8  14   2   2   0   6   0   0   0  16  11   0   0   0  0.24 0.04
   26 G   -1 -3 -1 -2 -4 -3 -3  7 -3 -5 -5 -3 -4 -4 -3 -1 -3 -4 -4 -4    0   0   0   0   0   0   0 100   0   0   0   0   0   0   0   0   0   0   0   0  1.59 0.18
   27 L   -1 -1  2 -2 -2 -1 -1 -3 -2  0  2  2  0 -1 -2 -1  0 -3 -2  0    0   0  17   0   0   0   0   0   0   2  41  23   0   0   0   4   6   0   0   7  0.20 0.07
   28 K   -2  1 -1 -2 -4  0  0 -3 -2 -4 -4  6 -3 -4 -2 -1 -2 -4 -3 -3    0   0   0   0   0   0   0   0   0   0   0 100   0   0   0   0   0   0   0   0  1.20 0.20
   29 N    3 -1  3  0 -2  1 -1 -1  1 -3 -3  1 -2 -3  0  1  0 -3 -2 -2   38   0  26   4   0   5   0   0   3   0   0   9   0   0   2  10   2   0   0   0  0.33 0.08
   30 E   -1 -1  0  5 -4  1  5 -3 -1 -4 -4 -1 -3 -4 -2 -1 -2 -4 -3 -3    3   0   2  37   0   2  56   0   0   0   0   0   0   0   0   0   0   0   0   0  0.91 0.14
   31 L   -2 -3 -4 -5 -2 -3 -4 -5 -4  1  5 -3  1  0 -4 -3 -2 -3 -2  1    0   0   0   0   0   0   0   0   0   0  92   0   0   0   0   0   0   0   0   8  0.83 0.14
   32 V   -1 -4 -4 -4 -2 -3 -4 -4 -4  4  0 -3  0 -1 -3 -3 -1 -4 -2  5    0   0   0   0   0   0   0   0   0  37   0   0   0   0   0   0   0   0   0  63  0.73 0.13
   33 Q    1 -1  1  1 -2  3  3 -2 -1 -1 -2  0 -1 -3 -2  1  0 -3 -2 -1   20   0   5   7   0  22  23   0   0   8   0   2   0   0   0   7   5   0   0   0  0.29 0.07
   34 R   -3  7 -2 -3 -5  0 -1 -4 -1 -4 -3  1 -3 -4 -3 -2 -2 -4 -3 -4    0 100   0   0   0   0   0   0   0   0   0   0   0   0   0   0   0   0   0   0  1.50 0.21
   35 L   -2 -3 -4 -5 -2 -3 -4 -5 -4  1  5 -3  1  0 -4 -3 -2 -3 -2  0    0   0   0   0   0   0   0   0   0   4  96   0   0   0   0   0   0   0   0   0  0.89 0.15
   36 I    0 -1 -1  0 -2  1  2 -2 -1  1  0  0  2 -2 -2 -1  1 -3 -2  1    5   0   0   2   0  10  27   0   0   8   8   3   9   0   0   0  15   0   0  11  0.17 0.06
   37 K    0  1  0  1 -3  2  4 -1 -1 -3 -3  2 -2 -4 -2 -1 -1 -3 -3 -3    9   7   4   7   0   7  43   4   0   0   0  18   0   0   0   0   0   0   0   0  0.46 0.09
   38 D    1 -2  3  4  1 -1  1  0  0 -3 -3 -1 -2 -2 -2  1 -1 -3  0 -2   17   0  19  34   4   0   6   4   2   0   0   0   0   0   0   7   0   0   6   0  0.38 0.08
   39 D   -3 -3  0  7 -4 -1  1 -2 -2 -3 -4 -2 -4 -4 -3 -1 -2 -5 -4 -2    0   0   0  90   0   0   3   0   0   0   0   0   0   0   0   0   0   0   0   4  1.37 0.20
   40 E    0 -1  1  1 -2  0  3 -2 -1 -2 -1  1 -2 -3 -2  2  0 -3 -2 -2    8   0   8   4   0   0  39   0   0   0   8   6   0   0   0  20   4   0   0   0  0.32 0.07
   41 E    0  0  0  1 -3  2  3 -2 -1 -3 -3  1 -2 -3  2  1  0 -3 -2 -2    8   0   4   7   0  11  33   0   0   0   1   9   0   0   8  14   2   0   0   0  0.37 0.07
   42 S    2 -1  2 -1 -2 -1 -1  0 -1 -2 -1  0 -1 -3  1  2  1 -3 -2 -1   24   0  12   0   0   0   0   5   0   0   6   8   0   0   7  23  12   0   0   0  0.23 0.06
   43 K    1  0 -1  0 -2  1  1  0 -1 -2 -2  2  1 -2 -1  1  1 -3 -2 -1   13   2   0   3   0   7   5   8   0   0   1  28   7   0   0   8  13   0   0   3  0.17 0.04
   44 G    1 -1  1 -1 -2  1  0  4 -2 -3 -3  0 -2 -3  1  0  0  3 -2 -2   12   0   6   0   0   9   5  38   0   0   0   5   0   0   7   5   6   6   0   0  0.37 0.06
   45 E    0 -1 -1  2 -3  2  3 -2 -1 -1 -1  0 -2 -3  2  0 -1 -3 -2 -2   11   0   0  14   0  11  37   0   0   5   6   0   0   0  11   4   0   0   0   0  0.36 0.07
   46 S    2 -1  1 -1 -2  1  0 -1 -1 -2 -2 -1 -2 -3  1  3  1 -3 -2 -1   25   0   6   0   0   6   6   0   0   0   0   0   0   0   8  34  10   0   0   5  0.31 0.08
   47 E   -1 -1 -1  0 -4  2  5 -3 -1 -3 -3  1 -2 -4  1 -1  1 -3 -3 -3    0   0   0   0   0   8  67   0   0   0   0   7   0   0   6   0   9   0   0   0  0.70 0.12
   48 V    3 -2  0 -2 -1 -1 -1 -1 -2  0 -1 -1 -1 -2 -2  1  1 -3 -2  2   42   0   6   0   0   0   0   0   0   0   0   0   0   0   0  11   6   0   0  32  0.23 0.06
   49 S    1  0  0 -1 -2  1  1 -1 -1 -2 -2  1 -2 -3 -1  3  2 -3 -2 -2   13   0   0   0   0   6   7   0   0   0   0  15   0   0   0  38  21   0   0   0  0.32 0.06
   50 P   -1 -3 -2 -2 -3 -2 -2 -3 -3  0 -3 -2 -2 -4  7 -1  1 -4 -3 -2    0   0   0   0   0   0   0   0   0   8   0   0   0   0  81   0  11   0   0   0  1.66 0.10
   51 Q   -1  1  0  0 -4  4  4 -2  0 -3 -3  2 -1 -4 -1  0 -1 -3 -2 -3    0   0   0   0   0  47  37   0   0   0   0  16   0   0   0   0   0   0   0   0  0.61 0.05

                      K         Lambda
Standard Ungapped    0.1261     0.3030
Standard Gapped      0.0410     0.2670
PSI Ungapped         0.1261     0.3030
PSI Gapped           0.0410     0.2670
