
Last position-specific scoring matrix computed, weighted observed percentages rounded down, information per position, and relative weight of gapless real matches to pseudocounts
           A  R  N  D  C  Q  E  G  H  I  L  K  M  F  P  S  T  W  Y  V   A   R   N   D   C   Q   E   G   H   I   L   K   M   F   P   S   T   W   Y   V
    1 E   -2 -1  1  4 -4  2  5 -3 -1 -4 -4  1 -3 -4 -2 -1 -2 -4 -3 -4    0   0   5  26   0   6  55   0   0   0   0   7   0   0   0   0   0   0   0   0  0.87 0.24
    2 M   -1 -3 -4 -4 -2 -3 -3 -4 -3  2  4 -3  1 -1 -4 -1 -2 -2  0  1    4   0   0   0   0   0   0   0   0   9  71   0   2   0   0   5   0   0   5   5  0.62 0.23
    3 A    2 -1  2 -1 -3  3  2 -2  2 -3 -3  1 -2 -3 -2  0  1 -3 -2 -2   22   0  14   0   0  22  16   0   7   0   0   8   0   0   0   3   9   0   0   0  0.38 0.18
    4 N   -2  3  3  0 -4  1  1  1 -1 -4 -3  2 -2 -3 -2  0 -1 -3  0 -3    0  19  22   4   0   7  12  13   0   0   0  11   0   0   0   7   1   0   3   0  0.38 0.16
    5 R   -2  3 -1 -2 -4  2  1  0 -2 -1 -2  4 -2 -4 -2 -1  1 -4 -3 -2    0  20   0   0   0   8  11   6   0   3   4  36   0   0   0   0  12   0   0   0  0.46 0.22
    6 L   -2 -2 -1 -3 -2  0  0 -4 -3  1  3 -2  3  2 -3 -1 -1 -2 -1  0    0   0   3   0   0   5  10   0   0   4  44   0  13   8   0   3   4   0   0   6  0.33 0.19
    7 A    2  0 -1  0 -2  0  1  1  1 -2 -1  0 -1 -3 -2  1  0 -3 -2 -1   31   3   0   5   0   3  13  11   4   0   9   6   0   0   0   8   4   0   0   3  0.18 0.13
    8 G    2 -1 -1  1 -3  1  3  1 -2 -3 -3  1 -3 -4  0  1 -1 -4 -3 -3   24   0   0   9   0   7  27   9   0   0   0  11   0   0   3  10   0   0   0   0  0.39 0.19
    9 L    0 -2 -3 -3 -2 -2 -1 -3 -3  2  3  1  1 -1 -1 -2  0 -3 -2  2    6   0   0   0   0   0   3   0   0   8  35  11   4   0   3   0   7   0   0  22  0.27 0.17
   10 E   -1  1  0 -1 -4  3  4  1  1 -4 -3 -1 -3 -1 -3 -1 -2 -4 -3 -2    3   9   3   0   0  21  40  12   3   0   0   0   0   3   0   3   0   0   0   3  0.54 0.27
   11 N   -1 -1  2  1 -3  3  2  0 -1 -3 -2  1 -2 -4  0  1  0 -4 -3 -2    0   0   9   8   0  23  19   8   0   0   3   8   0   0   3  12   4   0   0   2  0.37 0.19
   12 S    0  1  0  1 -3  3  3 -1 -1 -3 -2  1  0 -4 -2  1 -1 -4 -3 -2    7   8   2   6   0  17  31   4   0   0   2   5   2   0   0  12   0   0   0   3  0.38 0.20
   13 L   -1 -2 -1 -3 -2 -1 -1 -3 -3  2  3  0  2 -1 -3 -1 -1 -3  0  1    3   0   2   0   0   2   5   0   0  16  40   7   6   0   0   6   2   0   3   8  0.26 0.16
   14 E    0  1  0  1 -3  0  4 -2 -2  0 -2 -1  2 -3 -3 -1 -2 -4 -3  1   10   7   3   8   0   1  40   2   0   7   0   0   8   0   0   0   0   0   0  12  0.37 0.23
   15 S    2  1  1  1 -3  0  1  0 -1 -3 -1  1 -2 -3 -2  1 -1 -3 -3 -2   21   7   9   8   0   3  11   7   0   0   6  13   0   0   0  13   1   0   0   0  0.22 0.13
   16 E    1 -2 -2 -1 -3  1  4 -3 -2 -2  2 -1 -1 -3 -3 -1  1 -4 -3 -1   17   0   0   0   0   5  36   0   0   0  30   2   0   0   0   0   8   0   0   2  0.41 0.26
   17 K   -2  4  0 -2 -5  1  2 -3 -2 -4 -4  5 -3 -4 -3 -2  0 -4 -3 -4    0  27   3   0   0   6  17   0   0   0   0  43   0   0   0   0   5   0   0   0  0.85 0.34
   18 V    1  2  0 -2 -2  2  0 -1  1 -2  0  2 -1 -3 -2  0  0 -3 -2 -1   15  11   4   0   0  13   3   3   5   0  10  18   1   0   0   7   5   0   0   4  0.18 0.13
   19 S    0  2 -1 -1 -3  2  2  0 -1 -2 -1  1 -1 -3 -2  2  0 -3 -2 -1    3  11   0   2   0  15  14   6   0   0   8  10   0   0   0  19   6   0   0   6  0.21 0.15
   20 R    0  2  0 -2 -3  1  0 -3 -2 -1  1  1  1 -1 -3 -1 -1 -3 -2  1   11  18   5   0   0   6   8   0   0   0  22   8   3   2   0   2   0   0   0  15  0.16 0.15
   21 E    1 -1 -2  1 -4  3  5 -2 -2 -1 -3  0 -2 -4 -2  0 -2 -4 -3 -1   14   0   0   6   0  13  48   2   0   3   0   3   0   0   0   5   0   0   0   4  0.60 0.28
   22 Q   -2  0  1  3 -4  3  4 -3  0 -3 -3  2 -2 -2 -2 -1  0 -3 -3 -3    0   2   6  15   0  13  36   0   1   0   2  13   0   3   0   3   5   0   0   0  0.54 0.23
   23 L    0 -3 -4 -4 -2 -3 -3 -4 -3  1  4 -2  3  0 -3 -3 -1 -3 -2  0    8   0   0   0   0   0   0   0   0   7  65   3   8   2   0   0   3   0   0   0  0.64 0.28
   24 I    0  1 -1  0 -3  1  3 -1  0  0  0  1  0 -2 -2 -1  1 -3 -2 -1    5   6   0   3   0   5  29   3   3   8   8  13   3   0   0   0   9   0   0   4  0.19 0.14
   25 K    0  3 -1 -1 -4  1  1 -2 -2 -4 -3  5 -1 -4 -2  1 -1 -4 -3 -3   10  16   0   2   0   4   6   2   0   0   0  47   1   0   0   9   3   0   0   0  0.60 0.28
   26 Q   -1 -1 -1  1 -4  5  4 -1  1 -4 -4  1 -3 -5 -3 -1 -1 -4 -3 -4    2   0   1   5   0  33  41   4   3   0   0   5   0   0   0   3   2   0   0   0  0.83 0.35
   27 K    1  0  3 -1 -3  2  0 -1 -2 -3 -1  4 -2 -1 -2  0 -1 -4 -3 -3   13   0  18   0   0   9   5   3   0   0   9  35   0   3   0   3   3   0   0   0  0.35 0.23
   28 D    0  2 -1  0 -3  2  3 -1 -2 -3 -2  3 -2 -4 -2  0  1 -4 -3 -1    4  11   0   3   0   7  28   4   0   0   2  22   0   0   0   6   8   0   0   4  0.38 0.20
   29 Q   -2  0 -1  3 -5  3  5 -3 -2 -5 -4  0 -3 -5 -3  0 -2 -4 -4 -4    2   3   0  18   0  15  54   0   0   0   0   3   0   0   0   4   0   0   0   0  0.97 0.37
   30 L   -2 -3 -4 -5 -3  1 -3 -5 -4  1  5 -3  3 -1 -4 -3 -3 -3 -3  0    3   0   0   0   0  10   0   0   0   3  72   0   9   0   0   0   0   0   0   3  0.88 0.36
   31 N    0  1 -1  0 -4  3  4 -1  1 -4 -3  3 -2 -2 -2  0 -1 -4 -3 -3    8   4   1   4   0  16  31   3   3   0   0  21   0   3   0   3   3   0   0   0  0.49 0.24
   32 S    1  0  2  2 -3  0  0  2 -2 -3 -3  2 -2 -4 -2  1  0 -4 -3 -3   17   3  11  11   0   3   4  15   0   0   0  15   0   0   0  15   7   0   0   0  0.30 0.16
   33 L    0  2 -1 -2  0  2  0 -1 -2 -2  1  3 -1 -1 -2  0 -1 -3 -2 -1    8  12   2   0   3  10   6   5   0   0  17  24   0   3   0   5   1   0   0   3  0.17 0.14
   34 L   -3 -2  0 -4 -3 -3 -4 -4  0  0  4 -2  2  0 -4 -3 -2  1 -2  2    0   2   6   0   0   0   0   0   3   0  62   3   3   2   0   0   0   2   0  16  0.62 0.30
   35 A    4  0  0  1 -2 -1  0 -2  0 -3 -3 -1 -3 -4 -2  2  0 -4 -3 -2   51   4   5  11   0   0   6   0   3   0   0   3   0   0   0  14   2   0   0   2  0.48 0.27
   36 S   -1  1  1  1 -4  2  3 -1  1  0 -2  2 -2 -3 -2  0 -2 -4 -3 -2    3   7   6   7   0  13  25   3   3  10   1  15   0   0   0   5   0   0   0   0  0.32 0.18
   37 L    1 -2 -3 -3 -2 -2  0 -3 -3  2  3  1  2 -1 -3 -1 -2 -3 -1  1   12   0   0   0   0   0   7   0   0  15  40  11   5   0   0   2   0   0   2   5  0.29 0.19
   38 E    0  2 -1  1 -4  1  4 -3  3 -4 -4  3 -3 -4 -2 -1  0 -4 -1 -3    6  10   0   5   0   5  32   0   8   0   0  24   0   0   0   0   8   0   2   0  0.52 0.25
   39 S    1  0 -1  0 -3  3  1  1 -2 -1 -1  2  0 -2 -2  1  0 -3 -2 -1   12   3   1   3   0  19   7  13   0   3   4  16   3   2   0  10   3   0   0   2  0.20 0.14
   40 E   -1  0 -2 -1 -4  4  4  1 -2 -4 -2  2 -3 -4 -3 -2 -2 -4 -3 -4    3   3   0   0   0  25  40  13   0   0   3  13   0   0   0   0   0   0   0   0  0.71 0.33
   41 G    0 -1  3 -1 -3 -1  0  0  0 -2  2  2  0 -3 -3  0 -2 -4 -3 -2    8   0  23   0   0   0   6   5   3   0  26  21   3   0   0   5   0   0   0   0  0.27 0.21
   42 A    2  0  0  1 -3  0  3  0  0 -3 -3  1 -2 -4 -2  0 -2 -4 -3 -1   25   3   4   9   0   0  31   7   2   0   1  10   0   0   0   2   0   0   0   6  0.36 0.21
   43 E   -1  0  1  0 -3  3  3 -3  1 -3 -2  1 -1 -4 -2  0  2 -4 -3 -3    4   3   5   3   0  15  32   0   3   0   4   7   2   0   0   7  15   0   0   0  0.40 0.22
   44 R   -2  5 -1 -3 -3 -1 -1 -4 -2 -1  3  1  1 -2 -4 -2 -2 -3  0  0    2  40   3   0   0   0   3   0   0   0  37   5   2   0   0   0   0   0   3   5  0.55 0.29
   45 E    0  0  1  2 -4  1  4 -3 -2 -2 -1  1  0 -4 -2 -1  0 -4 -3 -3    6   5   8  11   0   3  41   0   0   1   5   9   4   0   0   0   7   0   0   0  0.45 0.24
   46 K    0  0  2  1 -4  3  1  0  3 -4 -4  3 -2 -4 -2  0 -1 -4 -2 -3    9   3  10   9   0  19   5   5  11   0   0  26   0   0   0   3   1   0   0   0  0.43 0.22
   47 R   -2  4  0 -1 -4  3  3 -3  0 -3 -2  1  2 -3 -3 -2 -2 -4 -3 -2    0  30   3   2   0  15  26   0   1   0   3   9   8   1   0   0   0   0   0   3  0.58 0.28
   48 L   -2  1 -3 -2 -3 -2 -3 -4 -3  3  3  2  0 -2 -3 -2 -2 -3 -2  1    0   9   0   3   0   0   0   0   0  26  40  15   0   0   0   3   0   0   0   5  0.42 0.24
   49 R    2  1  0 -1 -3  2  2 -2 -2 -3 -2  1 -2 -3 -2  1  0 -4 -3 -2   29   9   2   2   0  12  17   0   0   0   3   6   0   0   0  13   7   0   0   0  0.33 0.20
   50 E   -2 -2 -1  4 -4  1  4 -3 -2 -2 -4  1 -3 -4 -3  0 -2 -5 -4 -2    0   0   0  30   0   6  41   0   0   3   0  10   0   0   0   9   0   0   0   2  0.78 0.32
   51 L    0 -3 -3 -2 -2 -1  0 -4 -3  1  4 -3  1 -1 -3 -2  0 -3 -1  1    7   0   0   3   0   2   6   0   0   4  56   0   3   0   0   0   5   0   1  12  0.45 0.24
   52 E   -2  1 -2  1  1  5  5 -3 -2 -4 -4  1 -3 -5 -3 -2 -1 -4 -3 -4    2   5   0   7   3  30  44   0   0   0   0   5   0   0   0   0   3   0   0   0  0.89 0.37
   53 A    2  2 -1 -1 -3  2  1 -2  1 -3 -2  2 -2 -3 -2  2  0 -4 -2 -2   25  11   0   3   0  11   7   0   3   0   3  15   0   0   0  17   6   0   0   0  0.32 0.19
   54 K    0  2  0 -1 -3  1  2  0 -1 -3 -2  3  0 -3 -2  1  0 -4 -3 -2    8  16   5   0   0   6  16   6   0   0   3  24   2   0   0  10   3   0   0   1  0.31 0.17
   55 L   -2 -2  1 -3  2 -2 -3 -3 -3  2  3  0  2  1 -3 -1 -1 -3 -2  1    0   0   9   0   5   0   0   0   0  13  38   8   6   5   0   3   3   0   0  10  0.29 0.18
   56 D   -1  0  0  3 -3  1  4 -1 -2 -3 -3  1 -3 -4 -2  1  0 -4 -3 -2    4   3   1  19   0   5  33   4   0   0   1   8   0   0   0  12   7   0   0   2  0.45 0.22
   57 E   -1  1 -1  3 -4  2  5 -2 -2 -4 -4 -1 -3 -5 -3  0 -1 -4 -4 -4    6   8   0  16   0   7  52   2   0   0   0   0   0   0   0   5   3   0   0   0  0.79 0.33
   58 T    2 -1 -2 -1 -2  0  1 -2 -2  1  1 -1  0 -2 -2 -1  2 -3 -2  1   26   4   0   2   0   3  11   2   0   7  14   0   2   0   0   0  18   0   0  11  0.17 0.15
   59 L   -1  0  0 -1 -3  1  1 -1 -2 -1  1  2  2 -2 -2  0  0 -3  0 -2    3   4   6   0   0   5  14   3   0   0  22  24   9   0   0   4   4   0   4   0  0.18 0.16
   60 K    0  4  0  0 -3  3  1 -3 -1 -2 -2  2 -2 -3  0 -1 -1 -3 -3 -2    8  28   3   4   0  16   9   0   0   2   3  16   0   0   3   0   3   0   0   3  0.40 0.20
   61 N    0  2  2  0 -3  3  3  0 -1 -2 -3  1  0 -1 -2  0 -2 -3 -2 -3    6  11  13   2   0  19  25   8   0   2   0   5   3   3   0   3   0   0   0   0  0.36 0.20
   62 L   -1  0  0 -3 -2 -3 -3 -4 -3  2  4 -3  0 -1 -3 -1 -2  2 -2  1    6   5   6   0   0   0   0   0   0  15  54   0   0   0   0   3   0   3   0   7  0.45 0.23
   63 E    0 -1 -1  2 -4  4  4 -3  1 -4 -4  0 -3 -4 -2  1 -2 -4 -3 -3    5   0   0  14   0  25  37   0   3   0   0   3   0   0   0  10   0   0   0   0  0.68 0.29
   64 L    0 -1  0  2 -2  0  2  0 -2 -1  0  1 -1 -2 -2  1  1 -3 -2 -1    8   0   2  14   0   4  13   6   0   3  11  14   0   0   0  11   8   0   0   4  0.14 0.10
   65 E    1 -1 -2  1 -3 -1  3 -1 -2 -1  1  0  0 -2 -2 -1 -1 -3 -3  0   15   2   0   7   0   0  35   5   0   2  18   3   2   0   0   1   2   0   0   6  0.25 0.19
   66 K   -1  3  0 -2 -3  1  1 -3  0 -2 -3  3  0 -3 -2 -1  2 -4 -3 -1    4  22   2   0   0   6   8   0   3   2   0  28   2   0   0   0  19   0   0   4  0.42 0.22
   67 L    1  0 -2 -1 -2  1 -1 -2 -2  0  1  2  3 -2 -2  0  0 -3 -2 -1   13   5   0   3   0   8   0   2   0   3  20  20  14   0   0   5   6   0   0   0  0.18 0.16
   68 A    2  0  0  1 -3  3  2 -1  1 -2 -3  0 -2 -3 -2  0  0 -3 -2 -1   25   3   3   6   0  20  17   4   3   2   0   5   0   0   0   6   3   0   0   3  0.30 0.18
   69 R   -2  3  2 -2 -3  0 -1 -1  3 -1  0  2  0 -2 -3  0 -1 -3  0 -1    0  22  12   0   0   3   2   3  11   3  13  17   2   0   0   5   3   0   2   3  0.26 0.17
   70 M    1 -1 -2  0 -3  2  2 -3 -2 -1  2  1  2 -1 -2  0 -1 -3 -2 -1   12   0   0   3   0  10  21   0   0   2  27   8   8   2   0   6   0   0   0   0  0.22 0.17
   71 E    0 -2 -1  4 -4  1  4  0 -2 -4 -4 -1 -3 -5 -3 -1 -1 -5 -4 -4    8   0   0  32   0   6  43   6   0   0   0   0   0   0   0   3   2   0   0   0  0.83 0.33
   72 L    1 -1 -3 -3 -2  0  0 -3 -3  0  3 -2  0 -1 -3 -1  0 -3  0  0   18   2   0   0   0   5   7   0   0   4  51   0   0   0   0   3   5   0   3   3  0.33 0.22
   73 E   -3  1 -2  0 -5  3  6 -4 -2 -5 -4  1 -3 -5 -3 -2 -1 -4 -4 -4    0   8   0   2   0  12  65   0   0   0   0   8   0   0   0   0   3   0   0   0  1.10 0.41
   74 A    2  0 -1  2 -3  3  2 -2 -2 -3 -2  2 -2 -4 -2  1 -1 -4 -3 -2   22   2   1  12   0  19  12   0   0   0   3  13   0   0   0  12   0   0   0   3  0.35 0.20
   75 R   -2  5 -2  0 -4  3  1 -2 -2 -3 -1  3 -2 -4 -3 -1 -2 -4 -3 -3    0  40   0   6   0  17   7   3   0   0   8  16   0   0   0   3   0   0   0   0  0.64 0.28
   76 L   -2 -3 -4 -2  1 -3 -3 -4 -4  3  4 -1  0 -1 -3 -3 -1 -3 -2  1    0   0   0   3   4   0   0   0   0  19  55   6   0   0   0   0   3   0   0   8  0.54 0.25
   77 A    3  0 -2 -2  1  2  0 -2 -2 -1 -2  1  0  0 -2  2  0 -3 -2 -2   30   3   0   0   3  11   2   0   0   3   0  11   3   4   0  25   4   0   0   0  0.32 0.21
   78 K    1  0 -1  0 -3  2  3 -3  1 -3 -3  4 -2 -4 -2  0 -1 -4 -3  0   11   0   0   5   0   8  21   0   3   0   0  37   0   0   0   5   3   0   0   8  0.45 0.24
   79 T    0 -2 -2 -3  1  1 -1  1 -3 -1  3 -2  0 -2 -3 -1  1 -3 -2 -1    8   0   0   0   4   9   3  11   0   0  45   0   1   0   0   2  15   0   0   2  0.28 0.20
   80 E   -2  0 -1  2 -5  2  5 -3 -2 -4 -4  0 -3 -5 -3 -1  0 -4 -4 -4    0   3   0  13   0  11  63   0   0   0   0   2   0   0   0   3   5   0   0   0  1.01 0.37
   81 K   -2  2  0  3 -3  1  1  0 -2 -2 -1  3 -2 -3 -2  0 -1 -4 -3 -1    0  13   3  24   0   6   6   5   0   0   6  23   0   0   0   6   0   0   0   7  0.33 0.17
   82 D    0  1  1  3 -3  1  2  0 -1 -3 -3  2 -2 -1 -1  0  0 -3 -2 -2    5   7   9  18   0   3  19   6   0   0   0  15   0   3   2   6   4   0   0   1  0.30 0.14
   83 R   -1  2  2 -1 -3  0  1 -2 -1  0  0  2  0 -2 -2  0  0 -3 -2  0    3  15  13   0   0   3   8   0   0   7   9  19   3   0   0   4   7   0   0  10  0.17 0.12
   84 A    3  0  0 -2 -2  0  1 -2 -2 -2 -3  0 -2 -3 -2  1  1 -4 -3  0   44   6   3   0   0   3  12   0   0   0   0   5   0   0   0  12  10   0   0   5  0.38 0.22
   85 I    0  0  1  1 -3  1  3 -1 -2  1  0  0  0 -3 -2  0 -1 -3 -2 -1    6   6   6   8   0   5  30   3   0  13  10   3   3   0   0   3   3   0   0   0  0.20 0.14
   86 L   -1 -2 -3 -4 -3  2 -1 -4 -3  0  4 -1  1  0 -3 -2  0 -3 -2 -1    6   0   0   0   0  11   3   0   0   0  66   3   3   2   0   0   6   0   0   0  0.56 0.28
   87 E   -1  1  0  1 -5  3  6 -3 -2 -5 -4  1 -3 -5 -3 -2 -2 -4 -3 -4    3   8   3   4   0  11  66   0   0   0   0   5   0   0   0   0   0   0   0   0  1.03 0.37
   88 L    0  1  0 -1 -3  3  0 -3  3 -2  0  2 -1 -2 -2  0  0 -3  0 -2    9   5   3   3   0  25   0   0  10   0  14  19   0   0   0   3   6   0   3   0  0.29 0.19
   89 K   -1  3  0 -1 -4  3  2 -1 -1 -3 -2  3 -2 -4 -2  0 -1 -4 -3 -3    4  24   3   0   0  17  13   5   0   0   3  24   0   0   0   3   3   0   0   0  0.47 0.21
   90 L   -1 -2  0 -3 -2 -2 -1 -4 -3  2  3 -1  0  1 -3 -2 -1 -2  0  1    4   0   7   0   0   0   3   0   0  12  47   6   0   7   0   0   3   0   3   8  0.30 0.17
   91 A    2 -1 -1 -1  0  3  1 -1  2 -2 -2  0 -2 -3 -2  1  0 -3 -2  0   29   0   2   2   2  18   6   3   7   0   3   6   0   0   0  12   2   0   0   8  0.23 0.16
   92 E   -1  0 -1  2  1  1  5 -3  1 -2 -4 -1 -3 -2 -3 -1  0 -4 -1 -3    3   4   0  14   4   3  55   0   4   2   0   0   0   2   0   0   8   0   2   0  0.69 0.29
   93 A    0 -2 -2 -2 -2  0  1 -1  0  1  2 -1  3  0 -3 -1  0 -3 -2 -1    6   0   0   0   0   3  16   6   3  10  29   3  12   3   0   4   5   0   0   0  0.16 0.14
   94 I   -2  1  0  0 -3  4  3 -3 -1 -2  0  1  0 -3 -2 -1  1 -3 -3 -2    0   5   3   3   0  31  25   0   0   1  11   6   3   0   0   1  12   0   0   0  0.45 0.23
   95 D    0  1  0  3 -3  2  2 -1 -1 -3 -2  3 -2 -4 -2  0 -1 -4 -3 -3    9   8   2  19   0   9  14   4   0   0   3  25   0   0   0   4   2   0   0   0  0.36 0.16
   96 E   -2  3 -2  0 -4  1  5  0 -2 -4 -2  1 -3 -4 -3 -1 -1 -4 -3 -3    2  23   0   3   0   3  50   7   0   0   5   6   0   0   0   0   3   0   0   0  0.66 0.28
   97 K   -2  1  2 -1 -3  0  2 -3 -1 -2  1  3  0 -2 -3 -1 -2 -3  0 -2    0   8  13   0   0   3  19   0   0   0  19  28   3   0   0   4   0   0   3   0  0.31 0.19
   98 S    1  1  2  0 -3  2  3 -2 -1 -3 -3  2 -2 -4 -2  1 -1 -4 -3 -3   14   7  11   3   0   7  31   0   0   0   2  16   0   0   0   9   0   0   0   0  0.42 0.19
   99 K    0  4 -1 -1 -4  2  3 -1  1 -4 -3  2 -2 -4 -2  0 -2 -4 -3 -3    7  27   0   0   0  11  32   3   3   0   0  14   0   0   0   3   0   0   0   0  0.59 0.23
  100 L   -3 -4 -5 -5 -3 -4 -4 -5 -4  0  5 -4  2 -1 -4 -4 -3 -3 -3 -1    0   0   0   0   0   0   0   0   0   0  96   0   4   0   0   0   0   0   0   0  1.23 0.37
  101 E   -2 -1 -2  1 -5  0  6 -4 -2 -5 -4  2 -3 -5 -3 -2 -2 -4 -4 -4    0   0   0   4   0   0  84   0   0   0   0  12   0   0   0   0   0   0   0   0  1.33 0.37

                      K         Lambda
Standard Ungapped    0.1232     0.3033
Standard Gapped      0.0380     0.2670
PSI Ungapped         0.1243     0.3173
PSI Gapped           0.0380     0.2670
