
Last position-specific scoring matrix computed, weighted observed percentages rounded down, information per position, and relative weight of gapless real matches to pseudocounts
           A  R  N  D  C  Q  E  G  H  I  L  K  M  F  P  S  T  W  Y  V   A   R   N   D   C   Q   E   G   H   I   L   K   M   F   P   S   T   W   Y   V
    1 M   -1 -1 -2 -3 -2 -1 -2 -3 -2  1  2 -1  6  0 -3 -2 -1 -2 -1  1    0   0   0   0   0   0   0   0   0   0   0   0 100   0   0   0   0   0   0   0  0.44 0.02
    2 P    0 -2 -1 -1 -2 -1 -1 -2 -2 -3 -3 -1 -2 -3  7  1 -1 -4 -3 -2    0   0   0   0   0   0   0   0   0   0   0   0   0   0  81  19   0   0   0   0  1.59 0.02
    3 E    0 -1  0  2 -2  1  4 -1 -1 -3 -3  0 -2 -3 -1  2  0 -3 -2 -2    0   0   0  13   0   0  50   0   0   0   0   0   0   0   0  37   0   0   0   0  0.47 0.02
    4 F   -2 -3 -3 -4 -2 -3 -3 -3 -2  1  1 -3  0  5 -3 -2 -2  0  2  1    0   0   0   0   0   0   0   0   0   0  13   0   0  66   0   0   0   0   0  21  0.49 0.02
    5 L    0 -2 -2 -3 -1 -2 -2 -2 -2  1  2 -2  2  2 -2  0 -1 -1  0  1    8   0   0   0   0   0   0   0   0   0  36   0  11  15   0  10   0   0   0  19  0.19 0.02
    6 E    0  0  0  2 -3  1  3 -2 -1 -3 -3  2 -2 -3 -1  1  1 -3 -2 -2    0   0   0  10   0   0  44   0   0   0   0  15   0   0   0  17  15   0   0   0  0.40 0.03
    7 D   -2 -2  3  5 -4  0  2 -2 -1 -4 -4 -1 -3 -4 -2  0 -1 -4 -3 -3    0   0  23  70   0   0   8   0   0   0   0   0   0   0   0   0   0   0   0   0  0.91 0.08
    8 P   -1 -3 -2 -2 -3 -2 -2 -3 -3 -3 -4 -2 -3 -4  8  0 -2 -4 -4 -3    0   0   0   0   0   0   0   0   0   0   0   0   0   0  93   7   0   0   0   0  2.14 0.14
    9 S    1 -1  1  1 -2  0  2 -1 -1 -3 -2 -1 -2 -3 -2  4  0 -3 -2 -2    5   0   5   9   0   0  17   0   0   0   5   0   0   0   0  58   0   0   0   0  0.41 0.09
   10 V    1  0 -1  1 -2  0  1 -2 -2  0 -1  0 -1 -2 -2  1  0 -3 -2  1   10   7   0   9   0   0  14   0   0   0   6   5   0   0   0  19   5   0   0  25  0.12 0.04
   11 L   -2 -2 -3 -4 -2  1 -2 -4 -3  1  4 -2  4  0 -3 -3 -2 -2 -2  0    0   0   0   0   0   9   0   0   0   0  75   0  16   0   0   0   0   0   0   0  0.58 0.11
   12 T   -1 -2 -1 -2 -2 -1 -2 -2 -2 -2 -2 -1 -2 -3 -2  1  6 -3 -2 -1    0   0   0   0   0   0   0   0   0   0   0   0   0   0   0   8  92   0   0   0  0.94 0.18
   13 K   -1  2 -1 -2 -3  0  0 -3 -2  0 -2  5 -1 -3 -2 -1 -1 -4 -2  0    0   9   0   0   0   0   0   0   0   7   0  73   0   0   0   0   0   0   0  11  0.59 0.13
   14 D    1 -1  0  4 -3  2  3 -2 -1 -3 -3  0 -2 -4 -2  0  0 -4 -3 -2   19   0   0  39   0  10  27   0   0   0   0   0   0   0   0   0   5   0   0   0  0.55 0.10
   15 K   -1  2  1  1 -3  4  1 -2 -1 -3 -3  3 -2 -3 -2  0 -1  2 -2 -3    0   9   5   6   0  30   7   0   0   0   0  31   0   0   0   8   0   5   0   0  0.46 0.09
   16 L   -2 -3 -4 -4 -2 -3 -4 -4 -3  2  5 -3  1  1 -4 -3 -2 -2 -1  0    0   0   0   0   0   0   0   0   0   7  89   0   0   5   0   0   0   0   0   0  0.72 0.13
   17 K   -2  2 -1 -2 -4  0  0 -2 -2 -1 -3  5 -2 -3 -2 -1 -1 -4 -2 -1    0  10   0   0   0   0   0   0   0   4   0  81   0   0   0   0   0   0   0   6  0.74 0.16
   18 S    1  1  2  0 -2  1  2 -1 -1 -3 -3  2 -2 -3 -2  2  0 -3 -2 -2   11   7  14   0   0   5  25   0   0   0   0  13   0   0   0  25   0   0   0   0  0.35 0.07
   19 E    1 -1 -1  0 -3  2  5 -2 -1 -1 -2  0 -2 -3 -2  0 -1 -3 -2 -2   13   0   0   0   0   9  64   0   0   4   3   0   0   0   0   7   0   0   0   0  0.59 0.13
   20 L   -2 -3 -4 -4 -2 -3 -4 -4 -4  1  5 -3  1  0 -4 -3 -2 -2 -2  0    0   0   0   0   0   0   0   0   0   0 100   0   0   0   0   0   0   0   0   0  0.89 0.16
   21 V   -1  0 -1 -2 -2  2 -1 -3  1  2  0  1  0 -2 -2  0  1 -3 -2  1    0   3   0   0   0  17   0   0   4  20   7  16   0   0   0   3  11   0   0  18  0.14 0.06
   22 A    2  2 -1 -1 -2  1  1 -1 -1 -2 -1  1 -1 -3 -1  1  0 -3 -2 -1   30  15   0   0   0   5  10   0   0   0   7  12   0   0   0  14   6   0   0   0  0.22 0.06
   23 N   -1  1  4 -1 -3  1  0 -2  6 -4 -3  2 -2 -3 -2 -1 -1 -3 -1 -3    3   8  32   0   0   7   0   0  37   0   0  13   0   0   0   0   0   0   0   0  0.67 0.13
   24 N   -1 -2  4  0 -3 -1 -2  5 -1 -4 -4  0 -3 -4 -3  0 -1 -4 -3 -4    0   0  30   4   0   0   0  57   0   0   0   5   0   0   0   4   0   0   0   0  0.78 0.12
   25 V   -1 -3 -4 -4 -2 -3 -3 -4 -4  3  0 -3  0 -1 -3 -3 -1 -4 -2  5    0   0   0   0   0   0   0   0   0  24   0   0   0   0   0   0   0   0   0  76  0.72 0.15
   26 T    0 -1 -1 -1 -2  2  1 -1 -1 -3 -3 -1 -2 -3  3  3  2 -3 -2 -2    4   0   0   0   0  11   7   0   0   0   0   0   0   0  16  45  16   0   0   0  0.48 0.10
   27 L   -2 -3 -4 -4 -2 -3 -3 -4 -3  2  4 -3  1  1  1 -3 -2 -2 -1  1    0   0   0   0   0   0   0   0   0  18  63   0   0   8   7   0   0   0   0   4  0.49 0.10
   28 P   -2 -3 -3 -2 -3 -2 -2 -3 -3 -3 -3 -2 -3 -4  8 -2 -2 -4 -3 -3    1   1   0   1   0   0   1   1   0   1   1   1   0   0  90   1   1   0   0   1  2.12 0.20
   29 A    2  0 -1 -2 -2 -1 -1 -1  1  0 -2  0 -1 -2  3  2  0 -3 -2  0   22   5   0   0   0   0   2   3   7  10   0   7   0   0  14  21   5   0   0   5  0.21 0.06
   30 G    0 -2 -1 -1 -2  1 -1  3 -2 -3 -3 -1 -2 -3  3  2  1 -3 -3 -2    6   0   0   0   0   8   0  37   0   0   0   0   0   0  17  22   8   0   0   0  0.50 0.08
   31 E    0  1  2  2 -3  0  2  0 -1 -3 -3  0 -2 -3 -2  2  0 -4 -2 -3    4   7  17  17   0   0  23   4   0   0   0   3   0   0   0  23   3   0   0   0  0.38 0.07
   32 Q    3 -1 -1 -2 -2  3  0 -1 -1 -3 -3  1 -2 -3  2  1 -1 -3 -2 -2   40   0   0   0   0  29   0   0   0   0   0  10   0   0  11  10   0   0   0   0  0.44 0.11
   33 R   -2  4 -1 -2 -4  0  0 -3  2 -4 -3  4 -2 -4  2 -1 -2 -4 -2 -3    0  40   0   0   0   0   0   0   7   0   0  43   0   0  10   0   0   0   0   0  0.73 0.14
   34 K   -2  1 -1 -2 -4  0  0 -3 -2 -4 -3  6 -2 -4 -2 -1 -2 -4 -3 -3    0   0   0   0   0   0   0   0   0   0   0 100   0   0   0   0   0   0   0   0  1.17 0.22
   35 D    1 -1  0  4 -3  1  3 -2 -1 -3 -3 -1 -3 -4 -2  1 -1 -4 -3 -3   13   0   0  39   0   7  31   0   0   0   0   0   0   0   0   9   0   0   0   0  0.61 0.11
   36 V    0 -2 -1  0 -2 -1  2 -2 -1  0  0 -1 -1  1 -2  0  1 -2  2  2    4   0   0   7   0   0  19   0   0   0   3   0   0   5   0   7  11   0  10  33  0.15 0.07
   37 Y   -3 -3 -3 -4 -3 -3 -3 -4  0 -2  0 -3 -1  3 -4 -3 -3  1  7 -2    0   0   0   0   0   0   0   0   0   0  11   0   0   8   0   0   0   0  81   0  1.35 0.21
   38 V   -1 -3 -4 -4 -2 -1 -3 -4 -4  2  1 -3  0 -2 -3 -2 -1 -3 -2  5    0   0   0   0   0   4   0   0   0   7   7   0   0   0   0   0   0   0   0  82  0.67 0.15
   39 Q   -2  3  0  2 -4  4  1 -2  2 -3 -3  3 -2 -4 -2 -1 -1 -3 -2 -3    0  15   0  13   0  31   6   0   5   0   0  30   0   0   0   0   0   0   0   0  0.56 0.11
   40 L   -2 -3 -4 -4 -2 -3 -4 -4 -4  2  4 -3  1  0 -3 -3 -2 -2 -2  1    0   0   0   0   0   0   0   0   0   5  86   0   0   0   0   0   0   0   0   9  0.72 0.16
   41 Y   -3 -3 -3 -4 -3 -3 -3 -4  0 -2 -2 -3 -2  4 -4 -3 -3  1  8 -2    0   0   0   0   0   0   0   0   0   0   0   0   0  17   0   0   0   0  83   0  1.51 0.25
   42 L   -1  3  1 -1 -3  1  1 -2 -1 -1  1  1  1 -2 -2  0  0 -3 -2 -2    0  27  12   0   0   4  13   0   0   0  19   7   6   0   0   9   2   0   0   0  0.22 0.07
   43 Q   -1  0  0  1 -4  4  2 -2 -1 -3 -3  3  0 -3 -2 -1 -1 -3 -2 -3    0   0   4   7   0  37  18   0   0   0   0  28   4   0   0   0   3   0   0   0  0.54 0.15
   44 H   -3 -1 -1 -2 -4  1 -1 -3  8 -4 -3  0 -2 -1 -3 -2 -3 -2  3 -4    0   0   0   0   0   4   0   0  78   0   0   7   0   0   0   0   0   0  11   0  1.40 0.28
   45 L   -1 -2 -3 -3 -2  0 -2 -4 -3  3  2 -2  1  0 -3 -1 -1 -2 -1  3    0   0   0   0   0   6   0   0   0  27  32   0   0   4   0   5   0   0   0  27  0.33 0.10
   46 T    0 -1 -1 -1 -1  0  0 -2 -2  0  1 -1  0 -2 -1  0  4 -2 -2  0    7   1   1   1   0   6   6   1   0   1  20   1   0   1   1   1  47   0   0   5  0.25 0.10
   47 A    2 -1  0 -1 -1 -1 -1  0 -1 -1  0  0  1 -1  0  1  0 -2 -1  0   30   1   7   1   0   1   1   6   0   1   9   7   5   1   3  15   1   0   1   9  0.10 0.04
   48 R    0  2  0  0 -2  2  2  0 -1 -2 -1  2 -1 -2 -1  0 -1 -2 -1 -1    9  15   1   2   1  15  15   9   1   2   7  13   1   1   2   2   2   0   1   2  0.17 0.04
   49 N   -1  2  3  1 -2  0  0  1  0 -2 -2  1 -1 -2 -1  1  0 -2 -1 -2    3  16  28   8   1   1   2   9   1   2   3   6   1   1   2   9   6   0   1   2  0.21 0.04
   50 R   -1  3  0 -1 -1  0  0 -1 -1  1 -1  1 -1 -1 -1  0  0 -1 -1  0    3  35   2   2   1   2   3   3   1  15   4   8   1   2   2   9   3   1   1   3  0.16 0.04
   51 P    0 -1  0  1 -1  0  0  1 -1 -1 -1  0 -1 -2  4  1  0 -1 -1 -1    4   2   2   8   1   2   6  11   1   2   4   3   1   2  29  15   3   1   1   3  0.36 0.05
   52 P    0  1  0 -1 -1 -1 -1 -1 -1 -1 -1  0 -1  0  4  0  1 -1 -1  0    7  10   6   2   1   2   2   3   1   2   7   2   1   4  27   3  10   1   1   9  0.28 0.05
   53 L    1  1 -1 -2 -1 -1 -1 -1 -2  1  2 -1  0 -1 -1 -1  0 -1 -1  1   16  10   1   2   1   1   2   2   1   5  37   2   1   1   2   2   5   0   1   9  0.10 0.05
   54 P    1  0  1 -1 -1  0  0 -1 -1 -1 -1  1 -1 -2  3  0  0 -2 -1 -1   24   2   9   2   1   3   6   3   1   2   7  13   1   1  18   3   2   0   1   2  0.21 0.05
   55 A    2  0 -1  1 -1  0  1  0 -1 -1 -1  0 -1 -2  1  0  1 -2 -1  0   29   4   1   8   1   4   9   6   1   1   4   2   1   1   5   5   8   0   1   8  0.10 0.04
   56 G    0  0  0  1 -1  0  0  2 -1 -1 -1  0 -1 -1  1  1  0 -2 -1 -1    3   7   2  13   1   2   8  18   1   2   8   2   1   1   6  14   5   0   1   5  0.11 0.03
   57 T    1  1 -1  0 -1  0  0 -1  1  0 -1  0 -1 -1  2  0  0 -2 -1 -1   15  14   2   6   1   1   6   3   6   6   7   2   1   1  13   9   3   0   1   2  0.13 0.03
   58 N    0  1  4  0 -2  0  1 -1  2 -2 -2  0 -1 -1 -1  0  0 -2 -1 -2   10   7  32   2   1   3   9   2   8   1   3   4   1   3   2   6   4   0   1   2  0.22 0.07
   59 S    0  0  1  2 -1  1  0  0 -1 -1 -1  0 -1 -2 -1  2  1 -2 -1  0    6   4   5  13   0   8   2   6   1   1   6   1   1   1   1  23  14   0   1   7  0.13 0.05
   60 K    0  2  0  0 -2  2  1 -1  0 -2 -2  2 -1 -2  1  1  0 -2 -1 -1    3  13   5   5   1  10   9   3   1   2   3  19   1   1   6  13   2   0   1   2  0.19 0.04
   61 G    0 -1  0  1 -2 -1 -1  4 -1 -2 -1 -1 -1 -2 -1  1  0 -2 -2 -2    6   1   1   8   1   1   2  45   1   1   7   2   1   1   1  11   8   0   1   2  0.36 0.08
   62 P    0 -1 -1  0 -1  0  0  1 -1 -1 -1  0 -1 -1  4  0  1 -1 -1 -1    7   3   2   6   1   2   3  11   1   3   8   7   1   2  26   3  10   1   2   3  0.28 0.03
   63 P    0 -1  0  1 -1  1  0  0 -1 -1 -1  0 -1  0  4  0  1 -1 -1 -1    4   3   2   7   1   7   6   7   1   3   4   3   1   5  28   3  10   1   2   3  0.31 0.04
   64 D   -1 -1  2  4 -3  0  3  1 -1 -3 -3 -1 -2 -3 -2  0 -1 -3 -3 -1    4   0  11  32   0   0  30   9   0   0   1   0   0   0   0   4   0   0   0   5  0.47 0.13
   65 F   -3 -4 -4 -5 -3 -4 -4 -4 -2 -1  0 -4 -1  7 -5 -3 -3  0  3  0    0   0   0   0   0   0   0   0   0   0   5   0   0  81   0   0   0   0   7   7  1.29 0.30
   66 S    0 -2 -1 -2 -2 -1 -1 -2 -2 -3 -3 -1 -3 -3 -2  5  1 -3  1 -3    0   0   0   0   0   0   0   0   0   0   0   0   0   0   0  87   6   0   7   0  0.90 0.31
   67 S   -1 -2 -1  1 -3 -1  1 -2 -2 -4 -4 -2 -3 -4 -2  6  0 -4 -3 -3    0   0   0   6   0   0   7   0   0   0   0   0   0   0   0  87   0   0   0   0  1.06 0.37
   68 D   -1 -3  2  7 -4 -2  0 -3 -2 -4 -5 -2 -4 -4 -3 -2 -2 -5  0 -4    6   0   7  83   0   0   0   0   0   0   0   0   0   0   0   0   0   0   4   0  1.41 0.36
   69 E   -2 -2 -1  4 -4  0  5 -3 -2 -4 -4 -1 -3 -4 -2  0 -2 -4 -3 -4    0   0   0  28   0   0  62   0   0   0   0   0   0   0   0   6   0   0   0   0  1.02 0.29
   70 E   -2 -2 -1  4 -4  0  5 -3 -2 -4 -4 -1 -3 -4 -2 -1 -2 -4 -3 -4    0   0   0  31   0   0  65   0   0   0   0   0   0   0   0   0   0   0   0   0  1.15 0.32
   71 R    0  2  1  2 -2  1  0 -1 -1 -1 -1  0 -1  1 -1  0  2 -2 -1 -1    6  16   6  14   1   8   2   2   1   1   3   2   1   9   1   6  18   0   1   4  0.13 0.06
   72 E   -1  1 -1  1 -2  3  3 -2 -1 -2 -1  0 -1 -2  1  0 -1 -2 -2 -1    2   7   1   5   1  18  32   2   1   1   6   2   1   1   6   6   2   0   1   6  0.28 0.09
   73 P    0 -1 -1  0 -2 -1 -1  0 -1 -2 -2 -1 -1 -2  5  1  0 -2 -2 -1    3   2   2   5   1   2   2   6   1   2   3   2   1   1  40  17   5   1   1   2  0.61 0.10
   74 T    0  0  0 -1 -1  2  0 -1  1 -1 -1  0 -1 -1 -1  1  2 -2 -1  1    3   5   2   2   1  13   2   3   4   2   3   6   1   1   2  14  23   0   1  13  0.13 0.06
   75 P    0  0  0 -1 -1  0  0 -1 -1 -1 -1  1 -1 -2  4  1  0 -2 -1  0    3   4   5   2   1   2   2   3   1   2   3  14   1   1  25  19   2   1   1   8  0.31 0.07
   76 V    0  0  0  0 -1  0 -1  1  0  1  0 -1  0 -1 -1 -1 -1 -2 -1  2    5   5   5   5   1   5   2  12   4  10   7   2   1   1   2   2   2   0   1  29  0.05 0.04
   77 L   -1  1  0 -1 -1  0  0  0 -1  0  1  0  0 -1 -1  0  1  2  0  0    3   9   5   2   1   2   9   6   1   2  23   2   1   1   2   3  11   4   5   9  0.04 0.03
   78 G    0 -1  0  2 -2  0  0  3 -1 -2 -2  0 -2  0 -1  1 -1 -2 -2 -1    2   1   1  17   0   4   5  29   1   1   2   5   1   5   1  15   1   0   1   7  0.22 0.08
   79 S    1 -1  0  2 -2  1  0 -1  1 -2 -2  0 -1 -2  0  2  1 -2 -2 -1   16   1   3  14   0   7   1   1   4   1   2   5   0   1   4  26  11   0   1   1  0.22 0.09
   80 G    0  1 -1 -1 -2  0 -1  3  1 -2 -2  0  0 -2  0  1 -1 -2 -2 -2    9  12   1   1   0   4   1  32   4   1   2   5   4   1   4  14   1   0   1   1  0.25 0.08
   81 A    2  1 -1 -1 -1  2  1  0 -1 -1 -1  0 -1 -2 -1  1  0 -2 -1  0   24   8   1   1   0  11  14   5   1   1   2   5   1   1   1  11   3   0   1   8  0.15 0.06
   82 A    1  0  0  0 -1  0  0  0  1  0 -1  0  0 -1  1  1  0 -2  0 -1   16   4   5   5   0   5   5   7   4   8   2   4   6   1   6   8   8   0   4   1  0.06 0.03
   83 A    1  0  0 -1 -1 -1 -1  1 -1 -1 -1 -1 -1 -1 -1  1  1 -2  1  1   14   7   5   1   0   1   1  12   1   1   2   1   1   1   3  16   8   0   7  18  0.09 0.06
   84 A    0  2 -1 -1 -2  1  0 -1 -1  0 -1  1  1  1 -1  1  0 -2 -1  0    9  19   1   1   0   7   4   2   1   5   2   8   7   9   1  17   1   0   1   6  0.10 0.06
   85 G   -1 -1  1  0 -2 -1 -1  3  2 -2 -1  1 -1 -2 -1  0  1 -2 -1 -2    2   1   8   5   0   1   2  30   7   1   6  15   1   1   1   7   9   0   1   2  0.21 0.07
   86 R   -1  2  1 -1  1  0  1  0  1 -2 -2  1 -1  0 -1  1  0 -1  1 -2    2  14   7   1   5   2   8   6   6   1   2   8   1   5   1  15   8   0   5   2  0.12 0.07
   87 S    1 -1 -1 -1 -2  1  0  0 -1 -2 -2  0 -2 -2  1  3  1 -2 -2 -2    8   1   1   1   0   7   6   6   0   1   2   5   0   1   7  43   6   0   1   1  0.34 0.17
   88 R   -1  3 -1 -1 -2  0  1 -1 -1 -2 -1  3 -1 -2 -2 -1  2 -2 -2 -2    1  26   1   1   0   1  10   4   0   1   7  25   0   1   1   1  16   0   1   1  0.34 0.17
   89 A    0 -1  0 -2 -2 -1 -1  0 -1  0 -1  1 -1 -1  2  0  0 -2  0  2    9   1   4   1   0   1   1   6   0   1   5  16   0   1  10   5   7   0   5  26  0.11 0.10
   90 A    1  0 -1 -1 -2  0  1 -2 -1 -1  0  0 -1  0  2  0 -1 -2 -1  0   19   6   1   1   0   5  12   1   0   1  13   4   0   6   9   9   1   0   0  10  0.10 0.08
   91 V    0 -1  2 -1  3 -1 -1  0 -1  1  0  0 -1 -1  0  1 -1 -2  0  1    6   1  14   1  10   1   1   8   0   9   7   6   0   1   6  11   1   0   3  16  0.09 0.09
   92 G   -1 -1 -1  0 -2 -1 -1  2 -2 -1  0  1 -1  0  1  2 -1 -3 -2  0    1   1   0   4   0   0   1  21   0   1   9  13   0   6   6  27   1   0   0  10  0.18 0.15
   93 R    0  2  3 -1 -2  0  0 -2 -1 -2  0  2 -1 -2 -2  0  1 -3 -2 -2    5  17  18   0   0   3   6   1   0   0  14  17   0   0   0   8   8   0   0   1  0.23 0.15
   94 K   -1  1  2  1 -3  0  1 -2  1 -3 -2  3 -2 -3  1  0  0 -3 -2 -2    1   7  12   7   0   0   8   1   5   0   5  34   0   0   7   7   4   0   0   1  0.33 0.18
   95 A    1 -1 -1 -2  2 -1 -2  0  3  0 -1 -1 -1 -1  1  0  0 -2  2  1   19   4   0   0   7   0   1   6  10   7   1   4   0   0   7   9   3   0   9  11  0.13 0.12
   96 T    0  1  1 -2 -2 -1 -1  0  2 -1  0  0 -1 -1 -2  0  2 -2  1  0    6   9   8   0   0   0   1   7   7   4   9   7   0   0   0   5  22   0   6   7  0.10 0.11
   97 K   -1  1 -1  2 -2  0  0 -2 -1  0 -2  3 -1 -2 -2  1  1 -2  1  0    1   8   0  14   0   0   1   1   0   6   1  31   0   0   0  11   8   0   6  11  0.20 0.14
   98 K   -1  1 -1 -2 -2  1 -1 -1  2  0 -1  2 -1  2 -2  0 -1 -1  2  0    1  11   0   1   0   5   1   6   7  11   1  20   0  10   1   9   1   0  10   5  0.13 0.11
   99 T    0 -1 -1 -1 -1 -1 -1 -2 -2  1  0  0 -1 -1 -1  1  3 -2  0  1    4   1   1   1   0   1   1   2   0  12   6   9   0   1   1  11  32   0   4  11  0.17 0.10
  100 D   -2 -2  1  5 -3 -1  1 -2 -1  0 -2  0 -2 -2 -2  0  1 -3  1 -2    1   1   4  46   0   0   7   1   0   8   1   8   0   0   1   4  10   0   8   1  0.47 0.17
  101 K   -1  0  0  1 -2  1  1 -2 -1 -2 -1  3 -1  0 -2  1  0 -2  1 -1    3   1   5   6   0   8   8   1   0   1   6  29   0   4   1  13   3   0   8   3  0.18 0.10
  102 P   -2 -2 -2  1 -3 -2 -1 -2  2 -2 -3  0 -2 -3  6 -1  0 -3 -2 -1    1   1   1  11   0   1   1   1   6   1   1   5   0   1  56   1   4   0   1   5  1.10 0.23
  103 R    0  4 -1 -1 -2  0  1 -2  1 -2 -1  2 -1 -1 -2  0  0 -2  0 -1    9  33   1   1   0   1   7   1   4   1   4  12   0   3   1   7   5   0   4   4  0.24 0.10
  104 Q   -1  0 -1  0 -2  1  1 -2  0 -1  1 -1  1 -2  3  0 -1 -2 -2  0    4   5   1   7   0  11   8   1   2   1  18   1   6   1  16   7   1   0   1   8  0.17 0.07
  105 E    0 -1 -1  1 -2  0  3 -2 -1 -1 -2  1 -1 -2  0  1  0  2 -2  0    5   1   1   8   0   1  27   1   0   1   2  11   0   1   4  16   5   5   1  11  0.21 0.09
  106 D    0 -1  0  4 -2  0  2  0 -1 -2 -3  0 -2 -3 -1  1  0 -3 -2 -2    4   1   1  40   0   1  11   5   0   1   2   6   0   1   1  15   7   0   1   1  0.44 0.14
  107 K   -1  1  0 -1 -2  1  0  0  0 -1 -2  3  0 -2  0 -1 -1  4 -1  0    1   6   3   1   0   7   4   8   2   5   1  31   3   1   4   3   3   9   0   8  0.22 0.11
  108 D   -2 -1  2  4 -3  0  2 -1  2 -2 -2  0 -2 -3 -2 -1  0 -3 -2 -1    1   1  13  34   0   1  20   4   6   1   4   3   0   1   1   1   5   0   0   5  0.42 0.14
  109 D   -1  0  1  4 -3  0  1  0 -1 -1 -2  0  0 -3  0  1  0 -3 -2 -1    4   4   4  36   0   5   4   6   0   3   1   7   3   0   4   9   4   0   0   3  0.30 0.11
  110 L   -1 -2 -2 -3 -2 -2 -2 -3 -2  1  3  0  3  1 -2 -1 -1 -2  0  1    3   1   0   1   0   0   1   1   0   6  39   6  15   4   1   5   3   0   2  12  0.29 0.13
  111 D   -2 -3  2  6 -4 -2  1 -3 -2 -3 -4 -2 -3 -4 -3  0  0  3 -3  0    0   0   9  57   0   0   6   0   0   0   1   0   0   0   0   5   7   4   0   8  0.87 0.28
  112 V   -1 -4 -3  0 -2 -3 -3 -4 -4  4  0 -3  0 -1 -3 -1 -2 -4 -2  4    3   0   0   7   0   0   0   0   0  31   5   0   1   1   0   4   0   0   0  47  0.62 0.25
  113 T    1  1  0  1 -2 -1  1 -2 -1  1 -2  0 -2 -3 -2  2  2 -3 -2 -1   12   8   3   6   0   0   9   0   1  11   0   3   0   0   0  23  20   0   0   2  0.23 0.15
  114 E    0 -1 -1  0  2  3  3  0 -2 -3 -1  1 -1 -3 -2  2  0 -3 -3 -2    6   0   0   5   6  18  22   6   0   0   8   8   2   0   0  17   3   0   0   0  0.30 0.17
  115 L   -3 -4 -5 -5 -3 -1 -4 -5 -4  2  5 -4  3 -1 -4 -4 -3 -3 -1  0    0   0   0   0   0   3   0   0   0  11  77   0   6   0   0   0   0   0   2   1  1.02 0.33
  116 T    0  1 -1 -1 -3 -2 -2 -2 -3 -3 -3  1 -3 -4 -3  4  4 -4 -3 -3    7   7   1   2   0   0   0   0   0   0   0   8   0   0   0  41  34   0   0   0  0.68 0.30
  117 N   -3 -3  5  5 -5 -2  1 -3  0 -5 -5 -2 -4 -5 -3  0 -2 -5 -4 -5    0   0  35  47   0   0  10   0   2   0   0   0   0   0   0   7   0   0   0   0  1.18 0.36
  118 E    1  2  0  3 -4  1  4 -2 -2 -4 -3  0 -3 -4 -2  0 -1 -4 -3 -2   11  12   2  16   0   5  39   1   0   0   1   4   0   0   0   5   2   0   0   1  0.54 0.22
  119 D   -1 -2  0  3 -4  0  5 -3  3 -4 -1  0 -3 -4 -3 -2 -2 -4 -3 -4    6   0   4  20   0   2  51   0   8   0   7   3   0   0   0   0   0   0   0   0  0.80 0.30
  120 L   -3 -4 -4 -5 -3 -4 -4 -5 -4  2  5 -4  0 -2  1 -3  1 -3 -3 -1    0   0   0   0   0   0   0   0   0  10  75   0   0   0   7   0   8   0   0   0  0.93 0.33
  121 L    0  4 -3 -3 -3  0 -2 -3 -2 -1  2 -1  0  3 -3 -1 -1 -2  2 -1    6  33   0   0   0   3   0   0   0   0  24   0   2  16   0   5   2   0   7   3  0.41 0.21
  122 D    1 -1  2  4 -2  1  2 -1  0 -2 -3  0 -3 -4 -2  1 -1 -4 -3 -3   15   3  12  32   1   6  13   2   1   3   0   4   0   0   0   8   1   0   0   0  0.44 0.18
  123 Q   -1  0 -1 -1 -4  5  3 -3 -2  0 -2  2  0 -4 -3 -1 -1 -4 -1 -3    5   3   2   0   0  40  24   0   0   7   1  11   2   0   0   1   2   0   1   0  0.64 0.28
  124 L   -3 -4 -5 -5 -3 -4 -5 -5 -5  2  5 -4  3 -1 -5 -4 -3 -3 -3 -1    0   0   0   0   0   0   0   0   0   8  85   0   7   0   0   0   0   0   0   0  1.24 0.38
  125 V   -1  2 -1 -1 -2  1  0 -2  1  0  1  2  1 -2 -2 -1 -1 -3 -2  1    2  14   0   2   0   7   3   2   4   5  20  15   6   0   0   4   3   0   0  12  0.13 0.10
  126 K    0  2  0  1 -3  1  1 -2 -1 -2 -3  3 -2 -1 -2  2  0 -3 -2 -2    4  15   1   7   0   5   8   1   0   1   1  24   0   3   0  18   7   0   0   2  0.29 0.14
  127 Y   -3  0 -1 -3 -3 -2 -3 -4  4 -1  2 -2  0  3 -3 -3 -2 -1  5 -1    1   7   4   0   0   0   0   1  12   0  22   0   2  13   0   0   0   0  32   4  0.60 0.23
  128 G   -1 -3  3  0 -3 -2 -2  5 -2 -4 -4 -2 -3 -4 -3  1 -2 -4 -4 -4    1   0  17   6   0   0   0  61   0   0   1   0   0   0   0  11   0   0   0   0  1.02 0.29
  129 V    0 -2 -2 -1  2 -1 -2 -3 -2  2  0 -1  1  0 -3 -1  0 -2  1  3    7   0   0   4   6   2   0   1   0  18   1   4   4   4   0   4   5   0   5  33  0.22 0.14
  130 N    0 -2  4  1 -2 -1 -1 -1 -2  0 -2 -1 -2 -3  1  1  1 -3 -3  0    7   0  29   8   0   2   0   2   0   9   1   3   0   0   7  13  12   0   0   5  0.31 0.16
  131 P    0 -3 -2 -3 -2 -2 -2  0 -3  1 -1 -2 -1 -1  5  0 -1 -3 -2  3    6   1   0   1   0   0   1   9   0   6   1   1   0   4  34   6   1   0   0  30  0.59 0.18
  132 G    1 -3 -2 -2 -3 -3 -3  6 -3 -4 -4 -3 -3 -4 -3 -1 -2 -3 -4 -3   10   1   0   1   0   0   1  82   0   1   1   1   0   0   1   1   1   0   0   1  1.36 0.30
  133 P   -1 -3 -3 -3 -3 -2 -2 -3 -3 -3  0 -2 -3 -4  7  0 -2 -4 -3 -3    3   1   0   1   0   0   1   1   0   1  10   1   0   0  71   9   1   0   0   1  1.63 0.32
  134 I   -2 -3 -3 -4 -2 -3 -3 -4 -3  5  0 -3  3 -1 -3 -3 -1 -3 -2  4    1   1   0   1   0   0   1   1   0  49   1   1   9   0   1   1   1   0   0  34  0.75 0.23
  135 V    0 -2 -2 -3 -2 -2 -2  0 -3  2  0 -2  1 -2 -2  0  2 -3 -2  3    9   1   0   1   0   0   1   7   0  13   5   1   3   0   1   4  14   0   0  39  0.27 0.13
  136 G    1 -1 -1  2 -2 -1  0  4 -2 -3 -3 -1 -2 -3  2  1 -1 -3 -3 -2   10   3   0  13   0   0   7  36   0   1   1   2   0   0  10  11   2   0   0   2  0.40 0.13
  137 T   -1 -2  0 -2 -2 -1 -1 -2 -2 -2 -2 -1 -2 -3 -2  3  5 -3 -2 -1    1   1   3   1   0   1   1   1   0   1   1   1   0   1   1  26  59   0   0   1  0.72 0.21
  138 T   -1 -2 -1 -2 -2 -2 -2 -2 -2 -2 -2 -2 -2 -3 -2  0  6 -3 -2 -1    1   1   1   1   0   1   1   1   0   1   1   1   0   1   1   3  85   0   0   1  1.10 0.27
  139 R   -2  7 -2 -2 -4  0 -1 -3 -1 -3 -3  1 -2 -3 -3 -2 -2 -3 -3 -3    1  87   1   1   0   1   1   1   0   1   1   1   0   1   1   1   1   0   0   1  1.37 0.28
  140 K    0  1  2 -1 -2  0 -1 -1 -1 -2 -2  3 -2 -3  2  2  0 -3 -2 -1    9   4  14   1   0   2   1   2   0   2   1  28   0   1  10  20   2   0   0   3  0.29 0.10
  141 L   -1 -3 -3 -3 -2 -2 -3 -3 -3  1  3 -2  0  1 -3 -2 -1 -2 -1  4    1   1   1   1   0   1   1   1   0   3  34   1   0   5   1   1   1   0   0  47  0.45 0.14
  142 Y   -3 -3 -3 -3 -3 -2 -3 -3  2 -2 -2 -3 -2  1 -3 -3 -3  0  8 -2    1   1   1   1   0   1   1   1   3   1   1   1   0   1   1   1   1   0  84   1  1.67 0.32
  143 E    0 -1 -1  0 -3  2  5 -2  1 -2 -2  0 -2 -3 -2 -1 -2 -3 -2 -2    7   1   1   1   0   7  63   1   5   2   4   2   0   1   1   1   1   0   0   3  0.68 0.19
  144 K   -2  3  1 -1 -3  0  0 -2 -1 -3 -3  5 -2 -3 -2 -1  0 -3 -2 -3    1  19   6   2   0   0   2   1   0   1   1  56   0   0   1   2   5   0   0   1  0.67 0.18
  145 K   -2  1 -1 -2 -3  1 -1 -2 -2 -3 -3  6  1 -3 -2 -1 -2 -3 -3 -3    1   4   0   1   0   3   1   1   0   1   1  80   5   0   1   1   1   0   0   1  1.00 0.26
  146 L   -3 -4 -5 -5 -3 -4 -4 -5 -4  0  6 -4  1 -1 -4 -4 -3 -3 -3 -1    0   0   0   0   0   0   0   0   0   0 100   0   0   0   0   0   0   0   0   0  1.27 0.31
  147 L    1  0 -2 -2 -2  1  0 -3 -2  1  2 -1  1  0 -2 -1 -1 -3 -2  1   19   6   0   0   0  11   8   0   0   5  34   2   3   4   0   1   0   0   0   8  0.17 0.10
  148 K   -1  3  1  1 -4  1  1 -3 -2 -4 -3  5 -2 -4 -2 -1 -2 -4 -3 -2    5  16   5   8   0   4   6   0   0   0   0  53   0   0   0   0   0   0   0   2  0.65 0.20
  149 L   -2 -3 -4 -5 -2 -3 -4 -5 -4  1  5 -4  1  1 -4 -3 -2 -3 -1  0    2   0   0   0   0   0   0   0   0   4  84   0   2   4   0   0   0   0   2   2  0.91 0.24
  150 R   -2  4 -2 -3 -3  0 -2 -3 -2  0  3  0  0 -1 -3 -2 -2  1 -2  0    0  41   0   0   0   2   0   0   0   5  40   3   0   0   0   2   0   2   0   3  0.43 0.14
  151 E    0  0  1  1 -3  2  4 -2 -1 -3 -2  2 -2 -3 -2 -1 -1 -3 -2 -3    5   0   6   5   0   6  51   0   0   0   2  18   0   0   0   0   3   0   0   0  0.56 0.14
  152 Q   -1  0  2  0 -3  5  2  1  1 -3 -2  0 -2 -1 -2  0 -1 -3 -2 -3    0   0  10   3   0  43  17  10   2   0   3   3   0   3   0   3   0   0   0   0  0.46 0.14
  153 G    0 -3 -1 -2 -3 -2 -2  6  2 -4 -4 -1 -3 -4 -3  0 -2 -3 -3 -3    4   0   0   0   0   0   2  79   6   0   0   2   0   0   0   3   0   0   0   1  1.08 0.19
  154 T    0 -1 -1 -1 -2  1  1 -2 -2 -1 -1  0 -1 -2  0  2  3 -3 -2 -1    6   0   0   0   0   6  10   0   0   3   8   4   0   0   4  15  42   0   0   0  0.28 0.09
  155 E    0 -1  0  1 -3  2  4 -2 -1 -3 -3  1 -2 -3  2  0  1 -3 -2 -1    4   0   3   3   0   7  48   1   0   0   0   7   0   0   8   4  10   0   0   4  0.45 0.10
  156 S    0 -1  3  0 -2  0  0 -1 -1 -3 -3  1 -2 -3  0  4  0 -4 -2 -3    3   0  26   0   0   0   6   0   0   0   0  10   0   0   2  53   0   0   0   0  0.48 0.12
  157 R    0  4  1 -1 -3  1  0 -2 -1 -3 -2  2  0 -3  0 -1 -1 -3 -2 -2    7  50  10   0   0   4   3   0   0   0   2  13   4   0   3   0   3   0   0   0  0.45 0.09
  158 S    0 -1  1  0 -2 -1 -1 -1 -2 -2 -1  0 -2 -3 -1  4  1 -3 -2 -1    0   0   3   3   0   0   0   0   0   0   6   6   0   0   1  69   5   0   0   6  0.42 0.11
  159 S    0 -1  2 -1 -2 -1 -1  0 -1 -2 -3  1 -2 -3 -2  4  1 -3 -2  0    3   0  10   0   0   0   0   5   0   0   0  14   0   0   0  57   4   0   0   8  0.36 0.10
  160 T    0 -1  0  0 -1 -1  0 -2 -2  0 -1 -1 -1 -2 -1  2  4 -3 -2  1    0   0   0   6   0   0   7   0   0   4   0   0   0   0   0  18  52   0   0  10  0.34 0.08
  161 P   -1 -2 -1 -1 -2 -1  0 -2  1 -2 -2 -1  0 -3  6  0  1 -3 -2 -1    0   0   0   0   0   0   8   0   6   0   0   0   4   0  54   6  15   0   0   4  0.94 0.10
  162 L   -1 -2 -2 -3 -2  0 -2 -3 -2  1  3 -2  3  0 -2  0  0 -2 -1  1    0   0   0   0   0   8   0   0   0   0  51   0  15   2   0   7   5   0   0   8  0.25 0.06
  163 P    0 -2 -2 -2 -3 -2 -2 -2 -3 -1 -2  0 -2 -3  7 -1 -1 -4 -3  1    7   0   0   0   0   0   0   0   0   0   0   6   0   0  70   0   0   0   0  17  1.33 0.11
  164 T    1 -1  0 -1 -1 -1 -1 -1 -2 -1 -2 -1 -1 -3  2  2  4 -3 -2 -1   13   0   0   0   0   0   0   0   0   0   0   0   0   0  10  23  54   0   0   0  0.41 0.04
  165 I   -1 -3 -3 -3 -2 -3 -3 -4 -3  4  1 -3  1  3 -3 -2 -1 -2  0  3    0   0   0   0   0   0   0   0   0  55   0   0   0  23   0   0   0   0   0  22  0.39 0.04
  166 S    1 -1  0 -1 -1 -1 -1 -1 -1 -1 -2 -1 -1 -2 -1  4  2 -3 -2  0    0   0   0   0   0   0   0   0   0   0   0   0   0   0   0  73  15   0   0  13  0.35 0.03
  167 S    2 -1  0 -1 -1  0  0  0 -1 -2 -2  0 -2 -2 -1  4  1 -3 -2 -1   16   0   0   0   0   0   0   0   0   0   0   0   0   0   0  84   0   0   0   0  0.45 0.03
  168 S    2 -1  0 -1 -1  0  0  0 -1 -2 -2  0 -1 -2 -1  3  1 -3 -2 -1   35   0   0   0   0   0   0   0   0   0   0   0   0   0   0  65   0   0   0   0  0.38 0.01

                      K         Lambda
Standard Ungapped    0.1286     0.3073
Standard Gapped      0.0410     0.2670
PSI Ungapped         0.1286     0.3073
PSI Gapped           0.0410     0.2670
