
Last position-specific scoring matrix computed, weighted observed percentages rounded down, information per position, and relative weight of gapless real matches to pseudocounts
            A   R   N   D   C   Q   E   G   H   I   L   K   M   F   P   S   T   W   Y   V   A   R   N   D   C   Q   E   G   H   I   L   K   M   F   P   S   T   W   Y   V
    1 G     2  -6  -4  -5  -5  -5  -5   7  -5  -7  -7  -5  -6  -6  -5  -3  -5  -6  -6  -6   14   0   0   0   0   0   0  86   0   0   0   0   0   0   0   0   0   0   0   0  2.07 0.73
    2 S     3  -2  -2   3  -4  -2   0  -2  -4  -4  -4   1  -4  -5   4   1   0  -2  -5  -4   28   1   0  16   0   1   5   2   0   0   1   9   0   0  18  11   6   1   0   0  0.58 0.39
    3 Q     0  -2  -2   3  -4   3   2  -4  -3  -2  -2   0   2  -5  -2   0   4  -1  -4  -3    7   0   1  15   0  15  14   0   0   1   2   6   6   0   2   5  25   1   0   1  0.49 0.38
    4 P     1  -5  -5  -3  -6   0   0  -5  -6  -1  -4  -2  -6  -5   8  -3  -4  -2  -6  -3   10   0   0   1   0   4   6   0   0   5   1   2   0   1  65   2   1   1   0   2  1.72 0.78
    5 A     3  -3   0  -1  -4   0   4  -2  -1  -1  -3  -1  -2  -5  -2   2  -1  -5  -3   0   23   1   4   2   0   3  26   2   1   3   2   2   1   0   2  18   2   0   1   9  0.42 0.36
    6 K     0  -1   0   3  -4   1   2   1  -1   0  -3   1  -1  -4   1   0  -1  -4  -2  -1    6   2   3  17   0   8  14  11   1   6   2   7   2   0   7   7   2   0   1   4  0.23 0.21
    7 K     0  -2   0   1  -5   0   4  -3  -4  -3  -5   0  -3  -5   4  -1   1  -6  -5  -3    9   1   5   8   0   3  34   1   0   1   0   6   0   0  18   3   7   0   0   1  0.67 0.44
    8 T     0  -2   0   1  -5  -1   4  -3   1  -3  -4   0  -2  -5   4  -1   0   1  -4  -1    6   2   3   8   0   2  28   2   3   1   1   4   1   0  22   3   7   2   0   5  0.58 0.39
    9 Y    -2  -1  -1  -2  -4   0   1   1  -2  -1   2   1  -1   0   4  -2  -2  -4   0   0    2   3   4   1   0   3   8  10   1   3  21   9   1   3  19   1   1   0   3   5  0.26 0.23
   10 T    -1  -2  -2   1  -4   1   2  -1  -2  -1  -1   0  -1  -3   0  -1   0  -5  -4   3    4   2   1   6   0   6  17   5   1   2   6   4   1   1   4   4   6   0   0  29  0.26 0.26
   11 W    -2  -1  -1  -1  -3  -1   0  -3  -1  -2  -2   0  -1   5   0  -2  -3   2   6  -2    2   3   3   3   1   3   6   2   1   2   3   6   1  21   6   2   1   2  31   2  0.71 0.42
   12 N     2  -1   1  -1  -3  -1   2  -2  -2  -2   0   2  -1  -1  -1   1  -1  -4  -3  -1   22   2   6   3   0   1  16   2   0   1  12  13   1   3   2  10   3   0   0   4  0.21 0.23
   13 T    -2  -2   3   1  -4  -3  -3  -4  -3  -4  -5  -3  -3  -6  -3   5   4  -6  -5  -3    2   2  11   6   0   1   1   0   0   1   1   1   0   0   1  41  29   0   0   2  1.01 0.63
   14 K    -1   0  -2   0  -6   0   1  -4   2  -2  -2   6  -3  -2   0  -2  -2  -3  -2  -2    4   4   1   4   0   4   9   1   5   2   5  44   0   2   5   2   3   0   1   2  0.65 0.44
   15 E     2  -3  -1   1  -3   2   6  -3  -2  -5  -4   1  -3  -7  -4  -2  -2  -7  -4  -4   14   0   2   7   1   8  49   1   1   0   2   7   1   0   0   2   2   0   0   1  0.95 0.58
   16 E    -3   0  -2   3  -7   1   6  -4  -3  -6  -4   0  -6  -7  -5  -4  -4  -3  -4  -5    2   5   2  17   0   6  57   1   1   0   2   5   0   0   0   1   1   0   0   1  1.34 0.69
   17 A     5   2  -2  -3   1   0  -3   0  -4  -3  -3  -1  -1  -5  -3  -1  -2  -6  -4  -3   56  10   2   1   3   4   1   6   0   1   2   4   2   0   1   3   1   0   0   1  0.86 0.53
   18 K    -1   2  -3  -2  -4  -1   3  -4  -2   1  -3   4   1  -4  -4  -3  -2  -3  -3   0    6  12   1   1   0   1  21   1   1   8   2  30   3   0   0   1   3   0   1   7  0.57 0.39
   19 Q     3   0   1   0  -2   0   3  -2  -2  -2  -3   1  -1  -3  -3   1   0  -3  -3  -2   24   5   7   4   1   4  20   1   1   2   3   9   1   1   1  10   4   0   0   3  0.32 0.27
   20 A     4  -2  -2  -1  -3   1  -1  -2   1  -1   1  -1  -1  -3  -3  -1  -1   0  -4  -1   43   2   1   3   0   6   4   2   3   4  15   4   1   1   1   3   3   1   0   2  0.43 0.34
   21 F    -6  -7  -7  -7  -7  -7  -7  -7  -6  -2  -2  -7  -5   9  -7  -3  -6  -4   1  -5    0   0   0   0   0   0   0   0   0   2   3   0   0  88   0   2   0   0   3   0  2.91 1.06
   22 K    -3   3  -2  -4  -3  -1  -2  -4  -1   0  -1   5   3   0  -4  -3   0  -1  -2  -1    1  13   2   0   1   2   1   1   1   6   5  42   9   4   1   1   5   1   1   3  0.71 0.46
   23 E     0  -1  -1   2  -3   2   3  -2   0  -3  -2   2  -2  -4  -3   0   2  -5  -2  -3    8   2   1  12   0   9  20   3   2   1   3  12   1   1   0   8  14   0   1   1  0.34 0.28
   24 L    -3  -5  -6  -6  -5  -5  -6  -6  -3  -2   5  -5   7   1  -4  -5  -3   0  -2  -1    2   0   0   0   0   0   0   0   1   1  58   0  24   6   1   0   1   1   1   2  1.44 0.67
   25 L    -5  -6  -7  -7  -5  -6  -6  -7  -6  -1   6  -6   1   1  -2  -4  -5   1  -4  -3    0   0   0   0   0   0   0   0   0   2  82   0   3   6   2   1   0   2   0   0  1.70 0.77
   26 K    -1   4   0   1  -5   0   3  -3   0  -3  -3   3  -2  -4  -3  -1  -1  -3  -3  -3    5  21   4   9   0   2  22   2   2   1   2  20   1   1   1   3   3   0   1   2  0.53 0.37
   27 E    -2   2  -2   4  -3   0   4  -3  -2  -5  -3   0  -5  -4  -4   2  -2  -6  -3  -4    2  10   1  22   1   3  33   1   1   0   2   4   0   1   0  17   2   0   1   1  0.77 0.50
   28 K     1   1   1  -3  -1  -1  -2  -3   2  -2  -2   4  -1   0  -3   0   0  -4   1  -1   14   5   7   0   2   2   2   1   6   2   4  26   2   5   1   6   4   0   6   4  0.26 0.26
   29 R    -3   0   5   1  -2   0   0   3   0  -5  -4   1  -4  -5  -3  -1  -3  -2  -4  -3    1   4  31   8   1   5   6  21   2   0   2  10   0   0   1   4   1   1   0   2  0.65 0.41
   30 V    -3  -6  -6  -6  -1  -6  -6  -7  -6   6   1  -6  -1   0  -3  -5  -2  -6  -4   5    1   0   0   0   2   0   0   0   0  39   9   0   1   4   1   0   2   0   0  40  1.30 0.61
   31 P    -2   0   3   3  -2   1  -1   2   0  -5  -4  -1  -1  -5   0   1   1  -5  -4  -4    3   5  16  17   1   6   3  16   2   0   1   2   2   0   5  13   8   0   0   1  0.42 0.31
   32 S     0  -2  -3  -3  -1  -2  -2  -2  -1  -1  -4  -2  -2  -3   6   3  -1  -6  -2  -2    8   3   1   1   2   2   3   3   2   5   2   2   1   1  38  21   3   0   1   3  0.82 0.50
   33 N    -1  -1   1   3  -4  -2  -1  -2   0  -2  -1   0   0   4  -4  -1   1  -3   3  -2    5   3   6  19   0   1   2   2   2   1   6   5   2  17   0   5  10   0  12   1  0.35 0.28
   34 A     1  -1  -2  -1   5  -2  -4  -2   1  -3  -2  -2   1  -1  -4   3   1   7  -2  -3   11   3   2   4  11   1   0   2   3   1   3   2   4   2   0  21   9  18   1   1  0.68 0.43
   35 S    -2   0   0  -2  -1  -2  -2  -2  -1  -2  -3   1   0  -3   3   2   4  -5  -2  -2    2   5   4   1   1   1   2   2   1   2   2   8   2   1  14  18  29   0   1   2  0.49 0.37
   36 W    -6  -6  -6  -7   1  -6  -6  -3  -6  -2  -5  -6  -5   3  -7  -3  -6  12   2  -3    1   0   0   0   2   0   0   2   0   3   1   0   0  10   0   2   0  70   5   2  3.29 1.18
   37 E    -1  -1   0   5  -5   0   4  -2   1  -3  -4  -2  -2  -5  -2   0  -2  -5  -1  -4    4   2   3  29   0   3  31   2   4   1   2   2   1   0   2   8   2   0   3   0  0.72 0.44
   38 Q    -1   1   0   0  -3   3   0  -1   1  -1  -1   2   1  -1  -3   0   0  -3   0  -1    4   7   4   5   0  18   5   3   4   4   5  15   4   3   0   5   6   0   3   4  0.18 0.18
   39 A     0  -2  -2  -2   3   1   0   0  -2   0   0  -2  -1   1  -2   0   0   4   2   0    8   0   0   0   7   7   8   8   0   8   8   0   0   7   0   8   8   7   7   8  0.12 0.13
   40 M    -2  -1  -2  -5   0  -1  -2  -3   0   3   2  -1   5  -1  -2  -1  -1  -4  -1   2    3   3   2   0   2   3   3   2   2  16  20   4  16   2   2   5   3   0   2  11  0.34 0.29
   41 K    -1   3   0   0   1   0   1  -2   2  -2  -2   2  -4  -1   1   0   0  -5   0  -2    3  20   3   4   3   3  10   3   5   3   3  14   0   3   8   5   5   0   3   3  0.27 0.26
   42 M     0   0   0  -1  -4   0   1  -2   1   0  -1   3   1   0  -1   0   0   2   0  -1    7   4   3   3   0   4  10   3   3   7   5  22   3   5   3   5   4   3   3   4  0.15 0.19
   43 I    -2  -7  -7  -7   2  -6  -7  -4  -2   5   3  -6   0   3  -7  -4  -2   0  -1   1    3   0   0   0   4   0   0   2   1  37  22   0   2  13   0   1   3   1   2  10  0.99 0.51
   44 I     0  -3  -3  -4   2   1   0  -1  -5   4  -1  -2  -1  -1  -5  -1  -2  -1  -2   3    8   1   1   1   4   7   6   5   0  29   3   2   1   2   0   5   2   1   2  20  0.45 0.33
   45 N    -2   0   3   2  -2   0   1  -2   3  -4  -4   2  -2   0  -3   1   1  -5  -2  -3    3   4  16  12   1   3   8   2   8   1   1  14   1   5   1  10   9   0   1   1  0.38 0.30
   46 D    -4  -3  -1   8  -9  -2   0  -7   1  -9  -5  -3  -8  -3  -7  -4  -7  -9  -2  -9    1   1   3  78   0   2   5   0   3   0   2   2   0   1   0   1   0   0   1   0  2.27 1.03
   47 P    -2  -1  -2   0  -2  -1   1  -4  -3  -4  -5  -1  -2  -4   7   0  -2   0  -3  -4    4   4   2   5   1   3   8   1   1   1   1   4   1   1  51   7   2   1   1   1  1.19 0.67
   48 R    -2   7  -2  -2  -8   1  -1  -4  -1  -3  -2  -2   0  -7  -4  -3  -4  -7  -2  -3    3  63   2   2   0   6   4   2   2   1   5   1   3   0   1   2   1   0   1   2  1.45 0.73
   49 Y    -7  -7  -4  -8   0  -7  -8  -8  -1  -4  -4  -8  -2   5  -8  -7  -7   6   9  -4    0   0   1   0   2   0   0   0   1   1   1   0   1  23   0   0   0  11  57   1  2.51 1.03
   50 S    -2   3  -1  -3  -5  -1  -1   0   0  -2  -1   3   0  -2  -2   0   1   5   1  -2    3  17   3   1   0   3   2   7   2   2   7  18   2   2   2   5  11   8   5   3  0.33 0.27
   51 A     5  -1  -3  -3   1  -2  -3  -2  -2   0   1  -3  -1  -4  -5   0  -2  -6  -3   1   46   3   1   2   2   2   1   2   1   5  13   1   1   1   0   6   2   0   1  10  0.62 0.44
   52 L    -5  -7  -8  -8   0  -4  -4  -8  -7   4   5  -7   0   1  -4  -7  -5  -1  -3   2    0   0   0   0   2   1   1   0   0  23  49   0   2   4   1   0   0   1   1  14  1.23 0.59
   53 A    -2   1   0   0  -6  -1   1  -2  -1  -5  -4   4  -5  -6   4   1   1  -6  -5  -3    3   6   4   6   0   2   9   4   1   0   2  26   0   0  21   8   7   0   0   2  0.62 0.41
   54 K    -3  -2   2   3  -3  -1  -1  -4  -1  -5  -5   2  -3  -5  -3   3   4  -3  -5  -4    1   2  10  16   0   3   3   1   1   0   1  14   0   0   1  20  25   0   0   1  0.70 0.48
   55 L     0  -2  -1  -1  -2  -2  -2  -3   1   0   2  -1   3  -1   3  -1   0  -4  -1   0    8   2   3   5   1   1   2   1   3   5  21   3  10   2  14   4   7   0   2   7  0.24 0.21
   56 S     0   2   1  -1   0  -1  -1   1  -2  -3  -2   3  -2  -3  -2   1  -1  -1  -3  -2    9  11   5   2   2   2   4  12   1   1   5  23   1   1   1  13   3   1   1   3  0.29 0.26
   57 E     1  -2  -4   3  -7   0   6  -4  -1  -4  -4  -1  -2  -4  -5  -2  -2   1  -4  -2   10   2   0  15   0   3  47   1   1   1   2   4   1   1   0   3   3   2   1   3  0.95 0.58
   58 K    -7   8  -6  -7  -2  -1  -5  -8  -6  -8  -8   4  -7  -8  -4  -6  -7   1  -4  -8    0  74   0   0   1   2   0   0   0   0   0  19   0   0   1   0   0   2   1   0  2.45 1.04
   59 K    -5   4  -4  -4  -8   1   2  -7  -2  -8  -4   7  -6  -8  -6  -4  -4  -8  -7  -5    1  19   1   1   0   5  13   0   1   0   2  56   0   0   0   1   1   0   0   1  1.61 0.79
   60 Q     2  -1  -2   3  -2   5   3  -4   0  -5  -4  -1  -3  -7  -4  -1  -1  -7  -4  -4   15   3   1  14   1  28  20   1   2   0   1   3   1   0   0   5   3   0   1   1  0.79 0.52
   61 A     4  -5  -6  -5   2  -4  -4  -5  -6   2   2  -4   2  -2  -4  -3  -1  -2  -1   2   32   0   0   0   5   0   1   0   0  11  22   0   4   1   0   1   4   1   2  15  0.67 0.43
   62 F    -8  -8  -5  -9  -8  -9  -9  -9  -2  -6  -2  -9  -6   9  -9  -5  -8   5   2  -7    0   0   1   0   0   0   0   0   1   0   4   0   0  80   0   1   0   7   6   0  2.95 1.11
   63 N    -1  -1   5   3  -4   0   5  -4  -1  -5  -6  -2  -4  -5  -5  -1  -3  -7  -4  -4    6   3  24  17   0   4  33   1   2   0   1   2   0   0   0   5   2   0   1   1  0.94 0.54
   64 A     1  -1   0   1  -6   1   5  -4   1  -4  -5   3  -4  -6  -5  -1  -2  -7  -4  -4   11   3   4   9   0   5  34   1   4   1   1  21   0   0   0   4   2   0   1   1  0.75 0.47
   65 Y    -5  -6  -8  -6  -3  -7  -7  -9  -1  -6  -6  -8  -7   4  -9  -8  -6   9   9  -4    1   0   0   0   1   0   0   0   1   0   0   0   0  12   0   0   0  24  57   1  2.83 1.11
   66 K    -1  -3  -4  -6   7  -1  -4  -5  -6   2   1   1  -1  -4  -6   1  -1  -6  -5   2    4   1   0   0  25   3   1   0   0  10  14  10   1   0   0   9   4   0   0  16  0.79 0.44
   67 V     0   4  -1  -1  -3   1   1  -2  -1  -2  -3   2  -1  -3  -3   1   2  -5  -4   0    7  20   2   3   0   5   8   2   1   3   2  15   2   1   1   9  11   0   0   8  0.32 0.27
   68 Q    -2  -2   1   3  -6   4   4  -5   1  -3  -4   1  -3  -5  -5  -2  -1  -6  -4  -4    3   2   6  18   0  21  27   0   3   1   2   7   1   0   0   3   4   0   0   1  0.79 0.49
   69 T    -2   6  -5  -5  -2  -2  -2  -6  -5  -2   2   4  -1  -5  -5  -4  -3  -3  -4   1    3  39   0   0   1   1   2   0   0   2  17  23   1   0   0   1   1   0   0   9  0.95 0.53
   70 E     3   3  -4  -3  -3   2   0  -2  -3   1  -1   3  -2  -4  -4  -2  -2  -3  -3  -1   25  19   0   1   0   8   6   2   0   7   5  19   0   0   0   1   2   0   1   3  0.47 0.34
   71 K    -5   5  -4  -5  -8  -3  -4  -6  -5  -7  -7   7  -6  -7  -6  -5  -5  -7  -6  -7    0  25   0   0   0   0   0   0   0   0   0  75   0   0   0   0   0   0   0   0  2.22 0.85

                      K         Lambda
Standard Ungapped    0.1183     0.3059
Standard Gapped      0.0534     0.2670
PSI Ungapped         0.1745     0.3170
PSI Gapped           0.0534     0.2670
