
Last position-specific scoring matrix computed, weighted observed percentages rounded down, information per position, and relative weight of gapless real matches to pseudocounts
            A   R   N   D   C   Q   E   G   H   I   L   K   M   F   P   S   T   W   Y   V   A   R   N   D   C   Q   E   G   H   I   L   K   M   F   P   S   T   W   Y   V
    1 X    -1  -1  -1  -1  -1  -1  -1  -1  -1  -1  -1  -1  -1  -1  -1  -1  -1  -1  -1  -1    0   0   0   0   0   0   0   0   0   0   0   0   0   0   0   0   0   0   0   0  0.00     0.00
    2 G     0  -3  -1  -2  -3  -2  -3   6  -3  -5  -4  -2  -3  -4  -3  -1  -2  -3  -4  -4    0   0   0   0   0   0   0 100   0   0   0   0   0   0   0   0   0   0   0   0  1.33 0.12
    3 G     1  -3  -1  -2  -3  -2  -3   6  -3  -2  -3  -2  -3  -3  -3  -1  -2  -3  -3   0    8   0   0   0   0   0   0  81   0   0   0   0   0   0   0   0   0   0   0  12  0.96 0.13
    4 T    -1  -2   2  -2   2  -2  -2  -2  -2  -1   1  -2  -1  -2  -2   2   3  -3  -2   1    0   0  13   0   6   0   0   0   0   0  16   0   0   0   0  18  36   0   0  12  0.30 0.14
    5 L    -1  -1  -2   0   1   1   0  -3  -2   0   3   2   1   0  -3  -2  -2  -3  -2   0    3   0   0   7   4   7   6   0   0   4  40  19   5   3   0   0   0   0   0   4  0.22 0.15
    6 A     3  -2   1  -2  -2  -1   0   0   1  -2   0  -2   0  -3  -2   1   0  -4  -2   0   38   0   7   0   0   0   9   7   4   0   9   0   3   0   0  12   6   0   0   5  0.24 0.17
    7 I     0  -3  -3  -3   1  -3  -1  -4  -4   3   1  -3   1  -1  -1  -2   0  -3  -2   3    9   0   0   0   4   0   5   0   0  28  14   0   3   2   3   0   6   0   0  26  0.34 0.18
    8 Q     0   1   1   1  -4   4   2  -2  -2  -4  -2   2  -2  -4   0   1  -2  -4  -3  -3    9   6   7   6   0  27  11   2   0   0   5  10   0   0   4  14   0   0   0   0  0.38 0.22
    9 A     4   0  -2   0  -3  -2   1  -1  -3  -3  -2  -2  -3  -4   1   3   0  -4  -3   0   38   4   0   4   0   0   9   3   0   0   2   0   0   0   6  23   5   0   0   6  0.40 0.26
   10 Q     1   1  -1   0  -3   2   2  -2   0  -3  -3   1  -2  -2   1   1   0  -3   0  -1   11  10   0   3   0  13  17   2   3   0   0   9   0   2   7   9   7   0   5   3  0.25 0.17
   11 G     1  -3   1   0  -1  -1  -2   4   0  -3  -3  -1  -1  -4   2   0   2  -4  -4  -3   12   0   7   4   2   1   1  33   2   1   1   2   2   0  12   6  14   0   0   0  0.45 0.25
   12 D     0  -1   0   3  -3   0   1   0  -2  -1   0  -1  -1  -2   2   1  -1  -4  -1  -2    7   2   5  21   0   2  12   8   0   5  10   1   1   2   9  10   3   0   2   0  0.20 0.16
   13 L    -5  -4  -7  -7  -5  -6  -7  -7  -7   1   6  -6   5   1  -3  -6  -5  -6  -5  -2    0   1   0   0   0   0   0   0   0   7  72   0  14   4   1   0   0   0   0   1  1.63 0.74
   14 T    -3  -4  -2  -2  -6  -4  -2  -5  -6  -6  -6  -5  -5  -7  -6   3   7  -7  -6  -4    1   1   2   2   0   1   3   1   0   0   0   0   0   0   0  21  69   0   0   1  1.79 0.90
   15 L     2  -1  -2   0  -4   1   2  -2   0  -2  -1   0  -2  -3   3   0  -1  -5  -1  -1   22   2   1   5   0   5  14   1   2   2   7   6   1   1  16   6   4   0   2   4  0.29 0.25
   16 A     1   2   0   2  -3   1   3  -2   1  -4  -3   1  -3  -5  -3   0   0  -5  -2  -2   14  14   4  11   0   4  20   3   3   0   1   7   0   0   0   5   7   0   2   3  0.33 0.27
   17 Q    -4  -2  -2   3  -7   7   4  -5   1  -4  -7  -2  -5  -7  -4  -4  -3  -7  -6  -5    1   2   2  14   0  46  26   1   3   1   0   1   0   0   1   0   1   0   0   1  1.46 0.78
   18 K     0   3  -4  -4  -5  -1  -1  -4  -2   3  -3   5  -2  -5  -4  -3   0  -6  -4   0    8  18   0   1   0   1   3   1   1  18   1  35   1   0   1   0   5   0   0   6  0.76 0.48
   19 K     1   1   0   1  -3   2   3  -2   0  -3  -3   2  -2  -3  -3   0   0  -5   0  -3   15   8   5   7   0   9  18   2   2   1   2  12   1   1   0   7   7   0   3   1  0.30 0.26
   20 I     0  -3  -3  -4  -5  -4  -5  -5  -2   3   5  -4   0  -1  -6  -4  -1  -5  -2   0    7   1   1   1   0   0   0   1   1  18  53   1   2   2   0   0   5   0   1   6  0.88 0.49
   21 V    -4  -7  -8  -8  -5  -7  -7  -8  -8   6   1  -7  -2  -5  -7  -6  -5  -7  -4   6    1   0   0   0   0   0   0   0   0  41  11   0   1   0   0   0   0   0   0  45  1.71 0.78
   22 R    -3   5  -3  -5  -7   4  -2  -5  -1  -3  -2   4  -1  -6  -5  -3  -2  -6  -3  -1    2  34   1   0   0  19   2   0   1   2   5  27   1   0   0   1   2   0   1   4  1.07 0.62
   23 K     0   1   2   1  -3   2   2  -1   0  -4  -4   2  -3  -5  -4   2   0  -5  -4  -3    7   8   8   9   0   8  13   4   2   1   1  12   0   0   0  20   5   0   0   1  0.38 0.31
   24 T    -1  -6  -2  -5  -3  -3  -5  -4  -6  -2  -4  -5  -1  -7  -6   5   6  -7  -6  -3    5   0   2   0   0   1   0   1   0   2   1   0   2   0   0  41  45   0   0   1  1.48 0.84
   25 W    -4  -9  -9 -10  -8  -8  -9  -9  -5  -3  -5  -9  -7   3 -10  -9  -8  13  -2  -8    2   0   0   0   0   0   0   0   0   2   1   0   0   9   0   0   0  84   1   0  4.45 1.61
   26 H     2   0   2   2  -4   1   2   0  -1  -4  -3   2  -3  -4   1   0  -1  -5  -2  -2   17   5   8  12   0   6  12   5   2   0   2  12   0   0   6   7   3   0   1   2  0.27 0.23
   27 Q     0   1  -2  -1  -2   2   0  -2  -1   1   0   2   1  -1  -1   0   0  -4  -2   1    7   7   0   2   0  12   4   2   1  10  11  13   4   2   2   5   6   0   1  11  0.13 0.16
   28 L     0  -6  -6  -6  -2  -5  -6  -6  -6   3   3  -6   2   0  -2  -5  -3  -3  -4   5    9   0   0   0   1   0   0   0   0  15  28   0   5   3   2   0   1   0   0  35  0.93 0.52
   29 M     1   1  -2  -3  -2   0   2  -1  -1  -2  -2   3   1  -2  -4   1  -1  -4   1   0   13   8   1   0   1   4  12   5   1   2   4  21   4   1   0  10   2   0   5   6  0.24 0.25
   30 R     1   2  -1  -1  -2   1   0  -1   1  -3  -4   3  -2  -4   3   0  -1  -5  -3  -3   10  11   2   3   1   5   7   5   4   1   1  20   1   0  15   8   4   0   0   2  0.37 0.29
   31 N    -3  -1   4   4  -4   1  -1  -2   3   1  -3   0  -3  -5  -3  -1  -2  -6  -2  -3    2   3  23  28   0   5   2   3   7   8   2   7   0   0   1   3   2   0   1   2  0.64 0.43
   32 K     0   1  -1  -1   0   0   1   0  -3   0   0   2   1  -3   1   0  -2  -3  -3  -1    8   7   1   3   2   3  10   8   0   6   8  17   4   0   8   7   1   0   0   3  0.14 0.17
   33 T     0  -1   1   2  -3   0   1   0  -1  -1  -2   1  -1  -3   0   0   1  -5  -4   1    6   2   5  13   0   3  11   9   1   2   2  11   1   1   5   4  11   0   0  12  0.17 0.19
   34 S     1   0   1   2  -4   1   2   1  -2  -3  -4   1  -3  -4  -1   0   1  -4  -2  -2   11   5   5  14   0   6  14   9   0   1   1   9   0   0   2   7  10   0   1   2  0.26 0.22
   35 F     1  -3   1  -3  -3  -3  -2  -1   2   2   1  -3  -1   3  -3  -1   0  -2   1   2   10   1   8   1   0   0   2   4   6  13  10   1   1  13   1   4   5   0   4  16  0.22 0.20
   36 V     3  -5  -4  -4  -3  -3  -3   5  -5  -3  -2  -4  -3  -5  -2  -1   0  -5  -3   1   22   0   0   0   1   1   2  45   0   1   4   1   1   0   2   4   5   0   1  10  0.84 0.48
   37 T     0  -1  -1  -1  -1  -1   0   0  -1   0   0   0   0  -1   1   0   1  -3  -1   1    9   4   2   3   1   1   7   7   2   5   9   4   2   2   8   4  11   0   2  16  0.06 0.09
   38 D     0   0   1   3  -1   1   2  -1   2   0   0   1  -1  -2  -3  -1  -1  -4  -2  -1   10   6   6  17   1   5  13   3   5   6   9   9   1   1   1   2   2   0   1   4  0.17 0.17
   39 V    -1  -4  -6  -6  -3  -5  -6  -4  -6   4   2  -6   2   5  -6  -4  -1  -4  -2   3    5   1   0   0   0   0   0   1   0  24  19   0   5  23   0   0   4   0   0  17  0.87 0.48
   40 F    -6  -7  -7  -8  -7  -7  -7  -8  -5  -4   2  -7   2   7  -8  -7  -6  -1   6  -4    0   0   0   0   0   0   0   0   0   0  21   0   5  47   0   0   0   1  24   1  1.98 0.89
   41 I     0   0  -2  -1  -1  -1   0  -2   0   1   1   0   1   0  -3  -1   1  -2   2   0    8   4   0   4   1   3   6   3   2  10  16   6   4   4   0   4   9   0   8   6  0.08 0.12
   42 R     0   7   0  -4  -6  -1  -2  -4  -1  -4  -3   3   0  -4  -5  -2  -1  -6  -4  -4    7  52   4   0   0   2   2   1   1   1   3  15   3   1   0   3   3   0   0   1  1.17 0.65
   43 I    -5  -4  -7  -7  -5  -6  -6  -6  -6   2   5  -6   2   4  -6  -6  -3  -1   1   0    0   1   0   0   0   0   0   1   0  12  55   0   5  14   0   0   1   1   5   4  1.20 0.61
   44 F    -7  -7  -8  -8  -7  -8  -5  -8  -6  -3  -1  -6  -3   9  -8  -7  -5  -4  -2  -3    0   0   0   0   0   0   1   0   0   1   5   0   0  88   0   0   1   0   0   2  2.99 1.20
   45 A     1  -1  -1  -1  -2   0   4  -2  -1  -3  -2   2  -1  -3  -4   1   1  -5  -4  -2   11   3   3   3   1   4  28   2   1   1   3  15   1   1   0   8  11   0   0   3  0.41 0.35
   46 Y     1  -1  -1   0  -2   0   1  -3   0   1   1   0   1  -1  -3   0   1  -4  -1  -1   15   3   2   6   0   4  10   0   3  11  17   5   4   1   0   6   8   0   2   3  0.12 0.16
   47 D     1  -3   3   3  -1  -2   0  -4   6  -4  -5  -1  -3   1  -5  -1  -2  -4   4  -4   10   1  12  18   1   1   6   0  17   1   0   3   1   6   0   5   2   0  14   1  0.69 0.46
   48 P    -6  -5  -7  -5  -8  -5  -4  -6  -7  -8  -8  -4  -8  -9   9  -5  -6  -3  -8  -6    0   1   0   0   0   0   1   1   0   0   0   1   0   0  93   1   0   1   0   1  3.22 1.38
   49 S     0  -2  -1   4  -5   1   4   0  -1  -4  -5  -1  -3  -4  -3   2   0  -6  -2  -4    9   1   3  20   0   6  24   6   1   1   1   3   0   0   1  16   4   0   1   1  0.55 0.41
   50 A     2  -4  -2  -4  -4  -4  -3  -5  -2   2   3  -4   0  -1  -5   0   1  -4   4   1   16   0   2   1   0   0   1   0   1  10  25   0   2   2   0   6  11   0  14  11  0.45 0.36
   51 Q    -4   4  -4  -5  -7   6  -3  -4  -4  -1  -1   5  -2  -6  -5  -3  -5  -6  -6  -3    1  21   0   0   0  31   0   1   0   4   6  31   1   0   0   1   0   0   0   2  1.24 0.72
   52 N     1   0   2   2  -4   2   0  -2   0  -4  -4   3  -3  -4   1   0   1  -5  -3  -3   10   4  12  11   0   9   6   3   2   0   1  17   0   1   7   6   9   0   1   1  0.34 0.28
   53 K    -2   0  -3  -4  -4  -1  -3  -4  -1   0   4   1   4   0  -3  -3  -2  -4   3   0    2   4   1   0   0   2   1   1   1   4  37  11  11   4   1   1   2   0   9   7  0.51 0.37
   54 F    -7  -8  -8  -6  -3  -8  -8  -8  -6  -3  -4  -8  -3   9  -8  -7  -7   2   0  -6    0   0   0   1   1   0   0   0   0   1   1   0   1  90   0   0   0   3   2   0  3.17 1.26
   55 P    -2   0  -1  -2  -5  -3  -2  -2  -1  -4  -4   1  -1  -3   7   1  -2  -5  -3  -3    3   5   3   3   0   1   2   3   2   1   2   8   1   1  50   9   2   0   1   2  1.14 0.59
   56 Q     0   0   0  -1  -2   2   0  -1   2  -2  -1   1   0   1   0   1  -1  -3   0  -2   10   5   4   3   1  12   6   5   7   2   4  10   2   7   5   9   3   0   3   2  0.13 0.13
   57 M    -2  -2  -2   0  -2  -4  -2  -2  -3   0   1  -3   3   7  -3  -2  -2  -3  -1  -2    4   3   2   5   1   1   2   3   0   5  13   2   7  43   1   3   2   0   1   3  0.80 0.41
   58 A     2   2  -1   0  -2  -1   0   0   0  -1  -2   2   0  -3  -1   0   0  -3  -3  -1   20  13   2   6   1   2   4   6   2   3   4  17   2   1   2   4   5   0   1   5  0.19 0.17
   59 G    -1  -1   2   3  -2   0   0   4   1  -2  -2  -1  -3  -4  -1   0  -1  -4  -3  -2    4   2  10  19   1   4   4  28   3   2   3   3   0   1   3   5   3   0   1   3  0.41 0.26
   60 M    -2  -1  -2  -1  -1   1   0  -3   0   1   1   1   3  -1  -2  -2  -1  -3  -2   2    2   3   2   3   1   6   6   2   2   8  13  11  11   3   2   3   3   0   1  20  0.19 0.17
   61 S    -1  -3   1   2  -3   1  -1  -1  -1  -3  -3  -1   1  -1   4   2   0  -2  -3  -2    4   1   6  14   0   6   4   4   2   1   2   3   4   3  19  18   6   1   1   2  0.39 0.29
   62 A     0  -1  -1   1  -2   1   0   0   0   0   1   0   0  -1   1   0  -1  -1  -1   0   10   2   2   9   0   6   6   8   2   4  18   6   2   3   6   5   2   1   2   5  0.05 0.07
   63 S     1  -1   0   3  -3  -1   3   0  -1  -2  -3   0  -2  -4   0   2  -1  -4  -3  -1   10   3   5  15   0   2  18   8   1   2   2   5   1   0   4  15   3   0   1   4  0.27 0.23
   64 Q    -1  -2   1   2  -4   3   4  -3   0  -2  -3   1  -2  -4   0   0   0  -1  -3  -2    5   1   6  12   0  15  25   1   2   2   3   8   1   1   4   7   5   1   1   2  0.43 0.32
   65 L    -2  -1  -3  -3  -2  -2  -3  -2  -1   1   5  -3   3  -1  -1  -2  -2   0  -2  -1    3   3   1   1   1   2   2   3   2   9  50   1   6   2   3   4   2   1   1   3  0.59 0.35
   66 R    -1   3  -1  -1  -4   1   2  -3   1  -1   0   3   0  -2   2  -1  -2  -4  -2  -2    4  14   3   3   0   6  12   2   3   3   8  20   3   1   9   5   2   0   1   2  0.28 0.23
   67 S     1   0   1   1  -3   0   0   1   0  -3  -3   1  -1  -2  -1   2   1  -2  -1  -2   11   4   7   8   0   4   4  13   2   1   2  11   1   1   2  14  10   0   3   2  0.19 0.17
   68 S    -1  -2   4   0  -2  -1  -1  -2   0  -3  -1  -1  -2  -2  -2   3   2  -4  -4  -2    5   2  22   5   1   3   4   3   3   1   6   3   1   2   2  26  10   0   0   2  0.44 0.34
   69 R     1   3  -1   0  -4   0   0   0  -1  -2  -2   1   1  -3   3   0  -1  -4  -1  -2   10  15   2   4   0   3   5   8   1   2   4  10   4   1  15   6   4   0   2   3  0.23 0.20
   70 Q     1   1   1   2  -3   3   1  -2   0  -3  -1   2  -1  -3  -2  -1   0  -4  -3  -2   12   9   6  13   0  14   8   2   2   1   6  12   1   1   2   4   5   0   1   3  0.27 0.24
   71 M    -2  -4  -5  -5  -4  -3  -5  -4  -5   0   3  -3   5   5  -4  -4  -2  -4  -2   0    3   1   0   0   0   1   0   1   0   4  30   2  17  27   1   1   2   0   1   7  0.95 0.51
   72 Q     0   3  -1  -3  -4   3   0  -2   0  -1   1   2  -1  -2  -2  -1  -1  -1  -1  -1    9  18   2   1   0  14   5   2   2   3  14  12   1   1   1   3   3   1   2   5  0.26 0.25
   73 A     4  -2   1   0  -3  -2   0   1  -2  -2  -1   0   0  -2  -2   0   0  -2  -3   0   35   2   6   4   0   1   5  10   1   2   5   6   2   2   1   6   5   1   1   6  0.28 0.27
   74 H    -2  -3  -1  -4  -6   3  -4  -6  10  -6  -1  -4  -2  -3  -6  -2  -4  -3   0  -5    4   1   3   1   0  14   0   0  58   0   7   1   1   1   0   3   1   0   2   1  2.06 0.95
   75 A     5  -3  -3  -4   0  -3  -3   3  -2  -3  -4  -3  -3  -5  -4   0  -2  -5  -3   0   52   1   1   1   2   1   1  18   1   1   1   1   1   0   1   7   2   0   1   6  0.92 0.57
   76 I    -1  -1  -1  -2  -1  -1  -2  -1  -2   2   1   0   1   0  -3  -1   2  -3   1   1    5   3   2   2   1   2   1   4   1  11  17   7   4   3   0   5  13   0   6  11  0.12 0.15
   77 R    -1   5   1  -2  -5  -2  -2  -3  -4  -2  -3   3  -1  -5  -4   0   2  -2  -2  -1    6  30   7   2   0   1   2   2   0   2   1  19   2   0   1   6  13   1   2   5  0.62 0.43
   78 V    -3  -5  -5  -6   1  -3  -5  -4  -5   4   1  -4  -1   2  -5  -3  -2  -5  -1   5    2   0   0   0   3   1   0   2   0  19  15   1   1   8   0   2   2   0   2  41  0.88 0.49
   79 S     0  -3  -2  -2  -3  -3  -3  -3  -5   2   1  -4   7   1  -2  -2  -2   0  -4   2    8   1   2   3   0   1   2   2   0   9  14   0  28   6   2   3   2   1   0  15  0.66 0.44
   80 S     1  -1   1   0  -3   1   0   1   1  -3  -2   0  -1  -2  -1   1   1   0   1  -2   15   2   7   6   0   6   6  10   3   1   3   5   2   1   2  14   8   1   6   2  0.15 0.18
   81 I     3  -3  -3  -4  -3  -1  -4   1  -4   0   0  -2   4   2  -4   0   1  -4  -1   1   24   1   1   0   0   3   0  10   0   4   7   2  11   9   0   8   8   0   1  11  0.33 0.30
   82 M    -2  -3  -3  -5  -4  -4  -5  -3  -5   3   4  -4   2   1  -3  -4  -1  -4  -1   3    2   1   1   0   0   0   1   2   0  16  41   0   4   6   2   1   4   0   1  16  0.73 0.41
   83 S     0  -2   3   2   1   0   1   2  -1  -2  -3  -1  -2  -3  -3   2   1  -4  -3  -1    6   1  14  12   3   3   7  15   1   2   1   3   1   1   1  13  11   0   1   4  0.29 0.24
   84 E     0   0   1   0  -2   0   2  -1   0  -2  -2   1  -1  -2  -1   1   1  -2   0   0   10   3   8   6   1   3  16   4   2   1   4   7   1   2   2  11  10   0   3   7  0.13 0.14
   85 Y     2  -4  -3  -2   1  -3  -2  -3   1   2   1  -3   0   1  -2  -1  -2  -1   2   2   22   1   1   2   3   0   2   1   3  12  11   1   2   6   1   5   2   1   7  18  0.31 0.25
   86 V     0  -5  -4  -5  -4  -5  -5  -5  -5   4   0  -3   1  -2  -2  -4  -2  -5  -4   5    8   0   1   0   0   0   1   1   0  25   7   1   3   1   3   1   2   0   0  45  1.03 0.54
   87 E     0   0   0   3  -4   2   2  -1   0  -3  -4   1  -2  -5  -1   1   1  -5  -4  -2    9   4   4  19   0   9  15   4   2   1   1   8   1   0   3   8   8   0   0   2  0.35 0.28
   88 E     0   1   3  -1  -1   2   0   0   2  -3  -1  -1  -1  -2  -3   2  -1  -4  -1  -2    6   8  13   3   2  10   6   6   6   1   8   3   1   1   1  18   3   0   2   2  0.22 0.23
   89 L    -2  -1  -3  -2  -5  -5  -5  -4  -1   2   5  -4   3  -1  -5  -3  -4  -5  -3  -2    3   3   2   2   0   0   0   2   1   9  62   1   7   2   0   2   0   0   1   2  1.04 0.56
   90 D    -3  -1   1   7  -6  -2   1   0  -1  -6  -6  -2  -6  -3  -3  -1  -1  -6  -6  -5    2   3   7  56   0   1   8   7   2   0   0   3   0   1   2   5   3   0   0   1  1.27 0.67
   91 S     0  -1   3   1  -2   1   0  -2   0  -3  -2   0  -2  -2   3   1   0  -4  -1  -2    7   2  15   9   1   5   7   3   2   1   3   5   1   2  15  12   5   0   2   3  0.27 0.23
   92 D    -1  -3   1   5  -2   0   3  -1   0  -3  -4  -1  -2  -3   1   0  -1  -4  -3  -2    5   1   5  28   1   5  23   5   2   1   1   3   1   1   8   5   3   0   1   2  0.57 0.37
   93 I     1   0  -1  -1   1  -1   0  -1  -2   1   1   1   0  -1  -1  -1   0  -1  -1   1   14   4   2   2   4   2   6   4   0  10  14   9   1   2   3   4   6   1   1  12  0.06 0.09
   94 L    -2  -1  -4  -5   1  -2  -4  -4   0   1   5  -4   3   0  -3  -3  -1  -4  -3   1    3   3   1   1   2   2   1   1   2   8  50   1   7   3   1   1   3   0   1   9  0.70 0.41
   95 P     0  -1  -1   0  -3   0   1  -1   0   0  -2   0  -2  -3   4   0   0  -4  -2   1    7   2   3   4   0   3  10   4   2   5   3   5   1   1  22   8   5   0   1  11  0.29 0.24
   96 E     1  -2   1   1  -2   0   4  -1  -1  -4  -4   0  -4  -2   2   1   1  -5  -4  -3   13   2   5   6   1   4  26   6   1   1   1   5   0   2  10   8   7   0   0   2  0.37 0.31
   97 L     0  -2  -2  -3  -3   0  -2  -4  -4   2   3  -2   2   0  -3  -1   0  -4   0   2    9   1   2   1   0   4   2   0   0  12  29   2   5   4   1   4   5   0   4  13  0.30 0.25
   98 L    -2  -5  -4  -4   2  -4  -3  -5  -1   1   5  -5   2  -1  -3  -3  -2   1  -4   2    3   0   1   1   5   1   2   1   2   7  54   0   4   2   1   2   2   2   0  11  0.86 0.50
   99 A     1   1   1  -1  -3   2   0   0   1  -1  -2   1  -1  -3   0   1   0  -3  -2  -1   15   8   8   2   0   9   6   5   3   3   4  10   1   1   5   8   6   0   1   5  0.14 0.16
  100 T     0   1   2   2  -2   2   2  -1   1  -3  -2   2  -2  -2  -2   0   0  -2  -1  -3    8   6   9  12   1   9  11   4   3   1   4  15   1   2   1   5   5   1   3   0  0.23 0.21
  101 L    -3  -3  -4  -6  -5  -4  -6  -3  -4   2   5  -4   4   1  -4  -4  -1  -5  -4   0    2   1   1   0   0   0   0   2   0  12  56   1   8   5   1   1   4   0   0   7  1.02 0.56
  102 A     4  -5  -3  -5  -2  -5  -3   6  -2  -4  -3  -3  -5  -4  -4   0  -3  -6  -6  -3   29   1   1   0   1   0   1  50   1   1   3   1   0   1   1   6   2   0   0   2  1.18 0.66
  103 R     0   5   1  -2  -5   2   1  -2   1  -3  -4   2  -2  -4  -4  -1  -1  -5  -3  -1    9  29   6   2   0   9   8   3   3   2   1  13   1   0   0   5   3   0   1   6  0.50 0.38
  104 T     0   4   2   0  -1  -1  -2  -3   0  -3  -2   2   0  -3  -3   1   1  -5  -4  -1    7  24  10   6   1   2   2   1   2   1   4  14   2   1   1  10   9   0   0   5  0.37 0.31
  105 H    -4  -4  -3  -3  -8  -5  -6  -7  11  -8  -8  -3  -7  -5  -3  -5  -5  -7  -1  -5    2   1   1   2   0   0   0   0  85   0   0   1   0   1   2   1   1   0   2   1  3.53 1.43
  106 D     1   2  -1  -1  -2   1  -2  -1   0   0   0   2  -2   0  -1  -1  -1  -4  -1   2   14  11   2   3   1   6   1   3   2   6   7  12   0   3   2   2   3   0   2  18  0.12 0.17
  107 L     0   1   1  -1  -3   0  -1   1  -1  -1  -1   2   0   0   1   0   0  -3  -1  -1    7   9   8   3   0   4   2  10   1   4   7  14   2   4   6   8   4   0   2   4  0.09 0.12
  108 N    -4   5   2  -3  -6  -3  -3  -4   3  -3  -1   0   0   0  -3  -3  -4   2   6  -4    1  28  10   1   0   1   1   1   6   1   5   4   2   4   1   1   1   3  28   1  0.96 0.60
  109 K    -1   0   2  -2  -4   0  -1   5   1  -6  -5   2  -5  -5  -4  -2  -4  -6  -5  -6    4   5   9   2   0   5   3  50   3   0   1  13   0   1   1   3   0   0   0   0  0.98 0.57
  110 V    -1  -6  -6  -6  -5  -2  -6  -6  -6   4   1  -4   0   0  -5  -5  -2  -6  -1   6    6   0   0   0   0   2   0   0   0  18  10   1   2   4   1   0   2   0   2  51  1.13 0.62
  111 G    -1   0   0   0  -2   1   1   1   0  -3  -3   3  -3  -5   0   1   2  -5  -4  -3    4   4   4   6   1   7   7  10   2   1   3  19   0   0   4   9  17   0   0   1  0.30 0.29
  112 A     1   0  -2   1  -5   0   0  -2  -1  -2  -3   2  -2  -3   5  -1  -1  -6  -4  -1   14   4   2   8   0   3   6   3   1   2   3  13   1   1  29   3   3   0   1   5  0.53 0.39
  113 D     1  -2  -1   2  -4   1   4  -2   2  -2  -3   0  -3  -3  -3   0  -1  -5  -2   0   13   2   2  12   0   7  27   3   4   3   1   5   0   1   1   6   3   0   1   8  0.38 0.33
  114 H    -4  -3   1   1  -7   3  -1  -6   9  -6  -5  -3   2  -3  -5  -1  -5  -6   4  -5    1   1   6   8   0  11   4   0  43   0   1   1   4   1   0   4   0   0  12   1  1.54 0.80
  115 Y    -6  -6  -8  -6  -7  -5  -8  -7  -3  -1   0  -6  -1   7  -8  -5  -5   1   6  -3    0   0   0   0   0   0   0   0   0   4   8   1   1  50   0   1   0   2  29   1  2.00 0.94
  116 N     0  -1   3   3  -6   1   3  -1  -1  -4  -5   2  -5  -6   0  -2  -1  -2  -5  -4    7   3  14  17   0   5  19   5   1   1   1  15   0   0   5   2   4   1   0   1  0.51 0.39
  117 L     0  -1   0  -1  -3   1   1  -4   0   1   1  -1   0  -1  -1  -1   1   1  -1   2    7   3   5   3   0   6  10   0   2   7  18   3   1   2   2   2  10   2   2  14  0.12 0.17
  118 F    -3  -5  -6  -7  -5  -6  -6  -5  -6   1   3  -5   4   5  -6  -6  -3  -5   0   4    1   0   0   0   0   0   0   1   0   7  24   1  10  24   0   0   2   0   2  27  1.05 0.58
  119 A     0   1  -1  -3   0  -1  -2   5  -2  -2  -3   2  -3  -3  -4   0  -2   1  -3  -2    7   9   2   1   2   2   2  39   1   3   2  13   1   1   1   8   2   2   1   3  0.55 0.39
  120 K     1  -1   1   0  -4   1   2   0   2  -3  -4   0  -3  -2   2   0   1  -5  -2  -1   11   3   5   6   0   8  17   6   6   1   1   6   0   1   9   6   8   0   1   5  0.24 0.24
  121 V     4  -5  -4  -4   4  -1  -4  -3   0   1  -2  -5  -2  -4  -1   0  -1  -1  -3   3   37   0   1   0   9   3   1   1   2   9   2   0   1   0   3   6   4   1   1  20  0.66 0.48
  122 L    -4  -6  -7  -8  -6  -6  -7  -7  -7   2   5  -7   3   3  -7  -5  -2   3  -4  -1    1   0   0   0   0   0   0   0   0  11  60   0   6  12   0   0   2   4   0   3  1.36 0.71
  123 M    -2  -3  -4  -4  -5  -2  -1  -5  -3   2   4  -3   5   0  -3  -5  -1  -2  -3   2    3   1   1   1   0   1   4   1   1  11  40   1  14   4   2   0   3   1   1  12  0.71 0.45
  124 E     0  -1   0   2  -1   0   3  -1  -1  -4  -3   0  -3  -1  -4   0  -1   5   1  -1    7   3   4  13   2   3  21   4   1   0   1   6   0   3   0   6   4   9   5   6  0.36 0.31
  125 A     2  -5  -4  -5  -1  -4  -3  -3  -2   0  -1  -5   1   1  -3   0   4  -2   2   3   16   0   1   0   1   0   2   2   1   4   4   0   3   6   1   5  26   1   7  22  0.55 0.44
  126 L    -5  -6  -7  -7  -5  -6  -7  -7  -7   3   5  -6   4   2  -7  -5  -3   3  -3   0    1   0   0   0   0   0   0   0   0  13  58   0   9   8   0   1   1   3   1   5  1.32 0.68
  127 Q     2   2  -3  -2  -5   3   3  -2  -2  -3  -4   3  -1  -5  -2   0  -1  -6  -2  -3   18   9   1   2   0  13  20   3   1   2   1  15   1   0   2   8   2   0   2   1  0.48 0.40
  128 A     2   0  -1   1  -2   2   4  -2   0  -2  -4   0  -3  -5  -1   1  -1  -5  -3  -1   17   4   3   9   1   7  26   2   2   2   1   5   0   0   3   9   3   0   1   4  0.37 0.33
  129 E     0   1   0  -1   1   0   2   1   4  -1  -1   0  -1  -4  -3   0  -1  -4  -2   0    9   6   4   2   3   3  17  11  11   2   5   6   2   0   0   5   4   0   1   8  0.19 0.20
  130 L    -2  -5  -5  -4  -2  -5  -5  -4  -1   0   5  -4   4   1  -6  -4  -4  -5  -1   1    3   0   0   1   1   0   0   1   1   4  59   1  10   5   0   1   1   0   2   8  1.08 0.58
  131 G     0  -2  -3  -3  -5  -1  -2   6   0  -5  -6  -1  -5  -6   1  -2  -3  -6  -6  -4    6   2   1   1   0   3   3  63   2   1   1   4   0   0   7   2   1   0   0   2  1.27 0.65
  132 S     0  -1   1   3   0   0   1   0  -3  -3  -2   0  -3  -5   1   2   0  -5  -4  -3    9   3   7  16   3   4  11   6   0   1   4   6   1   0   6  17   5   0   0   1  0.29 0.26
  133 D     1   0   0   4  -3   1   1   0   0  -4  -4   2   0  -3  -2   1   0  -5  -2  -3   14   4   5  22   0   6   8   6   2   1   1  11   2   1   1   9   5   0   1   1  0.33 0.28
  134 F    -3  -5  -7  -6   1  -6  -5  -6  -6  -3   0  -7   1   7  -5  -4  -5   9   3  -4    3   0   0   0   3   0   1   1   0   1   8   0   3  42   1   2   0  25   8   1  1.89 0.86
  135 N    -4  -4   4   2  -4  -2  -4  -1  -3  -3  -6  -4  -5  -5  -3   2   6  -7  -6  -4    1   1  19  10   0   1   1   4   1   1   0   1   0   0   1  12  45   0   0   1  1.13 0.71
  136 E     1  -2   0   3  -2   0   2  -2  -2  -5  -4  -1  -5  -6   5  -1  -1  -6  -4  -3   13   2   4  17   1   4  11   3   1   0   2   3   0   0  28   5   3   0   1   2  0.66 0.46
  137 K     0  -2   0   1  -6   1   6  -4  -4  -5  -5  -1  -5  -2  -1  -1  -3  -7  -4  -2    9   1   5   8   0   6  51   1   0   0   1   3   0   2   4   5   1   0   0   3  0.98 0.62
  138 T     2  -4  -4  -4  -1  -1  -3  -4  -1   1   0  -3   2  -4  -5  -3   3  -3  -2   4   17   0   0   1   1   2   1   1   1   6   7   1   4   0   0   1  21   0   1  33  0.64 0.46
  139 R     1   3  -2  -2  -1   1   2  -3   3  -2  -2   3  -1  -5  -4  -1  -2  -5  -4  -1   12  19   1   2   1   5  13   2   7   3   4  18   2   0   0   4   2   0   0   5  0.40 0.33
  140 D     2  -1   0   3  -5   3   3  -2  -1  -4  -3   0  -4  -6  -4   0  -1  -6  -4  -3   18   2   3  19   0  12  20   3   1   1   2   6   0   0   0   6   3   0   0   2  0.53 0.41
  141 A     7  -6  -6  -7  -2  -6  -6  -2  -7  -4  -5  -6  -6  -7  -6   1  -2  -8  -7  -1   81   0   0   0   1   0   0   2   0   1   1   0   0   0   0   8   3   0   0   4  1.88 0.98
  142 W    -6  -9 -10 -11  -9  -9 -10  -9  -9  -9  -5 -10  -8  -2 -10  -9  -9  13  -2  -4    1   0   0   0   0   0   0   0   0   0   1   0   0   2   0   0   0  93   1   2  5.03 1.85
  143 A     1   0   2   1  -1   0   0   0   0  -1  -2   2  -1  -4  -3   0   2  -1  -3  -1   11   6  10   9   2   3   7   6   2   3   4  12   2   0   1   7  13   1   0   4  0.15 0.17
  144 K     1  -1   0   1  -5   2   1  -3   0  -2  -3   5  -3  -6  -3  -1   1  -6  -5  -3   11   2   4   6   0   8   9   1   2   2   2  39   0   0   1   3   7   0   0   2  0.63 0.46
  145 A     4  -5  -5  -5   1  -5  -5   0  -5  -2   2  -5   0   2  -5  -2   1  -5  -2   1   32   0   0   0   3   0   0   7   0   1  24   0   2   9   0   3   9   0   1  10  0.57 0.43
  146 F    -5  -5  -6  -7  -4  -6  -6  -7  -4   1   3  -6   2   5  -7  -6  -4   1   7  -1    0   1   0   0   0   0   0   0   0   8  23   0   4  24   0   0   1   2  32   3  1.40 0.69
  147 S     1  -1   1   4  -3  -1  -1   2  -3  -4  -4   0   0  -4  -4   1   1  -1  -2  -3   10   4   5  26   0   3   2  13   0   0   1   6   3   1   0  12   9   1   1   1  0.44 0.35
  148 V     1  -4  -1  -4  -1   0  -3  -3  -1   2   1  -2   0   2  -4  -1   1  -3   2   3   12   0   4   0   1   4   1   2   1  13  13   2   2   7   0   3   7   0   6  19  0.24 0.23
  149 V    -2  -6  -6  -4  -1  -6  -6  -7  -3   5   2  -6   4  -2  -6  -5  -2  -6  -5   4    2   0   0   1   1   0   0   0   1  34  18   0  10   1   0   0   2   0   0  30  1.16 0.60
  150 Q     2  -1   0  -2   1   1  -2  -2  -2  -1  -2  -2   2   0  -4   2   1  -3   3   0   20   3   4   2   3   6   2   2   0   3   2   2   5   3   0  17   7   0  11   7  0.25 0.27
  151 A     3  -3   0   1  -1  -1   0   1   0  -4  -4  -1  -4  -1  -3   2   1  -5   0  -2   29   1   4   8   1   2   5  10   2   0   1   4   0   3   1  16   9   0   3   2  0.34 0.31
  152 V     0  -3  -4  -5  -3  -4  -5  -3  -3   4  -1  -3   1  -4  -5  -3   2  -6  -4   5    9   1   0   0   0   0   0   2   1  21   4   2   3   0   0   1  11   0   0  43  0.87 0.52
  153 L    -4  -6  -7  -7  -5  -6  -7  -7  -6   4   3  -6   8   1  -7  -5  -5  -6  -4   1    1   0   0   0   0   0   0   0   0  26  22   0  37   5   0   0   0   0   0   9  1.55 0.74
  154 L    -1  -2  -5  -4   0  -4  -4  -5  -2   4   2  -3   1   4  -5  -2   1  -3   0   0    4   2   0   1   2   0   1   0   1  28  21   1   3  20   0   3   8   0   2   4  0.56 0.34
  155 V     1   0  -2  -1  -1  -1   2  -1  -2   1  -1   0   0  -3   0   0   1   2  -2   1   16   5   0   1   2   0  22   3   0   9   4   4   2   0   4   6  11   3   0   9  0.14 0.14
  156 K    -2   2  -2  -2  -5   1   2  -2  -2  -2  -4   6  -3  -5  -3   0  -2  -5  -4  -4    2  10   0   0   0   4  11   3   0   2   0  61   0   0   0   7   0   0   0   0  0.88 0.35
  157 H    -3  -2  -2  -3  -5   0   1  -4   7  -4  -2   0   0  -1  -4  -3  -3  -1   6  -4    0   0   0   0   0   3  11   0  36   0   3   5   3   0   0   0   0   0  38   0  1.15 0.38
  158 G     1  -3  -1  -2  -3  -3  -3   6  -3  -4  -4  -2  -3  -4  -3  -1  -2  -3  -4  -4    8   0   0   0   0   0   0  92   0   0   0   0   0   0   0   0   0   0   0   0  1.28 0.17

                      K         Lambda
Standard Ungapped    0.1297     0.3196
Standard Gapped      0.0410     0.2670
PSI Ungapped         0.1297     0.3196
PSI Gapped           0.0410     0.2670
