
Last position-specific scoring matrix computed, weighted observed percentages rounded down, information per position, and relative weight of gapless real matches to pseudocounts
            A   R   N   D   C   Q   E   G   H   I   L   K   M   F   P   S   T   W   Y   V   A   R   N   D   C   Q   E   G   H   I   L   K   M   F   P   S   T   W   Y   V
    1 M    -1  -1  -2  -3  -2   0  -2  -3  -2   1   2  -1   6   0  -3  -2  -1  -2  -1   1    0   0   0   0   0   0   0   0   0   0   0   0 100   0   0   0   0   0   0   0  0.36 0.01
    2 G     1  -2  -1   0  -2   0   2   5  -2  -3  -3  -1  -2  -3  -2   0  -1  -3  -3  -2   18   0   0   0   0   0  25  57   0   0   0   0   0   0   0   0   0   0   0   0  0.54 0.01
    3 P     0  -2  -1  -1  -2  -1  -1  -2  -2  -3  -3  -1  -2  -4   7   1   1  -4  -3  -2    0   0   0   0   0   0   0   0   0   0   0   0   0   0  73  18   9   0   0   0  1.38 0.02
    4 M    -1  -2  -2  -3  -2  -1  -3   1  -2   0   2  -2   6  -1  -3  -1   0  -2  -2   0    0   0   0   0   0   0   0  11   0   0  22   0  55   0   0   4   8   0   0   0  0.37 0.09
    5 P     1   1  -1   2  -3   0   1  -1  -2  -3  -3   0  -2  -4   6  -1  -1  -4  -3  -3   16  13   0  16   0   4   7   2   0   0   0   0   0   0  43   0   0   0   0   0  0.76 0.08
    6 K     0   4  -1  -2  -4   2   0  -3  -2  -4  -2   5  -2  -4  -2  -1  -2  -4  -3  -3    8  30   0   0   0   9   3   0   0   0   2  47   0   0   0   0   0   0   0   0  0.71 0.19
    7 L    -3  -4  -5  -5  -3  -4  -5  -5  -4   4   4  -4   0   2  -4  -4  -3  -3  -2   0    0   0   0   0   0   0   0   0   0  31  58   0   0  11   0   0   0   0   0   0  0.83 0.24
    8 A     4  -3  -2  -2  -2  -2  -2   0  -3  -4  -4  -2  -3  -4  -1   5  -1  -4  -3  -3   35   0   0   0   0   0   0   4   0   0   0   0   0   0   2  59   0   0   0   0  0.85 0.30
    9 D    -3  -2   3   6  -5   0   3  -3  -1  -5  -5  -2  -4  -5  -3   1  -2  -5  -4  -4    0   0  12  56   0   2  18   0   1   0   0   0   0   0   0   9   1   0   0   0  1.02 0.27
   10 R    -2   2  -2  -1  -4   0   0  -3   1  -2   1   4   0   1  -3  -1  -1   5  -1  -2    0  11   0   3   0   1   4   0   4   0  19  36   2   6   0   3   3   8   0   0  0.36 0.17
   11 K    -2   5  -2  -3  -5   1  -1  -2  -2  -4  -4   5  -3  -5  -3  -1  -2  -4  -3  -1    0  39   0   0   0   6   0   2   0   0   0  46   0   0   0   3   0   0   0   5  0.93 0.28
   12 L    -3  -1  -2  -4  -3  -1  -3  -5  -4   0   5   1   3  -1  -4  -3  -2  -3  -3   0    0   4   3   0   0   2   0   0   0   0  70   9   9   0   0   0   0   0   0   3  0.72 0.26
   13 C    -3  -5  -5  -5  11  -5  -5  -5  -5  -4  -4  -5  -4  -5  -5  -3  -3  -4  -5  -3    0   0   0   0  95   0   0   0   0   0   0   0   0   0   0   0   0   0   0   0  3.10 0.55
   14 A     4  -1  -2  -3  -2  -2  -2   3  -2  -2  -2  -2  -2  -2  -3   0  -2  -2   3   0   45   2   0   0   0   0   0  24   0   0   2   0   0   0   0   4   0   0  12   8  0.46 0.20
   15 D    -3  -3   3   7  -5  -2   0  -2  -3  -5  -5  -1  -4  -5  -3  -2  -3  -5  -4  -5    0   0  13  78   0   0   0   2   0   0   0   2   0   0   0   0   0   0   0   0  1.50 0.36
   16 Q     0  -1  -2   2  -3   0   3  -2  -2  -3  -1   0  -1  -3   4  -1  -1  -4  -3  -1    7   2   0  14   0   2  28   1   0   0   7   5   1   0  25   0   2   0   0   4  0.51 0.17
   17 E    -1  -1   3   2  -4   1   5  -3  -1  -4  -4   1  -3  -4  -2   0  -1  -4  -3  -3    4   0  16  12   0   3  49   0   0   0   0   7   0   0   0   4   3   0   0   0  0.70 0.22
   18 C    -3  -5  -5  -5  11  -5  -5  -5  -5  -4  -4  -5  -4  -5  -5  -3  -3  -4  -5  -3    0   0   0   0  95   0   0   0   0   0   0   0   0   0   0   0   0   0   0   0  3.10 0.55
   19 S    -1  -1   0  -1  -1   0   2  -2  -2  -2  -3   0  -2  -4  -1   4   1  -4  -3   0    0   2   2   0   1   2  17   0   0   2   0   4   0   0   2  54   5   0   0   7  0.51 0.23
   20 H    -1  -1  -1   0  -3   0   2  -1   2  -2  -1   0   3  -1  -2  -1   1  -2   3   0    4   0   0   5   0   2  23   4   6   0   2   5  12   0   0   1  13   0  14   7  0.20 0.13
   21 P    -1  -3  -3  -3  -3  -1  -3  -4  -4  -1   2  -3  -2  -3   6  -1   2  -4  -4   0    4   0   0   0   0   2   0   0   0   2  21   0   0   0  49   1  14   0   0   5  1.01 0.27
   22 I    -2  -4  -4  -4  -3  -3  -4  -4  -4   6   1  -4   4  -2  -4  -3  -2  -4  -3   2    2   0   0   0   0   0   0   0   0  57  10   0  13   0   0   0   0   0   0  14  0.85 0.27
   23 S    -1  -3  -2  -3   0  -3  -3   0  -3  -5  -5  -3  -4  -3  -3   6  -1  -4   3  -4    0   0   0   0   2   0   0   5   0   0   0   0   0   0   0  81   0   0  12   0  1.23 0.43
   24 M    -2   3  -2  -3  -3  -1   1  -4   2   0   2   1   2   0  -3  -2  -2   2   1  -1    0  20   0   0   0   0  10   0   8   3  27   9   7   4   0   2   0   3   5   2  0.26 0.15
   25 A     5  -4  -3  -4  -3  -3  -3   4  -4  -3  -3  -3  -3  -4  -3   0  -2  -5  -4   1   58   0   0   0   0   0   0  28   0   0   0   0   0   0   0   3   0   0   0  10  0.88 0.32
   26 V    -1   5  -2  -2  -4   0   1  -4  -1   0  -1   3  -2  -3  -3  -1  -2  -4  -3   1    2  36   0   0   0   2  10   0   1   4   3  21   0   1   0   2   0   0   0  16  0.50 0.22
   27 A     5  -3  -3  -4  -3  -3  -3  -1  -4  -3  -4  -3  -3  -4  -3  -1   5  -5  -4  -2   56   0   0   0   0   0   0   4   0   0   0   0   0   0   0   0  40   0   0   0  1.04 0.39
   28 L    -2  -1  -4  -4  -3   1  -2  -4  -3   3   4  -1   1  -2  -4  -2   0  -3  -3   0    2   3   0   0   0   8   2   0   0  19  51   3   2   0   0   2   4   0   0   4  0.48 0.22
   29 Q    -1   2  -2  -1  -3   1   1  -1  -2   2   1  -1  -1  -2  -3  -1  -1  -3   0   1    5  15   0   2   0   7  14   5   0  14  18   0   0   0   0   3   2   0   3  11  0.12 0.11
   30 D    -1   2   2   5  -4  -1  -1  -3  -2  -3  -4   1  -3  -4  -1   0   1  -5  -4  -1    4  11  10  37   0   0   0   0   0   0   0  12   0   0   2   6  12   0   0   7  0.52 0.22
   31 Y    -4  -4  -4  -5  -4  -3  -4  -5   4  -3  -3  -4  -3   4  -5  -4  -4  -1   8  -3    1   0   0   0   0   0   0   0  10   0   1   0   0  18   0   0   0   0  66   0  1.78 0.44
   32 M    -1   2   4  -1   1  -1  -1  -2   2   0  -2   0  -1  -1  -3   0   2  -3  -2   0    2  15  24   0   3   0   2   0   6   8   1   3   1   4   0   5  17   0   0   8  0.25 0.15
   33 A     3  -2  -2  -2  -2   0  -2   3  -3  -3  -3  -2  -3  -4   2   3  -1  -4  -3  -3   31   0   0   0   0   6   0  23   0   0   1   0   0   0  11  23   2   0   0   0  0.53 0.21
   34 P    -2   0   4   2  -4  -2  -1  -1  -2  -1  -2   1  -3  -4   5  -1  -2  -4  -3  -2    1   5  21  15   0   0   0   4   0   4   3   8   0   0  32   2   0   0   0   3  0.68 0.22
   35 D    -3  -3   1   7  -5  -2   2  -3   0  -5  -5  -2  -4  -5  -3   0  -3  -5  -4  -5    1   0   4  74   0   0  10   0   2   0   1   0   0   0   0   5   0   0   0   0  1.44 0.38
   36 C     0   0  -1  -3   7   0  -1  -3  -1  -3  -2   0   0   0   3   0   0  -4  -3  -3    7   6   2   0  33   5   3   0   1   0   3   5   3   4  16   5   7   0   0   0  0.66 0.24
   37 R    -2   5  -1   1  -4   0   2   0   1  -3  -2   1  -1  -3  -3  -1  -2  -4  -1  -2    0  39   2   6   0   2  18   9   4   0   5   3   2   0   0   2   1   0   2   3  0.46 0.21
   38 F    -3  -1  -4  -5  -3  -4  -2  -5  -3   1   2  -4  -1   6  -5  -4  -3   4   2   2    0   4   0   0   0   0   3   0   0   9  18   0   0  37   0   0   0   7   6  16  0.69 0.25
   39 L    -3  -4  -5  -5  -3  -4  -5  -5  -5   2   5  -4   3  -2  -5  -4  -3  -4  -3   3    0   0   0   0   0   0   0   0   0   7  65   0   7   0   0   0   0   0   0  21  0.96 0.31
   40 T    -1  -3   5  -1  -3   0  -2  -1  -2  -4  -4  -2  -3  -5  -3   5   2  -5  -4  -4    2   0  29   1   0   3   0   2   0   0   0   0   0   0   0  47  15   0   0   0  0.88 0.34
   41 I    -4  -5  -5  -6  -4  -5  -5  -5  -4   1   0  -5   1   8  -6  -4   0  -2   0   0    0   0   0   0   0   0   0   0   0   8   4   0   3  73   0   0   7   0   0   6  1.50 0.42
   42 H    -1   1   1   0  -3   1   1   0   1  -3  -2   3  -2  -4   1   0   0  -4  -2  -2    4   5   8   3   0   7   5   5   4   0   4  32   0   0   7   8   7   0   1   1  0.29 0.15
   43 R     1   2  -2  -2  -3   1  -1  -2  -2  -1  -2   4   0  -3   1   0  -1  -4  -2  -1   16  10   0   0   0   5   1   2   0   4   2  37   3   0   8   4   1   0   1   4  0.35 0.19
   44 G    -1  -3   5   0  -5  -3  -3   5   1  -6  -6  -3  -5  -5  -4  -2  -3  -5  -4  -5    2   0  34   4   0   0   0  56   4   0   0   0   0   0   0   0   0   0   0   0  1.26 0.37
   45 Q    -2  -2  -1   4  -4   4   2  -3   0   0  -3  -1  -3  -4  -3   0   0  -5  -3   1    0   0   0  29   0  24  16   0   2   5   0   0   0   0   0   4   6   0   0  13  0.57 0.25
   46 V    -1  -1  -1   2  -3   1   3   0   1  -1  -2   0   0  -3   1  -1  -1  -4  -3   1    4   1   1  13   0   8  23   7   4   2   3   6   3   0   8   2   1   0   0  17  0.22 0.14
   47 V     0  -4  -4  -5   2  -4  -4  -1  -5   4   0  -4  -1  -3  -4  -3  -2  -5  -3   5    6   0   0   0   4   0   0   7   0  27   3   0   0   0   0   0   0   0   0  53  0.79 0.29
   48 Y    -2   0  -2  -3  -3  -2  -1  -3   1   1  -1   2  -2   2  -3   0   1  -2   5  -1    0   3   0   0   0   0   3   0   3   9   5  20   0   8   0  10  11   0  25   2  0.34 0.20
   49 V    -2   1  -4  -5  -3  -4  -4  -5  -4   5  -1  -3  -1  -2  -4  -3  -2  -4  -3   5    0   9   0   0   0   0   0   0   0  34   0   0   0   0   0   0   0   0   0  56  0.92 0.30
   50 F    -3  -3  -2  -4  -4  -1  -3  -4   1  -2  -2  -2  -2   5  -4  -3   2   0   7  -1    0   0   1   0   0   4   0   0   2   0   2   1   0  25   0   0  16   0  46   4  1.03 0.31
   51 S     0  -1  -1   1  -3  -2  -2  -1  -1  -3  -4  -2  -3  -2  -3   5   1  -3   3  -1    2   2   0   9   0   0   0   4   1   1   0   0   0   0   0  58   5   0  13   5  0.60 0.27
   52 K    -3   0  -2  -3  -5  -1  -1  -4  -3  -5  -5   7  -4  -5   2  -2  -3  -5  -4  -5    0   0   0   0   0   0   0   0   0   0   0  91   0   0   9   0   0   0   0   0  1.58 0.43
   53 L    -1  -2  -2  -1  -3  -2   1   0  -3  -1   3  -1   1  -2  -3   2  -1   5  -2  -2    1   0   0   2   0   0  13   6   0   0  36   4   3   0   0  25   0   9   0   0  0.34 0.19
   54 K     4   1   0  -2  -2  -1   0  -1  -3  -3  -3   1  -2  -4  -2   1  -1  -4  -3  -1   57   9   3   0   0   0   4   1   0   0   0  10   0   0   0  10   2   0   0   3  0.53 0.23
   55 G     2  -1   0  -3  -4  -3  -3   6  -3  -5  -5  -2  -4  -5  -4  -2  -3  -4  -4  -4   16   4   4   0   0   0   1  73   0   0   0   2   0   0   0   0   0   0   0   0  1.22 0.31
   56 R     0   2   1   2  -3   1   2   0  -1  -3  -3   1  -3  -4  -2   2   0  -4  -3  -3    4  10   6  11   0   3  19   6   0   1   0  11   0   0   0  22   5   0   0   0  0.33 0.13
   57 G     0   4   2  -1  -3   1   0   1  -1  -3  -3   1  -2  -3  -1   1   1  -2  -3  -3    5  29  13   2   0   4   3  13   0   1   1   5   0   0   2  10  10   1   0   0  0.32 0.13
   58 R    -1   2  -1  -1  -4   0   1  -1  -2  -3  -3   3  -3  -4   5  -1   1  -4  -3  -3    2  10   3   3   0   3  12   4   0   0   2  20   0   0  30   0  11   0   0   0  0.58 0.18
   59 L    -2  -2   1   5  -4  -1   3  -3   0   0  -1  -1  -2  -3  -2   0  -2  -4  -3  -2    1   0   5  40   0   0  26   1   2  10   7   0   0   0   0   5   0   0   0   0  0.59 0.20
   60 F    -3  -4  -5  -5  -3  -4  -4  -5  -3   0   4  -4   0   5  -4  -4  -3   3   1   1    0   0   0   0   0   0   0   0   0   2  46   0   0  33   0   0   0   3   2  11  0.79 0.24
   61 W    -5   1  -6  -7  -5  -4  -5  -5  -5  -6  -5  -5  -4  -2  -6  -5  -5  12  -1  -6    0   9   0   0   0   0   0   0   0   0   0   0   0   0   0   0   0  91   0   0  3.81 0.65
   62 G     3  -1  -2  -3  -3  -2  -1   5  -3  -3  -4  -2  -3  -4  -3   1  -2  -4  -1  -1   30   3   0   0   0   0   4  45   0   0   0   0   0   0   0  12   0   0   2   4  0.66 0.22
   63 G     2  -4  -3  -3   4  -3  -4   5  -4  -1  -3  -3  -3  -4  -3  -2  -2  -4  -4   1   19   0   0   0   9   0   0  55   0   3   0   0   0   0   0   0   0   0   0  14  0.85 0.25
   64 S    -1  -1  -2  -1  -4   1   5  -3  -2  -2  -4  -1  -3  -4  -3   4   1  -4  -3  -3    0   3   0   0   0   4  47   0   0   4   0   0   0   0   0  37   6   0   0   0  0.77 0.29
   65 V    -2  -3  -4  -4  -3  -3  -3  -5  -4   5   0   0  -1  -2  -4  -3  -2  -4  -3   5    0   0   0   0   0   0   1   0   0  36   3   8   0   0   0   0   0   0   0  51  0.82 0.27
   66 Q    -2   0   4  -1  -3   3   0   1   1  -3  -2  -1   0  -2  -2  -1  -1  -1   2  -3    1   4  33   1   0  19   6   9   2   1   3   2   4   0   1   2   1   1  11   1  0.40 0.17
   67 G    -1  -1  -2  -2  -3  -2  -3   6   1  -4  -4   0  -3  -4  -3   0  -2  -3  -3  -4    1   2   1   1   0   1   1  74   3   1   1   8   0   0   1   4   1   0   0   1  1.10 0.26
   68 D    -1  -1   1   4  -1   0   1   0  -1  -1  -1   0  -1  -1   0   0   0  -1  -1  -1    4   3   5  30   1   2   7   5   1   4   5   7   1   2   3   6   4   1   2   5  0.17 0.04
   69 Y    -1   0   0  -1  -1   0   0   0   2  -1  -1  -1  -1   2  -1   0  -1   0   3  -1    4   5   3   4   1   4   5   6   8   3   6   3   1  13   3   5   3   1  16   4  0.10 0.03
   70 Y     0   0   0   0  -1   1   0  -1   2  -1  -1   0   0   1   0   0   0   0   3  -1    6   4   3   4   1   7   5   5   6   4   7   4   2   4   4   5   4   1  20   5  0.08 0.02
   71 G     0   0   0   1  -1   0   1   2   0  -1  -1   0  -1  -1   0   0   0  -1  -1  -1    5   6   3   8   1   3  11  22   2   4   6   4   2   3   4   5   4   1   2   5  0.08 0.01
   72 D     0   0   0   3  -1   0   1   0   1  -1  -1   0  -1  -1   0   0   0  -1  -1  -1    5   4   3  25   1   3  10   5   4   4   6   4   2   3   4   5   4   1   2   5  0.12 0.02
   73 L     0   0   0   0  -1   0   1   0   0   0   1   0   1   0   0   0   0  -1   0   0    6   4   3   4   1   5  10   7   3   4  19   4   6   3   4   5   5   1   2   5  0.01 0.00
   74 A     1  -1   0  -1  -1   0   0   2  -1  -1  -1   0   1  -1   0   0   0  -1  -1  -1   18   3   3   3   1   5   4  19   1   3   5   3   8   2   3   8   4   1   2   4  0.08 0.02
   75 A     1   1   0   0  -1   0   0   1  -1   0  -1   0  -1  -1   0   0   0  -1  -1   0   18  10   3   3   1   3   7  14   1   6   5   3   1   2   3   6   5   1   2   5  0.05 0.01
   76 R    -1   3  -1  -1  -2   1  -1  -2  -1   0  -1   3  -1  -2  -1  -1   0  -2  -2   0    3  25   1   1   0   4   2   2   1  10   5  28   1   1   1   2   7   0   1   7  0.25 0.09
   77 L    -1   3  -1  -2  -2  -1  -1  -2  -2   0   1   0   0   2  -2  -1  -1  -2  -1   1    3  22   4   1   0   1   1   1   0   4  16   6   0  15   1   4   3   0   1  17  0.13 0.08
   78 G    -2  -4  -2  -3  -5  -4  -4   7  -4  -6  -6  -3  -5  -5  -4  -2  -4  -5  -5  -5    0   0   0   0   0   0   0 100   0   0   0   0   0   0   0   0   0   0   0   0  1.96 0.39
   79 Y    -4  -4  -4  -5  -5  -4  -4  -5  -1  -3  -3  -4  -3   5  -5  -4  -4   3   8  -3    0   0   0   0   0   0   0   0   0   0   0   0   0  20   0   0   0   3  77   0  1.94 0.41
   80 F     0  -4  -5  -5  -3  -4  -4  -4  -3   1  -1  -4  -1   7  -5  -3  -3  -1   1   2    9   0   0   0   0   0   0   0   0   7   0   0   0  67   0   0   0   0   0  17  1.12 0.30
   81 P    -3  -4  -4  -2  -5  -2  -3  -4  -4  -5  -5  -3  -4  -6   8  -1  -3  -6  -5  -2    0   0   0   2   0   1   0   0   0   0   0   0   0   0  89   5   0   0   0   2  2.37 0.42
   82 S    -1   3  -1  -2  -4   0  -1  -3   0  -4  -4   5  -3  -4  -3   3  -1  -4  -2  -4    0  21   2   0   0   0   0   0   2   0   0  43   0   0   0  32   0   0   1   0  0.72 0.25
   83 S     0  -1   2   3  -3   0   1   0  -1  -3  -3   0  -3  -4  -2   3   1  -4  -3  -3    7   3  11  21   0   3   6   5   1   0   1   2   0   0   0  33   6   0   0   0  0.38 0.15
   84 I     0  -4  -4  -5  -3  -4  -4  -4  -3   2   3  -4   1   5  -4  -3  -2  -1   2   0    8   0   0   0   0   0   0   0   0  12  36   0   2  36   0   0   0   0   5   1  0.63 0.19
   85 V    -2  -4  -5  -5  -2  -4  -4  -5  -5   4   2  -4   0  -2  -4  -3  -2  -4  -3   5    0   0   0   0   0   0   0   0   0  26  19   0   0   0   0   0   0   0   0  55  0.81 0.24
   86 R    -2   5   0  -2  -4   3   1  -3  -1  -4  -3   3  -2  -4  -3  -1  -1  -4  -3  -3    0  41   3   0   0  16  10   0   1   0   2  21   0   0   0   1   4   0   0   1  0.67 0.20
   87 E    -2  -2  -2  -1  -4   0   6  -4  -2   1  -3  -1  -3  -4  -3  -2  -2  -5  -4   2    0   0   0   0   0   0  75   0   0   8   0   0   0   0   0   0   0   0   0  17  1.04 0.31
   88 D    -1  -2   0   2  -3   2   1  -3  -1  -1  -1  -1   0   0  -3  -1  -1  -1   4   1    2   0   4  18   0  13  11   0   0   3   4   2   2   2   0   2   2   0  22  12  0.24 0.12
   89 Q    -2   2  -1  -2  -4   3   2  -3   5  -4  -3   4  -2  -3  -3  -1  -1  -4  -1  -4    0  13   0   0   0  13  12   0  23   0   1  32   0   0   0   1   3   0   2   0  0.64 0.20
   90 T    -1  -3  -3  -3  -2  -1   1  -4  -3   2  -1  -1  -1  -2  -3  -2   2  -4  -2   4    0   0   0   0   0   3  12   0   0  12   0   3   0   0   0   0  17   0   0  53  0.45 0.18
   91 L    -3  -3  -4  -2  -3  -3  -2  -5  -1   0   3  -3   0   3  -4  -3  -3  -1   5  -1    0   0   0   2   0   0   3   0   0   2  45   0   0  15   0   0   0   0  33   0  0.72 0.21
   92 K    -1   0   0  -2  -3   3   0  -3   1   1  -2   3  -1  -3  -2   0   2  -4  -2  -1    1   2   4   0   0  18   4   0   4  13   0  34   0   0   0   3  16   0   0   2  0.31 0.13
   93 P    -1  -1   0   1  -3   0   2  -2  -2  -4  -4   2  -3  -4   5   1  -1  -4  -3  -3    0   0   4   5   0   3  19   0   0   0   0  17   0   0  37  14   2   0   0   0  0.73 0.13
   94 G     1  -1   1   0  -3   1   3   2  -1  -3  -3   0  -2  -3   2   0  -1  -3   0  -2   19   0   6   0   0   2  38  16   0   0   0   3   0   0   8   4   0   0   4   0  0.35 0.09
   95 K    -1   0   0   0  -3   0   4  -3  -1  -2  -2   3  -2  -3   0   0   2  -4  -3  -2    0   0   2   0   0   0  45   0   0   1   4  22   0   0   4   0  21   0   0   0  0.47 0.13
   96 V    -1  -1  -2  -3  -2   1  -2  -3  -2   2   2   1   1   1  -3  -2   0  -2  -1   2    0   0   0   0   0  10   0   0   0  18  28  15   0   9   0   0   4   0   0  16  0.19 0.07
   97 D    -2   0   0   3  -4   4   3  -3   2  -3  -2   1  -2  -4  -2  -1   0  -4  -2  -3    0   2   0  24   0  25  30   0   6   0   3   4   0   0   0   0   6   0   0   0  0.53 0.12
   98 V    -1  -3  -4  -4  -2  -3  -3  -4  -4   3   1  -3   2  -1  -3  -3  -1  -3  -2   5    1   0   0   0   0   0   0   0   0  17   9   0   4   1   0   0   0   0   0  68  0.59 0.14
   99 K    -1  -1   0   1  -4  -1  -1  -3  -2  -4  -4   3  -3  -4   7  -1  -2  -4  -3  -3    1   0   5   9   0   0   0   0   0   0   0  24   0   0  57   3   0   0   0   0  1.17 0.16
  100 T     1  -2  -1  -2  -2  -2  -2  -2  -3  -1  -2  -2  -2  -3  -2   1   6  -4  -3   0   12   0   0   0   0   0   0   0   0   0   0   0   0   0   0   2  80   0   0   6  0.77 0.19
  101 D    -2  -1   0   5  -3   0   3  -2  -2  -3  -3   1  -3  -4  -2   0   2  -4  -3  -3    0   0   0  48   0   0  19   0   0   0   0  13   0   0   0   0  18   0   0   0  0.63 0.12
  102 K     0   0  -1   3  -4   1   4  -2  -1  -2  -3   3  -2  -4  -2  -1  -1  -4  -3  -2    6   0   0  16   0   2  47   0   0   4   0  25   0   0   0   0   0   0   0   0  0.53 0.09
  103 W    -1  -2  -2  -2  -2  -2  -2  -2  -2   1  -1  -2   1  -1  -2   1   3   7  -1   0    0   0   0   0   0   0   0   0   0  16   0   0   5   0   0  19  30  23   0   6  0.50 0.09
  104 D    -3  -2   1   7  -4  -1   1  -2  -2  -4  -5  -2  -4  -5  -2  -1  -2  -5  -4  -4    0   0   0 100   0   0   0   0   0   0   0   0   0   0   0   0   0   0   0   0  1.41 0.16
  105 F    -3  -4  -4  -5  -3  -4  -4  -4  -2  -1   0  -4  -1   8  -5  -3  -3   0   2  -2    0   0   0   0   0   0   0   0   0   0   0   0   0 100   0   0   0   0   0   0  1.36 0.17
  106 Y    -2  -3  -3  -4  -2  -3  -3  -4  -1   1   1  -3   0   4  -3  -2  -1   0   4   3    0   0   0   0   0   0   0   0   0   5  11   0   0  21   0   0   0   0  28  36  0.44 0.08
  107 C    -1  -5  -4  -5  10  -4  -5  -4  -4  -2  -2  -4  -3  -4  -4  -2  -2  -3  -4  -2    0   0   0   0 100   0   0   0   0   0   0   0   0   0   0   0   0   0   0   0  2.15 0.21
  108 Q    -1   0   0   1  -4   5   4  -2   0  -3  -3   1  -1  -4  -1   0  -1  -3  -2  -3    0   0   0   0   0  50  50   0   0   0   0   0   0   0   0   0   0   0   0   0  0.65 0.03

                      K         Lambda
Standard Ungapped    0.1412     0.3244
Standard Gapped      0.0410     0.2670
PSI Ungapped         0.1412     0.3244
PSI Gapped           0.0410     0.2670
