
Last position-specific scoring matrix computed, weighted observed percentages rounded down, information per position, and relative weight of gapless real matches to pseudocounts
            A   R   N   D   C   Q   E   G   H   I   L   K   M   F   P   S   T   W   Y   V   A   R   N   D   C   Q   E   G   H   I   L   K   M   F   P   S   T   W   Y   V
    1 M    -6  -6  -7  -8  -6  -5  -7  -8  -7  -4  -3  -6  11  -5  -8  -6  -6  -6  -6  -4    0   0   0   0   0   0   0   0   0   0   0   0 100   0   0   0   0   0   0   0  3.87 1.10
    2 K    -2   3   0  -3  -6   1  -1  -3  -2   1  -2   6  -1  -5  -3  -2   0  -6  -4  -3    3  12   5   1   0   6   3   1   1   9   3  47   2   0   1   1   5   0   0   1  0.78 0.41
    3 F    -5  -5  -6  -7  -4  -5  -5  -6  -2  -2  -3  -5  -3   7  -4  -5  -4   3   7  -3    1   0   0   0   0   1   1   1   1   2   1   1   0  45   1   1   1   3  38   2  1.95 0.74
    4 M    -3   3  -1  -1  -4   1  -1  -4   1  -2  -2   5  -3  -4  -5  -1   1  -3  -3  -3    1  16   3   4   0   6   3   1   3   3   5  40   1   1   0   3   7   0   1   2  0.70 0.41
    5 V     4  -5  -5  -6  -2  -5  -5  -4  -6   3  -2  -5  -2  -1  -5  -3  -3  -1  -3   5   41   0   0   0   1   0   0   1   0  14   3   0   1   2   0   1   1   1   1  34  1.02 0.54
    6 E    -3   3   0  -2  -4   0   3  -3   0   0  -3   3  -2  -4  -4  -1   1  -3  -3   0    1  17   4   2   0   3  19   2   3   5   2  20   1   1   0   3  11   0   1   7  0.44 0.32
    7 V    -3  -7  -7  -7  -5  -6  -7  -7  -7   5  -1  -6  -2  -2  -7  -6  -3  -7  -5   6    2   0   0   0   0   0   0   0   0  33   4   0   1   1   0   0   1   0   0  57  1.69 0.72
    8 R    -3   1   1   1  -2  -1   2  -5   3   1  -1   0  -2   1  -4  -2   0  -2   4  -1    1   9   6   7   1   2  16   0   8   9   5   5   1   5   0   1   7   0  15   3  0.33 0.27
    9 I    -4  -7  -7  -7  -5  -7  -7  -7  -7   5  -3  -7  -3  -5  -4  -6  -2  -7  -6   6    1   0   0   0   0   0   0   0   0  32   1   0   0   0   1   0   2   0   0  62  1.84 0.78
   10 R    -1   1  -1  -3  -1  -1   0  -2  -1  -2  -1   0   5   0  -3   1   4   0  -1  -2    3   7   2   1   1   3   5   3   1   2   4   5  15   5   1  11  27   1   2   3  0.38 0.31
   11 L    -4  -1  -1  -4  -4  -3  -4  -5  -2  -2   4  -4   0  -1   4  -3  -3  -1   2  -2    1   4   4   1   0   1   1   1   1   1  47   1   2   2  22   1   1   1   8   2  0.82 0.46
   12 K    -4   3  -2  -4  -6   0  -2  -5  -1  -3  -2   7  -2  -6  -5  -4  -4  -6  -5  -4    0  13   1   0   0   3   1   0   2   2   5  69   1   0   0   0   0   0   0   1  1.58 0.70
   13 K     0  -1   0   0  -4   0   2  -2  -1  -4  -4   3  -3  -3   5   0  -2  -5  -3  -3    7   3   4   5   0   3  13   3   1   1   1  19   1   1  27   7   2   0   1   1  0.57 0.34
   14 G    -1  -3  -1   0  -5  -1   1   5  -1  -4  -4  -3  -3  -4  -4   2   0  -5  -3  -3    4   1   2   4   0   3  10  46   1   1   1   1   1   1   0  17   5   0   1   1  0.77 0.42
   15 M    -2  -5  -5  -5  -1  -4  -3  -5  -1   4   0  -4   2  -1  -5  -3  -2  -4  -1   6    2   0   0   0   1   0   1   0   2  20   7   0   5   2   0   1   1   0   2  54  0.98 0.47
   16 L    -2  -1  -1  -3   0  -2  -3  -4   0  -1   5  -3   2   0  -1  -1  -1  -4  -2  -1    3   4   3   1   2   2   1   1   2   1  56   1   4   4   3   5   4   0   1   2  0.54 0.34
   17 N    -5  -4   1   8  -6  -3  -1  -4   0  -6  -6  -4  -6  -6  -5  -2  -4  -6  -5  -6    0   0   7  82   0   0   2   0   2   0   1   0   0   0   0   2   0   0   0   0  2.07 0.77
   18 P    -2  -3  -5  -2  -5  -4  -4  -3  -5  -3  -4  -4  -5  -6   8  -2  -2  -6  -6  -3    3   1   0   3   0   0   0   2   0   1   2   0   0   0  79   3   3   0   0   2  2.21 0.78
   19 E    -1  -1  -3  -2  -5   7   3  -3   1  -3  -4  -1  -4  -6  -2  -2  -2  -5  -4   0    6   2   0   1   0  50  18   1   3   1   2   3   0   0   2   1   3   0   0   7  1.08 0.61
   20 A     2  -3  -4  -4  -5  -4  -2   6  -5  -6  -4  -4  -1  -6  -5  -2  -3   0  -5  -3   14   2   0   0   0   0   3  69   0   0   2   0   1   0   0   2   2   1   0   2  1.44 0.64
   21 A     0   1  -1   1  -2   2   3  -2  -1  -2  -3   4  -2  -3  -3   0  -1  -4  -2  -2    9   6   3   6   1   9  20   2   1   2   2  25   1   1   0   4   3   0   1   2  0.36 0.28
   22 T     5  -2  -1  -4  -4  -2  -2  -2  -4  -2  -4  -2  -1  -5  -4   1   3  -5  -4   0   54   1   2   0   0   2   1   2   0   2   0   1   1   0   0   7  18   0   0   5  0.86 0.52
   23 I    -1  -5  -6  -6  -5  -5  -6  -2  -6   5  -1  -1  -3  -4  -6  -1   1  -6  -5   5    5   0   0   0   0   0   0   4   0  33   5   4   0   0   0   4   7   0   0  34  0.89 0.54
   24 E     0   1   0  -1   0   1   1  -1   1  -1  -1   1   0  -1  -2   0   0  -3   0   0    6   7   3   3   3   8   9   5   4   3   6  13   3   3   0   4   6   0   3   6  0.04 0.12
   25 R     0   0   0   0   2   0   0   0   1   0  -1   0   1   0   0   0   0  -3  -1   0    5   5   5   5   5   5   5   5   5   5   5   5   5   5   5   5   5   0   0   5  0.00 0.07
   26 A     5  -3  -1   0  -2  -2  -2   0  -2  -1  -3  -3  -1  -3  -4   1  -1  -5   0  -1   47   1   3   5   1   1   2   6   1   4   2   1   1   1   0  11   4   0   3   4  0.59 0.49
   27 L    -1  -3  -6  -6  -1  -5  -3  -4  -6   1   5  -3   3  -1  -6  -3  -2  -5  -5   1    4   2   0   0   1   0   2   2   0   7  60   2   6   2   0   2   2   0   0   7  1.02 0.61
   28 A     0   1   1  -1  -2   1   1   0   4  -1  -2   2  -1  -2   0   0  -1  -1  -1  -1    8   6   6   3   1   6   8   8  12   4   3  13   1   2   4   6   3   1   1   5  0.15 0.18
   29 L     0   3   2   1  -4   1   1  -1   1  -3  -1   0  -1  -2  -4   1   0  -4  -1  -3    6  17  11   7   0   5   7   4   4   1   8   5   1   1   0  12   7   0   2   1  0.22 0.25
   30 L    -2  -1  -1  -2   0  -1  -2  -2   0   1   4   0   4  -1  -5  -2  -2  -4  -1  -1    2   3   3   2   2   3   2   4   2   6  39   6  11   2   0   3   3   0   2   3  0.38 0.37
   31 G    -2  -2   0   0   0  -1  -2   6   0  -5  -3  -2  -1  -1  -2  -1  -2  -5   0  -3    3   3   5   5   2   3   2  53   2   0   2   3   2   2   2   3   3   0   3   2  0.83 0.56
   32 Y    -2  -1  -1  -1   0  -1  -2   1   2   0   0  -1   0   4  -4  -1  -2   1   3   0    2   2   3   3   2   3   2  12   4   7   6   4   2  20   0   3   2   2  12   6  0.24 0.25
   33 E     0   0   0   0  -2   0   0   0   1   0  -1   0   1   0   0   0   0  -2   1   0    5   5   5   5   0   5   5   5   5   5   5   5   5   5   5   5   5   0   5   5  0.00 0.06
   34 V    -2  -3  -3  -3  -2  -3  -3   0  -5   3   0  -5  -1  -1  -2  -3  -1  -5  -3   5    3   2   1   1   1   1   1   8   0  17   6   0   1   2   2   2   3   0   1  46  0.72 0.51
   35 E    -1   0   1   1  -2   1   3  -1   0  -2  -2   2  -1  -3  -2   1   0  -4  -2   0    4   4   7   6   1   6  21   5   2   1   3  12   1   1   2   9   5   0   1   6  0.18 0.23
   36 D    -1   0   2   3  -2   1   1   1   0  -5  -4   0  -2  -4  -2   2  -1  -1  -1  -3    5   5  10  20   1   6   9   9   2   0   1   5   1   0   1  18   2   1   2   1  0.35 0.33
   37 T    -1  -3  -5  -6   0  -5  -5  -3  -6   2   1  -5   0  -2  -5  -3   0  -6  -4   6    6   2   0   0   2   0   0   2   0   8  12   0   2   2   0   2   5   0   0  55  1.01 0.63
   38 D    -2   6   0  -2  -2   0  -2  -4   0  -3  -3   2  -2  -3  -5  -1   0  -6  -2  -1    3  50   4   2   1   3   2   1   3   1   2  10   1   1   0   4   5   0   1   5  0.92 0.61
   39 T    -1   0  -2  -3  -1   3  -2  -3  -2   3  -1  -2   1  -2  -4   0   2  -4  -1   3    4   6   2   1   1  14   1   2   1  17   4   2   3   2   0   6  13   0   2  19  0.30 0.33
   40 T     0  -2  -2  -3  -1  -1  -3   6  -5  -2  -4  -3  -2  -3  -3  -1  -3  -6  -2  -1    8   2   2   1   1   4   1  58   0   2   1   1   1   1   1   5   2   0   1   6  0.99 0.62
   41 D    -4   2  -2   0  -6  -2  -2  -2  -2  -6  -4   7  -3  -6  -5  -3   0  -6  -6  -4    1   8   2   5   0   1   2   4   1   0   2  64   1   0   0   1   7   0   0   1  1.39 0.81
   42 V    -1   2  -2  -3   0  -1  -2  -1   1   1   0   0   0   1  -4  -2  -1  -1   5   1    5  11   1   1   2   2   1   5   4   8   7   6   2   5   0   3   4   1  20  12  0.27 0.26
   43 I     0   0  -2  -2  -2   1   0   0   2   0   0  -1   1   1  -3   0   0   4   1   0    6   6   0   0   0   6   6   6   6   6   6   0   6   6   0   6   6   6   6   6  0.06 0.15
   44 T    -3   2  -2   1  -2   1   5  -4   0  -1  -1  -1  -2  -2  -4  -2  -1   3  -1   0    1  11   1   6   1   5  36   1   2   4   6   2   1   1   0   2   4   4   3   8  0.48 0.42
   45 F    -3  -3  -5  -5  -4  -2  -5  -3  -5   4   3  -5   2   3  -3  -3  -2   1   1   2    2   2   0   0   0   2   0   2   0  22  32   0   4  12   2   2   2   2   4  11  0.64 0.41
   46 T    -2   0   0   3  -2   1   3  -1   0  -1  -2   0  -1  -1  -2  -1   2   2   0  -2    2   4   3  16   1   5  19   4   2   5   3   4   1   2   1   4  13   3   4   2  0.23 0.25
   47 M    -2  -5  -5  -3  -1  -4  -3  -3  -2   4   3  -5   1   1  -3  -3  -2   0  -1   3    3   0   0   2   1   0   2   2   1  23  29   0   3   5   1   1   2   1   1  21  0.60 0.39
   48 D     0  -3   1   5  -3   0   4  -3   0   0  -4  -1  -3  -4  -2  -1  -1  -6  -3  -4    8   2   6  29   1   3  22   2   2   5   2   3   1   1   2   4   5   0   1   1  0.65 0.47
   49 E     3  -3  -1   2   0  -2   2   3  -2  -4  -4  -2  -3  -4  -2   0  -1  -2  -3  -3   22   1   3  10   2   2  15  19   1   1   2   2   1   1   2   7   4   1   1   2  0.42 0.36
   50 D     0  -2   1   2  -2  -1   2   0  -2  -1  -2   0  -1  -3   0   1   1  -2  -3  -1    8   2   6  13   1   2  13   8   1   3   4   5   1   1   5  11   8   1   1   4  0.17 0.20
   51 S    -3  -4   2   5  -3  -2   0  -3  -2  -3  -3  -2  -3  -4  -2   3   1  -6  -6  -1    2   1  10  33   1   2   5   2   1   2   3   2   1   1   2  18   8   0   0   5  0.69 0.50
   52 L     0   2  -2   1  -2   0   2  -1  -1  -2  -1   2  -2  -3   1   0   1  -5  -2  -2    8  11   1   8   1   3  15   5   1   2   5  11   1   1   8   5   8   0   1   3  0.20 0.21
   53 E     2  -2  -1   3  -3   0   4  -2  -2  -3  -3   1  -3  -4  -1  -1  -1  -3  -5  -3   14   2   3  18   1   4  27   3   1   2   2   8   1   1   4   4   3   0   0   2  0.53 0.42
   54 A     2  -1   0   1  -3   1   4  -3  -1  -2  -3   2  -2  -4  -3   0   0  -5  -3  -2   17   3   4   9   1   6  25   2   1   2   3  11   1   1   1   5   5   0   1   3  0.38 0.33
   55 V     6  -3  -4  -3  -2  -3  -2  -3  -2   0  -1  -3  -2  -3  -3  -2  -1  -2  -3   1   56   2   1   2   1   1   2   2   1   4   6   2   1   1   2   2   3   1   1  10  0.92 0.58
   56 E    -1   3  -1   0  -3   0   4  -3   0  -1   1   2  -1  -3  -2  -2  -2  -2  -2  -2    4  15   2   5   1   4  24   2   2   3  12  11   2   1   2   3   2   0   1   3  0.35 0.30
   57 R     3   0   0   0  -2   2   3  -2  -2  -3  -4   2  -3  -4  -2   0   0  -5  -3  -2   20   5   4   5   1   8  18   2   1   1   2  14   1   1   2   6   5   0   1   2  0.37 0.33
   58 E    -1   2  -1   0  -3   4   2  -4  -1   0  -1   2  -1  -3  -4  -2   0  -3  -3  -1    5  13   2   5   1  17  13   1   1   7   7  11   1   1   1   3   6   0   1   4  0.33 0.31
   59 V     2  -4  -6  -6  -1  -6  -5  -4  -4   3   2  -5  -1  -3  -6  -4  -1  -6  -5   5   15   1   0   0   1   0   1   2   1  17  17   1   1   1   0   1   3   0   0  37  0.91 0.56
   60 E    -2   2   1   3  -6   0   4  -3   0  -3  -4   2  -4  -4  -3  -2   0  -6  -4  -4    4  12   6  14   0   4  27   2   2   2   2  14   0   1   1   3   5   0   1   1  0.60 0.46
   61 D     1   2  -1   1  -4   1   5  -3  -2  -4  -3   2  -3  -5  -4  -1   0  -6  -5  -3   10   9   2   8   0   6  34   2   1   1   2  12   1   0   1   4   5   0   0   2  0.65 0.50
   62 M     1  -7  -8  -8  -2  -5  -8  -8  -7   4   2  -7   9  -3  -8  -4  -4  -2  -3  -1   12   0   0   0   1   0   0   0   0  23  14   0  41   1   0   1   1   1   1   3  1.71 0.93
   63 C     4  -6  -6  -8  10  -8  -8  -4  -8  -3  -6  -8  -7  -5  -8   0  -3  -8  -8  -3   27   0   1   0  56   0   0   2   0   2   1   0   0   1   0   6   2   0   0   2  2.56 1.20
   64 Q    -1   2  -1   3  -4   1   5  -3  -1  -5  -6   2  -4  -7  -4  -1  -3  -2  -4  -5    4  12   3  17   0   5  32   2   2   1   1  10   0   0   1   5   2   1   1   1  0.77 0.55
   65 R    -3   3  -1   0  -7   2   2  -3  -3  -6  -5   6  -3  -6  -4  -1   0  -7  -5  -5    2  15   3   6   0   7  10   2   0   0   1  40   1   0   1   5   5   0   0   1  0.94 0.62
   66 L    -3  -5  -8  -9  -2  -7  -8  -7  -8   0   6  -8   1   1  -6  -5  -4  -7  -4   1    2   1   0   0   1   0   0   0   0   4  71   0   3   6   0   1   1   0   0   9  1.60 0.85
   67 L    -8  -8  -9 -10  -7  -8  -9 -10  -9   0   7  -9  -2  -1  -9  -9  -7  -8  -4  -4    0   0   0   0   0   0   0   0   0   4  91   0   1   2   0   0   0   0   1   1  2.40 1.15
   68 C     6  -5  -7  -7   0  -5  -6  -4  -2  -2  -6  -6  -6  -3  -7   2   0  -8   1   0   59   1   0   0   2   0   0   1   1   2   0   0   0   1   0  16   5   0   4   7  1.33 0.82
   69 N    -9  -8   9  -2 -10  -5  -6  -8  -3 -11 -11  -6  -9 -10  -9  -5  -5 -11  -9 -10    0   0  94   2   0   1   0   0   1   0   0   0   0   0   0   1   0   0   0   0  3.45 1.53
   70 P    -3  -6  -5  -1  -8  -1  -2  -5  -2  -6  -3  -4  -2  -5   7  -3   4  -9  -6  -3    2   0   0   4   0   3   3   1   1   0   3   1   1   1  54   2  21   0   0   2  1.62 0.92
   71 V    -2  -7   1  -8  -2  -6  -5  -8  -8   3  -1  -6  -2  -6  -8  -3  -2  -8  -7   7    3   0   6   0   1   0   1   0   0  12   5   0   1   0   0   2   3   0   0  66  1.64 0.83
   72 I    -5  -8  -8  -8  -7  -7  -8  -9  -8   7  -2  -5   5  -3  -8  -5   0  -8  -5   2    1   0   0   0   0   0   0   0   0  65   3   1  12   1   0   1   5   0   0  10  2.00 0.91
   73 H    -7  -6  -4  -3  -9   1   8  -8   5  -9  -9  -5  -8  -9  -7  -3  -7  -8  -7  -8    0   0   1   1   0   6  78   0  11   0   0   0   0   0   0   2   0   0   0   0  2.44 1.16
   74 D    -3  -2   3   6  -6  -1   1  -4  -1  -5  -6   0  -4  -4  -5   1   2  -7  -4  -3    2   3  14  38   0   2   9   1   1   1   0   5   0   1   0   8  12   0   1   2  0.93 0.56
   75 Y    -2  -7  -7  -8   1  -4  -7  -7  -2  -3  -4  -7  -4   5  -8  -5  -6   4   9   0    4   0   0   0   3   1   0   0   1   2   1   0   0  18   0   1   0   5  58   6  2.17 0.96
   76 D    -1   4  -2   0  -3   0   3  -4   2  -3  -4   1  -4  -3  -5   2   2  -3  -3   0    4  19   1   4   0   4  17   0   5   1   1   6   0   1   0  14  14   0   1   7  0.46 0.37
   77 V    -5  -7  -7  -7  -3  -7  -7  -7  -4   5  -1  -7  -1   4  -7  -5  -5   1   4   4    1   0   0   0   1   0   0   0   0  34   6   0   1  17   0   0   0   2  13  25  1.32 0.64
   78 S    -3   1  -2   1  -5   0   6  -4  -1  -5  -6   0  -5  -6  -6   0   1  -7  -4  -3    2   8   1   7   0   3  49   1   1   1   1   5   0   0   0   7  10   0   0   2  1.00 0.61
   79 I    -3  -3  -6  -6  -3  -4  -6  -6  -5   5   3  -5   0  -2  -7  -5  -3  -3  -4   5    2   2   0   0   0   1   0   1   0  29  27   1   2   1   0   0   1   0   0  32  1.15 0.57
   80 N    -1   0  -2   1  -4   0   5  -3  -2  -1  -2   1  -1  -3  -4   0   1  -4  -3   0    4   5   1   6   0   3  38   1   1   3   3   7   1   1   0   7   8   0   1   7  0.51 0.39
   81 E    -3  -2  -4  -1  -8   1   7  -5  -3  -8  -6   2  -6  -8   2  -4  -4  -8  -7  -6    2   2   0   2   0   5  62   1   0   0   1  11   0   0  11   1   1   0   0   0  1.54 0.79
   82 M     2  -3  -4  -4  -1  -2  -3  -2  -4   3   1  -4   1  -3  -2  -1  -1  -5  -4   4   19   1   0   1   1   2   1   3   0  17  11   0   3   0   2   4   3   0   0  32  0.53 0.34
   83 S     2  -2   0  -1  -4  -1   4   0  -2  -3  -4  -2  -3  -2  -2   1  -1  -5  -4   2   20   2   5   2   0   2  28   6   0   1   1   1   0   1   2  12   3   0   0  15  0.41 0.33
   84 S     3  -3   1  -2  -4  -2  -2   2  -2  -4  -4  -3  -4  -5   0   3   2  -5  -4  -2   27   1   6   2   0   1   2  18   0   0   0   0   0   0   5  25  11   0   0   2  0.54 0.34
   85 H    -4   0   1  -2  -6   6   5  -5   3  -6  -5   1  -4  -6  -4  -3  -3  -5  -4  -5    0   5   7   0   0  36  37   0   7   0   0   8   0   0   0   0   0   0   0   0  1.17 0.49

                      K         Lambda
Standard Ungapped    0.1333     0.3186
Standard Gapped      0.0500     0.2670
PSI Ungapped         0.1634     0.3171
PSI Gapped           0.0500     0.2670
