
Last position-specific scoring matrix computed, weighted observed percentages rounded down, information per position, and relative weight of gapless real matches to pseudocounts
            A   R   N   D   C   Q   E   G   H   I   L   K   M   F   P   S   T   W   Y   V   A   R   N   D   C   Q   E   G   H   I   L   K   M   F   P   S   T   W   Y   V
    1 M    -5  -6  -6  -7  -5  -5  -6  -7  -6   0   1  -6  11  -4  -7  -6  -5  -6  -5   0    0   0   0   0   0   0   0   0   0   4   8   0  83   0   0   0   0   0   0   5  2.72 0.94
    2 G     2  -2  -1  -1  -1  -1  -3   4  -4  -5  -5   0  -5  -6  -1   3  -2  -6  -5  -5   20   1   2   3   1   2   1  36   0   0   0   5   0   0   2  24   1   0   0   0  0.74 0.43
    3 P    -1   2  -1  -4  -3  -2  -1  -2  -3  -4  -2   2  -1  -6   6   1  -1  -6  -5  -4    5  10   3   0   0   1   3   3   1   1   4  11   2   0  42  10   3   0   0   1  0.91 0.51
    4 K    -4   2  -5  -4  -8   1  -1  -7  -5  -3  -6   7  -4  -6  -5  -4  -2  -8  -3  -3    1   9   0   1   0   6   3   0   0   2   0  71   0   0   0   1   2   0   1   2  1.76 0.89
    5 R    -6   8  -4  -7  -6  -1  -5  -6   1  -6  -4   3  -7  -8  -8  -5  -5  -8  -1  -6    1  73   1   0   0   2   0   1   3   0   2  13   0   0   0   1   1   0   3   0  2.14 1.03
    6 R    -3   4  -1  -5  -4   1  -2  -5  -1  -3  -5   6  -4  -7  -4  -2   0  -7  -5   0    2  20   3   0   0   5   1   0   2   2   1  43   0   0   1   3   7   0   0   8  1.01 0.62
    7 Q     1   2  -1   0   2   1   0  -3   1  -2  -3   1  -1  -3  -1   1   1  -3  -2   1   12  11   3   5   4   8   5   1   4   2   2   7   2   1   2  10  10   0   1  12  0.17 0.21
    8 L    -5  -3  -6  -8  -4  -6  -7  -8  -5   3   6  -5  -1   1  -5  -6  -3  -1  -2   0    1   2   0   0   0   0   0   0   0  13  66   1   1   6   1   0   2   1   2   4  1.36 0.71
    9 T    -2  -3  -1  -1   0  -5  -5  -5  -4  -5  -4  -3  -4  -5  -3   4   6  -3  -3  -4    3   2   3   3   2   0   0   0   0   0   2   1   0   0   2  32  46   0   1   1  1.23 0.78
   10 F    -2  -5   0   0  -4  -4  -4  -6  -1   3   4  -2   1   2  -4  -4  -2  -5   0   1    4   0   4   6   0   1   1   0   1  18  37   2   3   7   1   1   2   0   4   9  0.57 0.39
   11 R     1   1   0   0  -3   0   4  -2   0  -2  -4   3  -3  -5  -3   1  -1  -4  -2  -3   13   6   4   6   0   4  24   2   2   2   1  17   1   0   1  11   3   0   2   2  0.40 0.35
   12 E    -3  -3  -2   3  -4   4   5  -5  -1  -5  -3   0  -2  -5  -6  -2   0  -7  -6  -2    2   1   1  17   0  17  39   0   1   1   3   5   1   0   0   2   6   0   0   3  0.98 0.63
   13 K    -6   3  -3  -5  -1  -1  -3  -7  -6  -6  -8   8  -3  -8  -5  -5  -5  -8  -7  -6    0  15   1   1   1   2   1   0   0   0   0  75   1   0   0   0   1   0   0   0  2.20 1.08
   14 S    -1   2  -3  -3   0  -1  -3  -4   0   2   2   3   2  -1  -4  -2  -3  -3  -1   1    5  10   1   1   2   2   1   1   3  11  24  16   6   2   0   3   1   0   2  10  0.32 0.27
   15 R     1   2   0   2  -2   2   4  -3  -1  -4  -3   2  -1  -5  -5  -1  -3  -6  -5  -4   12  12   4  10   1   9  27   1   1   1   3  12   2   0   0   3   1   0   0   1  0.55 0.42
   16 I    -3  -5  -8  -8  -6  -7  -8  -8  -8   7   1  -5   3  -2  -7  -7  -4  -7  -4   3    3   1   0   0   0   0   0   0   0  57  13   1   5   1   0   0   1   0   0  18  1.63 0.79
   17 I    -6  -7  -8  -5   7  -7  -4  -8  -5   6   3  -5  -3  -4  -7  -5  -5  -7  -5   1    0   0   0   1  21   0   1   0   0  42  22   1   0   0   0   1   0   0   0   9  1.54 0.77
   18 Q    -1   2   1   1  -3   2   3  -3   0  -3  -1   2  -3  -4  -4  -1  -2  -2  -2  -2    5  10   6   8   1  10  23   1   2   2   6  13   0   0   0   5   2   1   2   3  0.37 0.33
   19 E     0   2  -3   1  -2   0   2  -4   0  -3   0   2   1   1  -4  -2  -2   0   3  -3    9  10   1   7   1   3  13   0   2   1   8  14   4   6   0   3   2   1  12   2  0.28 0.28
   20 V     0  -2  -4  -4  -2  -3  -3  -5   3   2   2  -1   0   1  -4  -2  -2  -3   3   3   10   2   0   1   1   1   1   0   8  10  19   5   2   6   0   3   1   0   9  19  0.38 0.30
   21 E    -1   0  -2   3  -4   1   5  -3  -1  -2  -3   2  -3  -2  -3  -2  -2  -6  -4  -3    5   6   1  16   0   5  38   2   2   2   2  10   1   2   1   3   2   0   1   2  0.67 0.47
   22 E     0   2   1   0  -2   1   3  -2   0  -2  -3   3  -2  -4  -4   1   0  -2  -3  -3    9   9   6   6   1   6  20   3   2   2   2  16   1   1   0  10   5   1   0   1  0.34 0.29
   23 N    -4  -2   5  -1  -4   0   0   4   3  -5  -2  -1  -5  -5  -4   0  -1  -3  -4  -4    1   2  24   3   0   4   5  34   7   0   5   4   0   0   1   6   3   0   1   1  0.77 0.49
   24 P    -2  -1  -1  -1  -2  -1   2   0  -1  -2  -3   1  -1  -3   5   0  -1  -4  -4  -1    3   3   3   4   1   2  12   8   1   3   2   8   2   1  32   6   3   0   1   5  0.55 0.34
   25 D    -1   0   3   0   0   0   0   1   0  -2  -2   2  -1  -2  -2   2   0  -1  -2  -2    3   4  13   6   2   4   6   9   2   2   3  14   2   2   2  16   6   1   1   2  0.19 0.17
   26 L    -1   0  -2  -3  -1  -1  -2  -3  -2   2   2  -1   4   0  -2  -1   0   0  -1   2    5   5   2   1   1   2   2   2   1  10  22   4  12   3   2   3   6   2   2  14  0.21 0.18
   27 R    -2   4   0  -3  -2   0  -1  -1  -2  -3  -3   4  -2  -4  -3   2   2  -5  -4  -2    2  20   4   1   1   3   3   4   1   1   2  27   1   1   1  17  11   0   0   3  0.56 0.40
   28 K    -1   2   1  -2  -3   5   0  -2   1  -2  -2   4  -2  -3  -1  -2  -1  -4  -2  -1    4   8   7   1   1  23   5   2   3   2   3  23   1   1   3   2   4   0   2   5  0.46 0.34
   29 G     1   1   1  -1   0   0   0   1   0  -1  -2   0  -1  -2  -1   1   1  -3  -1  -1   11   9   8   2   2   2   7  11   3   3   3   6   1   1   2  13   8   0   2   5  0.10 0.10
   30 E    -1  -1  -1   4   0   2   5  -3  -1  -3  -3   0  -3  -4  -4   0  -1  -5  -3  -2    5   2   2  19   2   7  35   1   1   1   2   5   1   1   0   8   3   0   1   4  0.60 0.40
   31 I    -1  -2  -5  -5   0  -3  -5  -5  -5   5   3  -5   0  -1  -5  -4  -2  -1  -4   3    5   2   0   0   2   1   0   0   0  31  27   0   1   3   0   1   3   1   0  21  0.78 0.44
   32 A     6  -5  -2  -5   3  -2  -3   0  -1  -3  -4  -3   1  -4  -3   0  -2  -5  -5   0   58   0   2   0   5   2   2   6   1   1   1   1   4   1   1   6   2   0   0   5  0.93 0.58
   33 R     0   4  -1  -1  -2   1   2  -3  -1  -1  -2   3  -1  -4  -3  -1   0  -4  -3  -1    8  21   3   4   1   7  11   2   1   4   3  20   1   0   0   4   5   0   1   4  0.37 0.29
   34 R    -1   3  -2  -1  -1   1   3  -4   2  -1  -1   3   1  -1  -4  -1  -2  -4  -2  -3    4  15   1   3   1   6  19   0   4   5   6  20   3   3   0   5   2   0   1   1  0.36 0.30
   35 F    -3  -4  -4  -6  -3  -5  -4  -6   0  -2   1  -2   0   7  -6  -5  -3   1   6  -3    2   1   1   0   1   0   1   0   2   2  11   2   2  45   0   0   1   1  24   1  1.40 0.70
   36 N    -2  -1   5   1  -1   0  -2   5  -1  -6  -5   1  -5  -5  -5  -1  -3  -5  -2  -4    2   3  23   9   1   3   3  36   2   0   1   7   0   0   0   5   1   0   1   1  0.80 0.48
   37 I    -3  -3  -5  -4   1  -4  -5  -5  -1   5   1  -3  -1   0  -5  -3   0  -5  -2   4    1   2   0   1   3   1   0   1   2  35  10   1   1   4   0   1   6   0   1  29  0.83 0.47
   38 P     0  -2   1  -1   1  -1   0   2  -1  -5  -5   0  -5  -6   4   3   0  -6  -5  -3    6   2   5   3   3   3   5  14   2   0   0   6   0   0  22  22   5   0   0   2  0.54 0.40
   39 P     0   2  -2  -2  -2   1   1  -3   1  -2  -1   2  -1  -3   2   1   0  -1  -1  -1   10  13   1   1   1   6   7   1   3   2   6  14   1   1  10   9   5   1   2   4  0.21 0.21
   40 S     0   0   0  -3  -2   0  -2   0   0  -3  -2   0  -1  -3  -1   4   2  -5  -2  -1    5   4   3   1   1   5   2   8   2   1   5   5   1   1   2  37  11   0   1   4  0.39 0.35
   41 T     0  -1   0  -4   0   2  -2  -3  -4  -2  -3  -2   0  -5  -4   2   5   0  -4  -2    8   3   4   0   2  10   2   2   0   3   2   2   2   0   0  14  44   2   0   3  0.69 0.50
   42 L    -1  -2  -2  -5  -4  -2  -1  -5  -5   4   1  -4   1   1  -5  -2   0  -4  -1   4    4   2   2   0   0   2   5   0   0  24  15   0   3   6   0   3   6   0   2  25  0.50 0.33
   43 S     0   0   0   0   1   1  -1   0   0  -2  -2  -1  -3  -1  -2   4   0  -4   1  -1    7   6   4   5   4   6   3   6   3   2   3   2   0   3   2  31   5   0   4   5  0.24 0.27
   44 T     0   2   1   2   0   0   0  -1   0  -1  -2   2   0  -2  -1   0   1  -4  -1   0    6  10   5  11   2   3   3   4   2   2   3  13   3   2   3   6  11   0   2   8  0.11 0.14
   45 I     0   0  -2   0  -2  -1  -2  -3  -2   0   0   0   2   1   1   0   0   4   1   0    7   7   0   7   0   0   0   0   0   7   7   7   7   7   7   7   7   7   7   7  0.11 0.13
   46 L    -3   1  -4  -6   1  -2  -5  -4  -2   2   4   1   1  -1  -6  -3  -3   3   0   0    2   7   1   0   2   2   0   1   1  10  43   8   3   2   0   2   2   4   3   6  0.65 0.43
   47 K    -2   2  -2   0  -2   0  -2  -4  -1  -7  -5   6  -3  -4  -3   0  -1  -7  -3  -3    4  10   2   5   1   4   2   1   1   0   1  50   1   1   2   6   4   0   1   2  1.04 0.68
   48 N    -1   0   6   2  -2   2   0  -3   1  -6  -4   1  -2  -3  -2   0  -1  -1  -3  -4    5   6  31   9   1   7   6   2   3   0   2  10   1   1   2   7   4   1   1   1  0.63 0.47
   49 K    -1   4  -5  -2  -1   0   0  -2   1  -4  -5   6  -6  -3  -3  -1  -3   0  -2  -4    6  18   0   2   1   4   6   4   3   1   1  39   0   1   1   6   2   1   1   1  0.84 0.58
   50 R    -1   4   0   2  -1   0   4  -2   0  -2  -5   1  -1  -2  -3  -1  -2   1  -2  -3    6  16   4  11   1   4  21   4   3   2   2   7   2   2   2   5   3   2   2   2  0.43 0.33
   51 A     1   0   0   0  -1   0   1  -3  -1  -2  -3   4   0  -7  -2   0   0   2  -1  -2   13   5   5   6   2   5   9   2   2   2   3  20   2   0   3   8   5   3   3   3  0.31 0.26
   52 I    -2  -7  -2  -2   3  -1  -2  -3   0   5   1  -2   1   0  -2  -2  -2   4   1  -1    3   0   3   3   5   3   3   3   3  32  12   3   3   4   3   3   3   4   4   4  0.60 0.35
   53 L    -1   0   0   0   2   0   0  -1   2   0  -1   0   2   1   0  -1   0   4   1  -1    5   5   5   5   5   5   5   5   5   5   5   5   5   5   5   5   5   5   5   5  0.09 0.08
   54 A     2   1   2   2  -1  -1   1  -2  -2  -3  -2   2  -2  -1  -3   1  -1  -5  -2  -1   18   6   8  10   1   3   9   3   1   2   5  10   1   2   1   9   3   0   2   4  0.22 0.18
   55 S     2  -1   0  -1  -1   1  -1  -2   1   0  -1  -1  -1   0   0   2   0  -2   2   0   14   4   4   3   1   5   5   3   3   5   5   4   2   4   4  15   5   1   6   6  0.11 0.11
   56 E     0  -1  -1   2  -1   1   3  -3   0  -2  -2   0  -1  -1  -1   1  -1   2   0   0    7   4   3  10   2   6  18   1   2   3   4   6   2   3   3  11   3   3   3   6  0.19 0.19
   57 R    -1   2   0   1   0   1   2  -3   0  -3  -1   2  -2  -2   0   1  -1   0  -1  -2    4  10   5   8   2   6  15   2   2   2   7  10   1   2   5   9   4   1   2   3  0.17 0.17
   58 K    -1   1   2   1  -2   0   2  -2  -1  -4  -2   3  -1  -2  -2   1  -1   1  -3  -2    5   7   9   7   1   5  12   3   2   1   4  20   2   2   2   9   4   2   1   3  0.29 0.24
   59 Y     0  -1   1   0   1   0   0  -1   0  -2  -1   0   1   2  -2   1   0   4   2  -2    7   4   7   4   3   4   6   5   2   3   6   5   3   7   2  12   4   5   7   3  0.10 0.12
   60 G     0  -2   1   1  -2   0   0   3  -1  -3  -2  -1  -2  -2  -1   1   1  -2  -3  -2    6   2   7   7   1   5   7  24   1   2   4   4   1   2   4   9   9   1   1   3  0.25 0.22
   61 V     0  -2   1  -1   0   1   0  -1  -1   1   0  -1   0  -1   0   1   0  -3  -1   1    7   2   7   3   2   7   6   4   1   8  10   3   2   3   4  10   7   0   2  11  0.05 0.09
   62 A     2   0   1   0  -2  -1   1   0  -1  -2  -1   0   0  -2   0   2   1  -4  -3  -1   18   4   6   4   1   2  10   7   2   2   6   5   2   2   4  13   7   0   1   4  0.14 0.17
   63 S     0   0   1  -1  -1  -1  -1   1   0  -3  -2   1  -3  -3   0   3   0  -5  -3  -2    7   5   6   3   1   2   4  12   3   2   5   9   1   1   5  24   5   0   1   3  0.25 0.26
   64 T     0   0   0  -1  -1  -1  -1   1  -1   0  -1   1  -1  -2   1   2   2  -2  -4  -1    8   5   4   3   1   3   4  10   2   5   8  10   2   1   7  14  11   1   0   3  0.11 0.14
   65 C    -1   0   0  -2   6   0  -2  -1  -2   0  -1   2   1  -1  -2   1   0  -2  -2  -1    5   6   4   2  15   4   3   4   1   6   7  13   3   3   2   9   6   1   1   3  0.27 0.21
   66 R    -3   6  -1  -5  -3   0  -2  -4  -2  -3  -3   4  -2  -4  -3   0  -2  -3  -2  -3    2  43   4   1   1   4   3   1   1   2   3  19   1   1   1   7   2   0   2   3  1.04 0.64
   67 K    -2   4   1  -3  -4   0   0  -4  -1  -4  -4   6  -3  -2  -3  -1  -3  -7  -4  -2    3  16   7   2   1   4   5   2   1   1   2  41   1   2   2   5   2   0   1   3  0.91 0.59
   68 T    -1   4   0  -2  -2  -1  -1  -2  -1  -2  -2   2  -1  -2  -1   1   2  -2  -3  -1    4  23   4   2   1   2   3   3   1   3   4  10   1   2   3   9  15   1   1   4  0.30 0.31
   69 N    -2   1   3  -2  -1  -1  -2  -2   1  -1   0   2   4  -1  -1  -1   0  -4  -3  -1    4   9  13   3   1   3   2   4   4   4  10  11   9   3   3   4   5   0   1   4  0.15 0.21
   70 K    -2   5  -3  -2  -1  -1  -3  -1  -1  -3  -3   5  -3  -4  -3  -1  -3  -6  -4  -2    3  28   2   2   1   3   1   4   2   2   3  30   1   1   2   4   2   0   1   3  0.77 0.54
   71 L     0   0  -1  -1   0  -1  -1  -1   0   0   1   1   1   0   0   0   1  -1   0  -1    5   5   3   3   2   3   3   6   2   5  13  11   4   4   4   6   8   1   3   4  -0.01 0.06
   72 S     1  -1   0  -2   0  -2  -3   1  -1  -3  -3  -1  -2  -2   1   3   1  -5  -3  -1   12   3   4   2   2   2   2  11   2   1   3   4   1   2   8  24   8   0   1   4  0.23 0.29
   73 P    -2  -1  -1   0  -2   1   1  -2  -1  -2  -2   3  -1  -3   3   0   0  -5  -3  -1    3   4   2   4   1   5   8   3   1   2   5  20   1   1  16   6   7   0   1   5  0.25 0.28
   74 Y    -4  -2   2  -2  -2  -3  -3  -2   3  -1   0  -2   0   5  -4  -2  -3   1   6  -3    2   3   8   2   1   1   2   3   6   4   9   3   2  18   1   4   2   2  21   2  0.58 0.40
   75 D    -1  -2  -1   3  -2  -1   3  -2  -2  -3  -3   1  -3  -3   3  -1  -3  -2  -2  -1    4   2   3  18   1   2  19   3   1   1   2   7   1   1  15   5   2   1   1   5  0.37 0.34
   76 K    -1   1   0   3  -2   2   3  -1   0  -2  -2   1   0  -2  -2  -1  -1  -5  -2  -2    4   7   4  15   1   8  18   4   2   3   3   9   2   2   1   4   4   0   1   2  0.22 0.25
   77 L    -2  -3  -3  -4  -1  -6  -3  -6   0   4   3  -6   2  -1  -6  -5  -1   0  -5   3    3   1   2   1   1   0   2   0   3  18  30   0   4   3   0   0   3   1   0  20  0.67 0.43
   78 E    -6  -3   3   4  -7   0   6  -4  -1  -4  -3  -2  -1  -7  -6  -2  -3  -7  -2  -3    0   2  11  18   0   3  39   2   2   1   4   2   2   0   0   3   2   0   1   2  0.93 0.65
   79 G    -1   1   0   1  -1   1   3   0   0  -2  -3   3  -1  -2  -4   0  -1  -1   0  -3    5   6   5   7   1   5  19   6   2   2   2  15   1   2   0   6   4   1   3   2  0.21 0.25
   80 L     3  -1  -2  -2   3  -1  -1  -1   0  -2   1  -1   1  -2  -3  -2  -2   1  -1   0   26   3   2   2   5   3   4   5   2   3  13   4   4   2   2   3   3   2   2   7  0.20 0.21
   81 L    -2  -7   0  -7   3  -7  -1  -8  -7   0   4  -7   5   0  -7  -1  -1  -7  -7   1    4   0   4   0   5   0   4   0   0   6  34   0  12   4   0   4   5   0   0   9  0.74 0.42
   82 I    -1   0   0   0   2   0  -1  -1   2   0  -1   0   2   0   0  -1   0   4   1  -1    5   5   5   5   5   5   5   5   5   5   5   5   5   5   5   5   5   5   5   5  0.03 0.09
   83 A     0   1   1   0  -1   1   1  -2   0   0  -1   2   1  -2  -2   0   0  -1  -2   0    8   6   8   6   1   7  11   1   2   5   7  11   4   1   2   6   5   1   1   6  0.10 0.13
   84 W    -7  -3  -3  -7   0  -1  -3  -4   0  -2  -3  -7  -6   1  -7  -7  -7  12   0  -7    0   2   2   0   2   3   3   2   2   3   3   0   0   5   0   0   0  70   3   0  3.25 1.31
   85 F    -1  -2  -5  -5  -1  -1  -5  -3   0   2   1  -2   1   6  -5  -2  -2  -3   2   1    4   3   0   0   1   4   0   2   2  11  10   2   4  34   0   2   2   0   6  10  0.67 0.40
   86 Q    -1   2   1   0   2   1   0  -2   2  -1  -1   2   0  -1  -3   0   0  -4  -1   0    4  11   7   5   5   6   7   2   5   3   8  12   3   2   0   6   5   0   2   6  0.10 0.15
   87 Q    -1   1   2   1   1   4   2  -2   1  -2  -1   0   0  -2  -4  -1  -1   1  -1  -2    4   6   8   7   3  19  13   3   3   3   5   6   2   2   0   5   3   2   2   2  0.27 0.28
   88 I     0   0   0   0   2   0   0  -1   1   0  -1   0   1   0   0   0   0  -2   1   0    5   5   5   5   5   5   5   5   5   5   5   5   5   5   5   5   5   0   5   5  0.03 0.05
   89 R    -3   6  -1  -3   0   2  -1  -4   1  -2  -2   1   1  -2  -3  -2  -1   1  -1  -2    3  34   3   2   2   8   5   2   3   3   5   9   3   2   2   4   4   2   2   4  0.64 0.44
   90 A     3   0   1   0   0   1   0  -1   0  -2  -2   0   0  -2  -2   1   0  -7  -1  -2   22   5   6   5   2   6   6   4   2   2   4   6   2   2   2  11   5   0   2   3  0.22 0.21
   91 A     1   2   2  -1   0   2  -1  -3   1  -2  -2   3   1  -2  -2   0   0   1   0  -2   10   9  10   3   2   8   4   3   3   2   5  14   3   2   2   7   6   2   3   3  0.21 0.19
   92 G    -2  -1   4   1   0  -1  -2   4   1  -3  -4   1   0  -8  -2  -2  -3  -8  -1  -8    4   4  19   7   2   3   4  30   3   2   2   7   2   0   3   4   2   0   3   0  0.66 0.43
   93 L    -1  -1  -1  -1   1   1  -1  -2   1   3   0  -1   2   0  -1  -2   0   2   0   1    6   4   3   4   3   6   4   4   4  14   8   3   5   3   4   3   6   3   3  11  0.11 0.09
   94 P    -2   0  -1   1   1   0   0  -3   2  -1  -3  -1   0  -1   5   0   0   2   0  -1    4   4   3   6   3   4   5   3   4   3   3   4   3   3  24   6   7   2   3   5  0.34 0.30
   95 V    -4  -3  -2  -4  -1  -8  -4  -9  -8   5   2  -4   1  -1  -3  -3  -2  -8  -2   5    2   2   3   2   1   0   2   0   0  25  19   1   3   2   2   2   3   0   1  30  0.97 0.50
   96 K    -4  -1   3   0   0  -2  -1  -3  -2  -4  -4   0  -8  -3  -2   4   4   1  -3  -8    2   4  13   6   2   2   4   2   1   1   2   7   0   1   2  28  20   2   1   0  0.73 0.52
   97 G    -3  -2  -1   4  -1  -1  -2   6  -1  -4  -5  -3  -2  -3  -2  -1  -2  -1  -3  -4    2   3   4  17   1   3   4  43   1   1   2   2   1   1   2   5   3   1   1   2  0.92 0.54
   98 I     1   0   0   0  -2  -1   0  -2  -1   0  -2   0   0  -2   4   1   0  -6  -3  -2   10   4   5   5   1   3   6   3   2   7   4   5   2   2  22  10   5   0   1   3  0.30 0.25
   99 I    -1  -1  -3  -1  -2  -1  -1  -4   0   4   2  -3   5  -3  -4  -3   0  -6  -3   1    6   3   1   4   1   3   5   1   2  22  18   1  12   1   1   1   5   0   1  10  0.47 0.31
  100 L    -4  -3  -7  -8   1  -3  -7  -8  -7   6   5  -7   2  -2  -7  -4  -3  -7  -6   1    2   2   0   0   2   1   0   0   0  33  41   0   4   2   0   1   2   0   0   8  1.30 0.65
  101 K    -2   4  -2  -3   4   4  -2  -5   0  -2  -1   4   0  -4  -4  -3  -1  -2  -6  -4    3  21   2   1   7  16   2   1   2   2   6  26   2   1   1   2   4   1   0   1  0.80 0.53
  102 E     1  -3  -2   1  -3   3   5  -3   0  -1  -4   1  -3  -4  -4  -1   0  -7  -3  -3   11   1   2   6   1  12  37   2   2   4   2   7   1   1   1   4   6   0   1   2  0.67 0.48
  103 K    -3   0  -3  -6  -8   3   0  -7  -1  -2  -7   7  -1  -8  -6  -4  -2  -8  -4  -3    2   5   1   0   0  12   6   0   2   2   0  60   2   0   0   1   3   0   1   2  1.55 0.82
  104 A     7  -7  -7  -7  -7  -7  -4  -2  -7  -5  -5  -7  -7  -3  -3  -2  -3   0  -3  -4   82   0   0   0   0   0   1   3   0   1   2   0   0   1   1   3   2   1   1   1  2.02 1.02
  105 L    -3   2  -1  -2  -2   0   1  -4   0   0   3   3   2  -3  -3  -2  -2  -5  -3  -1    2  12   3   2   1   3   9   1   2   5  26  18   5   1   2   2   2   0   1   3  0.38 0.31
  106 R    -1   2   0   0  -3   2   3  -4   0  -2  -2   1  -1   1  -4   0   0  -2   0  -2    5   9   4   5   1   9  22   1   3   2   5   8   1   6   0   8   6   1   3   3  0.28 0.26
  107 I    -5  -3  -7  -7  -2  -6  -5  -5  -6   4   3  -4  -1   6  -7  -5  -4  -5   2   0    1   1   0   0   1   0   1   1   0  19  26   1   1  33   0   1   1   0   6   5  1.20 0.60
  108 A     6  -4   0  -4  -1  -4  -5  -2   0  -4  -6  -4  -6   0  -6   1  -2  -3   1  -3   62   1   4   1   1   1   1   3   2   1   0   1   0   4   0   8   2   0   4   2  1.21 0.71
  109 E     0   2   0   0  -1   1   3  -3   0  -2  -1   2  -2  -1  -2  -1   1  -2  -2  -2    7   9   5   5   1   7  17   1   2   2   6  14   1   3   2   4  10   1   1   2  0.23 0.23
  110 E    -1   1  -1   0  -2   2   3  -2   1  -2  -1   2   3  -4  -4   0   0  -5  -3  -2    5   8   3   6   1  10  16   3   3   3   5  13   7   1   1   7   5   0   1   3  0.26 0.24
  111 L    -3  -3  -6  -5  -2  -4  -3  -5   0   0   5  -4   4   3  -4  -3  -3  -2   0  -1    2   2   0   1   1   1   2   1   2   5  51   1   9   9   1   2   2   1   3   4  0.90 0.52
  112 G    -2  -4   3  -1  -4   0  -2   6  -1  -5  -5   0  -6  -6  -5   0  -4  -7  -4  -5    4   1  11   4   0   4   3  54   1   1   1   7   0   0   1   7   1   0   1   1  1.12 0.64
  113 M    -2  -2  -1  -1   0  -2   0  -2   2   4   1  -1   2   0  -3  -2  -1  -3   1   1    4   2   3   3   2   1   6   3   6  25  14   5   5   3   1   3   3   0   5   8  0.26 0.22
  114 D    -3  -3   1   4  -4   0   3  -2   0  -3  -5   0  -4  -3   1   1   1  -6  -4  -3    2   1   6  25   0   4  18   3   2   1   1   6   0   1   8   8   9   0   0   2  0.55 0.41
  115 D    -3  -2   4   5  -4  -1   2  -1  -1  -7  -5   0  -3  -5  -3   1  -1  -7  -5  -5    2   2  16  33   0   3  12   5   2   0   1   7   1   0   1   9   4   0   0   1  0.81 0.53
  116 F    -5  -9  -6  -7  -2  -9  -9  -9  -3  -2  -3  -4  -3   9  -6  -4  -5  -2  -3  -3    1   0   1   0   1   0   0   0   1   2   3   1   1  81   1   2   1   1   1   2  2.77 1.24
  117 T    -2   0   1  -3   0   1  -2  -4   0  -3  -3   5  -3  -5  -4   0   2  -4  -4   0    3   4   8   1   2   5   2   1   2   1   3  38   1   0   1   8  12   0   1   7  0.66 0.49
  118 A     6  -7  -3  -7   3  -3  -5  -1  -3  -2  -3  -5  -4   0   0  -2  -2  -7  -2  -2   59   0   1   0   6   1   1   6   1   2   3   1   0   4   5   3   2   0   1   3  1.15 0.72
  119 S    -4  -5  -1  -4   0  -6  -4  -4  -3  -7  -5  -6  -8  -9  -6   7   1  -4  -8  -8    1   1   3   1   2   0   1   2   1   0   2   0   0   0   0  78   8   0   0   0  2.01 1.15
  120 N    -1   0   5   1  -2   1   1  -1   0  -3  -4  -2  -2  -5  -2   2   1  -3  -3  -2    6   4  26   7   1   5   8   4   2   2   1   2   1   0   2  17   9   0   1   3  0.48 0.39
  121 G    -2  -3  -2  -4  -3  -4  -6   7  -7  -9  -7  -3  -5  -9  -6   1  -3  -8  -8  -7    4   2   2   1   1   1   1  73   0   0   1   2   0   0   0  10   2   0   0   0  1.88 0.96
  122 W    -7  -5 -12 -13  -4 -10 -11 -11 -11  -4 -10 -11 -10  -4 -12 -11 -11  13  -3 -11    1   1   0   0   1   0   0   0   0   1   0   0   0   1   0   0   0  95   1   0  5.40 2.11
  123 L    -5  -5  -8  -9  -1  -4  -8  -8  -8   3   6  -5  -1   2  -7  -7  -6  -2  -1   1    1   1   0   0   1   1   0   0   0  13  60   1   1   8   0   0   0   1   2   9  1.36 0.71
  124 D    -2  -1   1   4  -2   1   4  -3   2  -5  -6  -2  -4  -1  -5   1  -1   1   1  -4    3   4   6  20   1   6  26   2   4   1   1   3   1   3   0   9   4   2   4   1  0.61 0.44
  125 R    -3   6   3  -5  -3  -1  -3  -1  -1  -8  -6   4  -7  -8  -7   0  -5  -4  -7  -6    2  37  14   0   1   2   2   6   2   0   1  25   0   0   0   8   0   0   0   0  1.25 0.72
  126 F    -9  -7 -10 -11 -10 -10 -10 -10  -3  -5  -3 -10  -3   9 -11 -10  -9   6  -2  -3    0   0   0   0   0   0   0   0   1   0   2   0   1  82   0   0   0  10   1   2  3.27 1.34
  127 R    -7   3  -3  -5   1  -1  -4  -7  -4  -5  -4   7  -1  -4  -6  -4  -4  -9  -8  -6    0  16   1   0   3   2   1   0   0   1   2  68   2   1   0   1   1   0   0   0  1.92 0.97
  128 R    -1   3   1   0  -4   3   0  -5   1  -3  -2   5  -4  -4  -6  -2  -2  -3  -5  -3    6  16   7   4   0  14   6   1   3   1   5  29   0   1   0   3   2   0   0   2  0.64 0.45
  129 R    -8   9  -5  -8  -5  -4  -5  -9  -1 -10  -9   1  -8 -10  -9  -6  -8 -10  -8  -9    0  87   0   0   0   1   1   0   1   0   0   9   0   0   0   1   0   0   0   0  2.96 1.29
  130 R    -7  -1   3  -4  -4   0  -1  -7  10  -9  -8  -1  -7  -3  -8  -6  -7  -8   0  -9    0   4  13   1   1   3   4   0  67   0   0   3   0   1   0   0   0   0   3   0  2.65 1.08
  131 S    -1  -5   8  -4  -2  -4  -5  -3  -1  -7  -8  -5  -6  -7  -6   4  -3  -8  -6  -7    5   0  62   0   1   0   0   2   1   0   0   0   0   0   0  28   1   0   0   0  1.87 0.82

                      K         Lambda
Standard Ungapped    0.1364     0.3203
Standard Gapped      0.0410     0.2670
PSI Ungapped         0.1364     0.3203
PSI Gapped           0.0410     0.2670
