
Last position-specific scoring matrix computed, weighted observed percentages rounded down, information per position, and relative weight of gapless real matches to pseudocounts
            A   R   N   D   C   Q   E   G   H   I   L   K   M   F   P   S   T   W   Y   V   A   R   N   D   C   Q   E   G   H   I   L   K   M   F   P   S   T   W   Y   V
    1 M    -5  -5  -6  -7  -5  -4  -6  -6  -5  -1  -1  -5  11  -4  -6  -5  -4  -5  -5  -2    0   0   0   0   0   0   0   0   0   2   1   0  95   0   0   0   0   0   0   1  2.99 0.72
    2 H    -2   0   4   1  -4   0   1   0   4  -3  -4   1  -2  -4  -2   1   1  -4  -1  -3    0   3  22   9   0   3   8   7  13   1   0  11   1   0   2   8   8   0   2   0  0.38 0.19
    3 T     1  -1   2   0  -2   0   0  -1   0  -2  -2  -1  -1  -3  -1   2   3  -4  -2  -1   14   2  13   3   0   4   4   2   3   2   2   1   1   0   2  13  28   0   0   4  0.29 0.18
    4 S     0  -1   3   2  -2  -1   1   0  -2  -3  -4  -1  -2  -4  -1   3   1  -5  -4  -2    8   2  20  11   1   2   7   6   0   1   0   3   1   0   2  26   9   0   0   1  0.38 0.20
    5 E    -2  -1   1   4  -5   3   4  -3   1  -5  -5  -1  -4  -5  -2   1  -1  -5  -4  -4    2   2   5  27   0  13  32   1   3   0   0   2   0   0   1   9   3   0   0   1  0.78 0.32
    6 L    -2  -2  -2  -2  -3  -1  -3  -4  -2   3   3  -3   3   2  -3  -1   0   0   0   1    1   1   1   2   0   2   0   0   1  17  31   0   9   8   1   4   7   1   2  10  0.35 0.19
    7 L    -1  -4  -4  -5  -2  -1  -3  -3  -1   0   5  -4   2   1  -4  -3  -2  -4  -2   0    4   0   1   0   0   3   1   2   2   3  63   0   5   6   0   2   2   0   1   5  0.72 0.31
    8 K     0   1   1   3  -4   2   2  -1   1  -4  -4   2  -2  -4  -2   1  -1  -4  -3  -3   10   8   6  17   0  11  14   4   3   0   0  15   1   0   0   8   2   0   0   1  0.35 0.18
    9 H     1  -2   1   2   1   1   5  -3   2  -4  -5  -1  -4  -5  -3   1  -2  -5  -4  -4   11   0   5  10   3   5  46   1   6   0   0   1   0   0   0  11   0   0   0   0  0.74 0.32
   10 I    -4  -6  -6  -6  -4  -6  -6  -7  -6   8   0  -6   0  -2  -6  -5  -2  -6  -4   1    0   0   0   0   0   0   0   0   0  86   5   0   2   1   0   0   2   0   0   5  1.85 0.55
   11 Y    -1   5  -1  -3  -3   1  -1   0   5  -3  -3   1  -3  -1  -4  -1  -2   2   4  -4    6  32   1   0   0   7   3   6  14   1   1   6   0   1   0   2   1   3  14   0  0.59 0.27
   12 D    -2  -2  -1   4  -6   2   6  -3   1  -5  -5  -1  -4  -5  -4  -1  -3  -5  -1  -3    3   1   2  25   0   6  51   1   3   0   0   2   0   0   0   2   1   0   2   1  1.03 0.39
   13 I     0  -4  -5  -5  -3  -4  -4  -5  -1   3   3  -4   2   2  -4  -3  -1   0  -2   2    9   0   0   0   0   0   0   0   2  22  33   0   4  11   0   1   2   1   0  16  0.55 0.23
   14 N    -5  -4   9   0  -6  -4  -4  -4  -3  -7  -7  -4  -6  -7  -6  -3  -4  -8  -6  -7    0   0  97   3   0   0   0   0   0   0   0   0   0   0   0   0   0   0   0   0  2.67 0.73
   15 L    -4   1  -5  -6  -1   0  -5  -6  -5   1   5  -4   2  -1  -5  -5  -4  -4  -1  -1    0  10   0   0   1   4   0   0   0   5  71   0   4   1   0   0   0   0   2   2  1.04 0.41
   16 S     3  -1   0  -2  -3  -2  -3  -2  -4  -4  -3  -3   0  -5  -3   5   2  -5  -4  -4   21   3   3   1   0   1   0   1   0   0   1   0   2   0   1  52  13   0   0   0  0.84 0.40
   17 Y    -6  -6  -6  -7  -6  -5  -6  -7  -2  -5  -5  -6  -5   1  -7  -6  -2   3  10  -5    0   0   0   0   0   0   0   0   0   0   0   0   0   2   0   0   2   3  93   0  3.04 0.82
   18 L    -4  -5  -7  -7  -4  -5  -6  -7  -6   0   6  -6   2  -3  -6  -6  -4  -5  -4   0    0   0   0   0   0   0   0   0   0   4  89   0   4   0   0   0   0   0   0   3  1.65 0.53
   19 L    -3  -1  -5  -5  -2   1  -3  -4  -4   1   4  -3   6  -2  -5  -1  -2   0  -4  -1    1   4   0   0   1   8   1   1   0   5  46   1  22   1   0   6   2   1   0   2  0.78 0.38
   20 L    -5  -6  -7  -7  -5  -5  -6  -7  -6  -1   6  -6   2   0   0  -6  -3  -5  -4  -1    0   0   0   0   0   0   0   0   0   2  82   0   4   4   5   0   1   0   0   2  1.50 0.55
   21 A     6  -5  -5  -5  -1  -4  -4   0  -5  -1  -2  -4  -1  -5  -4  -1  -2  -6  -5   2   70   0   0   0   1   0   0   5   0   3   4   0   1   0   0   2   1   0   0  13  1.17 0.51
   22 Q    -1   1  -4  -4  -7   8  -2  -6   2  -7  -6   0  -5  -7  -5  -4  -5  -6  -5  -6    5   8   0   0   0  78   0   0   4   0   0   5   0   0   0   0   0   0   0   0  2.13 0.77
   23 R    -1   7   0  -2  -6   3  -1  -5   2  -6  -5   1  -4  -6  -5  -1  -2   0  -4  -5    5  57   4   1   0  13   2   0   4   0   0   5   0   0   0   5   1   2   0   0  1.24 0.50
   24 L    -3   0  -6  -6  -4  -4  -5  -6  -5   1   5  -5   6  -3  -6  -5  -2   1  -1   0    2   5   0   0   0   0   0   0   0   6  52   0  23   0   0   0   3   2   2   6  1.11 0.49
   25 I    -1  -5  -5  -6  -4  -5  -5  -3  -5   5   4  -1   1  -3  -5  -2  -3  -5  -4   1    6   0   0   0   0   0   0   3   0  32  42   4   2   0   0   3   0   0   0   8  0.83 0.40
   26 V     0   5   2  -3   0   0  -2  -3   1  -3  -1   2  -2  -5  -4  -1  -2  -5  -1  -2    9  41  11   1   3   4   1   1   4   1   5  10   1   0   0   4   1   0   2   2  0.64 0.35
   27 Q     0  -1  -1   2   1   2   5  -3   1  -2  -3   0  -4  -5  -4   0   1  -5  -4  -3    7   3   1   9   3  10  37   1   4   2   2   4   0   0   0   6   8   0   0   2  0.56 0.35
   28 D    -5  -5   2   7  -7  -4   0  -1   0  -7  -7  -4  -7  -7  -2  -2  -5  -8  -2  -7    0   0   9  71   0   0   6   4   3   0   0   0   0   0   2   2   0   0   2   0  1.81 0.71
   29 K    -2   5  -2  -1  -2   0   0  -3   0  -2  -3   4  -2  -1  -1  -2  -3  -1  -1  -2    3  29   1   3   1   4   5   2   2   3   2  30   1   3   3   1   1   1   3   2  0.61 0.37
   30 A     4  -2  -2   0  -4  -1   2  -4  -4  -1  -3  -1  -1  -1   1   0  -1  -5   0   0   36   2   2   6   0   2  15   0   0   3   2   4   1   3   7   4   3   0   3   8  0.37 0.31
   31 S     3   0  -1  -2  -4   2   1  -2  -1  -2  -2  -1   1  -1  -4   1   2  -1  -3   0   25   5   3   1   0   9  10   2   1   2   2   2   4   4   0  10  12   1   0   7  0.25 0.25
   32 A     5  -3  -3  -3   2   0  -3   2  -3  -3  -3  -3  -3  -4  -3   1  -2  -4  -4   0   57   0   0   0   5   5   0  16   0   0   0   0   0   0   0   8   0   0   0   5  0.76 0.37
   33 M     0   1  -2  -2   1   1   1  -1  -2   1   0   1   4   0  -3  -1   0  -3  -2   0    8   7   0   0   4   7   9   4   0  10   6   9  18   4   0   4   7   0   0   4  0.15 0.20
   34 F     0   0  -2   0   3   1   0  -3   2   0   0  -1  -1   1  -3   0   0  -2   2   0    7   7   0   7   7   7   7   0   7   7   7   0   0   7   0   7   7   0   7   7  0.09 0.14
   35 R    -2   7  -3  -5  -2   1  -3  -5   0  -4  -3   0  -1   1  -5  -2  -3  -6  -4  -4    3  70   1   0   1   4   1   0   2   1   2   2   1   6   0   3   1   0   0   1  1.45 0.60
   36 L    -4  -4  -4  -6  -4  -5  -6  -7  -6  -2   6  -5   1   0  -6  -5  -4  -5  -4   0    0   1   1   0   0   0   0   0   0   0  87   0   3   3   0   0   0   0   0   4  1.58 0.60
   37 G    -3  -3  -1  -3  -6  -5  -4   7  -2  -7  -7   1  -6  -7  -5  -3  -5  -6  -6  -7    1   1   3   1   0   0   1  82   1   0   0  10   0   0   0   1   0   0   0   0  1.88 0.66
   38 I    -2  -5  -5  -5  -4  -4  -5  -2  -5   5   3  -5   3   0  -5  -4  -3   0  -3   2    2   0   0   0   0   0   0   4   0  42  27   0   6   3   0   0   0   1   0  13  0.86 0.38
   39 N    -1  -2   2   3  -2  -2  -1   0  -2  -1  -4  -2  -4  -5  -1   4   1  -5  -4  -4    2   1  10  17   1   0   2   8   0   4   1   1   0   0   3  42   9   0   0   0  0.62 0.37
   40 E     1   0  -1   3  -5   2   4  -2  -1  -3  -4   0  -3  -5  -1  -1  -2  -5  -4  -3   14   4   2  14   0   9  36   2   1   1   1   5   1   0   3   3   2   0   0   1  0.56 0.32
   41 E     0   0  -2   4  -3   1   5  -1  -1  -5  -5  -1  -3  -5  -1   0  -1  -5  -4  -4    8   4   1  21   1   5  41   5   1   0   0   3   1   0   2   5   2   0   0   1  0.72 0.38
   42 M    -1  -3  -3  -3  -3  -2  -4  -4  -4   2   2  -1   6  -1  -4  -1   2  -4  -3   3    4   1   1   1   0   1   0   0   0  10  17   3  24   2   0   4  13   0   0  19  0.55 0.33
   43 A     6  -5  -4  -5  -1  -4  -4   1  -5   0  -2  -4  -1  -5  -4  -2  -2  -5  -5  -1   74   0   0   0   1   0   0   9   0   5   3   0   1   0   0   1   1   0   0   3  1.24 0.57
   44 T     0  -1   0   6  -3   0   2   0  -2  -4  -4  -2  -3  -5  -4  -1   0  -6  -5  -3    7   4   4  48   1   3  13   6   1   1   1   1   1   0   0   4   5   0   0   1  0.83 0.40
   45 T     2  -1  -2  -4  -3  -3  -2  -4  -4   2   3  -2   2  -2  -4  -1   1   0  -2   1   18   4   2   0   0   0   1   0   0  14  30   2   5   1   0   2   8   2   1  10  0.31 0.22
   46 L    -4  -6  -6  -7  -5  -5  -6  -2  -6   4   5  -6   1  -3  -6  -6  -4  -5  -4   0    0   0   0   0   0   0   0   4   0  23  65   0   3   0   0   0   0   0   0   5  1.30 0.50
   47 A     3   0  -2  -1  -2  -1   1   1  -1  -1   0  -1   0  -4  -3   1  -1  -4  -3   1   32   4   1   2   1   2  12   9   1   2   8   3   2   0   0   9   2   0   0  10  0.23 0.20
   48 A     2   0   1   0  -3   0   0   2  -1  -4  -3   1  -1  -4  -3   2   1   1  -3  -2   16   5   7   5   0   4   5  13   1   0   1   8   1   0   0  20  10   2   0   1  0.27 0.19
   49 L    -3  -6  -6  -7  -5  -5  -6  -2  -2   0   6  -6   4  -1  -6  -5  -4  -5  -4  -1    2   0   0   0   0   0   0   4   1   3  77   0   8   1   0   0   0   0   0   3  1.39 0.54
   50 T    -2  -3   0  -1  -4  -4  -4  -3  -4  -5  -2  -2  -4  -5   1   5   5  -6  -5  -4    1   1   4   3   0   0   0   2   0   0   4   1   0   0   6  41  37   0   0   0  1.00 0.50
   51 L     1  -3   0  -3  -4  -2   0  -3  -4   0   2  -3   1  -2   4   0  -1  -5  -4   0   13   1   5   1   0   1   6   1   0   4  25   0   3   1  24   7   3   0   0   6  0.42 0.25
   52 P     3   1  -2  -1  -2   0   0  -1  -2  -3  -3   1  -2  -4   3   1  -1  -1  -4  -2   32   7   1   4   1   3   7   3   1   1   1   8   1   1  17   8   3   1   0   1  0.43 0.26
   53 Q    -2  -1  -2  -2  -7   8   1  -2   0  -7  -6   0  -5  -7  -5  -3  -5  -6  -5  -6    3   2   1   1   0  75   7   3   2   0   0   5   0   0   0   1   0   0   0   0  1.94 0.74
   54 M    -1  -5  -5  -6   1  -4  -5  -6  -5   3   4  -3   6  -3  -5  -4   0   0  -4   1    5   0   0   0   4   0   0   0   0  15  40   1  19   0   0   0   6   1   0  10  0.84 0.37
   55 V     0  -1  -1  -1   0  -2  -1  -3  -1   2   2  -2   3  -2  -4  -1   1  -4  -3   3    6   3   3   4   2   2   3   1   1   9  16   1   7   1   0   3   8   0   0  30  0.27 0.20
   56 K    -1   3  -2  -1  -6   2   0  -4  -2  -4  -4   6  -2  -6  -4  -1  -2  -2  -4  -3    4  15   1   3   0   8   4   0   1   1   1  56   1   0   0   2   1   1   0   1  1.01 0.43
   57 L    -4  -3  -6  -6  -4  -1  -5  -6  -2   2   6  -5   4  -1  -6  -5  -4  -5  -4   0    0   1   0   0   0   3   0   0   1   8  71   0  12   1   0   0   0   0   0   3  1.24 0.46
   58 A     2  -2  -1  -2   5  -1  -2   2  -2  -2  -2  -1  -2  -3  -2   2   2  -3  -2  -1   20   0   0   0  20   0   0  20   0   0   0   0   0   0   0  20  20   0   0   0  0.35 0.05
   59 E     1   2   2   0  -3   0   1   1   0  -3  -2  -1   0  -4  -3   2   0  -4  -3  -2   13  11  10   4   0   3   8  11   3   0   3   0   3   0   0  24   5   0   0   3  0.23 0.16
   60 T     0  -1   0  -2   1  -1  -2   0   2   1  -2  -2   0  -1  -3   3   3  -4  -2  -1    5   4   3   0   3   3   0   8   6   9   3   0   2   2   0  30  20   0   0   3  0.27 0.20
   61 N    -2  -1   6   1  -5   1  -1   1   0  -5  -5  -1  -4  -5   1   1  -1  -5  -4  -3    1   3  45   8   0   6   2  11   1   0   0   1   0   0   7  10   3   0   0   1  0.76 0.35
   62 Q    -2  -1  -1  -1  -1   5   1  -4   3  -1  -1  -1   5  -1  -4  -2  -1   0  -3  -1    2   2   2   2   1  33  10   0   7   3   4   2  22   2   0   2   3   1   0   3  0.60 0.36
   63 L    -2  -4  -5  -5  -1  -4  -4  -3  -4   0   5  -4   4   1  -1  -2  -3  -4  -3   0    2   0   0   0   1   0   0   2   0   3  65   0  10   4   3   3   0   0   0   5  0.83 0.36
   64 V    -3  -2  -5  -5   0  -4  -4  -5  -4   3   4  -4   2   1  -4  -4  -1  -4  -2   2    0   2   0   0   2   0   0   0   0  19  48   0   4   5   0   0   3   0   0  16  0.69 0.30
   65 C    -1  -6  -5  -6  10  -5  -6  -3  -5  -2  -2  -5  -1   2   0  -2  -1  -4   0  -2    4   0   0   0  64   0   0   2   0   2   3   0   1   8   6   2   4   0   3   1  1.84 0.58
   66 H    -1   5  -1  -1  -1   2   1  -1   1  -3  -1   1  -2  -2  -3   0  -1  -4  -3  -2    4  40   1   2   2  11   7   5   3   1   5   6   0   2   0   6   4   0   0   4  0.45 0.26
   67 F    -3  -5  -6  -6  -1  -5  -5  -6  -4   1   2  -5   0   7   1  -5  -4  -2   0  -1    1   0   0   0   1   0   0   0   0   6  19   0   2  58   8   0   0   0   0   4  1.24 0.47
   68 R    -3   7  -1  -4   0  -1  -3  -2  -1  -4  -5   1  -4  -5  -5  -1  -3  -5  -4  -3    1  76   2   0   2   1   0   3   1   1   0   6   0   0   0   4   1   0   0   2  1.47 0.55
   69 F    -1  -4  -5  -4  -2  -3  -3  -4  -1   1   2  -4   1   6  -2  -3  -3   0   0   1    6   1   0   1   1   1   1   1   1   7  18   0   3  46   2   2   0   1   1   8  0.76 0.34
   70 D    -3  -2   2   6  -5   1   2  -1   1  -4  -4  -2  -3  -5  -3  -1  -2  -6  -5  -3    1   2   9  53   0   6  13   3   3   1   1   1   1   0   1   4   2   0   0   1  0.96 0.41
   71 S    -1  -2   2   6  -5  -2   1  -1  -3  -5  -5  -2  -2  -5  -2   1  -2  -6  -5  -4    6   2   9  53   0   1   9   3   0   0   0   1   1   0   1  11   2   0   0   1  0.97 0.42
   72 H     1   0   0   1  -1   0   1   0   5  -2  -3  -1  -2  -3   1   1   0  -3   0  -1   17   4   4   8   2   4   7   5  16   2   1   2   0   0   6   9   4   0   3   4  0.22 0.16
   73 Q     2  -1  -1   1  -3   1   2  -1  -1  -1   0  -1   1  -2   0   1   0  -1  -3  -1   20   2   2   7   0   9  14   5   1   2  12   2   5   0   3   8   4   1   0   3  0.12 0.14
   74 T    -1   0  -3  -4  -1   2  -2  -4  -3   2   2  -2   3  -1  -3  -1   1   0  -3   3    4   5   0   0   1  11   1   0   0  12  19   2   9   1   1   3   8   1   0  22  0.30 0.22
   75 I    -1  -2  -5  -5  -3  -4  -5  -4  -5   3   4  -4   1   1  -4  -3  -3   5  -2   1    4   2   0   0   0   0   0   1   0  16  51   0   3   4   1   2   1   9   0   6  0.77 0.37
   76 T     1   1   2   0  -3   0   1   1   0  -4  -3   0  -1  -3  -3   2   1  -4  -3  -3   12   9  10   4   0   3   8  11   2   0   1   6   2   1   0  21  10   0   0   1  0.28 0.21
   77 Q     2   0  -1  -2   2   2  -1  -1  -1  -1   1   0   3  -2  -3   0  -1  -4  -3  -1   21   5   2   1   4  10   2   4   1   2  18   7  11   0   0   8   3   0   0   2  0.18 0.19
   78 L    -3  -5  -6  -6  -4  -3  -5  -6  -3   1   6  -3   1  -2  -6  -5  -4  -4  -2   2    2   0   0   0   0   1   0   0   1   5  73   2   2   1   0   0   0   0   1  12  1.17 0.51
   79 T     1  -4  -1  -4  -1  -3  -4  -2  -4  -1   0  -3   0  -3  -4   0   6  -5  -4   0   13   0   2   0   1   0   0   3   0   2  10   0   3   1   0   6  54   0   0   6  0.79 0.45
   80 Q    -1   1   2   2  -4   3   1   1   2  -4  -3   1  -2  -4  -3   0  -1  -4  -3  -3    3   9  12  12   0  16   9  11   7   0   2   9   1   0   0   7   2   0   0   1  0.35 0.22
   81 D     0  -1   3   3  -4   0   2  -1   3  -3  -3   0  -3  -3   0   0  -1  -4   2  -2    6   2  15  16   0   2  14   3   9   0   3   5   0   0   5   5   4   0   8   2  0.30 0.21
   82 S     0  -2   0  -2  -3   0   0   2  -2  -4  -3   0  -3  -4   2   3   1  -4  -4  -1    8   1   4   1   0   3   6  15   1   0   2   6   0   0  11  29  10   0   0   4  0.37 0.26
   83 R    -2   6  -1  -1  -5  -1  -1  -2  -2  -5  -3   4  -1  -4   1  -2  -2  -5  -4  -4    2  47   2   3   0   1   3   2   0   0   2  23   1   0   7   2   2   0   0   1  0.93 0.45
   84 V    -1   0   0   3  -3  -1   2   0   1   0  -1  -1  -2  -3   1   0  -1  -4  -3   1    4   5   4  21   0   1  12   8   3   6   5   1   1   0   7   5   2   0   0  15  0.20 0.17
   85 D     0   1   0   3  -4   2   2  -1   2  -2  -2   0  -2  -3   0   0  -1  -4  -1  -1    8  10   2  21   0  10  11   5   6   2   4   3   0   0   3   4   4   0   2   4  0.24 0.18
   86 D     2  -2   1   4  -4  -2   0   2   1  -3  -3  -1   0  -4  -2   0   0  -5  -4  -2   22   1   6  24   0   1   5  17   3   1   2   2   3   0   1   4   5   0   0   3  0.38 0.26
   87 L     0  -4  -3  -2  -3  -1  -4  -5  -4   1   4  -3   4  -1  -2  -2   1  -4  -3   1    6   0   0   3   0   3   0   0   0   8  43   1  14   2   2   2   8   0   0   8  0.54 0.33
   88 Q     2   0  -1  -3  -2   5   0   0  -1  -3  -4  -1  -3  -5  -2   2   1  -5  -4  -1   22   5   3   0   1  27   3   5   2   0   0   3   0   0   1  17   7   0   0   4  0.48 0.35
   89 Q     0   3  -1  -3  -4   5   0   0   3  -4  -4   0  -2  -5   0   0  -1  -5  -4  -4    9  15   3   0   0  35   3   8   7   0   1   4   1   0   5   6   2   0   0   0  0.62 0.40
   90 I     1  -4  -4  -4  -3  -3  -2  -4  -4   2   2  -3   4   0  -3   0   2  -4  -3   1   12   0   0   0   0   1   1   0   0  15  22   0  12   3   0   8  15   0   0  10  0.39 0.28
   91 H    -4  -3  -1  -2  -7  -2  -3  -6  11  -8  -7  -5  -6  -6  -4  -5  -6  -7  -3  -8    1   1   2   2   0   1   1   0  91   0   0   0   0   0   1   0   0   0   0   0  3.37 1.08
   92 T     5  -4  -2  -4  -3  -2  -4  -3  -4  -3  -1  -3   1  -4  -4   1   3  -5  -4  -1   55   0   1   0   0   1   0   1   0   1   6   0   4   0   0   8  21   0   0   4  0.85 0.48
   93 G     5  -4   0  -2  -1  -3  -2   2  -3  -4  -3  -3  -4  -5  -4   2   0  -5  -4  -3   51   0   5   1   1   0   1  15   0   0   3   0   0   0   0  18   4   0   0   1  0.78 0.44
   94 I    -2  -6  -6  -6  -4  -5  -6  -6  -6   7   1  -5   4  -3  -6  -3  -2  -5  -4   0    2   0   0   0   0   0   0   0   0  67  13   0  11   0   0   2   2   0   0   3  1.42 0.57
   95 M    -2  -5  -6  -6  -4  -5  -5  -6  -2   1   5  -5   3  -2  -5  -4  -2  -5  -4   1    3   0   0   0   0   0   0   0   1   7  70   0   6   0   0   1   2   0   0  10  1.13 0.48
   96 L    -1  -5  -6  -6  -2  -4  -5  -6  -5  -2   4  -5   8  -2  -6  -4  -3  -5  -4  -2    6   0   0   0   1   0   0   0   0   0  46   0  44   1   0   1   1   0   0   1  1.53 0.62
   97 S     6  -3  -1  -4  -2  -2  -3  -2  -4  -4  -4  -3  -4  -5  -4   4  -1  -5  -5  -2   61   1   3   0   0   1   0   1   0   0   1   0   0   0   0  28   2   0   0   1  1.10 0.53
   98 T     2  -2   0  -2   0  -1  -2   3  -3  -3  -4  -2  -3  -4  -1   3   2  -4  -3  -3   15   2   4   0   2   2   1  23   0   0   1   1   0   0   2  32  15   0   0   1  0.50 0.27
   99 R    -2   5   0   0  -4   4   0  -2   1  -3  -2   1  -1  -4  -1  -1  -2  -3  -3  -3    1  36   4   4   0  23   4   2   3   1   5   7   1   1   3   2   2   0   0   1  0.61 0.27
  100 L     0  -1  -2  -2  -2  -1  -2   0  -2   1   2  -1   0   0   2  -1  -1  -2  -1   1   10   2   1   1   0   2   1   7   1   9  31   2   2   4  10   3   1   0   1   9  0.14 0.08
  101 L     1  -2  -2  -2   1  -2  -1  -2  -1   0   3  -2   0   0  -1  -1  -1  -2  -1   2   14   1   2   1   3   1   3   2   2   2  36   2   1   4   3   5   2   0   1  16  0.17 0.10
  102 N    -1   0   3   2  -2   2   2  -1   0  -2  -2   1  -2  -1   0   0  -1  -2  -2  -2    3   4  19  11   1   9  17   5   2   1   2   8   1   4   3   6   2   0   1   2  0.25 0.10
  103 D     0  -1   1   3  -2   1   2   0  -1  -2  -2   0  -1  -2   1   2   0  -2  -2  -2    7   2   8  19   1   7  13   5   1   2   2   2   1   1   5  17   5   0   1   2  0.23 0.09
  104 V     0  -1  -1  -2  -1   0  -2  -2  -2   3   2  -1   0  -1  -2  -1  -1  -2  -1   2   10   3   3   2   1   6   2   2   1  20  20   2   1   1   1   2   2   0   1  21  0.15 0.08
  105 N     0  -1   3   0  -3   0   1   3  -2  -2  -3  -1  -2  -3  -1   2   0  -3  -3  -3    4   3  15   5   0   2   9  26   0   2   2   2   0   0   2  22   3   0   0   1  0.33 0.14
  106 Q    -1   0  -1  -1  -4   6   2  -1  -1  -3  -3   2  -1  -4  -2  -1  -2  -4  -3  -3    5   3   1   1   0  48  12   5   1   1   1  15   2   0   1   4   1   0   0   0  0.73 0.30
  107 P    -1  -1   0  -2  -4  -1   0   0  -3  -2  -4   0  -3  -5   7   0  -1  -5  -3  -3    2   2   4   1   0   3   5   7   0   4   0   7   0   0  52   8   4   0   1   0  1.03 0.29
  108 E     1   0  -1   2  -3   0   3  -1  -2  -1  -2   0  -2  -2  -1  -1  -1  -4  -3   1   17   4   2  14   0   1  27   4   0   1   1   4   1   1   2   2   1   0   0  18  0.24 0.16
  109 E    -1  -1  -1   2  -5   1   6  -2  -2  -5  -5   0  -4  -5  -2   0  -1  -5  -4  -3    5   2   1   8   0   2  68   2   0   0   0   4   0   0   1   4   3   0   0   1  0.99 0.34
  110 A     3  -1   0  -1  -1   1   0   0  -2  -2  -3  -1  -2  -3  -1   2   1  -4  -3  -1   38   3   3   2   1   6   6   5   0   1   0   0   0   1   1  20  10   0   0   4  0.32 0.17
  111 L     1  -3  -3  -3  -1  -1  -2  -2   0   2   2  -2   1   1   1  -1  -1  -3  -2   1   12   0   0   0   1   3   1   1   3  17  30   0   3   5   8   3   3   0   0  10  0.20 0.10
  112 R     0   4  -1  -1  -3   1   0  -1  -1  -2  -2   2  -1  -3   1   0   0  -4  -3  -1   10  37   2   1   0   6   5   5   1   1   3   9   1   0   7   6   4   0   0   3  0.32 0.12
  113 K    -1   2  -1  -1  -4   2   1  -3  -1  -4  -4   6  -3  -4  -2  -1  -2  -4  -3  -3    4   6   0   2   0   8   7   0   1   0   0  72   0   0   0   0   0   0   0   0  0.84 0.20
  114 K    -2   4  -1  -2  -4   1   1   1  -2  -4  -4   5  -2  -4  -2  -1  -2  -4  -3  -3    0  23   0   0   0   3   5  11   0   0   0  58   0   0   0   0   0   0   0   0  0.71 0.15
  115 R    -2   7  -2  -3  -5   0  -1  -2  -1  -4  -3   1  -3  -4  -3  -2  -2  -4  -3  -4    3  94   0   0   0   0   0   3   0   0   0   0   0   0   0   0   0   0   0   0  1.27 0.19
  116 A     4  -2  -2  -2  -1  -1  -1   1  -2  -2  -2  -1  -2  -3  -2   2   0  -3  -3   0   68   0   0   0   0   0   0  10   0   0   0   0   0   0   0  17   0   0   0   5  0.48 0.09

                      K         Lambda
Standard Ungapped    0.1321     0.3219
Standard Gapped      0.0410     0.2670
PSI Ungapped         0.1321     0.3219
PSI Gapped           0.0410     0.2670
