
Last position-specific scoring matrix computed, weighted observed percentages rounded down, information per position, and relative weight of gapless real matches to pseudocounts
            A   R   N   D   C   Q   E   G   H   I   L   K   M   F   P   S   T   W   Y   V   A   R   N   D   C   Q   E   G   H   I   L   K   M   F   P   S   T   W   Y   V
    1 M    -4  -5  -6  -7  -5  -5  -6  -7  -6  -2   5  -5   8  -3  -6  -5  -4  -5  -4  -2    0   0   0   0   0   0   0   0   0   0  64   0  36   0   0   0   0   0   0   0  1.78 0.58
    2 Y     0   0   5  -2  -5   2  -2  -2   1  -5  -5   3  -3  -5  -3   2   0  -5  -1  -5    6   4  31   0   0  10   1   2   3   0   0  22   0   0   0  13   5   0   2   0  0.71 0.37
    3 G    -4   0  -3  -5  -7  -2  -4   2  -5  -7  -7   7  -6  -7  -5  -4  -5  -7  -6  -7    0   4   1   0   0   1   0  17   0   0   0  77   0   0   0   0   0   0   0   0  1.95 0.77
    4 K    -5   5   2  -5  -3  -2  -3  -6   4  -7  -6   5  -5  -7  -5  -3  -1  -7  -5  -6    0  33   9   0   1   1   0   0  10   0   0  40   0   0   0   2   4   0   0   0  1.41 0.60
    5 L    -5  -7  -8  -8  -4  -7  -8  -8  -6   8  -1  -7  -3  -4  -7  -7  -5  -5  -6   4    0   0   0   0   0   0   0   0   0  72   5   0   0   0   0   0   0   0   0  22  2.06 0.73
    6 L    -2  -6  -7  -7  -4  -6  -7  -6  -6   2   5  -6  -2  -3  -7  -6  -2  -6  -5   4    2   0   0   0   0   0   0   1   0  10  58   0   0   0   0   0   2   0   0  26  1.30 0.54
    7 I    -5  -7  -8  -8  -4  -7  -7  -8  -7   1   6  -7  -1  -2  -7  -7  -5  -6  -5   1    0   0   0   0   0   0   0   0   0   8  82   0   1   1   0   0   0   0   0   8  1.80 0.68
    8 C    -1  -7  -5  -6   3  -6  -7   6  -7   3  -6  -6  -4  -5  -7  -5  -5  -7  -3  -1    5   0   0   0   6   0   0  67   0  16   0   0   0   0   0   0   0   0   1   4  1.63 0.65
    9 A    -3  -7  -7  -8  -5  -7  -7  -8  -8   6  -1  -7  -2  -5  -7  -6  -5  -7  -6   6    2   0   0   0   0   0   0   0   0  36   4   0   1   0   0   0   0   0   0  57  1.82 0.69
   10 T    -3  -6  -4  -5   4  -5  -5   2  -6  -6  -6  -5  -5  -7  -4   3   6  -7  -6  -5    2   0   0   0   8   0   0  14   0   0   0   0   0   0   1  23  53   0   0   0  1.51 0.69
   11 A    -1  -7  -6  -5  -8  -7  -7   8  -7  -9  -9  -7  -8  -8  -7  -4  -7  -8  -8  -8    6   0   0   0   0   0   0  93   0   0   0   0   0   0   0   1   0   0   0   0  2.62 0.91
   12 S    -4  -7  -5  -6  -2  -6  -6   7  -7  -8  -8  -6  -7  -8  -7   3  -5  -8  -8  -8    0   0   0   0   1   0   0  76   0   0   0   0   0   0   0  23   0   0   0   0  2.16 0.82
   13 I    -5  -8  -9  -9  -7  -8  -9  -9  -9   9  -4  -8  -4  -5  -8  -8  -6  -8  -7   0    1   0   0   0   0   0   0   0   0  95   0   0   0   0   0   0   0   0   0   5  2.92 1.00
   14 N     7  -7  -2  -7  -6  -6  -6  -4  -7  -7  -7  -6  -6  -8  -6  -2  -5  -8  -7  -5   95   0   2   0   0   0   0   1   0   0   0   0   0   0   0   2   0   0   0   0  2.43 0.97
   15 V     7  -7  -7  -7   2  -6  -6  -5  -7  -5  -6  -6  -6  -7  -6  -3  -4  -8  -7   0   87   0   0   0   3   0   0   0   0   0   0   0   0   0   0   1   0   0   0   7  2.13 0.88
   16 I    -7  -8  -8  -9  -4  -7  -8  -9  -3  -3  -7  -8  -5   2  -9  -8  -7  -1  10  -5    0   0   0   0   0   0   0   0   0   2   0   0   0   7   0   0   0   1  89   1  3.44 1.20
   17 N    -6  -2  -2  -6  -9  -3  -5  -7  -6  -8  -8   8  -7  -9  -7  -6  -6  -9  -8  -8    0   1   2   0   0   1   0   0   0   0   0  96   0   0   0   0   0   0   0   0  2.92 1.11
   18 I     5  -5  -4  -5   1  -5  -5  -4  -6   1  -5  -5  -1  -6  -5   4   2  -4  -6  -1   43   0   0   0   3   0   0   1   0   7   0   0   2   0   0  30  11   0   0   3  1.07 0.58
   19 N     5  -6  -2  -6   5  -5  -5  -4  -5  -1   2  -5  -3  -5   2  -3  -3  -7  -6   1   47   0   2   0  10   0   0   0   0   3  17   0   0   0  12   0   1   0   0   8  0.99 0.53
   20 H    -1  -4  -1   4  -6  -1   5  -4   1  -3  -3  -4  -3  -1  -5  -1  -2  -5   0  -3    5   0   3  25   0   2  40   1   3   2   3   0   1   3   0   4   3   0   3   1  0.87 0.48
   21 Y    -5  -7  -8  -8  -4  -7  -8  -8  -7   2   6  -7  -2  -2  -8  -7  -5  -3  -1   0    0   0   0   0   0   0   0   0   0  11  78   0   0   1   0   0   0   0   2   6  1.74 0.71
   22 I     2  -6  -6  -7   2  -6  -6  -6  -7   5  -1  -6  -2  -5  -6  -4   2  -7  -5   5   15   0   0   0   4   0   0   0   0  26   6   0   0   0   0   0  11   0   0  37  1.07 0.52
   23 V    -6   8  -3  -7  -8  -4  -5  -5  -3  -8  -8  -3  -7  -8  -7   3  -6  -8  -7  -4    0  73   1   0   0   0   0   1   1   0   0   0   0   0   0  23   0   0   0   1  2.30 0.96
   24 E    -1   4  -3  -3  -4   0   0  -2  -3  -3   4   1   1  -4  -5  -2  -3  -4  -4  -4    5  26   1   1   0   5   7   3   0   1  35  10   3   0   0   3   1   0   0   0  0.64 0.40
   25 L    -6  -7  -9  -9  -4  -7  -8  -7  -8  -1   7  -8  -1   2  -8  -7  -6  -3  -4  -4    0   0   0   0   0   0   0   0   0   2  87   0   1   7   0   0   0   0   0   0  2.07 0.84
   26 K    -3   4  -4  -5  -2   1  -4  -4  -3   2  -3   3  -1  -5  -5  -2   1  -6  -4   3    2  23   0   0   1   7   0   1   0  12   1  17   2   0   0   2  10   0   0  21  0.65 0.41
   27 Q    -2   1  -3   1  -6   3   2  -3  -3  -7  -6   6  -5  -7  -6  -3  -3  -7  -5  -6    3   7   1   7   0  12  14   2   0   0   0  52   0   0   0   1   1   0   0   0  1.28 0.63
   28 H     4   3  -1  -2  -4   3   1  -3   1  -4  -1   1  -3  -5  -4   0  -3  -4  -4  -4   31  16   3   2   0  12   9   1   3   0   7   7   1   0   0   5   1   0   0   0  0.51 0.37
   29 F    -4  -6   0  -1  -6  -3  -3   7   0  -9  -8  -4  -5  -3  -7  -4  -6  -8  -7  -8    0   0   4   4   0   1   2  82   3   0   0   1   0   2   0   1   0   0   0   0  2.09 0.84
   30 D     6  -6  -5  -3   2  -5  -6  -3   2   0  -4  -6  -1   0  -5  -3  -4  -3   1  -1   66   0   0   2   5   0   0   1   5   5   1   0   1   4   0   1   0   0   4   4  1.27 0.65
   31 E    -1   0   2   3  -3   2   4  -3   0  -4  -5  -1  -4  -4  -4   1  -1  -4  -5  -4    5   5  10  17   1   7  32   2   2   1   1   2   0   1   0   9   4   0   0   1  0.64 0.40
   32 V    -5  -8  -8  -9  -4  -8  -8  -9  -9   0  -4  -8  -4  -5  -8  -6  -4  -8  -7   8    0   0   0   0   0   0   0   0   0   4   1   0   0   0   0   0   1   0   0  93  2.60 1.00
   33 N    -4   5   0  -1  -5   4  -2  -6   4  -5  -6   3  -4  -3  -5  -2   1  -4  -3  -4    0  30   3   4   0  18   2   0  11   1   0  15   0   1   0   2   9   0   1   1  0.94 0.51
   34 I    -2  -7  -8  -8   4  -7  -7  -6  -8   1  -4  -7  -4  -6   2  -5  -2  -8  -6   7    3   0   0   0   8   0   0   0   0   5   0   0   0   0   9   0   2   0   0  72  1.85 0.79
   35 L    -1  -7  -8  -8  -3  -6  -7  -8  -8   5   0  -7   0  -5  -7  -5  -4  -7  -6   6    5   0   0   0   1   0   0   0   0  31   6   0   2   0   0   0   0   0   0  53  1.60 0.68
   36 F    -6  -7  -8  -9  -5  -5  -7  -9  -6  -2   3  -7  10  -2  -6  -7  -5  -7  -7  -3    0   0   0   0   0   0   0   0   0   2  21   0  72   2   0   0   1   0   0   1  2.87 1.09
   37 S    -5  -7  -5  -7  -7  -6  -7  -7  -8  -7  -7  -6  -5  -8  -7   0   8  -8  -8  -6    0   0   0   0   0   0   0   0   0   0   0   0   0   0   0   6  93   0   0   0  2.82 1.15
   38 P     1   3  -2   0  -5   1   4  -4  -1  -6  -6   3  -5  -6   3  -2  -3  -6  -5  -5   10  14   1   5   0   7  23   1   1   0   0  17   0   0  15   3   1   0   0   0  0.69 0.42
   39 S     4  -5   3  -1  -4  -4  -2   2   2  -6  -5  -4  -4  -6  -5   3  -3  -7  -4  -5   35   0  14   3   0   0   2  14   4   0   1   0   0   0   0  25   0   0   0   0  0.91 0.53
   40 S     7  -7  -6  -7  -6  -6  -6   2  -7  -7  -7  -6  -6  -8  -6   0  -4  -8  -7  -5   80   0   0   0   0   0   0  14   0   0   0   0   0   0   0   5   0   0   0   0  1.99 0.88
   41 K     1   0  -4  -4   3   4   1  -3   0  -4  -3   3  -1  -5  -5  -1   4  -6  -5  -3   13   5   0   0   6  17   7   1   2   0   3  15   2   0   0   3  23   0   0   1  0.58 0.41
   42 N     0   2   2   0  -6   4   5  -4   3  -7  -6   1  -5  -6  -5  -3  -4  -5  -3  -6    6   9   8   5   0  18  34   1   6   0   0   9   0   0   0   1   1   0   1   0  0.90 0.50
   43 F    -8  -9  -9 -10  -8  -9  -9  -9  -7  -4  -3  -9  -3  10 -10  -8  -8  -5  -3  -7    0   0   0   0   0   0   0   0   0   1   2   0   1  96   0   0   0   0   0   0  3.57 1.21
   44 I    -5  -8  -8  -8  -6  -8  -8  -7  -8   6  -3  -8  -2  -6  -8  -7  -5  -8  -6   6    0   0   0   0   0   0   0   0   0  43   1   0   1   0   0   0   0   0   0  54  2.09 0.83
   45 N    -1  -3   0  -5  -5  -1  -5   0  -2  -6  -6  -4  -5  -7  -5   1   7  -7  -7  -5    5   1   4   0   0   3   0   7   1   0   0   1   0   0   0  10  66   0   0   0  1.58 0.78
   46 T    -2  -6  -7  -7  -8  -5  -2  -7  -6  -7  -6  -4  -5  -9   9  -4  -2  -9  -9  -7    3   0   0   0   0   0   2   0   0   0   1   1   0   0  87   1   3   0   0   0  2.89 1.12
   47 D    -2  -5  -6  -3  -5  -5  -6  -8  -4   0   6  -4   3  -4  -5  -6  -1  -5  -5   0    3   0   0   2   0   0   0   0   0   4  73   1   6   0   1   0   3   0   0   6  1.42 0.64
   48 V    -1  -6  -5  -6  -4  -5  -6  -7  -7  -5  -6  -6  -5  -7  -5   2   8  -8  -7  -2    5   0   0   0   0   0   0   0   0   0   0   0   0   0   0  16  74   0   0   3  2.05 0.92
   49 L    -4  -7  -7  -8  -6  -7  -7  -8  -6  -2   4  -7   3   7  -7  -7  -5  -3  -3   1    2   0   0   0   0   0   0   0   0   1  40   0   7  39   0   0   0   0   0   9  1.56 0.66
   50 K     2   0  -4  -4  -6   7   2  -1  -3  -7  -6  -1  -5  -7  -5   2  -4  -5  -6  -6   14   4   0   0   0  41  14   4   0   0   0   2   0   0   0  17   1   0   0   0  1.16 0.64
   51 L     5  -5  -4  -6  -4  -4  -3  -4  -5  -4  -4  -5  -4  -6  -5   1   5  -7  -5  -1   49   0   0   0   0   0   1   1   0   1   2   0   0   0   0   9  31   0   0   5  1.25 0.65
   52 F    -5  -7  -8  -8  -6  -7  -8  -8  -8   1   6  -7  -1  -2  -8  -7  -5  -6  -6   1    1   0   0   0   0   0   0   0   0   7  82   0   1   2   0   0   0   0   0   8  1.87 0.76
   53 C     0  -6  -4  -5   1  -5  -5  -5  -6  -6  -6  -5  -6  -7  -5   7   4  -8  -7  -5    7   0   0   0   2   0   0   0   0   0   0   0   0   0   0  67  21   0   0   0  1.75 0.84
   54 D    -3   2   0  -1  -5   0  -1   6   1  -7  -6   2  -5  -7  -5  -2  -2  -6  -5  -6    1   9   4   3   0   5   4  50   3   0   0  14   0   0   0   2   2   0   0   0  1.04 0.51
   55 N    -5   0   7   5  -7  -2   0  -5   3  -8  -8  -3  -7  -6  -6  -1  -5  -8  -6  -7    0   5  43  31   0   1   6   0   6   0   0   1   0   0   0   4   0   0   0   0  1.56 0.70
   56 L    -4  -5  -6  -5  -5  -3  -5  -7  -5  -2   5  -5   5   2   2  -5   2  -4  -4  -1    1   0   0   0   0   1   0   0   0   1  49   0  13   7   9   0  13   0   0   3  1.05 0.54
   57 Y    -7  -7  -7  -9  -7  -7  -7  -7  -5  -4   1  -8  -3   8  -8  -7  -5   7   1   0    0   0   0   0   0   0   0   0   0   0  11   0   1  60   0   0   1  16   4   6  2.23 0.85
   58 D    -1  -4   1   7  -5  -1   1  -4  -3  -4  -6  -2  -5  -6  -3   1  -2  -6  -5  -5    5   0   5  55   0   2   9   1   1   1   1   2   0   0   1  12   3   0   0   1  1.25 0.60
   59 E     0   2  -2   0  -4  -1   3  -2  -2  -3   1  -1  -2  -4   3  -1   0  -4  -3  -2    8  10   1   5   0   2  21   2   1   1  18   3   0   0  14   4   5   0   1   2  0.32 0.26
   60 I     0   1   2   1  -4   1   2  -1  -1  -1  -3   1  -3  -3   2   0   2  -3  -3  -2    7   7   9   6   0   5  14   5   1   3   1   8   0   1   9   6  14   0   1   2  0.24 0.20
   61 K     2  -1   1   4  -4   0   1  -2   0  -2  -3   0  -2   0  -2   0   0  -4  -2  -2   18   2   7  23   0   3   8   2   3   2   2   6   1   5   1   6   6   0   1   3  0.31 0.24
   62 D    -1  -3  -1   1  -6   0   6   1   0  -6  -6  -2  -5  -5   2  -1  -3  -5  -3  -4    4   1   3   8   0   3  48  13   2   0   0   1   0   0   9   5   1   0   1   1  0.93 0.52
   63 P     3  -1   1  -1  -4   0  -1  -2   0  -4  -3  -2  -2   1  -1   2   0   6   0  -2   25   2   7   4   0   5   4   3   3   0   2   1   1   5   3  13   4  10   4   3  0.36 0.28
   64 L     1  -1   1   1  -5   0   4   1  -1  -5  -3  -1  -4  -4  -3   0  -3   7  -3  -2   12   3   6   9   0   3  24   9   2   0   2   3   0   0   1   6   1  14   0   3  0.56 0.36
   65 L    -4  -6   2  -6  -6  -5  -6  -5  -1   4  -2  -6   8  -4  -1  -4  -2  -7  -5   3    1   0   9   0   0   0   0   1   2  22   3   0  38   0   3   1   2   0   0  18  1.39 0.65
   66 N     1  -2   2  -1  -5   0   2   5  -2  -5  -5  -2  -4  -6  -1   0  -2  -4  -5  -5   12   2  11   3   0   4  14  36   1   0   1   2   0   0   3   8   1   0   0   0  0.68 0.39
   67 N    -8  -7  -2  -8 -10  -6  -7  -9  12 -10  -9  -7  -8  -8  -9  -7  -8  -9  -5 -10    0   0   1   0   0   0   0   0  99   0   0   0   0   0   0   0   0   0   0   0  4.50 1.47
   68 I    -6  -8  -9  -9  -6  -8  -8  -9  -9   8  -3  -8  -4  -6  -8  -7  -4  -8  -7   4    0   0   0   0   0   0   0   0   0  77   1   0   0   0   0   0   1   0   0  21  2.47 0.92
   69 N     1   1   0   3  -6   2   4  -3   0  -6  -6  -2  -2  -6  -5   2  -2  -5  -5  -5   12   7   5  14   0   8  31   2   2   0   0   2   1   0   0  15   2   0   0   0  0.70 0.44
   70 I    -5  -6  -7  -8  -6  -6  -7  -9  -8   0   7  -7  -1  -2  -8  -7  -5   1  -4  -2    1   0   0   0   0   0   0   0   0   4  87   0   1   1   0   0   0   2   0   2  2.00 0.81
   71 V     6  -5  -5  -6  -4  -5  -5   2  -6  -6  -6  -5  -6  -7  -5   3  -1  -7  -7  -3   58   0   0   0   0   0   0  15   0   0   0   0   0   0   0  21   3   0   0   2  1.39 0.70
   72 E    -4   6  -3   3  -5   1   0  -5  -2  -5   0   3  -2  -6  -6  -4  -3  -7  -5  -5    1  41   1  14   0   6   6   1   1   1  10  16   1   0   0   1   1   0   0   0  1.01 0.53
   73 N    -1   0  -1   0  -5   0   1  -3  -2  -6  -4   1  -3  -4  -7   0  -4  10  -3  -4    5   6   3   6   0   4  10   2   1   0   2   8   1   0   0   7   1  42   0   1  1.60 0.70
   74 H     7  -5  -5  -7   1  -6  -6  -2  -1  -3  -6  -5  -4  -7  -2  -2  -2  -7  -6  -3   82   0   0   0   2   0   0   2   2   1   0   0   0   0   2   2   3   0   0   2  1.84 0.82
   75 E    -6  -6  -2   8  -6  -3   0  -6  -3  -8  -9  -5  -8  -9  -7  -4  -6  -9  -8  -8    1   0   1  88   0   1   6   0   1   0   0   0   0   0   0   1   0   0   0   0  2.75 1.03
   76 Y     2  -3  -6  -6  -1  -3  -5  -6  -4   1   5  -5   0  -2  -6  -5  -3  -3   0   2   15   1   0   0   1   1   0   0   0   7  53   0   2   1   0   0   1   0   4  12  0.93 0.47
   77 I    -3  -6  -7  -7  -3  -6  -6  -6  -6   5   2  -6   4   3  -6  -5  -4  -5  -2   4    2   0   0   0   1   0   0   0   0  28  16   0  11  12   0   0   0   0   1  27  1.09 0.49
   78 L    -4  -6  -7  -7  -3  -6  -7  -7  -7   3   5  -6   0  -3  -7  -6  -5  -6  -5   5    1   0   0   0   1   0   0   0   0  13  44   0   2   0   0   0   0   0   0  37  1.36 0.59
   79 V    -5  -7  -7  -8  -4  -7  -7  -8  -8   6  -1  -7  -2  -4  -7  -6  -5  -7  -6   6    1   0   0   0   0   0   0   0   0  47   3   0   1   0   0   0   0   0   0  47  1.93 0.76
   80 L     7  -6  -7  -7   1  -6  -6  -5  -7  -4  -4  -6  -6  -7  -6  -3  -4  -7  -7   0   87   0   0   0   3   0   0   0   0   1   2   0   0   0   0   1   1   0   0   6  2.11 0.90
   81 P    -5  -8  -8  -7  -8  -7  -7  -8  -8  -8  -8  -7  -8  -9   9  -5  -7  -9  -8  -8    1   0   0   0   0   0   0   0   0   0   0   0   0   0  98   1   0   0   0   0  3.56 1.29
   82 A     7  -6  -6  -6   3  -5  -6  -4  -6  -4  -3  -5  -5  -7  -6  -3  -3  -7  -6  -4   87   0   0   0   5   0   0   1   0   1   2   0   0   0   0   0   1   0   0   1  2.09 0.87
   83 S    -4  -6  -5  -5  -4  -5  -5  -5  -6  -6  -6  -5  -6  -7  -6   4   7  -7  -6  -5    0   0   0   0   0   0   0   0   0   0   0   0   0   0   0  26  71   0   0   0  2.12 0.91
   84 A     7  -6  -6  -6  -1  -6  -5  -4  -6  -6  -6  -6  -5  -7  -6  -3  -4  -7  -5  -4   94   0   0   0   1   0   0   1   0   0   0   0   0   0   0   1   1   0   0   1  2.34 0.94
   85 N    -4  -5   8   5  -5  -3  -3  -4   1  -7  -7  -4  -7  -7  -6  -2  -4  -8  -6  -7    1   0  59  30   0   1   1   1   3   0   0   0   0   0   0   3   0   0   0   0  2.03 0.82
   86 T    -3  -4  -5  -5   1  -5  -5  -5  -5   3   2  -5   0   4  -5  -2   4  -5  -3   2    1   1   0   0   3   0   0   0   0  17  19   0   2  16   0   2  26   0   0  12  0.74 0.40
   87 I    -5  -6  -7  -7  -4  -6  -7  -7  -7   6   3  -6   6  -4  -7  -6  -5  -6  -5  -1    0   0   0   0   0   0   0   0   0  47  29   0  19   0   0   0   0   0   0   1  1.68 0.68
   88 N     6  -5  -3  -6  -5  -5  -5   3  -5  -6  -6  -5  -5  -5  -5   1  -4  -7  -5  -5   64   0   1   0   0   0   0  23   0   0   0   0   0   0   0   8   0   0   0   0  1.53 0.70
   89 K    -5   4  -3  -4  -7  -2  -3  -6  -3  -7  -7   8  -5  -7  -6  -4  -5  -7  -6  -7    1  18   1   0   0   1   1   0   0   0   0  75   0   0   0   1   0   0   0   0  2.13 0.86
   90 I    -1  -5  -6  -7  -2  -5  -6  -7  -5   3   4  -6   8   1  -6  -5  -4  -5  -2   0    5   0   0   0   1   0   0   0   0  13  33   0  34   6   0   0   1   0   1   5  1.30 0.58
   91 A     7  -3  -4  -6  -3  -5  -5  -4  -5  -5  -5  -5  -5  -7  -5  -1  -1  -7  -5  -1   83   1   1   0   0   0   0   0   0   0   1   0   0   0   0   4   4   0   0   4  1.83 0.80
   92 N     1  -3   5  -3   0   2  -3   0   7  -5  -4  -4  -3  -5  -5   0  -1  -4  -1  -4   11   1  28   0   2   9   0   6  25   1   2   0   1   0   0   6   4   0   2   1  0.95 0.50
   93 G    -4  -7  -5  -6  -7  -7  -7   8  -7  -8  -8  -6  -7  -8  -7  -5  -6  -7  -8  -8    1   0   0   0   0   0   0  98   0   0   0   0   0   0   0   0   0   0   0   0  2.85 1.01
   94 I    -3   0  -3  -5  -4  -1  -3  -5   2   5   3  -4   3   0  -5  -4  -2  -4  -3   0    2   6   2   0   0   3   1   0   5  36  25   1   8   3   0   1   2   0   0   4  0.74 0.39
   95 C     7  -6  -6  -6   6  -6  -6  -1  -6  -5  -6  -5  -6  -7  -6  -2  -4  -7  -6  -4   77   0   0   0  13   0   0   5   0   0   0   0   0   0   0   3   1   0   0   0  1.95 0.82
   96 D    -6  -6   3   8  -7  -5  -3  -4  -5  -8  -8  -5  -8  -8  -3  -3  -5  -9  -6  -7    0   0  11  81   0   0   1   2   0   0   0   0   0   0   1   2   0   0   0   0  2.41 0.92
   97 N    -6  -6   4   8  -6  -5  -2  -5  -3  -8  -8  -5  -8  -8  -6  -3  -4  -9  -7  -8    0   0  20  75   0   0   1   0   0   0   0   0   0   0   0   1   1   0   0   0  2.42 0.92
   98 L    -2  -6  -7  -7  -5  -6  -7  -7  -6  -2   6  -6   6   1  -4  -6  -5  -5  -4  -3    4   0   0   0   0   0   0   0   0   1  67   0  19   5   1   0   0   0   0   1  1.64 0.69
   99 L     2  -6  -7  -7  -5  -6  -6  -6  -7  -1   6  -6  -1  -4  -5  -5  -5  -6  -5   0   17   0   0   0   0   0   0   0   0   2  73   0   1   0   0   0   0   0   0   5  1.49 0.66
  100 T    -2  -5  -4  -4  -3  -4  -5  -2  -5  -2   0  -5  -1  -6  -5   5   6  -6  -5  -3    3   0   0   0   0   1   0   3   0   2   8   0   1   0   0  39  40   0   0   1  1.19 0.64
  101 T     2  -6  -3  -6   1  -5  -5  -5  -6  -5  -4  -5  -5  -7  -6   0   7  -7  -6  -4   18   0   1   0   2   0   0   0   0   0   1   0   0   0   0   5  71   0   0   0  1.86 0.84
  102 V    -2  -5  -5  -6  -1  -5  -5  -6  -6   2   3  -5   0  -2  -6  -3   5  -6  -4   3    3   0   0   0   1   0   0   0   0   9  29   0   2   1   0   1  33   0   0  20  0.93 0.50
  103 C     0  -6  -6  -7   7  -5  -6  -6  -2   1   3  -6   0  -1  -6  -5  -4  -2   5   1    7   0   0   0  20   0   0   0   1   9  27   0   2   2   0   0   0   0  20  11  1.05 0.49
  104 L    -4  -6  -8  -8  -1  -6  -7  -8  -7  -2   6  -7   5  -3  -7  -5  -5  -6  -6  -2    1   0   0   0   1   0   0   0   0   1  81   0  12   0   0   1   0   0   0   2  1.90 0.77
  105 T     7  -6  -6  -6  -4  -5  -5  -5  -6  -6  -6  -5  -5  -7  -5   2  -2  -7  -7  -3   79   0   0   0   0   0   0   0   0   0   0   0   0   0   0  16   2   0   0   2  1.92 0.85
  106 G     3   1  -3  -5   3  -4  -5  -3  -4  -4  -4  -4  -1  -1  -5   1   6  -5  -4  -1   22   7   1   0   5   0   0   1   0   0   1   0   2   2   0   9  45   0   0   3  0.97 0.55
  107 Y    -2   3   1   4  -5   0   1  -4  -2  -5  -5   3  -4  -6  -1  -1   3  -6  -2  -4    3  14   5  20   0   3   8   1   1   0   0  20   0   0   3   3  17   0   1   0  0.61 0.38
  108 Q     4  -2  -5  -6   8  -3  -5  -2  -5  -5  -5   2  -4  -6  -5   0   0  -7  -6  -2   39   2   0   0  28   1   0   3   0   0   1  13   0   0   0   5   5   0   0   3  1.25 0.60
  109 K    -5  -1  -6  -3  -7  -2  -4  -7  -4  -7  -6   1  -7  -9   8  -4  -4  -9  -8  -7    1   4   0   2   0   2   1   0   0   0   1   8   0   0  79   1   1   0   0   0  2.52 0.98
  110 L    -4  -4  -7  -7  -4  -6  -6  -7  -6   4   1   0  -1  -4  -7  -6  -3  -6  -5   6    0   1   0   0   0   0   0   0   0  18  14   6   1   0   0   0   1   0   0  57  1.37 0.61
  111 F     0  -5  -6  -6  -2  -5  -6  -6  -4   2   4  -5   3   3  -6  -4  -3   3   3   1   10   0   0   0   1   0   0   0   0   9  36   0   8  12   0   1   1   3   9  10  0.75 0.39
  112 I    -2  -6  -7  -7  -4  -6  -7  -7  -6   5   2  -6   1   3  -6  -6  -4  -4  -2   4    4   0   0   0   0   0   0   0   0  33  15   0   3  13   0   0   0   0   1  31  1.15 0.51
  113 F     7  -6  -7  -7   4  -6  -6  -5  -7  -5  -6  -6  -6  -3  -6  -2  -4  -7  -6   0   81   0   0   0   8   0   0   0   0   0   0   0   0   1   0   2   0   0   0   8  1.94 0.84
  114 P    -6  -8  -8  -7  -9  -7  -7  -8  -8  -9  -7  -7  -8 -10   9  -6  -7 -10  -9  -7    0   0   0   0   0   0   0   0   0   0   1   0   0   0  99   0   0   0   0   0  3.61 1.28
  115 N     7  -7  -4  -7  -6  -6  -6  -4  -7  -7  -7  -6  -6  -8  -6   0  -4  -8  -7  -5   93   0   1   0   0   0   0   0   0   0   0   0   0   0   0   5   1   0   0   0  2.34 0.97
  116 M    -6  -8  -8  -9  -8  -7  -8  -9  -8  -5  -4  -8  11  -6  -9  -8  -6  -8  -7  -5    0   0   0   0   0   0   0   0   0   0   0   0  99   0   0   0   0   0   0   0  4.27 1.44
  117 N    -7  -6   9   3  -8  -5  -5  -6  -2  -9  -9  -5  -8  -9  -7  -5  -6  -9  -8  -8    0   0  82  16   0   0   0   0   1   0   0   0   0   0   0   0   0   0   0   0  2.82 1.06
  118 I    -2   1  -3  -2  -2   3  -1  -2   1  -1   1  -2  -1  -4   0  -1   2  -3  -4   3    1   8   1   1   1  14   3   3   3   1  14   2   1   0   5   4  14   0   0  25  0.34 0.30
  119 R     0   3   3   3  -5   3   1  -2   3  -5  -4   1  -3  -4  -4  -2  -3  -5  -3  -2   10  15  14  16   0  13   6   3   8   0   1   7   0   0   0   2   0   0   0   3  0.53 0.34
  120 M    -7  -8  -8  -9  -8  -7  -8  -9  -8  -5  -4  -8  11  -6  -9  -8  -7  -8  -7  -5    0   0   0   0   0   0   0   0   0   0   0   0 100   0   0   0   0   0   0   0  4.33 1.45
  121 W    -8  -8  -9 -10  -6  -8  -8  -9  -5  -6  -2  -8  -4   2  -9  -8  -8  11   7  -8    0   0   0   0   0   0   0   0   0   0   3   0   0   6   0   0   0  55  35   0  3.45 1.17
  122 G     1   1   0   0  -4   2   3  -2   2  -4  -1   1  -2  -4  -4   0  -1  -4  -4  -3   14   7   5   5   0  11  24   3   4   0   7   9   1   0   0   5   4   0   0   1  0.36 0.28
  123 N    -1  -5   6  -1  -7  -3  -5  -6   9  -8  -8  -2  -7  -7  -7  -3  -6  -8  -4  -8    5   0  34   3   0   1   0   0  53   0   0   2   0   0   0   2   0   0   0   0  2.41 0.93
  124 P     1  -3  -5  -5  -6  -1  -2  -5  -4  -4  -5  -1  -6  -7   8  -2  -3  -7  -7  -4   12   1   0   1   0   3   3   1   0   1   1   4   0   0  67   3   1   0   0   1  1.89 0.80
  125 F     6  -2  -5  -6  -4  -4  -5  -4  -5   2  -4  -5  -3  -3  -3   1  -1  -7  -6   0   60   2   0   0   0   1   0   0   0  13   1   0   0   1   1  11   4   0   0   5  1.13 0.59
  126 L    -5  -6  -2  -6  -4  -6  -6  -7  -6  -3  -3  -6  -4  -4  -6  -3   7  -7  -3   3    0   0   2   0   0   0   0   0   0   1   3   0   0   1   0   1  69   0   1  22  1.87 0.84
  127 Q    -3   2  -4  -5  -5   8  -2  -6  -4  -3  -3   1  -2  -7  -6  -4  -3  -6  -6  -2    2  11   0   0   0  66   1   0   0   2   3   8   1   0   0   1   1   0   0   3  1.84 0.85
  128 K     2   5   0   2  -5   1   3  -3   1  -5  -5   1  -4  -6  -5  -1  -3  -5  -3  -5   15  32   3  10   0   5  16   1   3   0   0   7   0   0   0   3   1   0   1   0  0.73 0.42
  129 N    -6  -6   9  -4  -8  -5  -6  -6  -2  -9  -9  -5  -8  -9  -8  -1  -4  -5  -8  -8    0   0  94   0   0   0   0   0   1   0   0   0   0   0   0   3   1   0   0   0  3.16 1.16
  130 I    -2  -3  -6  -7   0  -4  -5  -7  -4   5   4  -5   3   0  -6  -5  -4  -5  -3   3    2   2   0   0   2   0   1   0   0  29  34   0   6   3   0   0   0   0   1  18  0.96 0.45
  131 D     3   1   0   1  -4   2   3  -2  -1  -4  -4   2  -3  -5  -4   0  -1  -6  -4  -3   25   7   4   8   0   9  19   2   1   1   1  11   0   0   0   7   3   0   0   1  0.46 0.33
  132 L    -2   2  -3  -4  -3   3  -3  -5  -3   1   0   3  -2  -3  -4  -2   4  -3  -2   0    3  11   1   0   0  12   1   0   1   7   9  17   1   1   0   2  27   0   1   5  0.50 0.37
  133 L    -6  -7  -8  -9  -3  -7  -8  -9  -8  -1   7  -8  -2  -4  -8  -7  -6  -5  -6  -3    0   0   0   0   1   0   0   0   0   2  95   0   0   0   0   0   0   0   0   1  2.28 0.89
  134 K     0   4  -2  -3  -4   2   1  -4  -1  -2  -2   4  -2  -5  -5  -1  -1  -5  -3  -1    7  24   1   1   0  11   9   1   1   3   5  25   1   0   0   3   4   0   1   4  0.58 0.36
  135 N     2   1   0   1  -4   2   2   0  -1  -4  -4   1  -4  -5  -4   3  -1  -5  -4  -4   17   7   5   6   0   9  13   8   1   0   1   9   0   0   0  20   2   0   0   0  0.41 0.30
  136 N    -4   5  -1   4  -5  -2  -4  -5   0  -3  -2  -2  -1   3  -5  -3  -4   0   4  -5    1  32   2  26   0   1   0   0   2   1   4   1   1  11   0   1   0   1  12   0  0.96 0.51
  137 D    -5  -6  -2  -2  -6  -3  -5   7  -5  -8  -8  -4  -7  -7  -7  -4  -6  -8  -8  -8    0   0   2   2   0   2   1  90   0   0   0   1   0   0   0   1   0   0   0   0  2.42 0.91
  138 V    -1  -5   2  -5   1  -5  -5  -6   0   3  -2  -5   1   1  -6  -4  -3   1   5   4    5   0  11   0   2   0   0   0   3  14   1   0   3   4   0   0   1   2  18  34  0.84 0.46
  139 K    -1   2  -1  -2  -3   1   0  -3   5   1   0   1  -1  -1  -4  -1   1  -4  -1  -1    4  12   2   1   0   7   7   2  16   8   9   7   2   2   0   3  11   0   2   3  0.28 0.23
  140 V    -5  -5  -6  -7  -3  -3  -5  -7  -6   5   1  -5   2   5  -6  -5  -3  -3  -3   4    0   1   0   0   1   1   1   0   0  28  11   1   4  27   0   0   1   0   0  23  1.12 0.51
  141 Y    -3  -6  -7  -7  -3  -6  -6  -7  -6   6   2  -6   2   1  -6  -5  -4   4  -2   3    2   0   0   0   0   0   0   0   0  44  15   0   5   5   0   0   1   5   1  22  1.22 0.54
  142 S    -2  -5  -3   1  -6  -1   4   5  -2  -7  -6  -4  -3  -7   2  -2  -3  -7  -6  -6    2   0   1   7   0   2  28  45   1   0   0   1   1   0  10   2   1   0   0   0  1.16 0.58
  143 P     0  -8  -8  -7  -6  -7  -7  -7  -8  -7  -8  -7  -8  -9   9  -3  -5  -9  -8  -3    8   0   0   0   0   0   0   0   0   0   0   0   0   0  87   2   1   0   0   3  2.95 1.12
  144 D     3  -3   1   4  -4  -2   3   2  -4  -4  -5  -2  -3  -6  -4  -1  -1  -6  -5  -2   24   1   7  20   0   1  17  16   0   1   0   1   0   0   0   3   4   0   0   3  0.62 0.39
  145 M     1  -2  -1   0  -2  -1   4  -4   1  -3  -4  -1  -2  -3  -4   4   1  -4  -1  -1   10   1   2   5   1   2  25   0   3   1   1   4   1   1   0  28   8   0   2   5  0.51 0.37
  146 N    -5  -8  -3  -6  -8  -7  -8   8  -7  -9  -9  -7  -8  -9  -8  -5  -7  -8  -9  -9    0   0   1   0   0   0   0  97   0   0   0   0   0   0   0   0   0   0   0   0  2.89 1.05
  147 K     0   1  -1   1  -3   0   3  -3   0  -2  -1  -1   1   1   0   0  -2   0   2  -2    7   8   2   9   0   2  26   2   2   2   5   3   4   6   4   7   1   1   7   3  0.24 0.19
  148 S    -4  -4  -4  -4  -3   5  -3  -5  -4  -3   5  -4   5  -3  -4  -3  -3  -4  -4  -3    1   1   1   1   0  28   1   1   0   1  47   1  11   1   1   2   1   0   0   1  1.16 0.53
  149 F     7  -4  -4  -5  -3  -4  -4  -3  -5  -4  -4  -4  -4  -2  -4  -2  -4  -5  -5  -3   85   1   1   1   0   1   1   2   0   1   1   1   0   2   1   2   1   0   0   1  1.85 0.72
  150 E    -5  -7  -4  -1  11  -6   3  -7  -7  -7  -7  -7  -7  -8  -8   1  -5  -8  -8  -7    0   0   1   4  68   0  17   0   0   0   0   0   0   0   0   9   0   0   0   0  2.90 1.04
  151 I    -3  -3  -3  -5  -6  -4  -6   7  -4  -3   0  -4   2  -6  -5  -3  -5  -6  -7  -6    1   2   1   0   0   1   0  76   0   1   9   1   5   0   0   2   0   0   0   0  1.79 0.73
  152 S     2  -3  -2   4  -4  -2   4  -1  -3  -3  -1  -3  -3  -4  -3  -2  -1   2  -1  -2   17   1   1  27   0   1  24   4   0   1   7   1   0   0   1   2   4   2   3   2  0.57 0.33
  153 S    -2  -3  -2  -2   3  -2   2  -3  -1   2  -2  -3  -2   1  -3   2   2  -2   0   3    1   1   1   1   6   1  13   1   1  10   2   1   1   5   1  17  13   0   3  19  0.32 0.24
  154 G    -3  -4  -4  -4  -5  -4  -4   7  -4  -5  -5  -4  -5  -5  -4  -3  -4  -4  -5  -5    2   1   1   1   0   1   1  85   0   1   1   1   0   1   1   1   1   0   1   1  2.07 0.69
  155 R    -1   1  -1   1  -1   0   2  -1   0  -1   1   2  -1  -1  -1  -1  -1  -1  -1  -1    4   8   3   6   1   3  18   4   2   3  14  13   1   2   3   4   3   1   2   4  0.11 0.05
  156 Y     0  -1  -1  -1  -1   0   0   0   0   0   1  -1   0   1   0   0   0   0   3   0    6   4   3   4   1   3   5   6   2   6  13   4   3   6   4   5   5   1  14   5  0.05 0.02
  157 K     0   0   0   0  -1   0   1   0   0   0   0   0   0  -1   0   0   0   0   0   0    8   4   4   5   1   4  10   8   2   5   7   6   2   3   4   6   6   1   3  12  0.02 0.01
  158 N     0  -1   0  -1  -1  -1   0   4  -1  -1  -1  -1  -1  -1  -1   0  -1  -1  -1  -1    7   3   4   4   1   3   7  32   1   4   6   4   2   3   3   5   4   1   2   4  0.22 0.06
  159 N     1  -2  -1  -2  -2   0  -1  -2  -2   0  -2   2   1  -1   5  -1  -1  -2  -1   0   10   2   3   2   1   4   3   2   1   5   3  13   4   3  26   5   4   1   2   6  0.35 0.17
  160 I    -5  -8  -6  -6  -8  -7  -7   8  -7  -4  -9  -7  -8  -7  -7  -5  -7  -8  -8  -8    0   0   0   0   0   0   0  98   0   1   0   0   0   0   0   0   0   0   0   0  2.86 1.03
  161 T    -4   8  -6  -7  -5  -4  -4  -7  -2  -8  -7   2  -7  -8  -7  -6  -3  -8  -7  -7    1  86   0   0   0   0   1   0   1   0   0   9   0   0   0   0   2   0   0   0  2.65 1.00
  162 M    -6  -7  -8  -8  -7  -6  -8  -8  -7  -3   4  -7  10  -2  -8  -7  -6  -7  -5  -4    0   0   0   0   0   0   0   0   0   1  36   0  61   1   0   0   0   0   0   0  2.63 0.99
  163 P     4  -4  -5  -5  -3  -2   1  -4  -5  -2   1  -4  -1  -5   4   1  -2  -1  -5  -2   38   1   0   0   0   1   8   0   0   1  15   0   2   0  18   9   2   1   0   3  0.69 0.44
  164 N    -2  -4  -2   2  -7  -2   7  -5  -5  -8  -7  -3  -7  -8  -2  -2  -4  -8  -7  -7    3   0   2  10   0   1  76   1   0   0   0   1   0   0   2   2   1   0   0   0  1.94 0.84
  165 I    -2  -7  -4  -6  -6  -6  -3  -7  -7   0  -4  -6  -6  -8   8  -5  -2  -4  -7   1    4   0   1   0   0   0   2   0   0   5   2   0   0   0  73   0   3   0   0   9  2.20 0.89
  166 E     0  -3  -1   2  -5   1   6  -3  -1  -3   0  -2  -1  -5  -1  -1  -2  -5  -4  -2    8   1   2  10   0   5  46   2   1   1   9   1   2   0   4   4   3   0   0   3  0.72 0.44
  167 N     1  -1   0   3  -4   1   4  -3   0  -2  -3   0  -3  -4  -4  -1   1  -4  -4   0   11   3   5  17   0   6  28   1   2   2   2   5   0   0   0   2   8   0   0   7  0.45 0.32
  168 V    -6  -8  -8  -8  -6  -8  -8  -9  -8   8   2  -8  -2  -5  -8  -7  -5  -7  -6  -1    0   0   0   0   0   0   0   0   0  79  17   0   1   0   0   0   0   0   0   3  2.31 0.86
  169 L     1  -3  -6  -6  -2  -4  -4  -6  -5   2   3  -5   1   1  -6  -4  -2  -2  -1   5   10   1   0   0   1   0   1   0   0  10  22   0   3   6   0   1   2   1   2  40  0.80 0.42
  170 N     3  -1   1   3  -5   1   4  -2  -1  -5  -4   0  -4  -5  -4   0  -1  -5  -4  -4   24   3   6  15   0   7  25   2   1   0   1   4   0   0   0   7   3   0   0   1  0.56 0.37
  171 F     3   1  -2  -2  -2   0   1  -3   2  -1  -1  -1  -1   3  -4  -1  -1   0   2  -1   29   6   1   1   1   4  11   1   4   3   5   3   1  11   0   3   3   1   7   4  0.28 0.25
  172 V     0  -6  -7  -7  -2  -6  -6  -7  -7   5   3  -6   0  -3  -6  -5  -3  -6  -5   4    7   0   0   0   1   0   0   0   0  36  25   0   2   0   0   0   1   0   0  28  1.19 0.53
  173 L     0   0  -1   0  -1   1   4  -3  -2   0   1   0   0  -3  -4  -1  -1  -4  -3   0    8   4   3   4   1   5  31   1   1   6  13   5   2   1   0   5   3   0   1   6  0.30 0.25
  174 N     2   2   2   2  -4   2   1  -1   0  -4  -4   1  -2  -4  -3   1  -1  -4  -3  -4   21  11   8  10   0   8  10   4   2   0   1  10   1   1   0   8   3   0   1   0  0.34 0.25
  175 N     1  -1  -1   0  -1   0   0  -4   3   0   1  -2   1   3  -3  -1  -1  -2   2  -1   11   3   2   5   1   4   6   0   9   5  12   2   4  16   1   4   3   0   7   4  0.20 0.18
  176 E    -3  -5  -6  -7  -4  -3  -3  -5  -5   2   4  -5  -1   6  -6  -5  -3  -3  -2  -2    3   0   0   0   0   2   2   1   0   9  40   0   1  37   0   1   1   0   0   2  1.25 0.56
  177 K     3   0   0  -1  -3   2   1  -1   0  -3  -2   1  -3  -3   0   2   0  -4  -2  -3   23   5   4   2   0  10   9   4   3   1   3  10   0   1   5  14   4   0   1   1  0.25 0.22
  178 R    -1   3  -1  -2  -1   3   0  -1  -1  -4  -3   4  -3  -2   1   0  -2  -4  -1  -4    4  17   2   1   2  13   4   4   2   1   2  28   0   2   7   5   2   0   2   1  0.51 0.31
  179 P    -3  -2  -1   1  -6   0   1  -2  -4  -6  -5   4  -5  -7   6  -1  -2  -7  -6  -6    1   2   3   9   0   4   8   4   0   0   1  23   0   0  40   3   2   0   0   0  1.10 0.51
  180 L    -4  -1  -3  -6  -4   1  -4  -4  -1  -3   5   4  -2  -4  -6  -4  -4  -6  -5  -4    1   2   1   0   0   7   0   1   2   0  55  27   0   0   0   1   1   0   0   0  1.07 0.52
  181 D    -5  -5  -3   8  -7   1   1  -5  -5  -7  -7  -4  -6  -7  -5   2  -4  -8  -7  -7    0   0   0  72   0   5   7   0   0   0   0   0   0   0   0  16   0   0   0   0  1.91 0.66

                      K         Lambda
Standard Ungapped    0.1389     0.3207
Standard Gapped      0.0751     0.2670
PSI Ungapped         0.2454     0.3175
PSI Gapped           0.0751     0.2670
