
Last position-specific scoring matrix computed, weighted observed percentages rounded down, information per position, and relative weight of gapless real matches to pseudocounts
           A  R  N  D  C  Q  E  G  H  I  L  K  M  F  P  S  T  W  Y  V   A   R   N   D   C   Q   E   G   H   I   L   K   M   F   P   S   T   W   Y   V
    1 M   -3 -5 -6 -6 -4 -5 -6 -6 -6  4  1 -5  1 -3 -5 -5 -3 -5 -4  6    0   0   0   0   0   0   0   0   0  27  10   0   3   0   0   0   0   0   0  60  1.32 0.54
    2 Q   -1 -1  2 -1 -4  4  0 -4  0 -2 -3  1 -2 -2  3  0 -1 -1 -3  0    3   2  12   2   0  25   3   0   2   2   1   9   1   2  17   7   3   1   0   7  0.45 0.32
    3 D   -2 -2  6  4 -6  0  0 -1 -1 -6 -6 -2 -5 -6 -2  1 -3 -6 -5 -6    3   1  43  25   0   4   6   4   1   0   0   1   0   0   2   9   0   0   0   0  1.06 0.54
    4 P    4 -3 -2 -4 -4 -3 -4 -1 -4 -5 -5 -3 -5 -6  3  5 -1 -6 -5 -3   30   1   2   0   0   0   0   3   0   0   0   1   0   0  13  46   3   0   0   1  1.02 0.61
    5 T    1 -3 -2 -1 -3 -1  0 -2 -3  0  0 -1 -1 -1 -3  2  4 -2 -3  0    9   0   1   4   0   2   6   2   0   6   7   3   1   3   0  19  29   1   0   7  0.33 0.30
    6 I   -2 -5 -6 -6 -4 -2 -6 -5 -6  6  3 -4 -2 -2 -6 -3 -2 -5 -3  2    4   0   0   0   0   2   0   0   0  53  22   1   0   1   0   1   2   0   1  12  1.12 0.55
    7 N   -1 -3  3  2 -4 -2 -1 -3 -2 -3 -3 -1 -3 -4 -4  4  3 -3 -4 -2    4   1  12  13   0   1   3   1   0   1   2   2   0   1   0  37  19   0   0   2  0.65 0.46
    8 P   -1 -4 -1 -3 -6 -2 -2 -6 -6 -3 -4 -3 -2 -7  8 -1  1 -7 -6 -2    5   0   3   1   0   2   2   0   0   2   1   1   1   0  65   5   8   0   0   3  1.70 0.77
    9 T    1 -2  0  2 -3 -1  0 -1 -3  0 -2 -1 -2 -3 -2  1  4 -5 -3  1   14   1   3  14   0   2   4   5   0   4   2   4   1   1   2   8  26   0   0   9  0.29 0.27
   10 S    1 -2  1  0 -4  0  0 -3  0 -2 -3  0 -2 -4 -3  3  4 -5  0 -1   11   1   6   4   0   3   4   1   3   2   1   5   1   0   1  23  28   0   3   3  0.42 0.35
   11 I    5 -4 -4 -3 -2 -3 -2  0 -4  0 -1 -3 -2  0 -3  0 -1 -5 -2  2   48   0   0   1   0   0   2   7   0   5   6   1   1   4   1   5   3   0   2  14  0.55 0.41
   12 S    1 -2  1 -1 -4 -1  0 -2 -3 -1 -3 -1 -3 -1 -3  3  3 -4  2  0    9   1   5   3   0   2   6   2   0   3   1   2   0   3   1  24  24   0   8   6  0.37 0.34
   13 A   -3 -6 -6 -7 -6 -4 -6 -6 -4 -1 -3 -4 -1  8 -7 -6 -4  1  4  0    2   0   0   0   0   1   0   0   0   3   1   1   1  68   0   0   1   1  14   6  1.99 0.81
   14 K   -3 -1  1  7 -6 -3 -1 -4 -3 -4 -6  0 -6 -5 -2 -1 -3 -7 -2 -3    1   3   6  66   0   1   2   1   0   1   1   6   0   0   2   4   1   0   2   2  1.46 0.70
   15 A   -3  2 -2 -3 -6  1 -1 -3 -4 -2  0  6 -4 -4 -2 -2 -2 -2 -3 -4    2   9   1   1   0   6   3   2   0   3   9  56   0   1   1   2   2   1   1   1  0.95 0.56
   16 G    3 -2  4 -1 -4 -1 -1  1 -1 -4 -4 -1 -3 -1 -3  2  0 -1  2 -3   24   2  24   2   0   2   2  10   1   0   0   3   0   2   1  13   4   1   8   1  0.46 0.36
   17 S    3 -2  3 -1 -4 -1  0 -1 -1 -4 -4  0 -3 -5  0  1  2 -5 -4 -1   31   1  15   3   0   2   4   3   1   0   1   7   0   0   5  11  11   0   0   4  0.41 0.34
   18 F    0 -2 -1 -2 -5  4 -3 -1 -2  0 -3 -1 -2 -3  5  0 -2 -5  1  0    8   1   2   1   0  23   0   5   1   7   1   4   0   1  26   5   1   0   5   8  0.57 0.41
   19 A    4 -1  0 -2 -4  2  1 -1 -2 -4 -4  1 -2 -3 -3  1  2 -2 -4 -3   33   2   4   2   0  11   9   3   1   0   1   9   1   1   0   7  14   1   0   1  0.46 0.38
   20 D    0 -6  0  8 -7 -3 -2 -3 -3 -7 -7 -4 -7 -7 -3 -3 -3 -8 -7 -7    7   0   3  80   0   1   1   2   0   0   0   1   0   0   1   1   1   0   0   0  2.10 0.93
   21 T   -1 -2 -4 -5 -3  2 -2 -5 -3  4  0  0 -1 -2 -3 -4  0 -5 -3  4    5   2   1   0   0  10   2   0   0  24   7   7   1   1   1   0   5   0   1  34  0.59 0.41
   22 K    0 -2  0 -1 -4  1  0 -3 -2 -1 -3  0 -2 -2 -1  2  4 -5 -2  0    7   1   3   4   0   5   5   1   1   2   1   6   1   2   3  17  33   0   1   6  0.41 0.37
   23 I   -1 -4 -4 -6 -4 -4 -5 -6 -5  3  2 -4  0  1 -5 -4  2 -5 -3  4    4   1   1   0   0   0   0   0   0  18  18   0   2   6   0   0  15   0   1  36  0.76 0.47
   24 T   -1 -2  0 -1 -4  1  0 -2 -2 -3 -4  0 -1 -4  2  1  5 -6 -3 -2    5   1   4   2   0   6   5   2   1   1   1   5   1   0  11  10  41   0   1   2  0.61 0.47
   25 L   -3 -5 -3 -6 -1 -5 -6 -6 -5  3  4 -5  4  1 -6 -5 -3  0  0  2    1   0   2   0   1   0   0   0   0  18  44   0  10   6   0   0   1   1   3  12  0.90 0.50
   26 T   -1 -3  4 -1 -3  1  0 -3 -1  0 -1 -1 -2 -4 -3  0  4 -5 -2 -2    4   1  21   3   0   5   5   1   2   7   7   2   0   0   1   7  32   0   1   2  0.49 0.40
   27 P   -2 -1 -5 -5 -4 -2 -3 -4 -4 -2  4 -3  0  2  3 -1 -3  6 -1 -1    2   5   0   0   0   2   2   1   0   1  42   1   2   9  13   4   1  11   1   3  0.67 0.45
   28 N   -2 -1  8  1 -6 -2 -3  0  0 -6 -5 -1 -6 -4 -4 -1 -1 -7 -2 -4    3   3  63   6   0   1   1   7   2   0   1   3   0   1   1   3   3   0   2   1  1.41 0.75
   29 G   -2 -4 -2  1 -6 -4 -3  7 -3 -7 -7 -4 -3 -4 -2  1 -3 -6 -6 -5    2   1   1   7   0   1   1  69   1   0   0   1   1   1   3  10   1   0   0   1  1.46 0.74
   30 N    1 -2  6  1 -5 -2 -2 -1  1 -3 -2 -2 -4 -4 -3 -1  2 -6  0 -3   12   2  45   6   0   1   2   4   3   1   4   1   0   1   1   3  11   0   3   2  0.79 0.53
   31 T   -1  0  0 -2 -4  0  1 -2 -1 -2 -3  0 -1 -5 -3  2  5 -5 -4  0    4   4   4   2   0   4   9   2   1   1   1   6   2   0   1  14  40   0   0   6  0.55 0.45
   32 F   -3 -4 -4 -6  0 -3 -4 -5 -5  0  5 -2 -1  5 -6 -3 -4 -4 -2  0    1   1   1   0   2   1   1   1   0   4  51   3   1  26   0   2   0   0   0   6  1.00 0.57
   33 N    0  0 -1 -1 -3  0 -1 -2 -3  0 -1  1  0 -3 -3  2  4 -1 -2  1    7   5   2   2   0   4   3   2   0   5   6   9   2   1   0  15  26   1   1  10  0.25 0.27
   34 G    0 -2  0  0 -2 -1 -1  4  0 -5 -5 -1 -2 -5 -4  3 -1 -1 -3 -3    7   2   4   5   1   2   3  33   2   0   0   3   1   0   0  28   3   1   1   1  0.60 0.42
   35 I   -2 -5 -3 -2 -4 -3 -2 -3 -5  6  2 -2  0 -3 -5 -3 -2 -5 -4  3    2   0   1   2   0   1   3   2   0  45  19   2   1   0   0   1   2   0   0  17  0.83 0.48
   36 S    0  2 -1 -2 -4 -1  0 -3  0 -2 -3  4 -1 -3 -2  1  3 -1  1 -1    7   9   2   1   0   2   6   1   2   1   2  24   2   1   2  10  18   1   5   4  0.33 0.31
   37 E   -3 -2  5  1 -5  0 -1 -1  2 -3  2 -1 -1 -4 -2  0 -1 -5 -1 -3    2   1  29   7   0   4   4   6   5   0  25   4   1   0   2   5   2   0   2   2  0.46 0.38
   38 L    0  0 -1 -2 -3  0  0 -1 -1  1  1  0  0 -1 -3  0  2 -3 -1  2    7   5   2   2   0   4   6   5   2   7  12   4   2   2   0   4  14   0   2  20  0.10 0.14
   39 Q    1  1  0  0 -3  1  2  0  0 -1 -2  1 -2 -4  0  1  0 -4 -3 -2   13   7   4   4   0   7  14   7   2   4   3  10   0   0   4  12   6   0   0   2  0.17 0.17
   40 S   -1 -2  1  1 -5  0 -1  6 -4 -5 -3 -1  0 -5 -1 -1 -1 -5 -5 -5    4   2   7   7   0   4   5  53   0   0   2   3   2   0   3   4   4   0   0   0  0.85 0.48
   41 S    0  0  0  0  2  0  0  0 -2  0 -1  0  1 -2  0  0  0  3  1  0    6   6   5   6   5   5   6   6   0   6   6   6   5   0   6   6   6   5   5   6  0.06 0.11
   42 Q    1 -2  1  5 -3  1  0 -1  1 -4 -4 -1 -3 -3 -3  1 -2 -3  2 -3   11   0   4  39   0   5   5   4   3   0   1   4   0   0   0  11   1   0   8   1  0.53 0.27
   43 Y   -3 -4 -4 -4  2 -3 -4 -4 -1  0 -1 -4 -3  2 -4 -1 -3 -1  8 -3    1   0   0   1   5   0   1   1   0   6   6   1   0   6   0   6   1   0  64   1  1.46 0.52
   44 T   -2 -2 -1  0 -4  0  0 -3 -4  0 -2 -2 -1 -3 -4  1  5  1 -2  0    2   2   2   4   0   4   5   1   0   6   3   2   1   1   0  12  43   2   1   7  0.57 0.40
   45 K   -1 -1 -2 -2  0 -1 -2 -4 -3  2  1  0  1  0 -3 -2 -1  1  1  3    4   2   2   2   2   3   2   0   0  14  12   6   4   4   0   3   3   2   5  29  0.25 0.24
   46 G    0 -1  3  1 -3  0  0 -1  2 -2 -2 -1 -1 -1 -1  3  1 -4 -3 -1    5   2  14   9   0   4   4   4   5   2   3   3   2   3   2  25   8   0   0   4  0.22 0.25
   47 T    0 -1  1  1 -4 -1 -1  4 -3 -4 -3 -1 -3 -4  0  0  0  2 -1 -2    7   3   7   8   0   2   4  35   0   0   2   3   0   0   4   7   5   3   3   2  0.39 0.31
   48 N   -1 -2  4  3 -4 -1  1  0 -1 -3 -4 -1 -3 -4 -2  2  0 -5 -4 -2    5   2  24  20   0   2   7   8   1   2   1   2   0   0   2  15   6   0   0   2  0.46 0.30
   49 E    0  1  0 -1 -3  1 -1 -1 -1  0 -2  0 -1 -3 -3  1  3 -4 -2  1    6  10   5   2   0   8   3   4   1   5   2   6   1   0   0   8  26   0   1  11  0.23 0.22
   50 V   -1 -4 -5 -5 -3 -4 -4 -5 -4  3  3 -4  1  0 -4 -4 -3 -4  0  4    4   0   0   0   0   0   0   1   0  19  30   0   2   3   0   0   0   0   3  35  0.78 0.39
   51 T   -1 -1 -1 -1 -3 -1 -1 -2 -3  0 -2 -1  0 -1 -3  0  6 -4 -3  0    3   4   2   2   0   2   3   3   0   5   3   3   2   2   0   6  50   0   0   7  0.61 0.36
   52 L   -3 -4 -5 -5 -3 -4 -5 -5 -4  4  3 -4  2  3 -4 -4 -3 -3  1  1    1   0   0   0   0   0   0   1   0  30  34   0   5  13   0   0   0   0   5   8  0.79 0.35
   53 L    0  0  1 -1  0  0 -1 -1  1 -4 -2  4 -1 -1 -1  2  1 -4 -1 -3    6   3   6   2   2   2   2   3   3   0   5  29   2   2   2  18  10   0   2   0  0.30 0.25
   54 A    4  0 -1 -2 -4  0 -1 -1 -2 -4 -4  4  0 -5 -1  0 -1 -5 -3 -3   37   4   2   1   0   4   2   3   1   0   1  30   3   0   2   7   3   0   1   1  0.61 0.41
   55 S    2 -2 -1  1 -1 -1  2  1 -1 -5 -4 -1 -4 -5 -2  4  0 -5 -4 -3   19   1   2   9   1   1  14   8   1   0   1   3   0   0   1  32   4   0   0   1  0.49 0.36
   56 Y    0 -3 -5 -6 -2 -3 -4 -4 -3 -3  0 -3 -3  4 -5 -4 -1 -2  8 -3    8   1   0   0   1   1   1   1   0   1   9   1   0  18   0   0   4   0  51   1  1.39 0.61
   57 L   -4 -5 -6 -6 -4 -5 -6 -6 -6  0  6 -5  1  0 -6 -5 -3 -5 -4 -1    0   0   0   0   0   0   0   0   0   4  82   0   3   3   0   0   2   0   0   3  1.51 0.63
   58 N    3 -2  0  0 -1 -1  0 -1 -2 -3 -3 -1 -1 -3 -3  2  2 -4 -3 -2   33   1   5   5   1   2   5   3   1   1   2   3   1   1   0  18  15   0   1   2  0.39 0.30
   59 T    0  2  0 -1 -4  1 -1  0 -3 -3 -3  2 -3 -4 -2  2  3 -4 -2 -3    8  14   4   2   0   7   3   6   0   1   2  15   0   0   1  13  23   0   1   1  0.38 0.28
   60 L   -2 -2 -3 -3 -4  3 -2 -4 -4 -1  5 -1  0 -1 -5 -2 -2 -1 -1 -1    3   1   1   1   0  16   1   1   0   2  56   4   1   2   0   2   2   1   2   3  0.70 0.42
   61 P    2 -3 -1 -1 -4  0  0 -1 -2 -2 -3  0 -3 -5  4  1  2 -5 -4 -2   21   0   3   3   0   3   7   3   1   3   1   7   0   0  22  12  13   0   0   1  0.46 0.31
   62 E    0 -2 -1 -1 -3 -1  0 -3 -1  0  1 -1 -1 -1  2  0  1 -3  3  1    7   1   4   2   0   1   6   0   2   3  17   3   1   2  10   5  11   0  12  13  0.16 0.17
   63 N   -2 -5 -2 -3 -6 -3 -5  7 -5 -4 -6 -3 -6 -6 -5 -3 -3 -6 -6 -6    2   0   2   2   0   1   0  87   0   1   0   1   0   0   0   1   1   0   0   0  2.04 0.76
   64 T    0 -1  0  0 -3  0  1 -1 -2  1 -1  0 -1 -2 -1  1  3 -3 -2  1    5   1   3   6   0   4  11   3   0   7   3   6   1   2   2  10  20   0   1  14  0.15 0.16
   65 T   -1 -1  3 -1 -2 -1 -1 -2  0  0  0  2 -2 -1 -2  0  3 -2  0  1    4   2  17   2   1   2   2   1   2   6   9  13   0   2   1   4  19   1   3   9  0.20 0.20
   66 K    4 -2  1  0 -3  0 -1 -1  2 -3 -2  0 -2 -2 -2 -1  0 -4 -2 -1   41   1   7   5   0   5   3   3   6   1   3   7   1   2   2   3   6   0   1   4  0.36 0.27
   67 T   -1 -1  1  1 -3  0  1 -3 -2  0 -2  0 -2 -3 -2  1  3 -4 -2  2    4   2   8   7   0   3   8   1   1   4   3   4   1   1   1  10  26   0   1  16  0.26 0.23
   68 L   -4 -4 -6 -6 -4 -5 -6 -6 -3  2  6 -5 -1  3 -6 -4 -3 -4 -2  0    0   1   0   0   0   0   0   0   1  10  70   0   1  10   0   1   1   0   1   4  1.26 0.57
   69 T   -1 -2  0 -2 -4  1  0 -3 -1  0 -3  0 -2 -5 -4  0  6 -5 -4  1    4   2   4   2   0   6   5   1   2   5   1   5   1   0   0   6  48   0   0   9  0.69 0.45
   70 F    2 -4 -5 -6 -1 -5 -5 -5 -5  1  2 -5  0  6 -5 -3 -3 -3 -1  1   17   1   0   0   1   0   0   0   0   8  19   0   2  39   0   1   1   0   1  10  0.91 0.46
   71 D   -2  2  1  2 -4  1  1 -3  3 -2 -2  2 -1 -2 -3  0  2 -4 -2 -1    2  12   6  10   0   7  10   1   7   2   2  12   1   1   0   5  13   0   1   5  0.26 0.21
   72 F   -5 -7 -7 -7 -3 -7 -5 -7 -5 -4 -3 -7  1  9 -7 -5 -6 -3  1 -4    1   0   0   0   1   0   1   0   0   0   1   0   3  87   0   1   0   0   2   1  2.72 0.98
   73 G   -1 -1  4  2 -5 -3 -2 -3 -2 -4 -5 -3 -5 -5 -3  5  0 -6 -4 -4    3   3  20  11   0   1   2   1   1   1   0   0   0   0   1  51   5   0   1   1  1.00 0.57
   74 V    3  1 -1  0 -3  1 -1  2 -1 -3 -3  2 -2 -4 -3  1  0 -4 -3 -1   26   7   2   4   0   8   3  13   1   1   2  12   0   0   0  10   5   0   1   3  0.28 0.24
   75 G   -3 -6 -2  0 -6 -5 -4  7 -6 -7 -5 -4 -6 -7 -4 -2 -3 -6 -7 -7    1   0   2   5   0   0   1  84   0   0   1   1   0   0   1   3   1   0   0   0  1.99 0.80
   76 T    4 -2  0  0 -1 -1 -1 -1  0 -2 -1 -2 -2 -2 -2  1  1 -3 -1  1   36   1   5   5   1   2   4   5   2   1   5   2   1   1   1   9   9   0   2  10  0.27 0.22
   77 K   -1  0  3  2 -4  0 -1 -1 -2 -1 -2  1 -3 -3  4 -1 -1 -1 -2 -2    4   4  14  14   0   3   3   3   1   3   4   8   1   1  25   5   3   1   1   2  0.44 0.26
   78 N    0 -2  1  3 -2  0 -1 -2 -1 -2 -2 -1 -2 -1 -1  2  0  6 -1 -1    8   2   6  18   1   5   3   2   1   2   3   2   1   2   3  17   7  10   2   4  0.31 0.18
   79 P    1  0 -1  0 -1  3 -1 -2  0 -1 -1  0 -2 -2  3 -1 -1  1 -2  0   15   5   2   6   1  18   3   3   2   3   5   4   1   2  14   3   2   2   1   8  0.23 0.18
   80 K   -1 -1  0 -1 -2 -1 -1 -2 -2  1  0  0 -1  0 -1  0  3 -1 -1  2    4   3   4   3   1   2   4   3   1   7   7   6   1   4   3   7  21   1   1  19  0.15 0.13
   81 L   -3 -3 -3 -4 -2 -3 -4 -5  2  0  4 -3  1  3 -4 -4 -3  7  0 -1    1   1   1   1   1   1   1   1   5   4  43   2   3  12   1   1   1  14   2   4  0.85 0.42
   82 T    1  1  0 -1 -3 -1 -1 -3 -1 -1 -2  1 -1 -3 -3  1  4 -2 -1  0   11   6   4   3   0   2   4   1   1   3   4   7   2   1   1   9  31   1   2   8  0.30 0.25
   83 I   -2 -6 -6 -6 -5 -3 -6 -7 -6  6  1 -6 -2  0 -6 -4 -1 -6 -3  5    2   0   0   0   0   1   0   0   0  39  11   0   1   4   0   1   3   0   1  37  1.19 0.56
   84 T   -1 -1  4  1 -3  2  0 -3  2 -2 -4 -1 -3 -4 -3  1  3 -5 -1 -1    5   2  18   7   0  10   6   1   4   2   1   4   0   0   0  10  23   0   2   4  0.45 0.34
   85 V   -3 -4 -6 -5 -5 -4 -5 -7 -4  5  0 -6 -2 -2 -6 -5 -3 -6 -1  6    2   1   0   0   0   1   0   0   0  32   8   0   1   2   0   0   1   0   2  49  1.33 0.62
   86 L   -1 -1  0 -1 -3 -2 -2 -3 -1  3  0  1  0 -2 -3  0  1  0  0  3    3   3   5   3   0   1   2   1   1  18   5   8   2   1   0   8  10   1   3  24  0.24 0.22
   87 P   -3 -2  2  5 -6  3  0  0 -2 -5 -4 -1 -4 -4  0 -1  0 -5  1 -3    1   2   8  38   0  12   4   8   0   0   2   4   0   0   4   3   7   0   5   2  0.70 0.44
   88 K   -2 -4  0  0 -5 -2 -3 -3  0 -4 -5 -2 -4 -2 -3  3  4  6  4 -3    3   0   5   5   0   2   1   1   2   1   0   3   0   1   1  20  26  10  17   2  0.77 0.50
   89 D    0 -2  0  4 -5 -2 -1 -2 -4 -4 -5 -2 -5 -5  1  2  4 -6 -2 -4    6   2   4  26   0   1   3   2   0   1   0   2   0   0   6  15  28   0   1   1  0.70 0.46
   90 I    0 -2 -3 -3 -4 -2 -3 -4 -5  1 -2 -2 -2 -5  4 -1  4 -6 -5  3    8   2   1   1   0   2   1   0   0   6   2   2   0   0  19   4  31   0   0  21  0.67 0.44
   91 P   -2 -5 -5 -4 -3  0  0 -3 -6 -6 -5 -2 -6 -7  8 -2 -2 -7 -3 -4    4   0   0   0   1   4   7   2   0   0   1   2   0   0  71   3   2   0   1   1  1.95 0.79
   92 G   -1 -3  2 -3 -4 -3 -1  2 -3 -1 -3 -1 -1 -4 -3 -1  3 -5 -4  4    3   0  13   1   0   0   5  15   0   1   1   3   2   0   1   3  20   0   0  33  0.48 0.37
   93 L   -3 -5 -5 -5 -4 -3 -5 -6 -5  2  5 -5  1 -1 -2 -3 -2 -4 -2  2    1   0   0   1   0   1   0   0   0   9  65   0   3   2   2   2   1   0   1  13  0.94 0.44
   94 E   -3  2 -2  2 -6  4  5 -4 -2 -5 -5  2 -4 -5 -3 -2 -3 -5 -4 -5    0   9   0   9   0  23  49   0   0   0   0  10   0   0   0   0   0   0   0   0  1.05 0.40

                      K         Lambda
Standard Ungapped    0.1276     0.3081
Standard Gapped      0.0514     0.2670
PSI Ungapped         0.1681     0.3174
PSI Gapped           0.0514     0.2670
