
Last position-specific scoring matrix computed, weighted observed percentages rounded down, information per position, and relative weight of gapless real matches to pseudocounts
            A   R   N   D   C   Q   E   G   H   I   L   K   M   F   P   S   T   W   Y   V   A   R   N   D   C   Q   E   G   H   I   L   K   M   F   P   S   T   W   Y   V
    1 X    -1  -1  -1  -1  -1  -1  -1  -1  -1  -1  -1  -1  -1  -1  -1  -1  -1  -1  -1  -1    0   0   0   0   0   0   0   0   0   0   0   0   0   0   0   0   0   0   0   0  0.00     0.00
    2 S     1  -3   1  -2  -3  -2  -2  -2  -3  -4  -4  -2  -3  -4  -3   6   2  -5  -4  -3    9   0   6   0   0   0   0   0   0   0   0   0   0   0   0  77   9   0   0   0  1.07 0.32
    3 R    -1   3  -1   1  -3   0  -1  -1  -1  -1  -2  -1  -1  -2  -2   3   1  -4  -1   0    1  24   1  10   0   2   2   3   1   4   2   0   1   1   1  28   8   0   3   7  0.26 0.15
    4 R    -1   3   0   0  -4   3   4  -3   0  -3  -3   0  -3  -3   0   0  -1  -1   0  -3    2  19   4   2   0  14  33   1   1   1   2   3   0   0   4   5   2   1   4   2  0.48 0.20
    5 C    -2  -7  -3  -7  11  -6  -7  -6  -6  -1  -5  -6  -5  -6  -4  -2  -1  -6  -2  -1    2   0   1   0  82   0   0   0   0   3   0   0   0   0   1   2   3   0   1   4  2.96 0.70
    6 P    -1  -1  -1  -3   0   3   0  -3   0  -5  -3   1  -4  -5   6  -1  -3  -3  -4  -2    3   3   2   0   3  13   6   2   2   0   2  11   0   0  46   4   1   0   0   2  1.01 0.36
    7 G    -2  -3  -4  -4  -1  -5  -4   7  -5  -7  -7  -2  -6  -4  -3  -2  -2  -6  -6  -5    1   2   0   1   2   0   1  85   0   0   0   2   0   1   1   2   2   0   0   1  1.91 0.59
    8 K    -5   1  -2  -5  -7  -1  -2  -6  -5  -7  -6   8  -5  -7  -3  -4  -5  -7  -6  -6    0   5   1   0   0   2   2   0   0   0   0  88   0   0   1   0   0   0   0   0  2.25 0.77
    9 N    -1   0   2   0  -2   2   0  -3  -2  -3  -2   0   0  -2  -4   3   2  -2   0  -3    2   6  10   6   1  10   4   1   0   1   4   4   2   1   0  30  13   0   3   1  0.37 0.27
   10 A     0  -2  -2  -3   1  -2   1  -4  -4  -3  -4  -1  -1  -2  -4   6   1  -2  -3  -3    6   2   1   0   3   1   8   0   0   1   0   2   2   2   0  60   9   1   0   1  0.95 0.49
   11 W    -8  -3  -9 -10  -8  -7  -8  -8  -8  -8  -4  -8  -7  -1  -9  -8  -8  13  -3  -8    0   2   0   0   0   0   0   0   0   0   1   0   0   2   0   0   0  95   0   0  4.92 1.26
   12 P    -4  -7  -7  -6  -7  -3  -6  -7  -7  -7  -4  -6  -7  -8   9  -3  -4  -8  -7  -7    1   0   0   0   0   1   0   0   0   0   2   0   0   0  93   2   1   0   0   0  3.07 0.97
   13 E    -5  -4  -2   0  -8   0   8  -4  -1  -7  -7  -2  -6  -8  -6  -4  -5  -7  -6  -5    0   0   2   3   0   3  88   1   1   0   0   1   0   0   0   0   0   0   0   1  2.25 0.86
   14 L    -4  -6  -7  -7   0  -6  -7  -7  -6  -2   6  -6   0  -2  -7  -6  -5  -5  -1   1    1   0   0   0   2   0   0   0   0   0  85   0   1   1   0   0   0   0   2   8  1.71 0.68
   15 V    -3  -4  -5  -7  -2  -4  -4  -7  -6   1   2  -4   0  -2  -6  -5  -3  -6  -2   6    1   1   1   0   1   1   1   0   0   6  17   1   2   1   0   0   1   0   1  67  1.35 0.59
   16 G    -3  -4  -3  -3  -7  -6  -4   7  -6  -8  -8  -6  -7  -3  -6  -4  -3  -7  -7  -5    1   1   1   2   0   0   1  90   0   0   0   0   0   1   0   1   1   0   0   1  2.30 0.85
   17 K     0   0  -3  -3  -4   0   0  -4  -2   0  -1   3   2  -3  -4  -2   1  -2  -2   3    9   4   1   0   0   3   7   0   1   3   5  23   6   1   0   2   9   1   1  24  0.36 0.30
   18 S    -1   1   3   2  -1   0   0  -3  -1  -2  -2   1  -2  -4   2   1   1  -5  -2  -3    3   8  15  12   2   3   5   1   1   2   3  11   1   0  12  13   9   0   1   0  0.34 0.25
   19 G     3  -4  -4  -3  -5  -3  -3   6  -5  -1  -4  -2  -5  -4  -3  -1  -2   0  -3   0   21   1   0   1   0   1   1  53   0   4   1   2   0   1   1   3   2   1   1   6  0.98 0.49
   20 N    -1  -1  -1   2  -3   1   4  -1  -1  -4  -3   1   0  -3  -3  -1   1  -2   1  -3    4   2   3  11   1   4  36   4   1   0   1   9   2   0   1   4   9   0   6   2  0.49 0.34
   21 M     1  -2  -2   1   0   0   3  -3  -2   0   0   0   0  -2  -1  -1   0  -4   0   1   11   1   1   7   2   4  26   1   1   7   7   4   3   1   2   2   7   0   4   9  0.19 0.19
   22 A     7  -2  -5  -6  -4  -5  -5  -1  -6  -5  -5  -5  -5  -6  -5  -1  -2  -7  -6  -2   88   2   0   0   0   0   0   3   0   0   0   0   0   0   0   2   2   0   0   3  1.85 0.78
   23 A     3   0  -2  -1   1  -1   0  -1  -4  -2  -3   4   0  -4  -4  -2  -1  -5  -3   1   30   4   1   2   3   2   6   4   0   2   1  28   3   0   0   1   3   0   1  10  0.44 0.32
   24 A     4   0  -2  -2  -3   1   1  -2  -1  -1  -2   1  -1  -3  -2   0   1  -5  -2   0   40   5   1   1   0   5   8   2   1   2   4   7   1   1   1   7   8   0   1   5  0.35 0.28
   25 T    -1  -1  -3  -1  -4   0  -2  -2  -4   4  -2   1  -1  -2  -4  -1   3  -1  -4   2    5   3   0   3   0   5   1   2   0  26   2  11   1   1   0   2  22   1   0  15  0.42 0.31
   26 V    -5  -7  -7  -7  -5  -7  -7  -3  -7   8   0  -7   0  -2  -7  -6  -3  -6  -5   0    0   0   0   0   0   0   0   2   0  83   6   0   2   2   0   0   1   0   0   4  2.05 0.75
   27 E    -2   0  -2  -1  -6   1   6  -2  -1  -3   0   2   1  -5  -4  -2  -2  -6  -5  -3    3   5   1   2   0   6  50   3   1   1   8  12   3   0   0   2   2   0   0   1  0.80 0.45
   28 R     0   5  -1  -3  -5   0  -1  -3   1  -3  -4   4  -1  -5  -4   1  -1  -5  -4  -4    8  33   3   1   0   3   4   1   3   2   1  27   1   0   0  10   4   0   0   0  0.74 0.40
   29 E    -3  -4  -2   3  -7   1   7  -4  -4  -7  -7  -2  -6  -7  -5  -2  -3   0  -6  -6    2   0   1  16   0   6  69   1   0   0   0   1   0   0   0   2   1   1   0   0  1.65 0.71
   30 N    -4   3   7  -2  -3  -3  -3  -3  -2  -6  -4   0   0  -1  -3  -3  -4  -7  -3  -5    1  14  65   1   1   0   1   1   1   0   2   5   2   3   1   1   0   0   1   1  1.56 0.67
   31 R    -3   0  -4  -3  -2  -1  -2  -3  -3  -6  -4  -3  -3  -7   8   0   0  -7  -7  -4    2   4   0   1   1   3   2   2   1   0   1   2   1   0  66   9   5   0   0   1  1.75 0.76
   32 N    -3   1   4   2  -3  -1  -1   0   1  -2   0   1  -1   0  -4   0  -1  -1   0  -2    1   7  21  15   0   1   3   8   3   2  11   8   1   4   0   7   3   1   4   2  0.26 0.22
   33 V    -1  -4  -6  -5  -1  -4  -6  -7  -7   1   1  -3  -1  -3  -6  -5  -2  -6  -5   6    5   1   0   1   1   1   0   0   0   7  12   1   1   1   0   0   2   0   0  67  1.38 0.64
   34 H    -1   1   3   3  -4   1   0  -2   3  -3  -3   1  -2  -3  -2  -1   2  -5  -1  -3    6   9  15  15   0   6   4   2   8   1   2  10   1   1   1   4  12   0   2   1  0.34 0.26
   35 A     4  -5  -1  -2  -4  -2  -3  -2  -5   1  -3  -4  -3  -3  -1  -1   0  -6  -4   4   40   0   3   3   0   2   1   3   0   8   0   0   0   1   3   3   6   0   0  28  0.69 0.44
   36 I    -2  -2  -3  -3  -4   0   0  -4  -1   4   0  -2   0   1  -3  -1  -1  -1  -1   4    1   1   1   1   0   6   7   1   2  26   5   1   1   7   1   4   3   1   1  29  0.46 0.31
   37 V    -3  -4  -6  -6  -4  -5  -5  -5  -4   5   0  -4  -1  -1  -1  -4   0  -6  -3   5    1   1   0   0   0   0   1   0   1  33   8   1   1   2   3   1   5   0   1  43  1.11 0.53
   38 L    -3  -2  -5  -5  -1  -4  -5  -5  -5   3   3  -3   1   0  -2  -4  -2  -1  -2   4    1   3   0   1   1   1   0   1   0  18  31   1   2   3   2   1   1   1   1  32  0.75 0.39
   39 K    -1  -1  -2  -1  -4  -1  -1  -2  -1  -2   2   1  -1  -2   5  -1  -2  -5  -3  -1    5   3   1   3   0   3   3   3   2   1  23  12   1   2  28   5   1   0   1   4  0.48 0.31
   40 E    -1  -2   1   3  -5   1   4  -3  -2  -1  -3   0  -2  -4   2  -2  -2  -1  -2   0    4   1   6  14   0   6  30   2   1   3   2   6   1   1  12   1   2   1   1   7  0.46 0.33
   41 G    -3  -3   0   0  -6  -1  -4   7  -2  -7  -4  -2  -2  -7  -3  -2  -5  -6  -4  -5    1   1   5   6   0   3   1  72   1   0   2   2   1   0   1   3   0   0   1   1  1.52 0.68
   42 S     1  -1  -1  -1   0   0  -1  -2   0  -3  -3  -2   2  -3  -3   4   3  -2  -4  -2    9   3   2   3   2   3   3   2   2   1   1   2   5   1   1  35  21   0   0   2  0.53 0.40
   43 A     0  -4  -2  -3  -2  -3  -3  -1  -1   1  -2  -3   1   1   5   0  -3   0  -1   1    9   1   2   1   1   1   1   5   2   9   2   2   4   7  34   6   1   1   2  11  0.64 0.40
   44 M    -3   0  -6  -4  -2  -4  -4  -3   0   2  -1  -2   3  -2  -3  -4   0   0  -4   6    1   5   0   1   1   1   1   2   3  11   3   2   6   1   2   1   5   1   0  53  0.95 0.52
   45 T    -4  -4  -4  -3  -6  -4  -3  -5  -6   2  -2  -4  -3  -2   3  -1   6  -6  -2  -2    1   1   1   1   0   1   1   0   0  12   4   1   1   2  15   4  54   0   2   2  1.24 0.69
   46 K     0   1  -3   0  -3   0   0   0   0  -2   0   1   4  -1   2  -1   1  -3  -2  -3    8   6   0   5   0   5   8   6   2   1  11   7  15   3   9   3  10   0   1   0  0.20 0.23
   47 D    -4  -5   2   8  -3  -3   0  -3  -6  -2  -6  -5  -5  -8  -2  -5  -4  -9  -8  -2    1   0  10  71   1   1   4   2   0   3   1   0   0   0   3   0   1   0   0   3  1.91 0.86
   48 F    -5  -5  -7  -8  -3  -7  -4  -6  -1   0   1  -7  -4   7  -8  -5  -6   0   6   0    0   1   0   0   1   0   1   0   1   5  11   0   0  48   0   1   0   1  24   5  1.72 0.75
   49 R    -4   6   1   0   6  -3  -4  -5  -1  -1  -4  -2  -3  -4  -6  -2  -5  -4  -4  -1    1  47   8   6  18   1   1   1   2   4   1   2   1   1   0   2   0   0   0   5  1.28 0.66
   50 C    -4  -3  -5  -4  10  -7  -3  -5  -4  -2  -3  -7   0  -1   0  -2  -1  -2  -5  -4    1   2   1   1  66   0   3   1   0   3   2   0   2   3   6   4   4   1   0   1  2.50 1.00
   51 D    -4  -2   5   6  -2  -3  -1  -1   0  -7  -6  -1  -6  -3  -6  -1   0  -7  -2  -7    1   2  28  40   1   1   4   5   2   0   0   4   0   2   0   5   6   0   2   0  1.17 0.62
   52 R    -7   9  -6  -7  -9  -3  -6  -6  -2  -5  -8  -2  -7  -6  -8  -6  -7  -1  -7  -8    0  94   0   0   0   1   0   0   1   1   0   1   0   0   0   0   0   1   0   0  3.03 1.20
   53 V    -4  -7  -8  -8  -6  -7  -7  -8  -8  -2  -3  -7  -2  -6  -7  -7  -5  -8  -6   8    1   0   0   0   0   0   0   0   0   1   1   0   1   0   0   0   0   0   0  96  2.69 1.06
   54 W    -6   6  -6  -7  -2  -3  -5  -7  -2  -2  -1  -4  -5   2  -7  -6  -6   9   2  -3    0  46   0   0   1   1   0   0   1   2   6   0   0   9   0   0   0  24   7   2  1.80 0.78
   55 V    -3  -6  -7  -4  -2  -6  -6  -7  -7   4   2  -6  -3  -3  -6  -4  -4  -6  -3   6    1   0   0   1   1   0   0   0   0  17  16   0   0   0   0   1   0   0   1  61  1.50 0.66
   56 I    -4  -1  -3  -4   1  -6  -6  -6  -5   0  -2  -5  -2   6  -4  -3  -5   9   2   0    1   3   2   1   3   0   0   0   0   5   4   1   1  30   1   2   0  32   6   6  1.65 0.68
   57 V    -4  -6  -5  -3  -1  -6  -5  -7  -2   3  -2  -5  -1  -3  -3  -4  -2  -6  -1   7    1   0   0   2   1   0   0   0   1  14   3   1   1   1   2   1   2   0   2  68  1.44 0.66
   58 N    -4  -3   6   7  -4  -3  -2  -4  -3  -7  -7  -3  -6  -7  -6  -3  -3  -7  -6  -7    1   1  38  51   0   1   1   1   0   0   0   1   0   0   0   1   2   0   0   0  1.90 0.79
   59 D     0  -1   1   3   0  -1   2  -1  -2  -1  -3   1  -3  -2  -1   0   0   0  -3  -2    6   3   6  21   2   2  15   4   1   3   2  11   0   1   2   8   6   2   0   3  0.28 0.22
   60 H    -2   0   4   1   1   1   0  -2   4  -3  -1   2  -4  -2  -3   1  -1  -5   0  -4    2   5  22   8   3   5   6   2  11   1   6  11   0   2   1  10   2   0   3   0  0.41 0.29
   61 G    -2   0   1   1  -1  -5  -4   6  -1  -6  -4  -3  -6  -5  -3  -1  -4  -2  -3  -5    3   5   6   8   2   0   1  62   2   0   2   2   0   0   1   4   0   1   1   0  1.22 0.58
   62 V    -3  -1   1  -3  -4  -1  -4  -4  -1   5   0   1  -1  -1  -3  -2   0  -5  -2   2    1   4   8   2   0   2   0   1   2  34   8   9   1   2   1   2   6   0   1  17  0.49 0.33
   63 V    -4  -7  -8  -8  -6  -7  -7  -8  -8   0  -3  -7  -4  -6  -7  -6  -1  -8  -6   8    1   0   0   0   0   0   0   0   0   4   1   0   0   0   0   0   3   0   0  92  2.44 0.97
   64 T     1  -1  -2  -3  -3  -1  -3  -4  -5   1  -2  -1  -3  -2  -4   0   3  -5  -2   4   14   4   2   1   0   2   1   0   0   7   2   4   0   2   0   8  23   0   1  30  0.50 0.36
   65 S    -1   4   0  -1  -3   4   1  -4  -2  -2  -2   2   0  -4  -4   0  -1  -2  -2  -1    3  22   3   3   0  19  10   0   1   2   3  11   2   0   0   8   4   0   1   4  0.48 0.34
   66 V    -1  -5  -4  -6  -5  -5  -4  -6  -6   2  -3  -4   0  -4   0  -3   4  -7  -5   6    6   0   1   0   0   0   1   0   0  11   1   1   2   0   5   1  24   0   0  49  1.12 0.59
   67 P    -5  -8  -8  -7  -8  -7  -7  -8  -8  -8  -6  -7  -8  -9   9  -5  -7  -9  -9  -8    1   0   0   0   0   0   0   0   0   0   1   0   0   0  98   1   0   0   0   0  3.51 1.26
   68 H    -2   3  -1  -4  -4   0  -2  -4   3   1  -2   2   2  -2  -4   1   2  -5  -3   1    1  17   2   0   0   4   1   0   8   8   1  15   6   1   0   9  14   0   1  12  0.38 0.30
   69 I    -5  -7  -7  -7  -5  -7  -7  -8  -7   7   0  -7   0  -4  -7  -6  -5  -7  -5   5    0   0   0   0   0   0   0   0   0  59   6   0   2   0   0   0   0   0   0  34  1.88 0.72
   70 T     0  -2  -1  -2  -2  -1  -1  -2  -2  -2  -2  -1  -1  -3  -2   2   6  -3  -2  -1    5   0   0   0   0   0   0   0   0   0   0   0   0   0   0  12  84   0   0   0  0.73 0.11

                      K         Lambda
Standard Ungapped    0.1313     0.3185
Standard Gapped      0.0410     0.2670
PSI Ungapped         0.1313     0.3185
PSI Gapped           0.0410     0.2670
