
Last position-specific scoring matrix computed, weighted observed percentages rounded down, information per position, and relative weight of gapless real matches to pseudocounts
            A   R   N   D   C   Q   E   G   H   I   L   K   M   F   P   S   T   W   Y   V   A   R   N   D   C   Q   E   G   H   I   L   K   M   F   P   S   T   W   Y   V
    1 S     3  -1   0  -1  -1  -1  -1   0  -1  -2  -2  -1  -1  -3  -1   3   1  -3  -2  -1   51   0   0   0   0   0   0   0   0   0   0   0   0   0   0  49   0   0   0   0  0.39 0.02
    2 E    -2   3   4   0  -4   1   3  -2   0  -4  -3   2  -2  -4  -2   0  -1  -4  -3  -3    0  19  36   0   0   0  27   0   0   0   0  17   0   0   0   0   0   0   0   0  0.55 0.09
    3 L    -1   1   2  -1  -2   0   1  -2   0  -1   0   2  -1   0  -2   0   2  -2   2  -1    0   6  12   0   0   0  10   0   2   3  10  18   0   3   0   6  19   0  10   0  0.13 0.04
    4 D    -2  -1   3   5  -3   1   1  -2   4  -3  -3  -1  -3  -3  -2   0  -1  -4  -2  -2    0   0  19  43   0   9   3   0  15   0   0   0   0   0   0   6   0   0   0   4  0.57 0.09
    5 A     0   1   1  -1  -3   0   1   0   1   0  -2   2  -1  -2   0  -1   0  -3   0  -1    8   5   8   0   0   0  10   9   6  13   0  27   0   0   4   0   5   0   4   0  0.12 0.05
    6 K    -1   1  -1   0  -3   1   1  -2  -2   1  -1   3  -1  -3  -2  -1   0  -3  -2   0    2   7   0   4   0   3   9   2   0  19   0  39   0   0   0   1   5   0   0   8  0.22 0.08
    7 L    -2   0  -3  -4  -3  -2  -3  -4  -2   1   3   0   6   0  -4  -3  -2  -2   3   0    0   5   0   0   0   0   0   0   0   5  32   7  34   0   0   0   0   0  13   4  0.49 0.17
    8 N    -1   4   2   2  -3   0   0  -2   1  -4  -4   2  -3  -4  -1   2   0  -4  -3  -3    0  34  11  13   0   0   2   0   3   0   0  13   0   0   2  20   3   0   0   0  0.49 0.16
    9 K     1  -1  -1  -2  -2   0   1  -2   0   1   1   0   1  -2   2  -1  -1  -3  -2   1   14   3   2   0   0   1  13   0   3  10  18   9   4   0  14   0   2   0   0   9  0.15 0.07
   10 L     0   1   0   0  -3   0   2  -2  -1  -1  -1   1  -2  -1   3   0  -1  -3   0  -2   10   8   5   1   0   0  23   0   0   6   5   9   0   2  19   5   3   0   5   0  0.27 0.10
   11 G    -1   0   1   3  -4   0   2   1   2  -3  -3   3  -2  -3  -2  -1  -2   0   0  -2    2   1   6  19   0   2  12  13   7   0   0  28   0   0   0   1   0   2   3   3  0.32 0.12
   12 V     0  -2  -4  -4  -2  -3  -3  -4  -4   4   0  -3   0   0  -3  -2   0  -3  -2   4    9   3   0   0   0   0   0   0   0  35   2   0   0   4   0   0   5   0   0  43  0.49 0.17
   13 D    -1  -3  -1   2  -2  -2  -2  -3  -3   3   2  -3   0  -1  -3  -1  -1  -3  -2   2    2   0   3  20   0   0   0   0   0  25  22   0   0   0   0   6   0   0   0  23  0.29 0.13
   14 R    -1   4   2   1  -4   0   0  -1  -1  -1  -2   2  -2  -3  -2   0  -1  -4  -3  -2    2  34  13  10   0   0   5   2   0   5   4  18   0   0   0   6   0   0   0   0  0.39 0.13
   15 I    -1  -1   2  -1  -3  -1  -2   3  -2   0  -2  -2  -2   1  -3   1   1  -3  -2   0    0   2  16   1   0   3   0  30   0   7   0   0   0  10   0  11  14   0   0   6  0.27 0.11
   16 A     5  -3  -2  -3   2  -2  -2  -1  -3   0  -2  -2  -2  -3  -2   2  -1  -4  -3  -1   70   0   0   0   5   0   0   0   0   8   0   0   0   0   0  17   0   0   0   0  0.68 0.23
   17 I    -2  -2  -4  -4  -2  -3  -4  -5  -4   5   1  -3   1  -1  -4  -3   0  -4  -2   4    0   3   0   0   0   0   0   0   0  51  10   0   2   0   0   0   4   0   0  31  0.67 0.21
   18 S    -1  -3   2  -2  -3  -2  -2   5  -2  -5  -5  -2  -3  -4  -3   3  -1  -4  -4  -4    0   0  14   0   0   0   0  52   0   0   0   0   0   0   0  35   0   0   0   0  0.90 0.25
   19 P    -2  -1  -1  -2  -4   0   0  -2  -3  -3  -4  -2  -3  -3   7   1   1  -4  -4  -3    0   4   3   0   0   4   6   2   0   1   0   0   0   1  57  15   9   0   0   0  1.17 0.25
   20 Y    -2  -2  -2  -3  -4   2   0  -1   3  -2  -1  -2  -2   3  -4  -1  -2   0   6  -3    0   0   0   0   0  13   7   6   9   0   6   0   0  17   0   5   0   0  38   0  0.61 0.21
   21 K    -1   1   1   4  -4   1   1  -1  -2  -4  -4   3  -3  -4   2  -1  -1  -4  -3  -3    3   8   6  28   0   8   8   4   0   0   0  24   0   0  10   0   1   0   0   0  0.48 0.14
   22 Q     0   1   2   2  -1   2   1  -2   2  -4  -3   3  -2  -3  -1  -1  -2  -3   0  -3    7   6   9  16   2  14   6   1   8   0   0  26   0   0   1   0   0   0   3   0  0.36 0.13
   23 W    -3  -3   2  -3  -4  -3  -3  -4   3  -2   0  -3  -2   4  -4  -3  -3   4   7  -1    0   0  13   0   0   0   0   0   8   0   8   0   0  17   0   0   0   5  47   3  0.91 0.25
   24 T    -1  -5  -4  -5  10  -4  -5  -4  -5  -3  -3  -4  -3  -4  -4   1  -1  -4  -4  -3    2   0   0   0  83   0   0   0   0   0   0   0   0   0   0  12   3   0   0   0  2.29 0.43
   25 R     0   1  -1   3  -3   1   1  -1  -2   0  -1   1   1  -3  -2  -1  -1  -4  -3  -1   11   7   0  29   0   8   8   3   0  11   6   8   8   0   0   0   3   0   0   0  0.21 0.11
   26 G     0  -4  -2  -3  -4  -3  -4   7  -4  -5  -5  -3  -4  -5  -4  -2  -3  -4  -5  -5    4   0   0   0   0   0   0  96   0   0   0   0   0   0   0   0   0   0   0   0  1.74 0.35
   27 Y     0  -4  -4  -5  -4  -3  -4  -4  -1  -1  -2  -4  -2   4  -4  -3  -1   0   8  -2    8   0   0   0   0   0   0   0   0   4   0   0   0  19   0   0   3   0  66   0  1.35 0.33
   28 M     0   1   1  -2  -3  -1  -2   3  -2  -2   0  -1   4  -2  -3  -1   1   3  -2  -1    6   8   7   0   0   2   0  34   0   0   6   0  19   0   0   2   9   4   0   2  0.31 0.14
   29 E    -1  -1   4   1  -3  -1   1   2  -1  -2   0  -1   1  -2  -2   0  -1  -3  -2  -2    5   2  30   8   0   0  13  15   0   0  12   0   7   0   0   3   1   0   0   1  0.27 0.12
   30 P    -1   1   2  -1  -3   1  -1  -2  -2  -3  -2  -1  -2  -4   6  -1  -2  -4  -3  -3    5   7  14   2   0   9   1   1   0   1   3   1   0   0  53   1   1   0   0   1  1.03 0.21
   31 G    -1  -3  -1   1  -3  -2  -2   6  -3  -4  -4  -2  -3  -4   1   0  -2  -3  -4  -4    1   0   0  10   0   0   1  73   0   0   1   0   0   0   6   5   0   0   0   1  1.05 0.24
   32 N     3   1   3  -1  -2  -1  -1   1  -2  -2  -3   0  -1  -3   2   0  -1  -3  -3  -1   38   8  20   0   0   0   0   9   0   0   0   4   2   0   9   4   0   0   0   3  0.33 0.15
   33 I    -1  -2  -1  -2  -3  -1  -1  -2   1   1  -2   0  -2   0  -3   2   0  -1   5  -1    3   0   2   1   0   2   2   2   3  11   2   5   0   0   0  27   4   0  35   1  0.38 0.19
   34 G    -1  -3   1  -2   3  -2  -3   5  -3  -3  -3  -1  -3   2  -3   0  -1  -3  -2  -3    0   0   8   0  10   0   0  55   0   0   0   4   0  16   0   4   4   0   0   0  0.67 0.19
   35 N    -2  -2   4   0  -3  -1   0  -2   1   2   1   0  -1  -2  -2  -1   0   3   0  -1    0   0  30   2   0   2   7   1   4  18  19   4   0   0   1   0   3   6   2   1  0.21 0.12
   36 G     3  -3   2  -2  -3  -2  -2   5   1  -4  -4  -2  -3  -4  -3  -1  -2  -4  -3  -3   31   0  11   0   0   0   0  54   4   0   0   0   0   0   0   0   0   0   0   0  0.79 0.21
   37 Y    -3  -3  -4  -4  -4  -3  -4  -5   0  -2  -2  -3  -2   3   2  -3  -3   0   8   0    0   0   0   0   0   0   0   0   0   0   0   0   0   8  10   0   0   0  74   8  1.39 0.33
   38 V    -2  -3   1  -3  -2  -3  -3  -1   2   4   0  -3   0   0  -3  -2  -1  -3  -1   4    0   0   8   0   0   0   0   5   8  33   3   0   0   4   0   0   0   0   0  39  0.39 0.17
   39 T     1  -2   1  -2  -2  -2  -2  -2  -2   1   1  -2  -1  -2  -2   2   2  -3  -2   2    9   0   8   0   0   0   0   0   0  10  11   0   0   0   0  22  20   0   0  20  0.21 0.11
   40 G     2  -2  -1   0  -2  -2  -2   3  -3   0  -1  -2  -1  -2  -2   1   1  -3  -2   1   27   0   0   5   0   0   0  23   0   6   6   0   0   0   0  10  10   0   0  13  0.22 0.10
   41 L     0  -3  -3  -4   1  -3  -3  -3  -3   3   3  -3   2  -1  -3   0  -1  -3  -2   1    8   0   0   0   4   0   0   0   0  23  46   0   7   0   0   8   0   0   0   5  0.38 0.14
   42 K     0   0   0  -2  -3   1  -1   1  -2  -1  -2   4  -2  -3  -2   0   2  -3  -2  -1    9   0   5   0   0   4   0  10   0   4   0  45   0   0   0   0  17   0   0   5  0.31 0.14
   43 V     1  -2  -3  -3  -2  -2  -2  -3  -3   1   3   0   0  -1  -3   0  -1  -3  -2   2   12   0   0   0   0   0   0   0   0   0  43   8   0   0   0  10   0   0   0  27  0.29 0.14
   44 D     1  -1   0   1  -2   0  -1   0   2  -2  -3   0  -2  -3  -2   3   2  -4  -2   0   10   0   0  10   0   2   1   7   6   0   0   5   0   0   0  34  18   0   0   8  0.27 0.13
   45 A     0   1  -2  -3   1  -2  -2  -3  -3   2  -1  -2  -1  -2   1   0   2  -3  -2   3    9  10   0   0   3   0   0   0   0  18   0   0   0   0   8   3  22   0   0  28  0.25 0.13
   46 G     1   1   0   0  -3  -2   1   5  -2  -4  -4  -2  -3  -4  -3  -1  -2  -4  -4  -4   12   8   3   4   0   0  10  63   0   0   0   0   0   0   0   0   0   0   0   0  0.80 0.20
   47 V    -1   3  -1  -2  -2   0   0  -3  -2   0  -1   2  -1  -3  -2   0   3  -3  -2   1    1  19   0   0   0   3   4   0   0   5   3  18   1   0   0   3  29   0   0  15  0.26 0.13
   48 R    -2   1  -3  -4  -2  -3  -3  -4  -3   2   0  -2  -1   4  -3  -1   0  -2   0   4    0  11   0   0   0   0   0   0   0  10   0   0   0  23   0   6   4   0   0  46  0.39 0.17
   49 D     0   1   0   2  -3   0   1  -2  -2  -3  -3   3  -2  -3   1   3  -1  -4  -1  -2    2   5   0  16   0   0   7   0   0   0   0  24   0   0   5  37   0   0   2   2  0.39 0.16
   50 K     0   2  -1  -2  -3   0  -1  -3   5  -1   0   3  -1  -2  -2  -1   0  -3  -1  -1   11  13   0   0   0   0   0   0  24   4  15  25   0   0   0   0   6   0   0   3  0.30 0.14
   51 S     1  -2   0   2  -2   0   2   1  -2  -2  -1  -1  -2  -3  -2   1   2  -3  -3  -2   15   0   1  14   0   0  22   9   0   0   7   1   0   0   0   7  24   0   0   0  0.25 0.09
   52 D    -1  -2   0   3  -3  -2  -1   4  -2  -2   0   0   2  -2  -1  -1  -2  -3  -2  -2    0   0   4  25   0   0   0  37   0   0  15   5  11   0   2   0   0   0   1   0  0.37 0.11
   53 D    -2  -2   0   6  -4  -1   0  -1  -2  -4  -4  -2  -4  -4  -2   3  -1  -5  -4  -4    0   0   0  64   0   0   0   3   0   0   0   0   0   0   0  32   0   0   0   0  0.98 0.21
   54 D     0   0   1   2  -3   1   2  -2  -1  -2  -2   1  -1  -2   1   0   0  -3  -2  -1   12   2   8  14   0   5  21   0   0   1   2  13   3   2   8   0   6   0   0   4  0.22 0.06
   55 V    -1   0   0  -3  -2  -2  -3   2  -3   2   2  -2   0  -1  -3  -2  -1  -3  -2   2    0   6   6   0   0   0   0  23   0  14  24   0   0   0   0   0   3   0   0  24  0.20 0.08
   56 L    -2  -3  -3  -4   0  -3  -3  -4  -4   2   4  -3   1  -1  -3  -2   2  -3  -2   1    0   0   0   0   2   0   0   0   0  15  60   0   0   0   0   0  19   0   0   4  0.49 0.14
   57 D    -1  -2   0   6   1   0   3  -2  -2  -4  -4   0  -4  -4  -2   0  -2  -5  -4  -4    3   0   0  60   4   0  26   0   0   0   0   3   0   0   0   4   0   0   0   0  0.92 0.18
   58 G     1   2   2  -1  -3   0   0   4  -1  -4  -3   1  -2  -4  -2   0  -1  -3  -3  -3   10  17  12   0   0   3   7  36   0   0   0   6   0   0   0   7   1   0   0   0  0.41 0.09
   59 I    -2  -4  -4  -4  -2  -4  -4  -5  -4   6   0  -4   2  -1  -4  -3  -1  -4  -2   2    0   0   0   0   0   0   0   0   0  84   0   0   7   0   0   0   3   0   0   6  0.91 0.21
   60 V     0  -3   2  -3   2  -2  -3  -2  -3   1   1  -3   1  -2  -3  -2  -1  -4  -2   4    7   0  15   0   6   0   0   1   0   3  10   0   3   0   0   0   0   0   0  54  0.34 0.13
   61 S     4  -2  -1  -2  -2  -1  -1  -1  -2  -3  -3  -1  -2  -3  -2   4   1  -4  -3  -2   46   0   0   0   0   0   0   0   0   0   0   0   0   0   0  46   8   0   0   0  0.63 0.18
   62 Y    -3  -3  -3  -4  -4  -3  -4  -2   0  -2  -2  -2  -2   5  -4  -3  -3   1   8  -2    0   0   0   0   0   0   0   4   0   0   0   2   0  28   0   0   0   0  66   0  1.33 0.25
   63 D    -3  -3   0   7  -5  -2   0   0  -3  -5  -5  -2  -4  -5  -3  -2  -2  -6  -5  -5    0   0   0  93   0   0   0   7   0   0   0   0   0   0   0   0   0   0   0   0  1.53 0.26
   64 R    -2   6  -1   0  -4   0   0  -3  -1  -3   0   2  -2  -3  -3  -1  -1  -4  -3  -3    0  59   0   5   0   0   6   0   0   0  12  14   0   0   0   3   1   0   0   0  0.65 0.16
   65 A     5  -3  -3  -3   6  -2  -2  -1  -3  -3  -3  -2  -2  -3  -2   0  -1  -4  -3  -1   79   0   0   0  19   0   0   2   0   0   0   0   0   0   0   0   0   0   0   0  0.90 0.22
   66 E    -2   0  -2   0  -5   1   6  -1  -1  -5  -4   0  -3  -5  -3  -1  -2  -4  -3  -4    0   4   0   0   0   0  93   4   0   0   0   0   0   0   0   0   0   0   0   0  1.26 0.26
   67 T     2  -1  -2  -3   4  -2  -2  -2  -3   1  -1   0  -1  -2  -2  -1   2  -3  -2   2   22   4   0   0  12   0   0   0   0   7   0   8   0   0   0   0  17   0   0  30  0.25 0.10
   68 K     1  -1   4   1  -2   0   1   0  -1  -3  -3   1  -2  -3  -2   1   1  -3  -1  -2   15   0  28   6   0   0   9   3   0   0   1  15   0   0   0  13   8   0   2   0  0.29 0.09
   69 N    -2   0   2   5  -4  -1   1   3  -2  -4  -4  -1  -4  -4  -3  -1  -2  -4  -4  -4    0   6  11  50   0   0   4  29   0   0   0   0   0   0   0   0   0   0   0   0  0.79 0.16
   70 A     4  -2  -2  -2  -1  -1  -2  -1  -2  -2  -2  -1   1  -3   0   0   3  -3  -2  -1   63   0   0   0   0   0   0   1   0   0   1   0   6   0   4   1  22   0   0   0  0.50 0.15
   71 Y    -3  -2   2  -3  -3  -2  -3  -3   2  -3  -2  -3  -2   1  -3  -2  -2   1   8  -2    1   0  12   0   0   0   0   1   4   0   1   0   0   0   0   1   0   0  77   0  1.30 0.24
   72 I    -2  -3  -4  -4   1  -3  -4  -4  -3   4   3  -3   2   1  -4  -3  -1  -2   1   2    0   0   0   0   3   0   0   0   0  40  28   0   5   4   0   0   0   0   7  13  0.44 0.11
   73 G    -1  -4  -2  -3  -4  -3  -3   7  -3  -5  -5  -3  -4  -5  -3  -2  -3  -4  -4  -5    0   0   0   0   0   0   0 100   0   0   0   0   0   0   0   0   0   0   0   0  1.68 0.25
   74 Q    -1   1  -1  -1  -4   7   2  -3  -1  -4  -4   0  -2  -5  -3  -1  -2  -3  -3  -4    2   6   0   0   0  83   9   0   0   0   0   0   0   0   0   0   0   0   0   0  1.25 0.27
   75 I    -2  -3  -3  -4  -2  -3  -3  -4  -4   6   1  -3   0  -1  -3  -3   0  -3  -2   2    1   0   0   0   0   0   0   1   0  74   9   0   0   0   0   1   4   0   0   7  0.68 0.16
   76 N    -3  -2   8   2  -4  -1  -1  -2  -1  -5  -5  -2  -4  -5  -3  -1  -1  -5  -4  -4    0   0  93   7   0   0   0   0   0   0   0   0   0   0   0   0   0   0   0   0  1.52 0.28
   77 M    -1  -3  -4  -5  -3  -2  -4  -4  -3   0   1  -3   8   0  -4  -3  -2  -3  -2   1    3   0   0   0   0   0   0   0   0   0   6   0  78   4   0   0   0   0   0   9  1.17 0.28
   78 T    -2  -3  -3  -4  -2  -3  -2  -4  -3   4   3  -3   2  -1  -3  -2   0  -3  -2   2    0   0   0   0   0   0   2   0   0  41  32   0   6   0   0   3   6   0   0  10  0.43 0.12
   79 T     0  -2   1  -2  -2   0  -2   0  -2   0  -2  -1  -2  -3  -2   0   5  -4  -3   0    6   0   7   0   0   5   0   6   0   7   0   2   0   0   0   0  63   0   0   3  0.51 0.17
   80 A     4  -3  -3  -3  -1  -2  -2  -2  -3   0  -1  -2  -1  -3  -2   0   0  -4  -3   3   62   0   0   0   0   0   0   0   0   0   0   0   0   0   0   0   4   0   0  34  0.56 0.18
   81 S     0  -2  -1  -2  -2  -2  -2  -2  -2  -4  -4  -2  -3  -4  -2   6   1  -4  -3  -3    0   0   0   0   0   0   0   0   0   0   0   0   0   0   0  95   5   0   0   0  1.13 0.29

                      K         Lambda
Standard Ungapped    0.1337     0.3119
Standard Gapped      0.0458     0.2670
PSI Ungapped         0.1496     0.3174
PSI Gapped           0.0458     0.2670
