
Last position-specific scoring matrix computed, weighted observed percentages rounded down, information per position, and relative weight of gapless real matches to pseudocounts
            A   R   N   D   C   Q   E   G   H   I   L   K   M   F   P   S   T   W   Y   V   A   R   N   D   C   Q   E   G   H   I   L   K   M   F   P   S   T   W   Y   V
    1 S     3  -2   0  -1  -1  -1  -1   1  -2  -2  -3  -1  -2  -3  -1   4   2  -3  -2  -2   29   0   0   0   0   0   0  10   0   0   0   0   0   0   0  50  10   0   0   0  0.42 0.07
    2 A     4  -2  -1   0  -2  -1   0   2  -2  -2  -2  -1   0  -3  -2   2  -1  -3  -1   0   48   0   0   5   0   0   4  13   0   0   0   0   3   0   0  17   0   0   3   7  0.33 0.11
    3 K     0   3   1  -1  -3   1   1   0  -1  -3  -3   1  -2  -3  -2   1   1  -3  -3  -1    4  28   9   0   0   4   9   8   0   0   0   6   0   0   0  14  14   0   0   5  0.29 0.10
    4 E    -3  -2   0   3  -5   1   6  -4  -2  -5  -5  -1  -4  -5  -2  -2  -1  -5  -4  -4    0   0   2  15   0   3  76   0   0   0   0   0   0   0   1   0   3   0   0   0  1.31 0.36
    5 L    -3  -4  -5  -5  -3  -4  -5  -6  -5   0   6  -1   0  -2  -5  -4  -3  -4  -3   1    0   0   0   0   0   0   0   0   0   0  90   4   0   0   0   0   0   0   0   6  1.19 0.37
    6 R    -4   8  -3  -4  -6   0  -2  -3   0  -5  -4   1  -4  -5  -4  -2  -3  -5   0  -5    0  86   0   0   0   3   0   2   2   0   0   2   0   0   0   1   0   0   3   0  1.68 0.48
    7 C    -3  -6  -6  -7  11  -6  -7  -6  -6  -4  -4  -6  -4  -5  -6  -4  -4  -5  -1  -4    0   0   0   0  97   0   0   0   0   0   0   0   0   0   0   0   0   0   3   0  3.38 0.69
    8 Q    -2   0  -2  -3  -3   5  -1  -4  -1   0   0   1   4  -2  -3   0   0  -4  -3   2    0   2   1   0   0  40   0   0   1   3   7   7  14   1   0   5   4   0   0  16  0.51 0.27
    9 C    -3  -7  -6  -7  11  -6  -7  -6  -6  -4  -4  -6  -4  -5  -6  -4  -4  -5  -5  -4    0   0   0   0 100   0   0   0   0   0   0   0   0   0   0   0   0   0   0   0  3.55 0.71
   10 I    -3  -4  -5  -5  -3  -4  -4  -5  -4   4   4  -4   2  -1  -4  -4  -1  -4  -3   3    0   0   0   0   0   0   0   0   0  29  45   0   6   0   0   0   1   0   0  19  0.76 0.26
   11 K    -2   1   2  -1  -4   4   0  -2   1  -4  -4   5  -2  -4  -3   0   1  -4  -3  -3    0   3   9   1   0  23   1   2   3   0   0  42   0   0   0   5   8   0   0   0  0.62 0.26
   12 T    -2  -3  -2  -3  -3  -3  -1  -4  -4  -1  -2  -3   1  -4   0  -1   7  -4  -4   0    1   0   0   0   0   0   2   0   0   3   1   0   4   0   5   1  77   0   0   5  1.12 0.41
   13 Y    -1  -2  -1  -3  -2  -2  -2  -2   4   1   1  -2   1  -1  -2   0   3  -3   0   1    1   0   1   0   0   0   0   2  17   7  11   0   3   2   1   6  28   0   2  15  0.29 0.17
   14 S     0  -2   1  -2  -3   3  -1  -2   0  -3  -3  -1  -2  -1   1   4   2  -3  -2  -3    3   0   5   0   0  18   1   1   2   0   2   1   0   3   8  41  14   0   0   0  0.48 0.23
   15 K    -1   2  -1   0  -3   2  -1   4  -1  -3  -3   1  -3  -4   1  -1   1  -4  -3  -2    2  14   1   5   0  10   0  35   2   1   2   8   0   0   7   2  11   0   0   1  0.39 0.18
   16 P    -1   0  -1  -1  -2  -1  -1   2  -1  -1  -1  -1   0   0   4   0   0  -1  -1  -1    3   7   2   2   1   2   3  19   1   5   6   2   2   6  24   4   7   1   2   3  0.27 0.07
   17 F    -3  -4  -5  -5  -3  -4  -5  -5  -4   6   0  -4   0   3  -4  -2   0  -4  -2   3    0   0   0   0   0   0   0   0   0  53   4   0   1  12   0   2   4   0   0  23  0.83 0.31
   18 H    -2   2   1  -1  -2  -1  -2  -1   9  -5  -2  -2  -3  -3  -2  -1  -3  -4   0  -4    2  10   6   3   1   2   0   4  60   0   3   0   0   0   2   4   0   0   2   0  1.28 0.40
   19 P    -2   0  -4  -3  -4  -2  -3  -4   0  -3   1  -3  -3   0   7  -2  -3   0  -3  -3    2   5   0   0   0   1   0   0   2   0  15   0   0   4  65   3   0   2   0   0  1.45 0.38
   20 K    -2   3  -1  -2  -5   1   0  -1   1  -5  -4   5  -2  -5  -3   1  -2  -5  -3  -4    0  17   1   0   0   5   2   4   3   0   0  55   1   0   0  11   0   0   0   0  0.84 0.33
   21 F    -2  -2   5  -1  -4  -1  -2  -3   3  -2   0  -2   4   1   0   0   0  -3   1  -2    1   1  36   1   0   1   0   0   9   1   9   1  14   7   4   5   4   0   5   1  0.44 0.24
   22 I    -3  -5  -5  -5  -3  -5  -5  -6  -5   7   1  -5   1  -1  -5  -5  -3  -5  -3   1    0   0   0   0   0   0   0   0   0  83   7   0   3   2   0   0   0   0   0   5  1.42 0.44
   23 K     0   1  -1  -1  -3   4   1  -2   0  -1  -3   2  -2  -4  -3   1   1  -4  -3  -1    7   6   1   2   0  32   5   2   1   5   1  14   0   0   0  11   8   0   0   4  0.37 0.20
   24 E     0   0   4   1  -2   0   2  -2   1  -4  -4   1  -3  -4  -3   4   0  -5  -3  -4    4   3  22   5   1   2  13   1   3   0   0   9   0   0   0  36   2   0   0   0  0.52 0.25
   25 L    -3  -4  -5  -5  -3  -4  -5  -5  -5   0   5  -4   2  -2  -5  -4  -3  -4  -3   4    0   0   0   0   0   0   0   0   0   0  62   0   4   0   0   0   0   0   0  33  0.95 0.35
   26 R    -2   3   0   0  -5   3   4  -3  -2  -3  -4   3  -3  -5  -3  -1  -1  -4  -3  -3    1  15   4   4   0  18  30   0   0   1   0  22   0   0   0   1   3   0   0   1  0.66 0.26
   27 V    -1  -4  -5  -5  -3   0  -4  -5   0   1   0  -4   1  -3  -4  -4  -2  -5  -3   6    2   0   0   0   0   4   0   0   3   2   5   0   4   0   0   0   0   0   0  80  1.12 0.41
   28 I    -3  -3  -2  -4  -3  -3  -4  -5  -4   5   1  -1   1   2  -4  -3   2  -3  -2   1    0   1   2   0   0   0   0   0   0  53   7   4   2  11   0   0  16   0   0   5  0.63 0.28
   29 E     1   2  -2   0  -3  -1   1   0  -3  -4  -4   1  -3  -2   5   0  -1  -4  -3  -2   17  12   0   4   0   1   8   5   0   0   0   7   0   3  33   7   2   0   0   1  0.59 0.22
   30 S     4  -1  -3  -3  -3  -2  -2  -2  -3  -2  -3   0  -3  -4   5   2  -2  -5  -4  -1   40   3   0   0   0   0   1   0   0   2   0   5   0   0  29  16   0   0   0   3  0.76 0.30
   31 G    -1  -4  -2  -3  -4  -4  -4   7  -4  -6  -6  -4  -5  -5  -4   1  -3  -5  -5  -5    2   0   0   0   0   0   0  88   0   0   0   0   0   0   0  10   0   0   0   0  1.73 0.43
   32 P     0  -3  -2  -3  -4  -2  -3  -2  -4  -1  -2  -3  -4  -3   8  -1  -2  -5  -5  -4    7   1   2   1   0   2   0   2   0   4   3   0   0   1  72   4   1   0   0   0  1.67 0.40
   33 H    -3  -2  -2  -3  -5   3  -2  -1   9  -6  -5  -3  -4  -4  -4   0  -3  -5   0  -5    0   1   0   0   0  14   0   5  71   0   0   0   0   0   0   8   0   0   2   0  1.86 0.49
   34 C    -3  -6  -6  -6  11  -6  -7  -2  -6  -4  -4  -6  -4  -5  -6  -4  -4  -5  -5  -4    0   0   0   0  97   0   0   3   0   0   0   0   0   0   0   0   0   0   0   0  3.38 0.67
   35 A     3  -1   0   0  -3  -1   1  -1   0  -3  -3  -1  -3  -4   3   2   0  -4  -3  -3   29   4   4   6   0   0   8   3   2   0   1   1   0   0  18  21   4   0   0   0  0.44 0.19
   36 N    -2   2   4  -1  -4   3   0  -3   0  -3  -3   3  -3  -4  -3   0   1  -4  -3  -3    0   9  29   1   0  18   3   0   1   1   2  21   0   0   0   3  12   0   0   1  0.55 0.24
   37 T    -1  -3  -1  -2  -2  -3  -3  -3  -3   0  -1  -2  -2  -3   1   1   4  -4  -3   3    4   0   2   2   0   0   0   0   0   2   4   2   0   0   7   8  38   0   0  32  0.49 0.25
   38 C    -3  -2  -2  -1  -2   4   7  -4  -2  -5  -5  -1  -4  -5  -3  -2  -3  -5  -4  -4    0   0   0   0   1  16  80   0   0   0   0   1   0   0   0   0   0   0   0   0  1.51 0.42
   39 I    -2  -4  -4  -4  -3  -4  -3  -3  -5   4   1  -4   2  -2  -4  -3  -2  -4  -3   5    1   0   0   1   0   0   2   2   0  32   7   0   6   0   0   0   0   0   0  51  0.80 0.27
   40 I    -3  -5  -5  -5  -3  -5  -5  -6  -5   7   0  -5   0  -2  -5  -4  -3  -5  -3   2    0   0   0   0   0   0   0   0   0  85   4   0   2   0   0   0   0   0   0   9  1.43 0.39
   41 V     5  -3  -4  -4  -2  -3  -3  -2  -4  -1  -1  -3   1  -1  -2  -1  -2  -4  -3   3   66   0   0   0   0   0   0   1   0   0   2   0   3   3   1   0   0   0   0  23  0.74 0.29
   42 K     0  -1  -2  -2  -3  -1  -1  -3  -3  -2  -3   3  -1  -3  -3   1   5   1  -1  -2    5   1   0   0   0   0   2   0   0   1   0  20   1   0   0   8  56   2   2   1  0.67 0.27
   43 L    -2  -4  -5  -5  -3  -4  -4  -5  -4   1   5  -4   4  -1  -5  -4  -3  -3  -3   0    3   0   0   0   0   0   0   0   0   3  79   0  12   1   0   0   0   0   0   1  1.03 0.31
   44 S    -2   1  -1  -3  -4   0  -1  -3  -3  -2  -2   6  -2  -3  -3  -1  -1  -5  -3   0    1   3   1   0   0   2   1   0   0   2   5  73   0   0   0   3   1   0   0   7  0.89 0.31
   45 D    -3  -2   6   4  -5  -2  -1  -2  -2  -5  -5   1  -4  -5  -3  -1   0  -6  -4  -4    0   0  57  23   0   0   2   1   0   0   0  11   0   0   0   2   4   0   0   0  1.10 0.32
   46 G    -2  -3   1  -2  -4  -2  -2   6  -2  -5  -5   0  -4  -5  -4  -2  -1  -4  -5  -5    0   1   6   1   0   1   2  80   1   0   0   5   0   0   0   1   3   0   0   0  1.33 0.32
   47 R    -1   4   1  -1  -4   3   0  -3   0  -4  -4   3  -2  -4  -3   0   0  -4  -3  -3    3  28   7   3   0  19   3   0   2   0   0  26   1   0   0   5   5   0   0   0  0.59 0.21
   48 E    -2   0  -1   0  -5   2   4  -3  -2  -3  -2   4  -3  -4  -3  -2  -2  -4  -3  -1    0   1   1   3   0   7  40   0   0   0   5  39   0   0   0   0   0   0   0   4  0.73 0.26
   49 L     1  -2  -4  -4  -2  -3  -4  -4  -4   4   1  -3   0  -1  -3  -2  -1  -4  -2   4   14   2   0   0   0   0   0   0   0  25  13   0   1   1   0   0   2   0   0  43  0.53 0.20
   50 A    -1  -6  -5  -6  11  -6  -6  -5  -6  -4  -4  -6  -4  -5  -5  -3  -3  -5  -5  -3    5   0   0   0  95   0   0   0   0   0   0   0   0   0   0   0   0   0   0   0  3.15 0.58
   51 L    -3  -4  -5  -6  -3  -4  -5  -6  -5   0   6  -4   0  -1  -3  -4  -3  -4  -3   1    0   0   0   0   0   0   0   0   0   0  92   0   0   0   1   0   0   0   0   6  1.23 0.35
   52 D    -4  -3   5   6  -5  -2  -1  -3   1  -5  -6  -2  -5  -5  -4  -1  -3  -6  -4  -5    0   0  35  61   0   0   0   0   4   0   0   0   0   0   0   1   0   0   0   0  1.45 0.36
   53 P    -3  -2  -4  -4  -5  -2  -3  -4  -4  -5  -3  -1  -4  -6   8  -3  -2  -6  -5  -4    0   1   0   0   0   1   0   0   0   0   2   4   0   0  89   0   2   0   0   0  2.41 0.46
   54 K     0  -1   1   2  -4   2   4  -3   1  -4  -4   2  -3  -4  -2  -1   0  -4  -3  -3    9   0   5  10   0  12  39   0   3   0   0  16   0   0   0   1   6   0   0   0  0.56 0.19
   55 E     5  -2  -1  -2  -2   1   1  -1  -2  -3  -2  -1  -2  -4  -2   2   0  -4  -3  -2   59   0   2   0   0   6  11   1   0   0   2   3   0   0   0  12   3   0   0   1  0.54 0.23
   56 N    -1  -1  -1   0  -4  -2  -1  -3   1  -4  -4   2  -4  -5   7  -1  -2  -5  -4  -4    3   2   3   6   0   0   2   0   3   0   1  17   0   0  60   2   1   0   0   1  1.35 0.31
   57 W    -2   0  -4  -2  -3  -1  -2  -3  -3   0   2  -1   4   1  -4  -3  -3   8  -1   0    3   7   0   2   0   3   2   1   0   2  22   3  15   4   0   1   0  28   0   7  0.76 0.23
   58 V    -2  -4  -3  -4  -2  -3  -4  -5  -2   3   1  -4   1  -1  -4  -3  -2  -3   3   5    1   0   1   0   0   0   0   0   1  21   8   0   2   1   0   0   0   0  11  53  0.68 0.24
   59 Q    -3   1  -2  -2  -5   5   0  -4  -2  -4  -4   6  -1  -1  -3  -2  -3  -4  -3  -4    0   2   0   0   0  29   2   0   0   1   0  60   1   4   0   0   0   0   0   0  1.05 0.35
   60 R    -3   2  -1  -2  -5   1   0  -3   1  -1  -3   6  -2  -4  -3  -2  -2  -5  -3  -3    0   9   1   1   0   3   5   0   4   4   1  71   0   0   0   0   1   0   0   0  0.97 0.32
   61 V    -2  -4  -4  -5  -3  -4  -4  -5  -4   5   2  -4   1   2  -4  -3  -2  -3  -2   3    1   0   0   0   0   0   0   0   0  50  13   0   2  10   0   2   0   0   0  22  0.70 0.23
   62 V    -2  -4  -5  -5  -3  -4  -4  -5  -5   6   1  -4   1  -2  -4  -3  -2  -4  -3   4    0   0   0   0   0   0   0   0   0  57   6   0   2   0   0   1   0   0   0  34  0.96 0.29
   63 E    -2   1   1   0  -5   5   3  -3  -1  -4  -4   3  -3  -5  -3   0  -2  -4  -3  -4    0   5   5   2   0  42  18   1   0   0   0  21   0   0   0   5   0   0   0   0  0.80 0.27
   64 K    -1   2  -2  -2  -4   0   0  -3  -2   0  -2   6  -1  -4  -3  -2  -1  -4  -3  -1    4   7   0   1   0   0   5   0   0   7   1  66   2   0   0   0   1   0   0   3  0.74 0.26
   65 F    -2  -3  -4  -4  -3  -3  -4  -4  -2   3   2  -2   4   4  -4  -3  -2   3   1   0    2   1   0   0   0   0   0   0   1  25  17   1  18  25   0   0   1   5   3   0  0.56 0.21
   66 L    -3  -3  -5  -5  -3  -3  -3  -5  -4   0   6  -2   2  -1  -4  -3  -3  -3  -3  -1    0   0   0   0   0   0   2   0   0   2  89   2   3   0   0   2   0   0   0   1  1.01 0.30
   67 K    -1   0   3   1  -4   0   3  -2  -1  -4  -3   4  -3  -4  -2   0  -1   0  -3  -4    1   0  20   8   0   1  19   0   0   0   1  41   0   0   0   7   0   1   0   0  0.57 0.20
   68 R    -2   5   0  -1  -4   1   0   0  -1  -2  -3   3  -2  -4  -2   1  -1  -4  -3  -3    0  43   4   2   0   4   3   6   0   3   0  23   0   0   0  11   1   0   0   0  0.53 0.15
   69 A     2  -2   0   0  -1  -2  -1   4  -2  -1  -3  -1  -2  -3  -2   1   0  -3  -3  -1   28   0   3   7   1   0   1  37   0   4   0   2   0   0   0   7   7   0   0   3  0.39 0.10
   70 E    -1   0   1   1  -4   1   5  -1  -1  -4  -3   2  -3  -4   1   1  -1  -4  -3  -3    0   2   5   5   0   4  51   3   0   0   1  12   0   0   6  11   0   0   0   0  0.55 0.13
   71 N     0   0   3  -1  -2   1  -1   0   0  -3  -3   1  -2  -3  -2   4   2  -4  -2  -2    0   2  18   0   0   5   0   5   2   0   0   7   0   0   0  50  11   0   0   0  0.42 0.10
   72 S     1  -1   4   0  -2  -1  -1   1  -1  -3  -3  -1  -2  -3  -2   2   2  -3  -2  -2   16   0  30   0   0   0   0  10   0   0   0   0   0   0   0  27  17   0   0   0  0.36 0.05

                      K         Lambda
Standard Ungapped    0.1351     0.3204
Standard Gapped      0.0410     0.2670
PSI Ungapped         0.1351     0.3204
PSI Gapped           0.0410     0.2670
