
Last position-specific scoring matrix computed, weighted observed percentages rounded down, information per position, and relative weight of gapless real matches to pseudocounts
           A  R  N  D  C  Q  E  G  H  I  L  K  M  F  P  S  T  W  Y  V   A   R   N   D   C   Q   E   G   H   I   L   K   M   F   P   S   T   W   Y   V
    1 M   -1 -1 -2 -3 -1  0 -2 -3 -2  1  2 -1  5  0 -2 -1 -1 -1 -1  1    0   0   0   0   0   0   0   0   0   0   0   0   0   0   0   0   0   0   0   0  0.00     0.00
    2 E   -1  0  0  2 -4  2  5 -2  0 -3 -3  1 -2 -3 -1  0 -1 -3 -2 -3    0   0   0   0   0   0 100   0   0   0   0   0   0   0   0   0   0   0   0   0  0.75 0.01
    3 N    0 -1  4  0 -2  0  0  0  0 -3 -3  0 -2 -3 -1  3  1 -3 -2 -2    0   0  34   0   0   0   0   0   0   0   0   0   0   0   0  66   0   0   0   0  0.43 0.01
    4 T   -1 -1  4  0 -2  0 -1 -1 -1 -2 -2 -1 -1 -3 -2  1  4 -3 -2 -1    0   0  44   0   0   0   0   0   0   0   0   0   0   0   0   0  56   0   0   0  0.42 0.01
    5 S    0  4  0 -1 -2  0  0 -1 -1 -2 -2  1 -1 -3 -2  2  2 -3 -2 -2    0  44   0   0   0   0   0   0   0   0   0   0   0   0   0  34  22   0   0   0  0.35 0.01
    6 S    0 -2 -1 -1 -2 -1 -1 -1 -1 -1 -1 -1 -1  4 -2  3  0 -1  1 -1    0   0   0   0   0   0   0   0   0   0   0   0   0  44   0  56   0   0   0   0  0.28 0.01
    7 M    0 -2 -1 -2 -1 -1 -2 -2 -2  1  1 -1  3 -1 -2  0  3 -2 -1  2    0   0   0   0   0   0   0   0   0   0   0   0  34   0   0   0  44   0   0  22  0.22 0.01
    8 K   -1  1  0  3 -4  1  4 -2 -1 -3 -3  3 -2 -4 -1  0 -1 -3 -2 -3    0   0   0  22   0   0  44   0   0   0   0  34   0   0   0   0   0   0   0   0  0.50 0.01
    9 E   -1  4  0  1 -4  2  4 -2  0 -3 -3  2 -2 -3 -2  0 -1 -3 -2 -3    0  44   0   0   0   0  56   0   0   0   0   0   0   0   0   0   0   0   0   0  0.57 0.01
   10 M    2 -2 -2 -3 -1 -1 -2 -1 -2  0  1 -1  5 -1 -2  0  0 -2 -1  0   44   0   0   0   0   0   0   0   0   0   0   0  56   0   0   0   0   0   0   0  0.22 0.01
   11 A    3 -2 -2 -2 -1 -2 -2 -1 -2  2  0 -2  0 -1 -2  0  0 -3 -2  1   56   0   0   0   0   0   0   0   0  44   0   0   0   0   0   0   0   0   0   0  0.20 0.01
   12 T    0  0  0 -1 -1  0 -1 -2 -2 -1 -2  2 -1 -3 -1  1  4 -3 -2  0    0   0   0   0   0   0   0   0   0   0   0  22   0   0   0   0  78   0   0   0  0.38 0.01
   13 L   -2 -2 -4 -4 -1 -2 -3 -4 -3  2  4 -3  2  0 -3 -3 -1 -2 -1  1    0   0   0   0   0   0   0   0   0   0 100   0   0   0   0   0   0   0   0   0  0.47 0.01
   14 L   -2 -2 -4 -4 -1 -2 -3 -4 -3  2  4 -3  2  0 -3 -3 -1 -2 -1  1    0   0   0   0   0   0   0   0   0   0 100   0   0   0   0   0   0   0   0   0  0.47 0.01
   15 T    0  0 -1 -1 -2  4  0 -2 -1  0 -1  0  0 -2 -2  0  3 -3 -2  1    0   0   0   0   0  44   0   0   0   0   0   0   0   0   0   0  34   0   0  22  0.25 0.01
   16 S    0 -1  4  1 -2  0  0  0  0 -3 -3  0 -2 -3 -1  3  1 -3 -2 -2    0   0  44   0   0   0   0   0   0   0   0   0   0   0   0  56   0   0   0   0  0.45 0.01
   17 L   -2 -2 -4 -4 -1 -2 -3 -4 -3  2  4 -3  2  0 -3 -3 -1 -2 -1  1    0   0   0   0   0   0   0   0   0   0 100   0   0   0   0   0   0   0   0   0  0.47 0.01
   18 G    0 -3 -1 -1 -3 -2 -2  6 -2 -4 -4 -2 -3 -3 -2  0 -2 -3 -3 -3    0   0   0   0   0   0   0 100   0   0   0   0   0   0   0   0   0   0   0   0  1.07 0.01
   19 V    0 -3 -3 -3 -1 -2 -3 -3 -3  3  1 -3  1 -1 -3 -2  0 -3 -1  4    0   0   0   0   0   0   0   0   0   0   0   0   0   0   0   0   0   0   0 100  0.37 0.01
   20 I   -1 -3 -3 -3 -1 -2 -3 -4 -3  4  2 -3  3  0 -3 -2 -1 -3 -1  2    0   0   0   0   0   0   0   0   0  78   0   0  22   0   0   0   0   0   0   0  0.35 0.01
   21 Q   -1  1  0  0 -3  5  2 -2  0 -3 -2  3 -1 -3 -1  0 -1 -2 -2 -2    0   0   0   0   0  78   0   0   0   0   0  22   0   0   0   0   0   0   0   0  0.58 0.01
   22 S    1 -1  1  0 -1  0  0  0 -1 -3 -3  0 -2 -3 -1  4  1 -3 -2 -2    0   0   0   0   0   0   0   0   0   0   0   0   0   0   0 100   0   0   0   0  0.48 0.01
   23 A    3 -1 -1 -1 -1  2  0 -1 -1 -2 -2  0 -1 -3 -1  1  2 -3 -2 -1   56   0   0   0   0  22   0   0   0   0   0   0   0   0   0   0  22   0   0   0  0.27 0.01
   24 Q    1  0  0 -1 -2  3  1 -1  4 -3 -2  0 -1 -2 -1  2  0 -3 -1 -2   21   0   0   0   0  34   0   0  22   0   0   0   0   0   0  22   0   0   0   0  0.31 0.01
   25 E   -1  1  0  1 -4  2  4 -2  0 -3 -3  3 -2 -3 -1  0 -1 -3 -2 -3    0   0   0   0   0   0  56   0   0   0   0  44   0   0   0   0   0   0   0   0  0.53 0.01
   26 F   -2 -3 -3 -4 -2 -3 -3 -4 -2  1  3 -3  1  5 -4 -3 -2  0  2  0    0   0   0   0   0   0   0   0   0   0  44   0   0  56   0   0   0   0   0   0  0.47 0.01
   27 E   -1 -1  1  5 -4  1  4 -2 -1 -3 -3  0 -3 -4 -1  0 -1 -4 -3 -3    0   0   0  44   0   0  56   0   0   0   0   0   0   0   0   0   0   0   0   0  0.69 0.01
   28 S    0 -2 -1 -2 -1 -1 -2 -2 -2  1  3 -2  1  0 -2  2  0 -2 -1  0    0   0   0   0   0   0   0   0   0   0  66   0   0   0   0  34   0   0   0   0  0.21 0.01
   29 S    0 -1  0 -1 -2 -1 -1 -1  1 -2 -2 -1 -1  1 -2  3  0  0  5 -2    0   0   0   0   0   0   0   0   0   0   0   0   0   0   0  56   0   0  44   0  0.37 0.01
   30 R   -1  5  0 -1 -3  4  1 -2  0 -3 -2  2 -1 -3 -2 -1 -1 -3 -2 -3    0  56   0   0   0  44   0   0   0   0   0   0   0   0   0   0   0   0   0   0  0.59 0.01
   31 D   -1 -2  1  6 -3  0  1 -1 -1 -3 -4 -1 -3 -4 -1  1  0 -4 -3 -3    0   0   0  78   0   0   0   0   0   0   0   0   0   0   0  22   0   0   0   0  0.71 0.01
   32 A    3  1 -1 -1 -1  0  0 -1 -1 -2 -2  3 -1 -3 -1  1  0 -3 -2 -1   56   0   0   0   0   0   0   0   0   0   0  44   0   0   0   0   0   0   0   0  0.29 0.01
   33 S    0  4  0 -1 -2  0  0 -1 -1 -3 -3  1 -2 -3 -1  3  1 -3 -2 -2    0  44   0   0   0   0   0   0   0   0   0   0   0   0   0  56   0   0   0   0  0.40 0.01
   34 Y   -1 -2 -2 -3 -2 -1 -2 -3  4  1  0 -2  0  1 -3 -2 -1  0  4  2    0   0   0   0   0   0   0   0  22   0   0   0   0   0   0   0   0   0  34  44  0.30 0.01
   35 V    0 -3 -3 -3 -1 -2 -3 -3 -3  3  1 -3  1 -1 -3 -2  0 -3 -1  4    0   0   0   0   0   0   0   0   0   0   0   0   0   0   0   0   0   0   0 100  0.37 0.01
   36 F   -1 -3 -3 -4  7 -3 -4 -3 -2 -1  0 -3 -1  5 -4 -2 -2  0  2 -1    0   0   0   0  44   0   0   0   0   0   0   0   0  56   0   0   0   0   0   0  0.65 0.01
   37 A    3 -2 -2 -2 -1 -1 -2 -1 -2  1  0 -1  0 -2 -2  0  0 -3 -2  2   56   0   0   0   0   0   0   0   0   0   0   0   0   0   0   0   0   0   0  44  0.23 0.01
   38 R    2  3 -1 -2 -2  0  0 -1 -1 -2 -2  2 -1 -3 -1  0 -1 -3 -2 -1   44  34   0   0   0   0   0   0   0   0   0  22   0   0   0   0   0   0   0   0  0.32 0.01
   39 R   -2  5  4  0 -3  1  0 -1  0 -3 -3  1 -2 -3 -2  0 -1 -3 -2 -3    0  56  44   0   0   0   0   0   0   0   0   0   0   0   0   0   0   0   0   0  0.54 0.01
   40 A    2 -2 -2 -3 -1 -1 -2 -2 -2  1  1 -2  3 -1 -2  0  0 -3 -1  3   34   0   0   0   0   0   0   0   0   0   0   0  22   0   0   0   0   0   0  44  0.18 0.01
   41 L   -2 -2 -4 -4 -1 -2 -3 -4 -3  2  4 -3  2  0 -3 -3 -1 -2 -1  1    0   0   0   0   0   0   0   0   0   0 100   0   0   0   0   0   0   0   0   0  0.47 0.01
   42 K   -1  1  4  0 -3  1  0 -1  0 -3 -3  4 -2 -3 -2  0  0 -4 -2 -3    0   0  44   0   0   0   0   0   0   0   0  56   0   0   0   0   0   0   0   0  0.45 0.01
   43 S    0 -1  4  1 -2  0  0  0  0 -3 -3  0 -2 -3 -1  3  1 -3 -2 -2    0   0  44   0   0   0   0   0   0   0   0   0   0   0   0  56   0   0   0   0  0.45 0.01
   44 A    4 -2 -2 -2 -1 -1 -1  0 -2  0 -1 -1 -1 -2 -1  1  0 -3 -2  1   78   0   0   0   0   0   0   0   0   0   0   0   0   0   0   0   0   0   0  22  0.29 0.01
   45 N   -2 -1  5  4 -3  0  1 -1  0 -3 -4  0 -3 -4 -2  0 -1 -4 -3 -3    0   0  56  44   0   0   0   0   0   0   0   0   0   0   0   0   0   0   0   0  0.67 0.01
   46 Y   -1 -2 -1 -2 -2 -1 -2 -3  1 -1 -1 -1 -1  2 -2  0  3  1  6 -1    0   0   0   0   0   0   0   0   0   0   0   0   0   0   0   0  44   0  56   0  0.45 0.01
   47 A    4  0 -1 -2 -1  0  0  0 -2 -2 -2  2 -1 -3 -1  1  0 -3 -2 -1   78   0   0   0   0   0   0   0   0   0   0  22   0   0   0   0   0   0   0   0  0.32 0.01
   48 E    0  0  0  1 -2  1  4 -1 -1 -3 -3  0 -2 -3 -1  3  0 -3 -2 -2    0   0   0   0   0   0  56   0   0   0   0   0   0   0   0  44   0   0   0   0  0.46 0.01
   49 M   -1  1 -1 -2 -2  0  0 -2 -1  0  1  3  4 -1 -2 -1 -1 -2 -2  0    0   0   0   0   0   0   0   0   0   0   0  48  52   0   0   0   0   0   0   0  0.23 0.01
   50 T   -1 -2 -1 -2 -1 -2 -2 -3 -3  3  0 -2  0 -1 -2  0  3 -3 -2  2    0   0   0   0   0   0   0   0   0  48   0   0   0   0   0   0  52   0   0   0  0.26 0.01
   51 F   -2 -2  0  4 -3 -2  0 -2 -1 -1 -1 -2 -1  5 -3 -1 -2 -1  1 -2    0   0   0  48   0   0   0   0   0   0   0   0   0  52   0   0   0   0   0   0  0.45 0.01
   52 N   -2 -1  4  0 -3 -1 -1 -2  0 -1  0 -1  0  3 -3 -1 -1 -1  1 -1    0   0  52   0   0   0   0   0   0   0  16   0   0  32   0   0   0   0   0   0  0.29 0.01
   53 V   -1 -2 -4 -4 -1 -2 -3 -4 -3  2  3 -3  2  0 -3 -2 -1 -2 -1  2    0   0   0   0   0   0   0   0   0   0  67   0   0   0   0   0   0   0   0  33  0.36 0.01
   54 C    3 -3 -2 -3  7 -2 -2 -1 -3 -1 -2 -2 -1 -3 -2  0 -1 -3 -2 -1   48   0   0   0  52   0   0   0   0   0   0   0   0   0   0   0   0   0   0   0  0.62 0.01
   55 G    0 -3 -1 -1 -3 -2 -2  6 -2 -4 -4 -2 -3 -3 -2  0 -2 -3 -3 -3    0   0   0   0   0   0   0 100   0   0   0   0   0   0   0   0   0   0   0   0  1.07 0.01
   56 L   -2 -2 -3 -4 -1 -2 -3 -4 -3  2  4 -2  3  0 -3 -2 -1 -2 -1  1    0   0   0   0   0   0   0   0   0   0  81   0  19   0   0   0   0   0   0   0  0.42 0.01
   57 I   -1 -3 -3 -3 -1 -2 -3 -4 -3  3  2 -2  3  0 -3 -2 -1 -2 -1  3    0   0   0   0   0   0   0   0   0  33  19   0  16   0   0   0   0   0   0  31  0.30 0.01
   58 L   -2 -3 -4 -4 -1 -3 -3 -4 -3  4  3 -3  2  0 -3 -3 -1 -2 -1  2    0   0   0   0   0   0   0   0   0  67  33   0   0   0   0   0   0   0   0   0  0.38 0.01
   59 S    1 -2  0 -1 -2 -1 -1  4 -2 -3 -3 -1 -2 -3 -2  3  0 -3 -2 -2    0   0   0   0   0   0   0  48   0   0   0   0   0   0   0  52   0   0   0   0  0.52 0.01
   60 A    2 -2 -3 -3 -1 -2 -2 -2 -3  2  0 -2  0 -1 -2  0  0 -3 -2  3   33   0   0   0   0   0   0   0   0   0   0   0   0   0   0   0   0   0   0  67  0.24 0.01
   61 E    0  0  0  1 -2  1  4 -1 -1 -3 -3  0 -2 -3 -1  3  0 -3 -2 -2    0   0   0   0   0   0  52   0   0   0   0   0   0   0   0  48   0   0   0   0  0.45 0.01
   62 K   -1  1 -1 -2 -2  1  0 -2 -1  0  0  3  4 -1 -2 -1 -1 -2 -2 -1    0   0   0   0   0   0   0   0   0   0   0  52  48   0   0   0   0   0   0   0  0.24 0.01
   63 S    0 -1  1  4 -2  0  2 -1 -1 -3 -3  0 -2 -3 -1  3  0 -3 -2 -2    0   0   0  32   0   0  16   0   0   0   0   0   0   0   0  52   0   0   0   0  0.43 0.01
   64 S   -1 -1  3 -1 -2 -1 -1 -2  3 -1  0 -1  0  2 -2  1  0 -2  0 -1    0   0  31   0   0   0   0   0  16   0  19   0   0  17   0  16   0   0   0   0  0.17 0.01
   65 A    2 -1  0  4 -2  0  2 -1 -1 -3 -3  0 -2 -3 -1  0 -1 -4 -3 -2   33   0   0  48   0   0  19   0   0   0   0   0   0   0   0   0   0   0   0   0  0.44 0.01
   66 R   -1  2  4  0 -2  0 -1 -1 -1 -2 -2  0 -1 -3 -2  1  3 -3 -2 -1    0  16  36   0   0   0   0   0   0   0   0   0   0   0   0   0  48   0   0   0  0.35 0.01
   67 K   -1  3  0 -1 -3  1  1 -2 -1 -3 -3  5 -2 -3 -1  0 -1 -3 -2 -3    0  17   0   0   0   0   0   0   0   0   0  83   0   0   0   0   0   0   0   0  0.54 0.01
   68 V   -1 -3 -3 -4 -1 -2 -3 -4 -3  2  3 -3  1  0 -3 -2 -1 -2 -1  3    0   0   0   0   0   0   0   0   0   0  48   0   0   0   0   0   0   0   0  52  0.33 0.01
   69 D   -2 -1  2  4 -3  0  2 -2 -1  1 -1 -1 -1 -2 -2 -1 -1 -4 -2  0    0   0  16  33   0   0  19   0   0  31   0   0   0   0   0   0   0   0   0   0  0.26 0.01
   70 E   -1  0  0  1 -4  4  4 -2  0 -3 -3  1 -1 -4 -1  0 -1 -3 -2 -3    0   0   0   0   0  48  52   0   0   0   0   0   0   0   0   0   0   0   0   0  0.63 0.01
   71 N   -2 -2  4  0 -2 -1 -1 -2 -1  2  0 -1  0 -1 -3 -1  0 -3 -2  1    0   0  52   0   0   0   0   0   0  48   0   0   0   0   0   0   0   0   0   0  0.25 0.01
   72 K   -1  3  0 -1 -3  4  1 -2  0 -3 -2  3 -1 -3 -1  0 -1 -3 -2 -3    0  19   0   0   0  48   0   0   0   0   0  33   0   0   0   0   0   0   0   0  0.51 0.01
   73 Q   -1  0  4  0 -3  3  1 -1  0 -3 -3  0 -1 -3 -2  1  2 -3 -2 -2    0   0  48   0   0  33   0   0   0   0   0   0   0   0   0   0  19   0   0   0  0.43 0.01
   74 L   -1 -1 -2  0 -2  0  3 -3 -1  0  2 -1  1 -1 -2 -1 -1 -2 -2  0    0   0   0   0   0   0  48   0   0   0  52   0   0   0   0   0   0   0   0   0  0.26 0.01
   75 L   -1  1 -3 -3 -2 -1 -2 -4 -2  2  3 -1  3  0 -3 -2 -1 -2 -1  1    0  16   0   0   0   0   0   0   0  16  52   0  16   0   0   0   0   0   0   0  0.25 0.01
   76 K   -1  1 -1 -2 -2  0 -1 -3 -2  0  2  3  1 -1 -2 -1 -1 -2 -2  0    0   0   0   0   0   0   0   0   0   0  48  52   0   0   0   0   0   0   0   0  0.21 0.01
   77 Q   -1  0  3  0 -3  4  1 -1  0 -3 -3  1 -1 -3 -2  1  0 -3 -2 -3    0   0  31   0   0  52   0   0   0   0   0   0   0   0   0  16   0   0   0   0  0.45 0.01
   78 I   -2 -3 -4 -4 -1 -3 -3 -4 -3  3  3 -3  2  0 -3 -3 -1 -2 -1  2    0   0   0   0   0   0   0   0   0  52  48   0   0   0   0   0   0   0   0   0  0.38 0.01
   79 Q   -1  2  0 -1 -3  4  1 -2  0 -3 -3  4 -1 -3 -1  0 -1 -3 -2 -2    0   0   0   0   0  52   0   0   0   0   0  48   0   0   0   0   0   0   0   0  0.52 0.01
   80 E    2 -1 -1  0 -2  1  4 -1 -1 -2 -2  0 -2 -3 -1  1  1 -3 -2 -1   31   0   0   0   0   0  52   0   0   0   0   0   0   0   0   0  16   0   0   0  0.35 0.01
   81 S    0 -1  1  4 -3  0  2 -1 -1 -3 -3  0 -2 -3 -1  2  0 -4 -3 -3    0   0   0  48   0   0  19   0   0   0   0   0   0   0   0  33   0   0   0   0  0.51 0.01
   82 V   -1 -3 -3 -4 -1 -2 -3 -4 -3  3  3 -3  2  0 -3 -2 -1 -2 -1  3    0   0   0   0   0   0   0   0   0  19  48   0   0   0   0   0   0   0   0  33  0.34 0.01
   83 E   -1  1  2  1 -3  1  3 -2  0 -3 -3  3 -2 -3 -1  0 -1 -3 -2 -3    0   0  19   0   0   0  33   0   0   0   0  48   0   0   0   0   0   0   0   0  0.43 0.01
   84 S    0  2  0 -1 -2  1  0 -1 -1 -3 -3  3 -2 -3 -1  3  1 -3 -2 -2    0  16   0   0   0   0   0   0   0   0   0  32   0   0   0  52   0   0   0   0  0.34 0.01
   85 F   -1 -2 -2 -3 -2 -1 -2 -2 -1  0  1 -2  4  4 -3  1 -1 -1  1  0    0   0   0   0   0   0   0   0   0   0   0   0  48  33   0  19   0   0   0   0  0.23 0.01
   86 R   -2  4  0  4 -4  0  1 -2 -1 -3 -3  1 -2 -3 -2 -1 -1 -4 -3 -3    0  52   0  48   0   0   0   0   0   0   0   0   0   0   0   0   0   0   0   0  0.58 0.01
   87 D   -1 -1  1  5 -4  1  4 -2 -1 -3 -4  0 -3 -4 -1  0 -1 -4 -3 -3    0   0   0  52   0   0  48   0   0   0   0   0   0   0   0   0   0   0   0   0  0.71 0.01
   88 I    0 -2 -1 -2 -1 -1 -1 -2 -2  2  1 -1  0 -1 -2  2  0 -3 -2  1    0   0   0   0   0   0   0   0   0  33  19   0   0   0   0  48   0   0   0   0  0.15 0.01
   89 Y   -2 -1  0 -2 -3  0 -1 -3  7 -3 -2 -1 -2  1 -3 -1 -2  0  5 -3    0   0   0   0   0   0   0   0  67   0   0   0   0   0   0   0   0   0  33   0  0.73 0.02
   90 K   -1  5  0 -1 -4  1  0 -2 -1 -3 -3  4 -2 -3 -2 -1 -1 -3 -2 -3    0  48   0   0   0   0   0   0   0   0   0  52   0   0   0   0   0   0   0   0  0.57 0.01
   91 R   -2  6 -1 -2 -4  1  0 -3  0 -3 -2  2 -2 -3 -2 -1 -1 -3 -2 -3    0 100   0   0   0   0   0   0   0   0   0   0   0   0   0   0   0   0   0   0  0.79 0.02
   92 F   -2 -3 -3 -4 -2 -3 -3 -4 -2  1  3 -3  1  5 -4 -3 -2  0  2  0    0   0   0   0   0   0   0   0   0   0  48   0   0  52   0   0   0   0   0   0  0.46 0.01
   93 S    0 -2 -1 -1 -1 -1 -1 -2 -2  3  0 -1  0 -1 -2  3  1 -3 -2  1    0   0   0   0   0   0   0   0   0  48   0   0   0   0   0  52   0   0   0   0  0.17 0.01
   94 E   -1  0  0  2 -4  2  5 -2  0 -4 -3  1 -2 -4 -1  0 -1 -3 -2 -3    0   0   0   0   0   0 100   0   0   0   0   0   0   0   0   0   0   0   0   0  0.77 0.02
   95 Y   -2 -1  4  0 -3 -1 -1 -2  1 -2 -2 -1 -2  1 -3  0 -1  1  5 -2    0   0  48   0   0   0   0   0   0   0   0   0   0   0   0   0   0   0  52   0  0.50 0.01
   96 Q   -1  1  0  0 -3  6  2 -2  0 -3 -2  1 -1 -4 -1  0 -1 -2 -2 -2    0   0   0   0   0 100   0   0   0   0   0   0   0   0   0   0   0   0   0   0  0.71 0.02
   97 K   -1  4  0 -1 -3  1  1 -2 -1 -3 -3  4 -2 -3 -1  0 -1 -3 -2 -3    0  31   0   0   0   0   0   0   0   0   0  69   0   0   0   0   0   0   0   0  0.54 0.01
   98 E   -1  0  0  2 -4  2  5 -2  0 -4 -3  1 -2 -4 -1  0 -1 -3 -2 -3    0   0   0   0   0   0 100   0   0   0   0   0   0   0   0   0   0   0   0   0  0.77 0.02
   99 Q   -1  1  0  0 -3  6  2 -2  0 -3 -2  1 -1 -4 -1  0 -1 -2 -2 -2    0   0   0   0   0 100   0   0   0   0   0   0   0   0   0   0   0   0   0   0  0.71 0.02
  100 N   -2 -1  4  0 -2 -1 -1 -2 -1  0  2 -1  1 -1 -3 -1 -1 -3 -2 -1    0   0  52   0   0   0   0   0   0   0  48   0   0   0   0   0   0   0   0   0  0.27 0.01
  101 S    1 -1  1  0 -1  0  0  0 -1 -3 -3  0 -2 -3 -1  4  1 -3 -2 -2    0   0   0   0   0   0   0   0   0   0   0   0   0   0   0 100   0   0   0   0  0.48 0.02
  102 L   -2 -2 -4 -4 -1 -2 -3 -4 -3  2  4 -3  2  0 -3 -3 -1 -2 -1  1    0   0   0   0   0   0   0   0   0   0 100   0   0   0   0   0   0   0   0   0  0.48 0.01
  103 L   -1 -3 -3 -4 -1 -2 -3 -4 -3  3  3 -3  3  0 -3 -2 -1 -2 -1  2    0   0   0   0   0   0   0   0   0  48  33   0  19   0   0   0   0   0   0   0  0.34 0.01
  104 M   -1 -1 -1 -2 -1 -1 -2 -2 -2  0  1 -1  4 -1 -2  0  3 -2 -1  0    0   0   0   0   0   0   0   0   0   0   0   0  52   0   0   0  48   0   0   0  0.27 0.01
  105 S    2 -1  0 -1 -1  0  0  0 -1 -2 -2  0 -2 -3 -1  4  1 -3 -2 -1   19   0   0   0   0   0   0   0   0   0   0   0   0   0   0  81   0   0   0   0  0.41 0.01
  106 N   -2 -1  4  0 -2 -1 -1 -2 -1  0  2 -1  1 -1 -3 -1 -1 -3 -2 -1    0   0  52   0   0   0   0   0   0   0  48   0   0   0   0   0   0   0   0   0  0.27 0.01
  107 L   -2 -3 -4 -4 -1 -3 -3 -4 -3  3  3 -3  2  0 -3 -3 -1 -2 -1  2    0   0   0   0   0   0   0   0   0  48  52   0   0   0   0   0   0   0   0   0  0.38 0.01
  108 S    1 -1  1  0 -1  0  0  0 -1 -3 -3  0 -2 -3 -1  4  1 -3 -2 -2    0   0   0   0   0   0   0   0   0   0   0   0   0   0   0 100   0   0   0   0  0.48 0.02
  109 T   -1 -1  4  0 -2  0 -1 -1  0 -2 -2 -1 -1 -3 -2  1  4 -3 -2 -1    0   0  48   0   0   0   0   0   0   0   0   0   0   0   0   0  52   0   0   0  0.43 0.01
  110 L   -2 -2 -4 -4 -1 -2 -3 -4 -3  2  4 -3  2  0 -3 -3 -1 -2 -1  1    0   0   0   0   0   0   0   0   0   0 100   0   0   0   0   0   0   0   0   0  0.48 0.01
  111 H   -1  1  0 -1 -3  1  0 -2  6 -3 -3  3 -2 -2 -2 -1 -1 -3  0 -3    0   0   0   0   0   0   0   0  52   0   0  48   0   0   0   0   0   0   0   0  0.52 0.01
  112 I   -2 -3 -4 -3 -1 -3 -4 -4 -4  5  2 -3  1  0 -3 -3 -1 -3 -2  3    0   0   0   0   0   0   0   0   0 100   0   0   0   0   0   0   0   0   0   0  0.43 0.01
  113 I   -1 -2 -3 -3 -1 -2 -3 -4 -3  3  2 -2  4  0 -3 -2 -1 -2 -1  2    0   0   0   0   0   0   0   0   0  52   0   0  48   0   0   0   0   0   0   0  0.32 0.01
  114 T    0 -1  0 -1 -1 -1 -1 -2 -2 -1 -1 -1 -1 -2 -1  1  5 -3 -2  0    0   0   0   0   0   0   0   0   0   0   0   0   0   0   0   0 100   0   0   0  0.51 0.02
  115 D   -1 -1  1  5 -4  1  4 -2 -1 -3 -4  0 -3 -4 -1  0 -1 -4 -3 -3    0   0   0  52   0   0  48   0   0   0   0   0   0   0   0   0   0   0   0   0  0.71 0.01

                      K         Lambda
Standard Ungapped    0.1229     0.3122
Standard Gapped      0.0375     0.2670
PSI Ungapped         0.1225     0.3174
PSI Gapped           0.0375     0.2670
