
Last position-specific scoring matrix computed, weighted observed percentages rounded down, information per position, and relative weight of gapless real matches to pseudocounts
            A   R   N   D   C   Q   E   G   H   I   L   K   M   F   P   S   T   W   Y   V   A   R   N   D   C   Q   E   G   H   I   L   K   M   F   P   S   T   W   Y   V
    1 G     1  -3  -1  -2  -3  -2  -2   6  -2  -4  -4  -2  -3  -3  -2   0  -2  -3  -3  -3   13   0   0   0   0   0   0  87   0   0   0   0   0   0   0   0   0   0   0   0  1.03 0.07
    2 S     2  -2  -1  -2  -2  -1  -1  -1  -2  -3  -3   0  -2  -3  -2   5   0  -4  -3  -1   13   0   0   0   0   0   0   0   0   0   0   5   0   0   0  77   0   0   0   5  0.68 0.19
    3 M    -1  -1  -4  -4   1  -2  -4  -4  -3   1   1  -1   8   0  -1  -2  -1  -3  -3   1    3   2   0   0   3   0   0   0   0   7   7   3  54   4   2   2   3   0   0  10  0.81 0.28
    4 A     3  -1  -2   0  -3  -1   2  -1  -2  -1  -1   0   0  -3   3   0  -1  -4  -3  -1   36   2   0   4   0   0  18   3   0   3   4   5   4   0  14   5   1   0   0   2  0.33 0.15
    5 D     0  -1   0   3  -3   1   1  -2  -2  -2  -1   1  -2  -3   3   0   1  -4  -3  -1    9   2   5  20   0   5   7   0   0   0   6  10   0   0  15   3  13   0   0   6  0.28 0.12
    6 T    -1   0  -1  -3  -3  -1  -2  -2   1  -1  -3   0  -3  -3   0   3   5  -5  -3   0    2   6   2   0   0   2   0   1   3   3   0   6   0   1   4  23  40   0   0   5  0.54 0.28
    7 R    -3   6  -1  -4  -5   2  -2  -2  -3  -5  -4   2  -2  -5  -1   1  -2  -5  -4  -2    1  58   2   0   0   7   0   2   0   0   1  13   1   0   3   9   1   0   0   2  1.13 0.42
    8 R    -5   8  -4  -5  -7  -2  -3  -6   0  -4  -6   2  -5  -6  -5  -2  -1  -1  -5  -6    0  79   0   0   0   1   0   0   2   1   0  10   0   0   0   3   3   1   0   0  1.97 0.64
    9 R    -4   7  -4  -5  -3  -1  -2  -5  -4  -6  -4   4  -4  -6  -5  -1  -1  -6  -5  -4    0  64   0   0   1   1   1   0   0   0   1  23   0   0   0   5   4   0   0   1  1.59 0.56
   10 Q    -2  -1  -4  -4  -6   8  -2  -6  -2  -3  -4  -1   1  -6  -3  -2  -3  -6  -5  -1    3   2   0   0   0  77   0   0   1   1   1   2   3   0   1   3   1   0   0   5  1.90 0.70
   11 N    -2   0   6  -2  -5  -2  -3  -3   3  -5  -3  -2  -2   2  -3   1  -1   1   4  -4    2   4  39   0   0   1   0   1   8   0   2   2   1  10   1  11   3   1  14   0  0.81 0.38
   12 H    -1   5  -3  -4  -5   3  -2  -4   5  -3  -4   0  -4  -2  -2   2   1  -5  -2  -2    4  30   0   0   0  12   0   0  18   1   0   5   0   2   1  15  10   0   1   2  0.75 0.36
   13 S     3  -5  -2  -4   2  -4  -4  -4  -5  -6  -6  -4  -5  -6  -4   6  -2  -6  -5  -5   20   0   1   0   4   0   0   0   0   0   0   0   0   0   0  74   0   0   0   0  1.64 0.63
   14 C    -5  -8  -7  -8  12  -8  -8  -7  -8  -6  -6  -8  -6  -2  -8  -6  -6  -7  -7  -5    0   0   0   0  98   0   0   0   0   0   0   0   0   2   0   0   0   0   0   0  4.25 1.02
   15 D    -6  -6  -3   8  -8  -4  -1  -4  -5  -7  -8  -5  -7  -8  -6  -4  -5  -8  -7  -7    0   0   0  96   0   0   3   1   0   0   0   0   0   0   0   0   0   0   0   0  2.78 0.80
   16 P     0   1  -2  -3  -5   5   1  -3   1  -5  -4  -2  -4  -1   5  -2  -3  -5  -2  -3    9   7   1   0   0  29   8   1   3   0   1   0   0   4  30   2   1   0   1   2  0.90 0.40
   17 C    -5  -8  -7  -8  12  -8  -8  -7  -8  -6  -6  -8  -6  -7  -8  -6  -6  -7  -7  -6    0   0   0   0 100   0   0   0   0   0   0   0   0   0   0   0   0   0   0   0  4.41 1.04
   18 R    -6   8  -5  -6  -8  -3  -4  -7  -4  -7  -6  -1  -6  -7  -6  -5  -5  -7  -6  -7    0  98   0   0   0   0   0   0   0   0   0   2   0   0   0   0   0   0   0   0  2.87 0.83
   19 K     0   5  -2  -3  -5   0  -1  -4   1  -3  -2   5   0  -3  -4   0  -1  -5  -4  -2    6  29   1   0   0   3   3   0   3   1   3  37   2   1   0   6   3   0   0   2  0.78 0.35
   20 G     1   2  -2  -3  -4  -3  -3   4  -4  -5  -3   1  -4  -5  -4   4  -2  -5  -3  -4   11  13   1   0   0   0   0  30   0   0   2  10   0   0   0  31   1   0   1   1  0.71 0.35
   21 K    -5   4  -4  -5  -7  -2  -3  -6  -4  -7  -6   7  -5  -7  -5  -4  -5  -7  -6  -6    0  18   0   0   0   0   0   0   0   0   0  82   0   0   0   0   0   0   0   0  2.19 0.70
   22 R    -5   7  -4  -5  -6  -2  -4  -6  -4   1  -3   0  -4  -6  -6  -2  -4  -6  -5   1    0  72   0   0   0   1   0   0   0   8   2   3   0   0   0   2   0   0   0  11  1.67 0.58
   23 R     4   5  -4  -4  -5  -3  -3   1  -4  -5  -3   1  -4  -5  -4  -1  -2  -6  -5  -4   41  35   0   0   0   0   0   9   0   0   2   9   0   0   0   2   1   0   0   0  1.00 0.44
   24 C    -5  -8  -7  -8  12  -8  -8  -7  -8  -6  -6  -8  -6  -7  -7  -3  -5  -7  -7  -5    0   0   0   0  98   0   0   0   0   0   0   0   0   0   0   2   0   0   0   0  4.25 1.02
   25 D    -2  -4   1   7  -6  -3  -1  -2  -4  -5  -3  -4  -5  -1  -4  -1  -3  -6  -5  -1    4   0   6  70   0   0   1   3   0   0   2   0   0   3   0   3   1   0   0   5  1.48 0.51
   26 A     5  -2  -4  -3  -3  -3  -3   0  -4  -2   1  -3  -1   1  -3  -1  -2  -4  -3   1   55   2   0   1   0   0   0   7   0   2  13   0   1   5   0   4   1   0   0   8  0.66 0.32
   27 P     1  -1  -2  -1  -3   1   0  -1  -3  -2  -2  -1  -1  -3   6   0   0  -3  -2  -2   14   3   1   3   0   6   6   5   0   3   3   3   2   1  38   5   4   0   1   3  0.66 0.23
   28 E     0   0  -1   1  -2   0   2  -1   0  -1  -1   0  -1  -1   2   1   0  -2   0  -1    5   5   1   9   0   4  15   3   2   4   7   6   1   3   9  13   7   0   3   3  0.12 0.08
   29 N     0   2   1   1  -1   0   0   0   1  -2  -1  -1  -1  -2   0   1   0  -3  -2  -1    6  14   9   9   1   3   5   8   5   2   8   1   1   1   5  11   6   0   1   4  0.11 0.08
   30 R     0   3  -1  -1  -2   0   0   0   0   0  -1   0  -1  -1  -1   0   0  -3  -2   0    7  25   1   4   0   4   5   9   2   6   5   4   0   3   3   7   6   0   1   8  0.13 0.10
   31 N     0   0   2   1  -2   1   0   0   2  -1  -1   0  -1  -2  -1   0   0  -3  -1   0    6   5  15  10   1   5   6   8   6   4   4   3   1   1   2   8   5   0   1   9  0.11 0.07
   32 E     0   0  -1   1  -2   1   2   0   1   0  -1   0  -1  -1   1   0   0  -2   0  -1    8   3   2  10   0   5  19   7   3   6   5   3   0   3   7   5   5   0   3   4  0.11 0.07
   33 A     2  -1  -1   0  -2   0   0   1   0  -1  -1  -1  -1  -2   0   1   1  -3  -2  -1   23   4   1   4   0   4   5  13   2   3   7   1   0   2   5  12   8   0   1   4  0.14 0.10
   34 N     0  -1   3   2  -2   0   0   1  -1  -1  -1   0  -1  -2   0   1   0  -3  -2  -2    6   3  16  14   0   4   5   9   1   5   7   4   2   1   4  11   7   0   1   1  0.15 0.09
   35 E     0   0   1   1  -1   1   2   0   0  -1  -2   0  -1  -2   2   0   0  -3  -2  -1    8   4   7   6   1   6  19   7   3   4   3   5   1   1   9   8   4   0   1   4  0.15 0.09
   36 N     0   0   2   2  -2   0   0   0   0  -2  -1   0  -2  -1   2   1   0  -3  -1  -2    7   4  14  12   0   3   5   7   2   3   6   4   0   3   9  11   6   0   2   2  0.14 0.08
   37 G     1  -1  -1  -1  -2   0  -1   4  -2  -2  -2  -1  -2  -2   1   0   0  -3  -2  -2   13   3   2   3   0   4   3  37   0   3   3   2   0   2   6   8   6   0   1   2  0.37 0.17
   38 W     0   0   0  -1  -1   0   0  -1   0  -1   0   0   0   1   0   0   0   4   0   0    7   7   3   3   1   3   7   4   2   3  10   6   1   7   4   9   4   7   3   6  0.06 0.04
   39 V     1  -1  -1  -1  -2   0   0  -1  -1   1   0  -1   0  -1   0   0   1  -2  -1   2   11   3   2   3   0   4   7   3   1   8   6   2   2   2   4   8  11   0   1  21  0.09 0.09
   40 S     2  -1  -1  -2  -4   0  -1   0  -3  -2  -4  -1  -1  -5   4   3   1  -5  -4  -2   15   2   2   1   0   5   2   6   0   3   0   4   1   0  23  25   7   0   0   3  0.52 0.30
   41 C    -5  -8  -7  -8  12  -8  -8  -7  -8  -6  -6  -8  -6  -7  -8  -6  -1  -7  -7  -6    0   0   0   0  96   0   0   0   0   0   0   0   0   0   0   0   4   0   0   0  4.22 1.13
   42 S     0  -4  -2  -4  -4  -2  -2  -2  -2  -5  -3  -2  -2  -3  -4   6   3  -1  -2  -2    5   0   1   0   0   1   1   2   1   0   2   2   1   1   0  60  18   1   1   2  1.06 0.54
   43 N    -2   1   7  -3  -5  -2  -3  -4   2  -5  -3  -3   1  -4  -5   0   1  -5   2  -5    2   8  53   0   0   1   0   0   5   0   3   0   5   0   0   5   9   0   7   0  1.13 0.50
   44 C    -5  -8  -8  -9  12  -8  -9  -7  -8  -6  -6  -8  -6  -7  -8  -6  -6  -7  -7  -6    0   0   0   0 100   0   0   0   0   0   0   0   0   0   0   0   0   0   0   0  4.48 1.18
   45 K     1   3   0  -2  -4   2   0  -3  -1  -1   0   3  -1  -4  -3   0   0  -4  -3  -1   11  17   5   1   0   9   6   0   1   3   8  21   1   0   0   6   6   0   0   5  0.29 0.21
   46 R    -2   6   0  -2  -6   0  -1  -5   2  -2  -2   4  -4  -5  -5  -2  -2  -5  -2  -3    3  45   3   2   0   4   3   0   5   2   3  24   0   0   0   2   1   0   1   1  0.98 0.44
   47 W    -2   3  -3  -4  -4  -3  -4  -3   0  -1   2   0  -2  -2  -4  -1   3   7   1  -1    3  17   1   0   0   0   0   1   2   2  18   6   0   1   0   5  20  15   6   3  0.59 0.34
   48 N    -2   0   4   0  -5  -3  -2   4  -1  -6  -5   3  -5  -6  -4   0  -3  -6  -5  -5    2   6  22   4   0   0   2  39   2   0   1  17   0   0   0   6   0   0   0   0  0.89 0.41
   49 K    -2   3   0  -3  -5   0  -2  -4   4  -2   0   4   0  -2  -4  -1  -1  -4   1  -1    3  15   3   0   0   4   0   0  11   2   8  36   2   1   0   4   3   0   5   4  0.55 0.32
   50 D    -1   1   1   2  -4   1   2  -3   2  -2  -3   1  -3  -4   1   0   2  -4  -2  -2    5   9   7  11   0   6  16   0   5   2   1   9   0   0   7   5  14   0   1   3  0.29 0.20
   51 C    -5  -8  -8  -9  12  -8  -9  -7  -8  -6  -6  -8  -6  -7  -8  -6  -6  -7  -7  -6    0   0   0   0 100   0   0   0   0   0   0   0   0   0   0   0   0   0   0   0  4.48 1.18
   52 T    -3  -5  -4  -5  -5  -1  -2  -4  -1  -5  -3  -4  -4  -6  -5  -1   7  -6  -5  -4    1   0   0   0   0   3   3   1   2   0   2   0   0   0   0   4  83   0   0   0  1.91 0.75
   53 F    -3  -6  -3  -6  -5  -6  -6  -6  -4   0  -2  -6   0   8  -6  -3  -2   1   3   0    2   0   2   0   0   0   0   0   0   5   3   0   3  68   0   2   2   2   7   5  1.72 0.60
   54 N    -1  -2   3   3  -4   1   3  -1   2  -3  -4   0  -2  -5  -3   1   0  -5  -4  -2    4   1  16  17   0   6  22   3   5   1   1   4   1   0   0  11   7   0   0   2  0.48 0.28
   55 W    -4   1  -6  -7  -6  -3  -3  -6  -2  -5  -4  -4  -5   4  -7  -6  -3  11   3  -4    1   9   0   0   0   1   2   0   1   0   1   1   0  18   0   0   1  55   9   1  2.52 0.78
   56 L     2  -2  -3  -5  -3  -1  -4  -3  -4   3   3  -4   1  -3  -3  -2  -2  -4  -3   3   18   2   1   0   0   3   0   1   0  14  35   0   2   0   1   1   1   0   0  20  0.51 0.29
   57 S     0   3   1  -1  -3   1   0  -3  -1  -2  -2   1  -3  -3   2   2   0   0  -3  -2    9  16   6   1   0   5   7   0   1   1   5   9   0   1  13  17   6   1   0   2  0.29 0.20
   58 S     1   0  -1  -2  -4   2  -1  -2  -3  -4  -2   2   1  -5  -3   5   0  -5  -4  -4    8   3   2   1   0  10   3   1   0   0   3  11   5   0   0  48   5   0   0   0  0.66 0.39
   59 Q    -1   4  -1  -3  -5   4  -2  -2   2  -4  -3   4  -1  -5  -4  -2  -1  -5  -4  -1    3  23   2   0   0  25   0   2   5   0   1  28   2   0   0   2   2   0   0   4  0.78 0.40
   60 R    -1   6   0  -3  -5   3  -1  -3  -1  -5  -2   2  -3  -5  -3  -1  -2  -5  -4  -3    5  57   3   0   0  13   1   1   1   0   4   9   0   0   1   3   2   0   0   1  1.03 0.44
   61 S     2   1   0  -2  -2  -1  -1   1  -2  -2  -2   0  -2  -2   0   2   2  -4  -1   0   18   7   3   0   0   1   3   9   0   1   4   5   0   1   3  24  12   0   2   6  0.20 0.17
   62 K    -1   3   0  -2  -4   2   1  -2   0  -3  -3   3  -1  -4   1   1  -1  -4  -3  -1    2  22   5   1   0   9   6   2   2   0   1  25   1   0   8   9   3   0   0   4  0.41 0.22
   63 N     0   1   2   0  -3   2   0   1   1  -4  -4   1  -3  -3   0   2   0  -4  -1  -3    9   6  12   3   0  14   2  10   4   0   0   9   0   0   5  21   3   0   3   0  0.30 0.17
   64 S     2   0   0  -2  -3   1  -2  -1  -3  -4  -4  -1  -3  -4   0   4   3  -4  -3  -3   18   6   3   0   0   6   0   2   0   0   0   2   0   0   3  42  18   0   0   0  0.56 0.29
   65 S     2  -2   0  -2  -2  -2  -2  -2  -2  -3  -3  -2  -2  -4  -2   4   4  -4  -3  -2   19   0   4   0   0   0   0   0   0   0   0   0   0   0   0  49  28   0   0   0  0.68 0.23

                      K         Lambda
Standard Ungapped    0.1246     0.3146
Standard Gapped      0.0410     0.2670
PSI Ungapped         0.1246     0.3146
PSI Gapped           0.0410     0.2670
