
Last position-specific scoring matrix computed, weighted observed percentages rounded down, information per position, and relative weight of gapless real matches to pseudocounts
            A   R   N   D   C   Q   E   G   H   I   L   K   M   F   P   S   T   W   Y   V   A   R   N   D   C   Q   E   G   H   I   L   K   M   F   P   S   T   W   Y   V
    1 M    -5  -6  -6  -7  -5  -5  -6  -7  -6   1   0  -6  10  -2  -7  -6  -5  -6  -5   1    0   0   0   0   0   0   0   0   0   6   7   0  76   1   0   0   0   0   0  10  2.47 0.81
    2 N    -2   1   5   2  -5   0   1  -3   1  -5  -5   1  -3  -5  -3   2   1  -6  -4  -4    2   8  33  10   0   4   7   1   3   0   0   8   0   0   1  15   8   0   0   1  0.64 0.35
    3 Q    -1   1   1   0  -5   5   3  -3   1  -4  -4   2  -3  -5  -1   0  -1  -5  -3  -4    4   8   7   5   0  26  19   1   3   1   1  12   0   0   3   6   4   0   1   0  0.56 0.33
    4 S     1   0   2   1  -2   1   2  -2  -1  -3  -4   1  -3  -4  -2   3   1  -5  -3  -3   13   6   9   6   1   6  12   2   1   1   1   6   0   0   2  25   8   0   0   1  0.35 0.25
    5 Y    -2   2  -1  -2  -5  -1  -1  -4   4  -2  -2   0  -2   0  -3  -1  -2   0   7  -2    3  11   3   2   0   2   4   1   9   2   3   6   1   2   1   6   2   1  40   2  0.79 0.42
    6 G     2  -1   2  -1  -3   0  -1   4   0  -3  -4   0  -3  -3  -2   1  -1  -3  -1  -3   17   3   8   3   0   3   4  33   2   1   1   5   0   1   1   9   4   0   2   1  0.43 0.25
    7 R    -3   6   0  -3  -6   1  -1  -4  -1  -2  -3   3  -1  -2  -4  -2  -1  -2  -1  -2    2  44   5   1   0   5   3   1   1   3   2  19   2   2   1   2   3   1   2   3  0.84 0.44
    8 L    -1  -1  -3  -2  -3   0  -1  -3  -3   1   4  -1   1  -1  -3  -2  -1   1  -2   0    5   3   1   2   0   4   5   1   0   8  46   4   3   2   1   3   3   2   1   5  0.39 0.27
    9 V     1  -1  -1  -3   0  -1  -2  -2  -3   2   1   0   1  -2  -3   0   0  -3  -2   3   16   2   4   1   2   2   2   2   0  12  12   6   4   0   0   5   7   0   1  21  0.18 0.16
   10 S     0   3   0  -2  -3   1   0  -1  -1  -2  -1   3  -2  -3  -2   2   1  -3  -1  -2    6  15   4   1   0   5   6   4   1   3   6  17   1   1   1  16  11   0   2   2  0.24 0.20
   11 R    -2   6  -1  -4  -4  -1  -3  -3  -2  -1  -1   3  -1  -2  -4  -1  -2  -1  -2  -2    3  44   2   0   0   2   1   1   1   3   7  19   1   2   0   5   2   1   1   3  0.79 0.43
   12 A     5  -3  -3  -4  -2  -3  -3  -2  -2   0  -1  -2  -1  -1  -4   0   0  -1  -1   3   44   1   1   0   1   1   1   2   1   4   5   2   1   3   0   7   4   1   2  19  0.54 0.37
   13 A     4  -4  -3  -4  -3  -3  -4   2  -4  -1  -2  -3  -2  -4  -3   1   3  -5  -3  -1   38   0   0   0   0   0   0  14   0   3   4   1   1   0   0  10  21   0   1   4  0.63 0.42
   14 I    -1  -2  -3  -5  -3  -3  -5  -4  -3   4   3  -3   1   1  -5  -3  -1   4   1   2    4   3   1   0   0   1   0   1   1  26  26   2   3   5   0   1   3   7   5  12  0.55 0.31
   15 A     3  -2  -3  -4  -1  -3  -4  -1  -4   2   1  -3   0   0  -4  -1   0   2  -2   2   26   2   0   0   1   0   0   5   0  13  15   1   2   4   0   4   5   3   1  18  0.33 0.25
   16 A     2  -3  -1  -4   1  -3  -3   2  -3  -2  -3  -3  -3  -4  -4   5   0  -3  -4   0   19   1   2   0   3   0   0  17   0   2   2   1   0   0   0  41   5   0   0   6  0.68 0.43
   17 T     0  -4   0  -4  -3  -4  -4  -3  -4   4   1  -4   1  -1  -4   0   2  -5  -3   3    6   0   5   0   0   0   0   2   0  22  14   0   3   2   0   8  14   0   0  23  0.44 0.29
   18 A     3  -4  -3  -4   0  -3  -4   0  -4   2   1  -3  -1   1  -2   0   0   0  -2   2   29   0   0   0   2   0   0   8   0  11  11   1   1   5   1   8   4   1   1  15  0.31 0.25
   19 M     1  -4  -4  -5  -1  -4  -4  -2  -5   2   2  -4   3  -1  -4  -1   1  -3  -3   4   10   0   1   0   1   0   0   3   0  11  15   0   7   2   0   5   9   0   0  34  0.49 0.31
   20 A     5  -3   5  -2  -3  -3  -3   0  -3  -3  -3  -3  -4  -4  -4   1  -1  -3  -2  -1   43   1  25   2   0   0   0   7   0   1   2   1   0   0   0   7   3   0   1   4  0.78 0.46
   21 S     1  -3  -1  -3   2  -2  -3  -1  -4   2   2  -3   0   0  -3   1   1  -2  -2   2   14   0   3   0   5   1   0   4   0  12  19   1   1   4   0  10   9   0   0  13  0.22 0.19
   22 L     0  -5  -4  -5  -2  -5  -5  -3  -5   3   3  -4   0   3  -5  -2   0  -3  -2   2    7   0   0   0   1   0   0   2   0  16  34   0   1  14   0   2   5   0   0  15  0.59 0.34
   23 L    -3  -5  -5  -6  -5  -4  -6  -5  -6   1   6  -3   1  -2  -5  -4   0  -2  -4   2    2   0   0   0   0   0   0   1   0   5  67   2   3   1   0   1   5   1   0  11  1.12 0.55
   24 L     1  -4  -2  -4   0  -3  -4  -2  -4   3   2  -3   1   2  -4   0   1  -4  -2   2   11   0   2   0   2   1   0   4   0  18  19   0   4  11   0   6   9   0   0  12  0.32 0.24
   25 L     2  -4  -2  -5   0  -4  -4   0  -4   3   2  -4   0   0  -4  -1   0  -4  -3   3   20   0   1   0   2   0   0   8   0  17  20   0   1   3   0   3   5   0   0  19  0.40 0.28
   26 I     1  -5  -5  -5  -2  -4  -5  -2  -5   4   3  -4   2   1  -4  -2  -2  -3  -3   2   10   0   0   0   1   0   0   4   0  23  31   0   5   6   0   2   2   0   0  13  0.58 0.33
   27 K    -4  -2  -3  -5  -7   0  -2  -2  -5  -6  -4   8  -3  -4  -5  -4  -5  -7  -4  -6    1   0   1   0   0   3   1   3   0   0   2  84   1   1   0   1   0   0   0   0  2.07 0.89
   28 I     0  -4  -4  -5  -3  -3  -4   0  -4   3   3  -3   1   3  -5  -1   0  -1   0   1    7   0   0   0   0   0   0   7   0  19  27   1   2  13   0   5   5   1   3   8  0.39 0.27
   29 F     1  -4  -4  -4  -3  -4  -4   0  -4   3   1  -4  -1   3  -4  -1   0   4   1   2   14   0   0   1   0   0   0   6   0  18  10   0   1  15   0   3   5   6   4  16  0.42 0.28
   30 A     5  -5  -4  -5  -3  -4  -5   0  -5   1  -2  -4  -2  -1  -4  -2   0  -4  -2   3   52   0   0   0   0   0   0   6   0   8   3   0   1   3   0   2   5   0   1  18  0.82 0.49
   31 W     0  -5  -5  -6  -4  -5  -6   5  -5  -5  -3  -3  -3  -1  -6  -3  -4   8   4  -4    9   0   0   0   0   0   0  46   0   0   3   2   0   2   0   2   0  21  11   1  1.42 0.63
   32 W    -2  -3  -4  -5  -4  -3  -4  -2  -1   3   2  -4   0   3  -5  -2  -2   8   2   1    3   2   0   0   0   1   0   3   2  15  19   1   2  12   0   2   3  19   7   9  0.73 0.37
   33 Y     0  -2  -4  -4  -3  -2  -3  -3   2   2   2  -3   2   3  -4  -2  -1   2   1   1    7   2   0   0   0   2   1   1   5  14  25   1   6  12   0   2   3   3   5  10  0.33 0.23
   34 T     0  -4  -3  -4  -3  -4  -4   1  -5  -1  -3  -3  -2  -1  -4   3   6  -4  -3  -2    6   0   1   0   0   0   0  11   0   4   2   1   1   3   0  22  45   0   1   3  0.86 0.52
   35 G    -3  -2   3   0  -5  -2  -4   6   3  -7  -6  -2  -5  -5  -5  -2  -4  -2  -4  -6    1   3  12   6   0   2   1  61   7   0   0   2   0   0   0   3   0   1   0   0  1.29 0.58
   36 S    -1  -5  -4  -5  -4  -4  -5  -4  -5  -6  -6  -5  -5  -3  -5   7  -1  -7  -5  -5    4   0   0   0   0   0   0   0   0   0   0   0   0   2   0  89   2   0   0   0  2.05 0.94
   37 V     0  -3  -3  -3  -3   0  -3  -3  -1   3   2  -3   1  -1  -4  -1  -1  -4  -1   4    6   1   1   1   0   6   1   1   2  14  15   1   4   2   0   4   4   0   2  36  0.44 0.30
   38 S     5  -5  -4  -5  -4  -4  -3   2  -5  -4  -4  -3  -5  -6  -4   3  -2  -6  -5  -3   55   0   0   0   0   0   1  13   0   1   1   1   0   0   0  25   1   0   0   2  1.13 0.61
   39 I    -3  -5  -6  -6  -4  -4  -6  -6  -2   4   4  -5   5  -2  -6  -5  -4  -5  -3   3    1   0   0   0   0   1   0   0   1  23  39   0  14   1   0   0   0   0   0  19  1.04 0.50
   40 L    -2  -4  -5  -6  -3  -4  -5  -4  -4   4   4  -4   2   0  -5  -3  -1  -3   0   1    3   1   0   0   0   1   0   1   0  21  47   0   4   4   0   1   4   0   3   9  0.76 0.40
   41 A     5  -5  -4  -4  -4  -4  -4   1  -5  -5  -5  -4  -4  -5  -5   4  -1  -6  -6  -4   49   0   0   0   0   0   0   9   0   0   0   0   0   0   0  35   4   0   0   0  1.20 0.65
   42 A    -1  -5  -2   7  -6  -3   2  -3  -3  -6  -5  -4  -5  -6  -5   3  -2  -7  -6  -6    4   0   1  57   0   1  10   2   1   0   1   0   0   0   0  22   2   0   0   0  1.41 0.66
   43 L     5  -5  -5  -5  -4  -4  -5   3  -5  -3   2  -4  -1  -3  -5  -1  -2  -6  -4  -3   53   0   0   0   0   0   0  20   0   1  18   0   1   1   0   3   1   0   0   1  0.98 0.54
   44 V     2  -5  -5  -5  -3  -4  -5  -3  -5   4   2  -5   2   2  -5  -3  -1  -1  -1   2   16   0   0   0   0   0   0   2   0  25  21   0   5   8   0   1   3   1   1  16  0.58 0.34
   45 D    -4  -5   3   5  -7  -3   4  -6   8  -4  -7  -4  -4  -6  -6  -4  -5  -7  -3  -7    1   0  11  31   0   1  22   0  31   1   0   0   0   0   0   0   0   0   1   0  1.60 0.70
   46 S    -2  -5   2  -4  -6  -5  -5  -3  -5  -7  -6  -5  -6  -5  -5   7   2  -7  -6  -5    2   0   9   1   0   0   0   1   0   0   1   0   0   0   0  75  10   0   0   0  1.75 0.85
   47 L     2  -5  -5  -5  -1  -4  -4   0  -5   2   4  -5   1   2  -5  -2   0  -4  -3   1   15   0   0   0   1   0   0   7   0  10  38   0   3   9   0   3   5   0   0   8  0.52 0.33
   48 V    -1  -5  -3  -5  -1  -4  -4  -3  -2   1   3  -4   2  -1  -5   3   1  -2  -4   3    5   0   1   0   1   0   0   1   1   6  24   0   4   2   0  25   7   1   0  20  0.51 0.36
   49 D    -5  -6   4   8  -8  -5  -4  -6  -1  -8  -8  -5  -8  -8  -6  -4  -6  -9  -8  -8    1   0  18  78   0   0   0   0   2   0   0   0   0   0   0   1   0   0   0   0  2.49 0.98
   50 I     0  -5  -5  -6  -1  -4  -5  -3  -5   2   4  -5   1   2  -5  -1  -1  -3  -3   3    8   0   0   0   1   0   0   2   0  12  40   0   2   7   0   5   3   0   0  18  0.64 0.36
   51 G     2  -5  -5  -5  -2  -4  -4   0  -5   2   2  -4   0   2  -4  -1  -2  -4  -3   3   20   0   0   0   1   0   0   8   0  12  21   0   2   9   0   3   2   0   0  21  0.46 0.31
   52 A     5  -5  -2  -3  -2  -4  -4  -1  -4  -1  -4  -4  -1  -4  -4   3   3  -6  -2   0   43   0   2   1   1   0   0   4   0   3   1   0   2   0   0  18  16   0   1   7  0.80 0.50
   53 S     3  -5   0   3  -3  -4  -4  -2  -5  -4  -6  -5  -4  -5  -4   5  -1  -7  -3  -4   21   0   5  14   0   0   0   3   0   1   0   0   0   0   0  49   3   0   1   1  1.07 0.63
   54 L     0  -6  -5  -6  -2  -5  -6  -1  -6   4   3  -6   1   2  -6  -2  -2  -3  -4   3    6   0   0   0   1   0   0   5   0  21  32   0   3   9   0   3   3   0   0  17  0.70 0.38
   55 T     1  -6  -5  -6  -3  -5  -6  -2  -6   4   1  -5   3   2  -3  -3   0  -5  -3   4   12   0   0   0   0   0   0   4   0  21  11   0   7  10   1   1   5   0   0  28  0.70 0.39
   56 N     3  -5   3  -4  -3  -4  -5   0  -5  -1  -2  -5  -1  -4  -5  -1   2  -6  -5   3   24   0  16   1   0   0   0   7   0   3   3   0   2   1   0   4  12   0   0  20  0.51 0.43
   57 L    -3  -5  -5  -6  -4  -6  -7  -6  -4   1   5  -5   1   4  -7  -5  -4   3   3  -1    2   1   0   0   0   0   0   0   0   7  47   0   4  15   0   1   0   3   8   4  0.94 0.53
   58 L     0  -5  -5  -6  -3  -5  -6  -3  -4   3   1  -5   0   5  -6  -4  -3   4   2   2    7   0   0   0   0   0   0   2   0  19  14   0   2  20   0   1   1   5   6  15  0.62 0.40
   59 V     5  -6  -5  -6  -2  -5  -5   3  -6  -2  -4  -5   2  -1  -6   1  -1  -6  -4   0   43   0   0   0   1   0   0  20   0   3   1   0   5   3   0  10   3   0   0   6  0.81 0.56
   60 V    -1  -5  -1  -7  -3  -6  -6  -4  -4   3   2  -6   0   2  -6  -2  -2  -6  -3   4    4   0   3   0   0   0   0   2   0  18  21   0   2   8   0   3   2   0   1  29  0.66 0.42
   61 R    -3   6  -2  -5  -4  -1  -4  -3   3  -3  -4   4  -3  -3  -5  -1  -1   2   1  -5    2  35   2   0   0   2   0   2   7   2   2  21   1   1   0   4   5   3   5   1  0.83 0.53
   62 Y    -2  -3  -2  -5  -3  -1  -3  -5   2   3   1   1   1   1  -5  -3  -2   0   3   1    3   1   2   0   0   2   2   1   4  19  15   8   3   6   0   1   2   1  11  11  0.31 0.27
   63 S     5  -5  -4  -6  -6  -4  -6   0  -4  -3  -6  -6  -2  -7  -6   5  -2  -2  -7  -4   43   1   1   0   0   0   0   6   0   2   1   0   1   0   0  34   2   1   0   1  1.14 0.69
   64 L     2   1   1   0  -2   1   1  -1   0  -3   0  -1   0  -3  -4   2  -2  -3  -2  -3   18   7   5   4   1   5  10   5   2   1  10   3   2   1   0  13   2   0   1   1  0.11 0.20
   65 Q    -2   5  -4  -4  -3   3  -1  -5  -2  -4  -4   5   0  -5  -3  -3  -3  -3  -4  -4    3  25   1   1   1  13   4   0   1   1   2  33   2   0   2   2   2   0   0   1  0.86 0.53
   66 P    -2  -4  -3  -2  -6  -2  -1  -3  -2  -6  -5  -1  -3  -4   8  -3  -4  -6  -4  -3    4   1   1   3   0   2   4   2   1   0   1   4   1   1  69   2   1   0   1   2  1.90 0.71
   67 A     5  -3  -4  -2  -3  -3  -3  -2  -3  -3  -4  -3  -3  -4   5  -2  -3  -3  -4  -2   48   2   1   2   1   1   2   2   1   2   1   2   1   1  27   3   1   1   1   3  1.09 0.50
   68 D    -4  -3   1   8  -1  -4  -1  -4  -1  -5  -6  -4  -5  -6  -4  -2  -1  -6  -5  -5    1   2   6  76   1   0   2   1   1   0   1   1   0   0   0   3   3   0   0   1  1.88 0.64
   69 D     0   1  -1   2  -2   1   3  -2   1  -2  -3   2  -2  -2  -2   0  -1  -2  -2  -1   10   9   2  12   1   4  23   1   3   2   2  13   1   2   2   5   2   1   1   4  0.27 0.18
   70 N    -1   1   2   3   0   0   3   0   0  -3  -3   1  -2  -3  -3   0  -1  -2  -2  -3    4   6  12  19   3   2  18   6   2   1   2   9   1   1   1   6   3   1   1   2  0.30 0.17
   71 H    -4  -2  -3  -4  -5  -1  -4  -5  10  -5  -3  -4  -1   2  -5  -4  -4  -4   3  -5    1   2   0   1   0   2   1   1  69   1   3   1   2   8   1   1   1   0   7   1  2.28 0.69
   72 S    -1   2   3  -2  -2   1  -2  -3   1  -4  -3  -2  -2  -4   6  -2   0  -4  -2  -3    5  12  15   2   1   5   1   1   4   1   2   2   1   0  36   2   6   0   1   2  0.77 0.33
   73 F    -4  -3  -5  -5  -5  -2  -5  -5   0  -4  -3  -4  -3   6  -5  -3  -4   1   8  -4    1   2   0   1   0   2   1   1   2   1   2   1   0  32   1   2   1   2  49   1  1.75 0.58
   74 G    -3  -5  -4  -4  -5  -4  -5   7  -5  -6  -5  -4  -5  -5  -5  -3  -4   3  -5  -5    1   1   0   1   0   0   1  86   0   1   1   1   0   0   1   1   1   4   0   1  2.07 0.63
   75 H    -4   0  -3  -4  -5  -2  -3  -5  10  -5  -3  -2  -1   0  -5  -4  -3  -4   3  -5    1   4   0   1   0   2   1   1  67   1   2   2   1   3   1   1   2   0  10   1  2.17 0.67
   76 G    -1  -1  -1  -1   1   0   1   4   1  -2  -3  -1   0  -1  -4   0   0   2   0  -2    4   4   3   3   3   3   9  33   3   3   3   3   3   3   0   7   7   3   3   3  0.33 0.23
   77 K    -1   4   0  -5  -7   1  -4  -1   2  -6  -2   5   2  -7   0   0  -5  -7  -6  -6    5  21   5   0   0   5   0   5   5   0   5  36   5   0   5   6   0   0   0   0  0.90 0.51
   78 A     4  -5  -5  -5  -1  -4  -4  -3  -2   3  -1  -4   0   3  -5  -1  -2   0   3   1   33   0   0   0   1   0   0   1   1  21   4   0   2  14   0   3   1   1   9   7  0.59 0.40
   79 E    -2  -4  -4  -1  -7   0   7  -3  -4  -6  -4  -3  -1  -7  -2  -2  -2  -7  -6  -3    3   0   0   2   0   3  79   2   0   0   2   0   2   0   2   2   2   0   0   3  1.64 0.79
   80 S     0  -2   1  -1  -1  -2  -2  -2  -1  -2  -3  -3  -1   0   1   1   3   1   5  -2    7   1   7   3   1   1   1   3   1   1   2   0   1   4   6  10  25   2  21   1  0.41 0.33
   81 L    -2  -4  -5  -5  -3  -4  -3  -3  -4   3   3  -4   1   3  -1  -4  -2  -3   0   1    3   0   0   0   0   0   2   2   0  20  36   0   2  15   4   0   2   0   2   9  0.55 0.32
   82 A     4  -4  -2  -3   0  -3  -3   0  -4   0  -2  -3  -1  -2   0   3   0   1  -3   0   42   0   2   0   2   0   0   5   0   5   3   0   2   2   4  22   3   2   0   5  0.51 0.37
   83 A     0  -2   0  -2   2   1   0   0  -2   0   0   0   1   1   1   0   0  -2   1   0    6   0   6   0   6   6   6   6   0   6   6   6   6   6   6   6   6   0   6   6  0.05 0.10
   84 L     0  -3  -3  -4  -1  -2  -3  -1  -4   1   3  -2   2   3  -4  -2  -1  -1  -1   1    7   1   1   0   1   1   1   6   0   7  38   2   4  12   0   3   3   1   1  11  0.34 0.27
   85 A     1  -3  -2  -3   0  -2  -3   1  -3   3   1  -3   1   2  -3  -1  -1  -1  -2   2   13   0   1   0   2   1   1  12   0  21  12   0   3  10   0   3   2   1   0  15  0.24 0.23
   86 Q    -1  -2  -3  -2  -1   3   3  -2  -3   2   1  -2   0  -1  -3  -2  -2  -4  -2   2    4   1   0   1   1  15  20   3   0  13  13   0   2   2   0   2   2   0   1  17  0.26 0.28
   87 S     2  -3  -2  -2  -1  -3  -3   4  -3  -1  -2  -2   0  -3  -2   2   0  -1  -4  -1   21   0   1   1   1   0   0  32   0   3   3   1   3   1   1  19   5   1   0   4  0.48 0.35
   88 M     0  -1  -2  -3   0  -1  -2  -1  -2   2   1  -1   2   2  -3  -1   0   1   0   2    7   4   2   0   2   2   2   4   0  12  16   2   8   9   0   3   4   2   2  16  0.11 0.14
   89 F    -1  -1  -3  -4   0  -3  -3  -2  -3   1   2  -3   2   4  -1  -1  -1   3   2   0    5   4   0   0   2   0   0   3   0   9  19   0   6  25   3   5   3   4   6   6  0.33 0.26
   90 I    -2  -4  -4  -4   0  -3  -2  -2  -4   4   3  -4   1   0  -4  -2  -1   1  -1   1    3   0   0   0   2   0   3   3   0  32  27   0   4   3   0   4   3   2   2   9  0.43 0.33
   91 S     2  -5  -3  -4  -1  -4  -3   0  -5   2   2  -3   1   2  -5   0   0  -2  -2   1   17   0   1   1   1   0   2   7   0  12  18   1   3  10   0   7   5   1   1  11  0.31 0.28
   92 G     1  -4  -4  -5  -2  -2  -3   4  -5   1   0  -5  -1   0  -6  -2  -2  -1  -2   2   11   1   1   0   1   2   2  34   0   9  10   0   1   5   0   2   3   1   2  15  0.57 0.42
   93 S     3  -4  -3  -5  -2  -3  -2   1  -5   0  -2  -4   1  -3  -4   3   1  -2  -5   2   27   1   1   0   1   1   2  10   0   4   4   1   3   1   1  20   7   1   0  16  0.50 0.43
   94 A     5  -4  -5  -6   1  -3  -3   4  -6   0  -3  -4   0  -3  -6   0  -3  -2  -2  -2   40   1   0   0   2   1   2  27   0   6   3   1   2   1   0   6   2   1   1   3  0.86 0.59
   95 L     0  -3  -6  -6   0  -5  -4  -1  -5   4   3  -3   1   2  -6  -3  -2  -1  -1   2    9   1   0   0   2   0   1   6   0  21  25   2   2   9   0   1   2   1   2  14  0.53 0.37
   96 F    -1  -2  -3  -3  -2   0   0   1  -2   1   1  -2   1   3  -4  -1  -2   6   2  -1    6   2   1   1   1   4   8  10   1   7  13   2   3  14   1   4   3  10   6   5  0.29 0.25
   97 L    -2  -2  -3  -4  -1  -2  -3  -4  -1   5   3  -2   2   1  -6  -3  -3   3  -1   1    3   2   1   1   1   2   2   2   1  29  24   3   4   5   0   2   2   3   2   8  0.60 0.41
   98 F     1  -2  -2  -3   0  -2  -3   0  -1   2   2  -2   1   3  -5  -1  -1   1  -1   1   13   2   2   1   2   1   2   8   2  14  16   2   3  11   0   5   3   2   2   9  0.21 0.20
   99 L     0   0  -2  -3   0  -1  -2  -2   0   1   2   0   0   1  -3  -1  -1   5   3   1    8   5   2   1   2   2   2   4   2   7  17   5   2   5   1   4   3   8   9   9  0.20 0.19
  100 T     0   0   0   0  -2   1   3  -1   1  -1  -3  -1  -1  -2  -3   2   2   1  -1  -1    8   4   4   5   1   6  18   4   3   3   3   3   2   1   1  14  11   2   3   5  0.20 0.24
  101 G     4  -1  -1  -3  -1  -2  -2   3  -1  -3  -3  -2  -1  -6  -5   3  -2   0  -2  -1   28   3   3   2   1   2   2  21   2   1   2   3   1   0   0  19   2   1   1   4  0.56 0.46
  102 I    -1  -4  -5  -5  -2  -4  -5  -2  -2   5   1  -5  -1   1  -5  -4  -3   4   2   4    5   2   1   1   1   1   1   4   1  28  11   1   1   6   1   2   2   5   5  21  0.76 0.45
  103 Q    -1   2   0   0  -3   3   2  -1   2  -2  -2   0   0  -2  -2  -1  -1  -1   0  -2    5  10   4   5   1  13  13   5   5   3   5   7   2   2   2   6   4   1   3   3  0.20 0.22
  104 H    -1   5   0  -2  -3  -1  -2  -2   5  -2  -4   3  -2  -3  -3  -1  -2  -9  -1  -4    6  28   5   2   1   3   4   4  11   2   2  16   1   1   2   5   2   0   2   2  0.73 0.49
  105 L    -2  -4  -5  -4  -3  -3  -5  -4  -3   4   5  -4   0   3  -5  -5  -4   2   0  -1    4   1   1   1   1   1   1   2   1  19  39   1   2  10   1   1   2   2   3   4  0.88 0.52
  106 I    -1  -1  -3  -4  -3   0  -2  -3  -2   4   2  -2   2   3  -3  -2  -1   1  -1   1    5   4   2   1   1   4   3   3   1  18  18   3   4  11   1   3   4   2   2   8  0.33 0.23
  107 S     0   0   1   0   0   0   0   0   3  -2  -2  -1   0   0  -1   1   0   2   0  -2    8   5   7   6   2   4   7   7   7   3   4   3   3   5   3  10   6   2   3   3  0.07 0.10
  108 P    -1   0   0   0  -3   0   0  -1   2   0  -1   0   1   0   0   0   0   3   1   0    5   5   5   5   0   5   5   5   5   5   5   5   5   5   5   5   5   5   5   5  0.06 0.08
  109 T     0   0   0   0  -1   1   2  -1   3  -2  -3  -1  -1  -2  -2   1   2   0  -1   0    9   5   4   4   1   7  13   5   6   3   3   4   1   2   2   8  12   1   2   6  0.17 0.20
  110 P     0  -1  -1  -1  -1   0   1  -2   2   0  -2  -1   0  -1   4  -1   0   0   0   0    7   4   3   3   1   3   9   4   4   5   4   4   2   2  22   5   5   1   3   7  0.26 0.26
  111 M    -1   0   0   0   2   0  -1  -1   2   0  -1   0   2   0   0  -1   0   4   1  -1    5   5   5   5   5   5   5   5   5   5   5   5   5   5   5   5   5   5   5   5  0.03 0.09
  112 T    -1  -1   0   0  -6   1   2  -2   1   0  -2  -1   0  -1   1   0   2   1  -1   0    6   3   4   5   0   6  14   3   3   5   5   4   2   2   8   6  12   2   2   6  0.13 0.18
  113 D     1  -1   0   1   0   1   1  -2   2  -1  -1  -1   0   1   2   0  -1   1   0  -1   10   3   4   7   2   5   8   3   4   4   5   3   2   6  10   7   4   2   3   4  0.08 0.12
  114 P     0  -3  -1  -2  -7  -1  -1  -2   0  -1  -1  -3  -1  -2   5   1   0   1  -2  -1    9   2   4   3   0   3   5   4   2   4   8   2   2   2  26  10   5   2   1   5  0.39 0.36
  115 G     0  -2   0   0  -1  -1   0   3   0  -1  -1  -2   0   0   0   0  -1   4  -1  -1    7   3   4   5   1   3   7  21   2   4   6   3   3   3   5   6   5   6   2   4  0.17 0.17
  116 V    -1  -1  -1  -2  -5  -1  -1  -2   1   2   0  -2   1   2  -1  -1   0   3   0   2    6   3   3   3   0   3   4   3   3  11  10   3   3   8   4   4   5   4   4  14  0.15 0.13
  117 G    -1   0   0   0   2   0   0  -1   2   0  -1   0   2   1   0  -1   0   4   1  -1    5   5   5   5   5   5   5   5   5   5   5   5   5   5   5   5   5   5   5   5  0.09 0.08
  118 V     1  -3  -3  -4  -1  -3  -3  -3  -2   3   2  -4   2   1  -3  -2  -1   0  -2   3    9   2   1   1   1   1   2   2   1  15  18   2   4   6   2   3   4   1   2  18  0.39 0.25
  119 I     1  -3  -3  -2  -1  -2  -2  -1  -2   3   2  -3   1   0  -3  -1  -1   3  -1   2   10   1   2   3   1   2   3   6   1  17  15   2   3   4   2   5   4   4   3  13  0.27 0.19
  120 V     1  -3  -3  -8  -1  -7  -7  -3   0   3   1  -7   0   0  -1  -3  -2   2   0   4   11   2   2   0   2   0   0   3   2  15  11   0   2   4   3   3   3   3   4  28  0.64 0.40
  121 T     2  -4  -1  -5  -2  -3  -4  -2  -3   1   1  -3   5  -1  -2   1   2   2  -2   1   14   1   4   1   1   1   1   3   1   7  13   2  11   3   3  11  10   2   2   9  0.35 0.27
  122 I     0  -2  -2  -2   1  -1  -2  -1   0   3   1  -1   1   0  -2  -1  -1   4   0   2    7   3   3   3   3   2   3   6   2  13  13   3   3   4   3   4   3   6   3  12  0.16 0.12
  123 V     0  -6  -1  -2   1  -6  -1  -2  -6   3   1  -2   1   2  -1  -2  -1   2   0   3    7   0   3   3   3   0   4   4   0  14  13   3   3   7   3   3   4   3   3  19  0.34 0.21
  124 A     4  -4  -1  -2   0  -1  -2  -1  -4  -1  -2  -4   0  -1  -2   2   1   3  -1   0   34   0   3   2   2   2   2   4   0   4   3   0   2   2   2  18   7   4   2   6  0.41 0.40
  125 L     0  -3  -2  -2   0  -3  -2  -2  -1   3   2  -1   2   1  -2   0   0   1  -1   1    7   0   2   2   2   0   2   4   2  17  19   5   5   5   2   7   5   2   2   9  0.15 0.18
  126 I    -1   0   0   0   2  -2   0  -1   1   0  -1   0   1   0   0   0   0   3   1   0    5   5   5   5   5   0   5   5   5   5   5   5   5   5   5   5   5   5   5   5  0.02 0.10
  127 C     1  -3  -1  -3   2  -3  -3  -1  -4   3   1  -1   1  -1  -3  -1  -1   2  -2   3   12   1   3   1   4   1   2   4   0  17  13   4   4   3   1   5   3   2   1  19  0.28 0.26
  128 T     0  -3   4  -1  -3  -2  -1  -2  -2   0  -2   3  -1  -3  -4   0   3   0  -2  -1    7   1  19   3   1   1   3   3   1   5   4  17   1   1   1   7  19   1   1   4  0.41 0.40
  129 I     0  -2  -3  -3  -2  -3   0  -1  -4   3   2  -2   0   2  -4  -1  -1   2   1   2    7   2   1   1   1   1   8   6   0  15  19   2   2   8   0   4   3   3   5  12  0.21 0.22
  130 I     1  -3  -3  -3  -1  -3  -3   0  -4   2   1  -2   0   2  -3  -2  -2   5   0   2   12   1   2   1   1   1   1   7   0  13  15   2   2   7   1   3   2   8   3  14  0.30 0.27
  131 L    -2  -1  -2  -3  -1  -1  -3  -2  -1   1   3  -1   3  -1  -5  -2  -1   4  -1   2    4   3   2   2   2   2   2   3   1   5  30   4   7   2   0   3   4   6   2  15  0.37 0.32
  132 V     2  -1  -2  -2   0  -2  -1  -1  -1   1  -1  -1   0   1  -4   1  -1   1   2   2   16   3   2   2   2   2   3   6   1   8   6   3   2   5   0  12   3   2   6  16  0.14 0.18
  133 S     0   3  -1  -1  -1   0  -1   0   0  -1   0   0   0   0  -2   0   0   3   1  -1    9  15   2   3   1   3   3   6   2   3  10   4   3   4   1   9   7   4   4   5  0.08 0.14
  134 F    -1  -1  -3  -3  -1  -2  -3  -2   0   0   0  -2   1   5  -6  -3  -2   4   5   1    4   4   2   1   1   2   2   3   2   6  10   2   4  20   0   2   2   6  17   9  0.55 0.39
  135 Q    -1  -1   1  -2  -1   4  -1  -2  -1  -1   2   0   2  -1  -4  -1   0   2   1  -1    4   3   8   1   2  17   4   3   1   2  19   5   5   2   0   4   7   3   6   3  0.24 0.28
  136 R    -1   4  -1  -2  -1  -1   0  -2   0   1   0   1   1   0  -5  -1   0   0   1  -1    4  26   3   2   2   3   5   3   2   8   9   7   3   4   0   4   5   1   5   3  0.28 0.27
  137 W    -1   4  -1  -3  -1  -1  -3  -2   2  -1  -3   2  -1   0  -3  -2  -2   7   3  -2    5  20   3   2   1   3   2   3   5   3   3  10   2   4   1   3   3  14  10   3  0.58 0.44
  138 V     1  -2  -2  -3  -1  -1  -2  -3  -1   2   1  -2   1  -1  -5  -3   0   0   0   5   10   2   2   1   2   2   2   2   1   8  13   3   4   2   0   2   5   1   4  34  0.43 0.35
  139 V    -1   0   0   0   2   0   0  -1   2   0  -1   0   1   0  -3   0   0   3   1   0    5   5   5   5   5   5   5   5   5   5   5   5   5   5   0   5   5   5   5   5  0.06 0.10
  140 R    -3   6   1  -3  -3  -1   0  -4   1  -3  -4   5  -3  -4  -6  -3  -2  -2  -2  -4    3  35   5   1   1   3   5   1   3   2   2  29   1   1   0   2   2   1   2   1  1.02 0.65
  141 R    -1   5  -3  -3  -3   1   0  -5   0  -3  -3   4  -2  -3  -6  -2  -2  -2   0  -4    6  32   1   1   1   5   7   1   3   2   4  25   1   1   0   3   2   1   3   1  0.81 0.56
  142 T     0  -1  -1  -3  -1  -2  -2  -3   2   2   0  -3  -1  -2  -3   0   4   0   2   0    8   3   3   1   1   2   2   2   4  13  10   1   1   2   2   7  25   1   7   5  0.35 0.30
  143 Q    -2   2   3   2  -2   1  -1   2   2  -4  -3   2  -1  -3  -3   0  -3  -1  -3  -4    3  12  15   9   1   6   4  16   4   1   3  12   1   1   1   7   1   1   1   1  0.38 0.31
  144 S     0  -2   1  -1   0  -1   0  -1   0  -2  -3  -2  -5  -5  -5   6  -1  -6  -1  -2    5   2   5   3   2   2   6   5   2   2   2   2   0   0   0  55   2   0   2   2  0.77 0.60
  145 Q    -1   1   0   0  -1   2   0  -2   0  -1  -1   1   0   0   2   0   0  -3  -1  -1    5   8   5   4   2  10   4   2   3   5   7  10   3   4  10   8   4   0   2   3  0.10 0.11
  146 A     0   0   0   0  -2   1   0   0  -2   0   0   0   1   0   1   0   0  -3  -2   0    6   6   6   6   0   6   6   6   0   6   6   6   6   6   6   6   6   0   0   6  0.04 0.06
  147 V    -4  -6  -4  -7  -2  -4  -4  -5  -3   3   5  -3   3  -1  -6  -4  -3  -6  -3   2    1   0   1   0   1   1   1   1   1  18  50   2   6   2   0   1   1   0   1  15  0.98 0.53
  148 R     0   2   0  -2  -2   1   2  -2   1   1  -1   3   1  -3  -4   0  -1  -2  -2   0    6  11   3   2   1   5  12   2   3   8   6  18   4   1   0   6   2   1   1   8  0.18 0.19
  149 A     6  -6  -3  -6  -5  -1  -2  -1  -6  -4  -4  -5  -5  -7  -5   1  -1  -7  -6  -3   72   0   1   0   0   2   2   3   0   1   1   0   0   0   0  11   3   0   0   2  1.49 0.81
  150 D    -1  -5   3   7  -3  -2  -1  -4  -3  -4  -4  -3  -3  -7  -3   0   1  -8  -4  -2    4   0  14  53   1   1   3   1   1   1   2   1   1   0   1   5   7   0   1   3  1.18 0.65
  151 M     5  -1  -2  -5  -1  -2  -3   2  -1  -3  -3  -2   0   0  -5   2   0  -6  -2  -3   45   4   2   0   1   1   1  13   2   1   2   2   2   4   0  14   4   0   1   2  0.65 0.49
  152 L     0   0  -2  -3  -1   0  -2  -3   2   0   3   0   1  -1  -5  -2  -1   5   0   0    9   5   2   1   1   4   2   1   5   4  30   7   4   2   0   2   3   9   3   5  0.32 0.29
  153 H    -3  -2   1   3  -7  -1  -2  -6  10  -7  -7  -2  -6  -6  -6  -5  -6  -7  -1  -7    2   2   7  15   0   2   3   0  61   0   0   2   0   0   0   0   0   0   2   0  2.30 1.00
  154 Y     0  -3  -1  -3  -1  -2  -4  -3   3   0   1  -3   0   1  -5   1   0  -3   5  -1    7   1   3   1   1   2   0   1   7   4  16   1   3   6   0  11   6   0  24   4  0.44 0.35
  155 Q     0   4  -2  -3  -1   1  -2  -3  -1  -1   1   1   3   0  -4  -1   0   0  -1  -1    7  23   1   1   1   7   1   2   1   3  15   8   8   5   0   5   5   1   1   3  0.28 0.27
  156 S     1  -4   2  -2  -2  -3  -4   0  -4  -3  -3  -3   1  -4  -4   4   3  -2  -3  -2   12   0   9   2   1   1   0   8   0   1   2   1   3   1   0  33  21   1   1   3  0.59 0.48
  157 D    -5  -5   0   8  -7   0  -1  -5   0  -6  -7  -5  -6  -7  -5  -2  -5  -7  -6  -2    0   0   3  77   0   3   3   0   2   0   0   0   0   0   0   3   0   0   0   4  1.99 0.90
  158 V     1  -4  -4  -2   1  -4  -2  -2  -5   2   1  -4   1   1  -4  -1   0   1  -3   4   14   0   0   2   3   0   2   2   0  10  15   0   3   6   0   4   5   2   0  31  0.43 0.34
  159 M     0  -2  -2  -4  -1  -2  -4  -2  -1   2   2  -2   2   1  -2  -1   0   5   1   1    8   2   1   0   1   1   0   2   1  10  24   2   4   7   2   3   5   8   5  10  0.26 0.23
  160 M     1  -2  -1  -2   0  -1  -3   0  -3   0   0  -3   2  -1  -1   2   3  -4  -1   0   12   2   2   2   2   2   0   6   0   6   9   0   6   3   3  19  19   0   2   6  0.23 0.27
  161 N     1  -3   3  -1  -1  -2  -2  -1  -1  -2  -2  -2  -1  -2  -2   4   2  -5  -2  -1    9   0  16   3   1   1   2   5   2   2   4   2   1   1   1  30  14   0   2   4  0.41 0.39
  162 G     1  -4  -3  -2   0  -3  -3   2  -4   2   1  -3   0   0  -2   1   0   0  -3   1   13   0   0   2   2   0   0  18   0  11  17   0   2   3   2  11   6   1   0   9  0.20 0.23
  163 A     3  -4  -4  -4   0  -4  -4   3  -4   0  -1  -4   0  -1  -2   1   0   0  -4   2   31   0   0   0   2   0   0  20   0   6   5   0   2   3   2  11   5   1   0  13  0.44 0.36
  164 I     0  -5  -4  -6  -2  -5  -5  -3  -6   3   1  -5  -1  -1  -5  -2   0  -5  -3   5    9   0   1   0   1   0   0   2   0  16  11   0   1   3   0   2   5   0   1  48  0.86 0.51
  165 L    -1  -5  -2  -6  -2  -5  -5  -2  -5   3   4  -5   1   1  -3  -3  -2  -1  -4   2    6   0   2   0   1   0   0   3   0  16  46   0   3   5   1   1   1   1   0  12  0.69 0.43
  166 L     1  -4  -3  -5  -2  -3  -4   0  -3   3   2  -3  -1  -1  -4  -1  -1  -4  -2   3   14   0   1   0   1   1   1   7   1  21  22   1   1   2   0   4   2   0   1  20  0.41 0.31
  167 A     4  -3  -3  -4  -1  -3  -4   4  -5  -1  -1  -3  -2  -3  -3   1  -2  -5  -3  -1   30   1   1   1   1   1   0  33   0   3   7   1   1   1   1  11   1   0   1   5  0.63 0.44
  168 L    -1  -3  -4  -4  -1  -3  -4  -3  -3   4   4  -3   1   0  -1  -3  -1   0  -2   2    4   1   1   1   1   1   1   3   1  21  39   1   3   3   3   1   4   1   1  11  0.53 0.35
  169 G     1  -3  -2  -3  -1  -2  -3   4  -1   1   1  -2  -1   0  -3  -1  -2  -1  -2   1   13   1   1   1   1   2   1  28   1  10  15   1   1   4   1   4   2   1   1  11  0.32 0.26
  170 L     1  -4  -4  -4  -2  -3  -3   0  -4   3   4  -4   0   1  -3  -2  -2  -4  -2   1   10   1   1   1   1   1   1   8   0  15  36   1   2   5   1   3   1   0   1  11  0.43 0.31
  171 S     2  -1   0  -1  -2  -1  -1   0  -1  -1  -2  -1  -1  -2   0   2   1  -2  -2   0   20   4   3   2   1   2   3   7   1   4   4   3   2   2   4  18   8   1   1   9  0.15 0.19
  172 W    -1   0  -2  -3  -3   0  -3  -1   0   0   2  -1   1   1  -3  -2  -2   7   1  -1    5   6   2   1   1   5   1   5   3   5  18   5   4   6   1   3   2  17   5   4  0.43 0.30
  173 Y    -1  -3  -2  -4  -3  -2  -3  -3  -1   0   2  -3   0   5  -2  -2   2   2   3  -1    5   1   2   1   1   2   2   3   1   6  18   2   3  21   2   2  14   2  10   4  0.47 0.32
  174 G    -1  -3  -1  -1  -3  -3  -3   6  -1  -3  -4  -2  -2  -1  -3  -2   1   0  -3  -4    4   1   3   3   1   1   2  56   1   2   3   3   1   3   1   3   7   1   1   2  1.02 0.56
  175 W    -3  -4  -3  -3  -4  -3  -3  -1  -1   0   1  -3  -1   3  -4  -3  -3  10   4  -2    2   1   2   2   0   1   2   5   2   6  12   2   1  11   1   2   2  31  11   3  1.20 0.60
  176 H     0   0  -1  -1  -3   0   1  -1   3   0   0  -1  -1   0   3  -1   0   1   1  -1    7   5   3   3   1   4   8   5   7   5  11   3   1   4  12   4   6   2   6   5  0.11 0.11
  177 R    -1   1   0  -2  -3   1  -3  -2  -1   3  -1  -1  -1   1   0  -2  -2   6   1   1    4   8   5   2   0   7   2   3   2  14   7   3   2   5   4   4   2  12   5   9  0.33 0.23
  178 A     3  -5  -5  -5  -3  -4  -6  -2  -3   3   4  -5   0   0  -3  -4  -4  -2  -4   1   22   1   1   1   1   1   1   3   1  17  35   1   2   3   2   2   1   1   1   7  0.77 0.45
  179 D    -6 -10  -5   9 -11  -6  -5  -7  -5  -6  -9  -9 -11  -7  -6  -7  -7  -5  -7  -7    1   0   0  92   0   1   1   0   0   1   0   0   0   0   1   0   0   0   0   1  3.24 1.49
  180 A     2  -5  -4  -1  -5  -4  -5   2  -2  -4  -3  -5  -4  -5   6   1  -2  -8  -5  -3   18   0   1   3   0   1   1  16   1   1   4   0   0   1  37  11   3   0   0   2  1.02 0.66
  181 L     1  -7  -7  -5  -4  -6  -5  -5  -5   5   3  -6  -1   0  -6  -5  -4   4   2   3   10   0   0   1   0   0   1   1   0  25  23   0   1   3   0   0   1   5   7  20  0.89 0.52
  182 F     4  -5  -6  -6  -1  -6  -6  -2  -6   3   1  -6   2   4  -5  -4  -2  -3  -1   3   29   1   0   0   2   0   0   3   0  14  12   0   4  14   0   1   3   0   2  16  0.72 0.47
  183 A     6  -6  -7  -3  -4  -7  -5   4  -5  -6  -6  -6  -7  -6  -7   0  -2  -3  -4  -5   57   0   0   2   0   0   1  27   0   0   1   0   0   0   0   6   3   1   1   1  1.53 0.86
  184 L     0  -7  -7  -4  -1  -6  -7  -3  -7   5   4  -7   1   0  -5  -4  -4  -4  -4   2    8   0   0   1   1   0   0   3   0  26  37   0   3   4   1   2   1   0   0  11  0.93 0.53
  185 G     2  -6  -4  -5  -2  -5  -5   2  -6   3   3  -5   0   0  -2  -4  -3  -3  -4   2   19   0   1   0   1   0   0  17   0  15  23   0   2   4   2   0   1   0   0  14  0.55 0.39
  186 I     0  -7  -7  -8  -3  -7  -6  -5  -7   5  -1  -7  -1  -1  -7  -5  -4  -7  -6   6    8   0   0   0   0   0   0   1   0  26   5   0   1   2   0   1   1   0   0  53  1.50 0.75
  187 G     5  -6  -5  -4   0  -5  -6   3  -6  -3  -5  -5  -4  -5  -6   3  -2  -7  -6  -3   49   0   0   1   2   0   0  22   0   2   1   0   0   0   0  17   2   0   0   2  1.20 0.72
  188 I     1  -4  -6  -4   1  -5  -6   0  -6   3   3  -5   0   1  -6  -3  -3  -3  -3   3   12   1   0   1   2   0   0   9   0  14  30   0   1   6   0   1   1   0   0  19  0.59 0.39
  189 Y    -2  -5   2  -6  -3  -4  -5  -5  -1   2   1  -5   3   5  -7  -4  -4   5   4   0    3   0  10   0   0   1   1   1   2  11  13   0   6  23   0   1   1   7  15   5  0.88 0.51
  190 I    -4  -8  -6  -5  -6  -8  -8  -9  -8   7   1  -8   2  -3  -8  -7  -4  -4  -4   3    2   0   0   1   0   0   0   0   0  62  11   0   4   1   0   0   1   0   1  16  1.82 0.86
  191 L     1  -6  -6  -7   0  -6  -5  -1  -6   3   4  -6   3   2  -6  -2  -3  -3  -3   2   14   0   0   0   2   0   0   4   0  15  34   0   6   7   0   3   2   0   1  13  0.69 0.43
  192 Y    -3   2  -4  -6  -4  -3  -6  -4   1   0  -2   3  -3   3  -6  -4  -4   8   6   0    2   9   1   0   0   1   0   1   3   4   4  15   1   9   0   1   1  17  22   7  1.05 0.60
  193 S     1  -4   2  -3  -3  -2   0   1  -4   0  -1  -4   2  -3  -4   3   2  -3  -4   1   12   0   9   0   0   2   6   9   0   4   6   0   6   1   0  19  14   0   0  10  0.31 0.31
  194 A     5  -5  -6  -6  -2  -6  -6   5  -6  -3  -6  -6  -6  -7  -6   1  -3  -7  -7  -1   40   1   0   0   1   0   0  41   0   2   1   0   0   0   0   8   1   0   0   4  1.35 0.74
  195 L    -1  -3  -6  -7  -3  -5  -6  -2  -4   3   1  -5  -2   3  -7  -4  -3   8   5   1    5   1   0   0   1   0   0   4   0  13  15   1   1  11   0   2   1  17  18  10  0.97 0.54
  196 R    -3   4   0   1  -5   2   1   1   1  -5  -4   3  -3  -5  -3   0  -1  -5  -5  -4    1  23   4   7   0   7   9  10   4   0   2  19   1   0   1   7   3   0   0   1  0.55 0.40
  197 M     0  -2   0  -2   2   0   0  -1   2   0  -1  -2   1   1   0   0   0   3   1   0    6   0   5   0   5   5   6   6   5   6   6   0   5   5   6   6   6   5   5   6  0.05 0.16
  198 G     1  -3  -1  -1   1  -3  -3   2   0   1   1  -3   1   1  -3   0   0   2   0   0   12   0   3   3   3   0   0  20   3   9  12   0   4   5   0   5   5   3   3   8  0.14 0.17
  199 Y    -2   3  -1  -2  -1  -1  -2  -2   0  -1  -1   2   0   0  -1   0  -1   6   2  -1    3  14   3   2   2   3   2   3   2   3   5  13   2   4   4   8   3  12   6   3  0.30 0.29
  200 E    -2   2  -1   3  -2   1   4  -1   1  -4  -3   1  -2  -3  -1   0  -1  -6  -2  -4    3  12   3  14   1   6  25   4   3   1   3   7   1   1   3   6   4   0   1   1  0.43 0.38
  201 A     4  -3   0  -3  -1  -3  -3  -1  -2  -3  -4  -3  -1  -3  -3   4   2  -1  -6  -2   31   1   5   2   1   1   1   5   1   2   2   1   1   1   1  29  10   1   0   3  0.70 0.55
  202 V    -1  -6  -2  -4  -1  -5  -6  -3  -2   4   2  -3   2   2  -6  -1   0   2  -1   3    6   0   3   1   1   0   0   2   1  19  17   1   4   8   0   5   5   2   2  20  0.47 0.35
  203 Q     0   1   2   3  -2   1  -1   0   2  -3  -2   0   1  -2  -1   0  -1  -1  -1  -3    6   7  10  16   1   7   4   7   4   1   4   5   3   1   3   8   3   1   2   2  0.17 0.21
  204 S    -1  -2  -1   2  -2   1   2   1   0  -1  -3  -2   1  -2   1   0   0   0  -1   0    6   2   3  11   1   6  14  12   2   3   2   2   4   2   6   7   7   1   2   7  0.16 0.19
  205 L    -2  -7  -3  -8  -6  -7  -7  -8  -7   1   6  -7   1  -2  -7  -3  -3  -7  -6  -2    3   0   2   0   0   0   0   0   0   6  74   0   3   2   0   2   2   0   0   3  1.61 0.79
  206 L    -3  -6  -3  -7  -1  -6  -7  -4  -7   1   4  -6   8  -2  -7  -2   0  -7  -6   1    2   0   2   0   1   0   0   1   0   7  29   0  35   1   0   4   6   0   0  10  1.34 0.68
  207 D    -4  -7  -2   8  -8  -6  -1   1  -2  -3  -5  -6  -2  -8  -3  -2  -3  -8  -7  -7    2   0   1  68   0   0   4  11   1   2   1   0   1   0   2   3   2   0   0   0  1.90 0.89
  208 R    -1   0   0   0   2   0  -1  -1   2   0  -1   0   2   0   0  -1   0   4   1  -1    5   5   5   5   5   5   5   5   5   5   5   5   5   5   5   5   5   5   5   5  0.03 0.09
  209 A     3   0  -1  -2   2   0   0   0   0  -1  -2  -1   0  -1   0   1  -1  -6  -1  -1   20   5   3   3   3   4   7   7   3   3   4   4   3   3   5  11   4   0   3   4  0.14 0.18
  210 L     0   0  -1  -1   1  -1  -2  -3   1   0   2  -2   2   0   2  -2  -1   2  -1   1    6   4   4   3   3   3   3   3   3   5  19   3   4   4  11   3   3   3   3  10  0.18 0.14
  211 P     0   0   0   0   2   0   0  -1   1   0  -1   0   1   0   0   0   0  -2   1   0    5   5   5   5   5   5   5   5   5   5   5   5   5   5   5   5   5   0   5   5  0.03 0.05
  212 D     0  -2  -2   5  -3   0   3  -2  -1  -4  -4  -1  -3  -4   3  -1  -1  -2  -4  -4    7   2   2  25   1   4  19   4   1   1   3   5   1   1  12   5   4   1   1   2  0.61 0.47
  213 E     0  -3   0   2  -2  -1   6  -2  -1  -4  -5  -1  -3  -5   0  -1  -2  -2  -4  -4    7   2   4  12   1   3  39   4   2   1   2   5   1   1   5   5   3   1   1   2  0.75 0.58
  214 E    -2  -1  -3   2  -3  -1   5  -5  -1   0   0  -1   1  -1  -4  -3   0  -2  -2   0    4   3   1  11   1   3  29   1   2   5  10   4   3   3   1   2   7   1   2   8  0.45 0.38
  215 R    -2   3  -2  -2  -1   0   1  -5  -1   2   1   0   0  -3  -3  -2  -1  -2   0   2    4  16   2   2   1   5   8   1   2   9  15   5   2   1   2   3   5   1   3  12  0.27 0.22
  216 Q     1   1  -1   1  -3   3   3  -3  -1  -2  -3   1   0  -4  -4  -2  -2  -2  -3  -1   13   6   4   7   1  13  19   2   2   3   4   8   3   1   1   4   3   1   1   4  0.34 0.32
  217 E     1   2  -1   1  -3   2   4  -4   0  -1  -3   2  -2  -4  -4  -2  -1  -1  -4  -3   10  11   3   6   1   8  21   2   2   4   4  12   1   1   1   4   4   1   1   3  0.39 0.34
  218 I    -3  -3  -5  -6  -3  -5  -5  -7  -4   7   0  -4   2   0 -10  -6  -4   0  -3   2    3   2   1   1   1   1   1   1   1  55   9   1   5   3   0   1   2   1   1  12  1.58 0.82
  219 I     0   4  -3  -3  -1  -1   1  -4   1   3   0   2  -1  -2  -5  -2  -1  -2  -2   0    7  18   1   2   1   3  10   2   3  13   9  10   2   2   1   3   4   1   2   7  0.33 0.25
  220 D     1   1   0   3  -3   2   4  -3  -1  -5  -5   1  -3  -5  -5  -1  -1  -9  -5  -4   12   8   5  16   1   7  20   3   2   1   2   9   1   1   1   5   4   0   1   2  0.51 0.43
  221 I     1  -2  -5  -5   0  -3  -2  -6  -2   5   1  -1   0  -1  -8  -4   1  -3  -2   2    9   3   1   1   2   1   3   1   1  30  13   4   2   3   0   2   7   0   2  14  0.68 0.41
  222 V     0   0   0   0   2   0   0  -1   1   0  -1   0   1   0   0   0   0  -2   1   0    5   5   5   5   5   5   5   5   5   5   5   5   5   5   5   5   5   0   5   5  -0.00 0.06
  223 T     1   1   0  -1   1   0   1  -1   0  -2   0   0   1   0  -2   0   1   0  -1  -2   11   7   5   4   3   4   8   4   2   2  11   5   3   4   2   6   7   2   2   3  0.02 0.08
  224 S     1   1   1  -1   2   1   1  -1   1  -3  -3   0  -1  -2  -2   2   0   0  -1  -3    9   6   7   4   3   5   8   5   4   2   3   7   2   2   2  16   5   2   2   2  0.13 0.20
  225 W    -1  -1  -1  -1   0   0  -1  -3   5   0  -2  -3  -1   1  -3  -2   0   3   3   2    6   3   3   4   2   4   4   3  12   5   5   2   2   6   2   3   6   4  10  14  0.35 0.25
  226 P    -1  -1  -1   2  -2  -1   2  -3   0  -3  -5   1  -2  -4   6  -1  -2  -8  -2  -4    6   4   3   9   1   3  11   3   2   2   2   9   1   1  31   5   3   0   2   2  0.65 0.52
  227 G    -2   0   0   1  -1   0   1   6   0  -5  -5  -2  -2  -4  -3  -2  -3  -1  -2  -4    4   5   5   7   1   4   9  45   2   1   2   3   1   1   2   3   2   1   2   1  0.84 0.56
  228 V     0  -3  -4  -3  -2  -2  -3  -4  -3   4  -2  -3  -2  -1  -4  -4  -4   0  -1   6    9   2   1   2   1   2   2   2   1  18   5   2   1   2   1   2   2   1   2  43  1.00 0.57
  229 S     0   2  -1  -1   0   0   0  -2   1   2   1   0   0  -2  -3   0   0  -2  -1   0    6  10   3   3   2   4   7   3   3  11  15   7   2   1   1   6   5   1   2   7  0.10 0.09
  230 G    -1  -1   1   2  -2  -1   2   5   0  -4  -4  -2  -3  -1  -4   0  -3  -3  -3  -3    5   3   5  10   1   3  11  35   2   2   2   3   1   3   1   8   2   1   1   2  0.60 0.41
  231 A     1  -3  -5  -4   1  -4  -4  -5  -1   3   0  -5   0   4  -2  -3  -1  -1   3   4   10   2   1   1   3   1   1   1   1  13   7   1   2  14   3   3   4   1   9  22  0.60 0.36
  232 H    -6  -3  -4  -1  -4  -4  -1  -6  11  -6  -8  -3  -5  -2  -6  -5  -5 -11  -3  -6    1   2   1   4   1   1   4   1  73   1   1   2   1   2   1   1   1   0   1   1  3.15 1.53
  233 D     0   1   2   6  -4   0  -1  -1   2  -6  -5   1  -2  -5  -4  -2  -5  -2  -3  -6    8   6   8  37   1   5   5   5   4   1   2   8   1   1   1   4   1   1   1   1  0.87 0.58
  234 L    -6  -6 -12 -12   1  -6 -11 -12  -4   2   6 -11   1   0  -6  -7  -5  -3  -5   2    1   1   0   0   3   1   0   0   1  11  61   0   3   4   1   0   1   1   1  11  1.64 0.88
  235 R    -5   8  -5  -8  -4  -3  -5  -8   0  -1  -4   2  -1  -2 -12  -5  -4  -3  -4  -3    1  62   1   0   0   2   1   0   3   4   3  13   2   2   0   1   1   1   1   2  1.93 1.04
  236 T     0 -11  -6 -11  -3  -6 -11  -4  -1   1  -4  -6  -1  -5  -7   0   7 -12  -6   2    7   0   0   0   1   0   0   2   2   7   3   1   2   1   1   7  54   0   0  14  1.56 0.93
  237 R    -8   8  -6  -8 -14  -3  -8  -9   5  -3  -7  -6  -5  -6 -13  -8  -6  -1  -5  -3    1  75   1   0   0   2   0   0  11   2   1   1   0   1   0   0   1   1   1   2  2.74 1.38
  238 Q    -2   4   0  -1  -4   2   0  -2   2  -3  -5   4   1  -4  -3  -1  -1  -2   0  -2    4  19   4   4   0  10   6   4   4   2   2  19   3   1   2   5   5   1   3   3  0.48 0.36
  239 S     4  -6  -3  -6  -4  -5  -7  -5   1  -1  -4  -6   3  -1  -6   4  -2  -9   4  -1   27   1   2   1   0   1   0   1   3   4   2   1   5   3   1  28   3   0  13   5  0.98 0.65
  240 G    -2  -8  -6  -8  -6  -6  -5   8  -5  -8 -10  -8  -5  -8  -6  -6  -8  -4  -8  -8    4   0   1   0   0   1   1  87   0   0   0   0   0   0   1   1   0   0   0   0  2.72 1.37
  241 P     1   2   3   1  -5   1  -3  -1   2  -5  -4  -2   0  -4   3   2  -1 -10  -4  -4   10  10  11   7   0   6   2   5   4   1   2   2   3   1  16  12   4   0   1   2  0.43 0.37
  242 T    -1   3   0   0  -2   2   0  -1   3  -2  -2   1   1  -2  -6  -1   1  -2   1  -1    4  15   4   6   1   9   7   6   6   2   4   7   3   2   0   4   9   1   5   6  0.23 0.22
  243 R    -1   4  -2  -3  -1  -2  -3  -5   1   2  -1   1  -1  -1  -5  -2   1   0   2   1    5  23   2   1   1   2   1   1   3  12   7   7   1   2   1   3   7   1   7  10  0.43 0.32
  244 F    -3  -6  -5  -4  -3  -3  -3  -8   5   0  -1  -7   0   8 -10  -4  -5   1   4  -3    3   1   1   1   1   1   2   0  10   5   7   0   2  47   0   2   1   2  11   2  1.63 0.84
  245 I     1  -9 -10 -10  -2  -9  -9  -5 -10   6  -1  -9   3  -3  -9  -7  -5  -9  -8   5   12   0   0   0   1   0   0   1   0  34   7   0   6   1   0   0   1   0   0  37  1.59 0.82
  246 Q    -5  -7  -2   6  -6   3   3  -7  -2  -7  -9  -6  -6  -4  -9   2  -1  -5  -2  -5    1   0   2  42   0  12  17   0   1   0   0   0   0   1   0  15   4   0   2   1  1.40 0.88
  247 I    -1  -8  -9  -9   1  -6  -7  -7  -8   2   4  -8   4   5  -9  -7  -5  -7  -4   3    5   0   0   0   3   0   0   0   0  11  33   0   9  18   0   0   0   0   0  19  1.18 0.65
  248 H    -6  -5  -3   0  -6  -5  -2  -7  11  -4  -8  -3  -6  -6 -10  -5   0 -10  -5  -3    1   1   1   6   0   0   3   1  72   1   0   2   0   0   0   1   6   0   0   3  3.02 1.39
  249 L    -1  -7  -9  -7  -3  -8  -9  -7  -9   5   4  -8   4  -4  -9  -8  -6  -8  -7   4    6   0   0   0   1   0   0   0   0  27  32   0   8   1   0   0   0   0   0  23  1.36 0.73
  250 E    -1   0  -4  -1  -1   1   4  -3   2  -1   1  -2  -1  -4  -6  -2   0   0  -4   2    4   4   1   3   1   5  27   3   5   3  13   3   1   1   0   3   6   1   1  15  0.41 0.35
  251 M    -4  -9  -9 -10  -4  -7  -9 -10  -9   0   2  -9   4   1  -9  -7  -4  -9  -5   7    1   0   0   0   0   0   0   0   0   5  19   0   8   5   0   0   1   0   0  58  1.74 0.90
  252 E    -2  -3   0   6  -1  -4  -1  -6  -3  -8  -7  -3  -6  -8   6  -1  -6  -6  -7  -6    4   2   5  35   1   1   4   1   1   0   1   2   0   0  36   5   1   0   0   1  1.50 0.89
  253 D     1   1  -1   1  -2  -3  -2   4  -3  -6  -7   0  -5  -6   4  -1  -4  -1  -2  -5   12   8   3   9   1   1   3  28   1   1   0   5   0   0  17   6   1   1   2   1  0.67 0.48
  254 S    -1   0   3   4  -4   0   2  -1   3  -5  -4   0  -3  -3  -5   1   1  -4   0  -5    6   5  13  20   0   4  11   5   6   1   2   5   1   1   0  10   8   0   4   1  0.46 0.37
  255 L    -3  -5  -7  -6  -4  -2  -4  -6  -5   3   4  -4   6  -2  -7  -5  -1   7  -2  -1    3   1   0   1   1   2   2   1   0  14  29   2  19   2   0   1   4  13   2   4  1.20 0.67
  256 P    -5  -2   0   1  -5  -5  -6  -6  -2  -7  -5  -4  -6  -7   2   5   5 -10  -7  -7    1   2   5   8   0   1   1   1   1   0   1   1   0   0  10  35  32   0   0   0  1.26 0.84
  257 L    -6  -8  -7  -8  -5  -7 -10 -11  -5   3   4 -10  -2  -1  -6  -8  -3  -9  -8   6    1   0   0   0   0   0   0   0   0  11  36   0   1   3   1   0   2   0   0  43  1.60 0.83
  258 V     0   1  -1   1  -3   1   2  -1   0  -1   0   0   1  -1  -4   0  -1  -1   0   0    9   7   3   6   0   7  15   6   2   3   8   6   3   3   0   8   3   1   3   7  0.11 0.14
  259 Q     0   2  -2   2  -5   3   5  -6   1  -5  -6   1  -5  -7  -4  -3  -2  -9  -4  -3    8  11   2  10   0  12  34   1   3   1   1   8   0   0   1   2   3   0   1   2  0.85 0.60
  260 A     6  -8  -7  -8  -2  -6  -5   3  -6  -1  -5  -8  -4  -7  -8   2  -3  -9  -7   0   55   0   0   0   1   0   1  17   0   3   2   0   1   0   0  12   2   0   0   6  1.39 0.83
  261 H    -2  -7  -5  -5 -12  -5  -5  -9  12 -12 -12  -7  -7  -8  -9  -7  -8 -11  -4  -8    3   0   1   1   0   1   1   0  89   0   0   0   0   0   0   0   0   0   1   0  4.19 1.81
  262 M     2   1   0   4  -5   1   3  -3   0  -4  -4   0  -3  -6  -4  -2  -2  -4  -3  -3   14   9   4  24   0   7  18   2   2   1   2   6   1   0   1   3   3   0   1   2  0.58 0.43
  263 V    -4  -4  -8  -7  -4  -4  -2 -10  -3   7   2  -6   0  -3  -9  -5  -3  -3  -4   2    2   1   0   0   0   1   3   0   1  52  18   1   2   1   0   1   2   0   1  13  1.49 0.75
  264 A     4  -1  -5  -4   6  -6  -5  -1  -5   2  -2  -3  -1  -7  -7   2   1  -8  -7   0   30   4   0   1  13   0   1   6   0  11   4   2   2   0   0  12   8   0   0   6  0.74 0.51
  265 D    -2  -2  -1   6  -4  -2   3  -4   4  -6  -6  -2  -5  -6  -7  -2   0  -6  -5  -2    3   2   3  43   0   2  19   2   8   0   1   2   0   0   0   3   6   0   0   3  1.18 0.72
  266 Q     1   3   1   1  -4   2   3  -3   1  -3  -4   1  -2  -6  -6  -1  -1  -2  -5  -3   11  17   6   7   0  10  21   2   3   1   2   8   1   0   0   5   3   1   0   2  0.50 0.41
  267 V     0  -8  -9  -9  -4  -9  -9  -8  -9   6   2  -9  -2  -3  -9  -7  -5  -9  -5   5    8   0   0   0   0   0   0   0   0  33  16   0   1   1   0   0   1   0   0  39  1.56 0.80
  268 E    -3   0  -6  -4  -6  -1   7  -6   0  -4  -7   1  -2  -8  -8  -3  -3 -10  -5  -4    3   6   0   1   0   3  68   1   2   1   1   8   1   0   0   2   2   0   0   2  1.81 1.04
  269 Q     1   3   1   2  -3   2   2  -4   1  -4  -3   2  -2  -3  -6  -1  -2  -5  -3  -4   13  15   6  12   1   9  13   1   4   1   3  12   1   1   0   4   3   0   1   1  0.44 0.37
  270 A     3   3  -1   1  -3  -1   2  -3  -2  -3  -3   2  -1  -6  -5  -1  -1  -5  -4  -3   26  15   2   9   1   3  13   2   1   2   3  10   2   0   0   5   4   0   1   2  0.45 0.38
  271 I    -4  -7  -7  -7  -4  -6  -7  -9  -8   6   4  -7  -1  -1  -8  -7  -5  -8  -5   3    1   0   0   0   0   0   0   0   0  39  35   0   2   3   0   0   0   0   0  15  1.51 0.77
  272 L    -1   3  -2  -2  -1   1   1  -4   1   0   1   3   3  -2  -5  -1  -2  -4  -3  -2    5  16   2   2   1   6   9   1   3   5  15  15   8   1   0   4   2   0   1   3  0.35 0.30
  273 R     2   2   0   1  -5   2   3  -2   1  -5  -5   3  -4  -5  -5   0  -2  -7  -4  -4   14  11   5   7   0   9  20   3   3   0   1  14   0   0   0   6   3   0   0   1  0.53 0.43
  274 R     2   2   0   0  -3   1   3  -4   1  -2  -1   2  -2  -4  -5  -1  -1  -5  -4  -1   19  11   4   4   0   6  16   1   3   3   6  12   1   0   0   5   3   0   0   4  0.32 0.31
  275 F    -4  -5  -4  -2  -4  -5  -2  -6   2   2   3  -4   1   6  -5  -5  -4  -2   3   1    1   0   1   3   0   1   3   1   4  11  22   1   3  28   1   1   1   1   9   8  0.88 0.51
  276 P    -2  -1  -1   0  -4  -1   0   0   0  -4  -3   0  -4  -6   7  -1  -3  -5  -4  -5    4   3   3   6   0   3   7   7   2   1   3   5   1   0  46   4   2   0   1   1  1.06 0.65
  277 G    -2   0   3   2  -3   0   1   4   1  -2  -4  -1  -3  -4  -2  -2  -3  -7  -3  -1    4   6  13  11   1   4   9  28   4   2   2   3   1   1   2   3   2   0   1   5  0.46 0.35
  278 S     3  -2  -2  -3   2  -2  -2  -2  -1   1   0  -1  -1  -3  -4   1   1  -3  -1   1   26   2   2   2   5   2   2   3   1   7   8   4   2   1   0  11  10   0   2  10  0.28 0.27
  279 D    -5   1   0   6  -3   0   3  -5   4  -3  -5  -2  -3  -3  -6  -1  -1  -6  -2  -3    1   7   5  34   1   4  19   1   8   2   1   2   1   1   0   4   4   0   1   2  0.91 0.60
  280 V     0  -8  -9  -9  -1  -7  -9  -9  -6   4   1  -8   0  -3  -5  -6  -1  -3  -6   6    7   0   0   0   1   0   0   0   0  22  10   0   2   1   1   1   4   0   0  49  1.43 0.78
  281 I    -3  -6  -2  -4  -4  -4  -6  -6   0   3   2  -6   3   2  -7  -2   4  -5  -3   3    2   0   2   1   0   1   0   0   2  14  18   0   7   7   0   3  23   0   1  16  0.75 0.50
  282 I    -4 -10 -10  -9  -2  -9  -8  -8 -10   7  -2  -9  -4  -1  -8  -6   0  -9  -7   5    1   0   0   0   1   0   0   0   0  54   3   0   0   2   0   1   7   0   0  30  1.93 0.95
  283 H    -8  -6  -6  -8 -12  -2  -4 -11  12  -7 -10  -7  -6 -10 -11  -6  -4 -11  -5  -9    0   1   0   0   0   2   2   0  91   0   0   0   0   0   0   1   1   0   0   0  4.29 1.84
  284 Q     0  -7  -6  -7  -2   1  -4  -6  -3   4   2  -4   4  -2  -1  -4  -1  -7  -1   4    7   0   0   0   1   6   1   0   1  19  15   1  10   2   3   1   4   0   2  26  0.71 0.47
  285 D    -7  -6   0   7  -6  -4   6  -8  -4  -6  -4  -6  -9  -7  -8  -6  -6 -10  -7  -6    0   0   4  44   0   1  44   0   1   1   2   0   0   0   0   0   0   0   0   1  2.03 1.11
  286 P    -7 -10 -10  -7  -5  -8  -7  -7 -10  -9 -10  -7 -10 -11   9  -7  -8 -11  -6  -8    1   0   0   0   0   0   0   1   0   0   0   0   0   0  95   0   0   0   0   0  3.60 1.74
  287 C     1  -3  -4  -2   7  -2   0  -4  -2   2  -1  -3  -2  -2  -4  -1  -1  -2   0   3   12   2   1   2  19   2   6   1   1  11   6   1   1   2   1   5   4   1   4  19  0.57 0.37
  288 S     0  -2   2   1  -1  -1   2   2  -1  -3  -4   0  -4  -4  -1   3   0  -5  -3  -3    9   2   8   8   1   2  11  13   1   1   1   6   0   1   3  21   6   0   1   2  0.31 0.28
  289 V    -1  -3  -1  -1  -1  -2  -1  -4   0   2   1  -1   1  -2  -2  -2   0  -2  -1   4    5   1   3   3   1   2   4   1   2  13  11   5   3   1   2   2   6   1   2  31  0.34 0.26
  290 V     1  -1   0   0   1  -1   1  -2   0   1   0  -1   0  -2  -1  -1  -1  -4  -2   3   12   3   4   7   3   2  10   2   2   7   7   3   2   1   3   4   4   0   1  24  0.15 0.16
  291 P    -1  -3   0   2   0  -1   2  -3   0  -4  -5   1  -4  -5   6  -1  -1  -6  -2  -2    4   1   4  13   2   2  12   2   3   1   1   8   0   0  33   4   4   0   2   3  0.72 0.45
  292 R    -2   5   0   0  -2   2   2  -3   3  -4  -3   3  -4  -5  -1  -2  -2  -6  -4  -2    3  26   5   4   1   7  13   2   7   1   2  15   0   0   4   2   2   0   0   4  0.56 0.38
  293 E    -2  -2  -2   2  -3   1   6  -5   2  -6  -4   0  -6  -6  -1  -2  -1  -7  -5  -4    3   2   2  11   1   5  53   1   5   0   2   5   0   0   3   3   4   0   0   1  1.10 0.67
  294 G     0  -1   0  -1   0  -2   0   5  -2  -3  -2  -1  -2  -4  -3  -1  -1  -6  -2  -2    7   3   4   4   2   2   7  45   1   2   4   3   1   1   1   3   4   0   2   3  0.60 0.39
  295 K    -2   3   1   1  -5   1   2  -3   0  -4  -5   5  -4  -4  -1  -1  -2  -5  -2  -3    3  13   7   7   0   6  13   1   2   1   1  32   0   1   4   4   2   0   1   2  0.60 0.41
  296 R    -3   6   0  -3  -2   1   1  -4   0  -5  -5   4  -3  -5  -4  -2  -1  -4  -4  -4    2  44   5   1   1   5   9   1   2   0   1  20   1   0   1   3   3   0   0   1  1.04 0.57
  297 S     2  -2   2   0  -1  -1   2  -1  -4  -4  -4   1  -4  -5  -3   4   2  -6  -3  -3   15   1   9   4   1   2  11   5   0   0   1   9   0   0   1  29  10   0   1   1  0.46 0.35
  298 M    -1   0  -2  -1   1  -1  -1  -2  -3   1   2   0   5   1  -3  -2  -1  -4  -1   1    4   5   2   4   3   1   4   3   0   7  21   5  19   5   0   1   4   0   1  10  0.23 0.20
  299 L    -4  -4  -5  -5  -1  -3  -3  -6  -5   3   5  -3   2   0  -5  -3  -1  -4  -1   1    0   0   0   0   1   1   2   0   0  14  62   2   4   2   0   1   4   0   2   6  0.86 0.39
  300 S     2  -2   1  -2  -3  -1   2  -2  -3  -4  -4   2  -3  -5  -3   4   0  -5  -4  -3   17   0   6   0   0   0  13   0   0   0   0  15   0   0   0  45   4   0   0   0  0.65 0.33

                      K         Lambda
Standard Ungapped    0.1365     0.3245
Standard Gapped      0.0410     0.2670
PSI Ungapped         0.1365     0.3245
PSI Gapped           0.0410     0.2670
