
Last position-specific scoring matrix computed, weighted observed percentages rounded down, information per position, and relative weight of gapless real matches to pseudocounts
            A   R   N   D   C   Q   E   G   H   I   L   K   M   F   P   S   T   W   Y   V   A   R   N   D   C   Q   E   G   H   I   L   K   M   F   P   S   T   W   Y   V
    1 X    -1  -1  -1  -1  -1  -1  -1  -1  -1  -1  -1  -1  -1  -1  -1  -1  -1  -1  -1  -1    0   0   0   0   0   0   0   0   0   0   0   0   0   0   0   0   0   0   0   0  0.00     0.00
    2 S     5  -3  -2  -3  -2  -2  -2  -2  -3  -3  -4  -2  -3  -4  -2   4  -1  -4  -3  -2   54   0   0   0   0   0   0   0   0   0   0   0   0   0   0  46   0   0   0   0  0.90 0.34
    3 G     2  -3   0  -4   7  -3  -2   5  -4  -4  -4  -4  -4  -5  -4  -1  -2  -5  -5  -3   15   1   5   0  29   1   3  40   0   0   0   0   0   0   0   3   2   0   0   2  1.05 0.42
    4 G    -2  -1   0   1  -5  -3  -2   5   0  -5  -5   2  -4  -3   2   0  -2   0  -4  -3    0   2   3   7   0   0   1  45   3   0   0  16   0   1   9   7   2   1   0   2  0.68 0.35
    5 L    -3  -5  -2  -5  -4  -4  -3  -4  -4   1   4  -4   2   3  -3  -2  -1  -4   0   3    1   0   3   0   0   0   2   1   0   7  38   0   5  15   1   2   5   0   3  18  0.59 0.36
    6 Q    -3  -2  -2  -3  -5   2   4  -5  -4  -1   0  -1  -1  -3  -3  -1  -1  -5   0   4    1   2   1   0   0  10  33   0   0   2   7   3   1   1   1   3   4   0   3  28  0.58 0.43
    7 V     2  -2  -5  -1   0  -4  -4  -4  -3   5  -1  -4   0   0  -2  -2  -1  -5  -1   3   18   2   0   4   2   0   0   1   1  35   4   0   2   4   2   3   3   0   2  17  0.53 0.37
    8 K    -2  -1   0  -1  -4  -2   0  -3   1   1   1   0   0  -3   4   1   1  -4  -1  -1    2   3   4   3   0   1   6   1   3   9  12   6   2   1  20  10  11   0   2   3  0.26 0.23
    9 N    -3  -2   6   1  -6   1  -1  -1   1  -4  -2  -2  -3  -6   3  -2  -3  -6  -4   0    1   2  36   7   0   7   3   4   4   1   4   2   1   0  16   2   1   0   1   8  0.75 0.47
   10 F    -2  -1   1  -1   0  -1   0   2  -2  -1   1  -2   3   0  -1  -1   0  -3   1   0    1   2   9   2   2   2   7  17   0   3  16   2   9   4   3   4   6   0   5   6  0.13 0.17
   11 D    -3  -3   2   0  -4  -1   1   6  -2  -6  -5   0  -4  -5   0   0  -4  -7  -5  -6    1   2  11   5   0   3   8  48   1   0   1   5   0   0   5   7   1   0   0   0  0.94 0.55
   12 F    -7  -8  -8  -9  -3  -8  -8  -9  -7  -2   5  -8   4   6  -8  -8  -7  -6  -2  -2    0   0   0   0   1   0   0   0   0   2  56   0  10  26   0   0   0   0   1   2  1.81 0.84
   13 T    -1   2  -1  -2  -1   1   0  -2   0  -3  -3   2   0  -2   0   1   2  -3   1  -2    5  12   3   1   1   7   7   3   2   1   2  14   2   1   5  11  14   0   4   2  0.25 0.25
   14 V     0  -5  -2  -1  -2  -1   0  -5  -1   0  -2  -3  -3  -2   6  -2  -1  -6   0   2    8   0   2   4   1   3   6   1   1   6   5   1   0   1  34   4   3   0   4  14  0.68 0.46
   15 G    -5  -3  -2  -3  -8  -4  -5   7  -3  -8  -8  -5  -8  -8  -4  -3  -5  -8  -8  -5    1   2   2   2   0   1   1  84   1   0   0   1   0   0   1   2   1   0   0   1  2.27 1.04
   16 K    -2   2  -1  -1   1   3  -2  -3   2  -4  -2   2   1  -4  -5   3   1   2  -3  -3    2  11   2   4   2  12   2   2   5   1   5  14   4   1   0  19   8   2   1   2  0.41 0.35
   17 F    -1   2  -2  -4   3  -1  -1  -4   0  -1  -2   1   4  -3  -5   2   2   0  -3   0    4  12   2   1   6   2   4   1   2   4   4   7   9   1   0  17  14   1   1   7  0.37 0.31
   18 L    -5 -10 -10 -10  -9 -10  -6 -10 -10   6   3 -10   0   2  -5 -10  -5  -2  -4   3    1   0   0   0   0   0   1   0   0  38  27   0   2   7   1   0   1   1   1  19  1.60 0.70
   19 T    -4   3  -4  -1  -2  -3   0  -6   2   2  -1   1   0   0  -6  -3   3  -3   1   1    2  14   1   4   1   1   5   1   5  10   7   9   2   4   0   3  17   1   4  10  0.40 0.27
   20 V    -4 -11 -11 -11   0 -11 -11  -6 -11   7   1 -11  -1   0 -11 -10  -9 -11  -3   5    2   0   0   0   2   0   0   1   0  46  13   0   2   4   0   0   0   0   1  30  1.90 0.83
   21 G    -4   2  -1  -3  -3   2  -2  -5   4   0  -4   3  -2  -2  -5   1   1  -2   0   1    2  11   3   2   1  10   3   1   8   6   2  14   1   2   1  11   9   1   3  10  0.42 0.31
   22 G    -1  -5  -9  -5  -2  -9  -9   7  -9  -4  -4  -9  -3  -4  -5  -5  -9  -9  -9  -3    6   1   0   1   1   0   0  79   0   1   2   0   1   1   1   1   0   0   0   2  2.26 1.09
   23 F    -3   2  -2  -3   0   0   0  -4   3   2  -2   2   1  -1  -5  -1   3  -2   0   1    3  10   2   2   2   4   6   1   5  10   4  13   3   2   1   5  15   1   3   9  0.32 0.24
   24 I    -1  -9  -9  -9   1  -3  -9  -5  -9   3   0  -5   0   0   5  -4   0  -9  -3   4    5   0   0   0   3   2   0   1   0  14   8   1   2   4  26   2   6   0   1  23  0.95 0.59
   25 N    -1   0   3   0  -1  -2  -1  -2   3  -1   1   1  -1   0   2   0   0  -1   0  -2    5   6  11   5   1   1   4   3   6   3  12   9   1   3  11   8   6   1   3   2  0.17 0.17
   26 N    -2  -2  -1   2   0  -1   1   0   2  -3  -2   1   0  -2   4   0  -1  -1  -2  -3    4   2   3  10   2   3   9   8   5   2   4   8   3   2  18   8   5   1   2   2  0.27 0.25
   27 S    -2  -2   4   3  -1  -2  -1   1   3  -3  -2   1  -1  -1   0  -1  -2   0   0  -3    3   3  15  16   2   2   5   9   7   2   5   7   2   2   5   6   3   1   3   2  0.33 0.26
   28 P     4  -2  -2  -2   2  -1   0  -1   1  -2  -1  -3   0  -1   2   0  -1   1  -1  -2   28   2   2   3   4   3   6   6   4   3   7   2   2   2   9   7   4   2   2   3  0.31 0.27
   29 Q    -2   0   2   1   1   2   1   0   1  -2  -3   2   0  -1   0   0  -1  -6  -1  -2    3   5   9   6   3   8   8   7   3   3   3  12   3   3   6   8   4   0   3   3  0.15 0.15
   30 R    -1   0   0   0   2   0   0  -1   2   0  -1   0   2   1   0  -1   0   4   1  -1    5   5   5   5   5   5   5   5   5   5   5   5   5   5   5   5   5   5   5   5  0.09 0.08
   31 F    -5  -8  -8  -5  -1  -8  -8  -8  -4   0  -2  -8  -1   9  -4  -5  -5   2  -1  -1    1   0   0   1   2   0   0   0   0   5   4   0   1  74   1   1   1   2   1   4  2.43 1.06
   32 S     1   0   2   0   0   0   0  -2   2  -1  -2  -2  -1  -2  -4   2   1  -2   0   1   12   5   9   5   2   5   5   2   6   3   2   2   2   1   0  14   9   1   3  12  0.16 0.20
   33 V    -4  -7  -5  -7  -2  -7  -7  -7  -7   7   1  -4   1   0  -4  -6  -3  -7  -3   4    2   0   1   0   1   0   0   0   0  47  11   1   3   3   1   0   2   0   1  27  1.43 0.69
   34 N    -4  -3   7   4  -1  -2   1  -4  -1  -5  -6  -2  -3  -5  -7  -2  -4  -8  -2  -5    1   1  51  20   1   2   7   1   2   1   1   2   1   1   0   3   1   0   2   1  1.52 0.82
   35 V    -5  -5  -8  -8  -1  -7  -5  -6  -7   0   6  -7   0   5  -5  -5  -4  -1  -2  -3    1   1   0   0   1   0   1   1   0   4  60   0   2  23   1   1   1   1   1   2  1.54 0.78
   36 G    -1  -2  -1  -1   2   3  -2   1   1  -1   1   0   2  -2  -3  -2  -1  -2   0  -1    5   2   2   4   4  17   2  13   4   3  17   5   5   1   1   3   4   1   4   4  0.21 0.22
   37 E    -1   1   1  -2   5   1   1  -2   1  -2  -3   2  -2  -3  -2   1   1  -5  -2  -2    4   7   6   2  13   5  10   2   3   3   2  11   1   1   2  11   9   0   1   3  0.31 0.27
   38 S     0  -3   1   2  -1  -1   0   4   0  -6  -5  -1  -6  -6   0   1  -1  -6  -3  -4    6   2   5  12   1   3   7  33   2   0   1   4   0   0   5  12   4   0   1   1  0.57 0.41
   39 M     0  -1   1   1   0   0   0   0   1  -2  -4   0   0  -1   2   2   1  -5  -2  -3    7   3   7   9   2   4   6   7   3   2   1   5   3   3  11  15   9   0   2   1  0.21 0.21
   40 N    -1   0   3   3  -1  -2   1   1   1  -4  -3  -1  -2  -3   1   2  -1  -6  -5  -3    4   5  13  15   1   1   9  11   3   1   2   4   1   1   7  15   4   0   0   1  0.35 0.29
   41 S    -2  -2   2   5  -6   0   1  -2   1  -4  -4  -1  -2  -3   1   0   0  -1  -1  -2    3   2   9  30   0   5  10   3   3   1   2   4   1   1   6   6   6   1   2   3  0.50 0.37
   42 L    -2  -1  -3  -3  -1  -2  -1  -4  -2   5   1  -3   2  -2  -3  -2   0  -5  -1   3    4   4   1   1   2   2   5   1   1  32  10   2   4   1   2   3   5   0   3  17  0.49 0.32
   43 S     3  -3  -1  -2   4  -2  -3   0  -1  -1  -1  -2   1   0   2  -1  -2  -1  -1   1   28   1   4   2   8   2   2   6   1   4   6   2   3   3  10   4   2   1   2   9  0.29 0.26
   44 L    -2  -3  -4  -2   0  -1  -2  -2   0   0   4  -1   2   4  -4  -3  -2  -3   0  -1    3   0   0   3   2   3   3   3   2   4  42   3   4  18   0   0   2   0   3   3  0.48 0.33
   45 H    -2  -1  -1  -1   1   0   1  -2   8  -1  -3  -1   0  -1  -1  -2  -2  -5   0   0    3   3   3   3   3   4   7   3  37   3   3   3   3   3   3   3   3   0   3   7  0.85 0.45
   46 L     0  -2  -2   0   3   1  -2  -3  -2   1   0  -2   2   1  -3  -1   0   4   2   0    8   0   0   8   8   8   0   1   0   8   8   0   8   8   0   1   8   8   8   8  0.17 0.15
   47 D    -2   1   5   2  -1   0  -1  -1  -1  -3  -3   1  -4  -3  -2   2  -2  -5  -1  -3    3   8  32   9   1   3   3   3   1   1   2   8   0   1   2  13   2   0   2   2  0.53 0.41
   48 H     0  -2  -2  -3  -1  -2  -4  -2  -1   1  -1  -4  -1   1   5  -2  -1  -5  -4   3    7   2   2   2   1   2   1   3   1   7   5   0   2   7  27   2   4   0   0  24  0.58 0.41
   49 R    -5   7  -1  -1   0   0  -2  -6   0  -2  -3  -1  -1  -2  -2  -2  -2   1   0  -3    0  57   3   4   2   4   2   0   2   2   3   2   2   2   2   3   2   2   3   2  1.21 0.73
   50 F    -3  -1  -1  -8   1  -1  -7  -8   1   1   1  -1   2   7  -2  -2  -2   2   0  -1    3   4   3   0   3   3   0   0   3   6  11   5   4  34   3   3   3   3   3   5  0.87 0.45
   51 N    -1   0   0   0   2   0   0  -1   2   0  -1   0   2   1   0  -1   0   4   1  -1    5   5   5   5   5   5   5   5   5   5   5   5   5   5   5   5   5   5   5   5  0.09 0.08
   52 Y     0  -1   0  -1   2   0   0   0   1  -1  -2   0   0   0   0   0   0   3   1  -1    8   4   5   4   4   4   7   8   3   4   4   7   3   4   6   8   4   3   4   5  0.05 0.05
   53 G    -1   0   0   0   2   0   0  -1   2   0  -1   0   2   1   0  -1   0   4   1  -1    5   5   5   5   5   5   5   5   5   5   5   5   5   5   5   5   5   5   5   5  0.09 0.08
   54 A    -1   0   0   0   2   0   0  -1   2   0  -1   0   2   1   0  -1   0   4   1  -1    5   5   5   5   5   5   5   5   5   5   5   5   5   5   5   5   5   5   5   5  0.09 0.08
   55 D    -1  -1   0   4   0  -1   0  -1   1  -2  -2  -1  -1  -1   1   0   0   1  -1  -1    5   3   5  23   2   3   5   6   4   3   4   4   2   3   7   8   6   2   2   4  0.26 0.19
   56 Q    -2   1   0   2   0   2   4  -2   1  -2  -3   0   0  -1  -2  -1  -1   1  -1  -2    4   8   4   9   2   8  21   4   3   3   3   6   3   3   3   5   5   2   3   3  0.27 0.23
   57 N    -3   1   4  -1   0  -1  -2   0   3  -3  -3   3   0  -1   0   0  -2  -7  -1  -3    3   7  17   4   2   3   3   7   6   2   3  16   2   3   6   8   3   0   2   2  0.37 0.30
   58 T    -1   0   0   0   2   0   0  -1   2   0  -1   0   2   1   0  -1   0   4   1  -1    5   5   5   5   5   5   5   5   5   5   5   5   5   5   5   5   5   5   5   5  0.09 0.08
   59 I    -1  -1  -1  -1   1  -1  -3  -2   0   4   0  -1   1   0  -1  -1   0  -4   0   3    3   3   3   4   3   3   0   3   3  24   6   3   4   3   3   3   4   0   3  22  0.24 0.24
   60 V     0   0  -2  -2   2   1   0   0   2   0   0   0   1   1   1   0   0  -2   1   0    6   6   0   0   6   6   6   6   6   6   6   6   6   6   6   6   6   0   6   6  0.05 0.10
   61 M    -1   2  -1  -3   1   1   0  -1   0   0   0   0   2   0  -3  -1   0   2   0   1    4  16   3   0   4   7   7   5   3   6   9   3   6   3   0   3   4   3   3  10  0.09 0.13
   62 N     0   1   1   1   2   1   1   0  -1  -2  -1   1  -1   0  -2   0   0  -3  -2  -2    8   8   7   8   7   7   8   8   0   0   8   8   0   7   0   8   8   0   0   0  0.09 0.10
   63 S     0  -2   0  -2   1  -2  -4  -2   3  -2  -3  -2  -5  -2  -2   4   3   1  -1  -2    6   3   5   2   3   2   0   2   6   2   2   2   0   2   2  34  18   2   2   2  0.57 0.48
   64 T    -2   2   0  -2   3   0  -2  -4   1  -1   0   2   2   2  -2  -2   0   4   2  -2    3  12   5   2   6   4   2   0   4   3   9  12   6   8   2   3   6   5   6   2  0.24 0.23
   65 L    -1  -1   1  -1   1   2   0  -2   0   1   0   0   1   0  -2   0   0   1   0   0    3   3   6   4   4  12   7   2   2   8   8   5   4   4   2   6   6   2   3   6  0.06 0.13
   66 K    -1   1   3   0   1   1  -1   1   2  -2  -3   0  -1   0  -2   0  -2   1   0  -2    6   8  14   6   3   5   4  11   4   2   3   7   2   4   2   8   3   2   4   3  0.19 0.15
   67 G    -1  -2  -1   1   0  -1  -1   5  -1  -4  -3   0   1  -4  -1  -1  -2   0  -2  -4    6   2   2   7   2   3   4  43   2   1   3   6   3   1   4   5   3   1   2   1  0.64 0.38
   68 D     0   0   0   0   2   0   0   0   1   0  -1   0  -1   0   1   0   0  -2   1   0    6   6   5   6   5   5   6   6   5   6   6   6   0   5   6   6   6   0   5   6  0.03 0.06
   69 N    -2  -1   3   1   1   0  -1   0   1  -1  -2  -1   1  -1  -1   0  -1   6   0  -1    4   3  14   6   2   4   5   8   3   3   5   3   3   3   3   8   4  10   3   4  0.27 0.18
   70 G     0  -1   0  -1   1   1  -1   2   0  -1  -2   1   0  -1  -2   2   0   1   0  -1    6   4   4   4   3   5   5  13   3   4   4   7   2   3   3  13   6   2   3   5  0.06 0.08
   71 W     0   0   0   0  -3   1   0   0   2   0  -1   0  -1   0   1   0   0   3   1   0    6   6   5   6   0   5   6   6   5   6   6   6   0   5   6   6   6   5   5   6  0.06 0.08
   72 E    -1   0  -1   1   0   1   0   4   1  -2  -3   0   0  -5   0  -1  -2  -5  -4  -2    3   5   3   8   2   7   7  36   3   2   3   4   3   0   4   4   2   0   0   2  0.42 0.33
   73 T    -1   1   0   0   2   1   2  -2   1  -1  -1   1   0  -1   0   0   0  -3  -1  -1    5   6   5   5   5   8  14   2   3   3   6   8   3   2   5   7   6   0   2   4  0.10 0.13
   74 E    -2  -1  -1   0  -6   0   6  -3   0  -2  -3  -1  -1  -5  -1  -2  -2   2  -1  -2    3   3   2   3   0   3  57   2   2   2   2   2   2   0   3   3   2   2   2   3  1.01 0.67
   75 Q    -3   0  -2   1   0   2   6  -4   1  -1  -3  -2  -1  -3  -3  -3  -2   1  -1  -1    2   4   2   6   2   9  42   2   3   4   3   2   1   1   2   2   3   2   2   6  0.70 0.51
   76 R    -3   6  -1  -1   1  -1  -2  -2   1  -1  -3   1   0  -1  -1  -1  -1   2   0  -2    3  34   3   3   3   3   3   3   3   4   3   7   3   3   3   4   5   3   3   4  0.60 0.41
   77 S    -1   0   0   0   2   0   0  -1   2   0  -1   0   2   1   0  -1   0   4   1  -1    5   5   5   5   5   5   5   5   5   5   5   5   5   5   5   5   5   5   5   5  0.09 0.08
   78 T    -1   0   0   0   2   0   0  -1   2   0  -1   0   2   1   0  -1   0   4   1  -1    5   5   5   5   5   5   5   5   5   5   5   5   5   5   5   5   5   5   5   5  0.09 0.08
   79 N    -1  -1   2   0   1   0  -1   1   3  -1  -2   0   0  -1   1   0   0   2   1  -1    4   4   9   5   3   3   3  11   6   3   4   6   3   3   8   7   6   3   5   4  0.12 0.12
   80 F    -1   0   0   0   2   0   0  -1   2   0  -1   0   2   1   0  -1   0   4   1  -1    5   5   5   5   5   5   5   5   5   5   5   5   5   5   5   5   5   5   5   5  0.09 0.08
   81 T    -2  -1  -2  -2   2  -2  -3  -1   0  -2  -3  -2  -1  -2   6  -1   0   4  -5  -2    3   3   2   2   4   2   2   4   3   3   3   2   2   2  44   5   5   5   0   2  0.91 0.60
   82 L    -5  -5  -2  -2   0  -5  -2  -6  -5   1   2  -2   1   7  -6  -2  -2   3   0  -1    0   0   2   3   2   0   3   0   0   7  19   3   3  40   0   3   3   4   3   4  0.97 0.56
   83 S     0   0   0   0   2   0   0  -1   1   0  -1   0   1   0   0   0   0  -2   1   0    5   5   5   5   5   5   5   5   5   5   5   5   5   5   5   5   5   0   5   5  -0.00 0.06
   84 A     0   0   0   0   2   0   0  -1   1   0  -1   0   1   0   0   0   0  -2   1   0    5   5   5   5   5   5   5   5   5   5   5   5   5   5   5   5   5   0   5   5  0.03 0.05
   85 G    -3  -3   2   0  -1  -2  -2   6   0  -4  -4  -1  -2  -3  -3  -2  -3  -6  -2  -4    2   2   9   6   1   2   3  54   2   1   2   5   1   1   1   3   1   0   1   1  1.02 0.61
   86 Q    -1   1   0   1   0   2   1  -2   1  -1  -2   1   0  -1  -1   1   0   1   1  -1    4   7   4   6   2  10  11   2   4   4   3   8   3   2   2  10   7   2   4   4  0.12 0.15
   87 Y    -1   0   1   0   0  -1   0  -1   2   0   0  -1   0  -1   2   0   0  -3   0   0    3   5   6   6   2   2   6   6   5   4   8   3   3   3  12   6   7   0   4   6  0.07 0.09
   88 F     0   0   1  -2   3  -2  -2  -2  -2   1   0  -2   2   1   1   0   0  -2   1   0    8   8   7   0   7   0   0   1   0   8   8   0   7   7   8   8   8   0   7   8  0.09 0.12
   89 E    -1   0   0   0   2   0   0  -3   2   0  -1   0   1   1   0   0   0   3   1   0    5   5   5   5   5   5   5   0   5   5   5   5   5   5   5   5   5   5   5   5  0.08 0.12
   90 I    -1  -5  -5  -5   2  -4  -5  -5   1   3   2  -4   4   1   0  -1  -1   3  -3   2    6   0   0   0   4   0   0   0   4  16  22   0  11   5   4   4   4   4   0  12  0.51 0.31
   91 T    -1   1  -1  -1   2   2   0  -2   1   0   0   0   1  -1  -2  -1   2   2   0   0    3   7   2   3   4  10   7   2   3   6  11   5   3   2   2   4  16   2   3   6  0.12 0.15
   92 L    -2  -6  -6  -6   1  -6  -6  -6  -6   6   1  -6   1   4  -6  -6  -2  -5   0   2    3   0   0   0   3   0   0   0   0  44  11   0   3  15   0   0   3   0   3  11  1.21 0.50
   93 S    -1   2  -2  -3  -1  -1  -1  -3   1   1   1   0   0  -1  -2   0   1   1   1   1    5  13   1   1   1   3   3   2   3   7  17   4   3   2   2   9   7   2   5   8  0.12 0.13
   94 Y    -1   0   0   0   2  -2   0  -1   2   0  -1   0   1   0   0   0   0   3   1   0    5   5   5   5   5   0   5   5   5   5   5   5   5   5   5   5   5   5   5   5  0.05 0.09
   95 D    -2  -2   0   1   1   1   2   2   3  -2  -1   0   0  -2  -3  -1   1   1  -1  -2    3   2   4   9   3   7  12  12   6   2   6   5   2   2   2   5   9   2   2   3  0.17 0.18
   96 I     0  -2   1   2   0   0   2  -1   2  -2  -2  -1  -1  -2   2   0  -1   1   0  -1    7   3   5   9   2   4  12   5   4   3   4   4   2   2  11   7   4   2   4   5  0.14 0.15
   97 N    -2  -1   3   4  -1   0   2   0   2  -3  -4  -1  -1  -2  -3   1   0   0   1  -3    3   3  11  18   1   4  13   8   4   2   2   4   1   2   2   9   5   1   4   2  0.37 0.30
   98 K    -1   0   0   0   2   0   0  -1   2   0  -1   0   2   1   0  -1   0   4   1  -1    5   5   5   5   5   5   5   5   5   5   5   5   5   5   5   5   5   5   5   5  0.09 0.08
   99 F     0  -2  -2  -3   3  -2  -2  -3   2   1   0  -2   2   1   1   0   0   4   2   0    8   0   0   0   7   0   0   1   7   8   8   0   7   7   8   8   8   7   7   8  0.20 0.17
  100 Y    -1   0   0   0   2   0   0  -1   2   0  -1   0   1   0  -3   0   0   3   1   0    5   5   5   5   5   5   5   5   5   5   5   5   5   5   0   5   5   5   5   5  0.06 0.10
  101 I     0  -2   1  -2   3  -2  -2   0  -2   1   0  -2   2   1  -3   0   0   4   2   0    8   0   7   0   7   0   0   8   0   8   8   0   7   7   0   8   8   7   7   8  0.14 0.14
  102 D     2  -1  -1  -2   1  -1  -2  -2   1  -1  -2  -1   1   2  -2  -1   1   2   4   0   15   3   3   3   3   3   3   3   4   4   5   4   3   7   3   5  10   3  11   7  0.20 0.14
  103 I    -1  -2  -2  -2   1  -4  -2  -3   0   2   1  -2   0   0  -5  -2  -2   1   0   5    4   2   2   2   3   0   2   2   2  10  12   3   2   3   0   2   2   2   3  40  0.54 0.36
  104 L    -3  -3   6   4  -1  -2  -2   1  -1  -3  -4  -3  -1  -3   0  -2  -3   0  -2  -6    2   2  38  20   1   2   3   9   2   2   2   2   1   1   6   3   2   1   1   0  0.99 0.59
  105 D    -3  -2   1   3  -2  -1   0   5   0  -4  -6  -2  -6  -3  -1  -2  -3  -1  -2  -4    2   2   7  18   1   3   5  43   2   1   0   3   0   1   3   2   1   1   1   1  0.84 0.52
  106 G    -1   1   1  -2   1   2   1   0   2  -1  -2   2   0  -1  -2   0   0  -1  -1   0    4   8   6   2   3   9   7   6   5   3   3  16   3   2   2   8   4   1   2   6  0.15 0.16
  107 P    -3   0  -2  -2  -1   0   1  -6   8  -3  -1   0  -1   0   1  -2  -3   0   1  -2    2   6   2   2   1   3   9   0  29   1   7   7   2   5   8   3   2   1   5   3  0.73 0.47
  108 N    -1   0   0   0   2   1   0  -3   2   0  -1   0   1   1  -3   0   0   3   1   0    6   6   5   6   5   5   6   0   5   6   6   6   5   5   0   6   6   5   5   6  0.09 0.13
  109 L     0  -2  -1  -2   4  -1  -1  -1   2  -1   0  -2   1   3  -1  -1   1   2   2  -1    7   3   3   3   7   3   4   6   4   4  10   3   3  12   3   4   8   3   7   4  0.19 0.13
  110 E    -1   0   0   1   0   0   2  -2   1  -2  -3   1   0   0  -1   2   2  -5  -1  -2    4   4   4   7   2   4  16   2   4   3   2   7   3   4   2  14  12   0   2   3  0.19 0.22
  111 F    -7  -3  -2  -7  -7  -2  -7  -7  -5  -2  -2  -7   0   8  -3  -3  -3   1   6  -3    0   2   2   0   0   2   0   0   0   2   3   0   2  50   2   2   2   2  24   2  1.85 0.87
  112 P     1   1   0  -1  -1   0   1  -3   1  -3  -3   2  -1  -2   3  -1  -1   1  -1  -2   12   7   5   3   1   4   8   2   4   2   3  14   1   2  16   4   3   2   2   3  0.28 0.25
  113 N    -5  -5   2  -3  -2  -2  -3  -6  10  -5  -3  -4  -1  -1  -4  -4  -4  -1   4  -3    1   1   7   2   1   2   2   1  50   1   3   1   1   3   1   2   1   1  13   2  2.07 0.97
  114 R    -4   8  -4  -5  -2  -1  -4  -5   0  -4  -3  -2  -3  -4  -3  -3  -3  -8  -3  -5    1  71   1   1   1   2   1   1   2   1   3   3   1   1   2   3   2   0   1   1  1.97 1.02
  115 Y    -3  -2  -4  -2  -1   0  -2  -4  -1   3   3  -3   2   1  -4  -3   1  -1   0   2    3   2   1   3   1   5   3   2   2  16  22   2   5   6   1   3   7   1   3  12  0.38 0.23
  116 S    -3  -1   1   2  -2   0  -1  -1  -2  -7  -4  -1  -2  -2   6   0  -3  -2  -4  -4    2   3   7  13   1   3   4   5   1   0   2   4   1   2  39   8   2   1   1   1  0.90 0.62
  117 K    -3  -3  -1  -4   0  -4  -6  -4   1   0   3  -4   0   2   4  -2  -3  -2   3  -1    3   1   3   1   2   1   0   2   3   5  30   1   2   7  21   4   1   1   8   5  0.60 0.43
  118 E    -1   0   1   0  -1   2   3  -1   2  -4  -4   0  -3  -3   1   2   0   1  -2  -4    6   4   7   6   2   8  17   5   4   1   1   5   1   1   7  15   6   2   1   1  0.30 0.29
  119 F     0   2   1   2  -2   1   1  -2   2  -3  -1   0  -1  -2  -3   2   1   0  -2  -3    9  10   7  10   1   5   8   3   4   1   6   6   2   2   1  13   7   1   1   1  0.18 0.19
  120 L     0  -4  -4  -5  -2  -5  -4  -4  -7   6   0  -4  -2  -3  -7  -5  -2  -7  -3   5    9   1   1   1   1   1   2   2   0  35   8   1   1   1   0   1   2   0   1  33  1.14 0.63
  121 P    -3   2   3   3   0   0  -1  -3  -1  -4  -5   1  -3  -4  -4   1   3  -7  -4  -3    2  10  13  17   2   5   4   2   2   1   1   8   1   1   1  12  18   0   0   2  0.54 0.44
  122 F     1   0  -1  -3  -1  -2  -2   0   5  -2  -2  -1   1   0  -5   0   2  -1   5  -3   10   5   3   1   2   2   3   8  11   2   3   4   4   4   0   8  11   1  16   2  0.39 0.34
  123 L    -4  -7  -8  -5  -2  -4  -8  -8  -3   4   5  -7   3   0  -8  -6  -5  -7  -6   4    1   0   0   1   1   1   0   0   1  17  45   0   6   4   0   1   1   0   0  22  1.29 0.69
  124 S     0   2  -1  -1   0   2   2   0   2  -3  -3   0  -1  -2  -4   1   0  -2   1  -2    8  12   2   3   2  10  15   7   5   2   2   4   1   2   0  11   5   1   5   3  0.24 0.25
  125 L    -1  -8  -5  -8  -1  -7  -8  -8  -8   6   0  -7   0  -1  -8  -4  -4  -8  -3   5    5   0   1   0   2   0   0   0   0  40   7   0   2   2   0   1   1   0   1  37  1.50 0.76
  126 A    -1   0   1   3  -2   1   1   0   0  -4  -2   1  -1  -2  -4   1   0   3   1  -3    4   5   5  16   1   5   8   9   2   1   4  10   1   2   0  11   6   4   4   2  0.25 0.25
  127 G    -5  -1  -3  -2  -8  -5  -5   7  -4  -9  -9  -4  -8  -5  -6  -3  -4  -8  -4  -5    1   4   2   2   0   1   1  82   0   0   0   2   0   1   1   2   1   0   1   1  2.18 1.07
  128 D    -4  -2   1   8  -2  -3  -1   1  -1  -6  -6  -3  -5  -6  -5  -3  -5  -9  -5  -7    2   2   5  66   1   1   4   9   2   0   1   2   0   0   1   2   1   0   1   0  1.77 0.94
  129 A    -1  -6  -6  -6   0  -7  -7  -5  -2   4   1  -6   0   3  -6  -6  -4  -3  -4   5    6   0   0   0   2   0   0   1   1  19  13   0   2  11   0   0   1   0   0  41  1.09 0.61
  130 R    -2   2   0   1  -2   3   2  -4   2  -2  -3   3  -2  -4  -5   1   1  -6  -2  -1    2   9   5   7   1  11  13   1   5   3   2  17   1   1   0   9   8   0   1   4  0.37 0.33
  131 L    -5  -8  -6  -6  -4  -7  -8  -7  -4   5   4  -6   0  -2  -4  -7  -5  -7  -4   4    0   0   0   0   0   0   0   0   1  29  39   0   2   1   1   0   1   0   1  23  1.38 0.72
  132 T    -2  -1   1   0  -1   0   1  -4   5  -1  -2   1  -2   0  -4   1   3   0   1  -3    3   2   5   6   1   5   9   1  12   3   4   8   1   4   0  11  17   1   4   2  0.33 0.31
  133 L    -1  -2   0  -1   4   1   0   0   1  -3  -2   1  -2  -2  -4   4  -1  -3   0  -4    4   2   3   4   7   7   5   8   3   1   4   7   1   2   0  33   3   0   3   1  0.44 0.39
  134 V    -4  -9  -9  -9  -2  -8  -9  -9  -9   5   0  -8   0   1  -9  -8  -5  -8  -7   6    1   0   0   0   1   0   0   0   0  32   7   0   2   5   0   0   1   0   0  51  1.82 0.87
  135 K    -1   2   0  -2  -3   2   3  -3   6  -4  -5   1  -2  -4  -6   1   1  -2  -3  -2    6   9   5   2   1  10  17   2  15   1   1   9   1   1   0   9   7   1   1   3  0.53 0.40
  136 L    -5  -8  -8  -9  -4  -6  -8  -9  -4   4   2  -8  -2   6  -9  -6  -5   4   4   2    1   0   0   0   0   0   0   0   0  17  16   0   1  34   0   0   0   5  12  12  1.42 0.69
  137 E    -6  -4  -5   3  -9   5   6  -7  -5  -8  -8   4  -7  -9  -6  -5  -6  -8  -7  -8    0   0   0  14   0  25  41   0   0   0   0  20   0   0   0   0   0   0   0   0  1.67 0.82

                      K         Lambda
Standard Ungapped    0.1374     0.3184
Standard Gapped      0.0544     0.2670
PSI Ungapped         0.1778     0.3175
PSI Gapped           0.0544     0.2670
