
Last position-specific scoring matrix computed, weighted observed percentages rounded down, information per position, and relative weight of gapless real matches to pseudocounts
            A   R   N   D   C   Q   E   G   H   I   L   K   M   F   P   S   T   W   Y   V   A   R   N   D   C   Q   E   G   H   I   L   K   M   F   P   S   T   W   Y   V
    1 M    -2  -3  -3  -4  -2  -2  -3  -4  -3   2   2  -3   7  -1  -3  -3  -1  -3  -2   2    0   0   0   0   0   0   0   0   0   9  18   0  56   0   0   0   0   0   0  17  0.62 0.14
    2 R    -2   5  -1  -2  -4   1  -1  -1  -1  -4  -3   5  -2  -4  -3  -1  -2  -4  -3  -4    0  50   0   0   0   4   0   4   0   0   0  42   0   0   0   0   0   0   0   0  0.88 0.20
    3 L     1  -3  -3  -4  -3   0  -1  -4   0   0   4  -1   5  -1  -3  -2  -2  -3  -2  -1   17   0   0   0   0   4   3   0   3   0  45   3  25   0   0   0   0   0   0   0  0.50 0.24
    4 R    -1   5   1  -2  -4   0  -2  -2   1  -3  -1   2  -2  -3  -3  -1   0   5   0  -3    5  38   9   0   0   3   0   2   3   0   9  10   0   0   0   3   5   9   2   0  0.47 0.22
    5 I    -2  -4  -4  -2  -4  -3  -4  -3  -4   3   2  -3  -2  -1   5  -3  -1   2  -3   0    2   0   0   3   0   1   0   1   0  18  26   1   0   2  34   0   3   3   0   7  0.76 0.34
    6 S     0   3  -1  -3  -4  -1  -2  -1  -3  -2  -2   1  -1  -1   2   3   1   2  -3  -3    8  18   1   0   0   2   0   5   0   2   3  10   2   3  11  25   8   4   0   0  0.34 0.26
    7 E    -1   6  -3  -3  -6   0   0  -3  -4   0  -3   2  -4  -1  -4  -1  -3  -6  -5  -1    4  52   0   1   0   3   6   2   0   6   2   9   0   3   1   4   0   0   0   6  0.93 0.50
    8 A     2  -4  -3  -2  -3  -4  -4   1  -4   1   1  -4  -1  -1  -4   2   0   0  -3   2   19   0   0   1   0   0   0  12   0   9  17   0   1   3   0  19   4   2   0  13  0.33 0.28
    9 V     2  -5  -5  -5   0  -4  -5   0  -5   2   3  -4   0   1  -5  -2  -1  -4  -3   3   19   0   0   0   2   0   0   6   0  10  27   0   2   6   0   3   3   0   0  22  0.48 0.32
   10 V     1  -4  -5  -5  -1  -4  -5  -3  -5   2   3  -3   0   1  -3  -1  -1  -2  -2   3   14   1   0   0   1   0   0   2   0  10  34   1   1   7   1   6   3   1   1  18  0.48 0.32
   11 L    -4  -6  -8  -8  -6  -6  -7  -8  -7  -1   6  -7   3   1  -7  -7  -4  -6  -5  -1    1   0   0   0   0   0   0   0   0   3  81   0   7   5   0   0   1   0   0   4  1.74 0.75
   12 F     0  -7  -7  -8  -3  -7  -8  -3  -6  -4  -2  -7  -5   9  -8  -3  -5   1   0  -4    9   0   0   0   1   0   0   2   0   1   4   0   0  77   0   2   1   2   2   1  2.34 0.93
   13 L     2  -5  -3  -5  -1  -4  -5   3  -5   1   2  -4   0   1  -5  -1  -1  -5  -4   2   16   0   1   0   1   0   0  23   0   6  21   0   2   5   0   5   3   0   0  16  0.44 0.32
   14 L     1  -5  -5  -6   2  -5  -5  -5  -5   2   3  -5   0   3  -5   0  -1  -4  -2   2   12   0   0   0   5   0   0   0   0  13  32   0   2  15   0   7   3   0   1  11  0.62 0.38
   15 G    -3  -7  -5  -6  -8  -7  -7   8  -7  -9  -5  -7  -8  -3  -7  -2  -7  -8  -8  -8    2   0   0   0   0   0   0  93   0   0   1   0   0   1   0   2   0   0   0   0  2.59 1.04
   16 A     3  -5  -4  -5   0  -4  -5  -1  -5   2   0  -5   3   3  -5  -1   0  -5  -1   4   22   0   1   0   2   0   0   6   0   9   6   0   8  11   0   3   4   0   2  27  0.54 0.38
   17 V     1  -5  -4  -5   1  -5  -5   3  -5   2   1  -5  -1   2  -5  -2   0  -5  -3   2   10   0   0   0   3   0   0  26   0  11  15   0   1  10   0   3   7   0   0  16  0.48 0.34
   18 A    -1  -6  -6  -7  -6  -6  -6  -2  -4  -1   3  -6  -2   4  -7  -5  -3  -3   7   0    6   0   0   0   0   0   0   3   0   3  25   0   0  15   0   1   2   0  40   6  1.28 0.66
   19 A     1  -5  -5  -6  -1  -6  -6   7  -6  -7  -2  -6  -6  -1  -6   0  -2  -6  -1  -5   11   0   0   0   1   0   0  67   0   0   4   0   0   3   0   8   2   0   2   1  1.49 0.73
   20 L     0  -4  -4  -5  -1  -3  -4  -4  -4   0   2  -3   1  -1   3   0   2  -1   1   2    7   0   0   0   1   1   1   1   0   4  23   1   3   2  16   8  13   1   4  13  0.40 0.32
   21 I    -1  -6  -5  -6  -4  -4  -6  -3  -6   4   4  -5   2   1  -5  -5  -2  -5  -3   3    6   0   0   0   0   0   0   2   0  21  40   0   5   7   0   0   2   0   1  17  0.86 0.47
   22 G    -2  -5  -3  -6   4  -5  -5   0  -5   3   2  -5   0   2  -5  -2   0  -5  -4   3    2   0   1   0   8   0   0   9   0  17  22   0   2   8   0   3   5   0   0  23  0.60 0.38
   23 D    -1  -1   1   6  -3  -1  -1  -2  -4  -2  -5  -3  -2  -3  -5   0   3  -6  -4  -2    6   3   7  42   1   3   3   3   0   3   1   1   1   1   0   7  16   0   1   3  0.81 0.50
   24 H     0   2  -2  -3  -6   1  -3   2   8  -3  -1  -4  -4  -2  -5  -1  -2  -5  -1  -2    8  13   1   1   0   6   0  15  32   1   8   0   0   2   0   4   3   0   2   3  0.82 0.50
   25 S    -4  -4  -3  -6  -2  -2  -6  -5  -6   3   5  -6  -1   3  -6  -2  -3  -5   0  -1    0   1   1   0   1   2   0   1   0  16  55   0   1  10   0   4   1   0   3   3  1.04 0.55
   26 H    -7  -3  -4  -4  -3   4  -5  -7  11  -8  -5  -4  -2  -7  -6  -3  -7  -7  -3  -5    0   1   0   1   1  18   0   0  71   0   1   1   1   0   0   2   0   0   0   1  2.96 1.21
   27 V    -1  -1   1   2  -4   0   0   0  -1   0  -2  -1  -1  -4  -4   2   0  -5  -4   2    4   2   8  13   0   3   6   8   1   7   3   3   1   0   0  20   4   0   0  17  0.24 0.24
   28 V    -1   3   3   0  -3   3   2  -3   2  -1  -3  -1  -4  -3  -4  -1  -1  -1  -1  -1    4  17  13   5   1  15  14   2   6   3   2   2   0   1   0   3   4   1   2   4  0.41 0.32
   29 T    -3   3   0  -3  -1   3  -2  -3   5  -4  -4  -2  -3   1  -2  -1   2  -5   1   1    2  14   5   1   1  13   2   2  16   0   0   2   0   7   2   4  13   0   5  11  0.51 0.39
   30 G    -3   2   3   1  -6   2  -1   3   4  -5  -4   0  -5  -3  -3  -2  -4   5  -3  -4    1  13  12   8   0  10   3  24   9   1   1   5   0   1   1   2   0   7   0   1  0.63 0.42
   31 T    -1  -3  -3  -3  -4  -2  -4  -3   0   4   2  -4   0   0  -4  -1   2   0  -1   2    4   2   1   1   0   1   1   2   2  22  23   0   2   4   1   5  11   1   2  16  0.41 0.28
   32 T     1  -2  -3  -5  -4   1  -3  -2  -5  -2   3  -2  -1  -4  -2  -1   4   3  -4   1   10   2   1   0   0   6   1   3   0   1  27   2   1   0   2   4  27   4   0   9  0.50 0.38
   33 V     1   1  -2  -2  -3   1   0  -2   2   0  -1   0  -1  -2   2   1   0  -1  -2   2   10   6   1   1   0   8   7   3   5   6   6   4   1   1  10  11   4   1   1  15  0.13 0.14
   34 Y    -3  -3  -2  -3  -5  -2  -4  -4   1  -1  -1  -2  -2   4  -3  -4  -3  -1   8   1    2   1   2   2   0   2   1   1   3   4   6   3   1  17   2   1   2   1  42   8  1.14 0.53
   35 H    -2  -2   0   0  -4   1  -1  -1   2  -2  -1  -1  -1   0   5   0   1  -4  -1  -3    3   2   5   6   0   7   4   4   5   2   8   3   1   5  27   7   8   0   2   1  0.40 0.27
   36 T     0  -1   2   2  -3  -1  -1  -2   1  -1  -1  -1   0  -3   2   0   1   1  -3   1    7   4  10  11   0   2   3   2   4   2   6   3   3   0  11   7   9   2   0  12  0.16 0.16
   37 D    -1  -1   1   3  -4   0   2   2   0  -3  -2   0  -3  -2   2  -1  -2  -2  -2  -1    6   3   5  15   0   4  15  13   2   1   3   6   0   2  11   4   1   0   1   5  0.26 0.20
   38 A     2  -2  -1  -2  -3  -2  -2   1  -1   0   0  -1   0   0   0   1  -1   3  -1   1   16   1   2   2   0   1   2  12   1   5  10   4   1   5   5   9   3   4   2  13  0.11 0.12
   39 V    -1  -1  -2  -1  -3  -2  -1   1  -3   3   1  -2   0   0  -3  -1   0  -2  -1   2    3   3   2   3   0   1   6  10   0  18  16   2   2   3   1   5   5   0   2  17  0.18 0.17
   40 P     1  -2   1   1   0  -1  -1  -1   1   0  -1  -1  -2  -2   4   0  -1  -1  -2   0   12   2   7   9   2   3   4   4   4   7   7   3   1   2  21   5   3   1   1   5  0.24 0.19
   41 F    -1  -1   0   0  -1   0  -2   0  -1   1   0   0   0   2  -1   0   0   1   1   0    2   4   5   6   1   4   1   8   1  10   8   6   2  12   2   8   7   2   6   8  0.05 0.09
   42 V    -1  -2  -2  -1  -3  -2  -2   0   0   1   1  -2   0   1   3  -1  -2  -1   0   1    5   2   1   4   0   1   1   9   3  10  19   2   1   6  18   3   1   1   3  10  0.21 0.17
   43 W    -1  -2  -1   1  -3   0  -1  -2  -1  -1   2  -3  -1   4  -2  -1  -2   5   1   0    6   2   2   8   0   5   3   4   2   2  23   1   1  17   2   3   2  10   4   5  0.30 0.22
   44 S    -1   1   0   0  -3   0  -1   3   4  -4  -2   0  -2  -2  -3   2  -1  -4   2  -3    4   7   3   5   0   4   4  21  10   0   4   5   1   1   0  19   2   0   8   1  0.30 0.25
   45 S    -1  -2   0  -1  -1   3  -1  -1   0  -2  -1  -2  -2  -2  -1   3   3  -2   0  -2    2   1   5   3   1  16   2   5   2   2   8   1   1   1   3  20  22   0   3   2  0.31 0.30
   46 P     2  -1   3   0   0  -2  -2  -1   1  -4  -3  -1  -3  -4   2   3   1   0  -2  -3   20   2  14   5   2   1   1   5   3   0   2   3   0   1  11  20   7   1   1   1  0.36 0.29
   47 F    -2  -2  -1  -5  -5  -5  -4  -1  -5   1   1  -3  -1   0  -3  -1  -4  10   0   1    4   2   4   0   0   0   1   5   0   8  12   2   1   4   2   4   1  39   3   9  1.25 0.56
   48 W    -4  -1  -5  -5  -3   0  -3   0  -2  -2   0  -2  -2   0  -3  -2  -3  11   3  -3    1   4   0   1   1   4   2   7   1   3  10   2   1   4   1   3   1  46   8   2  1.62 0.67
   49 F    -2  -2  -4  -4  -3  -3  -4  -4  -1   1   1  -4   0   2  -4  -2   0  -2   4   5    2   2   0   0   0   0   0   0   1   7  12   0   1   7   0   2   5   0  17  43  0.61 0.35
   50 P     1  -4  -2  -3  -4  -2  -3  -3  -2  -2   2  -3  -1   2   6  -1  -3   2  -2  -2   10   0   2   1   0   2   0   1   1   1  19   1   1   9  42   4   0   3   1   1  0.83 0.39
   51 I     0  -3  -3  -3  -3  -3  -2  -1  -3   0   1  -3   0   2   5  -2  -1   2  -1   0    8   0   1   0   0   0   1   5   0   4  14   0   2   9  36   2   3   3   1   9  0.61 0.31
   52 L    -1  -3  -3  -3   2  -1  -1  -1  -3   1   3  -3   1   3  -3  -1  -1   0   1   0    5   0   0   0   6   4   4   6   0   5  31   0   4  14   0   5   4   1   3   6  0.21 0.18
   53 V    -3  -4  -1  -2   5  -4  -4  -3  -4  -2   1  -4  -1   5  -5  -2  -3   8   1   0    1   0   3   3  15   0   0   2   0   0  17   0   1  23   0   3   1  20   4   7  0.87 0.41
   54 G     1  -5  -3  -4  -1  -4  -4   6  -4  -1  -3  -4   1   1  -5  -2  -4  -5  -4  -2    9   0   0   0   1   0   0  69   0   3   1   0   4   6   0   2   0   0   0   4  1.22 0.53
   55 A     1  -3  -3  -3   1  -3  -3  -1  -3   1   2  -3   0   2   0   0   1  -3  -2   1   15   0   0   0   3   0   0   4   0   6  26   0   1  11   5   7   8   0   0  13  0.22 0.20
   56 A     4  -1  -4  -4   2  -2  -3  -1  -3  -1   0  -3   0   3  -3   0  -1   3  -1  -1   48   3   0   0   4   1   0   4   0   3   7   0   2  12   0   4   2   4   1   3  0.51 0.36
   57 T     1  -2  -2  -3  -3  -2  -1   3   0  -2  -3  -2  -3   2   0   1   1   2   3  -2   14   2   0   0   0   0   4  23   2   2   0   0   0  10   4  11  10   2  13   2  0.32 0.26
   58 A     1  -4  -3  -1   2  -3  -3  -1  -4   1   1  -3   1   0   0  -1   0  -4  -3   3   12   0   0   3   4   0   0   5   0   8  15   0   3   4   4   4   5   0   0  31  0.28 0.23
   59 S     1  -3  -1  -3   0  -3  -3  -2  -3   2   1  -1   1   2  -3   0   1  -3  -1   1   14   0   2   0   2   0   0   3   0  14  17   4   3  10   0   8  12   0   2   9  0.19 0.19
   60 L    -1  -4  -4  -4   0  -3  -4  -2  -4   3   3  -4   4   2  -4  -2   0  -3  -1   2    3   0   0   0   2   0   0   3   0  17  27   0  11   9   0   3   6   0   2  15  0.42 0.26
   61 A     1  -1  -3  -1  -4  -3  -3   5  -4  -1  -3  -3  -3  -2   0  -1  -3  -4   0  -1   12   3   0   4   0   0   0  53   0   4   3   0   0   2   5   4   0   0   3   4  0.74 0.39
   62 E     0   0   0  -1   0  -1   0  -1   1   0   1  -1   0   1  -1   0   0   0   1   0    7   7   5   3   3   1   5   3   6   5  16   3   2   8   2   9   3   1   4   5  0.02 0.05
   63 L     0  -1  -2  -4   0  -3  -2   1  -4   0   3  -3   0  -1  -4   0  -1   2  -3   1    9   3   2   0   2   0   3  12   0   3  41   0   2   2   0   9   2   3   0   9  0.28 0.25
   64 R    -1   2  -3  -4  -2   2  -1  -3   3  -3   1  -2   0   1  -2  -1   0  -2   5  -2    6  11   0   0   1  10   4   2   8   0  16   0   2   4   2   5   5   0  21   2  0.36 0.31
   65 L    -2  -1  -4  -1  -1  -3  -3  -3   1  -1   1  -2   0   0   6   0  -2  -1  -1   0    3   3   0   4   1   0   0   2   4   3  17   3   2   3  36   7   2   1   2   6  0.62 0.37
   66 H    -1   0   0  -2   1   1  -2  -2   4  -1   0   0   0   2  -1  -1  -1   5   2  -1    6   6   4   2   3   6   0   2  13   3   9   7   2   9   3   3   3   9   6   3  0.23 0.21
   67 L    -1  -1  -3  -4  -3   0  -1  -2  -3   1   3  -1   2   2  -1  -2  -1  -3   0   1    5   4   0   0   0   4   3   3   0   8  34   4   5  11   3   3   3   0   2   9  0.26 0.23
   68 P     0   1   1   1   3   1   1   0  -1  -3  -3   1  -2  -2   1   0   0  -2   1  -2    8   8   7   8   7   7   8   8   0   0   1   8   0   0   8   8   8   0   7   0  0.17 0.13
   69 A    -1   0   0   0   2   0   0  -1   2   0  -1   0   2   1   0  -1   0   4   1  -1    5   5   5   5   5   5   5   5   5   5   5   5   5   5   5   5   5   5   5   5  0.09 0.08
   70 P     0   1   0  -3  -3   0   0  -2   1  -2   2   1  -1   0   2   0  -1   0  -1  -1    6   7   4   1   1   5   7   3   3   2  18  10   1   4  12   6   3   1   2   3  0.15 0.17
   71 R     0   4  -1   0  -1  -1  -1  -3   1  -2   0   0  -2  -1  -4   0   0   6  -2  -2    8  22   3   5   1   2   4   2   4   2  10   4   1   3   1   8   6  10   1   3  0.37 0.31
   72 D     0   1  -1  -1  -3  -1   1   1  -1   0  -1   0  -1  -1   2   1   1  -4  -1  -1    8   7   2   4   0   2   8  11   1   7   5   7   2   3   9  11   9   0   2   2  0.10 0.13
   73 G     0   0   0   0  -4   0   1   1   3  -3  -3   0  -2  -1   1   2   1  -5  -1  -2    8   4   4   5   0   4  11  10   7   1   3   6   1   3   6  18   7   0   2   2  0.19 0.21
   74 V    -1   1  -1  -1  -4  -1  -2   1   0  -2  -2   1  -1   0   3   1   0  -4  -1   1    5   9   2   3   0   2   2   9   3   2   4  10   1   4  17  10   6   0   2   9  0.21 0.22
   75 T     0   1  -1   2  -4  -1   1   0  -1  -3  -2   0  -2  -1   0   2   1  -5  -4  -1    8   7   2  13   0   3  11   8   1   2   3   6   1   3   4  18   7   0   0   4  0.21 0.23
   76 A     0  -3  -3  -2  -1  -3  -2  -3  -6   1  -1  -3  -1   0   2  -2  -2  10  -4   0    8   2   2   3   1   1   3   3   0   8   7   1   2   3  10   3   3  34   0   6  1.20 0.65
   77 R     0   3   0  -2  -1   1  -1  -1  -1  -3  -3   0   0  -3   2   2   0   1   0  -1    7  15   4   2   1   6   5   4   1   2   2   6   2   1   9  13   6   2   3   5  0.24 0.21
   78 Q    -1   1   1   0  -1   1   0   0   0  -1  -1   1  -1  -1   0   1   0   1  -1   0    4   8   9   4   2   8   4   6   2   3   5   8   2   3   4  13   5   2   2   7  0.06 0.10
   79 A     1   0   0  -2   1   1  -1   0  -2   0   0   0   1   0  -3   0   1  -3  -2   2   13   6   3   0   4   7   3   6   0   5   5   4   3   5   0   8   8   0   0  17  0.07 0.14
   80 L     0   0   0   0   2  -2  -2   0  -2   0   0   0   1   1  -3   0   0   4   1   0    6   6   6   6   6   0   0   6   0   6   6   6   6   6   0   6   6   6   6   6  0.07 0.12
   81 G     1   2   0  -1   0   0  -1   0   2  -1   0   0   1   0  -3   0   0   3   0  -1   11  12   6   3   3   3   4   6   6   4   8   3   3   4   0   7   6   4   3   5  0.07 0.10
   82 G     0   0   0  -1   4   0   0   2  -3  -3  -1  -2  -3  -1  -1   2   0  -3   0  -2    8   6   3   3  10   5   5  15   0   0   7   0   0   3   3  20   4   0   3   3  0.22 0.24
   83 V    -1  -4  -3  -2   0  -3  -2  -4  -4   3   3  -3   1   1  -4  -2  -1   0  -1   3    3   0   1   2   2   0   2   0   0  18  29   0   2   6   0   3   3   1   1  25  0.42 0.27
   84 A     3  -2  -3  -3   1  -1  -3   3  -3   1   0  -3   0  -1  -3   0  -1  -3  -3   1   27   2   0   0   4   2   0  23   0   8  10   0   2   3   0   6   3   0   0   8  0.29 0.24
   85 A     3  -3  -3  -3   2  -3  -3  -1  -3   0   1  -2   1   2  -2  -1   0   1   0   1   27   0   0   0   6   0   0   5   0   4  16   2   4   9   2   4   5   2   3  11  0.21 0.21
   86 V    -2  -2  -4  -2  -2  -2  -4  -5  -4  -2   1  -4  -2   7  -5  -2  -1   0   0   2    3   3   0   3   1   2   0   0   0   0  15   0   0  47   0   3   3   1   2  16  0.84 0.46
   87 V     1  -3  -3  -2   1  -3  -2  -1  -1   2   1  -3   2   0  -3  -1   0  -3  -2   3   14   0   0   2   4   0   1   5   2  14  13   0   6   3   0   4   4   0   0  26  0.25 0.22
   88 G     1  -4  -3  -1   1  -3  -1   4  -4  -1   1  -3   1   0  -4  -1  -1  -4  -3  -1   11   0   0   3   3   0   4  40   0   2  14   0   4   5   0   3   4   0   0   5  0.46 0.32
   89 T     0  -2  -1  -3   0   0  -3  -2  -1   4   1  -3   2   2  -3  -1   0  -3  -1   2    7   2   2   0   2   6   0   2   2  29   8   0   5   9   0   5   5   0   1  12  0.25 0.23
   90 Y    -1  -2   2  -3  -1  -3  -2  -3   0   1  -1  -2  -1   2  -4   0  -1   2   6   0    5   2  11   0   1   0   2   2   2  10   6   2   1   8   0   8   3   3  30   6  0.48 0.34
   91 V     2  -3  -3  -2   0   0   0  -2   3  -1   0  -1  -2   2  -3  -2  -2   3   3   0   24   0   0   2   2   5   8   2  10   2   9   2   0  11   0   2   0   4   9   6  0.28 0.27
   92 T     3   0  -3  -3   1  -2  -1  -2  -3   2   2  -2   0   0  -3   0  -1  -3  -2   1   26   5   0   0   3   0   5   3   0  11  23   0   2   4   0   6   3   0   0   7  0.23 0.23
   93 T     0   2  -1  -1   0  -1  -2  -1  -3  -1  -1  -2   3  -2  -3   4   2  -4  -3  -1    4  12   2   3   2   2   0   3   0   3   7   0   7   2   0  35  12   0   0   4  0.36 0.33
   94 A     3   1  -1  -1  -3  -2   0   2   0  -2  -2   2  -2   0  -3   0  -1  -3   1  -2   27   8   2   2   0   0   5  13   2   2   3  13   0   4   0   7   3   0   6   3  0.22 0.22
   95 L    -1   1  -1  -2  -3  -1   0  -2  -2   1   2   2   1   0  -1  -1  -1   0   0   0    3   8   2   2   0   2   6   2   0   7  23  19   4   5   2   3   3   1   2   6  0.13 0.16
   96 V     0  -4  -4  -4  -4  -3  -3  -1  -4   1   3  -3   2   1   3  -2  -1   2  -1   0    8   0   0   0   0   1   2   6   0   7  34   1   5   6  13   3   3   3   1   7  0.38 0.30
   97 H    -1  -4   0   2  -4  -1   0   0   3  -2  -3  -2  -4   1   1   0  -1   7   3  -2    5   0   5  13   0   2   5   6   6   2   2   2   0   5   6   7   3  14  11   3  0.45 0.34
   98 A     0  -1   0   0  -3   1   0   0   0   0  -1   0   0   2  -1   0   1  -3   0   0   10   2   3   4   0   8   6   6   3   5   5   5   2  11   3   8  10   0   4   5  0.06 0.11
   99 F     3  -1   0  -1  -4  -1  -1  -1   1  -4  -2  -2  -1  -2   0   3   0   3  -1  -2   22   4   3   4   0   3   3   4   4   0   3   2   2   2   5  26   5   4   2   2  0.34 0.35
  100 P    -2  -2   1   0  -1  -3  -2   2   1  -2  -2  -3  -4  -2   4   1   1   1  -1  -2    2   2   8   5   2   0   2  17   4   2   5   0   0   2  20  10  10   2   2   3  0.36 0.32
  101 V     0  -1   2  -1  -3  -1  -2  -1   0   0   0  -2   0  -1   0   0   0   1   1   2   10   2  10   3   0   2   2   5   2   5  10   0   2   3   5   6   7   2   5  19  0.09 0.16
  102 V     0  -1  -1  -1   0   4  -1  -2   1   1  -1  -1   1  -1  -2  -1   0   1  -3   2    7   3   2   4   2  20   4   4   3   9   5   2   4   3   2   4   5   2   0  16  0.19 0.25
  103 P     0  -1  -1   0  -3   2   0   0  -2   1   1  -1   0  -1   1  -1  -1   2  -2   1    7   3   2   6   0  14   7   8   0   9  15   3   2   1   6   2   3   3   0   9  0.09 0.15
  104 V     1  -2  -1  -1   2  -2   0  -1  -1   0   1  -1  -2  -1  -3   2   0   0   0  -1   14   2   3   3   5   0   6   5   1   6  16   2   0   3   0  23   5   1   3   4  0.13 0.20
  105 T     2  -3  -1  -1   0   0  -2  -2  -1   0   1  -2   0   1  -3   0   1   1   1   1   18   0   2   3   2   4   0   2   1   5  18   2   2   7   0   9   8   2   4   9  0.11 0.16
  106 A     1  -1  -2  -2  -1  -3  -3  -1  -3   2   0  -3   0   0  -2  -1   2   1  -1   2   15   4   2   2   1   0   0   5   0  14   8   0   2   4   2   3  17   2   2  16  0.18 0.21
  107 L    -2  -4  -5  -5  -4  -4  -4  -1  -4   0   5  -4   2   1  -1  -2  -1   4  -1  -1    3   0   0   0   0   0   0   5   0   5  53   0   4   6   3   4   5   5   2   3  0.67 0.43
  108 V     3  -3  -3  -4  -3  -3  -3  -1  -3   1   1  -2   1   3  -3   0   0  -3   1   1   26   0   0   0   0   0   1   5   0   9  17   1   3  12   0   7   4   0   4   9  0.26 0.24
  109 C     2  -4  -3  -4   3  -3  -3   1  -4   1   3  -3   1   0  -3   0   0  -4  -2   0   20   0   0   0   7   0   1  11   0   6  32   0   2   3   1   6   6   0   1   4  0.31 0.27
  110 A     3  -4  -4  -4   0  -3  -3  -1  -4   2   2  -3   1  -1  -3   0   1  -2  -3   2   25   0   0   0   2   0   0   4   0   9  19   0   4   3   0   5   9   1   0  19  0.34 0.27
  111 A     2  -3   3  -3   1  -3  -3  -1  -3   0   1  -3   2   1  -3   1  -1   4   0  -1   24   0  15   1   3   0   0   3   0   5  12   0   6   7   1   9   2   7   2   3  0.27 0.26
  112 A     2  -3  -3  -3  -3  -2   0  -2  -3   1   1  -3  -1   1   3   0  -1   3   0   0   17   0   0   0   0   0   8   2   0   9  16   0   1   8  16   6   1   5   3   7  0.27 0.24
  113 A     1  -4  -3  -4   0  -3  -3   1  -1   1   2  -3   0   2  -1  -2  -1  -2  -2   2   12   0   1   0   2   0   1  12   2   9  19   0   1  12   3   2   3   0   0  21  0.24 0.22
  114 I    -1   2   0  -4   0  -1  -3  -2  -2   3   3  -2   2   0  -4  -1  -1  -4  -3   1    5  12   5   0   2   2   0   3   1  17  35   0   4   3   0   3   2   0   0   6  0.31 0.26
  115 T    -1  -1  -6  -6  -3  -3  -5  -4  -3   0   0  -5  -2   0  -6  -5   1  11  -1  -2    5   3   0   0   1   1   0   1   1   5   8   0   1   4   0   0   8  58   1   3  2.21 0.83
  116 W    -1  -3  -5  -5  -4  -4  -4  -4  -3  -1   1  -4  -3   4  -5  -2  -3   9   4  -1    6   1   0   0   0   0   1   1   0   2  15   1   0  15   0   3   1  31  16   4  1.23 0.53
  117 C     0  -2  -4  -4   3  -3  -4  -3  -4   1   3  -3   0   3  -4  -1   0   1   0   1   10   2   0   0   7   0   0   1   0   8  32   1   1  15   0   4   6   2   2   8  0.36 0.26
  118 V     0  -3  -2  -4   0  -3  -3  -3  -3   2   2  -3   0   5  -3   0  -1   2  -1   1    8   1   2   0   2   0   1   1   0  11  21   0   1  27   1   6   4   3   1   9  0.38 0.26
  119 L    -4  -1   0   6  -5  -2   1  -1  -1  -4  -1  -2  -2  -2  -4  -3   0  -2   1  -4    0   4   4  56   0   1   6   4   1   1   7   2   1   2   0   0   5   0   5   0  0.94 0.50
  120 G    -1   6  -1  -2  -3   0   1   3   2  -4  -3  -1  -4  -5  -4  -1  -3  -5  -1  -4    3  43   2   2   0   3   8  23   4   1   3   1   0   0   0   3   1   0   2   0  0.77 0.44
  121 D    -2   3  -2   1  -2  -2  -1  -3  -3  -4  -4  -1  -4  -5  -4   4   5  -5  -2  -3    2  15   0   8   1   0   3   1   0   0   0   2   0   0   0  30  35   0   1   1  0.75 0.49
  122 G    -1   4  -2  -3  -2  -1  -2  -1  -2  -1  -1   2  -1  -1   1  -1   0   6  -2  -1    6  22   1   0   1   2   1   4   0   4   6  15   2   2   8   3   5  14   0   5  0.41 0.29
  123 P     0   0   0  -2  -2   2  -1  -1   2  -2  -1  -2  -1  -1   3   1   0   3  -2  -1    6   5   3   1   0  12   2   5   7   1   8   0   1   4  13  15   7   4   0   6  0.20 0.20
  124 G     1  -5  -1  -2  -3  -4  -3   6  -4  -1   0  -4  -2  -3  -5  -1  -3  -5  -2  -4   10   0   3   2   1   0   1  63   0   4   9   0   1   1   0   3   1   0   1   1  1.06 0.52
  125 A     0  -5  -5  -5  -2  -5  -5  -5  -4   1   3  -5   0   6  -1  -4  -2  -1  -1   1    8   0   0   0   1   0   0   0   0   8  28   0   1  39   3   0   2   1   0   8  0.85 0.45
  126 A     1  -1  -3  -4  -2  -3  -3   1  -4   2   2  -3   0   1  -2  -2   0   1  -2   2   13   3   0   0   1   0   0  11   0  12  20   1   2   8   1   1   7   2   0  20  0.23 0.21
  127 C    -1  -2  -5  -5   3  -4  -3  -4  -2   0   4  -4   3   3  -3  -3  -1  -1  -2   1    4   3   0   0   7   0   1   1   1   4  44   0   8  14   1   1   3   1   0   8  0.59 0.36
  128 G     3  -4  -2  -3   1  -3  -3   3   0  -2  -3  -3  -1  -3  -4   4  -2  -5  -4  -4   30   0   1   0   3   0   0  21   3   2   1   0   1   1   0  35   0   0   0   0  0.74 0.48
  129 V     1  -3  -3  -4   4  -3  -3  -1  -4   2   2  -3   0   0  -3   1   1  -3  -2   2   15   0   0   0   9   0   0   4   0  10  18   0   2   5   0  10  10   0   1  16  0.27 0.23
  130 V     0  -4  -4  -4  -3  -3  -4   0  -4   2   3  -4   2   1  -3  -1   0  -3  -3   2   10   0   0   0   0   0   0   7   0  14  38   0   4   5   1   3   4   0   0  12  0.42 0.28
  131 I     0  -4  -2  -4   1  -3  -4  -2  -4   2   1  -3   1  -1  -1  -1   3  -4  -3   3    8   0   1   0   4   0   0   3   0  12  14   0   3   3   3   2  19   0   0  27  0.36 0.28
  132 A     5  -4  -4  -4  -1  -4  -4   3  -4  -4  -4  -3  -1  -5  -4   1  -1  -2  -4  -2   58   0   0   0   1   0   0  24   0   0   0   0   1   0   0   8   3   1   0   2  1.02 0.54
  133 V     0  -2  -4  -4  -1  -4  -4  -3  -4   4   2  -3   1   2  -4  -2   0  -2  -2   3    7   3   0   0   1   0   0   2   0  24  19   0   2   9   0   2   4   0   0  25  0.45 0.28
  134 I     1  -3  -3  -3   3  -3  -3   3  -4   2   1  -3  -1   0  -3  -1   0  -4  -3   2   14   0   0   1   7   0   0  21   0  11  14   0   1   4   0   4   6   0   0  16  0.29 0.23
  135 G     2  -5  -3  -1   5  -4  -4   6  -5  -5  -4  -4  -4  -4  -4  -2  -3  -5  -5  -3   15   0   0   3  11   0   1  64   0   0   1   0   0   1   1   1   1   0   0   1  1.31 0.56
  136 P    -2  -4  -4  -4   2  -3  -4  -4  -4  -1  -4  -3   2  -5   6   0   4  -5  -4  -1    2   0   0   0   4   0   0   0   0   4   0   0   6   0  40   7  30   0   0   3  1.13 0.54
  137 A     2  -3  -3  -4  -2  -3  -3  -1  -3   1   3  -3   0   2  -3  -1   0   1  -2   1   23   0   1   0   1   1   0   6   0   7  29   0   2   9   0   4   5   2   0  11  0.29 0.23
  138 V     2  -3  -3  -1  -3  -3  -3  -2  -4   2   0  -3   0   1  -3   0  -1   2  -2   3   24   1   0   3   0   0   0   2   0  15   5   0   1   5   1   5   3   3   1  29  0.35 0.27
  139 E    -1  -3  -2  -2   0   0   6  -3  -2  -1  -2  -2  -1  -2  -3  -2   1  -4  -2  -1    5   0   1   1   3   4  54   2   1   3   5   1   2   2   1   2  10   0   1   4  0.71 0.42
  140 I     0  -2  -1  -3  -3   1  -2   0  -1   3   1  -2   2  -1  -2   0  -1  -3   0   2    9   1   2   0   0  10   0   9   2  19  16   0   5   1   1   6   1   0   4  13  0.17 0.19
  141 A     0  -3  -2  -3  -1  -2  -3   1  -3   1   2  -2   1   1   2   0   0   0  -1   1   10   0   1   0   1   1   1  10   0   8  21   1   3   7  13   7   5   1   2   8  0.18 0.16
  142 L    -2  -4  -4  -5   3  -3  -4  -5  -4   3   5  -4   1   1  -3  -3  -2  -4  -3   0    3   1   1   0   5   1   0   0   0  13  58   1   3   5   1   1   2   0   0   3  0.79 0.41
  143 V     0  -2  -1  -3   0  -2  -2  -2  -3   2   0  -2   3  -2  -2   2   0  -4  -2   3    9   2   3   1   2   1   1   3   0  13   8   1   8   1   1  16   3   0   1  27  0.25 0.23
  144 Q     0   0   2   0  -1   0  -1  -1   2  -3  -2   1  -2  -1  -1   1   0   1   3  -2   10   4  14   4   1   3   3   5   5   1   3  12   1   1   3   9   5   2  13   1  0.17 0.18
  145 L     1  -2   2  -2  -3  -1  -2   0  -1   0   1  -2  -1   2  -1  -1  -1   1   0   0   18   1  16   1   0   2   2   5   2   6  16   1   1   9   3   4   2   2   3   6  0.11 0.15
  146 G    -2  -2   0   0  -5  -3  -3   5  -2  -3  -1  -3  -4   2   1  -1  -1  -2  -3  -4    2   2   4   6   0   1   1  47   1   1   6   1   0  11   6   5   4   1   0   1  0.65 0.39
  147 V     1  -1   0  -1  -1   0   0  -2   3   1   1  -1   0   0  -2  -1  -1  -1   0   2   12   2   4   3   1   4   6   2  11   7  13   2   2   4   2   4   2   1   2  17  0.10 0.14
  148 F    -2  -3  -2  -3  -4  -3  -4  -2  -2   0   2  -3   0   5  -2  -2  -2   5   3   0    2   2   2   1   0   1   1   3   1   5  24   1   2  25   2   2   2   9   9   6  0.55 0.32
  149 A     0   2   0   0  -3   0   0  -1   1  -1  -2  -1  -1  -2  -2   2  -1   6   1  -1    9  11   4   5   0   5   4   5   4   4   3   3   1   1   2  16   2  12   5   5  0.24 0.20
  150 Y    -3  -4  -3  -3  -2  -3  -4  -4   4  -3  -3  -4  -1   1  -2  -1  -1  -1   9  -4    2   1   1   2   1   1   1   2   8   1   2   1   1   5   2   4   4   1  61   1  1.62 0.73
  151 H     1   0   0  -2  -3   0  -1  -1   3  -2  -1  -1   0  -1   1   1   2  -3   2  -1   12   5   5   2   0   3   2   3   7   2   6   2   2   1   7  14  14   0  10   3  0.17 0.18
  152 P     0  -1   1   0  -4   1   1  -1   2  -3  -2   0  -1   0   4   0  -2  -3   3  -2    7   3   6   5   0   5  11   4   5   1   2   4   2   5  18   6   2   0  11   2  0.27 0.20
  153 D     1  -2  -2   1  -4   1  -1  -1   1  -2  -3  -1  -1  -3   4   0   3  -2  -4  -2   10   2   1   8   0   6   4   5   3   2   2   2   1   1  21   7  21   1   0   2  0.41 0.30
  154 S     1  -1   1   1   1  -1  -1  -1   2  -2  -1   0  -1  -3   0   2   0  -3  -2  -1   14   3   7  10   3   2   3   4   5   2   5   5   2   1   4  20   6   0   0   3  0.16 0.15
  155 D     0  -1   1   1  -2   1  -1  -1  -1   0   0  -1   0  -2   3   0   0  -3  -2  -1   10   3   8  10   1   6   3   3   2   7   9   3   2   1  15   8   4   0   1   4  0.15 0.12
  156 G     0  -2  -1   5  -5   2   3   1  -1  -3  -3  -2  -2  -3  -2  -1  -2  -3  -3  -1    6   1   2  30   0   8  21  10   1   1   3   1   1   1   2   3   2   0   1   4  0.54 0.35
  157 L    -1  -2  -4  -4  -3  -2  -2  -2  -4   2   2  -3   0   5  -3  -2  -1   0   0   2    5   3   0   1   0   2   4   3   0  14  19   1   2  25   1   3   3   1   3  12  0.42 0.28
  158 F    -2  -5  -4  -3  -2  -4  -5   0  -3   2   3  -5   0   5  -5  -3  -1   1   1   0    3   0   1   2   1   0   0   7   0  10  29   0   2  27   0   1   5   2   4   5  0.62 0.36
  159 G     1  -2  -1  -2  -5  -2  -2   6   0  -5  -2  -4  -5  -1  -3  -1  -3  -1   2  -4   10   3   2   2   0   2   3  53   2   0   4   0   0   3   1   4   1   1   7   1  0.87 0.48
  160 V    -3  -5  -4  -5  -2   1  -2  -5  -5   3   1  -5   0   0  -4  -3   0  -2  -4   5    1   0   0   0   1   7   2   0   0  15   9   0   1   5   1   2   5   0   0  48  0.83 0.48
  161 A     2   3  -3  -3  -5  -2  -4   3  -1  -4  -4  -2  -3  -1   5  -2  -1  -1  -1  -1   15  14   0   1   0   2   0  20   1   1   1   1   1   3  26   1   4   1   2   6  0.61 0.41
  162 P     0  -4  -3  -4  -2  -2  -4  -4   0   2   0  -4  -1  -2   0   3   3   3   1   0    6   0   0   0   0   1   0   1   3  12   8   0   2   1   6  28  18   4   5   6  0.44 0.38
  163 F    -6  -8  -9  -9  -1  -7  -8  -8  -8  -5  -6  -8  -3  -1  -9  -8  -5  13  -2  -8    1   0   0   0   1   0   0   0   0   1   1   0   1   3   0   0   1  91   1   0  4.67 1.56
  164 L    -3  -5  -6  -6  -4  -5  -6  -6  -6   4   4  -5   3  -1  -6  -4   2  -5  -4   2    1   0   0   0   0   0   0   0   0  26  38   0   6   2   0   0  15   0   0  11  0.97 0.51
  165 A     2  -5  -5  -5  -1  -4  -4   0  -5   0   1  -4  -2   0   5  -2  -1  -2  -4   0   19   0   0   0   1   0   0   7   0   6  13   0   1   4  34   3   4   1   0   7  0.73 0.45
  166 P     0  -5  -3  -5   6  -4  -4   0  -5  -3  -2  -4  -1  -4   2   4   2   5  -2  -4    7   0   0   0  16   0   0   8   0   1   3   0   2   1  10  31  12   9   1   1  0.82 0.51
  167 L    -3  -6  -6  -7   6  -6  -6  -5  -7   3   2  -6  -2  -2  -6  -4  -3  -6  -5   5    1   0   0   0  18   0   0   1   0  17  22   0   0   2   0   1   1   0   0  37  1.18 0.57
  168 Y    -6  -6  -7  -8  -6  -6  -7  -8  -4  -1   3  -6  -3   4  -7  -6  -4   1   8  -3    0   0   0   0   0   0   0   0   0   3  32   0   0  14   0   0   1   2  48   1  1.80 0.79
  169 F     0  -7  -7  -8  -7  -7  -7  -4  -6  -3   0  -7   0   9  -8  -6  -6  -1   1  -4    8   0   0   0   0   0   0   1   0   1   8   0   3  75   0   0   0   1   4   0  2.25 0.90
  170 A     2  -5  -2  -5   8  -5  -5  -2   4  -2  -3  -5  -4  -1  -5   2  -2  -6  -3   2   15   0   2   0  32   0   0   3   9   1   2   0   0   2   0  17   2   0   0  14  1.05 0.55
  171 F     2  -5  -4  -5   0  -4  -5   4  -4  -5  -5  -4  -5   2  -5   3  -1  -4   5  -2   17   0   0   0   2   0   0  28   0   0   0   0   0   7   0  22   4   0  18   2  0.82 0.50
  172 G     1  -5  -4  -5   7  -5  -5   3  -6  -3  -5  -5  -5  -6  -5   2   3  -6  -6  -2   13   0   0   0  26   0   0  24   0   1   0   0   0   0   0  16  17   0   0   3  1.14 0.59
  173 V    -3  -6  -6  -6  -2  -5  -6  -6  -6   3   1  -5   0  -1   5  -4  -2  -6  -5   5    1   0   0   0   1   0   0   0   0  15  12   0   2   3  25   1   2   0   0  39  1.05 0.54
  174 V     2  -5  -5  -3   8  -4  -5  -2  -5  -1   0  -5  -2   3  -4  -2   2  -2  -4   0   18   0   0   2  31   0   0   3   0   3   8   0   1  13   1   1  13   0   0   6  0.93 0.49
  175 A     0  -5  -2  -6  -4  -5  -5  -3  -5   1   2  -5   2   6  -6  -4  -3  -4  -2   3    8   0   2   0   0   0   0   2   0   7  19   0   4  37   0   0   1   0   0  18  0.89 0.47
  176 A     1  -3  -4  -5  -3  -4  -5   6  -5   1  -4  -5  -5  -4  -5  -1  -4   1  -5   0   12   1   0   0   0   1   0  62   0   9   2   0   0   1   0   4   0   2   0   6  1.20 0.57
  177 L     0  -4   7   0  -2  -1  -2  -3   0  -4   0  -2  -2  -4  -5   0  -1  -6  -5  -4    8   0  56   5   1   2   2   1   2   1   9   1   1   1   0   7   3   0   0   1  1.11 0.58
  178 L    -2  -6  -7  -7  -5  -6  -6  -5  -6   5   4  -6   0  -1  -6  -4  -4  -1  -4   2    4   0   0   0   0   0   0   1   0  38  42   0   2   2   0   1   0   1   0  10  1.17 0.55
  179 G     3  -6  -3  -4  -2  -4  -5   6  -5  -4  -5  -5  -2  -6  -5   1  -3  -6  -6  -3   20   0   1   1   1   1   0  62   0   1   1   0   1   0   0  10   1   0   0   2  1.39 0.64
  180 E    -4   8  -5  -6  -8  -4   0  -5  -5  -8  -7  -2  -6  -8  -7  -2  -6  -8  -6  -7    1  88   0   0   0   0   6   1   0   0   0   0   0   0   0   4   0   0   0   0  2.54 1.00
  181 L    -2   4  -4  -5  -4   4  -3  -6  -2   0   1   0  -3   0  -5  -3  -4   8   2  -2    3  20   0   0   0  21   0   0   0   5  12   4   0   4   0   1   0  20   6   3  0.92 0.50
  182 A     0  -6  -6  -7  -5  -5  -6  -6  -6   0   6  -6   1   1  -6  -5  -3  -3   0   1    7   0   0   0   0   0   0   0   0   3  69   0   2   6   0   0   1   0   3   9  1.18 0.55
  183 V     4   1  -3   0  -3  -3  -3  -2  -4  -1  -1   1  -1  -3  -3   0   0   0  -4   0   45   8   0   5   0   0   0   2   0   4   7  10   1   1   1   4   4   1   0   8  0.45 0.34
  184 A     1   1   0  -2  -3   0  -2   0  -1  -2   0   2   1  -2   0   2  -1   1  -1  -2   14   7   3   1   0   3   0   7   2   1  11  13   5   1   4  21   1   2   2   1  0.16 0.19
  185 R    -2   5   1  -2  -5   0   1   1   1  -3  -2   1  -3  -4  -1   0  -1  -2  -4  -3    2  40   6   0   0   4   8  10   3   1   5   5   0   0   2   8   3   1   0   2  0.51 0.30
  186 R     0   5  -1  -3  -4   1  -1  -2  -3  -3   0   2  -2  -4   2  -1  -1  -5  -4  -2    7  35   2   0   0   5   2   3   0   0  11  15   0   0  12   2   3   0   0   2  0.50 0.28
  187 P     0   3  -2  -2  -4   2   1  -1  -3  -4  -4   0  -3  -5   4   3   0  -5  -4  -3    6  20   0   1   0   9   8   3   0   0   0   3   0   0  21  25   4   0   0   1  0.59 0.30
  188 Q     2   2   0  -1  -3   2   0   0   2  -3  -3   0  -1  -4   2   2   0  -4  -2  -2   22  11   3   3   0  10   3   6   6   0   1   2   2   0   8  15   4   0   1   3  0.24 0.17
  189 L     2  -2  -1  -1  -1   0  -2  -1  -2  -1   0  -1   0  -2   1   1   2  -3  -2   1   17   0   3   3   1   5   0   4   0   1  12   2   2   0   7  13  18   0   1   9  0.15 0.13
  190 G     2   0   1  -2  -3   0  -1   2  -2  -2  -2   0  -2  -3   3   0   1  -4  -3  -1   23   4   8   0   0   4   3  14   0   0   3   4   0   0  16   5  10   0   0   6  0.28 0.15
  191 P     2   3  -2  -2  -3   0  -2   0  -1  -3  -3   2  -3  -4   4  -1   0   2  -3  -2   20  21   0   1   0   2   0   6   1   0   0  15   0   0  19   3   4   4   0   3  0.44 0.19
  192 P     0  -3  -3   1  -4  -3  -2  -2  -3  -3  -2  -2  -3  -4   7  -1  -2  -4   0  -2    8   0   0   9   0   0   0   3   0   0   5   0   0   0  66   2   0   0   4   4  1.37 0.26
  193 V    -1   2  -1  -2  -2   0  -1  -1  -1   0   0  -1  -1  -2   2   1   2  -3  -2   1    0  14   0   0   0   4   0   4   2   0  14   0   0   0   9  17  16   0   0  20  0.16 0.10
  194 C     1   1  -1   0   6   2  -1  -2  -2  -2   0  -1  -1  -3  -2   1   1  -3  -2  -2   11  12   0   4  23  16   0   0   0   0  11   0   0   0   0  10  12   0   0   0  0.31 0.13
  195 D     0   1   1   4  -3   0   2  -2  -2  -4  -4   1  -3  -4   0   2  -1  -4  -3  -3    5  10   4  35   0   0  13   0   0   0   0   7   0   0   5  20   2   0   0   0  0.47 0.13
  196 T     1  -1  -1  -2  -2  -1  -2  -2   4  -1  -2  -2   0   0  -2   1   2  -3  -1   2   17   3   0   0   0   0   0   0  19   0   0   0   2   5   0  12  22   0   0  20  0.25 0.12
  197 V     1  -1  -2   0   2  -2  -2   1  -3   1   0  -2   1  -2  -3   0  -1  -3  -2   2   14   5   0   8   7   0   0  14   0  12   2   0   5   0   0   5   0   0   0  28  0.13 0.07
  198 S     3  -2   0  -2  -2  -1   0   1  -2  -2  -2  -1  -2  -3  -2   3   0  -3  -3  -1   36   0   2   0   0   0   4  10   0   0   4   0   0   0   0  40   0   0   0   3  0.38 0.13
  199 R     0   4  -1  -2  -3   0  -1   2  -2   0  -2   2  -2  -3  -3   0  -1  -3  -2   0    5  43   0   0   0   0   0  18   0   9   0  11   0   0   0   7   0   0   0   7  0.35 0.10
  200 G     3  -2  -2  -2  -2  -1   0   2  -2   0  -2  -1  -1  -1  -2   0   1  -2   1   0   40   0   0   0   0   0   8  17   0   8   0   0   0   0   0   0  12   0   9   6  0.20 0.06
  201 P     0  -1  -2  -2  -3  -2  -2  -2  -3  -3  -3  -1  -3  -4   7   0   1  -4  -3  -2    9   4   0   0   0   0   0   0   0   0   0   0   0   0  73   3  11   0   0   0  1.48 0.11
  202 G     2  -2  -1  -2  -2  -2  -2   4  -2  -2  -3  -1  -2  -3  -2   0   2  -3  -3  -2   30   0   0   0   0   0   0  45   0   0   0   0   0   0   0   0  25   0   0   0  0.50 0.06
  203 A     5  -2  -2  -2  -1  -1  -1   0  -2  -2  -2  -1  -1  -3  -1   1  -1  -3  -2  -1  100   0   0   0   0   0   0   0   0   0   0   0   0   0   0   0   0   0   0   0  0.64 0.10
  204 G     0  -3  -1  -2  -3  -2  -2   6  -2  -4  -4  -2  -3  -4  -3  -1  -2  -3  -3  -4    0   0   0   0   0   0   0 100   0   0   0   0   0   0   0   0   0   0   0   0  1.14 0.04

                      K         Lambda
Standard Ungapped    0.1408     0.3260
Standard Gapped      0.0454     0.2670
PSI Ungapped         0.1484     0.3179
PSI Gapped           0.0454     0.2670
