
Last position-specific scoring matrix computed, weighted observed percentages rounded down, information per position, and relative weight of gapless real matches to pseudocounts
            A   R   N   D   C   Q   E   G   H   I   L   K   M   F   P   S   T   W   Y   V   A   R   N   D   C   Q   E   G   H   I   L   K   M   F   P   S   T   W   Y   V
    1 M    -2  -2  -3  -4  -2  -1  -3  -4  -2   1   2  -2   7   0  -3  -2  -1  -2  -2   0    0   0   0   0   0   0   0   0   0   0  16   0  84   0   0   0   0   0   0   0  0.73 0.10
    2 A     3  -1  -1   1  -1  -1  -1  -1  -2  -1  -1  -1  -1   2  -2   1  -1  -2  -1   0   53   3   0  12   0   0   0   0   0   0   3   0   0  16   0   6   0   0   0   8  0.19 0.04
    3 P    -1   1  -2  -2  -3   0  -1  -3  -2  -3  -3   2  -3  -4   7   0  -1  -4  -3  -3    0  11   0   0   0   4   0   0   0   0   0  15   0   0  62   8   0   0   0   0  1.23 0.11
    4 K    -1   4  -1  -1  -3   2   1  -3  -1  -3  -2   3   0   0  -2  -1   0  -3  -2  -2    1  34   0   0   0  10   7   0   0   0   1  29   3   7   0   0   7   0   0   0  0.43 0.10
    5 V    -2  -3   1  -3  -2  -2  -3  -1  -2   2   3  -3   1   3  -3  -2   0  -2   0   1    0   0  11   0   0   0   0   4   0  17  38   0   0  17   0   0   6   0   0   7  0.25 0.08
    6 F    -2  -3  -3   0  -3  -3  -3  -1  -1   0   2  -3   2   5  -4  -3  -2   0   4  -1    0   0   0   7   0   0   0   5   0   5  22   0   7  35   0   0   0   0  19   0  0.43 0.11
    7 R    -1   4   0  -1  -3   2   2  -1   1  -3  -3   2  -2  -2  -2   1  -1  -2   1  -3    0  29   1   0   0   9  17   5   4   0   0  14   0   0   0  11   2   0   9   0  0.36 0.09
    8 Q    -1   3   2  -1   1   2   0  -2   1  -3  -3   2  -2  -3   1   1   0  -1  -2  -3    1  20  11   0   4  13   4   1   5   0   1  19   0   0   8   9   3   1   0   0  0.33 0.11
    9 Y    -4  -3  -4  -5  -4  -3  -4  -5   0  -3  -2  -1  -3   2  -5  -4  -4   3   9  -3    0   0   0   0   0   0   0   0   0   0   1   3   0   5   0   0   0   4  87   0  1.94 0.42
   10 W    -4  -3  -3  -5  -4  -3  -4  -5   2  -3  -2  -4   0   3  -5  -3  -3   7   7  -3    0   1   1   0   0   0   0   0   4   0   2   0   3  13   0   0   1  16  60   0  1.48 0.34
   11 D    -2  -3   0   7  -5  -2   1  -1  -3  -5  -5  -2  -5  -5  -3  -1  -1  -6  -5  -5    1   0   0  82   0   0   7   4   0   0   0   0   0   0   0   2   3   0   0   0  1.43 0.34
   12 I    -1  -2   0  -2  -2   0  -1  -3   2   1  -1   0   1  -2  -1   1   4  -3   0   0    3   0   2   0   0   3   3   0   6  10   3   7   4   0   2   7  40   0   3   6  0.26 0.15
   13 P    -3  -3  -4  -3  -4  -3  -3  -4  -4  -4  -1   0  -3  -5   8  -1  -1  -5  -4  -4    0   0   0   0   0   0   0   0   0   0   7   5   0   0  81   3   3   0   0   0  1.99 0.39
   14 D    -3  -3   1   6  -5  -1   4  -2  -2  -4  -5  -2  -4  -5  -3  -2  -2  -5  -4  -2    0   0   5  57   0   0  33   2   0   0   0   0   0   0   0   0   0   0   0   3  1.15 0.32
   15 G    -2  -4   1  -3  -4  -3  -4   7  -4  -6  -6  -3  -5  -5  -4  -1  -3  -4  -5  -5    0   0   6   0   0   0   0  92   0   0   0   0   0   0   0   2   0   0   0   0  1.71 0.39
   16 T    -2  -1   2   0   1   2   4  -3   3  -4  -4   1  -3  -4  -2   0   2  -4  -2  -3    0   0  10   2   4   9  35   0   8   0   0  11   0   0   0   2  18   0   0   0  0.49 0.20
   17 D    -3  -3   1   7  -5  -1   2  -3  -3  -5  -5  -1  -5  -5  -1  -2  -3  -6  -5  -5    0   0   4  80   0   2   9   0   0   0   0   2   0   0   2   1   0   0   0   0  1.52 0.39
   18 C     0  -4  -4  -4   9  -4  -4  -3  -4   1   0  -4   0  -2  -4  -2   1  -4  -2   1    6   0   0   0  51   0   0   2   0   8  10   0   1   1   0   1  11   0   1   7  1.07 0.30
   19 H    -2  -3  -2  -1  -3  -2  -3   0   4   0   1  -3  -1   4  -2  -2  -1  -2   2   0    2   0   0   4   0   0   0   8  16   5  18   0   0  28   2   1   2   0   4   9  0.31 0.16
   20 R    -1   2  -1   0  -3   0   0   2   1  -2  -2   3   0  -3  -2  -1  -1  -3   1  -3    2  14   0   4   0   2   4  20   3   2   2  31   3   0   0   3   2   0   6   0  0.30 0.15
   21 K    -2   1  -1   0  -5   0   0  -3  -2  -4  -4   7  -3  -5  -3  -1  -2  -5  -4  -4    0   5   2   5   0   2   1   0   0   0   0  82   0   0   0   2   0   0   0   0  1.21 0.37
   22 A     2  -3  -2  -3  -2  -2  -2  -2  -3   1   2  -2   3  -2  -3   0   2  -3  -2   1   22   0   0   0   0   0   0   0   0   9  24   0  11   0   0   7  21   0   0   5  0.29 0.16
   23 Y    -2  -3  -3  -4  -2  -3  -3   0  -2   1   1  -3   1   4  -4  -3  -2   6   4   1    2   0   0   0   1   0   0   9   0   9  15   1   3  19   0   0   0  12  16  13  0.47 0.17
   24 S     2  -2  -2  -3   2  -1  -1  -1  -1   0  -2   1  -1   0  -2   0   0  -2   3   1   28   0   1   0   5   2   2   3   0   6   0  10   0   4   0   5   5   0  18  11  0.18 0.13
   25 T     0  -3  -2  -3  -2  -2  -2  -3  -3   0  -1  -2   2   0  -3   1   5  -3   1   1    6   0   0   0   0   0   0   0   0   5   3   0   9   5   0   7  47   0   5  14  0.44 0.22
   26 T     1  -2   3  -1  -2  -2  -2   0  -2  -2  -1  -2  -2  -3  -2   2   4  -4  -2  -2   13   0  19   0   0   0   0   6   0   2   5   0   0   0   0  21  31   0   1   0  0.41 0.20
   27 S     0   2  -1  -2  -3   0   0   0  -2  -2  -3   5  -2  -2  -2   1   0  -4  -3  -2    9   8   0   0   0   0   2   6   0   3   1  51   0   2   0   9   6   0   0   2  0.47 0.21
   28 I    -2  -3   1  -3  -3  -1  -3  -4   0   3   0  -3   1   0  -4  -2   0   3   6   0    1   0   8   0   0   3   0   0   1  24   8   0   5   0   0   0   6   4  35   5  0.51 0.21
   29 A     4  -3  -2  -3  -1  -2  -2   3  -3  -2  -2  -2  -1  -3  -2   2  -1  -4  -3   0   47   0   0   0   1   0   0  23   0   0   4   0   1   0   0  17   1   0   0   6  0.53 0.22
   30 S     2  -3   0  -2  -1  -2  -2   3  -3  -1  -1  -2  -2  -1  -2   1   1  -3  -2   1   23   0   3   0   1   0   0  31   0   3   6   0   0   3   1   8  10   0   0  11  0.29 0.13
   31 V     1  -3  -3  -3   0  -2  -2   0  -3   2   1  -2   0  -1   0   0   0  -3  -1   2   20   0   0   0   1   1   0   7   0  17  16   1   1   2   5   5   5   0   1  18  0.16 0.10
   32 A     3  -3  -2  -3   0  -2  -1   0  -2   0   0  -2  -1   2  -3   0   0  -2   2   1   34   0   0   0   1   0   3   7   0   6   8   0   0   9   0   2   7   0   9  12  0.19 0.13
   33 G    -1  -4  -2  -3  -4  -4  -4   7  -4  -6  -6  -3  -5  -5  -4  -1  -3  -5  -5  -5    3   0   0   0   0   0   0  93   0   0   0   0   0   0   0   4   0   0   0   0  1.77 0.40
   34 L     0  -2  -4  -4  -2  -3  -3  -2  -3   1   4  -3   2   1  -4  -2  -1  -2   0   1   10   3   0   0   0   0   0   2   0   6  56   0   4   7   0   0   3   0   3   7  0.43 0.18
   35 T     2  -3  -2  -3   1  -2  -3   2  -3   1   0  -2   0   0  -3  -1   0   1  -2   2   19   0   0   0   4   0   0  21   0   9   7   0   1   6   0   3   7   2   0  22  0.21 0.12
   36 A     2  -3  -3  -3  -2  -3  -2   0  -3   1   0  -3  -1   2  -3  -1   0   6   0   2   21   0   0   0   0   0   3   6   0  11   6   0   0   9   0   3   4  16   2  20  0.36 0.16
   37 A     3  -3  -2  -2  -2  -2  -2   0  -3  -2  -2  -2  -3  -4  -2   5  -1  -4  -3  -2   33   0   0   0   0   0   0   7   0   2   5   0   0   0   0  54   0   0   0   0  0.69 0.29
   38 A     3  -1  -2  -1  -2  -2  -2  -1  -3  -2  -2  -2  -1   0  -2   1   4   2  -2   0   36   2   0   2   0   0   0   2   0   0   1   0   1   4   0  11  33   3   0   5  0.42 0.21
   39 Y    -2  -3  -3  -4  -3  -3  -3  -3  -1   2   1  -2   3   3  -4  -1  -1  -1   5   2    1   0   0   0   0   0   0   1   0  11   8   2  11  12   0   4   1   0  30  19  0.48 0.20
   40 R    -2   1   1   5  -4   2   3  -3   0  -3  -3  -1  -3  -4  -3   1  -1   0  -3  -3    0   8   6  37   0  11  17   0   2   2   2   0   0   0   0  11   2   2   0   0  0.55 0.20
   41 V    -1  -1   1  -3  -2  -3  -3  -2  -3   2   1  -2   1  -2  -4  -2  -1  -4  -3   4    4   3  11   0   0   0   0   2   0  13  10   3   2   0   0   0   0   0   0  52  0.45 0.21
   42 T     0  -1  -2  -1  -2  -2  -2  -3   0   1   2  -1   2  -1  -1   0   2  -3  -2   1   10   3   0   5   0   0   0   0   3  12  23   2   9   2   3   5  18   0   0   7  0.14 0.10
   43 L    -2  -3  -4  -4  -3   0  -3  -4  -2   1   4  -3   5   1  -2  -3  -1  -3   0   1    1   0   0   0   0   4   0   0   1   3  45   0  25   5   2   0   2   0   3   8  0.56 0.22
   44 N    -1  -1   2  -1  -3   2  -1  -2   3  -2  -3   1  -2   0  -1   4   0   0   1  -2    0   1  11   1   0  10   1   0  11   3   0   7   0   4   3  42   1   1   4   1  0.38 0.20
   45 P    -1   1  -2  -1  -4  -1  -1  -3   5  -4  -4   3  -3  -2   4   1  -1  -4   0  -3    5   5   0   2   0   0   2   0  19   0   0  24   0   1  27  10   3   0   3   0  0.64 0.22
   46 P    -1  -2  -3  -3  -4  -1  -2  -2   4  -4  -3   1  -3  -4   7  -1   0  -5  -1  -4    4   0   0   0   0   2   0   3  14   0   2  10   0   0  56   2   7   0   2   0  1.24 0.31
   47 G     0   0  -1   0  -3   1   0   2   0  -2  -3   3  -1  -1   0   0   1  -3  -2  -1    4   1   1   4   0   5   5  22   2   1   0  26   2   3   5   6   8   0   0   4  0.22 0.11
   48 T    -1  -3   1  -2  -3  -1  -1   4  -3  -1  -1  -2  -2  -2  -1   1   2  -4  -3   0    0   0   7   0   0   1   5  37   0   2   6   0   0   1   3  11  18   0   0   9  0.34 0.16
   49 F    -1   0  -3  -3  -3  -2  -3   1   0   1   0  -2  -1   4  -2  -2  -1  -1   5   1    2   5   0   0   0   0   0  13   2   7   6   2   0  19   1   0   2   0  28  10  0.37 0.16
   50 L     2  -1  -1  -3  -2  -2  -2   0  -2   0   3  -2   1  -1  -3  -1  -1  -2   0   0   21   3   3   0   0   0   0   9   0   4  41   0   3   2   0   3   3   0   3   5  0.19 0.12
   51 E     0   0   2   0  -3   0   2  -1  -2  -3  -3   1  -2  -3   4   0   1  -3  -3  -2    6   5  12   4   0   4  15   4   0   0   1   8   0   0  25   2   9   0   0   3  0.42 0.13
   52 G     0  -3  -1  -2  -2  -2  -2   4  -3   0  -2  -2  -2  -3   0   0   4  -3  -3  -2    5   0   0   0   0   0   1  37   0   9   1   1   0   0   3   5  35   0   0   1  0.53 0.20
   53 V     1  -3  -4  -4  -2  -3  -3  -3  -3   2   2  -3   1   1  -1  -2  -1  -3  -2   3   15   0   0   0   0   0   0   0   0  14  26   0   3   5   2   0   1   0   0  33  0.37 0.16
   54 A     2  -1   0  -2   0  -1  -2   2  -2   0   0  -1   1  -2   0   1   1  -2   0  -1   25   3   4   0   3   1   0  15   0   5   8   0   5   0   3   9  12   0   5   1  0.13 0.09
   55 K    -2   7   0  -3  -4  -1  -2  -4  -2  -4  -2   2  -3  -4  -3  -2   1  -4  -3  -3    3  71   3   0   0   0   0   0   0   0   3  10   0   0   0   0   9   0   0   0  1.11 0.33
   56 V     0  -3  -3  -3  -2  -2  -3  -3  -1   0   1  -3   2   3  -3  -1   2  -1   4   0    9   0   0   0   0   0   0   0   0   2  18   0   6  17   0   2  17   0  22   5  0.38 0.17
   57 G     3  -3  -2  -3  -3  -2  -3   5  -3  -3  -2  -1  -1  -3  -1  -1  -1  -4  -3  -1   29   0   0   0   0   0   0  50   0   0   3   2   2   0   2   0   3   0   0   6  0.68 0.22
   58 Q    -1   3   0  -2  -3   1  -1   1   3  -3  -3   1  -1   0  -3   0  -1   2   4  -3    2  23   3   0   0   7   0  10   8   0   0   9   1   3   0   8   3   3  18   0  0.33 0.15
   59 Y    -2  -3   1  -3  -3  -2  -3  -3   2   1   0  -3  -1   3  -3  -1   1  -1   5  -1    0   0   9   0   0   0   0   0   5  11  10   0   0  16   0   3  14   0  28   2  0.43 0.19
   60 T     1  -3  -2  -3   0  -2  -3  -3  -3   2  -1  -2   2  -3  -3   0   5  -4  -3   1   12   0   0   0   2   0   0   0   0  13   2   0   6   0   0   4  48   0   0  11  0.51 0.23
   61 F     1  -3  -3  -4  -3  -3  -3   3  -3  -1   0  -3  -1   5  -4  -2  -2   3   1   0   12   0   0   0   0   0   0  27   0   2  10   0   0  31   0   0   2   4   3   9  0.44 0.18
   62 T    -2  -3  -3  -3   0  -3  -3  -2  -3   0  -1  -3  -2   0   6  -1   3  -4  -1  -2    0   0   0   0   2   0   0   2   0   6   6   0   0   5  49   3  25   0   2   0  1.01 0.29
   63 A     1  -3  -4  -4   2  -3  -4   0  -3   1   1  -3   4   5  -4  -2  -2  -2   0   0   15   0   0   0   5   0   0   7   0   7  12   0  15  33   0   0   0   0   0   5  0.44 0.20
   64 A     3  -2  -3  -3  -2  -2  -2  -1  -3   1  -1  -2   3   0   0  -1  -1  -3  -1   2   47   0   0   0   0   0   0   3   0   6   0   0  14   4   4   0   1   0   1  17  0.31 0.14
   65 A     3  -3  -2  -3  -2  -2  -2   4  -3  -2  -1  -2  -1   0  -2  -1  -2  -3  -3  -2   39   0   0   0   0   0   0  45   0   0   9   0   1   4   0   0   0   0   0   0  0.59 0.16
   66 V     0  -3  -3  -4  -2  -2  -3  -4  -3   3   1  -3   7  -1  -3  -2  -1  -3  -2   2    7   0   0   0   0   0   0   0   0  21   6   0  45   0   0   0   2   0   0  16  0.61 0.20
   67 G     3  -3  -2  -2  -3  -2  -3   5  -3  -4  -4  -2  -3  -4  -3   0  -1  -4  -4  -3   30   0   0   0   0   0   0  63   0   0   0   0   0   0   0   4   3   0   0   0  0.94 0.20
   68 A     3  -2  -2  -2  -2  -2  -2   2  -2  -1  -2  -2  -2   0   0   2   2  -3  -2  -1   44   0   0   0   0   0   0  13   0   4   0   0   0   6   3  17  13   0   0   1  0.34 0.13
   69 V     2  -3  -2  -3  -2  -2  -2  -1  -3   3   0  -2   1  -2  -2   0   2  -3  -2   2   31   0   0   0   0   0   0   2   0  24   3   0   5   0   0   2  20   0   0  12  0.28 0.13
   70 F    -3  -4  -4  -5  -4  -4  -4  -4  -3  -2   0  -4  -1   8  -5  -2  -2   2   1  -2    0   0   0   0   0   0   0   0   0   0   4   0   0  87   0   4   2   2   0   0  1.48 0.30
   71 G     2  -3  -1  -2   2  -2  -2   3  -3  -2  -2  -2  -2  -3  -2   0   4  -3  -3   0   23   0   0   0   4   0   0  26   0   0   0   0   0   0   0   3  36   0   0   8  0.44 0.15
   72 L     1  -3  -3  -3   0  -2  -3  -2  -3   1   2  -2   1   1  -3   0   0  -3  -1   2   15   0   0   0   2   0   0   2   0   5  31   0   3   5   0   6   7   0   0  25  0.21 0.09
   73 T     0  -3  -1  -2  -2  -2  -2   2  -3  -1  -2  -2  -2  -2  -2   1   5  -4  -3   1    8   0   0   0   0   0   0  16   0   0   0   0   0   2   0   4  59   0   0  12  0.55 0.19
   74 T     1  -2  -1  -1  -2  -1   2  -2  -2   0  -2  -1  -2  -3  -2   2   4  -4  -3   1    8   0   0   0   0   0  16   0   0   4   0   0   0   0   0  18  41   0   0  12  0.39 0.16
   75 C    -1  -3   2  -3   8  -2  -3  -1   1  -3  -1  -3  -2  -1  -4  -1  -1  -3   2  -2    4   0  16   0  49   2   0   5   3   0   4   0   0   2   0   2   3   0   9   0  0.85 0.21
   76 I     2  -3  -3  -3  -2  -2  -2  -2  -3   2   1  -2   1   0  -2  -1   0  -3   0   2   31   0   0   0   0   0   0   2   0  18   9   0   6   4   0   2   7   0   3  19  0.21 0.10
   77 S     3  -2  -2  -2  -2  -2  -2  -1  -2  -1   0  -2  -1  -2  -2   3   1  -3   0   0   45   0   0   0   0   0   0   0   0   1   9   0   0   0   0  26   9   0   4   6  0.35 0.15
   78 A     3  -1   0  -2  -1   1  -1  -1  -2  -2  -1   1  -1  -3  -2   1   3  -3  -3  -1   38   2   3   0   1   8   0   2   0   0   4   7   0   0   0   5  28   0   0   1  0.31 0.13
   79 H     0   0   5   1  -3   3   0  -1   2  -4  -4   1  -2  -3  -2   1  -1  -4  -1  -3    5   2  38   4   0  20   0   1   6   0   0   9   0   0   0  12   0   0   2   0  0.50 0.16
   80 V     0  -2  -1  -3  -2  -1  -3  -3  -3   3   2  -2   2   0  -3  -2  -1  -1   0   2    9   0   4   0   0   3   0   0   0  26  22   2   7   3   0   0   0   1   3  21  0.25 0.09
   81 R    -3   8  -2  -3  -5  -1  -2  -4  -2  -5  -4   1  -3  -5  -4  -2  -3  -4  -3  -4    0 100   0   0   0   0   0   0   0   0   0   0   0   0   0   0   0   0   0   0  1.74 0.35
   82 E    -1   0  -1  -1  -3   2   2   4  -1  -3  -2   2  -2  -3  -2  -1  -2  -3  -3  -3    0   1   0   2   0  11  20  37   1   0   4  21   0   0   0   0   0   0   0   0  0.45 0.13
   83 K    -1   2  -1  -2  -4   0   0  -1  -2  -4  -4   6  -3  -4  -2  -1  -2  -4  -3  -4    2  10   0   0   0   1   3   3   0   0   0  79   0   0   0   0   0   0   0   0  0.97 0.25
   84 P     0   0   0   0  -1   0   1   0   0  -1  -1   0  -1  -1   3   0   0  -1  -1  -1    5   3   6   4   1   3   9   5   1   3   6   8   2   3  17   7   9   1   2   4  0.15 0.01
   85 D    -3  -3   2   7  -5  -2   1  -3  -2  -5  -5  -2  -4  -5  -3  -1  -2  -6  -4  -5    0   0   9  85   0   0   3   0   0   0   0   0   0   0   0   2   0   0   0   0  1.46 0.29
   86 D    -3  -3   0   7  -5  -2   0  -3  -3  -4  -5  -2  -4  -5  -3  -2  -2  -5  -4  -2    0   0   0  93   0   0   0   0   0   0   0   0   0   0   0   0   2   0   0   3  1.57 0.30
   87 P     0   0  -1  -2  -3   0   0  -1   1  -2  -2   2   1  -3   5   0   0   2  -1  -2    6   5   2   0   0   2   5   4   4   1   0  16   8   0  30   6   6   3   1   2  0.42 0.10
   88 L    -2  -3  -4  -4  -2  -3  -3  -4  -3   2   3  -3   1   1  -4  -3  -2   5   1   1    0   0   0   0   0   0   0   0   0  18  47   0   2   3   0   0   0  12   5  11  0.54 0.14
   89 N    -3  -2   8   0  -4  -2  -2  -2  -1  -5  -5  -2  -4  -5  -4  -1  -2  -6  -4  -5    0   0 100   0   0   0   0   0   0   0   0   0   0   0   0   0   0   0   0   0  1.81 0.36
   90 Y     0  -3  -3  -4  -4  -1  -3  -1   3  -3  -3  -3  -2   1  -4  -2  -3   5   8  -3    8   0   0   0   0   2   0   6   7   0   0   0   0   0   0   1   0   8  67   0  1.20 0.27
   91 F     1  -3  -3  -4  -2  -3  -3  -1  -3   0   0  -3   1   5  -3  -1  -1  -1   1   1   20   0   0   0   0   0   0   4   0   1   7   0   4  45   0   3   1   0   0  14  0.44 0.15
   92 L    -1  -3  -4  -4  -2  -3  -4  -4  -4   4   3  -3   1   0  -4  -3  -2  -3  -2   2    6   0   0   0   0   0   0   0   0  42  34   0   3   2   0   0   0   0   0  14  0.53 0.15
   93 G     1  -4  -2  -3  -4  -3  -3   7  -3  -5  -5  -3  -4  -4  -3  -1  -3  -4  -4  -4   10   0   0   0   0   0   0  90   0   0   0   0   0   0   0   0   0   0   0   0  1.50 0.27
   94 G     1  -3  -2  -3  -3  -3  -3   6  -3  -4  -4  -2  -3  -4  -3   0  -1  -4  -4  -4   14   0   0   0   0   0   0  78   0   0   0   0   0   0   0   4   4   0   0   0  1.16 0.23
   95 C     1  -4  -3  -4   8  -3  -4  -3  -3  -1   0  -3   1   4  -4  -1  -1  -2  -1   0   13   0   0   0  40   0   0   0   0   0  10   0   4  22   0   4   2   0   0   6  0.74 0.19
   96 A     5  -1  -2  -3  -2  -2  -2  -1  -3  -2  -1  -2  -2  -3   0   1   0  -4  -3   0   71   4   0   0   0   0   0   2   0   0   6   0   0   0   3   5   5   0   0   4  0.55 0.19
   97 G     4  -2  -2  -2   0  -2  -2   2  -2  -2  -2  -2  -2  -3  -2   1   1  -3  -3  -1   59   1   0   0   2   0   0  15   0   0   0   0   0   0   0  10   8   0   0   4  0.49 0.16
   98 G    -1  -3  -2  -3  -4  -3  -3   7  -3  -5  -5  -3  -4  -4  -3  -1  -1  -4  -4  -4    2   0   0   0   0   0   0  92   0   0   0   0   0   0   0   0   3   0   0   0  1.49 0.26
   99 L     0  -2  -2  -2  -1  -2  -2   2  -2   1   1  -2   0   1  -1   1   0  -2  -1   0    9   0   0   0   1   0   0  19   0   8  24   0   1   7   3  16   6   0   0   4  0.12 0.07
  100 T    -1  -3  -3  -3   0  -3  -3  -3  -3   2   1  -3   0   0  -3  -1   2   0  -2   4    0   0   0   0   1   0   0   0   0  14  14   0   1   5   0   5  16   1   0  41  0.34 0.13
  101 L     0  -3  -3  -4   0  -2  -3  -3  -2   1   2  -3   1   3  -3  -2   0   4   3   1   12   0   0   0   2   0   0   0   0   7  23   0   4  14   0   0   6   8  16   8  0.32 0.10
  102 G     0  -4  -2  -3  -4  -3  -3   7  -3  -5  -5  -3  -4  -5  -3   0  -3  -4  -4  -4    6   0   0   0   0   0   0  89   0   0   0   0   0   0   0   4   0   0   0   0  1.48 0.28
  103 A     4  -3  -3  -3  -2  -2  -1  -2  -3   1   0  -2   0   1  -2   0  -1  -3  -2   0   62   0   0   0   0   0   4   0   0  12   5   0   2   7   0   2   1   0   0   5  0.42 0.17
  104 R    -1   4  -3  -4  -4  -1  -2  -3  -2  -3  -1   2  -2  -2  -4  -2  -3   9   1  -3    4  29   0   0   0   0   0   0   0   0   6  17   0   0   0   2   0  40   2   0  1.25 0.26
  105 T     0   2  -1  -2  -2   1  -1  -2  -1   0   0   2   2  -1  -2   1   2  -2   1  -1    7  12   0   0   0   5   0   0   0   5   5  19  11   2   1   8  20   0   5   2  0.16 0.10
  106 H    -2   5   1  -2  -4   1  -1  -2   6  -4  -4   3  -3  -4  -3  -1  -2  -4  -1  -4    0  36   8   0   0   3   1   2  27   0   0  21   0   0   0   2   0   0   0   0  0.77 0.21
  107 N     0   0   4  -1   0   0  -1  -2  -2  -4  -4   0  -3  -4  -2   5   0  -4  -3  -3    2   4  21   0   2   4   0   0   0   0   0   4   0   0   0  61   1   0   0   0  0.71 0.25
  108 Y    -1  -1  -2  -3  -3  -2  -2   0   3   1   0   0   0   2   1  -2  -1   1   3   1    2   1   0   0   0   0   0   7  10  10  10   6   2  10   7   0   3   2  16  14  0.16 0.09
  109 G     1   1  -1  -2  -2   0  -1   2   1   0  -1   0   1  -2   0   0   0  -3  -2   1   11   8   0   0   0   2   1  17   5   6   1   7   9   1   3   6   7   0   0  16  0.09 0.07
  110 I     1  -1  -2  -3  -2  -2  -2  -1  -1   2   1   0   0   0  -1  -1   0   1  -1   2   15   2   0   0   0   0   0   5   1  24   9   8   1   5   3   4   5   2   0  16  0.10 0.07
  111 G     1  -3  -2  -3  -3  -3  -3   6  -3  -2  -3  -3   3  -4  -3  -1  -2  -4  -4  -3   12   0   0   0   0   0   0  71   0   3   0   0  12   0   0   1   0   0   0   0  1.05 0.25
  112 A     1  -3  -3  -3   3  -2  -3  -1   1   0   1  -2   0   3  -3   0   0   0   0   1   19   0   0   0   8   0   0   3   5   2  19   0   2  17   0   4   4   1   0  14  0.17 0.10
  113 A     2  -2  -1  -2   2  -1  -2   1  -1   0  -1  -2  -1  -1   1   0   0   3   1   1   24   0   3   0   5   2   0  12   2   3   4   0   1   2   7   3   8   5   6  13  0.13 0.08
  114 A     4  -2  -2  -3   0  -2  -2   2  -3  -2  -1  -2   3  -1  -2   1   0   2  -2  -1   44   0   0   0   2   0   0  14   0   0   2   0  11   2   0  13   6   3   0   2  0.37 0.17
  115 C     2  -4  -3  -3   8  -3  -3   3  -3  -3  -3  -3  -1  -2  -3   0  -2  -4  -3  -2   18   0   0   0  40   0   0  29   0   0   0   0   2   2   0   8   0   0   0   1  0.95 0.25
  116 V     1  -3  -3  -4   0  -3  -3  -1  -4   2   3  -3   1  -1  -3  -2   0  -3  -2   3   19   0   0   0   1   0   0   3   0   9  34   0   2   0   0   0   3   0   0  28  0.35 0.14
  117 Y     1  -3  -3  -3  -1  -3  -3  -1  -2   1   1  -3  -1   4  -3  -1  -1   2   3   0   17   0   0   0   1   0   0   6   0   9  11   0   0  24   0   5   1   3  15   8  0.28 0.12
  118 F    -3  -3  -4  -4  -1  -3  -4  -3  -3   2   3  -4   3   5  -4  -3  -2  -2   0   0    0   0   0   0   2   0   0   2   0  12  31   0  12  37   0   0   0   0   0   4  0.62 0.19
  119 G     2  -3  -2  -3   0  -3  -3   6  -3  -4  -3  -3  -3  -4  -3   1  -2  -4  -4  -3   17   0   0   0   2   0   0  68   0   0   2   0   0   0   0   9   0   0   0   0  1.01 0.24
  120 I     1  -3  -3  -3   1  -3  -3   0  -3   3   1  -3   1   0  -3  -2   0  -3  -2   3   12   0   0   0   3   0   0   7   0  33   9   0   2   3   0   0   6   0   0  23  0.28 0.12
  121 A     4  -3  -3  -3  -2  -2  -2   0  -3   1   1  -2   1  -2  -2   0   0   0  -2   1   52   0   0   0   0   1   0   6   0   8  12   0   4   0   0   3   4   1   0   8  0.34 0.16
  122 A     4  -3  -2  -3  -2  -2  -3   4  -3  -3  -3  -1   0  -1  -3   0  -2  -4  -3  -2   55   0   0   0   0   0   0  34   0   0   0   3   3   3   0   2   0   0   0   0  0.72 0.23
  123 S     3  -3  -2  -1   0  -2  -2  -1  -2   1  -1  -2  -1   0  -2   1   0   1   1   1   42   0   0   3   1   0   0   3   0   8   3   0   1   5   0   9   4   3   5  14  0.23 0.13
  124 L     0  -3  -4  -4   1  -3  -3  -4  -3   2   3  -3   2   0  -3  -2  -1  -2   1   3    6   0   0   0   3   0   0   0   0   9  37   0   6   3   0   0   2   0   6  30  0.40 0.14
  125 V    -1   1  -2  -3  -3  -1  -1  -3   0   0  -1   4   0   1  -3  -2  -2   2   3   0    3   7   0   0   0   0   0   0   2   6   3  44   3   8   0   0   0   3  12  10  0.35 0.16
  126 K    -2   2  -2  -2  -5   0   0  -3  -2  -4  -4   7  -3  -4  -3  -2  -2  -4   0  -4    0   5   0   0   0   0   3   0   0   0   0  88   0   0   0   0   0   0   3   0  1.27 0.33
  127 M    -1  -1   0   0  -3   1   0  -3   1   0   1  -1   4   1  -3  -1   1  -2   1   0    4   2   6   6   0   8   5   0   5   3  11   2  25   5   0   0  10   0   5   3  0.15 0.11
  128 G     1  -3  -1   0   0  -2  -2   3  -2  -3  -2  -2  -3   0  -3   4  -1   2  -2  -3    9   0   0   4   2   0   0  30   0   0   2   0   0   5   0  45   0   4   0   0  0.51 0.19
  129 R    -1   1  -2  -2  -2   1   0  -3  -2   2   1   2   2  -2  -3  -1  -1  -3  -2   1    0   7   0   0   0   9   5   0   0  21  13  20   7   0   0   2   2   0   0  14  0.19 0.10
  130 L    -2  -2  -2   2  -3  -1   2  -3   2   1   2  -2   2  -2  -1  -2  -2  -3  -2   0    0   0   0  18   0   1  22   0   7  11  26   0   9   0   2   0   0   0   0   5  0.27 0.13
  131 E    -2   0   3   1  -5   2   5  -1   2  -4  -4   0  -3  -4  -3  -1  -2  -4  -3  -4    0   4  20   5   0  11  49   3   4   0   0   4   0   0   0   0   0   0   0   0  0.72 0.21
  132 G    -1  -3   3   1  -4  -3  -3   6  -3  -5  -5  -2  -4  -5  -3  -1  -3  -4  -4  -5    0   0  19   7   0   0   0  74   0   0   0   0   0   0   0   0   0   0   0   0  1.22 0.25
  133 W    -4  -5  -5  -6  -4  -4  -5  -5  -4   0  -3  -5  -3   2  -6  -5  -4  11   3  -2    0   0   0   0   0   0   0   0   0   8   0   0   0   8   0   0   0  74   7   3  2.66 0.40
  134 E     0   1   1   0  -1   1   4  -1  -1  -1  -3   1  -2  -3  -2  -1  -1  -3  -1   0    5   7   6   3   1   3  46   5   0   5   0   8   0   0   0   1   0   0   2   8  0.36 0.13
  135 V    -2  -3  -2  -4  -3  -3  -3  -4  -3   2   1  -2   2   5  -1  -3  -1   2   1   1    0   0   3   0   0   0   0   0   0  12  14   2   7  45   3   0   5   3   0   7  0.49 0.14
  136 F    -2  -4  -4  -5  -3  -4  -4  -3   1  -1   0  -4  -1   7  -5  -3  -3   0   4   0    2   0   0   0   0   0   0   1   3   1   4   0   0  71   0   0   0   0  10   7  1.09 0.24
  137 A     1  -2   0  -2  -2  -1  -1  -1  -2  -2  -3  -1  -2  -3   6   1   1  -4  -3  -1   16   2   6   0   0   0   4   3   0   3   0   0   0   0  46   8   9   0   0   2  0.79 0.12
  138 K    -1   2   1   1  -3   1   3  -1  -1  -3  -3   2  -2  -2  -1   0   0  -3   0  -2    2  13   9   7   0   4  25   3   0   0   0  19   0   0   2   0   9   0   6   0  0.30 0.07
  139 P    -1  -3  -3  -3  -3  -2  -2  -3  -3  -1  -3   0  -3  -4   8  -2  -2  -5  -4   0    4   0   0   0   0   0   0   0   0   3   0   5   0   0  79   0   0   0   0   9  1.69 0.19
  140 K    -2   3  -1   1  -4   1   1  -2  -1  -4  -3   5  -2  -4   0  -1  -2  -4  -3  -3    0  16   0   8   0   0   5   0   0   0   0  68   0   0   3   0   0   0   0   0  0.68 0.13
  141 V    -1  -3  -3  -4  -1  -2  -3  -4  -3   3   2  -3   2  -1  -3  -2  -1  -3  -2   4    0   0   0   0   0   0   0   0   0   8  19   0   9   0   0   0   0   0   0  63  0.41 0.06

                      K         Lambda
Standard Ungapped    0.1371     0.3220
Standard Gapped      0.0410     0.2670
PSI Ungapped         0.1371     0.3220
PSI Gapped           0.0410     0.2670
