
Last position-specific scoring matrix computed, weighted observed percentages rounded down, information per position, and relative weight of gapless real matches to pseudocounts
            A   R   N   D   C   Q   E   G   H   I   L   K   M   F   P   S   T   W   Y   V   A   R   N   D   C   Q   E   G   H   I   L   K   M   F   P   S   T   W   Y   V
    1 R    -6   8  -6  -7  -9   2  -5  -7  -6  -8  -8   5  -7  -8  -7  -6  -6  -8  -7  -8    0  65   0   0   0   8   0   0   0   0   0  27   0   0   0   0   0   0   0   0  2.32 0.83
    2 K    -4   4  -3  -4  -8   0  -1  -5  -4  -6  -6   7  -5  -6  -2  -2  -2  -8  -5  -6    1  22   1   1   0   4   3   1   0   0   0  58   0   0   2   3   2   0   0   0  1.60 0.69
    3 R    -5   8  -3  -6  -9  -2  -5  -6  -3  -7  -7   1  -5  -6  -4  -1  -4  -9  -3  -7    1  78   1   0   0   1   0   0   1   0   0   7   0   0   1   4   1   0   1   0  2.30 0.89
    4 N    -2   4   4  -2  -4   1  -3  -2   0  -4  -4   3   2  -4  -1  -1  -1  -6  -3  -4    2  22  23   2   0   6   1   4   2   1   2  15   5   1   3   5   4   0   1   1  0.64 0.36
    5 R    -5   8  -3  -6  -9  -2  -5  -3  -4  -7  -6   2  -7  -8  -5  -5  -3  -8  -4  -7    1  77   1   0   0   1   0   2   0   0   1  11   0   0   1   1   2   0   1   0  2.31 0.87
    6 I     1  -1  -4  -5  -3  -1  -4  -3  -4   3   0  -1   1  -3   1  -1   1  -6  -4   4   10   3   1   0   0   3   0   2   0  16   9   4   4   0   7   4  10   0   0  26  0.40 0.25
    7 P     1   0  -2  -4  -4   1  -2  -3   0  -1  -3  -2  -3  -3   6   1   1  -1  -5  -1   10   5   2   1   0   6   2   2   2   4   2   3   1   1  35  12   7   1   0   4  0.69 0.37
    8 L    -2   1  -3  -4  -4  -1  -4  -3  -2   1   3  -1   0   1  -4  -2   2  -2   0   1    3   7   1   0   0   3   0   2   1   9  34   5   2   5   1   3  12   0   3   9  0.35 0.23
    9 S     5  -5  -3  -5  -3  -4  -5  -1  -6  -7  -6  -5  -6  -7  -4   5  -1  -8  -5  -3   41   0   1   0   0   0   0   5   0   0   0   0   0   0   0  45   4   0   0   2  1.39 0.64
   10 C    -7 -10 -10 -10  12 -10 -11  -9 -10  -8  -8 -10  -8  -9 -10  -3  -8  -9  -9  -8    0   0   0   0  98   0   0   0   0   0   0   0   0   0   0   2   0   0   0   0  4.79 1.35
   11 T     0  -2   1   2  -2   0   1  -1  -1   0   0  -2  -1  -2  -3   1   2  -1   0   0    7   2   6  13   0   4   9   4   1   6   9   1   1   1   0  12  14   1   3   6  0.14 0.14
   12 I     0   0   0  -2  -2   1   2  -3  -1  -1  -2  -2  -1  -1   2   0   1  -3  -1   1    8   6   4   1   1   7  17   1   1   4   3   1   1   3  10   7  10   0   2  13  0.20 0.18
   13 C    -7 -10  -9 -10  12 -10 -10  -9  -9  -8  -8 -10  -8  -9  -9  -7  -7  -9  -1  -7    0   0   0   0  97   0   0   0   0   0   0   0   0   0   0   0   0   0   3   0  4.72 1.33
   14 R    -4   8  -4  -6  -7  -2  -4  -6   3  -5  -5   0  -3  -5  -6  -4  -4  -6  -3  -5    2  76   1   0   0   2   0   0   6   1   1   5   1   1   0   1   1   0   1   1  2.11 0.74
   15 K    -1   5  -1   0  -4   2  -1  -3   1  -3  -2   4  -2  -4  -4   0  -1  -3  -3  -3    5  30   3   4   0   8   4   1   4   2   4  21   1   1   0   6   4   0   1   2  0.59 0.31
   16 R    -3   7  -3  -4  -4  -2  -4  -4  -2  -6  -3   3  -3  -6  -6   0  -4  -6  -5  -5    2  66   1   1   0   1   1   1   1   0   3  13   1   0   0   7   1   0   0   1  1.72 0.64
   17 K    -4   2  -5  -5  -7  -2  -4  -6   1  -6  -6   8  -6  -7  -5  -5  -5  -7  -6  -6    1   8   0   0   0   1   0   0   3   0   1  82   0   0   0   0   0   0   0   0  2.29 0.80
   18 V    -2   0  -3  -4  -2   0  -3  -4  -3   4   2  -1   1  -3  -4   0   2  -2  -3   3    2   6   1   1   0   5   1   1   0  21  16   4   3   1   0   6  11   0   0  21  0.42 0.24
   19 K    -3   5  -4  -5  -6  -2  -4  -4  -3  -4  -5   7  -3  -4  -5  -3  -3  -6  -4  -5    2  25   0   0   0   1   0   1   1   1   1  62   1   1   0   1   2   0   1   1  1.73 0.65
   20 C    -6  -7  -7  -7  12  -7  -7  -7  -7  -6  -6  -7  -6  -7  -7  -6  -6  -7  -7  -6    0   0   0   0  94   0   0   0   0   0   1   0   0   0   0   0   0   0   0   0  4.39 1.19
   21 D    -4  -5   1   8  -3  -3  -3  -3  -5  -6  -7  -5  -6  -7  -4   1  -4  -7  -6  -5    1   0   5  75   1   1   1   2   0   0   1   0   0   0   1  10   1   0   0   1  2.08 0.73
   22 K    -2   5  -2  -3  -4  -2   0   4   0  -5  -4   2  -3  -4  -4  -1  -3  -5  -4  -4    2  30   2   1   0   1   6  31   2   1   2  13   1   1   1   3   1   0   0   1  0.84 0.39
   23 L     1   0   0  -1  -2   1   1   0  -1  -1   0   0  -1  -2  -3   0   1  -4  -3   1   12   4   5   3   1   8  10   8   1   2  12   5   1   1   0   6  10   0   0  11  0.10 0.12
   24 R    -4   5  -2  -4  -4   3  -2  -3   2  -2  -2   4  -2  -2  -4  -2   0  -3  -2  -1    1  29   1   1   0  11   2   2   5   2   4  23   1   2   1   2   5   0   1   5  0.67 0.36
   25 P    -5  -2  -5  -4  -9  -7  -5  -5  -8  -8  -7  -7  -1  -9   9  -5  -5 -10  -9  -5    0   3   1   1   0   0   0   1   0   0   1   0   2   0  89   1   1   0   0   1  3.04 1.05
   26 H     1   1   0  -2  -1   0  -1  -1   1   0  -1   0  -1  -1   1   1   1  -2  -1   2   12   9   4   2   1   4   3   3   4   4   3   4   1   2   7  10   8   1   2  16  0.09 0.08
   27 C    -6  -9  -3  -9  12  -8  -9  -4  -9  -7  -7  -9  -7  -8  -8  -4  -7  -8  -8  -7    0   0   2   0  94   0   0   2   0   0   0   0   0   0   0   1   0   0   0   0  4.42 1.25
   28 Q    -1  -1   1  -1  -2   3   1   3   0  -4  -3   0  -3  -4  -4   3   0  -3  -3  -4    4   3   5   4   1  12   7  22   2   1   3   6   1   0   0  21   6   0   1   1  0.40 0.26
   29 Q     1   4   3  -3  -5   3  -3  -2   2  -4  -3  -2  -3  -3  -1   2   1  -1  -3  -4   11  21  13   1   0  13   1   2   5   0   2   1   1   1   4  13  10   1   1   1  0.48 0.31
   30 C    -7  -3  -9 -10  12  -9 -10  -9 -10  -8  -4  -9  -8  -9  -9  -7  -7  -9  -9  -7    0   2   0   0  96   0   0   0   0   0   2   0   0   0   0   0   0   0   0   0  4.61 1.31
   31 T     0   1  -1  -2  -1   1  -1  -4  -2   1  -1   0  -1  -3  -4   0   3  -3  -1   2    6  10   2   1   1   7   4   1   1  10   5   4   1   1   0   7  22   0   3  14  0.26 0.21
   32 K    -1   4   1  -1  -6   0  -1  -4  -2  -4  -4   5  -3  -4  -5  -1  -2  -6  -2  -4    4  23   6   4   0   3   4   1   1   1   1  40   1   1   0   5   2   0   1   1  0.92 0.45
   33 T     0   5   0  -3   2  -1  -3  -2   1  -3   0   0  -2  -2  -4   2   0  -3   0  -3    8  31   5   1   4   2   1   2   3   1  10   4   1   2   0  15   6   0   3   1  0.47 0.30
   34 G    -2   0   1  -1  -3  -1  -3   6  -3  -5  -5  -1  -5  -4  -4   1  -4  -3  -4  -5    3   5   7   4   1   2   1  54   1   1   1   4   0   1   1  11   1   0   1   1  1.05 0.45
   35 V    -1   0  -2  -1   1  -1  -1  -3  -2   3   1  -1   0   0  -2  -1   0  -1  -1   3    5   5   2   4   3   3   5   2   1  16  14   4   1   3   1   3   6   1   2  19  0.16 0.12
   36 A     2  -1  -1   0  -2   1   1   0  -1  -3  -3  -1  -2  -3   2   2   1  -4  -3  -2   20   4   2   4   1   6   9   8   1   1   2   4   1   1  11  14   8   0   1   3  0.26 0.19
   37 H     0   0   0   1   3   0   1  -1   6  -2  -2  -1  -1  -2  -1   1   0  -2  -1  -2    6   5   4   9   6   4   8   5  20   2   4   3   1   2   3   9   5   1   2   2  0.35 0.17
   38 L    -1  -1  -1   0   1   0   0  -2  -1   1   2  -1   0  -1  -1   0   0  -2  -2   1    5   4   2   6   3   4   7   3   1   7  24   4   2   2   3   9   5   1   1   8  0.08 0.07
   39 C    -3  -7  -7  -6  11  -6  -6  -4  -7  -6  -6  -7  -5  -5  -6  -5  -3  -4   0  -5    3   0   0   1  82   0   1   2   0   1   1   0   0   0   1   1   2   0   4   1  3.67 1.20
   40 H    -1   0   0  -1  -2   1   1  -3   4   0  -2   0  -2   2  -1   1   1  -3   1   1    3   5   4   3   1   6  10   1  10   5   3   5   1   8   3  10   8   0   5  10  0.16 0.15
   41 Y    -4  -3  -2  -2  -4  -4  -4  -4  -2  -4  -4  -4  -3   2  -3  -3  -4   3   9  -1    2   2   2   3   0   1   2   2   1   1   2   1   1   8   1   2   1   3  61   4  1.96 0.80
   42 M     0   0   0   0   2   0   0  -1   1   0  -1   0   1   0   0   0   0  -2   1   0    5   5   5   5   5   5   5   5   5   5   5   5   5   5   5   5   5   0   5   5  0.03 0.05
   43 E    -1  -1   0   1   1   2   3  -2   1  -1  -2  -1   0  -1   1   0   0   2   0  -2    5   4   4   9   3   7  17   4   3   4   3   4   3   3   6   6   5   3   3   4  0.17 0.17
   44 Q     0   1   0   1   2   2   0  -1   0  -1  -1   0   0  -1   2   0   0  -4  -1  -1    6   8   4   7   5  11   6   4   3   3   6   5   2   2  10   8   5   0   2   3  0.12 0.15
   45 T     0   0   0  -1  -1   0  -1  -1   1  -1  -2   0  -1  -2   2   1   3   0   0  -1    7   5   5   3   2   4   3   5   3   3   4   6   2   2   9  10  17   1   3   5  0.17 0.17
   46 W    -1   1   0  -1  -1   0  -1  -1   0  -1  -1  -1   0   0   1  -1   0   7   2  -1    6   7   4   4   1   4   4   5   3   3   6   5   2   4   7   5   7  12   6   5  0.26 0.18
   47 A     2   1  -1   0  -2  -1  -1   0   0  -2  -2   0  -1  -1   2   1   0   1  -1  -1   17   7   3   5   1   3   3   8   2   3   5   5   1   3   9  10   6   2   2   5  0.12 0.13
   48 E     0   1   0   1  -2   2   2  -1   0  -2  -3   1  -2  -3   1   1  -1  -1  -2  -2    6   7   5   8   1   8  15   5   2   2   3   9   1   1   7   9   5   1   1   3  0.20 0.20
   49 E    -1   2   1   1  -2   1   2   0   0  -3  -2   1  -2  -3   1   1   0  -6  -3  -2    5   9   5   8   1   6  13   6   2   2   4  10   1   1   7  10   6   0   1   4  0.19 0.19
   50 A     3   1   0  -1  -3  -1  -2   0   0  -2  -2   0  -2  -4   1   1   1  -2  -3  -1   19   7   5   4   1   3   3   8   2   3   4   5   1   1   7  12  10   1   1   5  0.20 0.20
   51 E    -1   3   1   1  -3   2   2  -2   0  -4  -4   2  -2  -3   0   1   0  -3  -3  -3    6  13   6   8   1   8  13   3   2   1   2  10   1   1   5  10   6   1   1   2  0.32 0.28
   52 K     0   3   1  -1  -3   1  -1  -3  -1  -3  -3   4  -1  -2   0   0   1  -7  -1  -3    7  15   6   4   1   6   4   3   1   2   3  22   2   2   5   8   7   0   2   2  0.42 0.32
   53 E    -1   2  -1   0  -3   2   2  -2   0  -2  -3   1   0  -2   1   1  -1  -3  -2  -1    5  11   3   6   1   9  15   3   2   2   3   7   3   2   8   9   5   1   1   5  0.21 0.21
   54 L     0   0  -1  -2  -2   0  -2   0  -1   2   2  -1   0  -1   0  -1   0  -2   0   1    9   5   2   2   1   4   3   8   1  10  18   4   2   2   5   5   5   1   3  10  0.10 0.09
   55 L     0  -1  -2  -2  -2  -1  -2  -2  -2   0   2  -1   2   1   1   0  -1   0  -1   1    9   4   2   2   1   4   2   3   1   6  22   3   4   5   8   7   4   1   2   8  0.15 0.13
   56 K     0   3  -1  -1  -3   2   0  -1  -1  -2  -1   3   0  -3   0   1  -1  -2  -2  -2    8  12   3   4   1   8   6   4   2   2   7  16   2   1   5  10   4   1   1   3  0.22 0.19
   57 D    -1   2   1   4  -2   1   1  -1   0  -3  -3   1  -3  -4  -1   0   0  -5  -3  -3    6   9   7  19   1   7   9   5   2   2   3   8   1   1   3   8   5   0   1   3  0.34 0.25
   58 N     0   0   4   2  -5   0   1   1   1  -4  -3   0  -3  -4  -2   1   0  -2  -2  -3    6   5  16  10   0   5   9  10   3   1   3   6   1   1   2  11   6   1   2   3  0.31 0.25
   59 E    -2   2   0   0  -7   2   4  -3   2  -3  -5   1  -3  -4  -1  -1  -2  -7   4  -3    4  10   4   5   0   7  25   3   4   2   2   7   1   1   4   5   3   0  13   2  0.58 0.42
   60 L    -2  -2  -1  -5  -3  -2  -4  -4  -3   4   3  -4   1  -1  -1  -2  -2  -3  -2   3    3   2   3   1   1   2   1   2   1  20  27   2   3   3   4   3   3   1   1  17  0.61 0.35
   61 K     1   2  -1   1  -5   2   2  -3   1  -3  -4   4  -2  -4  -3   1  -1  -4  -5  -3   10  10   3   6   0   8  14   3   3   2   2  19   1   1   1   9   4   0   1   3  0.43 0.34
   62 K     1   3   0   1  -4   2   3  -2   0  -4  -3   2  -2  -4  -4   0  -1  -3  -3  -3   10  16   4   7   0   7  15   3   2   1   3  10   1   1   1   8   4   0   1   2  0.38 0.31
   63 L    -3  -2  -5  -7  -5  -4  -5  -7  -5   1   6  -5   4  -3  -5  -5  -6  -2  -4   0    3   3   1   0   0   1   1   1   0   7  62   1   9   1   1   1   1   1   1   6  1.47 0.79
   64 R    -2   4  -2  -3  -4   3   4  -5   1  -3  -1   2  -1  -6  -5  -1  -2  -9  -5  -4    3  20   3   2   0  12  25   1   3   2   6  10   2   0   1   5   3   0   0   2  0.76 0.53
   65 E     1   1   1   3  -6   2   4  -3   0  -5  -4   0  -2  -5  -5   1  -2  -5  -9  -5   12   7   6  12   0   9  25   2   2   1   2   6   1   1   1   9   3   0   0   1  0.61 0.47
   66 R    -5   8  -4  -5 -12   0  -1  -7  -2  -6  -4   2  -1  -5  -7  -3  -4 -12  -3  -6    1  64   1   1   0   4   5   1   1   1   2   9   1   1   1   3   2   0   1   1  1.95 1.07
   67 V    -4  -5  -2  -7  -4  -4  -5  -6  -5   5   3  -4   1  -5  -4  -3  -2  -9  -5   4    2   1   2   0   0   1   1   1   0  30  24   1   3   1   1   3   3   0   1  25  1.13 0.60
   68 K     1   4   0   1  -5   2   1  -3  -1  -5  -5   3  -3  -6  -4  -1  -2  -9  -6  -4   12  20   5   8   0   8  10   3   2   1   2  18   1   1   1   6   3   0   0   2  0.60 0.44
   69 S     0   2   0   0  -5   3   3  -3   2  -3  -3  -1  -1  -5  -3   2   0  -2  -2  -3    9   9   4   5   0  12  16   3   5   1   3   4   1   1   2  14   5   1   1   2  0.37 0.33
   70 L    -4  -5  -5  -8  -5  -5  -6  -9  -6   1   6  -7   3  -4  -6  -4  -4  -2  -2   0    2   1   1   0   0   1   1   0   0   6  67   1   5   1   1   2   1   1   2   7  1.63 0.87
   71 E    -5  -2  -4  -2  -5   1   7  -7  -3  -5  -5  -2  -2  -4  -3  -3  -3  -3  -7  -7    2   3   1   3   0   5  70   1   1   1   2   3   1   1   2   2   2   0   0   1  1.94 1.12
   72 K     1   2   1   2  -5   2   2  -1  -1  -7  -6   3  -2  -7  -4   1  -1  -5  -5  -5   11  11   6  10   0   7  12   5   2   0   1  15   1   0   1  11   4   0   0   1  0.48 0.38
   73 T     1   0  -2  -1  -3   1   0  -3  -2  -1   2  -1   1  -3  -3   1   3  -4  -2  -1   11   6   2   3   1   7   5   2   1   4  16   5   3   1   2  11  14   0   1   5  0.20 0.20
   74 L    -4  -3  -3  -4  -4  -2  -5  -7  -5   3   5  -3   0  -2  -4  -4  -4  -9  -5   2    2   2   1   2   1   2   1   1   0  12  53   2   2   2   1   2   1   0   1  12  1.17 0.64
   75 S     2   1   0   0  -5   2   1  -2   0  -5  -4   0  -2  -5  -3   4   0  -8  -6  -3   16   8   5   6   0   8   8   3   2   1   2   5   1   0   2  26   6   0   0   2  0.47 0.41
   76 K    -1   3  -1   0  -5   3   2  -3  -1  -2  -4   3  -2  -6  -2   1   0  -5  -5  -4    6  13   3   5   0  12  15   2   1   2   2  16   1   0   2  11   6   0   0   1  0.45 0.39
   77 V     0  -4  -3  -3  -3   0  -3  -4  -2   2   3  -4   2  -1  -4  -1   0  -6  -2   3    7   1   1   2   0   4   2   1   1  11  27   1   5   2   1   6   5   0   1  20  0.45 0.34
   78 H    -2   0   2  -1  -5   3   0  -2   7  -4  -3  -1   0  -4  -2   0  -2  -3  -1  -2    4   5   9   3   0  14   7   4  27   1   3   4   3   1   2   6   3   0   2   3  0.76 0.53
   79 S     2  -2   1  -1  -3  -1  -2  -1  -1  -5  -5  -2  -5  -6   0   5   1  -4  -4  -6   13   2   6   4   0   3   3   5   2   1   1   2   0   0   4  46   7   0   1   0  0.85 0.66
   80 S     1  -2   1  -2  -3   0  -2  -3  -1  -4  -4  -2  -5  -6   0   5   3  -8  -5  -3   10   2   6   2   1   4   2   2   1   1   2   2   0   0   4  42  15   0   0   2  0.79 0.62
   81 P    -7  -8  -8  -8  -9  -8  -7  -8  -8  -9  -9  -7  -9 -10   9  -7  -7 -10  -9  -9    0   0   0   0   0   0   0   0   0   0   0   0   0   0 100   0   0   0   0   0  3.75 1.43

                      K         Lambda
Standard Ungapped    0.1296     0.3186
Standard Gapped      0.0410     0.2670
PSI Ungapped         0.1296     0.3186
PSI Gapped           0.0410     0.2670
