
Last position-specific scoring matrix computed, weighted observed percentages rounded down, information per position, and relative weight of gapless real matches to pseudocounts
            A   R   N   D   C   Q   E   G   H   I   L   K   M   F   P   S   T   W   Y   V   A   R   N   D   C   Q   E   G   H   I   L   K   M   F   P   S   T   W   Y   V
    1 M    -6  -7  -8  -8  -7  -6  -7  -8  -7   0   0  -7  11  -2  -8  -7  -6  -7  -6  -3    0   0   0   0   0   0   0   0   0   4   5   0  89   2   0   0   0   0   0   1  3.39 1.14
    2 N    -2  -2   6   2  -4   0  -1  -1  -2  -4  -4   0  -5  -5  -3   2   1  -7  -5  -4    2   2  40   9   0   4   3   3   1   1   2   5   0   0   1  17  10   0   0   1  0.84 0.48
    3 L     0  -2  -2  -2  -2   0  -2  -3  -1   1   2   0   6  -1   0   0   0  -5  -4   0    8   2   2   2   0   4   2   1   1   7  21   6  20   2   4   6   6   0   0   5  0.33 0.27
    4 M    -3  -1  -3  -3  -3   0  -3  -5  -4   1   1  -1   9  -1  -3  -2   0  -6  -2  -1    3   3   1   1   1   4   2   1   0   8  12   4  43   3   2   3   5   0   1   3  1.13 0.61
    5 T     0  -1   1  -1  -3   0  -1  -3  -2  -1  -4   1  -1  -4   2   3   4  -6  -3  -2    6   3   7   3   0   3   4   1   1   4   1   8   2   1   8  18  23   0   1   2  0.40 0.34
    6 T     0  -1   2   2  -2   0   0  -2  -2  -2  -4   1  -3  -4   0   2   3  -7  -6  -3    8   3  11  11   1   5   6   4   1   3   1   8   0   1   5  14  17   0   0   2  0.34 0.29
    7 I    -4  -5  -8  -7   1  -8  -8  -8  -6   6   2  -6   3  -1  -3  -6  -2  -3  -3   3    2   1   0   0   3   0   0   0   0  40  18   1   6   3   2   1   2   0   1  19  1.29 0.62
    8 T     2  -4  -1  -3   0  -5  -5  -3  -4   0  -2  -2  -5  -3  -1   3   5  -2  -2  -2   14   1   3   2   2   0   1   2   0   4   5   3   0   1   3  17  36   1   1   4  0.77 0.51
    9 G     3 -10  -5  -7   0  -9  -9   6  -9  -2  -3  -9  -6  -7  -6  -4  -4  -3  -7  -2   24   0   1   0   2   0   0  60   0   3   3   0   0   0   0   1   1   1   0   4  1.72 0.86
   10 V     0 -10 -10 -11   0 -10 -10  -4 -10   4   3 -10   0  -2 -10  -7  -6  -4  -2   5    9   0   0   0   2   0   0   2   0  21  23   0   2   2   0   0   0   0   1  35  1.33 0.64
   11 V    -7 -11 -12 -12 -10 -11 -11 -12 -12   7   1 -11  -3  -5 -11 -11  -7 -11 -10   5    0   0   0   0   0   0   0   0   0  59  10   0   1   1   0   0   0   0   0  28  2.38 1.02
   12 L    -8 -13  -9 -14 -12  -5 -13 -14 -13  -2   7 -13  -2  -4 -14 -13  -8 -12  -6  -4    0   0   0   0   0   1   0   0   0   2  91   0   1   1   0   0   0   0   0   2  2.74 1.22
   13 A     7 -12  -6  -9   4 -11 -12  -6 -12  -4  -9 -11  -4 -13 -12  -1  -4 -13 -12  -4   82   0   1   0   6   0   0   1   0   1   0   0   1   0   0   5   2   0   0   2  2.52 1.22
   14 G    -5 -14 -12 -13 -14 -13 -13   8 -13 -15 -15 -13 -14 -15 -13  -6 -13 -14 -14 -14    2   0   0   0   0   0   0  98   0   0   0   0   0   0   0   1   0   0   0   0  3.43 1.53
   15 G   -11 -14 -12  -5  -3 -13 -13   8 -13 -15 -15 -13 -14 -15 -14 -12 -13 -14 -15 -15    0   0   0   1   1   0   0  98   0   0   0   0   0   0   0   0   0   0   0   0  3.49 1.56
   16 K    -1   5  -3  -5  -7   5   0  -5  -2  -8   0   5  -1  -7 -10  -5  -6  -6  -4  -9    5  23   2   1   0  20   7   1   1   0   9  27   1   0   0   1   1   0   1   0  1.19 0.73
   17 A     2 -11   0 -10 -11 -10 -10   3 -11 -12 -12 -10 -11 -12  -4   6  -6 -12 -11 -11   17   0   4   0   0   0   0  21   0   0   0   0   0   0   1  57   1   0   0   0  1.95 1.11
   18 R    -6   6  -6  -5  -7   1  -3  -9  -6  -7  -5  -1  -4 -11  -6   4   3 -11  -8  -5    1  36   0   1   0   7   2   0   0   0   2   4   1   0   1  28  15   0   0   1  1.43 0.88
   19 R   -12   9 -11 -12 -13 -10  -7 -13 -11 -13 -13  -9  -3 -13 -13 -12 -12  -3 -12 -13    0  97   0   0   0   0   1   0   0   0   0   0   1   0   0   0   0   0   0   0  3.86 1.82
   20 M    -8 -12 -13 -13 -12 -12 -13  -9 -12  -4   0 -12  11   4 -13 -12  -8  -4  -2  -6    0   0   0   0   0   0   0   0   0   1   8   0  73  14   0   0   0   0   2   1  3.61 1.69
   21 G    -5  -6   0  -3  -9  -1  -5   7  -3  -9  -6  -4  -6  -7  -5  -5  -9  -5  -9  -9    1   1   5   2   0   3   1  80   1   0   1   1   0   0   1   1   0   0   0   0  2.32 1.20
   22 G    -3   1  -2  -3  -4   2  -1   6  -1  -5  -6  -1  -4  -5  -5   1  -4  -4  -2  -4    3   8   2   2   0   7   5  46   2   1   1   4   1   1   1  11   2   0   2   2  0.98 0.57
   23 V     0   2  -1  -1   0   1  -1   1  -1   0  -1  -1   0   0   0  -1   1  -3  -2   1    8   9   3   3   2   7   5  10   1   6   6   4   2   4   4   3  10   0   2  11  0.08 0.07
   24 D    -6  -5   3   8  -5  -4  -1  -7  -2  -7  -7  -1  -6  -7   1  -5  -7 -10  -7  -8    1   1  12  64   0   1   4   1   1   1   1   4   0   0   7   1   1   0   0   0  2.07 1.13
   25 K    -5  -8 -10 -10 -12  -6  -6  -8  -5 -12 -11   9 -11 -12  -6  -7 -10  -4 -11 -11    1   0   0   0   0   1   1   0   0   0   0  94   0   0   1   1   0   0   0   0  3.43 1.71
   26 G     5  -4  -7  -5   0  -3  -5   5  -5  -7  -4  -6  -3  -4   0   0  -4  -2  -6  -6   37   1   0   1   2   2   1  33   0   0   2   1   1   1   5   8   2   1   0   1  1.20 0.78
   27 L    -3  -3  -6  -6  -4  -2  -3  -6  -4  -5   6  -5   1   4 -10  -3  -3   3  -6  -4    3   2   0   1   0   2   3   1   1   1  59   1   3  13   0   3   2   3   0   2  1.39 0.80
   28 L     1  -2  -8 -10  -3   2  -3  -8  -4   2   5  -4   2  -4  -6  -6  -5  -2  -3   2    9   3   0   0   1   7   2   0   1  10  44   1   4   1   1   1   1   1   1  11  0.99 0.61
   29 E    -2   0   0   0  -3   1   3  -6  -1  -2   0   1   1  -6   3  -1   0  -3  -5  -1    3   6   5   6   1   5  15   1   1   3  10   8   4   0  15   5   6   1   0   4  0.32 0.31
   30 L    -6  -3  -7  -7  -4  -7 -10 -11   0   3   4  -7  -2   4  -6  -8  -5   6   4   1    1   2   0   0   0   0   0   0   2  13  32   0   1  15   1   0   1   9  11   9  1.25 0.71
   31 N     0   1   3   2  -2   2   0   3   4  -8  -5   0  -6  -4  -3  -3  -4  -4  -3  -7    8   7  13  11   1   9   6  20   9   0   1   5   0   1   2   2   1   0   1   0  0.64 0.47
   32 G    -5  -5   1   1  -5  -3  -1   7  -2  -8  -9  -4 -11 -12  -6  -3  -6  -5  -7  -9    1   1   5   7   0   2   4  71   1   0   0   1   0   0   1   2   1   0   0   0  2.00 1.13
   33 K    -3   4  -3  -3  -4   3   2  -2  -1  -2  -2   5   0  -5  -7  -3  -1  -5  -5   0    3  17   1   2   0  12  11   3   2   3   4  26   2   1   0   3   4   0   0   6  0.69 0.51
   34 P    -2   0  -4  -7  -3  -3  -4  -4  -4  -4  -5  -4  -3  -5   7   0   3  -5  -1  -6    4   6   1   1   1   1   2   2   1   1   2   2   1   1  48   7  17   0   2   1  1.42 0.97
   35 L    -7  -7  -5 -10  -4   1  -6  -8  -5   1   5  -6   5   3  -8  -6  -3  -3  -4  -1    1   0   1   0   0   7   1   1   0   8  50   1  11  10   0   1   2   0   1   4  1.36 0.78
   36 W     0  -2  -9 -10  -3  -4  -7  -6  -3   6   3  -5  -2  -1  -9  -6  -4   5   1   2    7   3   0   0   1   1   1   1   1  32  25   1   1   3   0   1   1   6   5  11  1.10 0.62
   37 Q     1   0  -2   2  -2   4   4  -4  -2  -4  -1  -2  -1  -5  -5  -1  -2  -3  -2  -3   11   5   2  11   1  14  25   2   1   1   7   3   1   1   1   6   3   0   2   2  0.55 0.46
   38 H    -4   5  -2  -6  -4  -1  -3  -7   9  -2  -4  -2  -3  -3  -6  -4  -3   4   3  -5    2  24   3   1   1   3   2   1  36   2   2   3   1   1   1   2   2   5   9   1  1.67 0.95
   39 V     1  -4  -6  -9  -2  -1  -5  -6  -4   4   1  -8   0  -4  -5  -2   0  -2  -4   5   12   1   1   0   1   3   1   1   1  18  11   0   2   1   1   4   6   1   1  35  0.94 0.57
   40 A     3  -2  -6  -7   1  -2  -5  -4   0   4   2  -3  -1  -2  -6  -2  -2  -3   0   2   19   2   0   0   2   2   1   2   3  21  20   2   2   2   0   3   2   1   4  12  0.60 0.39
   41 D     1   2   1   4  -4   2   3  -2  -1  -4  -4   0  -1  -4  -6  -1  -2  -3  -3  -3   11  11   6  19   0   7  18   3   2   1   3   5   1   1   1   5   3   0   1   2  0.49 0.40
   42 A     3   5  -3  -4  -2   0  -1  -3  -2  -1   0   0  -2  -4  -4  -1   0  -4  -5   0   20  27   2   1   1   5   4   3   1   3   8   6   1   1   1   4   6   0   1   6  0.56 0.42
   43 L    -1  -4  -6  -6   1  -4  -6  -6  -4   1   6  -6   2   0  -5  -6  -3  -3  -4   1    5   1   1   1   3   1   1   1   1   8  56   1   4   4   1   1   2   0   1   8  1.19 0.68
   44 M     2   2  -2  -3  -1   2  -1  -1  -1  -1   0   1   1  -2  -4   1   0  -2  -3  -2   17  11   2   2   2   8   5   5   1   3  10   9   3   2   1   9   5   1   1   3  0.19 0.20
   45 T     1  -1  -1   0  -1   0   0   0  -2  -4  -3   0  -2  -4   5   1   1  -3  -4  -3   10   4   3   5   1   4   6   7   1   1   3   6   1   1  25   9   8   0   1   2  0.42 0.40
   46 Q    -1   0  -1   0   0   6   0  -2   1  -1  -1  -2  -3  -1  -1  -2  -2   0   0   0    5   4   3   5   2  28   7   4   3   4   7   3   1   3   4   4   3   1   3   6  0.43 0.39
   47 L    -1  -4  -4  -2   5  -3  -3  -2  -3   1   0  -4  -1   3  -3  -2   1  -1  -2   4    6   1   1   2   9   2   2   4   1   7  10   1   1  10   2   4   8   1   1  25  0.50 0.33
   48 S     1  -1  -1   3   2   1   0   1  -1  -2  -2  -2  -2  -2  -1   1   0   0   0  -2   10   3   4  13   4   5   7  11   1   2   5   3   1   2   4  12   5   1   3   3  0.15 0.18
   49 H     0   0   0   1   1   1   2  -2   3  -1  -3  -1  -1  -2   1  -1   0  -1   0   0    7   6   4   8   3   6  14   4   7   4   3   4   2   2   6   5   5   1   3   6  0.14 0.16
   50 V    -3  -2  -3  -2   0  -2  -1  -4  -7   3   1  -3   0  -2  -1  -3  -1   0  -2   5    3   3   1   2   2   2   4   2   0  15  15   2   2   2   4   3   3   1   2  29  0.55 0.37
   51 V    -1  -2  -3  -3   0  -2  -3  -3  -1   3   0  -3   0   0  -2  -2   1   1   1   4    6   2   2   2   2   2   2   2   2  13  10   2   3   5   2   3   9   2   4  24  0.35 0.26
   52 V    -1  -2  -3  -3   0  -2  -2  -4  -1   5   1  -3   0  -2  -1  -2  -2   1  -1   3    5   3   2   2   2   2   3   2   2  25  13   2   2   2   4   4   3   2   2  18  0.47 0.32
   53 N    -1   0   0   0   2   0  -1  -1   2   0  -1   0   2   0   0  -1   0   3   1  -1    5   5   5   5   5   5   5   5   5   5   5   5   5   5   5   5   5   5   5   5  0.03 0.09
   54 A     3  -2  -2  -1   3  -2  -3   0   0  -1  -3  -3   0  -2  -1   1   1   0  -2   0   24   2   2   3   6   2   2   8   2   4   3   2   2   2   4  11   9   2   2   7  0.27 0.26
   55 N    -1   1   5   0   1  -1  -2   0   1  -2  -3  -1  -7  -1   0   0   0  -8   0  -2    5   7  26   6   3   3   3   8   3   3   3   4   0   3   5   6   5   0   3   3  0.41 0.34
   56 R    -1   3   0   0   1   1   0   0   1  -1  -2   0   0  -1   1  -1  -1   2   0  -2    6  17   5   5   2   5   5   7   3   3   5   6   2   3   6   4   4   2   3   3  0.13 0.15
   57 H    -2  -1   2   2   2   0   0  -1   3  -2  -3   0  -1  -1   2  -1  -1   1   1  -2    4   3   9  13   3   4   6   5   7   3   3   5   2   3   8   5   5   2   5   3  0.18 0.19
   58 Q     0  -1  -2   0  -3   4   1  -3   1   0   1  -1  -2  -3   3  -1  -2  -2  -2  -3    7   4   2   5   1  18   8   3   3   4  12   4   1   2  14   5   2   1   2   2  0.35 0.33
   59 E     1   0  -1   3  -3   1   4  -2   0  -4  -3   0  -3  -3   0   0  -2  -1  -4  -2   12   5   3  13   1   7  22   3   2   1   3   5   1   1   6   7   3   1   1   3  0.36 0.33
   60 I     1   3  -2   0  -1   0  -1  -3  -1   1   1  -1  -1   1  -1  -2  -1   1   0   0   10  15   2   5   1   4   4   3   2   8  13   4   2   6   4   3   4   2   3   6  0.13 0.12
   61 Y    -1  -2  -3  -3  -2  -3  -2  -3   0  -2  -1  -3  -2   4  -1  -3  -3   0   8  -2    5   3   2   2   1   2   3   3   2   3   6   2   1  14   4   2   2   1  38   3  1.13 0.67
   62 Q     2   2  -1   0  -2   3   1  -2   0  -2  -1   0  -2   0   0   0  -1  -1  -2  -3   16   9   3   6   1  10  10   4   2   3   6   5   1   4   5   7   3   1   1   2  0.17 0.19
   63 A     2   0  -1   1  -1   1   0  -1   0  -2  -1  -1  -1   1   1   0  -1  -1   0  -2   18   5   3   7   2   6   6   6   3   3   5   4   2   6   7   7   3   1   3   3  0.09 0.12
   64 S     0  -1   0   0  -1  -1  -2  -2  -1  -2   1  -1   0   3   1   1  -1   1   3  -3    6   4   4   5   1   3   3   3   2   2  16   4   2  12   7   9   5   2   8   2  0.20 0.18
   65 G     1  -2   1   1   1  -1  -2   5  -1  -4  -5  -2  -3  -3  -1  -1  -2  -1  -2  -3   10   2   7   6   2   3   4  37   2   1   2   3   1   2   4   5   2   1   2   3  0.60 0.42
   66 L    -1  -2  -3   0   1  -1  -2  -3   0   1   3  -3   0   0  -2  -3  -2   0   3   2    6   2   1   5   3   4   3   2   2   8  26   2   2   4   3   3   3   1   8  11  0.30 0.21
   67 K    -2   3  -1  -1  -2   1   0  -4   1  -3  -3   1  -2  -1   5  -2   0  -1  -3  -1    4  12   3   3   1   7   6   2   3   2   3   7   1   3  26   4   5   1   1   5  0.48 0.42
   68 V    -1  -1  -1  -2   2  -1  -2  -2   0   2  -1  -2   1   2  -1  -2   0   2   0   4    4   3   3   3   3   3   3   4   3  10   7   3   3   7   4   3   6   2   3  23  0.24 0.17
   69 I    -1  -2  -2  -2   1  -1  -2  -3   0   3   1  -2   0   1  -2  -2  -1   2   1   3    5   3   3   3   3   3   3   3   3  15  11   3   2   5   3   3   3   3   4  20  0.26 0.19
   70 E    -1   0  -1   3   1   0   2  -2   1  -1  -2  -2   0  -1   0   0  -1   2   0  -1    5   5   3  13   2   4  15   3   3   3   4   3   2   3   6   6   4   2   4   5  0.12 0.19
   71 D    -1   0   0   0   2   0  -1  -1   2   0  -1   0   2   0   0  -1   0   3   1  -1    5   5   5   5   5   5   5   5   5   5   5   5   5   5   5   5   5   5   5   5  0.03 0.09
   72 S     0   1  -1   2  -1   0   1  -2   0   0  -1  -1  -1  -2   0   1   0  -1  -2   0    9   6   2   9   2   5  10   4   2   5   6   4   1   2   6  10   7   1   2   6  0.06 0.11
   73 L    -2  -1  -2  -2  -1  -1  -1  -3  -1   2   2  -2   1   2   0  -2  -1   0   1   1    4   3   2   3   1   3   5   2   2  13  20   2   3   7   5   3   3   1   4  10  0.19 0.15
   74 A     2  -2  -2   0  -1  -1   1   0   0  -2  -2  -1  -2  -1   4   0  -1   0   0  -1   14   3   2   6   1   3   8   6   2   3   4   5   1   3  18   6   4   1   3   4  0.22 0.24
   75 D    -1  -1   1   4   1   0   0   2   1  -2  -3  -1   0  -1   0  -2  -2   2  -1  -2    5   4   5  19   2   4   7  15   3   3   3   4   2   3   5   4   3   2   3   3  0.24 0.24
   76 Y    -1   0  -1  -1   1   0  -2   0   4  -2  -2  -2   1   3  -1  -2  -2   3   4  -1    5   5   4   4   3   4   3   9   8   3   5   3   3  10   3   4   3   4  11   5  0.23 0.20
   77 P     1  -1  -1  -2   0   3  -2   0   0  -2  -1   1   0  -2   4  -1  -2   0  -2  -2   10   4   4   3   2  11   3   7   2   2   6   7   2   2  20   5   3   1   2   3  0.29 0.26
   78 G     0  -2   1   0   2   1   0   0   2  -2  -1   0   1   0   1   0   0  -3  -2   0    6   0   6   6   6   6   6   6   6   0   6   6   6   6   6   6   6   0   0   6  0.06 0.11
   79 P    -1  -5  -5  -5   1  -5  -3   0  -1   0  -2  -3   0  -2   7  -1  -2  -6  -5  -2    5   0   0   0   3   0   2   7   1   6   4   2   3   2  56   4   2   0   0   3  1.34 0.68
   80 L    -1  -2  -4  -1  -1  -2  -1   1  -1   0   4  -3   2  -1  -3  -3  -2  -1  -2   0    4   3   0   3   1   1   5  10   2   4  48   1   5   1   1   1   2   1   1   5  0.46 0.34
   81 A     3   0  -1  -2   0  -1  -2   3   0  -1  -2  -1  -1  -2  -2   0  -1  -4  -2   0   29   4   2   1   2   3   2  23   3   4   3   4   1   2   1   6   3   0   1   5  0.30 0.26
   82 G     0   0  -1   1   3  -1  -1   0  -2   0   0  -1  -1  -2   2   0   1  -3  -2   0    9   9   0   9   8   0   1   9   0   9   9   0   0   0   9   9   9   0   0   9  0.09 0.09
   83 M     1   0  -2  -3   1  -2  -2   0  -2   1   1  -2   2   0   0   0   0   2  -2   0   18   8   0   0   3   0   0   8   0   8  14   0   9   4   4   7   4   3   0   5  0.07 0.13
   84 L     1  -1  -2  -3   0  -1  -2  -1   2   0   3  -2   0   0  -5  -2  -1   0   1   0   11   4   2   2   2   3   3   4   5   5  33   2   2   3   0   3   3   1   4   7  0.26 0.22
   85 S     3   1   1  -2  -1  -1  -2   1   0  -3  -2  -2  -1  -2  -2   2   1   0  -2  -2   25   8   6   2   1   2   2   9   2   2   4   2   1   1   1  13  10   1   1   2  0.24 0.24
   86 V     4  -2  -5  -3   1  -3  -3   3  -2  -1   0  -3  -1  -2  -3  -1  -1   1  -2   0   34   2   0   1   2   1   1  22   1   4   8   1   2   2   1   3   4   2   2   7  0.51 0.38
   87 M    -1   0   0  -2   2   0   0  -1   2   0  -1   0   1   0   0   0   0   3   1   0    5   5   5   0   5   5   5   5   5   5   5   5   5   5   5   5   5   5   5   5  0.03 0.11
   88 Q     1   3   0   1  -1   3   2  -3   1  -3  -2   2  -1  -3  -2   0  -1  -1  -2  -3   10  12   4   7   1  10  11   2   4   1   4  11   2   1   2   7   4   1   1   2  0.25 0.25
   89 Q     2   0   0  -1  -2   2   0  -3   5  -3  -3   0  -1  -2  -3  -1  -1   4   1  -2   18   5   5   4   1   8   7   2  11   2   3   5   1   2   2   5   4   5   5   3  0.34 0.30
   90 E     3  -1  -1  -1   3   0  -1  -3   0  -1  -2  -2   0  -2   0   1   0  -1  -1   0   23   4   3   4   5   4   5   2   2   4   4   3   2   2   5  11   6   1   2   6  0.21 0.22
   91 A     2   2   0   0  -1   1   0   1   0  -4  -4   1  -2  -3   3   0   0  -7  -3  -4   15   9   5   5   1   5   7   9   2   1   2   7   1   1  12   8   5   0   1   2  0.24 0.26
   92 G    -1   0   0   0   2   0  -1  -1   2   0  -1   0   2   0   0  -1   0   3   1  -1    5   5   5   5   5   5   5   5   5   5   5   5   5   5   5   5   5   5   5   5  0.03 0.09
   93 E    -1   0   0   3  -1   0   3  -2   1  -3  -4  -1  -1  -2   2   0  -1   0  -1  -2    6   5   5  16   2   5  17   3   3   2   2   4   2   2   9   6   4   2   2   3  0.29 0.30
   94 W     0  -1  -2  -2   0  -1  -3   0   4  -2  -1  -2  -1  -1  -2  -2  -2   8   4  -2    8   4   3   3   2   3   2   7   8   3   6   3   2   3   3   4   3  19  10   4  0.65 0.47
   95 F     0  -2  -1  -3   0  -1  -3  -2   0   2   1  -3   1   3  -1  -1  -1   3   1   2    9   2   4   0   2   2   0   3   2  11  14   0   3  13   2   3   3   4   4  17  0.16 0.20
   96 L     0  -3  -3  -1   1  -1  -1  -2   0   1   2  -2   1   1   1  -1   0   2   0   1    8   0   0   3   3   3   3   3   3   7  22   0   4   6   7   4   4   3   3  11  0.09 0.16
   97 F    -1  -3  -1  -1   1  -1  -1  -2  -3   1   0  -3   1   3  -1   0   1   2   1   1    4   0   3   4   3   3   3   3   0   9   7   0   3  14   3   6  11   3   5  14  0.11 0.19
   98 C     1  -2  -3  -4   4  -1  -3  -2  -3   1   1  -2   1   1  -1   0   0   1  -1   3   14   2   0   0   9   2   0   2   0   6  11   2   3   6   2   6   6   2   2  22  0.22 0.24
   99 P     2  -3  -2  -3   3  -2  -1  -1   1  -1  -1  -2  -2  -3   4   1   1  -4  -3  -1   21   0   0   0   7   0   5   5   4   5   5   0   0   0  24   9   8   0   0   5  0.40 0.25
  100 C     1  -3  -1   0   7  -1  -1   1  -3   0  -1  -3  -2  -3  -3  -1   0   2   0   0   10   0   3   5  25   3   4  12   0   8   3   0   0   0   0   4   4   3   3   8  0.35 0.26
  101 D    -3  -3   1   7  -5   0  -1  -1  -3  -4  -1  -2  -4  -4  -3  -2  -1  -4   0  -4    0   0   4  67   0   4   0   5   0   0   8   0   0   0   0   0   4   0   4   0  1.09 0.44
  102 T     0  -2  -2  -2   3   0  -2  -2  -1  -1   1  -3   6  -1  -3  -1   2  -3  -1   0    8   2   2   2   6   4   2   2   1   2  15   0  24   2   0   4  16   0   2   4  0.35 0.28
  103 P    -3  -3  -3  -3  -1  -2  -3  -3  -2  -3  -3   0  -5  -3   8  -4  -3  -6  -2  -3    2   1   1   1   1   1   1   2   1   1   3   6   0   1  71   0   2   0   1   2  1.82 0.71
  104 Y    -1   0  -1  -2   0  -1  -2  -1  -1  -2   1  -2  -1   6   1  -1  -2   1   1  -2    5   7   3   2   2   3   2   5   2   2  12   2   1  32   7   4   2   2   5   2  0.39 0.28
  105 I     0  -4  -5  -4   1  -3  -4  -4  -5   3   3  -4   1   1  -1  -3  -1  -1  -2   2    7   0   0   1   3   1   1   1   0  15  32   0   2   7   3   1   3   1   1  17  0.44 0.32
  106 P     0   0   0   0   2   1   0   0   1   0  -1   0   1   0   1   0   0  -3  -2   0    6   6   5   6   5   5   6   6   5   6   6   6   5   5   6   6   6   0   0   6  0.03 0.07
  107 P     0   0   0   0   1   0   1  -2   1  -1  -2   0   0  -1   4   0   0   2  -1  -1    7   5   4   5   2   4   9   4   3   3   4   5   3   3  17   6   6   2   3   4  0.14 0.18
  108 D     0  -1   1   5   0  -1   3  -1   0  -3  -4  -1  -1  -1  -2  -1  -1   1  -2  -3    7   3   6  26   2   3  15   4   2   2   2   4   2   2   2   5   4   2   2   2  0.45 0.37
  109 L    -2  -4  -4  -4  -1  -3  -4  -5  -1   1   5  -4   1   1  -4  -3  -1   3   0   1    4   1   1   2   1   1   2   1   2   8  41   1   3   6   1   2   4   3   3   9  0.68 0.43
  110 A     2  -2  -4  -4  -1  -2  -3  -3  -2   3   2  -3   1   0  -3  -3  -2   0  -2   3   14   2   1   1   1   2   2   3   1  15  17   2   4   4   2   2   3   1   2  21  0.46 0.29
  111 A     2   1  -1   0  -1   2   2  -2   0  -2  -2   0  -1  -3  -2   0   0  -1  -1  -2   16   8   4   6   1  10  12   4   2   2   5   7   2   1   2   7   5   1   2   3  0.17 0.20
  112 R    -1   5  -2  -2  -2   1   0  -4   1  -3   0   1   0   0  -4  -2  -2   0   1  -3    5  28   2   3   1   6   6   2   3   2  10   9   2   4   1   3   3   1   5   2  0.50 0.38
  113 L    -3  -5  -5  -5  -2  -4  -5  -6  -9   0   6  -6   4   1  -5  -6  -4   0  -4  -1    3   1   1   1   1   1   1   1   0   6  62   1   8   5   1   1   1   1   1   4  1.44 0.81
  114 N     1   0   1   0   1   0  -1  -2   1   1   1  -1   1  -1  -3  -1   0   2   0   0   14   5   6   5   3   4   4   3   3   7  13   4   3   3   1   5   6   2   3   6  0.05 0.07
  115 H     2   1   1   0  -3   2   2  -1   4  -3  -2  -1  -1  -3  -3   0  -2  -2  -1  -3   15   6   6   6   1   9  13   5   8   1   5   4   2   1   2   8   3   1   2   2  0.25 0.26
  116 Q     2   1   0  -1  -2   3   1  -2   1  -2  -1   0   0  -2  -2   0  -1  -1  -1  -2   18   7   4   3   1  13  10   4   3   3   6   5   3   2   3   6   4   1   2   3  0.20 0.22
  117 R     2   4  -1  -1  -1   0  -1  -1   1  -1   0   1  -1  -3  -1   0  -1  -2  -2  -2   15  19   3   4   1   4   4   5   3   4   8   7   2   1   3   7   4   1   1   4  0.21 0.20
  118 K     1   1   1   1  -2   1   2   1   0  -3  -3   2  -2  -3   0   1   0  -3  -2  -3   11   6   6   7   1   7  11  10   2   2   3  10   1   1   5   8   5   0   2   2  0.17 0.20
  119 D     0  -2   1   5  -3   1   2   1  -1  -4  -4  -3  -3  -5   0  -1  -1  -4  -3  -5    7   3   7  30   1   5  11  10   2   1   2   2   1   1   5   5   4   0   1   1  0.61 0.47
  120 A     4  -2  -1  -1   0  -1  -2  -1   1  -2  -3  -1  -2  -2  -4   1   0  -2   1  -1   35   3   3   4   2   3   4   6   3   3   3   3   1   2   1   8   5   1   5   5  0.44 0.36
  121 P    -1   0   0   0   2   0  -1  -1   2   0  -1   0   2   0   0  -1   0   3   1  -1    5   5   5   5   5   5   5   5   5   5   5   5   5   5   5   5   5   5   5   5  0.03 0.09
  122 V     2  -2  -2  -1   1  -1  -2  -2   0   3   0  -2   1  -1  -1  -2  -1   2  -1   2   16   3   2   4   3   3   3   3   2  14   7   3   3   3   4   3   4   2   2  13  0.16 0.16
  123 V     3  -3  -2  -2   2  -1  -3  -3  -1   2  -1  -3   0  -1   0  -2  -1   0  -1   3   20   2   2   2   4   3   2   2   2   9   6   2   3   3   4   3   4   2   2  20  0.30 0.27
  124 W     1  -1  -3  -3   2  -2  -3  -3  -1   1   0  -3   2   1  -1  -2   0   4   2   2   13   3   1   2   4   2   2   2   1   7  10   2   5   6   4   3   6   5   8  12  0.24 0.19
  125 V    -1   0   0   0   2   0  -1  -1   2   0  -1   0   2   0   0  -1   0   3   1  -1    5   5   5   5   5   5   5   5   5   5   5   5   5   5   5   5   5   5   5   5  0.03 0.09
  126 H    -1   0   0   0   2   0  -1  -1   2   0  -1   0   2   0   0  -1   0   3   1  -1    5   5   5   5   5   5   5   5   5   5   5   5   5   5   5   5   5   5   5   5  0.03 0.09
  127 D    -1  -1   0   4   1   0   0  -2   1  -1  -3  -1   0  -1  -1   1   0   2   0  -2    6   4   5  20   3   4   6   4   3   4   3   4   2   3   3  10   5   3   3   4  0.19 0.21
  128 G     0  -1   1   0   0  -1  -1   5   0  -3  -4  -2  -1  -2  -1   0  -2   1  -2  -3    9   3   6   6   2   3   4  34   2   2   2   3   2   2   4   6   3   2   2   2  0.44 0.36
  129 E    -2  -1   0   2  -1   1   3   3   0  -3  -3   0  -1  -2  -1  -1  -1   1   0  -2    4   4   4   9   1   6  17  17   2   2   3   6   2   2   3   5   4   2   3   3  0.26 0.25
  130 R    -2   6  -2  -3  -2   2  -2   1   2  -3  -3   0  -1   0  -3  -3  -2   1   0  -3    4  35   3   2   1   8   3   9   4   2   3   6   2   4   2   3   3   2   3   2  0.69 0.49
  131 D    -1   1  -1   2  -1   0   0  -2   0   1   1  -1   0  -1   1  -1   0   4   0  -1    5   6   2  10   1   3   6   4   2   7  13   3   2   3   8   4   6   5   3   4  0.10 0.12
  132 H    -4  -4  -3  -4  -3   5   3  -5   9  -4  -4  -5  -2  -3  -4  -5  -4  -2   0  -6    2   1   1   1   1  21  16   1  38   1   2   1   1   1   2   1   1   1   4   1  1.77 1.05
  133 P    -4  -5  -4  -6  -1  -3  -4  -5   0  -5  -5  -6  -3  -4   8  -5  -3  -2   0  -6    2   1   1   1   2   1   2   1   2   1   2   1   1   1  72   2   3   1   3   1  2.24 1.39
  134 T    -1  -6  -4  -5   0  -3  -4  -5  -2  -2   4  -6   1  -1  -3  -3   3  -2  -4   3    5   1   1   1   2   1   1   1   1   2  36   1   3   3   2   2  16   1   1  19  0.82 0.54
  135 I    -1  -5  -3  -6   5  -4  -5  -5   4   3   0  -9  -1   6  -3  -3  -3  -2  -1   2    5   1   2   1   9   1   1   1   8  13  10   0   2  26   2   2   2   1   2  11  0.91 0.52
  136 A     5  -6  -6  -6   5  -4  -6   3  -3  -5  -2  -6   0  -2  -3   0  -2  -2  -4  -2   41   1   1   1   9   1   1  18   1   1   4   1   3   2   2   7   3   1   1   3  0.99 0.66
  137 L     0  -3  -6  -9  -1  -5  -6  -6  -4   3   5  -4   0   1  -3  -4  -5   0   0   2    8   2   1   0   1   1   1   1   1  12  44   1   2   5   2   2   1   1   4  12  0.91 0.54
  138 V    -3  -3  -5  -5   2  -5  -5  -7  -3   1   1  -5   1  -1  -3  -4  -4   8   7   1    3   2   1   1   4   1   1   1   1   8  11   1   3   2   2   2   2  19  27  10  1.32 0.77
  139 N    -2   3   1  -1  -2  -2   0  -3   5  -6  -6   1  -5  -5   4   1  -1  -1  -2  -4    4  16   7   4   1   2   6   3  11   1   1   8   0   1  17  11   3   1   2   2  0.59 0.47
  140 R    -1   5  -3  -2  -1  -2  -2  -3  -2  -3  -3   3  -3  -5   0  -2   2  -3  -4   2    6  24   2   3   1   2   3   3   1   2   3  16   1   1   5   4  11   0   1  12  0.57 0.44
  141 A     3   2  -1   1   0   0  -1  -1  -1  -2  -3   0  -4  -4  -3   3   0  -3  -3  -4   22   9   3   6   2   4   5   5   2   2   3   6   0   1   1  20   5   1   1   2  0.38 0.35
  142 I     0  -4  -5  -5   6  -4  -6  -5  -2   2   4  -5   2  -3  -4  -2  -2   0  -4   2    8   1   1   1  12   1   1   1   1  11  35   1   4   1   1   3   3   1   1  11  0.84 0.51
  143 E     2   3  -4  -2  -3   0   2  -4  -2   0   3   0  -2  -3  -5  -3  -3  -3  -1  -3   16  12   1   3   1   4  13   2   1   5  25   5   1   2   1   2   2   0   3   2  0.44 0.36
  144 P     1  -3  -2   3  -4  -1   1  -2  -1  -5  -4  -2  -5  -6   6  -1  -2  -4  -5  -4   10   2   3  14   0   3   8   4   1   1   2   3   0   0  36   5   3   0   0   2  0.88 0.67
  145 L     1  -1  -2   2  -3   0  -1  -3   0   0   2  -1  -1  -2  -1   1  -1  -3  -3   0   12   4   2  11   1   5   5   2   3   4  17   4   2   2   3  11   4   0   1   7  0.14 0.15
  146 L    -2  -2  -6  -7   2  -5  -5  -7  -3   3   5  -6   1   1  -6  -6  -4  -2  -5   0    4   3   1   1   4   1   1   1   1  15  49   1   3   5   1   1   2   1   1   6  1.11 0.64
  147 L     1   3  -2   0  -2   1   3  -3  -1  -2   0   0  -1  -4  -3  -2  -1  -4  -3  -2   12  13   2   5   1   5  20   3   2   3  11   6   1   1   2   3   4   0   1   3  0.31 0.29
  148 E     3   1  -1   2  -4   2   3  -3   1  -3  -3   1  -3  -4  -4  -1  -1  -2  -3  -3   19   8   4  11   0  10  16   2   3   2   3   7   1   1   1   5   4   1   1   2  0.41 0.37
  149 Y     2  -1  -3  -4   1   0  -3  -5   1  -3   1  -4   1   4  -5  -2  -3   3   6  -2   17   4   2   1   2   5   2   1   3   2  11   1   3  13   1   3   2   4  20   3  0.68 0.46
  150 L    -3  -3  -6  -6  -4  -6  -4  -6  -4   3   6  -4   0  -2  -6  -6  -3   3  -4   0    3   2   0   1   0   1   1   1   1  13  59   1   2   2   1   1   2   3   1   6  1.34 0.77
  151 Q     2   1   0   2  -4   3   3  -3   0  -4  -3   1  -2  -5  -4  -1  -2  -4  -4  -2   18   7   5  10   0  12  15   3   2   1   4   7   1   1   1   6   3   0   1   3  0.39 0.36
  152 A     3   1   1   0  -3   2   1   0  -1  -4  -3   0  -4  -5  -4   2  -1  -5  -5  -3   19   8   6   6   1   9   9   7   2   1   3   6   1   1   1  13   5   0   0   2  0.34 0.34
  153 G    -3  -3   1   1  -4  -2  -2   7  -3  -4  -6  -2  -7  -6  -3  -2  -6  -5  -7  -7    3   2   6   7   1   2   3  62   1   1   1   3   0   0   2   3   1   0   0   1  1.53 0.92
  154 E    -3   1   1   2  -5   2   4   0   0  -2  -2   1  -1  -4  -2  -3  -3  -5  -4  -2    3   7   7  12   0   9  23   8   2   3   5   8   2   1   3   2   2   0   1   3  0.42 0.37
  155 R    -5   7  -3  -5  -4  -4  -5  -4   1  -6   1   0  -4  -2  -4  -3  -3  -2   1  -6    2  57   2   1   1   1   1   2   3   1  11   5   1   2   1   2   2   1   4   1  1.58 0.95
  156 R    -2   5  -4  -5  -3  -2  -4  -4  -3  -7  -6   6  -5  -6  -5   3  -4  -3  -5  -8    4  27   1   1   1   2   2   2   1   1   1  34   0   1   1  19   1   1   1   0  1.34 0.87
  157 V    -3  -5  -6  -5  -4  -7  -6  -7  -6   4   2  -5   4  -2   0  -4  -3  -4  -5   5    3   1   0   1   1   0   1   1   0  22  18   1   7   2   5   2   2   0   0  33  1.10 0.65
  158 M    -2   3  -3   1  -3   1  -2  -1   0   0   1   0   4  -1  -4  -1  -1  -2  -2   0    4  15   1   8   1   7   3   5   2   6  12   6  10   2   1   4   3   1   2   7  0.28 0.23
  159 V     2   2  -2   1  -2   0  -1   0   0   0   0   0  -2  -3  -2   0  -1  -2  -3   0   16  11   2   9   1   5   4   8   3   5   9   5   1   1   2   7   4   1   1   6  0.13 0.14
  160 F    -2  -3  -3  -5  -1  -6  -5  -6  -3  -1   1  -5  -3   6  -3  -6  -5   9   0  -1    4   2   2   1   1   0   1   1   1   4  15   1   1  28   2   1   1  26   3   5  1.56 0.87
  161 M     0  -3  -5  -4  -2   0  -4  -5  -2   1   4  -4   3   2  -5  -3   1  -1   3   0    9   2   1   1   1   4   1   1   1   7  30   1   5   8   1   2   9   1   8   7  0.54 0.36
  162 R     1   4   0   2  -5   1   2  -4   0  -5  -2   1  -3  -4  -2   0  -2  -4  -4  -4   13  19   4  10   0   6  13   2   2   1   5   9   1   1   2   7   3   0   1   1  0.44 0.37
  163 L     0   3  -1  -1  -2   3   0  -3   1   0   1   0  -1  -2  -3   0   0   0  -2   0    7  13   3   3   1  11   7   2   3   5  13   5   2   2   2   6   5   1   2   6  0.16 0.16
  164 A     1  -2  -1  -3   2   1  -2  -3   5   1   2  -3  -1  -2  -2  -1  -1  -4   0   2   11   2   3   2   4   5   3   2  12   8  17   2   2   2   2   5   3   0   3  11  0.32 0.23
  165 G     0   1   2   1  -3   0   0   3   1  -4  -3   1  -4  -5   0   0  -2  -4  -3  -2    7   8   9   8   1   3   7  22   4   1   3   8   1   1   5   6   3   0   1   3  0.33 0.28
  166 G     3  -2  -1  -2   2  -2  -2   1   0   0  -1  -2   0  -1  -1  -1   1   0  -1   2   20   2   3   3   4   2   3   9   3   4   6   2   2   3   3   4   8   2   2  14  0.18 0.17
  167 H     1   2  -1  -1   0   2   1  -4   5  -1  -2   1  -3  -4  -4  -2  -1  -3  -1   2   10  12   3   3   2   7   9   1  11   4   4   7   1   1   1   4   5   0   3  12  0.33 0.27
  168 A     2   0  -3  -2  -3  -1   2  -3  -1   1  -1  -2  -3  -1   0  -1   1   0   2   1   18   5   2   2   1   2  11   2   2   7   7   3   1   3   4   5   7   1   7  10  0.19 0.20
  169 V     1  -3  -6  -6  -2  -4  -4  -6  -5   3   1  -5  -2  -3  -4  -5  -3  -4  -4   6   10   2   0   1   1   1   2   1   0  14  13   1   1   1   1   1   2   0   1  45  1.15 0.67
  170 D    -1   0   0   5  -2   0   2  -4  -1  -2  -2  -2  -2  -3   1  -1  -1   0  -3  -1    6   5   4  26   1   4  14   2   1   2   5   3   1   2   7   6   4   1   1   4  0.44 0.36
  171 F    -2  -4  -6  -4   2  -5  -2  -4  -4   1   0  -4   0   7  -2  -4  -3   4   1   0    4   2   1   1   4   1   3   2   1   6  10   1   2  41   3   2   2   6   4   6  1.18 0.65
  172 S     1  -2  -1   3  -2  -1   0  -1  -2  -3  -3  -2  -4  -3   3   3   0  -2  -3  -2   12   2   4  13   1   3   7   6   1   2   3   3   0   2  13  18   6   1   1   4  0.33 0.32
  173 D    -1  -2   0   6  -4  -2   3  -1  -3  -4  -4  -1  -5  -4   2  -1  -1  -5  -6  -4    6   2   4  33   1   2  16   6   1   1   2   4   0   1   8   4   4   0   0   2  0.74 0.53
  174 H     0  -1   1   2  -1   1   2  -1   3  -2  -2  -2  -2  -2   2   0  -1   0  -1  -2    6   4   7  10   2   7  12   5   7   3   5   3   1   2  10   6   4   1   2   3  0.18 0.19
  175 K     1   2  -2   1  -4   0   1  -1  -1  -2  -1   1  -2  -1   3  -1  -1   0  -2  -2   10  10   2   8   0   5  10   5   2   2   6   8   1   3  14   5   4   1   2   3  0.20 0.21
  176 D    -2   1   1   6  -4   0   2  -2  -1  -3  -2  -1  -3  -4   0  -1  -2  -3  -4  -3    5   7   5  33   0   4  12   4   1   2   4   4   1   1   5   5   3   0   1   2  0.63 0.45
  177 A     3   0  -5  -4   0  -2  -2  -4  -2  -1  -1  -4   0  -1   4   1   0   0  -3   0   24   4   1   1   2   2   3   1   1   4   5   1   2   2  20  11   6   1   1   5  0.53 0.44
  178 F    -8  -8 -12 -10  -4  -8  -9  -9  -8  -4   2 -10  -3   9  -9  -9  -6  -3  -2  -4    0   0   0   0   0   0   0   0   0   1  16   0   1  74   0   0   1   0   1   1  2.94 1.46
  179 V     1   1  -6  -4  -2  -2  -2  -5   0   1   0  -2   2   5  -6  -2   1   0   0   0   11   6   0   1   1   2   4   1   2   7  10   2   4  24   1   3   7   1   3   7  0.51 0.35
  180 N   -10  -8   9  -3 -14  -8  -9  -7  -6 -14 -14 -11 -13 -14 -13  -3  -8 -15 -13 -14    0   0  93   2   0   0   0   1   0   0   0   0   0   0   0   3   0   0   0   0  3.77 1.91
  181 V     0  -7 -11 -12   1 -11 -11  -9 -11   6   2  -9   2  -1 -11  -8  -5  -6  -5   5    7   0   0   0   3   0   0   0   0  35  16   0   4   3   0   0   1   0   1  29  1.51 0.80
  182 N   -12 -11  10  -3 -13  -8  -8  -9 -11 -14  -9 -11 -13 -13 -13 -10  -8 -14 -13  -8    0   0  96   2   0   0   0   0   0   0   0   0   0   0   0   0   0   0   0   0  3.93 1.94
  183 T    -5   1  -2  -2  -4  -5  -6 -10  -2  -6  -7  -5  -8  -7 -10   1   8 -13  -2  -8    1   6   2   3   0   1   1   0   1   1   1   1   0   0   0   9  70   0   2   0  2.15 1.27
  184 P    -3   0  -8  -7  -7  -1  -3  -9  -4  -4   0  -1  -2  -3   8  -5  -6  -3  -5  -4    3   4   0   0   0   3   2   0   1   1   8   4   1   1  65   1   1   0   1   2  1.95 1.21
  185 E     1  -4  -3   4  -5   2   6  -4  -3  -7  -8  -3  -6  -9  -6  -3  -3  -7  -7  -6   10   1   2  18   0   8  48   2   1   0   1   2   0   0   1   2   2   0   0   1  1.45 0.93
  186 E    -4  -8  -6   7  -8   0   5  -9  -7  -8  -3  -8  -6  -9 -11  -5  -6  -6  -9  -8    2   0   0  53   0   5  31   0   0   0   3   0   0   0   0   1   1   0   0   0  2.11 1.21
  187 L    -5  -5  -9  -9  -2  -7  -9 -10  -5  -1   6  -6   0   2 -11  -9  -8   0   3  -2    1   1   0   0   1   0   0   0   0   4  68   1   3   7   0   0   0   1   8   3  1.80 0.96
  188 A     5   0  -2  -1  -3   2   2  -5  -1  -2  -3   1  -3  -5  -6   0  -1  -6  -4  -2   36   4   2   4   1   7  13   1   2   2   3   7   1   1   1   7   3   0   1   4  0.62 0.47
  189 R     0   6   0  -2  -5   3   1  -5  -2  -5  -3   3  -2  -6  -7  -3  -2  -5  -3  -6    9  32   4   2   0  12   9   1   1   1   3  16   1   1   0   2   3   0   1   1  0.93 0.61
  190 W     4  -6  -7  -9  -4  -5  -6  -6  -3   0   2  -6  -1   2  -9  -6  -5   8   4  -2   28   1   0   0   0   1   1   1   1   6  20   1   2   9   0   1   1  16  10   3  1.21 0.71
  191 Q    -1   2   1  -3  -4   5   4  -5  -4  -3  -2   1  -2  -8  -7  -3  -3 -10  -5  -4    6  11   6   1   0  24  26   1   1   2   4   8   1   0   0   3   2   0   0   2  0.91 0.63
  192 E     0   2  -1   0  -6   4   5  -4  -3  -6  -6   2  -2  -8  -5  -1  -2 -10  -7  -6    7   9   3   6   0  15  31   2   1   1   1  11   1   0   1   6   3   0   0   1  0.88 0.61
  193 K    -1   5   0  -4  -5   2   1  -4  -3  -1  -1   4   0  -4  -4  -2  -2  -4  -2  -4    6  23   4   1   0   9   8   2   1   4   6  22   2   1   1   3   3   0   1   2  0.64 0.44
  194 R     0   6   0  -3  -4   1  -1  -5  -2  -1   0   3  -1  -3  -4  -2  -3  -3  -1  -2    7  34   4   2   0   6   4   1   1   3  11  14   1   1   1   2   2   0   2   2  0.66 0.46
  195 S     2   0   1  -2  -1  -1  -1  -1  -3  -4  -3  -1  -5  -2  -2   5   1  -7  -4  -4   17   5   7   2   1   2   5   4   1   1   3   4   0   2   2  36   8   0   1   1  0.57 0.45
  196 H    -2   0   2  -1  -5   2   1  -3   8  -3  -2   0  -3  -2  -2  -1  -3  -4  -1  -4    3   5   9   3   0   9  10   3  32   2   4   6   1   1   2   5   2   0   2   1  0.86 0.52
  197 H    -3   1   1   0  -4   0   1  -2   7  -3  -2   0  -3  -1  -1   0  -1  -6   1  -4    2   8   7   4   0   4  10   3  29   1   4   4   0   2   3   7   3   0   5   1  0.66 0.43
  198 H    -1   1   1  -1   0   2   2  -1   7  -4  -5   0  -3   0  -2  -1  -1  -5   2  -4    4   7   8   3   2   8  13   4  25   1   0   5   0   4   1   5   3   0   6   1  0.60 0.39
  199 H    -1   1   2  -2   0   0   2  -1   6  -5  -2   0  -1  -3  -2  -1  -1  -5   1  -4    5   8  12   2   2   2  13   4  24   0   5   4   1   1   2   4   4   0   5   0  0.50 0.34
  200 H    -3   1   2  -2  -5   2   0  -2   8  -5  -5   0  -4  -4  -5   0  -1  -4   3  -3    1   9  10   1   0   9   6   2  37   0   0   4   0   0   0   5   3   0  10   1  0.96 0.46
  201 H    -3   3   2  -3  -5   2  -2  -4   7  -5  -4   1  -3  -2  -4  -1  -3  -3   4  -4    0  16  10   0   0  12   0   0  37   0   0   6   0   0   0   3   0   0  16   0  0.96 0.35

                      K         Lambda
Standard Ungapped    0.1364     0.3213
Standard Gapped      0.0410     0.2670
PSI Ungapped         0.1364     0.3213
PSI Gapped           0.0410     0.2670
