
Last position-specific scoring matrix computed, weighted observed percentages rounded down, information per position, and relative weight of gapless real matches to pseudocounts
            A   R   N   D   C   Q   E   G   H   I   L   K   M   F   P   S   T   W   Y   V   A   R   N   D   C   Q   E   G   H   I   L   K   M   F   P   S   T   W   Y   V
    1 M    -5  -5  -6  -7  -5  -5  -6  -7  -6   1   4  -5   9  -3  -6  -5  -4  -5  -5   0    0   0   0   0   0   0   0   0   0   8  38   0  50   0   0   0   0   0   0   4  1.79 0.67
    2 A     2   1   3  -1  -4   0  -1   1  -2  -4  -4   2  -2  -5  -3   2   0  -5  -3  -3   19   6  14   2   0   4   2  12   0   1   1  14   1   0   0  19   5   0   0   0  0.38 0.27
    3 N    -1   4   4  -2  -6  -1  -3   1  -3  -6  -6   4  -4  -5  -3   1  -1  -7  -5  -5    5  20  19   2   0   2   1  10   0   0   0  26   0   0   1  10   3   0   0   1  0.75 0.51
    4 V    -1  -6  -4  -7  -4  -4  -6  -5  -7   5   3  -5   1   0  -5  -4  -2  -4  -3   4    4   0   1   0   0   1   0   1   0  25  25   1   3   3   0   1   2   0   1  31  0.95 0.53
    5 Y     0  -1  -4  -4  -5  -2  -2  -1  -2   0   1  -1   2   3  -5  -2  -2   5   5   0    8   4   1   1   0   2   3   5   1   5  11   3   6   9   0   3   3   8  21   7  0.47 0.34
    6 D    -1   1   3   5  -5   1   1  -1  -1  -6  -6   2  -6  -6  -4   0  -2  -5  -5  -5    5   6  14  27   0   7   9   5   1   0   1  14   0   0   1   6   2   0   0   0  0.66 0.45
    7 W    -6  -5 -10  -8 -10  -7  -7  -6  -9 -10  -8  -6  -9   1  -4  -6  -7  13   0  -8    1   1   0   0   0   0   0   1   0   0   0   1   0   5   1   1   0  85   3   0  4.54 1.83
    8 F    -3  -5  -5  -8  -4  -7  -7  -8  -5   4   4  -6   1   5  -6  -5  -4  -2   0   2    3   1   1   0   0   0   0   0   0  21  32   0   2  22   0   1   1   1   2  13  1.09 0.59
    9 E    -5  -1   1   7  -9  -1   3  -5   1  -7  -5   1  -6  -7  -5  -3  -5  -5  -5  -5    1   3   5  52   0   2  18   1   3   0   1   8   0   0   1   2   1   0   0   1  1.44 0.82
   10 E     0   0   0   3  -7   1   5  -3   0  -6  -5   1  -5  -5  -3   1  -2  -7  -1  -3    6   4   4  15   0   5  34   2   2   0   1   8   0   0   1   9   2   0   2   2  0.69 0.51
   11 R    -7   9  -2  -7  -3  -3  -6  -8  -1  -7  -6   0  -5  -7  -7  -4  -5 -10  -6  -9    0  82   2   0   1   1   0   0   2   0   1   5   0   0   0   2   1   0   0   0  2.62 1.28
   12 L    -3  -4  -4  -7  -5  -4  -5  -6  -3   1   5  -5   1   4  -2  -3   1  -2   1  -1    2   1   1   0   0   1   1   1   1   7  45   1   3  13   2   2  10   1   4   4  0.82 0.52
   13 E    -3   0  -1   0  -4   0   0   4   0  -5  -4  -1  -3  -5   6  -1  -4  -8  -5  -5    2   4   3   6   0   4   5  24   2   1   2   3   1   1  34   4   1   0   0   1  0.86 0.59
   14 I    -2  -5  -5  -6  -4  -7  -6  -5  -4   5   4  -3   1   1  -7  -5  -2   2  -1   2    3   1   1   0   0   0   0   1   0  30  31   2   3   5   0   1   2   2   2  13  0.94 0.53
   15 Q    -1   2   0  -1  -4   2   0  -2  -1  -1  -2   2   0  -1  -1   1   1  -2  -1   0    3  10   5   3   0   8   6   3   1   3   4  14   2   3   4  11   9   0   2   6  0.14 0.17
   16 A     2   1  -1   0  -3  -1   1   1  -2   0  -3   0   0  -3   1   1   0  -3  -3  -2   16   9   2   6   0   2   8   9   1   7   2   6   2   1   7  12   7   0   1   2  0.16 0.19
   17 I    -2  -4  -5  -6  -4  -4  -5  -5  -4   4   3  -4   3   2  -2  -4  -1   1   0   2    4   1   1   0   0   0   1   1   0  22  28   1   6   8   2   1   3   2   3  14  0.69 0.42
   18 A     1   0   2  -3  -3  -2  -2  -2  -1   1   1  -1   2   0  -3  -1  -1   4   1   1   13   5  11   1   0   2   2   2   2   6  15   4   5   4   1   3   3   5   4  11  0.18 0.19
   19 E    -2   2   3   2  -3   1   3  -1   3  -4  -5   2  -3  -3  -3  -1  -2  -2   1  -4    4  10  13  10   1   5  17   4   7   1   1  13   0   1   1   5   2   1   6   1  0.42 0.33
   20 D    -1  -1   2   3  -5  -1   1  -1   3  -2  -2   1  -1   1   0   1  -1   0  -1  -2    5   3  10  15   0   2   8   3   9   2   3   8   1   6   4  12   4   1   2   2  0.22 0.21
   21 V     0  -3  -1  -5  -4  -1  -2  -4   3   2   2  -3   3   2  -4  -1  -1  -3  -1   2    9   1   3   0   0   2   2   1   7  12  23   1   7   8   1   4   4   0   2  13  0.34 0.27
   22 T     0   0  -2  -3  -4  -2  -3  -2  -2   2   3  -1   3   2  -3  -1   1  -1  -1   0    8   5   2   1   0   2   1   4   1  10  27   3   7   7   1   4  11   1   2   5  0.23 0.22
   23 S    -1   1   1   3  -3  -1   1   0   2  -1  -2   1   0  -1  -3   1  -1  -4   1  -1    4   9   6  15   0   2   8   6   6   3   3   8   2   3   1  12   4   0   5   4  0.16 0.17
   24 K    -1   2  -2  -1  -5   0   2  -3   3  -2   0   4  -1  -2  -3  -2  -2  -2   2  -3    4   9   1   3   0   3  12   2   8   2  12  26   1   2   1   2   1   1   8   2  0.41 0.33
   25 Y    -2   0  -2  -1  -5  -1  -1  -3   0  -1  -1  -1  -2   1   5  -3  -1   0   5  -1    4   6   2   3   0   2   5   2   2   3   6   4   1   5  27   1   3   1  19   3  0.57 0.38
   26 V     1  -3  -3  -4  -1  -2  -3  -4   0   2   0  -3   0   1   0  -1   2  -4   0   4   10   1   1   0   1   1   1   1   3  11   8   1   2   6   6   3  13   0   3  29  0.36 0.29
   27 P    -3  -4  -4  -6  -7  -4  -3  -5  -1  -4  -5  -3  -3  -7   9  -3  -3  -7  -7  -5    2   1   1   0   0   1   2   1   2   1   1   2   1   0  81   2   2   0   0   1  2.46 1.08
   28 P     0   2  -1   0  -2  -1   0   0  -2  -1  -2   2   0  -3   2   1   0  -2  -2   0    6  11   3   5   1   2   6   6   1   3   3  15   2   1  10  13   5   1   1   7  0.16 0.17
   29 H    -3   0   5  -2  -5  -2  -2   1   7  -4  -4  -1  -4  -3   0  -1  -2  -1  -1  -5    2   4  32   2   0   1   2  10  25   1   2   3   0   1   6   4   2   1   1   1  0.92 0.51
   30 V     0  -1  -2  -3  -1  -2  -2  -2  -1   3   2  -1   1   1  -2  -1  -1   2   0   1    6   4   1   1   1   1   1   2   2  21  17   4   4   7   2   6   4   3   2  10  0.16 0.16
   31 N    -2   0   5  -1  -4  -1  -2   0   2  -5  -4  -1  -2  -3  -2   3   0  -5  -1  -4    2   6  34   1   0   2   2   6   5   0   1   4   1   1   1  24   6   0   2   0  0.64 0.42
   32 I    -2  -2  -3  -3  -4  -2  -3  -3  -1   2   0  -3  -1   3   0  -1   0   7   3   0    3   2   1   1   0   1   1   2   1  14   8   2   1  13   5   4   7  17  12   4  0.56 0.31
   33 F    -1  -1   0  -4  -3  -3  -3  -2   0  -1   0  -2   1   4  -2  -1   0   8   1  -2    6   4   4   1   0   0   1   3   2   2  10   2   5  19   2   5   6  24   3   2  0.66 0.34
   34 Y    -3  -2  -2  -3  -4  -2  -4  -2   1  -4  -1  -2  -3   4  -5  -3  -4   8   7  -2    2   2   2   2   0   2   0   3   2   0   6   2   0  14   0   2   0  22  35   2  1.21 0.53
   35 C    -1  -1   3  -2   4   1  -2  -1   0   0   0  -1   1   0  -3   0   0   1   2   0    4   2  17   0  10   6   0   3   2   5   8   2   4   3   0   9   6   2   9   6  0.14 0.17
   36 L    -1  -3  -1  -3   1  -2  -3   1  -2   1   1  -3   1   3  -1  -1  -1   5   3   0    4   0   4   1   3   0   1  10   0  10  11   1   4  14   4   4   4  10  10   4  0.22 0.15
   37 G     1   1   2   2   4  -1  -1   1  -1  -2  -2  -1  -2  -3  -2   0   1  -3  -2  -2   13  13  13  13  13   1   1  13   0   1   1   1   0   0   1   1  13   0   0   1  0.19 0.07
   38 G    -1  -5  -3  -5  -5  -4  -1   4  -5  -2  -4  -4  -3  -1  -4   5  -2   3  -4   0    5   0   0   0   0   0   4  32   0   3   1   0   0   3   0  39   2   4   0   6  0.86 0.56
   39 I     0  -5  -5  -2  -2  -5  -6  -5  -6   5   4  -5   3  -1  -6  -4  -1  -5  -4   1    8   0   0   3   1   0   0   1   0  29  36   0   6   2   0   1   3   0   0   9  0.81 0.45
   40 T     2  -5  -3  -5   0  -4  -4  -4   0  -2   3  -4  -2  -4  -3   2   4  -5  -4  -2   20   0   1   0   2   0   0   1   3   1  30   0   0   0   1  15  23   0   0   1  0.64 0.47
   41 L     0  -5  -4  -5  -3  -4  -5   2  -5  -1   3  -5   2   3  -4  -2   1  -3  -2   0    9   0   0   0   0   0   0  19   0   2  33   0   5  13   1   2   8   0   0   5  0.52 0.37
   42 V    -2  -5  -5  -6  -3  -5  -5  -2  -5   2   3  -5   1   5  -5  -3   2  -1   2   1    3   0   0   0   0   0   0   4   0   9  23   0   4  26   0   2  11   1   6  11  0.66 0.39
   43 C     0  -4  -5  -6   8  -5  -6  -5  -6   0   3  -5   2   1  -5   0  -1  -3  -4   1    9   1   0   0  28   0   0   1   0   4  25   0   5   5   0   7   4   0   0  10  0.90 0.48
   44 F    -4  -6  -6  -7  -4  -6  -6  -7  -5  -1   4  -6   0   7  -5  -5  -4  -3   0  -2    1   0   0   0   0   0   0   0   0   3  41   0   2  44   1   1   1   0   3   2  1.54 0.68
   45 L    -1  -5  -5  -5  -3  -4  -5  -2  -5   4   2  -4   4   0  -1  -3  -1  -5  -4   4    6   0   0   0   0   0   0   4   0  20  21   0   9   4   3   2   3   0   0  25  0.61 0.36
   46 I    -2  -5   0  -2  -3  -4  -5  -5  -4   5   2  -5   1  -1  -5  -2  -1  -3  -3   4    2   0   5   3   0   1   0   1   0  33  16   0   3   2   0   3   3   0   0  24  0.71 0.40
   47 Q    -3  -4  -4  -5  -3   8   0  -6  -5  -2   2  -4   0  -6  -1  -5  -4  -6  -6  -4    2   0   0   0   1  64   4   0   0   2  19   0   2   0   3   0   1   0   0   1  1.73 0.87
   48 F     0  -5  -5  -6  -2  -5  -5  -3  -5   5   1  -5  -1   1  -5  -3   1  -4  -3   4    7   0   0   0   1   0   0   3   0  35  11   0   1   6   0   1   8   0   0  24  0.80 0.43
   49 A     1  -1  -5  -6  -3  -5  -5  -3  -5   4   3  -5   0   0  -5  -4  -2  -3  -3   4   13   3   0   0   0   0   0   2   0  23  22   0   2   5   0   1   1   0   0  26  0.68 0.39
   50 T    -5  -6  -4  -2  -6  -5  -6  -5  -6  -6  -5  -5  -6  -7  -6   2   8  -7  -6  -5    0   0   0   3   0   0   0   1   0   0   1   0   0   0   0  15  75   0   0   0  2.08 1.00
   51 G    -5  -2  -5  -6  -7  -6  -7   8  -7  -8  -8  -6  -7  -8  -7  -4  -6  -7  -7  -8    0   3   0   0   0   0   0  92   0   0   0   0   0   0   0   1   0   0   0   0  2.61 1.07
   52 F    -2  -6  -6  -6  -2  -6  -6  -5  -6   6   2  -6   1   2  -5  -3  -1  -3  -3   3    3   0   0   0   1   0   0   1   0  38  18   0   4   7   0   2   4   0   1  20  0.96 0.49
   53 A     0  -2  -6  -6  -1  -6  -6  -5  -5   1   3  -6   1   6  -5  -4  -3   4   0   1    8   2   0   0   1   0   0   1   0   6  24   0   3  34   0   1   2   5   2  10  0.92 0.49
   54 M    -6  -5  -7  -3  -6  -4  -6  -8  -7  -3   7  -7   3  -5  -7  -6  -4  -6  -6  -4    0   1   0   2   0   1   1   0   0   1  83   0   7   0   0   0   1   0   0   1  1.91 0.88
   55 T     4  -4  -5  -3  -4  -5  -5  -2  -5  -3   0  -4   6  -4  -5   1   3   2  -5  -1   30   1   0   2   0   0   0   4   0   1   8   1  17   0   0   8  20   3   0   3  0.76 0.52
   56 F    -4  -7  -6  -7  -5  -4  -7  -7  -6  -1   1  -6   9   6  -7  -4  -2  -4  -3  -1    1   0   0   0   0   1   0   0   0   4  11   0  40  32   0   2   2   0   0   4  1.81 0.84
   57 Y    -3  -4  -1  -5  -5  -3  -5  -5   8  -4  -3  -5  -4   3  -6  -2  -4   0   7  -2    2   1   3   0   0   1   0   1  30   1   3   0   0  10   0   4   1   1  36   3  1.68 0.79
   58 Y    -7  -6  -8  -8  -8  -7  -8  -8  -1  -7  -4  -7  -7   2  -8  -7  -7  -4  10  -7    0   1   0   0   0   0   0   0   1   0   2   0   0   7   0   0   0   0  87   0  3.40 1.35
   59 K    -1   2  -1  -2   1   1  -1  -4   1   0  -3   1  -2  -4  -4   1   3  -5  -4   2    5  12   2   2   3   5   4   1   3   5   1   9   1   0   0   9  20   0   0  17  0.35 0.32
   60 P     1  -7  -4  -6  -4  -6  -6  -4  -7  -8  -7  -6  -5  -8   8  -2  -4  -8  -8  -5   12   0   1   0   0   0   0   1   0   0   1   0   0   0  77   4   1   0   0   1  2.50 1.13
   61 T    -2  -4   3   3  -4  -3  -2  -2   4  -5  -5  -4  -4  -5  -5   4   3  -6  -1  -4    3   0  12  16   0   0   2   2   9   1   1   0   0   0   0  29  19   0   2   1  0.84 0.56
   62 V     2  -4  -4  -4   0  -3  -2  -3  -4   3  -2  -3   2  -4   3  -1   1  -6  -4   3   18   0   0   1   2   1   3   2   0  15   3   1   4   1  13   4   9   0   0  23  0.50 0.36
   63 A     1  -1   1   4  -5   0   3  -1  -2  -4  -3  -2  -2  -4  -1   1   1  -6  -4  -3   11   3   6  20   0   4  20   4   1   1   2   2   1   0   3   9  10   0   1   2  0.41 0.32
   64 E    -1   1  -1  -1  -3   0   2  -1   3  -2   1  -1   1  -2  -2  -1   0   0   0  -1    4   7   3   4   0   4  17   4   7   1  16   3   5   1   2   5   7   1   4   3  0.15 0.18
   65 A     7  -6  -6  -7  -6  -6  -6  -3  -7  -6  -7  -6  -6  -7  -4  -2  -3  -7  -7  -3   90   0   0   0   0   0   0   2   0   0   0   0   0   0   1   3   1   0   0   1  2.25 1.04
   66 Y    -5  -5  -4  -8  -5  -5  -7  -8   0  -6  -2  -7  -3   8  -8  -7  -5   5   7  -5    1   1   1   0   0   0   0   0   2   0   3   0   1  47   0   0   1   7  33   1  2.17 0.92
   67 S     2  -2   2   3  -3   1   2  -1   1  -3  -3  -1  -2  -3  -3   1  -1  -1  -1  -3   19   1  11  14   0   6  12   4   3   1   2   3   1   1   1  12   4   1   3   1  0.30 0.26
   68 S    -3  -4  -2   1  -4  -4  -4  -5  -6  -4  -4  -5  -4  -4  -4   7  -2  -8  -5  -5    2   1   2   8   0   1   0   0   0   1   2   0   0   1   1  76   2   0   0   1  1.75 0.94
   69 V    -3  -4  -7  -7   0  -6  -6  -5  -7   4   0  -6   4  -3  -6  -5   0  -7  -5   6    1   1   0   0   2   0   0   1   0  23   6   0   9   1   0   1   6   0   0  48  1.27 0.65
   70 Q     0   0   0  -1  -4   4   3  -4  -1   0   0   1   0  -3  -4   0  -2  -2   0  -1    6   4   4   3   0  18  20   1   1   7   9   9   2   1   0   5   2   1   3   4  0.31 0.29
   71 Y    -2   0   0   1  -6  -2  -3  -3   7  -4  -3  -3  -2   3  -6  -3  -2  -2   6  -3    4   5   4   9   0   2   2   2  24   1   2   2   1  10   0   1   2   0  26   2  1.03 0.56
   72 I    -4  -7  -5  -7  -6  -7  -6  -7  -7   8   2  -7   2  -2  -7  -6  -4  -1  -6  -2    2   0   1   0   0   0   1   0   0  66  19   0   4   2   0   0   1   1   0   1  1.79 0.81
   73 M    -3   0   0  -2   2   2   0  -4  -2  -1  -2  -3   8  -4  -6  -1   2  -3  -2  -2    1   4   4   3   5  10   6   1   1   3   2   1  38   0   0   6  10   0   1   3  0.95 0.59
   74 N    -3   5   2   0  -6   0  -1  -3   3  -4  -4  -1  -3   1  -5  -1   2  -1   2  -5    1  32  10   6   0   4   4   2   6   1   2   3   1   7   0   4  13   1   6   0  0.63 0.43
   75 E    -2  -1   2   5  -6   1   3  -2   1  -4  -5  -1  -3  -5  -3  -1  -2  -6  -3  -1    4   3   9  33   0   6  21   3   3   1   1   2   0   0   1   3   2   0   1   5  0.70 0.44
   76 V    -1  -5  -4  -5   0  -4  -4  -3  -4   1  -1  -6   1  -2  -5  -4  -1  -6  -5   7    5   1   1   1   2   1   1   2   0   5   5   0   3   1   1   1   3   0   0  66  1.27 0.64
   77 N    -1   0   5  -1  -4  -1  -1  -3  -1  -4  -3  -1  -3  -2   4   0   0  -1  -1  -4    4   4  30   2   0   2   4   2   1   1   2   3   0   2  22   8   7   1   3   1  0.66 0.44
   78 F    -2  -4  -1  -5  -3  -4  -5   1  -2  -2   1  -4   1   6  -6  -2  -3   3   5  -3    3   1   3   1   0   1   1   9   1   1  13   1   3  33   0   4   1   4  20   1  0.91 0.48
   79 G    -2  -4  -4  -4  -5  -3  -4   7  -5  -6  -5  -5  -2  -6  -5  -3  -3  -5  -6  -6    2   1   0   0   0   1   1  86   0   0   2   0   1   0   0   1   1   0   0   0  2.01 0.78
   80 W    -1  -2  -2  -3  -5  -1  -4  -3   0  -4  -2  -2  -1  -2  -4  -2  -4  12   0  -4    5   3   2   2   0   3   1   2   2   1   5   2   2   1   1   4   1  58   2   1  2.21 0.83
   81 L    -2  -4  -5  -5  -4  -3  -4  -4  -4   1   4  -4   2   4  -1  -3  -1   0  -1   0    3   0   0   0   0   1   1   1   0   8  49   0   5  16   3   1   3   1   2   4  0.67 0.38
   82 I    -3  -5  -4  -5  -4  -4  -5  -5  -5   5   3  -4   3   1  -3  -3  -2   1  -2   2    1   0   1   0   0   0   0   0   0  36  27   0   7   5   1   1   1   2   1  14  0.80 0.41
   83 R    -5   8  -1  -5  -6   0  -1  -4  -1  -4  -3  -1  -5  -6  -5  -4  -5  -1  -5  -5    0  75   2   0   0   4   4   2   1   1   3   1   0   0   0   0   0   1   0   0  1.82 0.81
   84 S    -1  -2   2  -2   1   0  -2   2   0  -3  -3  -2  -1  -1   0   2  -1  -3   5  -3    5   1  10   2   3   4   2  14   2   1   2   2   1   1   4  18   3   0  23   1  0.38 0.31
   85 I    -2  -4  -4  -5  -1  -3  -4  -4  -4   4   2  -4   5   1  -4  -3   0   1  -1   3    3   0   0   0   1   1   0   1   0  21  22   0  14   4   0   1   5   2   2  17  0.55 0.34
   86 H    -5   1  -4   0  -6  -4  -4  -6  11  -6  -6  -5  -5  -5  -6  -5  -5  -6  -3  -6    1   6   0   5   0   0   0   1  77   0   1   0   0   0   0   1   0   0   0   1  2.87 1.07
   87 R     1   3  -1  -1  -1  -1  -2  -1   5  -2  -2  -1   1  -1  -4   0  -2   0   1  -1   15  19   2   3   1   2   1   5  16   2   3   3   5   2   0   7   2   1   5   3  0.32 0.31
   88 W    -3  -2   4  -3  -1  -4  -5  -2  -1  -2  -2  -5  -1   0  -5  -3   0  10   1   0    2   2  19   2   1   0   0   4   1   3   4   0   2   3   0   2   7  34   5   7  1.26 0.68
   89 S     2  -4  -1  -2   1  -1  -4   5  -4  -3  -3  -4   0  -2  -1   2   0  -5  -5  -2   14   0   3   2   3   3   0  41   0   2   2   0   3   2   3  16   4   0   0   2  0.66 0.45
   90 A     6  -2  -4  -5  -1  -4  -4  -1   0  -2  -3  -1   0  -5  -2   2  -2   0  -4  -1   59   2   0   0   1   0   0   3   2   2   2   3   2   0   2  12   2   2   0   4  0.90 0.60
   91 S    -1  -2   3  -2  -1   1  -1  -3   3  -3  -3  -2  -1   0  -4   5  -1  -5   0  -2    3   1  13   2   1   7   2   1   7   1   2   1   1   4   0  41   3   0   3   3  0.56 0.48
   92 M     1  -3  -4  -4  -1  -3  -3  -2  -3   1   2  -3   5   3  -4  -2  -1   0   0   1   16   0   0   0   1   0   0   3   0   5  23   0  21  13   0   1   2   1   2   8  0.40 0.31
   93 M    -3  -4  -5  -5  -1  -4  -4  -5  -4   0   0  -4   8   6  -5  -2  -2   1   0   0    2   0   0   0   1   0   0   0   0   3   6   0  38  35   0   2   2   2   1   4  1.19 0.59
   94 V    -2  -4  -3  -4   0  -4  -4  -4  -3   3   0  -4   0   5  -2  -3  -2  -2   0   4    2   0   2   0   2   0   1   1   0  15   6   0   2  30   2   1   2   0   1  29  0.60 0.36
   95 L     0  -3  -4  -4  -1  -3  -3  -2  -3   4   2  -3   1   1  -2  -2  -1   0  -1   3   10   0   0   0   1   0   0   2   0  29  17   0   3   5   2   2   2   1   1  19  0.33 0.25
   96 M     1  -3  -2  -3   4  -2  -3  -2  -3   1   1  -3   3   1  -3  -1   0  -1  -1   2   14   0   1   1  10   1   0   2   0   8  12   0  12   6   0   4   6   1   1  15  0.20 0.21
   97 M    -1  -1  -3  -4   1  -3  -3  -2  -3   2   1  -3   3   0  -3  -1   0  -3   0   4    5   3   0   0   3   0   0   3   0   9  15   0  10   3   0   3   4   0   3  31  0.28 0.27
   98 I    -1  -3  -2  -2   0  -3  -2  -2   0   2  -1  -3   0   3  -2  -1  -1   2   6   0    3   0   2   3   2   0   2   3   2  13   4   0   2  12   2   4   3   2  29   5  0.36 0.32
   99 L     0  -3  -2  -3   3  -2  -2   0  -2   0   0  -2   2   1   1   0   0   4   1   0    7   0   0   0   7   0   0   7   0   7   7   0   7   7   7   7   7   7   7   7  0.11 0.15
  100 H    -7  -3  -3  -7  -1  -5  -6  -7  11  -8  -8  -6   0  -7  -7  -6  -7  -7  -2  -8    0   1   1   0   1   0   0   0  88   0   0   0   2   0   0   0   0   0   1   0  3.67 1.53
  101 V    -3  -6  -6  -7  -5  -4  -6  -5  -6   5   2  -6   7  -2  -6  -4  -1  -6  -5   2    2   0   0   0   0   1   0   1   0  31  15   0  27   1   0   1   4   0   0  13  1.22 0.72
  102 F    -1  -5  -4  -3  -1  -4  -5   4  -3  -1   1  -5   2   5  -4  -1  -3  -1  -1  -1    5   0   1   1   1   1   0  27   0   3  13   0   4  26   1   4   2   1   2   5  0.62 0.47
  103 R    -4   8  -3  -5  -3   1  -4  -5  -1  -5  -6  -2  -6  -8  -5  -1  -3  -3  -2  -5    1  72   1   1   1   5   1   1   1   1   1   2   0   0   1   5   1   1   1   1  1.91 1.09
  104 V    -1  -4  -2  -5  -2  -2  -3   4  -2   2  -1  -3   0  -3  -5  -2   0  -5   1   4    4   1   2   0   1   1   1  28   1   9   4   1   2   1   0   3   6   0   6  26  0.49 0.41
  105 Y    -3  -4  -6  -6  -5  -5  -6  -5  -1   2   3  -6   3   4  -6  -4  -4   1   6  -1    2   1   0   0   0   0   0   1   1  10  23   0   6  17   0   1   1   1  27   4  1.00 0.61
  106 L    -3  -4  -2  -6  -2  -3  -3  -6  -2   0   1  -6   1   4  -4  -3  -4   0   8  -2    2   1   2   0   1   1   2   0   1   5  13   0   3  14   1   3   1   1  43   3  1.23 0.75
  107 T    -3  -2  -1  -3  -2   0  -3  -4   1  -4  -3  -2   2   1  -3   2   2   1   7  -3    1   3   3   2   1   4   2   1   3   1   2   2   4   5   1  16  12   2  32   1  0.74 0.58
  108 G    -2  -1  -1  -4  -2  -2  -3   6  -2  -4  -5   0  -3  -1  -6   2  -3  -6   1  -4    4   3   3   1   1   1   1  49   1   1   1   5   1   3   0  16   1   0   4   1  0.91 0.65
  109 G     1  -2  -2  -5   0  -5  -3  -1   1  -3  -4  -2  -1   1  -5   5  -2   0   4  -3   12   2   2   0   2   0   1   4   3   2   2   2   2   5   0  43   2   1  11   2  0.73 0.62
  110 F    -4  -3  -3  -7  -1  -2  -7  -4   0  -2  -1  -7  -1   5  -8  -4  -3   1   8  -3    2   2   2   0   2   2   0   2   2   2   6   0   2  20   0   2   2   2  49   2  1.63 0.93
  111 K    -2   2   1  -2   1   0  -2  -2   1  -1  -1   5   3  -1  -7  -2  -1  -8   0  -2    3   8   6   3   3   4   3   3   3   4   6  27   5   3   0   3   4   0   3   3  0.41 0.34
  112 K    -1   0   0  -2   1   1  -1  -1   1  -1  -1   2   1   0   0   0  -1   2   2  -2    5   5   5   3   2   5   4   5   4   3   7  14   4   5   4   7   4   3   6   3  0.07 0.11
  113 P    -2  -2  -1  -3  -4  -2  -2  -2  -1   0  -2  -1   1  -1   7  -1  -1  -1  -1  -2    3   2   3   2   0   2   3   3   1   5   5   5   4   3  45   5   4   1   2   3  0.88 0.52
  114 R    -4   6  -2  -3  -2  -2   1  -3   3  -6  -1   1  -1   0  -3  -3  -4  -5   1  -5    1  46   2   1   1   1   8   3   5   0   8   6   1   4   1   2   1   0   5   0  0.94 0.63
  115 E    -1   0  -1  -1  -3   1   5  -2   1  -2  -2   0   0  -2  -1  -1   0   0  -1  -2    5   4   3   2   1   7  36   3   4   3   4   6   2   2   3   3   5   1   2   3  0.43 0.30
  116 L    -1  -1  -2  -2  -2  -1  -1  -2  -1   1   3  -2   3   2  -2  -2  -1   2   1   0    4   3   2   2   1   2   4   4   2   7  28   3   8   9   2   3   3   2   5   6  0.21 0.16
  117 T     0  -1   1   0  -2   1  -1   0   2   0   0   0   1  -2   1   0   0  -3  -2   0    7   0   7   7   0   7   0   7   6   7   7   7   6   0   7   7   7   0   0   7  0.03 0.11
  118 W    -5  -3  -6  -6   0  -5  -6  -5  -5  -2  -4  -5  -4   0  -6  -5  -5  12   1  -3    0   2   0   0   2   0   0   0   0   3   0   0   0   4   0   0   0  81   2   3  3.46 1.01
  119 V    -1  -3  -1  -3   0  -2  -3  -1  -2   3   2  -3   2   1  -3  -1  -1   4   0   3    2   0   3   0   2   1   0   7   1  17  17   0   6   6   0   3   2   7   2  22  0.26 0.20
  120 S     0  -3  -2  -2   0  -2  -3  -1  -3   2   1  -2   1   1  -3   1   2  -3  -1   2    6   0   1   1   1   0   0   4   0  17  15   0   4   7   0  11  16   0   1  13  0.17 0.17
  121 G    -1  -4  -3  -2  -4  -4  -2   7  -4  -3  -5  -2  -4  -5  -4  -1  -2  -5  -5  -3    2   0   0   2   0   0   2  81   0   2   0   2   0   0   0   2   2   0   0   2  1.46 0.58
  122 V    -1  -3  -1  -3   2  -2  -3  -2  -3   2   0  -3   3   0  -3  -1   0   1  -1   4    3   0   4   0   5   2   0   3   0   8   7   0  13   4   0   3   5   3   2  35  0.29 0.26
  123 I     0  -2  -2  -3   0  -1  -2  -1  -3   2   2  -2   2   1  -3  -1   0  -3  -2   2    9   0   2   0   2   2   0   5   0  17  20   2   6   5   0   4   7   0   0  15  0.14 0.15
  124 L    -2  -3  -2  -4  -3  -2  -3  -3  -4   4   3  -3   2   0  -2  -2  -1  -3  -2   0    2   0   2   0   0   2   0   2   0  30  39   0   4   2   2   3   3   0   0   3  0.43 0.32
  125 A    -1  -3  -3  -4   0  -3  -3  -2   0   0   3  -3   2   4  -4  -2  -2   1   3  -1    5   0   0   0   2   0   0   2   3   3  34   0   4  21   0   2   2   2  12   3  0.39 0.29
  126 V    -1  -3  -2  -4  -1  -2  -3  -1  -3   1   3  -3   1   3  -3  -2  -1  -1  -1   2    5   0   1   0   1   1   0   4   0   8  35   1   3  13   1   2   3   1   1  17  0.32 0.26
  127 I    -1  -4  -3  -4   1  -3  -4  -3  -4   2   4  -3   2   0  -2  -2   0  -3  -2   2    6   0   1   0   3   0   0   1   0  13  44   0   6   3   2   2   5   0   0  12  0.46 0.31
  128 T     0  -3  -3  -3  -1  -3  -3  -1  -3   0   1  -3   4  -1  -3   0   4  -3  -2   2    9   0   0   0   1   0   0   3   0   5  12   0  14   2   0   6  30   0   1  12  0.36 0.33
  129 V    -2  -4  -4  -4  -1  -2  -3  -4  -4   2   3  -4   8   0  -3  -2  -2  -4  -2   1    3   0   0   1   1   1   1   1   0  11  24   0  40   4   2   2   2   0   1   7  0.88 0.51
  130 S     4  -3  -1  -3  -1  -3  -3   2  -3  -1   0  -3   0   0  -3   0  -1  -4  -2   0   37   1   3   1   1   0   0  19   0   3  12   0   3   5   0   7   2   0   1   4  0.34 0.30
  131 F    -1  -3  -2  -1  -3  -2   2  -3  -3  -1   1  -3   2   4  -2  -1   3  -1  -1  -1    4   0   1   4   0   1  15   1   0   3  15   0   5  21   1   3  25   1   1   1  0.36 0.34
  132 G     4  -3  -1   0   0  -3  -3   4  -2  -2  -3  -3  -2  -3  -3   1  -2  -4  -3  -2   40   0   2   4   2   0   1  29   1   3   1   0   1   1   0  11   1   0   1   1  0.61 0.41
  133 V    -3  -5  -5  -5  -4  -4  -3  -4  -2   0   0  -5  -2   8  -1  -4  -3   1   1   1    1   0   0   0   0   1   1   1   1   3   8   0   0  60   3   1   1   1   3  10  1.18 0.57
  134 T    -1  -2  -2  -1   1  -2  -2  -3  -3   3   0  -1   2   0   0   0   2   2  -2   1    4   1   0   4   4   0   1   1   0  22   6   4   6   4   4   8  17   3   0   8  0.12 0.13
  135 G    -2   1   1   1  -3  -2  -2   5  -3  -4  -1  -2  -3  -4  -3   0  -2  -4  -4  -3    1   8   8   8   0   0   1  54   0   1   8   1   0   0   1   8   1   0   0   1  0.71 0.27
  136 Y    -3  -3  -2  -3  -1  -1  -4  -3   0  -2  -3  -4  -1   0  -2  -2  -2   1   9  -3    2   2   2   2   1   3   0   2   2   2   2   0   1   2   2   4   2   1  65   2  1.54 0.66
  137 S    -1  -2  -3  -2   0  -2  -3  -2  -3   1   2  -3   1  -1   0   1  -1  -4  -3   4    3   2   0   2   2   2   1   2   0   6  18   0   3   2   5  14   3   0   0  32  0.27 0.24
  138 L    -2  -4  -4  -5   0  -4  -4  -3  -4   0   6  -4   1  -2  -2  -2  -2   1  -3  -1    2   0   0   0   2   0   1   2   0   2  74   0   2   0   2   3   2   2   0   2  0.94 0.47
  139 P    -2   0  -4  -4  -1  -3  -4  -3  -4  -2  -2  -2  -4  -5   7  -2  -2  -5  -5   0    2   6   0   0   2   0   0   2   0   2   5   2   0   0  63   2   2   0   0   9  1.47 0.58
  140 W    -3  -1  -3  -1  -5  -2  -5  -4  -2  -5  -3  -5  -2   0  -5  -5  -5  12   4  -5    2   4   1   4   0   2   0   1   1   0   2   0   1   3   0   1   0  62  12   0  2.51 0.82
  141 D    -1  -4   3   5  -5  -3   0   2   2  -5  -5   0  -5  -5  -4   0   0  -5  -5  -5    5   0  13  35   0   0   5  14   5   0   1   5   0   0   0   6   5   0   0   0  0.69 0.41
  142 Q    -2  -1   0  -1  -5   6   0  -2   1  -2  -2  -1   0  -1  -1  -1  -1   2  -4  -2    3   3   3   3   0  43   5   3   3   3   4   4   3   3   3   3   3   3   0   3  0.66 0.44
  143 V    -2   1  -1  -1  -4  -1  -1  -3  -1   0   3   1   4  -1  -2  -3  -1   1  -1   0    3   7   4   5   0   2   3   2   2   4  26  10  14   2   2   0   3   2   2   4  0.23 0.24
  144 G     4  -4  -3  -4  -4  -4  -4   2  -4  -4  -5  -4  -4  -5   0   4   0  -5  -5  -1   28   0   0   0   0   0   1  17   0   0   1   0   0   0   4  35   5   0   0   5  0.80 0.44
  145 Y    -1  -3  -4  -3  -4  -1  -3   0   0  -1  -2  -3  -1   5  -5  -3  -3   0   7   0    4   1   0   1   0   3   1   8   2   3   4   1   1  25   0   2   2   1  34   6  0.90 0.44
  146 W    -2  -3  -1  -3  -2  -5  -2  -1  -2  -5  -4  -5  -1   2  -6  -3   0  11  -1  -4    4   1   3   1   1   0   4   5   1   0   2   0   2   7   0   2   6  57   2   1  2.23 0.80
  147 A     5  -4  -4  -2  -4  -2  -2   3  -4  -2  -3  -2  -4  -5  -4   0  -1  -5  -4  -2   50   0   0   2   0   2   2  25   0   3   3   2   0   0   0   5   3   0   0   2  0.84 0.46
  148 V     3  -3  -3  -3  -1  -2  -3  -1  -4   0   1  -3   0  -2  -3  -1   3  -1  -2   2   27   1   0   1   1   1   0   4   0   5  13   1   2   1   0   3  22   1   1  14  0.38 0.31
  149 K    -1   2   0  -2  -2   1  -1  -1  -2  -1  -1   2  -1  -2  -3   0   3  -4  -2   1    5  10   3   2   1   8   2   4   1   2   4  12   1   2   0   5  25   0   1  11  0.24 0.23
  150 I    -2  -5  -3  -5  -4  -2  -3  -5   1   4  -1  -5   0  -1  -5  -3  -2  -5  -4   6    3   0   1   0   0   2   2   1   3  21   3   0   1   3   0   2   2   0   0  53  1.01 0.50
  151 V     1  -3  -1  -4  -2  -3  -3   4  -1   3  -1  -3   0  -2  -3  -2  -1   2  -2   2   11   1   3   0   1   0   1  29   1  21   4   0   2   1   1   2   3   3   2  12  0.41 0.29
  152 S     0  -2  -2  -1  -2  -1  -1  -3  -2   1   0  -3   0  -3  -3   1   5  -4  -1   0    8   2   1   3   1   3   5   2   1   8   8   1   3   1   1   8  38   0   3   6  0.42 0.33
  153 G    -1  -2   5   1  -5   0   2   3  -2  -4  -4  -2  -3  -5  -4   1  -1   2  -3  -4    3   2  26   6   0   3  13  23   1   1   1   2   1   0   0  10   3   3   1   0  0.57 0.38
  154 V     0  -2  -3  -4  -3  -1  -3  -3  -4   4   3  -4   4   0  -4  -3  -2   1  -1   2    8   2   2   0   0   3   1   2   0  21  25   0  12   3   0   2   2   2   2  13  0.46 0.31
  155 P     3  -4  -4  -4  -3  -4  -3  -2  -5   1   1  -4   2   3   3  -2  -1   0  -3   1   25   0   1   1   0   0   1   3   0   8  14   0   6  11  13   1   3   1   0  10  0.41 0.34
  156 E     0   0  -1   0  -4  -1   2   3  -1  -3  -1   0  -1  -4  -3   2  -1  -1  -3  -3    8   5   2   5   0   2  16  23   1   1   6   6   1   0   1  15   3   1   0   1  0.29 0.28
  157 A     4   0  -1  -3   0  -1  -1  -1  -2  -2  -2  -1  -2  -2  -3   2   0  -3   0  -1   38   5   3   1   2   2   3   4   1   1   3   3   1   2   1  16   6   0   3   4  0.40 0.36
  158 I    -1  -5  -5  -6  -4  -5  -5  -4  -4   5   1  -5   1  -1  -3  -3   1   2  -3   3    6   0   0   0   0   0   0   1   0  38  12   0   3   3   2   2   9   3   0  18  0.74 0.47
  159 P    -5  -5  -4  -4  -8  -6  -4  -2  -7  -7  -2  -5  -4  -5   9  -3  -4  -8  -8  -7    0   1   1   1   0   0   1   4   0   0   5   0   1   1  81   2   1   0   0   0  2.52 1.14
  160 V    -2  -4  -4  -3  -4  -3  -3  -1  -4   2   2  -4  -1   2  -4  -3  -2   2   2   4    3   0   1   1   0   1   1   6   0  12  22   0   1   9   1   1   1   3   8  26  0.48 0.35
  161 V    -2  -4  -5  -6  -4  -4  -5  -3  -4   6   1  -4   0   0  -5  -5  -3  -3  -3   4    3   1   0   0   0   1   1   2   0  39  12   1   1   4   1   0   1   0   1  27  0.93 0.54
  162 G    -2  -5  -3  -4  -7  -6  -5   8  -7  -8  -6  -5  -7  -8  -4  -3  -6  -7  -8  -8    3   1   1   1   0   0   1  87   0   0   1   0   0   0   1   1   0   0   0   0  2.29 1.03
  163 V    -2  -2   1   2  -5  -1   2   0   0  -2  -3   0  -2  -3   2   1   2  -3  -3  -2    3   1   5  13   0   3  13   8   3   3   3   5   1   1  12   9  12   0   1   3  0.22 0.24
  164 L     0  -2  -2   1  -4  -1  -1  -1  -1  -1   0  -2   1   2   2   0   0   5   2  -2    9   1   2   8   0   3   4   4   1   4   9   2   4   9   9   6   6   9   8   2  0.20 0.22
  165 I    -2  -5  -5  -6  -4  -2  -5  -5  -5   5   4  -5   1  -1  -5  -4  -2  -4  -3   2    3   0   1   0   0   2   1   1   0  25  43   0   3   2   0   1   2   0   1  11  0.94 0.55
  166 S     1   0  -1  -3  -3   1  -2  -2  -1  -2  -1   1  -1  -3  -2   1   0  -3  -1   4   13   6   3   1   0   7   1   3   1   1   5   8   1   0   2  10   5   0   2  28  0.24 0.29
  167 D    -2   1   0   2  -4   2   3  -2   0  -2  -1   0   0   0  -3  -1   1  -1  -1  -1    2   7   5  10   0   9  19   2   3   3   5   4   2   5   1   4   8   1   2   4  0.19 0.22
  168 L    -3  -5  -7  -5  -6  -5  -5  -6  -3   2   3  -6   1   4  -4  -5  -4   9  -1   0    3   1   0   1   0   0   1   1   1  11  29   0   3  15   1   1   1  22   2   6  1.18 0.64
  169 L    -2  -6  -5  -6  -5  -4  -6  -6  -5   4   5  -6   2   0  -5  -4  -4  -2  -5   2    3   0   1   0   0   1   0   0   0  18  52   0   5   3   1   1   1   1   0  11  1.08 0.60
  170 R    -3   5  -4  -5  -3   1  -4  -5  -4  -2   2  -3   0   2  -5  -4  -3   7  -2  -1    2  29   1   0   1   6   1   1   0   2  17   1   2   9   1   1   2  15   1   5  0.90 0.55
  171 G    -1  -5  -4  -3  -7  -5  -2   7  -6  -7  -7  -4  -4  -7  -5  -3  -5  -7  -7  -6    5   1   1   1   0   1   4  79   0   0   0   1   1   0   1   2   0   0   0   1  1.98 0.95
  172 G    -1  -6  -2   2  -7  -5  -3   6  -4  -7  -7  -5  -7  -5  -4   1  -4  -7  -4  -4    4   0   2  11   0   0   2  63   0   0   0   0   0   1   1  10   1   0   1   1  1.45 0.77
  173 S     0  -1  -1   1  -3  -1   1  -3  -2  -3  -3  -2  -3   4   2   0   1  -2   3  -1    9   3   3   7   0   2  11   2   1   1   2   2   0  19   9   7   8   0   8   4  0.28 0.28
  174 S     1  -2  -1   1  -3   0   1  -2  -2   0  -2  -2  -2   1  -3   3   1  -5  -1   0   10   1   2   8   0   3  11   3   1   4   3   1   1   7   1  21   9   0   1   8  0.20 0.26
  175 V    -3  -7  -5  -6  -6  -7  -7  -5  -5   3   0  -5  -1  -3   2  -6  -4  -4   0   6    1   0   1   0   0   0   0   1   0  17   9   1   1   1   9   0   1   0   4  51  1.21 0.69
  176 G    -2  -5   0   2  -4  -5  -4   6  -5  -7  -7  -5  -6  -7  -5   2   0  -5  -6  -7    3   0   4  12   0   0   1  53   0   0   0   1   0   0   0  15   6   0   0   0  1.24 0.73
  177 Q     0  -3   3   1  -5   4   1   2   1  -3  -5  -2  -3  -5   0  -1  -1  -2  -3  -3    9   0  15   8   0  19   7  14   4   2   1   1   1   0   5   4   4   1   1   2  0.41 0.38
  178 A     3  -2   0   0  -4  -1   0  -1   1  -1  -2  -3  -2  -1   3   1  -2  -5  -3  -1   28   2   4   6   0   3   6   4   4   3   5   0   1   3  13   9   2   0   1   5  0.27 0.29
  179 T     0  -5  -4  -6  -5  -6  -5  -2  -6  -1  -4  -6  -2  -1  -3   0   7  -7  -3  -4    9   0   1   0   0   0   1   3   0   4   1   0   1   2   1   6  64   0   1   1  1.49 0.89
  180 L    -6  -7  -8  -8  -6  -7  -7  -8  -7   1   6  -7  -2  -1  -7  -5  -5  -3  -6   0    0   0   0   0   0   0   0   0   0   8  79   0   0   3   0   1   1   0   0   5  1.80 0.89
  181 T    -1  -3   3  -4  -5  -1  -3  -1   0   0   0  -3  -1  -4   0   1   4  -6  -3  -2    4   1  16   0   0   3   1   5   2   6  11   1   1   1   4  11  29   0   1   2  0.47 0.41
  182 R    -5   9  -4  -8  -9  -5  -6  -8  -3  -5  -8  -3  -5  -4  -7  -5  -6  -6  -8  -6    1  91   1   0   0   0   0   0   1   1   0   1   0   1   0   1   0   0   0   1  2.96 1.35
  183 Y    -4  -8  -8  -9  -5  -8  -8  -6  -7  -2   0  -8   1   9  -9  -3  -5   2  -2  -4    2   0   0   0   0   0   0   1   0   2   8   0   3  75   0   2   1   3   1   1  2.43 1.08
  184 Y    -8  -8  -5  -9  -8  -6  -8  -9  -2  -7  -4  -8  -4   8  -9  -8  -8  -4   8  -7    0   0   1   0   0   0   0   0   1   0   1   0   0  46   0   0   0   0  49   0  2.83 1.23
  185 S     4  -5  -3  -3  -4  -4  -5  -1  -4   0  -2  -4   1  -2  -4   3   1  -1  -4   2   30   0   1   1   0   0   0   4   0   5   4   0   3   2   0  24   9   1   1  13  0.58 0.47
  186 A    -2  -6  -6  -7  -5  -6  -7  -5  -7   3   5  -6   0   3  -7  -4  -3   3  -2  -1    4   0   0   0   0   0   0   1   0  13  55   0   2  12   0   1   1   3   1   4  1.13 0.61
  187 H    -8  -7  -5  -8  -5  -6  -7  -8  12  -9  -9  -7  -8  -6  -9  -6  -8  -9  -5  -9    0   0   0   0   0   0   0   0  96   0   0   0   0   0   0   1   0   0   0   0  4.39 1.68
  188 T    -1  -3  -4  -4   3  -4  -4  -4  -3   3  -2  -4   0  -2  -4  -3   2  -3  -3   5    5   2   1   1   6   1   1   2   1  13   2   1   2   1   1   2  12   0   1  45  0.79 0.41
  189 F     0  -6  -6  -6  -3  -5  -6  -2  -5   2   2  -5   2   6  -6  -3  -3   3   3   1    8   0   0   0   0   0   0   4   0  10  15   0   4  31   0   2   1   3   8  10  0.78 0.46
  190 V     0  -6  -6  -7  -1  -6  -6  -2  -6   4   3  -6   0   1  -6  -5  -3   0  -4   4    9   0   0   0   1   0   0   3   0  19  31   0   1   6   0   0   1   1   0  24  0.79 0.47
  191 L    -5  -7  -8  -8  -4  -7  -7  -8  -7   2   6  -7   2   0  -4  -5  -4  -4  -5   0    1   0   0   0   0   0   0   0   0  11  71   0   3   4   1   1   1   0   0   5  1.51 0.76
  192 P    -5  -8  -8  -7  -9  -7  -7  -6  -3  -6  -7  -7  -8  -3   9  -5  -5  -9  -8  -7    1   0   0   0   0   0   0   1   1   1   0   0   0   1  94   1   1   0   0   0  3.29 1.40
  193 W     1  -5  -6  -6  -2  -5  -6   0  -5   1   3  -4   0   5  -3  -4  -3   2  -2   0   14   0   0   0   1   0   0   8   0   7  32   1   2  22   2   1   1   3   1   5  0.67 0.43
  194 L     1  -6  -6  -6  -1  -5  -6  -4  -6   4   3  -5   1  -1  -4  -3  -1  -5  -4   3   12   0   0   0   1   0   0   1   0  23  31   0   3   2   1   2   4   0   0  19  0.76 0.45
  195 I     0  -5  -6  -6  -3  -4  -5  -4  -5   5   3  -5   4   0  -6  -3   2  -3  -4   1    7   0   0   0   0   1   0   1   0  28  28   0   9   3   0   1  13   0   0   8  0.76 0.46
  196 A     3  -4  -4  -5   0  -4  -4  -1  -5   2   2  -4   2   1  -4  -1   1  -3  -3   2   25   0   0   0   2   0   0   5   0  12  19   0   4   6   0   5   7   0   0  13  0.42 0.33
  197 V     3  -4  -4  -5  -1  -4  -4   3  -5   2   1  -4   1   1  -4  -2  -1  -3  -4   2   25   1   0   0   1   0   0  19   0  10  13   0   4   6   1   2   4   0   0  15  0.45 0.35
  198 F    -2  -5  -6  -7  -3  -6  -7  -5  -6   0   5  -6   2   5  -6  -5  -4  -5  -3   1    3   0   0   0   0   0   0   1   0   5  53   0   5  22   0   1   1   0   0   8  1.20 0.62
  199 M    -2  -5  -6  -6  -2  -5  -6  -6  -6   4   2  -5   6  -1  -6  -1   0  -6  -4   4    4   0   0   0   1   0   0   0   0  21  19   0  19   2   0   5   5   0   0  25  0.91 0.51
  200 L     2  -3  -4  -5  -2  -4  -4   2  -4   2   1  -4   3   2  -3  -1  -1  -2  -2   2   17   1   0   0   1   0   0  18   0  11  15   0   7   8   1   4   3   1   1  13  0.36 0.29
  201 F     0  -5  -5  -6  -3  -4  -5  -3  -4   3   3  -5   4   2  -4  -4  -2   1   0   3   10   0   0   0   0   0   0   3   0  15  27   0   9   8   0   0   2   2   3  20  0.61 0.38
  202 H    -7  -5  -5  -7  -9  -5  -6  -8  12  -9  -7  -6  -7  -7  -8  -6  -7  -8  -1  -9    0   0   0   0   0   0   0   0  95   0   0   0   0   0   0   0   0   0   2   0  4.13 1.52
  203 F    -4  -6  -6  -7  -5  -6  -7  -6  -6   3   4  -6   2   6  -7  -4  -5  -2   0   1    1   0   0   0   0   0   0   0   0  17  33   0   4  33   0   1   0   1   2   8  1.23 0.61
  204 L     0  -3  -5  -6  -5  -4  -5  -4  -2   1   2  -2   1   3   1  -4  -3   8   3   0    8   1   0   0   0   0   0   1   1   8  19   2   4  11   6   1   1  19  11   5  0.77 0.45
  205 M     2   3  -5  -6  -2  -2  -5  -5  -4   0   2  -2   5   3  -5  -3  -2  -5  -2  -2   17  15   0   0   1   1   0   0   0   5  22   2  17  14   0   1   2   0   1   2  0.63 0.45
  206 I    -4  -6  -5  -7  -4  -6  -7  -7  -7   5   4  -6   0   1  -6  -5  -3  -4  -4   4    1   0   0   0   0   0   0   0   0  26  34   0   2   6   0   0   1   0   0  29  1.13 0.58
  207 R    -5   6  -4  -6  -4   0  -4  -6   8  -2  -3   0  -4  -4  -7  -4  -5   2  -4  -3    1  46   0   0   0   4   1   0  31   3   2   4   0   1   0   1   0   3   0   2  1.71 0.84
  208 K    -3   4  -3  -3  -5   2   1  -5   1  -1  -2   5  -1  -4  -5  -3  -2  -3  -1  -1    1  19   1   1   0   9   9   0   4   4   4  34   1   1   0   1   3   0   2   6  0.65 0.45
  209 Q    -2  -2   0   2  -4   4  -2  -4   6  -3  -2  -1  -3  -3  -2  -2   3  -4  -1   0    3   2   4  14   0  20   1   1  17   1   4   3   0   1   2   2  16   0   2   8  0.57 0.44
  210 G    -4  -4  -4  -5  -6  -4  -5   8  -2  -9  -8  -3  -7  -7  -7  -4  -6  -8  -8  -8    1   1   0   1   0   1   1  92   1   0   0   2   0   0   0   1   0   0   0   0  2.46 1.03
  211 I    -3  -5  -1  -5  -4  -2  -3  -4  -1   5  -1  -5   2   0  -3   4  -2  -2  -3   1    1   0   3   0   0   2   1   1   1  36   5   0   5   3   1  30   2   1   1   7  0.72 0.50
  212 S     1  -5   5  -4  -5  -3  -4  -2  -3  -6  -6  -3  -5  -4  -3   5   1  -7  -5  -5   12   0  27   0   0   0   1   2   0   0   0   1   0   1   1  45   8   0   0   0  1.15 0.69
  213 G    -1  -2   6  -2  -5  -1   1   4  -2  -5  -3  -2  -5  -5  -1  -1  -3  -5  -4  -2    4   2  37   1   0   2  11  27   1   0   3   2   0   0   3   2   1   0   0   3  0.82 0.50
  214 P    -6  -6  -7  -7  -8  -5  -6  -6  -8  -8  -7  -5  -8  -9   9  -5  -6  -9  -8  -7    0   0   0   0   0   0   0   1   0   0   0   1   0   0  97   1   0   0   0   0  3.36 1.29
  215 L    -5  -6  -7  -7  -5  -5  -6  -7  -6   1   6  -6   3  -1  -6  -6  -4  -5  -4   0    0   0   0   0   0   0   0   0   0   7  80   0   6   1   0   0   0   0   0   6  1.52 0.64

                      K         Lambda
Standard Ungapped    0.1415     0.3286
Standard Gapped      0.0410     0.2670
PSI Ungapped         0.1415     0.3286
PSI Gapped           0.0410     0.2670
