
Last position-specific scoring matrix computed, weighted observed percentages rounded down, information per position, and relative weight of gapless real matches to pseudocounts
            A   R   N   D   C   Q   E   G   H   I   L   K   M   F   P   S   T   W   Y   V   A   R   N   D   C   Q   E   G   H   I   L   K   M   F   P   S   T   W   Y   V
    1 M     2  -3  -3  -4  -2  -2  -3  -3  -3   0   2  -3   7  -2  -3  -2  -2  -3  -2   1   22   0   0   0   0   0   0   0   0   1  12   0  55   0   0   0   0   0   0  10  0.71 0.20
    2 S     2  -1   2   1  -2   2   2  -1  -1  -3  -3  -1  -2  -4   0   2   0  -4  -3  -2   19   0  13   6   0  10  14   2   0   0   0   1   0   0   5  26   5   0   0   0  0.34 0.11
    3 T     3  -1   3   0  -2  -1   0  -1  -1  -3  -3   1  -3  -4  -2   2   1  -4  -3  -2   31   2  22   5   0   0   2   2   1   0   0   8   0   0   0  20   8   0   0   0  0.39 0.19
    4 E    -1  -2   1   5  -2   1   3  -2   0  -4  -4  -1  -3  -4  -2   2  -1  -5  -3  -4    2   0   4  34   1   4  25   1   3   0   0   2   0   0   1  23   1   0   0   0  0.66 0.27
    5 D     0  -2   1   4  -4   1   2  -2  -2  -3  -2  -1  -2  -3   3  -1   0  -4  -3  -3   11   1   7  32   0   6  16   1   0   0   4   2   0   1  14   1   7   0   0   0  0.50 0.21
    6 F    -4  -5  -5  -6  -2  -5  -5  -5  -1  -1   0  -5  -2   8  -6  -4  -3  -1   2  -1    0   0   0   0   1   0   0   0   1   2   8   0   0  81   0   0   1   0   3   2  1.69 0.50
    7 Y    -4  -3  -4  -5  -3  -3  -4  -6   2  -4  -4  -4  -3   3  -3  -2  -4   0   9  -4    0   1   0   0   1   1   0   0   3   0   0   0   0   7   1   2   0   0  84   0  2.10 0.62
    8 L    -3  -4  -5  -5  -1  -4  -5  -5  -5   2   5  -4   2   0  -5  -4  -3  -4  -3   2    0   0   0   0   1   0   0   0   0  11  67   0   4   2   0   0   0   0   0  15  0.90 0.35
    9 R    -4   7  -3  -3   1  -1  -2  -5   3  -5  -4   1  -4  -4  -4  -3  -3  -4   0  -5    0  80   0   1   3   1   1   0   6   0   0   3   0   0   0   1   0   0   4   0  1.52 0.53
   10 Y    -4  -4  -5  -6  -1  -4  -5  -6   0   0  -3  -4  -3   2  -5  -4  -4  -1   9  -2    0   0   0   0   1   0   0   0   1   6   0   1   0   4   0   1   0   0  83   3  2.07 0.64
   11 Y    -4  -4  -4  -4   1  -4  -4  -5   0  -4  -4  -3  -3   2  -5   0  -3  -1   9  -2    0   0   0   1   3   0   0   0   1   0   0   1   0   3   0   9   1   0  77   3  1.83 0.61
   12 V     1  -3   0  -3  -1  -1  -2  -2  -3   2  -1  -2   1  -3  -3   2   2  -4  -3   3    8   0   5   0   1   2   0   2   0  14   0   0   3   0   0  23  16   0   0  26  0.32 0.23
   13 G    -1  -1  -1  -3  -4  -1  -1   6  -3  -5  -3  -1  -4  -4  -4  -2  -2  -4  -4  -4    2   3   3   0   0   2   4  75   0   0   3   3   0   0   0   0   2   0   0   0  1.22 0.41
   14 H    -2   0  -1  -4  -5  -1  -3  -4  10  -5  -4  -2  -4  -1  -3  -2   0  -4  -1  -5    3   5   2   0   0   2   0   0  71   0   1   2   0   2   1   1   7   0   1   0  1.86 0.59
   15 K     0   2   0   0  -3   2   1  -2   0  -3  -2   4   0  -3  -2   1  -1  -4  -2  -2    7   9   3   5   0  11   6   1   2   1   2  34   3   1   0  10   3   0   1   3  0.35 0.21
   16 G     0   0  -1  -3  -4  -3  -1   6  -3  -5  -4  -3  -4  -2  -3  -1  -2  -4  -4  -4    7   5   3   0   0   0   5  71   0   0   1   0   0   3   0   2   2   0   0   0  1.12 0.38
   17 K    -2   4   0  -2  -4   1   0  -3   1  -3  -2   4  -1  -3  -2  -1  -2  -3   1  -3    2  25   5   0   0   6   6   1   3   1   4  37   1   0   1   3   0   0   6   1  0.56 0.28
   18 F    -2  -2  -3  -2  -4  -3  -3  -4   3   1  -1  -3  -2   6  -4   0  -3  -1   4  -1    2   2   0   2   0   0   0   0   9   9   4   0   0  43   0   8   0   0  17   2  0.80 0.34
   19 G     1   0  -2   0  -4  -3  -3   6  -3  -4  -4  -2  -4  -4  -3   0   0  -4  -4  -4    9   5   0   5   0   0   0  67   0   0   0   0   0   0   0   6   5   0   0   0  1.03 0.36
   20 H    -3   0  -1  -3  -4   0  -2  -4   9  -2  -2   0  -3   0   0  -2   1  -4   1  -3    1   4   2   0   0   3   0   0  56   3   4   5   0   3   5   0   9   0   3   0  1.12 0.42
   21 E    -3   0   1   1  -5   0   6  -3  -2  -2  -4   1  -3  -4  -3  -2  -2  -4  -2  -4    1   5   6   4   0   0  69   1   0   3   1   5   0   0   0   1   0   0   2   0  1.03 0.40
   22 F    -3  -4  -4  -5   0  -4  -4  -4  -3   1  -1  -4  -2   8  -3   0  -3   1   2  -1    1   0   0   0   2   0   0   0   0   6   5   0   0  65   2   8   0   1   4   4  1.24 0.45
   23 L    -3  -4  -4  -4  -3  -3  -1  -5  -1   1   5  -4   2   1   0  -4  -3   3  -2  -1    1   0   0   0   0   0   6   1   2   5  65   0   5   6   4   0   0   4   0   0  0.75 0.36
   24 E    -3  -1   1   0   0   1   6   0  -2  -5  -5  -1  -4  -5  -3  -1  -1  -5  -4  -4    1   2   6   4   2   4  64   6   0   0   1   2   0   0   0   3   3   0   0   1  1.03 0.46
   25 F    -4  -4  -4  -5  -4  -4  -4  -5  -3   1   0  -2  -2   8  -5   0  -3   1   1  -2    1   0   0   0   0   0   0   1   0   8   7   3   0  63   0   8   0   2   3   2  1.28 0.50
   26 E    -3  -1   0   3  -5   0   5  -3   0  -4  -4  -1  -4  -1  -3   0  -1   1  -3  -3    1   3   5  19   0   2  49   1   2   0   1   2   0   3   0   5   2   2   0   2  0.82 0.40
   27 F    -3  -4  -2  -4  -3  -3  -4  -4  -3   2   1  -4   1   6  -1  -1  -3  -2   3   1    1   0   2   1   0   0   1   1   0  11  10   1   4  41   3   5   1   0   8  10  0.69 0.32
   28 R    -1   4   1  -1   1   1  -1   0   0  -2  -1   1  -2  -1  -1   0  -1   0   1  -2    4  29   6   3   4   5   2   6   3   1   8   7   0   2   3   6   3   1   5   1  0.21 0.14
   29 P     0   0   0   0  -3   0   0  -1   1  -2  -2   0  -2  -3   3   2   0  -3  -1   1    6   6   3   4   0   3   5   5   4   1   3   3   0   0  16  21   6   0   2  11  0.22 0.17
   30 D    -1   0   1   3   1   1   0   1   1  -1  -2   0  -2  -3  -2   1   0  -3   0  -1    1   4   6  19   3   9   6  13   4   4   4   4   0   0   1  12   4   0   3   4  0.17 0.13
   31 G     1   1   1   1   3  -1  -1   1  -1  -2  -2   1   1  -3  -2   1  -1  -3  -2  -2   11  11  10  11  10   0   1  11   0   1   1  11  10   0   1  11   1   0   0   1  0.16 0.10
   32 K     0   1   1   1  -2   1   1  -2   2  -1   0   1   1  -2  -2   0   1  -3  -2   0    8   8   7   8   0   7   8   1   7   0   8   8   7   0   0   8   8   0   0   8  0.11 0.12
   33 L    -1  -3  -3  -3   3  -2  -3  -1  -3   1   4  -3   2   1  -3   0  -1  -2  -2   0    4   1   1   1   8   0   1   4   0   7  45   1   5   7   1   9   2   0   0   5  0.33 0.20
   34 R     1   5   1  -2  -1   0  -1  -2  -1  -2  -2   1   0  -3   0   0  -2  -3   0  -2   14  37   7   1   2   2   3   1   0   2   4   8   2   0   5   6   1   0   4   1  0.36 0.21
   35 Y    -1  -3  -3  -4   0  -3  -3  -4   1  -2   0  -3  -2   2  -3  -1   0  -1   7  -2    5   1   1   1   2   1   1   1   2   1   9   1   0   8   1   5   7   0  54   1  0.98 0.39
   36 A     3  -1  -1  -2   0  -2  -2  -1  -2   1  -1  -1   1  -1   1   0   1  -3   0   0   34   2   2   1   2   0   1   2   0   8   1   4   5   3   7   4  13   0   4   6  0.19 0.16
   37 N    -2   1   5   1  -3   2  -1  -2  -1  -3  -1   1  -2  -3   1   1   1  -4  -3  -3    1   7  36   6   0   9   1   1   0   0   7   8   0   0   6  10   7   0   0   1  0.42 0.23
   38 N    -2   1   3   0  -3   1  -1  -2   3  -1  -2   0   1   0  -2   0   2  -2   1  -2    1   7  22   4   0   8   0   1   9   4   1   4   6   4   0   6  14   0   7   1  0.24 0.18
   39 S     1  -1  -2  -2   2  -2  -2   0  -3  -3  -2  -2  -3  -4   1   5   1  -4  -3  -3    9   3   0   0   4   0   1   4   0   0   5   0   0   0   8  57   6   0   0   1  0.62 0.36
   40 N    -2   1   5   1   1   0  -1  -1   1  -1  -3   1  -3   0  -3   0  -1  -4  -2  -3    1   6  40   5   4   3   2   4   3   6   1  11   0   5   0   5   3   0   0   0  0.44 0.27
   41 Y    -3  -3  -3  -4   0  -3  -3  -2   3  -1  -1  -1  -2   2  -4  -2   1  -1   7  -3    1   0   0   0   3   0   0   3   8   3   4   5   0   5   0   2  12   0  52   0  0.97 0.43
   42 K    -1   4  -2  -2  -4   0  -1  -1  -2  -3  -2   4  -2   1  -1  -1  -1  -3  -2  -1    3  26   0   0   0   3   0   4   0   0   4  35   0   7   2   4   3   0   0   7  0.44 0.27
   43 N    -2   1   5   1  -4  -1  -1   0   1  -4  -4   0   1  -4  -3   1   1  -4  -3  -3    0   8  42   6   0   2   3   5   4   0   1   5   5   0   0   8  10   0   0   0  0.57 0.31
   44 D    -1  -2   2   4  -3  -1   2   0   0  -2  -2  -2  -3  -4   0   0   1  -4  -3  -3    3   0  12  33   0   0  14   5   2   3   5   0   0   0   3   7  11   0   0   0  0.44 0.25
   45 T     0  -1   1  -1  -2  -1  -1  -1   1  -1  -1   1  -1  -1   2   1   2  -3  -2   1    4   1   8   3   0   1   2   3   3   1   5  10   2   2  10  16  14   0   0  13  0.13 0.13
   46 M    -2   0   0  -2  -1  -1   0  -3   0   1   2  -1   4  -1  -1   0   1  -3  -1   0    0   4   6   0   1   0   6   0   3  11  21   2  16   1   2  10  10   0   2   2  0.16 0.18
   47 I    -2  -3  -1  -1  -3  -3  -3  -4  -3   5   1  -1  -1   1  -1  -2   0  -3   1   1    1   0   3   4   0   0   0   1   0  47  10   5   0   6   4   2   5   0   6   6  0.42 0.28
   48 R    -2   5   0  -2  -3   1   0  -3  -2  -1  -1   2  -2   1   1   0   0  -3  -2  -2    1  40   3   0   0   5   4   0   0   4   7   9   0   6   6   9   5   0   0   0  0.40 0.25
   49 K    -2   2   1   1  -4   1  -1  -3  -2  -3  -3   4  -3  -3  -3   0  -2  -3   1   0    1  11   7   8   0   7   0   1   0   0   1  34   0   0   0   7   0   0   5   8  0.35 0.29
   50 E    -1   0   1   0   2   1   0   0  -2   0  -1   0  -1   1  -2   0   0   4  -1  -2    0   7   7   7   6   7   7   7   0   7   7   7   0   6   0   7   7   6   0   0  0.06 0.14
   51 A     0  -2  -2  -2   3   0  -2   0  -2   1   0  -2   2   1  -2   0   0  -2   1   0    8   0   0   0   7   7   0   8   0   8   8   0   7   7   0   8   8   0   7   8  0.04 0.12
   52 F    -1  -1  -1  -1   2  -1  -1  -2   1  -1  -1  -1   0   2  -4  -1   0   4   4   0    5   3   3   3   5   3   3   3   4   3   5   5   3  10   0   4   5   6  14   7  0.16 0.19
   53 V    -2  -1  -3  -4   3  -3  -3  -4  -4   2   1  -3   1  -2  -1   0   0  -3   0   4    0   3   0   0   6   0   0   0   0   8  16   0   3   0   3   8   4   0   3  36  0.34 0.32
   54 H     0  -1   1  -1   2  -2  -1  -1   4  -2  -2  -2   1  -3  -1   4   0  -4   0  -2    4   3   6   2   4   0   3   4  11   2   3   0   4   0   2  33   5   0   3   2  0.26 0.31
   55 Q     0   0   1   0  -3   1   0   0   2  -2  -1   0   1   0   1   0   0  -3  -1  -2    6   6   6   6   0   6   6   6   6   0   6   6   6   6   6   6   6   0   0   0  0.05 0.12
   56 S     2  -2  -1  -1   2   0   0   0   0   0   1  -2  -1  -2  -2   2   0   0  -2  -1   19   0   1   3   5   3   6   5   2   5  13   1   1   1   1  21   4   2   0   4  0.12 0.19
   57 V    -1  -3  -4  -1  -3  -4  -3  -2  -4   1   0  -4   2   0  -4  -2   0  -4  -3   5    5   1   0   4   0   0   1   4   0   5   9   0   4   5   0   2   5   0   0  51  0.58 0.41
   58 M     0  -2  -1  -3  -3  -2  -1  -1  -3   2   2  -1   4  -2  -1  -1  -1  -3   0   1    6   1   3   0   0   0   5   6   0  14  23   3  13   0   3   3   2   0   4  12  0.21 0.22
   59 E    -1   1   2   1  -3   1   3  -1   1  -3  -3   1  -3   0  -1   0  -1   3  -1  -3    4   7  11   7   0   4  22   5   4   0   2   8   0   5   2   6   4   4   2   1  0.23 0.20
   60 E     0  -3  -3  -1  -3   2   6  -2   2  -3  -4  -1  -4  -1  -3   0  -2   1   1  -2    7   0   0   2   1   7  51   3   4   2   1   1   0   3   1   6   2   2   4   3  0.70 0.47
   61 L    -1  -1  -4  -4   1  -3  -3  -3  -4   3   4  -2   1   1  -4  -2  -2  -1  -1   1    4   4   0   0   3   0   2   2   0  18  41   2   2   6   0   3   1   1   1  10  0.40 0.27
   62 K    -2   3   1   0  -4   1  -1  -2   0  -2  -1   5  -3  -4  -1   0  -1  -4  -3  -2    1  14   7   5   0   6   1   2   2   2   5  38   0   0   3   7   2   0   0   3  0.46 0.33
   63 R    -3   6  -1   0  -1   0  -2  -2   3  -4  -4   1  -3   0   0   0  -1  -4   0  -4    1  46   3   5   1   2   1   3   7   0   0   6   0   5   5   6   3   0   4   0  0.69 0.42
   64 I    -3  -1  -2  -4  -3  -1  -4  -5  -1   6   2  -2   2   0  -4  -4  -2  -4   0   0    1   3   3   0   0   3   0   1   2  54  15   3   5   3   0   1   2   0   3   2  0.79 0.44
   65 I    -1  -4  -1  -4   1  -3  -4  -4   2   5   1  -3  -1  -2  -2  -1  -1  -4  -3   3    4   0   4   0   3   0   1   1   6  40   8   1   0   0   2   4   3   0   0  23  0.58 0.35
   66 I     0   0  -1   2  -3   1   2  -1  -2   0   0   1  -1  -1  -2   0  -1  -3   0  -1    8   5   2  12   0   6  13   4   0   5  12   9   1   3   1   9   2   0   3   4  0.09 0.10
   67 D    -1  -2  -1   4   2   1   3  -2  -1  -3  -3  -1  -2   0  -1   0  -1  -4  -1  -2    4   2   0  27   4   4  25   3   1   1   2   3   1   4   3   6   4   0   2   3  0.41 0.28
   68 S     0   0   0  -2   3  -1   0   0   1  -1  -1  -2  -2   0  -2   3   0  -3   1  -2    4   5   4   1   7   0   7   5   4   5   4   1   0   4   0  36   4   0   7   1  0.25 0.25
   69 E     0   0   1   1  -3   2   3   0   1  -3  -2   0  -2  -3  -2   0   0  -3   0  -1    6   5   7   6   0   9  26   8   4   0   5   6   0   0   0   5   5   0   4   4  0.22 0.18
   70 I    -1   1  -1   1  -2  -1   1  -2  -2   1   1  -1   2   1  -2   0   1  -2  -1   1    1  10   0  10   0   0  10   1   0  10  10   1   9   9   0  10  10   0   0  10  0.07 0.09
   71 M     0   0   0  -2   2   0  -2   0   2   0   0  -1   1   1   1   0   0  -2   1   0    6   6   6   0   6   6   0   6   6   6   6   0   6   6   6   6   6   0   6   6  0.06 0.12
   72 Q     0   0   1   0   2   1   0  -2   2   0  -1   0   1   0   1   0   0  -3  -2  -2    6   6   6   6   6   6   6   0   6   6   6   6   6   6   6   6   6   0   0   0  0.08 0.12
   73 E    -1   0   1   0   1   1   3  -1  -2  -1  -2   1  -2  -1  -3   1  -1  -3   0  -1    3   6   7   3   3   4  26   5   0   3   4  10   0   3   0  11   3   0   3   5  0.19 0.19
   74 D    -1   0   1   5  -4  -2   0   0  -3  -1  -4   0   1   0  -3   0   0   4  -3  -3    4   6   7  37   0   0   4   6   0   4   1   4   4   4   0   5   6   7   0   0  0.51 0.34
   75 D    -5  -1  -1   7   2  -4  -1  -3   0  -1  -2   0   1  -6  -5  -4   0  -6  -5  -5    0   4   2  58   4   0   3   2   2   4   4   6   3   0   0   0   5   0   0   0  1.22 0.64
   76 L     1  -1   0  -1   2  -1   1  -1  -1  -2  -1   0  -1   1   0   1   1   3   0  -1   15   2   5   2   5   2   8   4   1   1   5   6   1   7   5  14   8   5   2   3  0.12 0.15
   77 P     0   0   3   0   3   1   0  -2   0  -3   0   2   0  -1   0  -1   0  -4  -1  -2    8   4  14   6   9   5   5   2   2   0  11  13   3   3   5   3   5   0   2   2  0.16 0.18
   78 W    -5  -5   1  -6   0  -1  -5   0  -5   0  -1  -5  -4  -3  -6  -5  -2  11   0  -1    1   0   6   0   2   3   0   8   0   5   6   0   0   0   0   0   3  57   3   5  2.26 0.84
   79 P    -2  -4  -5  -4   3  -1  -1  -5  -4  -2  -1  -2  -4  -5   7  -2  -4  -5   0   1    4   0   0   0   5   3   4   0   0   2   6   2   0   0  57   2   0   0   4   9  1.38 0.62
   80 P    -1   0   0   1  -3   2   2  -2   0  -1  -1   2   0  -1   2  -1   0  -3  -1  -1    5   5   4   8   0  10  14   2   2   2   6  13   2   2  10   3   5   0   2   5  0.16 0.15
   81 P    -1   0  -1  -1  -4  -2  -1  -2   1  -2  -2   2  -3   0   6   0  -1  -4  -3  -4    5   5   3   3   0   0   4   3   4   3   3  15   0   5  38   6   3   0   0   0  0.70 0.41
   82 D    -1  -3   4   5  -4  -1   0  -1   1  -1  -2  -2   0  -4  -1  -1   1  -4  -3  -2    5   0  19  32   0   3   3   4   4   5   3   0   3   0   3   3   9   0   0   3  0.47 0.33
   83 R    -1   5   0  -1  -4   1  -1  -2   0  -1  -2   3  -3  -1  -1   0  -1  -4  -1  -1    3  32   5   3   0   5   2   3   2   3   3  17   0   3   3   6   2   0   2   4  0.38 0.29
   84 V     0  -2  -1   1  -3  -1   1  -1  -1   1   1  -1  -1  -1   0  -1   0  -4  -2   3    6   0   3   9   0   3   9   4   2   7  13   3   0   2   4   3   6   0   0  26  0.13 0.18
   85 G     0   0   1  -2   1  -1  -4   6   0  -5  -5  -2  -4  -5  -4   1  -3  -5  -4  -5    6   5   6   2   3   2   0  58   2   0   1   2   0   0   0  10   0   0   0   0  1.03 0.50
   86 R    -1   5   0  -3  -4   1  -2  -2  -1  -4  -3   3  -3   0  -4  -1  -1   3   0  -2    4  40   4   0   0   5   1   3   1   0   2  16   0   5   0   3   3   5   3   2  0.66 0.40
   87 Q    -1  -1  -1  -2  -5   8   0  -4   0  -5  -3   1  -4  -5  -4  -2  -4   2  -4  -5    6   3   2   2   0  65   5   0   2   0   2   6   0   0   0   2   0   3   0   0  1.46 0.71
   88 E     0   1   1  -1  -2   1   1   0  -1   0   0   1  -1  -2  -2   0  -1  -3  -2   0    9   9   9   0   0   9   9   9   0   9   9   9   0   0   0   9   0   0   0   9  0.07 0.08
   89 L    -2   1  -3  -3  -2  -2  -3  -3  -3   1   4  -2   1   1   1  -1  -2  -2  -2   0    1  12   0   0   0   0   1   1   0   8  53   1   3   4   7   7   1   0   0   1  0.35 0.19
   90 E     0  -1  -1   0  -3   2   4  -2  -1  -3  -3   1  -2   0  -2   1   0  -2   1  -2    7   1   1   3   0   7  45   1   0   1   1   9   0   4   1  11   3   0   5   1  0.42 0.19
   91 I    -1  -2  -1  -3   1   0  -2  -3  -3   4   1  -2   1   0  -3   0   0  -3  -2   2    1   1   3   1   3   6   1   1   0  41  11   1   3   4   1   7   4   0   0  13  0.25 0.15
   92 V    -1   3  -2  -3   0  -1  -1  -3  -1   1   0   1   0  -2  -1  -1  -2  -3  -1   3    4  25   0   0   2   2   3   1   2   8   5   8   2   1   2   4   1   0   1  26  0.25 0.19
   93 I     0  -1  -1  -3   1  -1  -2  -1   1   1   1  -2   2   2   1  -1   0  -2   1   0    7   4   3   0   3   3   0   4   4   9  18   0   7  10   8   5   4   0   5   4  0.10 0.13
   94 G    -1   1   2   0   2  -2  -1   4   1  -4  -4   0  -3  -4   0   0   0  -4  -3  -1    4   8  11   5   6   0   4  30   4   0   1   5   0   0   4   7   5   0   0   4  0.35 0.25
   95 D    -2   0   3   2   1   1   0   2  -2  -4  -2   0  -3  -4   1   1   0  -4  -4  -3    1   5  18  12   4   6   6  14   0   0   5   6   0   0   6  11   4   0   0   0  0.31 0.24
   96 E    -1   0   1   1  -4   0   3  -1   1  -1  -1   0  -2   0  -3  -1   0   2   1   0    5   4   6   8   0   4  26   3   3   3   5   5   0   3   0   4   4   3   7   7  0.20 0.19
   97 H    -4   0   0  -3  -5   0   0  -4   9  -1  -2   0  -3  -1  -4  -1  -2  -4   1  -2    0   5   4   0   0   3   4   0  54   3   3   5   0   3   0   3   3   0   4   3  1.25 0.58
   98 I    -2  -4  -4  -4  -1  -3  -4  -4  -1   6  -1   0   1   0  -1  -1  -1   1   2   1    2   0   0   0   1   0   0   1   2  50   3   6   3   3   3   4   3   2   9   7  0.64 0.36
   99 S     0   0  -1  -3   1   1  -2  -1  -3  -3  -2  -1  -1  -1  -1   4   2  -3   0   0    6   4   2   0   3   6   1   3   0   0   4   2   2   3   2  39  12   0   4   7  0.35 0.29
  100 F    -4  -5  -1  -5  -5  -5  -5  -5  -4  -3   1  -5  -3   8  -5  -2  -4  -2   3  -2    1   0   3   0   0   0   0   0   0   0  11   0   0  67   0   4   0   0   8   3  1.66 0.63
  101 T     0   1   1  -1  -2   1   0  -2   2   0   0   1   1  -2   1   0   0  -3  -2   0    7   7   7   0   0   7   7   0   7   7   7   7   7   0   7   7   7   0   0   7  0.10 0.11
  102 T    -1  -2   0   0   3  -2  -1  -3  -3   0  -1   0  -2  -3   0   0   5  -3   0   0    4   0   4   4   7   0   4   0   0   5   5   5   0   0   5   5  41   0   4   5  0.38 0.32
  103 S     1   0   1  -2   1   2   0  -1  -2  -3  -2   0  -2  -3   1   3   1  -4  -3  -1   13   5   5   0   3   9   4   4   0   0   4   5   0   0   7  29   9   0   0   3  0.25 0.22
  104 K    -2   2   0  -1  -4   0   1  -1   2  -2  -2   5  -1  -4  -3  -1   0  -4  -3  -2    2   9   4   2   0   3   6   5   6   2   3  46   2   0   0   2   4   0   0   2  0.52 0.35
  105 T    -3  -1  -2  -1   0   0  -2  -2   0   5   1  -1   1   0  -2  -1  -1  -4  -3   0    0   4   1   4   2   4   3   3   3  47   9   3   2   4   2   4   2   0   0   0  0.40 0.33
  106 G     0   0  -1  -1  -4  -2  -2   4   2  -2  -1   0  -1  -2   0   0   0   2  -3  -3    5   4   3   2   0   1   1  39   5   3   6   6   1   1   5   6   7   3   0   1  0.38 0.27
  107 S     0  -1   1   1   2   1   0   0  -2  -1  -1   0  -1   0   1   0   0  -3  -2   0    7   0   7   7   7   7   7   7   0   0   7   7   0   7   7   7   7   0   0   7  0.07 0.10
  108 L    -1  -2   0  -2  -2   0   0   0  -2   1   2  -2   1   1  -3  -2   0   4   1   0    6   0   6   0   0   6   7   7   0   7  22   0   5   8   0   0   7   7   4   6  0.14 0.15
  109 V     0  -1   0  -1  -2   0  -1  -1   3   0   0  -2   0   0  -1   0   0  -2   1   1    7   3   4   4   0   3   3   4  10   4   9   0   3   4   3  10   7   0   4  16  0.06 0.11
  110 D     1   1   1   5   1  -1   3  -2  -1  -4  -3   0  -4  -5  -3  -1  -1  -5  -4  -4   11   7   5  37   3   2  17   2   1   0   3   4   0   0   0   4   4   0   0   0  0.63 0.39
  111 V    -1  -3  -3   0   0  -3  -1  -3  -4   2   0  -1   1   1  -4  -1  -1   2  -1   4    3   0   0   5   2   0   4   2   0  12   8   4   3   7   0   5   2   3   1  38  0.38 0.30
  112 N    -2  -1   2   0  -4   3   1  -1   2  -1   0   1   1   1  -2  -1  -1  -3   0  -2    2   1  11   3   0  18  10   5   5   3   9   8   4   6   2   2   4   0   4   2  0.19 0.20
  113 R    -1   2   1   1  -4   2   0   0   1  -3  -3   1   0  -3   1   1   0  -4   0  -2    4  13   7   9   0  10   4   7   4   0   1   7   3   0   8  13   4   0   3   4  0.22 0.21
  114 S     0   0   0   0   2   1   0   0  -2  -2  -1   0   1   0   1   0   0   3  -2  -1    6   6   6   6   6   6   6   6   0   0   6   6   6   6   6   6   6   6   0   6  0.08 0.12
  115 K     0   0   1   1  -4   1   2  -3   1  -1  -1   3  -2  -4   0   0  -1  -4  -3  -1    8   5   8   9   0   5  11   0   3   4   5  23   0   0   4   5   4   0   0   4  0.24 0.22
  116 D    -2  -1   1   6  -4  -2   0  -1   1  -1  -4   0  -4  -4  -1  -1  -3  -4   1  -2    3   3   7  49   0   0   4   4   4   4   1   5   0   0   3   4   0   0   5   3  0.73 0.42
  117 P     0  -3  -3  -3   1   0   0  -3   1  -1   0  -3   1   0   6   0  -1  -4  -3  -3    6   0   0   0   3   4   5   1   5   4   8   0   3   4  43   7   4   0   0   1  0.78 0.39
  118 E    -2   0   0   2  -4   1   4  -1   1  -2  -4   1  -3  -4  -3  -2   0  -4  -1  -1    2   4   4  13   0   3  37   6   4   2   0  11   0   0   0   0   6   0   2   5  0.45 0.30
  119 G     0   0  -2  -1  -4  -3  -2   6   0  -2  -4  -1  -3  -4  -3   0   1  -4  -4  -3    6   4   0   3   0   0   2  59   2   3   1   3   0   0   0   4  10   0   0   2  0.82 0.36
  120 L    -1  -3  -4  -4  -3  -3  -4  -4  -3  -1   5  -3   3   1  -4  -1  -2  -3   1   0    4   0   0   0   0   0   0   1   0   0  64   0   6   6   0   6   0   0   5   4  0.72 0.37
  121 R     0   5  -2  -1   0   2   0  -2   1  -3  -2   2  -2  -1  -3   0   0  -3  -1  -1    7  36   0   3   2   8   4   1   4   0   3   9   0   3   0   4   6   0   2   4  0.39 0.25
  122 C     0   1   0  -1   1  -1  -1  -2  -2   1  -1  -1  -1  -2  -3   0   2  -3   1   3    5   8   6   4   3   3   2   1   0   9   1   4   1   0   0   7  13   0   7  25  0.15 0.18
  123 F    -2  -5  -5  -5  -4  -5  -5  -5  -4  -1   0  -5   0   8  -5  -1  -2  -2   1  -3    3   0   0   0   0   0   0   0   0   4   7   0   2  70   0   6   3   0   3   0  1.54 0.59
  124 Y    -4  -1   0  -1  -3  -3  -3  -2   3   0  -4   0  -3   1  -5  -2  -1   2   8  -3    0   2   5   5   1   0   0   3   5   5   0   7   0   2   0   2   5   2  53   0  1.08 0.51
  125 Y    -1  -2  -1  -2   0  -1  -2  -4  -1   2  -3  -2   1   2  -4  -2   0   1   7  -2    4   1   3   2   2   2   3   0   1  12   0   1   4   5   0   2   5   2  48   2  0.85 0.44
  126 L    -2  -3  -4  -5  -3  -4  -4  -2  -1   0   4  -4   1   4  -3  -3  -1   3  -1  -1    2   2   0   0   0   0   0   3   1   2  49   0   4  22   1   0   4   5   0   3  0.69 0.37
  127 V     0  -1  -2  -4   3  -3  -3  -4  -4   2   0  -1  -1  -3  -4  -1   0  -4  -3   5    6   3   2   0   8   0   0   0   0  11   8   4   0   0   0   5   5   0   0  46  0.49 0.30
  128 Q    -1   3   0  -2  -4   7   0  -3  -1  -4  -3   0  -3  -4  -3   0  -2  -4   0  -4    5  15   5   0   0  52   4   1   1   0   2   3   0   0   0   7   1   0   3   1  0.94 0.46
  129 D    -3  -3   2   7  -5  -2   0  -3  -2  -5  -4  -1  -5  -5  -4  -1  -2  -6  -5  -3    1   0  11  69   0   0   4   0   1   0   1   4   0   0   0   3   2   0   0   2  1.40 0.53
  130 L    -2  -4  -5  -4   1  -4  -4  -4   1   2   5  -4   0   2  -3  -3  -2  -3  -2   0    3   0   0   1   3   0   0   1   4  13  59   1   1   8   1   1   1   0   0   4  0.70 0.36
  131 K    -3   2  -2  -3  -3  -1  -2  -2  -3  -3  -4   7  -2  -1  -4   1  -3  -5  -4  -4    0   9   1   0   1   1   1   3   0   2   0  69   1   4   0   9   0   0   0   0  1.14 0.53
  132 C     1  -4  -1  -3   9  -4  -3  -3  -3  -2  -1  -4  -1  -4  -4   1  -2   0   0  -2   14   0   3   1  52   0   1   2   0   1   5   0   2   0   0   9   1   1   4   2  1.28 0.50
  133 L    -3  -4  -5  -5  -3  -4  -5  -5  -4   0   5  -4   2   5  -5  -2  -1  -3   0  -1    0   0   0   0   0   0   0   0   0   3  56   0   4  25   0   3   4   0   1   2  0.87 0.39
  134 V     0   0  -3  -1  -1  -3  -3  -2  -4   3   0  -3   1   0  -4  -2  -2  -4  -1   4    6   5   0   4   1   0   0   4   0  18   5   0   3   4   0   3   0   0   1  46  0.43 0.27
  135 F    -4  -1  -1  -5   0  -3  -4  -4  -3  -1   1   0   0   7  -5  -3  -2   1   1  -2    0   3   4   0   3   1   0   0   0   3  11   7   1  59   0   1   2   2   1   2  1.04 0.45
  136 S     2  -1  -1  -1  -3  -2   0  -1  -1  -4  -2  -1  -3  -1  -3   5   0  -4  -2  -3   13   3   2   2   0   0   4   4   1   0   4   3   0   3   0  55   5   0   1   0  0.59 0.37
  137 L    -3  -3  -5  -6  -1  -4  -5  -4  -5   3   5  -5   0  -2  -3  -4  -2  -4  -3   1    0   1   0   0   1   0   0   1   0  14  72   0   1   0   1   0   2   0   0   5  1.02 0.44
  138 I    -3  -4  -3  -5  -3  -4  -4  -4  -5   5   2  -4   1  -2  -4  -2   1  -4  -3   3    0   0   1   0   0   0   0   1   0  50  17   0   2   0   0   3   8   0   0  17  0.75 0.35
  139 G     0  -1   0  -2  -2  -1   0   4  -3  -3  -4   0  -3  -4  -3   4   0  -4  -4  -3    3   3   4   0   1   2   6  34   0   1   0   5   0   0   0  37   3   0   0   1  0.61 0.32
  140 L    -2  -4  -5  -5   0  -2  -4  -5  -4   3   4  -4   3   1  -2  -2  -2  -3  -2   0    1   0   0   0   2   1   0   0   0  16  58   0   9   5   2   3   0   0   0   4  0.69 0.32
  141 H    -4  -3   1  -1  -3  -1  -1  -3  10  -3  -5  -3  -4  -4  -5  -3  -4   1   0  -5    0   0   5   3   1   1   2   1  81   2   0   0   0   0   0   0   0   2   2   0  2.16 0.63
  142 F    -4  -2  -5  -5  -5  -4  -2  -5  -1  -2  -1  -2   0   8  -5  -3  -3   2   2  -3    0   2   0   0   0   0   3   0   2   0   2   2   2  78   0   1   1   3   4   0  1.56 0.49
  143 K    -3   2  -1  -3  -5   1  -1  -4   0  -1  -4   6  -3  -4  -1  -1  -3  -5  -1  -4    0   8   2   0   0   5   0   0   2   4   0  72   0   0   2   2   0   0   3   0  1.04 0.42
  144 I    -1  -4  -5  -5   0  -4  -5  -5  -5   6   1  -4   0  -2  -4  -3  -2  -3  -3   2    5   0   0   0   2   0   0   0   0  71  10   1   1   0   0   0   0   0   0   9  0.99 0.37
  145 K    -2   3   1  -2  -4   0  -1  -3  -2  -3  -4   6  -3  -2   0   0  -2  -5  -3  -4    0  11   6   0   0   1   0   1   0   2   0  66   0   2   3   7   0   0   0   0  0.86 0.34
  146 P     0  -1  -4  -4  -2  -3  -3  -4  -4  -5  -5  -3  -3  -6   8  -1  -1  -6  -5  -4    8   4   0   0   1   0   0   0   0   0   0   0   1   0  81   2   3   0   0   0  2.07 0.47
  147 I    -2  -4  -5  -4  -3  -4  -4  -5  -5   6   0  -4   0  -2  -4  -4  -2  -4  -3   3    1   0   0   1   0   0   0   0   0  74   2   0   1   0   0   0   1   0   0  20  0.99 0.30
  148 P     1  -1  -1  -1  -3   4   1  -2  -1  -3  -3   0  -2  -4   6   1  -1  -4  -3  -3   11   0   0   0   0  29   6   0   1   0   0   0   0   0  40  14   0   0   0   0  0.81 0.12
  149 R    -1   4   0  -1  -4   4   1  -2   0  -3  -3   3  -1  -3  -2  -1  -1  -3  -2  -3    0  42   0   0   0  39   0   0   0   0   0  19   0   0   0   0   0   0   0   0  0.58 0.03

                      K         Lambda
Standard Ungapped    0.1423     0.3224
Standard Gapped      0.0424     0.2670
PSI Ungapped         0.1384     0.3185
PSI Gapped           0.0424     0.2670
