
Last position-specific scoring matrix computed, weighted observed percentages rounded down, information per position, and relative weight of gapless real matches to pseudocounts
            A   R   N   D   C   Q   E   G   H   I   L   K   M   F   P   S   T   W   Y   V   A   R   N   D   C   Q   E   G   H   I   L   K   M   F   P   S   T   W   Y   V
    1 Q    -2   1  -2  -1  -5   7   4  -4  -1  -5  -4   0  -2  -5  -3  -2  -2  -4  -3  -4    0   6   0   0   0  65  27   0   0   0   0   1   0   0   0   0   0   0   0   0  1.21 0.33
    2 C    -4  -7  -6  -7  11  -6  -7  -6  -7  -5  -5  -7  -5  -6  -6  -4  -4  -6  -6  -4    0   0   0   0 100   0   0   0   0   0   0   0   0   0   0   0   0   0   0   0  3.80 0.85
    3 T     0  -3  -2   1  -3  -1   1  -1  -1  -1  -2  -1  -2  -4  -3   1   5  -4  -3   0    5   0   0   9   0   2  10   5   2   3   3   3   0   0   0   7  47   0   0   5  0.49 0.29
    4 G     1  -2   3   2  -4  -2  -1   5  -3  -5  -5  -2  -4  -5  -3   1  -2  -5  -4  -4   10   2  15  14   0   0   3  43   0   0   0   0   0   0   0  13   0   0   0   0  0.76 0.32
    5 G     1  -2   1  -1   3  -2  -1   5   2  -1  -4  -1  -3  -4  -3   0   0  -4  -4  -3   11   1   8   3   6   0   4  45   5   5   0   4   0   0   0   4   5   0   0   0  0.59 0.28
    6 A     1  -1   1   0  -3   0   0   0   0  -1  -2   2  -2   0  -1   1   1  -3  -2   0   12   0   9   4   0   4   7   6   3   3   0  14   0   5   2  15   7   0   0   9  0.13 0.13
    7 D    -3  -3   4   5  -1   0   2  -2   3  -5  -6  -1  -5  -5  -4   0  -3  -6  -4  -5    0   0  24  42   2   3  14   2   7   0   0   2   0   0   0   5   0   0   0   0  1.01 0.41
    8 C    -2  -5  -2  -7  11  -6  -7  -6  -6  -2  -5  -3  -1  -6  -6  -2  -4  -6  -6  -4    2   1   2   0  87   0   0   0   0   2   0   2   2   0   0   3   0   0   0   0  3.12 0.86
    9 T     0  -2   2   0   1  -1   1   0  -2  -2  -2   0  -2  -1  -3   1   4  -4  -1  -1    5   1  10   5   3   2   8   8   0   2   3   4   0   3   0   9  31   0   2   4  0.24 0.21
   10 S     1   0   3   1  -3   0  -2  -1   0  -3  -3  -2   0  -1  -1   3   1  -4   1  -2    9   4  16  10   0   3   0   3   2   0   0   0   3   3   2  29   9   0   5   2  0.32 0.25
   11 C    -2  -1   1  -3   9  -1  -3   0   0  -2  -2  -2   0  -3  -3  -1   1  -3  -3  -2    2   3   8   1  46   3   1   9   2   1   2   1   3   1   1   4   8   0   1   2  1.02 0.33
   12 T     0  -2   2  -3   2  -2  -1  -2  -1  -2  -3   2   0  -4   0   1   5  -1  -3  -3    7   0   9   0   5   0   3   2   2   1   0  13   3   0   5  11  37   1   0   0  0.50 0.35
   13 G     0   0   3  -1   0   2   2   0   0  -3  -3   2  -3  -2  -3   1   0  -4  -1  -1    9   3  17   1   2   9  15   7   2   0   1  12   0   2   0   8   4   0   2   5  0.24 0.21
   14 A     2  -2   4   0  -3  -1   0  -2  -1   0  -3   0   0  -4  -1   1   1  -5  -2  -1   16   0  21   5   0   1   6   2   1   8   1   7   3   0   3  13   8   0   2   3  0.27 0.24
   15 C    -3  -8  -8  -8  11  -8  -4  -8  -8  -6  -4  -8  -6  -3  -8  -3  -6  -7  -7  -3    2   0   0   0  90   0   1   0   0   0   1   0   0   1   0   2   0   0   0   2  3.83 1.23
   16 T    -3   0   1   4   0   1   0  -2   0  -2  -3  -1  -4  -5  -4   0   3  -6  -4  -1    1   4   6  30   2   6   6   3   2   2   2   3   0   0   0   7  21   0   0   6  0.52 0.36
   17 G    -1  -1   5   5  -5  -1   0   1   1  -6  -6  -1  -5  -6  -4   0  -1   1  -3  -5    6   3  26  30   0   2   5  13   3   0   0   3   0   0   0   5   2   2   1   0  0.79 0.44
   18 C    -1  -2   2  -2   7  -1  -2   1  -1  -1  -3   0  -1  -3  -3   1   1  -5  -1  -1    3   1  10   1  29   2   2  11   1   4   1   7   2   1   1  10   7   0   2   3  0.61 0.37
   19 G    -2   1   3  -1  -5   2   1   1   1  -2  -3   3  -3  -5  -2   0  -1  -5  -4  -2    2   8  18   3   0  10   7  12   3   2   2  19   0   0   2   5   3   0   0   3  0.36 0.27
   20 N    -2  -2   6  -1  -5  -1  -1  -3   4  -1  -3   0  -1  -1  -5   1   0  -6  -1  -3    4   2  45   1   0   2   2   1   9   4   3   4   2   3   0   8   5   0   2   2  0.80 0.47
   21 C    -6  -9  -2  -8  12  -8  -9  -5  -8  -7  -7  -8  -7  -4  -8  -4  -4  -7  -3  -6    0   0   2   0  93   0   0   1   0   0   0   0   0   1   0   1   1   0   1   0  4.05 1.30
   22 P    -2  -1   1   4  -4   0   1   0   1  -2  -3  -1  -3  -4   3   0  -1  -4   1   0    1   2   5  22   0   3  10   7   3   2   2   3   0   0  16   6   3   0   5   8  0.37 0.26
   23 N    -1   0   6   3  -6  -3  -1   1  -1  -4  -6   1  -5  -6  -2  -1  -1  -7  -5  -6    4   4  44  17   0   0   2   9   2   1   0   7   0   0   2   4   4   0   0   0  0.98 0.52
   24 A     2  -1   2  -1   4  -1  -1   0  -1  -1  -2   1  -2  -2   0   1   1  -1  -1  -3   23   1  10   2   9   2   3   5   1   3   3  12   1   2   4   9   8   1   2   0  0.22 0.22
   25 V    -2   1   3   0  -5   2   1  -1   1  -2  -2   3  -2  -2  -4  -1  -3  -5  -2  -1    3   8  15   5   0  10   9   3   3   3   3  25   1   1   0   3   0   0   1   6  0.36 0.28
   26 T    -1  -1   4  -1  -4  -1  -1  -3  -1   1  -3   0  -1  -4  -1   1   4  -5  -2  -2    4   3  20   3   0   2   4   1   1   8   2   4   1   0   2  11  29   0   1   2  0.44 0.34
   27 C    -5  -7  -3  -7  12  -7  -8  -5  -7  -6  -6  -7  -6  -3  -7  -5  -6  -6  -1  -5    0   0   2   0  92   0   0   1   0   0   0   0   0   1   0   0   0   0   2   0  3.95 1.25
   28 T    -1  -2   0   4  -2   0   1  -1   0  -2  -3   0  -3  -1  -3   1   3  -5  -3   0    5   1   3  23   1   4   8   4   2   2   2   5   0   3   0   8  21   0   0   7  0.34 0.28
   29 N     0   0   5   5  -5  -2   0   1  -1  -6  -6  -1  -5  -6  -4  -1  -4  -6  -5  -5    9   5  30  35   0   1   4   9   2   0   0   3   0   0   0   3   0   0   0   0  1.00 0.52
   30 S    -1  -1   2  -1   2  -1  -1   1   1  -2  -3   1  -2  -1  -1   3   1  -4   0  -2    4   1  11   3   4   2   4   9   3   2   2   8   1   3   3  28   6   0   3   2  0.24 0.23
   31 Q    -2   1   2  -1  -4   2   1   1   2  -2  -2   3  -3  -2  -1   0   1  -4  -3  -3    1   6  12   2   0  11   9  10   4   3   3  22   0   2   2   4   8   0   0   1  0.32 0.26
   32 H    -1  -1   5   0  -4   1   0  -2   3  -1  -3   1  -1  -2  -2   0   0  -4   2  -2    4   2  33   4   0   6   5   3   6   5   2   7   1   2   1   5   5   0   7   2  0.44 0.31
   33 C    -5  -8  -7  -8  12  -7  -8  -7  -7  -6  -6  -3  -6  -7  -7  -3  -6  -7  -7  -6    0   0   0   0  94   0   0   0   0   0   0   2   0   0   0   2   0   0   0   0  4.11 1.30
   34 V    -2  -2   0   4  -3   0   1   0   0   0  -1   0  -2  -2  -2   0  -1  -4   0   1    2   1   4  24   0   4   9   8   2   7   5   6   0   1   1   9   2   0   4  10  0.21 0.19
   35 K    -1   0   5   3   1  -2   1  -1  -1  -5  -5   1  -4  -5  -3   1   0  -1  -4  -4    3   4  29  19   4   1   7   4   1   0   1  10   0   0   1   8   6   1   0   0  0.61 0.36
   36 A     2  -1   2  -1   2  -1  -1   1  -1  -1  -2   1  -2  -1   0   2   1  -3   0  -2   18   1  10   2   5   2   2   9   1   5   2  11   1   2   3  15   8   0   3   0  0.18 0.18
   37 N    -2   0   4  -1  -4   2   1  -1   0   0  -1   2  -1  -4  -3   0  -1  -4  -3   0    2   5  22   3   0   9  10   4   2   5   5  15   1   0   0   4   3   0   0  10  0.28 0.23
   38 T    -1   0   3   0  -3   0   0  -2  -1   0  -2   1  -1  -3  -1   1   3  -4  -1  -1    4   3  17   4   0   3   5   3   1   7   2   9   1   0   2  11  21   0   3   4  0.25 0.23
   39 C    -5  -7  -7  -7  11  -7  -7  -3  -7  -6  -6  -7  -6  -2  -7  -5  -3  -6  -6  -5    0   0   0   0  91   0   0   3   0   0   0   0   0   2   0   0   2   0   0   0  3.88 1.22
   40 T    -1  -2   0   4  -4  -1   1  -1  -3  -3  -3  -1  -3  -2  -3   2   3  -5  -1   0    4   1   3  25   0   3   8   3   0   1   2   3   0   1   0  13  23   0   2   7  0.46 0.33
   41 G    -1   1   4   4   0  -2   0   2  -1  -5  -5   0  -5  -5  -4   0  -2  -6  -5  -5    5   6  22  24   2   1   5  18   1   0   0   4   0   0   0   8   1   0   0   0  0.66 0.38
   42 S    -1  -1   2  -2   2  -1  -1   1  -1  -2  -3   1  -3  -2  -2   3   1  -4   0  -1    4   2  10   1   4   2   3  10   1   2   2   9   0   1   1  31   8   0   3   5  0.30 0.27
   43 T    -3   0   4  -1  -1   1   0  -1   1  -2  -3   3  -3  -2  -2   0   3  -4  -1  -2    0   4  19   2   1   6   5   5   3   2   1  17   0   1   2   6  19   0   3   2  0.35 0.29
   44 D    -1  -1   5   1  -4   0   0  -1   2   1  -2   0   0  -4  -2   0   0  -5  -2  -2    4   2  31   6   0   4   6   5   5  11   3   7   3   0   1   5   4   0   1   2  0.38 0.28
   45 C    -5  -7  -7  -7  11  -7  -7  -7  -7  -3  -6  -7  -6  -3  -3  -2  -5   1  -6  -5    0   0   0   0  89   0   0   0   0   1   0   0   0   1   2   3   0   2   0   0  3.74 1.19
   46 N    -1  -1   3   3  -4   0   1   0   0  -1  -3   1  -3  -4  -2   0  -1  -4   0  -1    5   2  17  19   0   4   9   7   2   5   2   8   0   0   2   6   2   0   4   6  0.26 0.21
   47 T     0   2   5   3  -2  -2  -1   1  -1  -5  -5   0  -4  -5  -4   0  -1  -5  -4  -2    9  12  32  16   1   0   2   9   1   0   0   6   0   0   0   5   4   0   0   2  0.62 0.38
   48 A     2  -2   2   0   3  -1  -1   0   0  -2  -2   1  -3  -2   0   2   1  -4   0  -2   20   1   9   5   7   2   2   5   3   2   3  11   0   1   3  15   8   0   3   1  0.21 0.20
   49 Q    -1   0   3  -1  -4   2   1  -2  -1  -2  -1   3   1  -1  -3  -1   1  -4  -3   1    3   4  17   3   0   9   8   2   1   1   5  19   3   2   0   3   8   0   0  10  0.25 0.23
   50 T    -2  -2   4   1  -4   0   0  -2  -1   0  -2   0  -1  -4  -1   1   4  -4  -2  -2    2   2  23   6   0   3   5   3   1   6   2   4   2   0   2   9  25   0   1   2  0.41 0.30
   51 C    -5  -7  -7  -7  11  -7  -7  -7  -7  -6  -4  -7  -6  -2  -3  -4  -5  -6  -1  -5    0   0   0   0  90   0   0   0   0   0   1   0   0   2   2   1   0   0   2   0  3.80 1.21
   52 T    -1  -1   0   4  -4   0   1  -1  -1  -2  -3   0  -3  -4  -3   2   3  -5  -4  -1    3   4   4  22   0   4   7   5   2   3   2   5   0   0   0  13  22   0   0   4  0.40 0.30
   53 N    -1   1   5   4  -1  -2   0   1  -1  -3  -5   0  -4  -5  -1  -1  -1  -5  -2  -3    4   7  30  23   1   1   4   9   1   1   0   6   0   0   2   3   3   0   2   2  0.60 0.36
   54 S    -1  -1   1  -1   2  -1  -1   0  -1  -1  -2   1  -3  -1  -1   3   2  -4  -2  -2    4   2   8   3   6   2   2   6   1   4   3   8   0   3   3  28  13   0   1   3  0.25 0.24
   55 K    -2   0   3  -1  -4   2   0  -1   3  -1  -3   3  -2  -4  -2   0   1  -4   0  -1    2   2  16   2   0   9   5   5   6   4   1  22   1   0   2   8   8   0   4   4  0.31 0.25
   56 D    -1  -2   4   3  -4  -1   0  -2   2  -1  -2  -1  -1  -3  -4   1   0  -4  -1  -1    4   2  25  17   0   2   6   2   5   4   4   3   2   1   0  12   6   0   3   4  0.38 0.28
   57 C    -5  -7  -3  -7  11  -2  -7  -7  -7  -3  -6  -3  -6  -4  -7  -3  -5  -7  -2  -5    0   0   1   0  87   2   0   0   0   1   0   2   0   1   0   2   0   0   1   0  3.63 1.18
   58 F    -2  -2   1   4  -4   0   1  -1   1  -2  -2  -1  -3   2  -2   1   0  -3   2  -1    2   2   5  23   0   3   9   5   4   2   2   4   0  10   2  13   4   0   7   4  0.27 0.22
   59 E    -1   0   5   4   0  -1   2  -1   0  -3  -5   1  -4  -5  -4   0  -1  -5  -4  -2    4   4  26  22   2   1  11   5   2   1   0   7   0   0   0   7   3   0   0   3  0.57 0.35
   60 A     2  -1   2  -1   2   0  -1   1   1  -2  -2   1  -3  -4   1   1   1  -4  -2  -2   20   1  11   3   4   3   2   9   3   2   3   9   0   0   6  13   8   0   1   2  0.19 0.19
   61 N     0   0   3  -2  -4   2   2  -1   1  -1  -3   2  -3  -2  -3   0   1  -5  -3  -1    6   4  19   0   0   9  12   4   3   5   1  16   0   2   0   5   9   0   0   5  0.31 0.26
   62 T    -1  -1   3   1  -4  -1   0  -3  -1   1  -2  -1   0  -2  -1   1   3  -4  -1  -1    4   4  18   6   0   3   5   0   1   8   2   4   2   2   2  10  24   0   2   4  0.30 0.27
   63 C    -5  -9  -8  -9  12  -8  -9  -6  -8  -6  -5  -8  -7  -3  -8  -3  -6  -7  -4  -6    0   0   0   0  94   0   0   1   0   0   1   0   0   1   0   2   0   0   1   0  4.14 1.32
   64 T    -1  -3   1   4  -4   1   1  -1  -1  -2  -3  -1  -3  -5  -2   1   3  -5  -4   0    3   1   6  24   0   5   8   5   2   2   2   3   0   0   2   8  22   0   0   8  0.41 0.31
   65 D     1   0   4   5  -5  -2   0   2   1  -4  -6  -1  -5  -6  -4  -1  -2  -6  -3  -5   10   5  23  29   0   1   4  14   3   1   0   4   0   0   0   4   1   0   1   0  0.71 0.41
   66 S    -1  -2   3   0   2  -1  -1   0  -1  -3  -3   1  -4  -4  -2   3   0  -5   0  -2    2   1  17   4   5   2   3   8   1   1   2  11   0   0   1  30   5   0   3   3  0.41 0.33
   67 T    -2   0   4   0  -4   1   1  -1   0  -1  -3   3  -3  -4   0   0   2  -5  -3  -2    2   4  20   3   0   7   7   3   2   4   1  18   0   0   4   6  17   0   1   2  0.38 0.30
   68 N    -1  -2   5   0  -4  -1   0  -1   3   0  -2  -1   0  -2  -3   0   0  -5   0  -1    5   2  33   5   0   2   6   5   8   7   3   2   2   2   1   5   6   0   3   4  0.39 0.30
   69 C    -5  -5  -3  -5  11  -7  -8  -5  -7  -3  -3  -7  -6  -6  -3  -4  -5  -7  -1  -3    0   1   2   1  84   0   0   1   0   1   3   0   0   0   2   1   0   0   2   2  3.36 1.12
   70 Y    -1  -3   0   4  -4   1   1   0   0  -1  -2  -1  -3  -2  -3   0   0  -3   4   0    3   0   5  23   0   8   7   6   1   3   4   2   0   1   0   7   5   0  16   7  0.33 0.26
   71 K    -1   1   4   4  -1  -2   0   0  -3  -3  -3   2  -4  -5  -4   0   0  -5  -4  -4    6   8  22  21   2   0   4   5   0   1   3  15   0   0   0   6   5   0   0   0  0.50 0.33
   72 A     2  -1   2  -1   3   0  -1   0  -1  -2  -3   1  -3  -3   0   2   1  -4  -2  -2   17   1  12   3   7   3   3   8   1   1   2   9   0   1   4  15  10   0   1   2  0.24 0.21
   73 T    -2  -1   4  -2  -3   1   0  -1   1  -1  -3   2  -3  -2  -4   0   3  -5  -1   0    2   2  22   1   0   6   6   4   4   3   2  15   0   2   0   4  18   0   2   6  0.34 0.29
   74 A     0  -2   3  -1  -3   0  -1  -1   0   1  -2  -1   0  -2  -1   1   3  -4  -2  -1    8   2  14   2   0   3   3   3   2  11   2   4   2   2   2  12  24   0   1   3  0.26 0.25
   75 C    -5  -4  -7  -8  11  -8  -8  -7  -8  -6  -4  -8  -6  -3  -8  -2  -6  -7   0  -6    0   1   0   0  89   0   0   0   0   0   2   0   0   2   0   3   0   0   3   0  3.77 1.22
   76 T    -2  -2   0   4  -4   0   0  -1  -1  -1  -2  -1  -3  -4  -4   0   4  -5  -4   0    2   1   4  24   0   5   6   5   2   4   2   3   0   0   0   6  28   0   0   8  0.47 0.34
   77 N    -1   0   5   5  -2  -1   0  -2   1  -3  -6  -1  -5  -6  -4  -1  -3  -6  -5  -5    6   6  33  32   1   2   5   3   3   2   0   3   0   0   0   4   0   0   0   0  0.93 0.48
   78 S    -1  -1   3  -1   2   0  -1   1   0  -3  -4   1  -3  -2  -2   3   0  -4  -1  -1    3   2  14   2   5   3   3  11   2   1   0  11   0   1   2  30   5   0   2   4  0.35 0.29
   79 S    -3  -1   4  -1  -4   2   0  -2   1  -2  -3   2  -3  -4  -4   0   3  -5  -2  -1    0   2  23   3   0   9   6   3   4   3   2  14   0   0   0   5  20   0   1   4  0.45 0.33
   80 G     0  -2   5  -1  -4   0   0   2   3   1  -3  -1  -3  -2  -2   0   0  -5  -3  -2    6   2  29   2   0   3   5  15   9  10   2   3   0   2   1   6   4   0   0   2  0.41 0.30
   81 C    -5  -8  -8  -8  12  -8  -9  -8  -8  -6  -3  -8  -6  -7  -8  -6  -6  -7  -1  -2    0   0   0   0  93   0   0   0   0   0   2   0   0   0   0   0   0   0   2   3  3.97 1.21
   82 P    -2  -3   0   0  -4  -2  -1  -4  -1  -3   0  -1  -3  -2   6  -1   0  -3   4  -2    0   0   5   7   0   0   4   0   1   0  11   4   0   0  38   3   5   0  20   3  0.75 0.28
   83 G     2  -2   2  -2  -3  -2  -2   4  -2  -4  -4   0  -3  -3  -3   2  -2  -3   1  -3   21   0  10   0   0   0   0  40   0   0   0   8   0   0   0  16   0   0   6   0  0.59 0.24
   84 H    -2   4  -1  -2  -4   0  -1  -3   8  -4  -4   3  -2  -3  -3  -2  -2  -4   0  -4    0  25   0   0   0   0   0   0  52   0   0  22   0   0   0   0   0   0   0   0  0.98 0.20

                      K         Lambda
Standard Ungapped    0.1240     0.3161
Standard Gapped      0.0407     0.2670
PSI Ungapped         0.1330     0.3171
PSI Gapped           0.0407     0.2670
