
Last position-specific scoring matrix computed, weighted observed percentages rounded down, information per position, and relative weight of gapless real matches to pseudocounts
            A   R   N   D   C   Q   E   G   H   I   L   K   M   F   P   S   T   W   Y   V   A   R   N   D   C   Q   E   G   H   I   L   K   M   F   P   S   T   W   Y   V
    1 E    -2   0  -1   2  -5   2   5  -3  -1  -4  -4   3  -3  -4  -2  -1  -2  -4  -3  -4    0   2   0  12   0   7  55   0   0   0   0  23   0   0   0   0   0   0   0   0  0.85 0.23
    2 A     3   0  -2  -2   3  -1   0  -2  -2  -2  -3  -1  -2   0   1   3   0  -3  -2  -1   32   6   0   0   7   0   4   0   0   0   0   0   0   6   7  31   4   0   0   3  0.36 0.18
    3 P     1  -3  -3  -1  -4  -3  -3   1  -4  -4  -3  -1  -4  -5   7   1  -2  -5  -4  -4   11   0   0   3   0   0   0  11   0   0   3   3   0   0  60   9   0   0   0   0  1.35 0.35
    4 F    -3  -6  -6  -7  -6  -6  -6  -3  -4  -3  -1  -3  -3   9  -7  -5  -4  -2   0  -4    3   0   0   0   0   0   0   2   0   0   4   2   0  87   0   0   1   0   1   0  2.29 0.70
    5 T     1  -3   2   3  -3  -1   1  -3   2  -3  -3  -2  -3  -3  -1   3   3  -5  -3  -3    9   0   8  16   0   1   7   0   7   1   1   0   0   1   2  25  20   0   0   0  0.47 0.29
    6 L    -4  -2  -6  -6  -4  -5  -5  -6  -5   0   6  -5   2   0  -3  -5  -2  -4  -2   1    0   2   0   0   0   0   0   0   0   3  77   0   3   3   2   0   2   0   1   7  1.18 0.47
    7 K    -2   2   2   1  -4   1   1  -1  -1  -4  -4   3  -3  -4  -1   2   0  -3  -2  -2    0   9  10   6   0   6   9   4   1   0   1  24   0   0   2  21   3   0   1   4  0.37 0.24
    8 V    -2  -4  -5  -5  -3  -4  -4  -3   0   2   0  -4  -2  -2  -2  -4   0  -5  -1   6    2   0   0   0   0   0   0   2   3   8   6   0   0   1   2   0   6   0   2  66  0.99 0.44
    9 N     0  -1   4   2  -4   2   2  -3   0  -3  -3  -1  -3  -3  -3   1   1  -4  -3  -3    8   2  26   9   0  12  13   0   2   1   2   2   0   1   0  12   9   0   0   0  0.46 0.27
   10 T     1  -2   0  -3  -1  -3  -3  -3  -4   1  -1  -3   1  -4  -3  -1   5  -5  -4   1   11   2   4   1   1   0   0   1   0   8   6   0   4   0   0   3  47   0   0  11  0.66 0.39
   11 L     0   1  -2  -2  -3  -1  -1   0  -1   1   2  -1   2   0  -3  -1  -1  -1  -2   1    7  10   1   2   0   1   4   8   2   5  27   3   6   4   0   4   2   1   0  11  0.11 0.13
   12 P    -2   0   0   1  -4  -1  -1  -3  -2  -3  -3   1  -4  -5   6   0   0  -5  -4  -3    2   6   5   8   0   2   3   1   1   1   2   9   0   0  44   7   6   0   0   2  0.90 0.38
   13 L     1  -1  -1  -1  -2   1  -1  -2  -1   0   2   0   0   0   1  -1  -1  -3  -2   1   14   2   2   4   0   6   4   1   1   5  24   8   1   3   6   4   3   0   0  11  0.09 0.10
   14 N    -1   1   3   2  -3   1   1  -1  -1  -2  -2   0  -2  -1   1   0   2  -3  -3  -3    2   9  18  10   0   6   7   3   1   1   4   4   0   3   7   7  14   0   0   1  0.26 0.18
   15 F    -1  -1  -1  -1   5  -1  -1  -2   0   1   0  -1   0   1  -2  -1  -1   1   1   1    3   3   3   3  18   2   3   2   2   8   9   3   1   8   2   5   2   2   7  14  0.22 0.15
   16 D    -2  -1   0   5  -1  -1   3   0  -3  -3  -4   1  -4  -2  -2   0  -2  -5  -4  -2    1   2   3  40   1   1  17   8   0   1   1   7   0   2   1   8   2   0   0   3  0.66 0.33
   17 K    -2   3   1  -2  -4   2   0   1   0  -4  -3   4  -1  -4  -2  -1   0  -4  -2  -3    2  17   5   2   0   9   6   9   2   0   2  30   1   0   2   3   5   0   1   2  0.45 0.28
   18 A     1   0   2  -1   2  -1   0   1  -1  -2  -2   0  -2  -3   2   1   0  -4  -3  -1   15   4  10   3   6   1   4  12   2   1   3   5   0   1  12  10   6   0   0   5  0.19 0.15
   19 E    -1   1   1   1  -3   2   2  -2   0  -1  -2   1  -3  -3  -1   1   1  -4  -1  -2    2   9   7   9   0   9  15   1   2   3   2  10   0   1   3  12  10   0   2   2  0.24 0.19
   20 H     0  -1   1   1   1   1  -1   0   3  -3  -2  -1   0   1  -2   1   1  -3   0  -2    9   3   7   7   4   6   2   6   9   0   3   2   2   9   1  14  10   0   4   2  0.14 0.15
   21 H     0   1   1   1   2   1   1  -3   6  -3  -3   1  -2  -3   1  -1  -2  -4   0  -2    7   6   6   8   6   7   9   1  22   1   1   7   0   1   7   4   1   0   3   2  0.40 0.25
   22 R    -1   4   1   0  -1   1   0   0  -1  -1  -2   2  -3  -4  -2   0   1  -4  -2  -3    3  26   6   6   1   5   3   6   1   4   4  14   0   0   2   8  10   0   1   1  0.29 0.21
   23 K    -1   3   0  -2  -1   0   0  -1   1  -2  -3   3  -1  -2  -3   2   0  -4   0  -2    3  21   3   2   1   3   5   5   4   2   0  20   2   1   0  15   7   0   4   2  0.32 0.23
   24 F    -2  -1   0  -3  -3  -2  -2  -2  -1   0   2  -2   1   4  -2  -2  -2  -2   3   0    2   4   6   0   0   2   1   3   1   6  24   1   3  20   2   3   1   0  12   7  0.32 0.21
   25 Q    -2   1   0   2   0   5   1  -3   1  -2  -2   1   0  -4  -3  -1   1  -4  -3  -1    1   7   4  11   2  27  10   1   3   2   3   9   2   1   0   2  11   0   1   4  0.42 0.29
   26 I    -3  -4  -3  -5  -1  -4  -4  -6  -5   4   4  -4   2  -2  -5  -1  -3  -4  -1   2    1   1   1   0   1   0   1   0   0  25  43   1   5   1   0   5   0   0   2  14  0.79 0.40
   27 H    -2   1   2   0   0   0   2  -2   3  -2  -3   1  -1  -4  -3   2   3  -2  -3  -2    1   8   9   5   2   3  14   2   9   2   2   7   1   0   0  14  18   1   0   2  0.31 0.25
   28 I    -1  -4  -5  -6  -1  -3  -5  -4  -5   5   1  -5   0  -2  -4  -4  -1  -5  -3   4    5   1   0   0   1   1   0   2   0  41   9   0   2   1   1   0   3   0   1  32  0.94 0.44
   29 N    -4   0   2  -4   9  -2  -1  -5   1  -4  -5  -1  -5  -3  -4   1   2  -6  -4  -4    0   6  10   1  48   1   5   0   4   0   0   3   0   1   0   9  11   0   0   1  1.48 0.61
   30 V     1  -4  -4  -4   0  -4  -4  -3  -4   1   0  -4   0  -2  -4   0   4   2  -1   4   15   0   0   0   2   0   0   1   0   8   6   0   2   1   0   5  26   3   2  29  0.55 0.35
   31 S    -1   4  -1  -3   2  -1  -2  -2  -1  -3  -4   2  -4  -4  -4   4   0   1  -4  -3    4  22   3   1   4   1   1   3   1   1   1  10   0   0   0  38   6   2   0   2  0.65 0.41
   32 Y    -5  -1  -2  -6  -6  -5  -6  -6   0  -5  -4  -1  -3   3  -7  -4  -3   4   9  -2    1   3   3   0   0   0   0   0   1   0   1   4   0  12   0   1   2   5  65   3  2.01 0.76
   33 I    -2   0   1  -1  -2  -1  -2  -4  -3   1   2   0   0  -3  -3  -1   3  -4  -2   2    1   4   7   4   0   2   1   0   0   7  25   5   1   0   1   2  21   0   1  16  0.30 0.25
   34 G    -2  -2   0   1  -5  -3  -1   6  -4  -3  -2  -1  -2  -5  -2  -1  -3  -2  -4  -3    2   2   4   7   0   1   3  61   0   1   4   4   1   0   2   3   0   0   1   2  1.00 0.46
   35 E     0   0   1   2  -4   0   3  -1  -1  -1  -3   0  -2  -2   1   2  -1  -4  -2  -2   10   4   7  13   0   2  21   4   1   4   2   6   0   1   6  16   2   0   1   1  0.27 0.20
   36 R    -1   3  -1   1  -2   2   1   0   2  -4  -3   1  -2  -4  -2   1  -1   0  -3  -2    4  22   2  10   1   9  10   8   5   0   1   8   0   0   1  11   3   2   0   2  0.32 0.22
   37 P     0  -2   1  -1  -3   0   1   2  -1  -2  -2   0  -2  -2   4   1  -1  -3  -3  -1    7   1   9   3   0   3  11  14   1   3   3   6   1   2  21   9   3   0   0   4  0.31 0.18
   38 N     1   1   1   2  -3   0   1  -1  -1  -2  -2   1  -1  -1  -2   2   0   2  -1  -1   11   7   7  12   0   4  10   3   1   1   2   7   2   2   0  17   5   4   2   4  0.19 0.15
   39 S     1  -4  -1  -4  -4  -4  -3  -3  -5  -3  -4  -4  -5  -4  -4   6   3  -6  -5  -3   10   0   2   0   0   0   1   1   0   1   1   0   0   0   0  64  16   0   0   2  1.28 0.63
   40 N    -3  -3   7   0  -6   0  -2   3  -2  -6  -6  -3  -5  -6  -5  -1   0  -6  -5  -4    1   1  53   3   0   5   2  23   1   0   0   1   0   0   0   4   6   0   0   1  1.29 0.57
   41 M    -4  -3  -7  -8  -6  -5  -7  -8  -7  -2  -2  -6  11  -5  -1  -6  -4  -7  -6  -3    2   2   0   0   0   0   0   0   0   2   2   0  88   0   4   0   1   0   0   1  3.21 1.10
   42 V     5  -5  -5  -5  -4  -4  -1  -2  -5  -2  -3  -4   1  -5  -3   1   0  -6  -5   4   49   0   0   0   0   0   4   2   0   1   1   0   3   0   1   9   5   0   0  26  0.90 0.50
   43 I    -1  -6  -4  -6  -4  -6  -6  -7  -6   6   1  -6   1  -4  -6  -5  -3  -6  -5   5    4   0   1   0   0   0   0   0   0  41  13   0   2   0   0   0   1   0   0  38  1.29 0.55
   44 V    -1  -5  -6  -6  -4  -3  -5  -6  -6   3   3  -4   5  -1  -6  -4  -2  -5  -4   5    4   0   0   0   0   1   0   0   0  16  23   1  15   2   0   1   1   0   0  37  0.98 0.46
   45 D    -4  -5  -2   6  -7  -1   6  -5  -4  -7  -7  -3  -6  -7  -5  -2  -2  -7  -4  -5    1   0   1  40   0   2  49   1   0   0   0   0   0   0   0   2   3   0   1   1  1.65 0.71
   46 V    -3  -6  -4  -7  -5  -6  -6  -7  -7   4  -1  -6  -1  -2  -6  -5  -3  -6  -3   6    2   0   1   0   0   0   0   0   0  24   4   0   1   1   0   0   1   0   1  65  1.62 0.66
   47 K    -1  -1   1  -1  -5   0   0   2  -1  -5  -5   4  -4  -2  -2   2   0  -5  -2  -3    5   2   8   3   0   2   5  18   2   0   0  32   0   2   1  14   5   0   1   1  0.51 0.33
   48 M    -5  -6  -7  -7  -5  -5  -6  -7  -6   2   4  -6   8   1  -3  -6  -2  -6  -5   0    0   0   0   0   0   0   0   0   0  12  35   0  39   4   1   0   3   0   0   5  1.56 0.70
   49 V    -3  -5  -6  -6  -5  -1  -5  -4  -5   1   2  -5   2   1   5  -4  -1  -5  -2   3    1   0   0   0   0   3   0   2   0   7  23   0   5   6  29   1   3   0   1  19  0.82 0.47
   50 S    -1  -5  -4  -5  -5  -5  -5  -5  -6  -6  -3  -5  -6  -7  -3   6   5  -7  -6  -5    3   0   0   0   0   0   0   0   0   0   3   0   0   0   1  63  30   0   0   0  1.72 0.89
   51 G    -5  -4  -1  -6  -2  -6  -7   7  -6  -4  -8  -6  -7  -7  -7  -3  -6  -7   0  -8    0   1   3   0   1   0   0  89   0   1   0   0   0   0   0   1   0   0   3   0  2.38 0.97
   52 F    -7  -4  -7  -8  -7  -7  -8  -8  -5  -3  -3  -7  -2   8  -8  -5  -7   4   7  -4    0   1   0   0   0   0   0   0   0   1   1   0   1  58   0   1   0   5  31   1  2.44 1.06
   53 I    -1  -1  -2  -3  -3  -1  -1  -3  -1   3   0  -1   0  -3  -4   1   3  -1   0   2    3   3   1   1   0   3   4   1   2  20   6   3   1   0   0  12  18   1   4  17  0.32 0.29
   54 P     1  -5  -5  -3  -3  -4  -5  -4  -5   0  -2  -3  -2  -1   7  -3  -2  -6  -3   1   13   0   0   2   1   1   0   1   0   5   4   1   1   3  53   1   2   0   1  10  1.31 0.69
   55 V    -2  -3   1   4  -4   1   0  -3  -1   0   0  -1   1  -4  -4  -1  -1  -5  -3   2    2   0   5  29   0   6   5   1   2   5  10   3   4   0   0   4   3   0   1  19  0.43 0.34
   56 K    -2   1   0   1  -2   2   2  -3  -1  -1  -2   3   2  -3  -2  -1   0  -4  -2  -2    3   7   3   7   1  10  17   1   1   4   3  21   5   1   2   4   7   0   1   2  0.31 0.28
   57 P     0  -2   0   4  -4   1   2   0  -2  -2  -4  -1  -4  -5   2   1  -1  -1  -2  -2    8   1   3  24   0   8  13   7   1   2   1   3   0   0   9  13   4   1   1   2  0.39 0.31
   58 S    -1  -2  -1   4  -2  -2  -1  -1   0  -3  -3  -1  -2  -4  -4   4   3  -5  -3  -3    3   2   1  20   1   1   3   5   2   1   2   3   1   1   0  35  16   0   1   2  0.63 0.50
   59 V    -3  -5  -1  -2  -1  -4  -3  -6  -2   2   5  -3  -2   1  -5  -2  -2  -5  -4   2    1   0   4   3   2   0   2   0   1  12  50   1   0   5   0   2   2   0   0  14  0.73 0.47
   60 K    -2   0   0   2  -5   2   3  -3   0  -2  -2   3  -2  -1   1  -1  -1  -4   0  -3    3   4   4  12   0   8  19   1   2   2   3  21   1   3   6   4   2   0   4   2  0.35 0.31
   61 K     0   2   0   0  -4   2   2  -2  -1  -2  -1   3   1  -3  -2   0  -1  -1  -3  -2    8  10   3   6   0  10  12   2   1   3   8  19   3   1   1   8   2   1   0   1  0.24 0.24
   62 L    -2  -2  -5  -5  -4  -2  -3  -6  -1   2   5  -3   1  -1  -5  -3  -2  -4   1   1    2   2   0   0   0   2   2   0   2  12  55   2   2   2   0   2   2   0   5   7  0.80 0.50
   63 Q     0   1   0   0  -3   2   1  -2  -1  -1   0   2   0  -3  -2   0   0  -4  -1   0    7   9   4   4   0  12  11   2   1   4   8  13   2   0   1   7   6   0   2   6  0.15 0.18
   64 D     0   1   2   1  -3   1   1  -1   0  -1  -2   1  -1  -2  -2   1   0  -4  -2  -2    5   8  12  10   0   7  11   3   1   4   4  10   2   1   2  11   4   0   1   3  0.18 0.18
   65 Q    -1   1   1   1  -3   2   0   0   1  -1  -1   1   0  -2  -1   1   0  -3   0   0    2  10   6   7   0  10   5   8   5   2   5   7   2   2   2  10   6   0   3   8  0.10 0.14
   66 S     0   0   1   0  -3   0   0   1  -1  -2  -2   1  -1  -2   1   2   0  -4   0  -1    5   6   8   5   0   4   7  10   1   2   3   8   2   1   7  17   6   0   3   5  0.13 0.16
   67 N    -1   1   2   1  -3   1   1   0   1  -2   0   1  -1  -2  -1   0   0  -3  -1  -1    4   8  12   9   0   6   9   7   5   2   9   7   0   2   2   7   6   0   1   4  0.11 0.11
   68 I    -1  -4  -5  -5  -3  -4  -4  -5  -5   4   2  -3   1  -1  -4  -3  -2  -4  -3   5    4   0   0   0   0   0   0   1   0  27  15   1   4   2   0   2   2   0   0  38  0.83 0.42
   69 Q    -1   1   0   1  -4   3   0  -2  -2  -3  -3   4   1  -1   0   1   0  -4  -1  -3    4   6   3   6   0  14   5   2   0   0   1  27   4   3   4  12   5   0   2   2  0.35 0.27
   70 R    -3   6  -1  -3  -5   1  -1  -3   0  -4  -2   4  -2  -3  -4  -2   0  -4  -4  -4    1  40   3   1   0   5   2   2   2   0   4  27   1   1   0   3   5   0   0   1  0.91 0.48
   71 T     1  -3  -3  -3  -3  -1  -2  -3   0   0  -2  -1  -1   3  -3  -1   2   1   5   2   11   1   1   1   0   3   3   1   2   4   3   3   1  11   1   3  13   2  23  14  0.41 0.29
   72 E    -2   0  -1   1  -5  -1   6  -4  -3  -3  -4  -1  -4  -2  -4  -1  -3  -5  -4  -3    4   4   2   7   0   1  64   1   0   2   1   3   0   2   0   3   1   0   0   2  1.20 0.61
   73 V    -1  -2  -2  -2  -3  -2   0  -2  -3   2   0  -1   1   1  -3   1   1  -3   0   3    3   1   1   1   0   1   6   2   0  13   8   3   3   6   1  12  10   0   3  25  0.21 0.21
   74 N    -1  -1   2   2  -4   0   1   0   0  -3  -3   2  -3  -3  -1   2   1  -4  -2  -3    4   2  11  14   0   4   8   7   2   1   2  16   0   1   3  15   9   0   1   0  0.30 0.24
   75 T     0   0   2   1  -3   0   1   2  -1  -3  -2   1  -2  -2  -1   0   1  -4  -3  -2    7   5  13   9   0   3   9  17   1   1   4  10   1   2   3   5  10   0   0   2  0.21 0.18
   76 N    -3   2   5   3  -4   0   0   1  -1  -4  -3   0  -4  -5  -2   0   0  -5  -4  -4    0  14  28  15   0   4   4   9   1   0   3   5   0   0   2   8   6   0   0   1  0.55 0.36
   77 H    -1   1   0   0  -4   0   0  -1   5  -1  -3   3  -2  -3  -2   1   2  -4  -1  -2    3   7   5   5   0   4   4   3  17   3   1  17   1   1   1  11  12   0   1   2  0.35 0.28
   78 V    -2  -3  -5  -6  -4  -5  -5  -4  -5   2   1  -3  -2  -1  -5  -1  -2  -5  -1   6    2   2   0   0   0   0   0   1   0  10  15   2   0   2   0   5   1   0   2  59  1.05 0.55
   79 L    -1  -3   1  -1  -3  -2  -2  -4  -1   3   2  -2   0  -2  -4  -1  -1  -4  -2   3    4   0   8   3   0   2   2   0   2  18  23   2   1   1   0   5   3   0   1  25  0.37 0.28
   80 I    -3  -3  -5  -5  -4  -4  -3  -3  -5   4   3  -5   0   5  -5  -3  -1  -4  -2   1    2   2   0   0   0   0   2   2   0  25  29   0   1  24   0   2   3   0   0   7  0.79 0.43
   81 Y    -6  -6  -6  -7  -1  -6  -6  -7  -2  -3  -5  -6  -5   0  -2  -6  -3   1  10  -5    0   0   0   0   1   0   0   0   1   1   0   0   0   2   3   0   2   2  86   0  2.96 1.14
   82 I    -3  -5  -5  -6  -5  -3  -5  -6  -5   1   3  -3  -1   6  -2  -5  -3  -1   0   0    1   0   0   0   0   1   0   0   0   9  32   2   1  42   3   0   1   1   2   4  1.12 0.54
   83 E    -2  -1   1   6  -6   1   4  -3   1  -5  -4  -2  -5  -3  -3  -1  -2  -6  -5  -5    2   3   5  45   0   5  24   1   3   1   1   1   0   1   1   3   2   0   0   1  1.05 0.54
   84 K    -1   0   2   0  -3   1   2  -1   3  -3  -2   2  -2   0  -2   0   0  -3   1  -3    4   4  10   4   0   5  15   4   8   0   4  19   0   4   0   5   4   0   6   0  0.21 0.18
   85 L     0   1  -1   1  -2  -1  -1   0  -2   1   0   0   2   1  -2  -1  -1  -2  -1   1   10  10   0  10   0   0   1  10   0  10  10  10   9   9   0   1   1   0   0  10  0.04 0.08
   86 T    -1   0   0   0   1   0  -1  -1  -3  -1  -1   1   2   2   0   1   2   2   0  -1    4   5   4   5   3   3   3   4   0   3   3   8   8   9   5  13  12   3   3   4  0.11 0.13
   87 N    -1   0   3   2  -1  -1   0   2   2  -2  -3   0  -1  -4   0   1   0   0  -2  -2    5   4  15  11   1   2   5  14   5   2   2   7   1   0   5   9   6   1   2   2  0.22 0.19
   88 Q    -1   1   1   2  -5   3   3  -2   0  -2  -3   1  -4  -5  -4   0   1  -5  -1  -2    4   8   6   9   0  13  19   3   3   3   2   8   0   0   0   6  11   0   2   3  0.35 0.28
   89 T    -1   1  -1   2   0   0   3  -2  -2  -3  -2   1  -2  -3   1   0   2  -5  -3  -1    5   7   2  11   2   3  19   2   1   1   3   7   1   1   8   6  15   0   1   4  0.27 0.24
   90 M    -2  -1  -1  -1   1   1   0  -4  -1   1   2   0   1  -2  -4  -1   2  -2   0   2    0   3   3   4   3   7   5   0   1   8  18   7   3   1   0   2  15   0   4  15  0.18 0.20
   91 G    -2  -5  -1  -4  10  -3  -1  -2  -2  -5  -5  -3  -4  -6  -3   2   0  -6  -6  -1    3   1   3   1  54   1   4   4   1   0   0   2   0   0   1  14   6   0   0   5  1.81 0.77
   92 F    -3  -3  -6  -6  -3  -5  -6  -5  -5   2   2  -5  -1   6   0  -4  -4  -1   1   3    1   2   0   0   1   0   0   1   0  10  19   0   1  38   5   1   0   1   4  18  1.01 0.51
   93 S     0   0   2   0  -2  -1   0  -1  -1  -4  -3   0  -2  -1   0   3   3  -5  -2  -2    5   4   9   5   1   2   6   5   1   0   1   6   1   3   5  21  23   0   1   2  0.34 0.30
   94 F    -5  -6  -7  -7  -6  -6  -7  -7  -5   2   0  -6   0   8  -3  -6  -3  -4   0   2    0   0   0   0   0   0   0   0   0  11   9   0   2  59   2   0   1   0   2  13  1.72 0.73
   95 A    -1   3   0   0  -4   1   0  -1   0  -2  -1   1  -1  -3  -2   1   2  -3  -2  -2    3  16   5   4   0   7   6   5   3   2   6   9   1   1   2  13  14   0   1   3  0.20 0.20
   96 V     3  -5  -5  -3  -4  -4  -4  -4  -5   3   1  -5   3  -1  -5  -3  -2  -5  -4   4   22   0   0   2   0   1   1   1   0  19  10   0   7   2   0   1   1   0   0  34  0.80 0.46
   97 E    -2   1  -1   0  -4   0   3  -4   3   0  -1   1  -1   0  -4  -1   0   0   1   0    2   7   3   5   0   3  27   0   7   5   6   7   1   5   0   4   7   2   4   6  0.27 0.24
   98 Q     0   5  -4  -5  -1   6  -1  -6  -2  -7  -5   2  -3  -7  -6  -3  -5  -7  -4  -6    8  32   0   0   1  40   4   0   1   0   1  11   0   0   0   1   0   0   0   0  1.43 0.76
   99 D    -1  -1   0   2   1   0   3  -2  -1  -2  -1   0   0  -2  -3   1   1   2   0  -1    3   2   4  14   3   3  18   2   1   2   5   5   3   1   0  10  10   4   3   6  0.21 0.21
  100 I    -3  -5   1  -4  -2  -2  -5  -5   5   3   1  -4   0   4  -6  -3  -3  -3   3   1    2   0   9   1   1   2   0   0  13  16  11   0   2  20   0   1   1   0  11  10  0.67 0.40
  101 P     0  -1   1   0  -3   0   2  -4  -1  -1   0   1  -2  -2   4  -1  -2  -5  -2   0    7   4   6   5   0   4  13   0   2   3  10   8   1   1  22   3   2   0   1   8  0.32 0.25
  102 V    -3  -7  -7  -8  -6  -7  -7  -8  -8   1  -2  -7  -2  -5  -7  -5  -2  -8  -6   7    2   0   0   0   0   0   0   0   0   5   2   0   1   0   0   1   2   0   0  87  2.22 0.95
  103 K     2   1  -2   0  -4   0   2   2  -1  -4  -3   2  -4  -1  -4   1   1  -5  -2  -3   17   9   1   4   0   3  17  15   1   0   1  11   0   3   0   8   9   0   1   0  0.32 0.28
  104 N    -1   0   6   2  -5  -2  -1  -1  -1  -4  -1   2  -1  -1  -5  -1  -2  -6  -5  -4    6   4  40  13   0   1   2   4   1   0   7  11   1   2   0   4   1   0   0   1  0.75 0.46
  105 L     0  -2  -4  -5  -4   2  -4  -4   0   3   2  -3   2  -3   0  -2   1  -5  -4   3    7   2   0   0   0  10   0   1   2  17  23   1   5   0   5   2   7   0   0  18  0.42 0.32
  106 K    -2   1  -4  -3  -7   5  -2  -4  -1  -3  -5   6   0  -7  -5  -3  -4  -6  -6  -3    3   8   0   1   0  30   1   1   2   1   1  45   2   0   0   1   1   0   0   2  1.32 0.71
  107 P     0  -5  -3  -3  -7  -3  -4  -4  -2  -7  -6  -3  -3  -5   8  -1  -3  -7   0  -5    7   0   1   1   0   1   1   1   1   0   0   2   1   0  72   4   2   0   3   1  2.07 0.92
  108 A     5  -3  -5  -3  -1  -1  -3   1  -5  -4  -2  -4  -4  -6  -5   1  -2  -6  -5   2   57   1   0   1   1   2   2   9   0   0   4   0   0   0   0   8   2   0   0  13  0.94 0.58
  109 P     1  -3   0  -3  -4  -2  -3  -4  -2   0  -1  -2  -2  -2   5   2   2  -2  -1   0   10   0   4   1   0   2   1   1   1   5   5   2   1   2  29  13  14   1   3   6  0.55 0.38
  110 V     0  -6  -6  -6  -4  -5  -6  -5  -6   4  -2  -5  -2  -4  -6  -2  -2  -6  -5   6    6   0   0   0   0   0   0   1   0  20   1   0   1   0   0   3   2   0   0  64  1.51 0.68
  111 K    -3   2  -2  -4  -5   1  -1  -5  -2   0  -3   5   2  -5  -4   0   2  -6  -3   1    1  12   1   0   0   5   3   0   1   5   1  37   6   0   0   7  12   0   1  10  0.66 0.43
  112 V     0  -6  -7  -7  -5  -6  -6  -7  -7   3   1  -6   1  -3  -6  -5  -3  -6  -5   6    7   0   0   0   0   0   0   0   0  12  14   0   3   1   0   0   1   0   0  62  1.41 0.66
  113 Y    -7  -4  -7  -8  -8  -3  -6  -8  -2  -4  -5  -7  -6   1  -8  -5  -6  -3  10  -4    0   1   0   0   0   1   0   0   1   1   0   0   0   3   0   1   0   0  89   1  3.24 1.21
  114 D    -3  -2  -2   8  -8  -3  -1  -6  -5  -7  -8  -5  -2  -8  -6   1  -5  -8  -3  -7    2   3   1  79   0   1   2   0   0   0   0   0   1   0   0   9   0   0   1   0  2.15 0.90
  115 Y    -7  -7  -7  -8  -7  -7  -7  -8  -3  -6  -6  -7  -6   1  -8  -5  -7  -3  10  -6    0   0   0   0   0   0   0   0   0   0   0   0   0   3   0   1   0   0  95   0  3.60 1.22
  116 Y    -7  -7  -7  -4  -8  -7  -7  -8  -1  -7  -6  -7  -6  -2  -8  -4  -7  -3  10  -7    0   0   0   1   0   0   0   0   1   0   0   0   0   0   0   1   0   0  97   0  3.66 1.25
  117 E    -1   0   2   4  -6   2   5  -4  -3  -5  -3   1  -5  -6  -4  -1  -2  -6  -4  -5    5   4   9  20   0  10  38   0   0   0   3   6   0   0   0   3   1   0   0   0  0.84 0.45
  118 T    -2  -2   0  -4  -5   0  -3  -4  -4  -4  -1   1  -4  -6   6   0   3  -6  -5  -4    2   2   5   0   0   5   1   1   0   1   5   9   0   0  42   5  22   0   0   0  1.07 0.50
  119 D    -1  -3   0   6  -2  -1   4  -1  -2  -5  -5  -2  -4  -6  -4   0  -1  -6  -5  -4    5   0   4  43   1   1  26   5   1   0   1   2   0   0   0   7   3   0   0   1  0.98 0.47
  120 E    -3   3  -2  -1  -5   2   5  -4   1  -3  -1   1  -2  -2  -4  -2  -2  -5  -3  -1    1  20   1   3   0   7  37   1   4   1   6   6   1   2   0   2   1   0   0   6  0.62 0.36
  121 F    -2   3  -2  -3  -1   0  -1  -3  -1  -2  -3   1  -1   4  -4   1   1  -1   3  -2    2  21   1   0   1   5   3   1   1   2   1   9   1  18   0  13   8   0  10   2  0.41 0.29
  122 A     4  -4  -2  -5   7  -4  -4  -2  -3  -2  -2  -1  -3  -4  -3   0   0  -5  -5   1   42   0   2   0  23   0   1   2   0   2   3   3   0   0   1   5   4   0   0  11  0.92 0.46
  123 I    -2   0  -3  -3   0  -2  -1  -3  -3   2   0  -3  -1  -1  -4   2   3  -4  -2   2    1   5   0   0   2   0   4   1   0  15   9   0   0   3   0  17  25   0   1  13  0.36 0.29
  124 E     1   1  -2   0  -4   2   3  -2  -3  -1  -3   3  -2  -4  -3   0   1  -5  -3   0   12   6   0   4   0  12  19   1   0   5   0  18   1   0   0   6   8   0   1   8  0.34 0.26
  125 E    -3  -2  -1  -2  -5   1   2  -4  -2  -4  -2  -2  -2   6  -5   2  -1  -3   2  -4    1   2   3   2   0   7  16   1   1   0   3   1   1  37   0  18   3   0   6   0  0.72 0.41
  126 Y    -6  -6  -7  -8  -1  -6  -6  -8  -3  -6  -4  -4  -5   1  -7  -6  -5   0  10  -6    0   0   0   0   1   0   0   0   0   0   1   1   0   5   0   0   1   1  91   0  3.15 1.00
  127 S     0  -1   3  -2  -1  -1   1   0   1  -3  -4  -1  -3  -4  -3   4   2  -4   0  -3    5   3  13   1   1   1   8   6   3   1   1   1   0   0   0  37  12   0   4   1  0.47 0.30
  128 A     3  -3  -2   1  -2  -2  -2   0  -3   1   2  -3   0   0   0   0   0  -3  -3   0   32   0   0   8   0   0   1   5   0  11  21   0   1   3   4   5   5   0   0   3  0.23 0.18
  129 P    -2  -5  -2  -1  -2  -1   0  -5  -5  -6  -6  -2  -3  -6   8  -4  -3  -7  -6  -5    2   0   2   4   1   2   6   0   0   0   0   2   1   0  79   0   1   0   0   0  2.18 0.62
  130 F    -1   0   0  -1   6  -2  -2   0  -2  -2  -2   0  -2   0  -1   1   2   1   1  -1    2   5   3   3  25   0   0   6   0   0   1   8   0   4   2  12  14   2   7   5  0.37 0.20
  131 S     1  -1   0  -2   2   1  -1  -1  -3  -2  -4   1  -3  -4  -3   5   0  -4  -3  -2    9   3   2   0   5   5   3   4   0   2   0   9   0   0   0  52   3   0   0   3  0.54 0.27
  132 S     2  -1   1  -1   0   1  -1   0  -2  -3  -3   0  -2  -3  -2   4   2  -4  -1  -1   16   1   7   3   2   7   0   5   0   0   1   6   0   0   0  37  11   0   2   3  0.36 0.21
  133 D    -2  -2   1   5  -4  -1   2   1  -2  -3  -4   0  -3  -4  -3   1  -1  -5  -4  -1    0   0   7  45   0   0  13  10   0   0   0   4   0   0   0  14   2   0   0   6  0.65 0.22
  134 S     2  -2  -1  -2   1  -2  -2  -1  -2  -3  -3  -2  -2  -4  -2   5   3  -4  -3  -2   14   0   0   0   4   0   0   2   0   0   0   0   0   0   0  64  17   0   0   0  0.70 0.22

                      K         Lambda
Standard Ungapped    0.1328     0.3159
Standard Gapped      0.0410     0.2670
PSI Ungapped         0.1328     0.3159
PSI Gapped           0.0410     0.2670
