
Last position-specific scoring matrix computed, weighted observed percentages rounded down, information per position, and relative weight of gapless real matches to pseudocounts
            A   R   N   D   C   Q   E   G   H   I   L   K   M   F   P   S   T   W   Y   V   A   R   N   D   C   Q   E   G   H   I   L   K   M   F   P   S   T   W   Y   V
    1 A     4  -2  -1  -2  -1  -1  -1   0  -2  -1  -2  -1  -1  -2  -1   1   2  -3  -2   0   79   0   0   0   0   0   0   0   0   0   0   0   0   0   0   0  19   0   0   2  0.39 0.03
    2 E    -1   1   1   3  -4   2   3  -2  -1  -3  -3   3  -2  -4  -2   0  -1  -4  -2  -3    0   0   4  20   0   6  29   0   0   0   0  40   0   0   0   0   0   0   0   0  0.52 0.05
    3 W    -3  -1  -4  -5  -3  -3  -4  -3  -3  -3  -3  -3  -2   0  -4  -4  -3  11   1  -4    0   5   0   0   0   0   0   0   0   0   0   0   0   0   0   0   0  95   0   0  2.75 0.14
    4 S     1  -1   5   2  -3  -1  -1  -1  -1  -3  -4   0  -2  -4  -2   1   0  -4  -3  -3   12   0  56  11   0   0   0   0   0   0   0   6   0   0   0  11   3   0   0   0  0.58 0.09
    5 G     0  -3   0  -2  -3  -2  -2   6  -2  -4  -4  -2  -3  -4   0   1  -1  -3  -3  -3    2   0   4   0   0   0   0  77   0   0   0   0   0   0   3  13   0   0   0   0  0.96 0.10
    6 E    -2   1   1   1  -4   2   4  -2  -1  -4  -3   3  -2  -4  -2  -1  -1  -4  -3  -3    0   6   6   6   0   5  46   0   0   0   0  30   0   0   0   0   0   0   0   0  0.61 0.09
    7 Y    -3  -3  -3  -4  -3  -3  -3  -2   2   0  -1  -3  -1   4  -4  -3  -3   2   7  -2    0   0   0   0   0   0   0   2   6   5   0   0   0  24   0   0   0   1  61   0  1.00 0.13
    8 I    -2  -4  -4  -4  -2  -4  -4  -5  -4   6   1  -4   0  -1  -4  -3  -1  -3  -2   3    0   0   0   0   0   0   0   0   0  86   2   0   0   0   0   0   0   0   0  12  0.81 0.13
    9 S    -1   0   3   0   0   0   0  -1   3  -3  -3   1  -2  -2  -2   3   1  -3   1  -3    0   2  17   3   2   2   5   0  12   0   0   8   0   0   0  39   4   0   5   0  0.32 0.07
   10 P    -2  -3  -3  -3  -4  -2  -2  -3  -3  -4  -4  -2  -4  -5   8  -2  -2  -5  -4  -4    0   0   0   0   0   0   0   0   0   0   0   0   0   0 100   0   0   0   0   0  2.50 0.19
   11 Y    -3  -3  -3  -4  -4  -3  -3  -4   1  -3  -2  -3  -2   2  -4  -3  -3   1   9  -2    0   0   0   0   0   0   0   0   0   0   0   0   0   0   0   0   0   0 100   0  1.76 0.21
   12 A     4  -3  -3  -3  -1  -2  -2  -2  -3   2  -1  -2  -1  -2  -2   0  -1  -3  -2   3   56   0   0   0   0   0   0   0   0  17   0   0   0   0   0   0   0   0   0  27  0.40 0.09
   13 E    -2  -1  -1   1  -5   1   6  -2  -1  -4  -3   0  -3  -4  -2  -1  -2  -4  -3  -3    0   0   0   3   0   2  90   2   0   0   3   0   0   0   0   0   0   0   0   0  1.03 0.15
   14 H    -3  -1  -1  -2  -4   0  -1  -3   9  -4  -4  -2  -3  -2  -3  -1  -3  -3   1  -4    0   0   0   0   0   2   0   0  94   0   0   0   0   0   0   2   0   0   2   0  1.75 0.20
   15 G    -1  -3  -1  -2  -4  -3  -3   7  -3  -5  -5  -2  -4  -4  -3  -1  -3  -4  -4  -4    0   0   0   0   0   0   0 100   0   0   0   0   0   0   0   0   0   0   0   0  1.51 0.15
   16 K    -1   1  -1   1  -4   1   2  -2  -1  -3  -2   5  -2  -4  -2   0  -1  -4  -3  -3    2   1   0   5   0   4  18   0   0   0   2  63   0   0   0   5   0   0   0   0  0.58 0.10
   17 K    -2   2  -1  -2  -4   0   0  -3  -2  -4  -3   6  -2  -4  -2  -1  -2  -4  -3  -3    0   5   0   0   0   0   0   0   0   0   0  95   0   0   0   0   0   0   0   0  1.02 0.16
   18 S     2   0   1  -1  -2   0  -1  -1  -1  -3  -3   1  -2  -3  -2   4   1  -3  -2  -2   19   2   7   0   0   2   0   0   0   0   0  13   0   0   0  51   6   0   0   0  0.40 0.08
   19 E    -1   0   0   1  -4   2   4   2  -1  -3  -2   0  -2  -3  -2   0  -1  -3  -3  -3    0   4   3   5   0   9  52  18   0   0   6   2   0   0   0   2   1   0   0   0  0.47 0.08
   20 Q     1   0   1  -1   0   5   1  -2   1  -3  -1   1  -1  -3  -2   0   0  -3  -2  -2   19   0   9   0   2  46   2   0   4   0   4   5   1   0   0   3   4   0   0   0  0.38 0.09
   21 V     0  -2  -2  -3  -1  -2  -2  -3  -3   3   1  -2   1  -1  -2   0   0  -3  -1   4    0   0   0   0   0   0   0   0   0  12   0   0   0   0   0  12   0   0   0  76  0.27 0.01
   22 K    -1   3   0  -1  -3   1   1  -2  -1  -3  -3   4  -1  -3  -1   0  -1  -3  -2  -2    0  21   0   0   0   0   0   0   0   0   0  79   0   0   0   0   0   0   0   0  0.53 0.01
   23 K    -1   2   0  -1  -3   1   1  -2  -1  -3  -3   5  -1  -3  -1   0  -1  -3  -2  -2    0   0   0   0   0   0   0   0   0   0   0 100   0   0   0   0   0   0   0   0  0.54 0.01
   24 I    -1  -2   1  -2  -2  -2  -3  -3  -2   3   1  -2   2  -1  -3  -2  -1  -3  -2   2    0   0  14   0   0   0   0   0   0  48   6   0  14   0   0   0   0   0   0  19  0.24 0.02
   25 T    -1  -1  -1  -2  -2   2  -1  -2  -1  -2  -2  -1  -1  -1  -2   0   5  -1   3  -1    0   0   0   0   0  17   0   0   0   0   0   0   0   0   0   0  67   0  16   0  0.46 0.08
   26 V    -1   1  -3  -3  -2  -2  -2  -4  -1   1   0  -1   1   0  -3  -2  -1  -1   3   4    0  15   0   0   0   0   0   0   0   0   0   0   3   0   0   0   0   0  19  63  0.33 0.09
   27 S     0   2   0  -1   1  -1  -1  -1  -1  -2   0   0  -1  -2  -2   4   0  -3  -2  -2    0  19   0   0   3   0   0   0   0   0  15   0   0   0   0  63   0   0   0   0  0.33 0.09
   28 I    -2  -3  -3  -4  -2  -3  -3  -4  -2   4   1  -3   0   3  -3  -3  -1  -1   3   2    0   0   0   0   0   0   0   0   0  53   0   0   0  19   0   0   0   0  15  13  0.43 0.08
   29 P    -2   2  -2  -2  -4  -1  -2  -3  -2  -4  -3  -1  -3  -4   7  -1  -2  -4  -3  -3    0  19   0   0   0   0   0   0   0   0   0   0   0   0  81   0   0   0   0   0  1.76 0.14
   30 L     1  -2  -3  -3  -1  -2  -3  -3  -3   2   3  -2   2   0  -3  -1   0  -2   0   1   15   0   0   0   0   0   0   0   0  12  50   0   4   3   0   0   8   0   2   6  0.25 0.05
   31 K    -1   2   1  -1  -3   1   1  -1   3  -3  -3   4  -2  -3  -2   0  -1  -3  -2  -3    0   5   8   0   0   0   7   2  11   0   0  60   0   0   0   5   2   0   0   0  0.46 0.08
   32 V    -1  -2  -2  -3  -1  -2  -2  -3  -2   2   1  -2   1   0  -3   0   0  -1   2   3    0   0   0   0   0   0   0   0   0  18   6   0   6   0   0  14   0   0  14  43  0.21 0.05
   33 L    -2  -2  -3  -4  -2  -2  -3  -4  -2   1   3  -3   3   2  -3  -3  -2   5   2   0    0   0   0   0   0   0   0   0   0   0  57   0  11  10   0   0   0  10  12   0  0.45 0.06
   34 K    -1   3   0   0  -4   3   3  -2   0  -3  -3   3  -1  -3  -2   0  -1  -3  -2  -3    0  25   0   0   0  25  25   0   0   0   0  25   0   0   0   0   0   0   0   0  0.50 0.04
   35 I    -1  -2  -2  -3  -1  -2  -2  -3  -3   3   1  -2   1  -1  -2  -1   1  -3  -2   3    0   2   0   0   0   0   1   0   0  40  12   0   1   0   1   0  17   0   0  27  0.24 0.02
   36 L    -2  -2  -4  -4  -1  -2  -3  -4  -3   2   4  -3   2   0  -3  -3  -1  -2  -1   1    0   0   0   0   0   0   0   0   0  14  83   0   3   0   0   0   0   0   0   0  0.46 0.02
   37 T     0  -1   0  -1  -1   2   0  -2  -1  -1  -2   0  -1  -3  -1   2   4  -3  -2  -1    0   0   0   0   0  14   0   0   0   0   0   0   0   0   0  15  70   0   0   0  0.42 0.03
   38 D    -2   0   2   6  -3   0   1  -1  -1  -3  -4   0  -3  -4  -2   0  -1  -4  -3  -3    0   7  11  75   0   0   0   0   0   0   0   0   0   0   0   7   0   0   0   0  0.74 0.03
   39 E    -1   0  -1   1  -4   2   5  -3   0  -3  -1   0  -2  -3  -1   0  -1  -3  -2  -2    0   0   0   0   0   0  92   0   0   0   8   0   0   0   0   0   0   0   0   0  0.70 0.04
   40 R    -2   6  -1  -2  -4   1   0  -3   0  -3  -2   2  -2  -3  -2  -1  -1  -3  -2  -3    0 100   0   0   0   0   0   0   0   0   0   0   0   0   0   0   0   0   0   0  0.89 0.04
   41 T     0  -1   0  -1  -1   1  -1  -2  -2  -1  -2   0  -1  -3  -1   1   5  -3  -2   0    0   0   0   0   0   7   0   0   0   0   0   7   0   0   0   0  86   0   0   0  0.47 0.04
   42 R    -2   6  -1  -2  -4   1   0  -3   1  -3  -2   2  -2  -3  -2  -1  -1  -3   0  -3    0  91   0   0   0   0   2   0   4   0   0   0   0   0   0   0   0   0   3   0  0.77 0.04
   43 R    -2   6  -1  -2  -4   1   0  -3   0  -3  -2   2  -2  -3  -2  -1  -1  -3  -2  -3    0 100   0   0   0   0   0   0   0   0   0   0   0   0   0   0   0   0   0   0  0.89 0.04
   44 Q    -1   0  -1  -1  -3   6   1  -2   0   0  -2   1   0  -3  -2  -1  -1  -2  -2  -1    0   0   0   0   0  86   0   0   0  14   0   0   0   0   0   0   0   0   0   0  0.57 0.04
   45 V    -1  -3  -2   0  -1  -2  -2  -3  -3   3   1  -2   1  -1  -3  -2   0  -3  -2   4    0   0   0   8   0   0   0   0   0  22   4   0   2   0   0   0   0   0   0  64  0.30 0.02
   46 N    -1   1   6   1  -3   0   0   0   1  -3  -3   1  -2  -3  -2   0   0  -4  -2  -3    3   5  76   0   0   1   0   3   1   0   1   7   0   0   0   2   0   0   0   0  0.59 0.04
   47 N    -2   0   6   1  -3   0   0  -1   0  -4  -4   1  -2  -3  -2   1   0  -4  -2  -3    0   0  88   0   0   0   0   0   0   0   0   8   0   0   0   4   0   0   0   0  0.75 0.04
   48 L    -2  -2  -3  -4  -2  -1  -3  -4  -3   1   4  -2   3   0  -3  -3  -1  -2  -1   1    0   0   0   0   0   2   0   0   0   0  89   0   8   0   0   0   0   0   0   0  0.48 0.03
   49 R    -2   6  -1  -2  -4   1   0  -3  -1  -3  -3   2  -2  -3  -2  -1  -1  -3  -2  -3    0  96   0   0   0   0   0   0   0   0   0   4   0   0   0   0   0   0   0   0  0.88 0.05
   50 H    -2  -1   0  -2  -3   0   0  -2   9  -4  -3  -1  -2  -2  -3  -1  -2  -3   1  -4    0   0   0   0   0   0   0   0 100   0   0   0   0   0   0   0   0   0   0   0  1.18 0.06
   51 A     5  -2  -2  -2  -1  -1  -1   0  -2  -2  -2  -1  -1  -3  -1   1   0  -3  -2   0  100   0   0   0   0   0   0   0   0   0   0   0   0   0   0   0   0   0   0   0  0.51 0.04
   52 T     0  -2  -1  -1  -1  -1  -1  -2  -2  -1  -2  -1  -1  -3   4   1   5  -3  -2  -1    0   0   0   0   0   0   0   0   0   0   0   0   0   0  21   0  79   0   0   0  0.62 0.04
   53 N     0  -1   5   0  -2   0  -1  -1   0  -2  -3   0  -2  -3  -2   1   3  -3  -2  -2    6   0  61   0   0   0   0   0   0   0   0   0   0   0   0   0  33   0   0   0  0.47 0.02
   54 S     3  -1   0  -1  -1   0   0   0  -1  -2  -2   0  -1  -3  -1   4   1  -3  -2  -1   33   0   0   0   0   0   0   0   0   0   0   0   0   0   0  67   0   0   0   0  0.40 0.02
   55 E     0  -1   1   2  -3   1   4  -1  -1  -3  -3   0  -2  -3  -1   2   0  -3  -2  -2    0   0   3  12   0   0  52   0   0   0   0   0   0   0   0  33   0   0   0   0  0.47 0.02
   56 L    -1  -3  -3  -4   6  -3  -3  -3  -3   1   3  -3   1   0  -3  -2  -1  -2  -2   0    0   0   0   0  33   0   0   0   0   0  67   0   0   0   0   0   0   0   0   0  0.49 0.02
   57 L    -1  -3  -3  -4   6  -3  -3  -3  -3   1   3  -3   1   0  -3  -2  -1  -2  -2   0    0   0   0   0  33   0   0   0   0   0  67   0   0   0   0   0   0   0   0   0  0.49 0.02
   58 C     0  -3  -3  -4   8  -3  -3  -3  -3   1   0  -3   0  -2  -3  -1  -1  -3  -2   2    0   0   0   0  57   0   0   0   0   0   0   0   0   0   0   0   0   0   0  43  0.67 0.02
   59 E    -1   1   0   1  -4   2   4  -2   0  -3  -3   3  -2  -3  -1   0  -1  -3  -2  -3    0   0   0   0   0   0  67   0   0   0   0  33   0   0   0   0   0   0   0   0  0.59 0.02
   60 A     3  -1  -1  -2  -1   0  -1  -1   5  -2  -2  -1  -1  -2  -1   1  -1  -3   0  -1   67   0   0   0   0   0   0   0  33   0   0   0   0   0   0   0   0   0   0   0  0.37 0.02
   61 F    -3  -3  -4  -4  -3  -4  -4  -4  -2  -1   0  -4   0   7  -4  -3  -3   0   3  -1    0   0   0   0   0   0   0   0   0   0   0   0   0 100   0   0   0   0   0   0  1.11 0.07
   62 L     0  -3  -3  -4   3  -2  -3  -3  -3   1   3  -3   1   2  -3  -2  -1  -2  -1   1   11   0   0   0  10   0   0   0   0   0  57   0   0  10   0   0   0   0   0  11  0.30 0.03
   63 H    -1  -1   0  -1  -2   0   0  -2   7  -2  -2  -1  -1  -2  -2   0   2  -3   1  -2    0   0   0   0   0   0   0   0  68   0   0   0   0   0   0   0  32   0   0   0  0.57 0.02
   64 A     3  -2  -2  -2  -1  -1  -1  -1  -2  -2  -2  -1  -2  -3   5   1   0  -3  -2  -1   63   0   0   0   0   0   0   0   0   0   0   0   0   0  37   0   0   0   0   0  0.68 0.01
   65 F    -2  -2  -3  -4  -2  -2  -3  -3  -1   0   2  -3   1   5  -3  -2  -2   1   4   0    0   0   0   0   0   0   0   0   0   0  37   0   0  43   0   0   0   0  21   0  0.44 0.00
   66 T     0  -2  -1  -1  -2  -1  -1  -2  -2  -1  -2  -1  -1  -3   5   1   4  -3  -2  -1    0   0   0   0   0   0   0   0   0   0   0   0   0   0  37   0  63   0   0   0  0.71 0.01
   67 G     0  -2   0  -1  -3  -2  -2   6  -2  -4  -4  -2  -3  -3  -2   0  -2  -3  -3  -3    0   0   0   0   0   0   0 100   0   0   0   0   0   0   0   0   0   0   0   0  1.06 0.01
   68 Q    -1   1   4   0  -3   5   1  -1   0  -3  -3   1  -1  -3  -2   0   0  -3  -2  -3    0   0  37   0   0  63   0   0   0   0   0   0   0   0   0   0   0   0   0   0  0.52 0.01
   69 P    -1  -2  -2  -2  -3  -1  -1  -2  -2  -3  -3   0  -2  -4   7  -1   0  -4  -3  -2    0   0   0   0   0   0   0   0   0   0   0   5   0   0  90   0   5   0   0   0  1.77 0.01
   70 L    -1  -3  -3  -4   6  -3  -3  -3  -3   1   3  -3   1   0  -3  -2  -1  -2  -2   0    0   0   0   0  33   0   0   0   0   0  67   0   0   0   0   0   0   0   0   0  0.47 0.01
   71 P    -1  -2  -2  -2  -3  -1  -1  -2  -2  -3  -3  -1  -3  -4   8  -1  -1  -4  -3  -2    0   0   0   0   0   0   0   0   0   0   0   0   0   0 100   0   0   0   0   0  2.03 0.00
   72 D    -1  -2   2   4   1   0   0  -1   0  -3  -3  -2  -3  -3  -3   1   2  -4   0  -2    5   0  10  32   3   3   5   4   2   0   0   0   0   0   0   7  21   0   4   2  0.43 0.14
   73 D    -4  -4  -1   7  -6  -2   3  -4  -3  -6  -6  -3  -5  -6  -4  -2  -3  -6  -5  -5    0   0   0  85   0   0  15   0   0   0   0   0   0   0   0   0   0   0   0   0  1.90 0.33
   74 A     0  -2   0   3   5  -1   4   0   1  -1  -3  -1  -3  -4  -3  -1  -1  -4  -3  -2    5   0   4  17  15   0  34   5   3   4   0   2   0   0   0   3   3   0   0   3  0.48 0.15
   75 D    -3  -2   2   7  -5  -1   2  -3  -2  -4  -5  -2  -4  -5  -3  -1  -2  -5  -4  -4    0   0   6  79   0   0  15   0   0   0   0   0   0   0   0   0   0   0   0   0  1.31 0.17
   76 L    -3  -3  -5  -5  -2  -3  -4  -5  -4   2   5  -4   1  -1  -4  -4  -2  -3  -2   0    0   0   0   0   0   0   0   0   0  10  90   0   0   0   0   0   0   0   0   0  0.92 0.15
   77 R     0   5   0  -1  -3   1   0  -2  -1  -3  -1   1   1  -2  -3   1  -1  -3  -2  -3    9  47   2   3   0   5   3   1   0   0   4   7   5   2   0  10   2   0   0   0  0.44 0.11
   78 K    -2   3  -2  -2  -5   0  -1  -3  -2  -4  -4   6  -3  -5  -3  -2  -2  -5  -3  -4    0  15   0   0   0   0   0   0   0   0   0  85   0   0   0   0   0   0   0   0  1.28 0.23
   79 E    -2  -2   2   6  -4  -1   3  -1  -2  -4  -4  -1  -4  -4  -2   0  -2  -5  -4  -3    2   0   9  57   0   0  22   2   0   0   0   0   0   0   0   5   0   0   0   2  0.89 0.16
   80 R    -2   4   4  -1   0   2  -1  -2   1  -4  -3   2  -2  -4  -3   0   0  -4  -1  -2    0  30  28   0   2   9   0   1   3   0   0  13   0   0   0   4   6   0   1   2  0.52 0.15
   81 S     0  -2   1   0  -3  -2   0  -3   2  -3  -4   0  -3  -4   6   1   0  -4  -1  -3    8   0   8   3   0   0   6   0   7   1   0   4   0   0  44  11   5   0   2   0  0.83 0.16
   82 D    -3  -2   2   5  -5   0   3  -3   3  -4  -4  -2  -4  -3  -3  -1  -1  -5  -2  -2    0   0  11  50   0   4  17   0   9   0   0   0   0   1   0   2   2   0   1   3  0.85 0.20
   83 E    -1   2   0   2  -3   1   2   0   1  -3  -3   1  -1  -3  -1   1   0  -4  -2  -2    0  11   3  16   0   3  20   9   3   1   1  11   2   0   1  11   3   0   1   1  0.28 0.10
   84 I    -1  -5  -5  -5  -3  -4  -5  -5  -5   6   1  -4   1  -2  -4  -4  -2  -4  -3   2    4   0   0   0   0   0   0   0   0  75  10   0   2   0   0   0   0   0   0  10  1.13 0.27
   85 P    -3  -4  -4  -4  -5  -3  -3  -4  -4  -5  -2  -1  -4  -6   8   0  -3  -6  -5  -4    0   0   0   0   0   0   0   0   0   0   4   3   0   0  87   7   0   0   0   0  2.35 0.39
   86 E     2  -1  -2  -1  -3   1   4  -2  -2  -3  -1   1  -1  -4  -2   0  -1  -4  -3  -2   25   0   0   0   0   5  41   1   0   0   8   9   1   0   0   6   3   0   0   2  0.46 0.17
   87 A     1   0  -1   0  -3   1   4  -2   0  -2  -1   1  -2  -3  -2   1   1  -4  -3  -1   13   2   0   3   0   5  38   0   1   0   6   8   0   0   0  11   7   0   0   5  0.36 0.14
   88 A     5  -3  -3  -4  -2  -3  -3  -2  -4   0  -2  -3  -2  -3  -3  -1   0  -4  -3   3   68   0   0   0   0   0   0   0   0   2   0   0   0   0   0   0   3   0   0  28  0.79 0.23
   89 K    -1   5  -2  -3  -4   2  -1  -3  -2  -4  -2   5  -3  -4  -3  -2  -2  -4  -3  -4    6  44   0   0   0   7   0   0   0   0   2  41   0   0   0   0   0   0   0   0  0.94 0.22
   90 E     0   2   0   1  -4   2   3  -3  -1  -2  -3   3  -1  -4  -2   0  -2  -4  -3  -1    8  13   3   6   0  12  26   0   0   2   1  21   1   0   0   3   0   0   0   4  0.39 0.12
   91 I     0  -2  -3  -2  -2   0  -1  -4  -3   4   2  -1   3  -1  -3  -3  -2  -3  -1   1    7   2   0   2   0   4   4   0   0  40  23   3  11   0   0   0   0   0   2   2  0.38 0.14
   92 M    -3  -4  -5  -5  -4  -3  -4  -5  -4  -1   3  -4   9  -2  -5  -4  -3  -3  -1  -1    0   0   0   0   0   0   0   0   0   0  21   0  76   0   0   0   0   0   2   0  1.75 0.38
   93 R     1   3  -1   1  -3   2   2  -3  -1  -1  -1   1  -1  -3  -2  -1   0  -3  -3  -1   12  21   0   8   0  11  20   0   1   3   6   5   1   0   0   1   6   0   0   3  0.27 0.10
   94 E     2   0   0   1  -4   1   5  -3  -2  -4  -4   1  -3  -4  -2  -1  -1  -4  -3  -3   20   5   4   6   0   4  50   0   0   0   0   7   0   0   0   0   3   0   0   0  0.65 0.19
   95 M    -3   0  -2  -4  -3   1  -3  -4   1   0   3  -1   7  -2  -4  -3  -1  -3  -2  -1    0   7   1   0   0   7   0   0   4   2  33   3  42   0   0   0   3   0   0   0  0.70 0.22
   96 G    -2  -4   0  -1  -4  -3  -4   7  -4  -6  -6  -3  -5  -5  -4  -1  -3  -4  -5  -5    0   0   4   3   0   0   0  91   0   0   0   0   0   0   0   2   0   0   0   0  1.69 0.30
   97 I    -2  -4  -4  -4  -2  -4  -4  -5   0   6   2  -3   0  -1  -4  -3  -2  -4  -2   2    0   0   0   0   0   0   0   0   3  71  17   2   0   0   0   0   0   0   0   8  0.83 0.17
   98 N    -2   0   2   5  -4   0   3  -2   1  -4  -4   0  -3  -4  -2   0  -1  -4  -3  -4    0   4   9  49   0   0  25   0   3   0   0   2   0   0   0   5   0   0   0   0  0.74 0.11
   99 P    -1  -2  -3  -3  -3  -2  -2  -3  -3   1  -1  -1  -2   1   6  -2  -2   3  -1  -1    2   0   0   0   0   0   0   0   0  16   2   5   0   8  54   0   0   5   2   2  0.96 0.11
  100 E    -2  -1   0   4  -4   0   5  -2  -1  -3  -3   0  -3  -4  -2  -1  -1  -4  -3  -3    1   0   3  34   0   0  54   1   0   0   1   0   0   0   0   1   4   0   0   0  0.77 0.10
  101 T     0  -1   0   3  -2   0   1  -2  -1  -2  -2   1  -2  -3  -1   1   2  -3  -2  -2    6   0   0  23   0   3   8   0   0   2   3  14   0   0   0  15  23   0   0   0  0.27 0.05
  102 W    -2  -3  -3  -3  -3  -2   1  -3  -2  -1  -1  -3   1   3  -4  -2  -2   9   3  -2    4   0   0   0   0   0  13   0   0   3   3   0   6  12   0   2   0  46  11   0  1.21 0.14
  103 E    -2  -1  -1   3  -4   2   5  -3  -1  -3  -4   0  -3  -4  -2  -1  -2  -4  -3  -2    0   0   0  16   0   7  73   0   0   0   0   0   0   0   0   0   0   0   0   4  0.89 0.13
  104 Y    -2  -2  -3  -4  -3  -2  -3  -4   1  -2  -2  -2  -2   3  -4  -2  -2   2   8  -2    0   0   0   0   0   0   0   0   0   0   0   0   0   0   0   0   0   0 100   0  1.25 0.08

                      K         Lambda
Standard Ungapped    0.1304     0.3128
Standard Gapped      0.0410     0.2670
PSI Ungapped         0.1304     0.3128
PSI Gapped           0.0410     0.2670
