
Last position-specific scoring matrix computed, weighted observed percentages rounded down, information per position, and relative weight of gapless real matches to pseudocounts
           A  R  N  D  C  Q  E  G  H  I  L  K  M  F  P  S  T  W  Y  V   A   R   N   D   C   Q   E   G   H   I   L   K   M   F   P   S   T   W   Y   V
    1 A    3 -1  0 -1 -1  0  0  0 -1 -2 -2  0 -1 -2 -1  3  1 -3 -2 -1   41   0   0   0   0   0   0   0   0   0   0   0   0   0   0  59   0   0   0   0  0.38 0.01
    2 A    2 -1  1 -1 -1  1 -1 -1 -1  1  0 -1  0 -2 -2  0  0 -3 -2  1   36   0  12   0   0  11   0   0   0   9   9   0   0   0   0   0   0   0   0  22  0.11 0.01
    3 A    3 -1 -1 -1 -1 -1 -1  0 -2 -2 -2 -1 -1 -2 -1  2  2 -3 -2 -1   53   0   0   0   0   0   0   0   0   0   0   0   0   0   0  21  26   0   0   0  0.35 0.03
    4 S    0  1  0  0 -2  0  2 -1 -1 -3 -3  0 -2 -3  2  3  1 -3 -2 -2    0   8   0   0   0   0  17   0   0   0   0   0   0   0   8  61   6   0   0   0  0.39 0.03
    5 Y   -2 -2 -3 -4 -3 -2 -3 -4  1 -1 -1 -2 -1  4 -3 -2 -2  2  7 -2    0   0   0   0   0   0   0   0   0   0   0   0   0  17   0   0   0   0  83   0  1.02 0.06
    6 D   -2 -1  1  6 -4  0  3 -2 -1 -4 -4 -1 -3 -4 -2 -1 -1 -4 -3 -3    0   0   0  72   0   0  28   0   0   0   0   0   0   0   0   0   0   0   0   0  0.91 0.06
    7 Q   -1  0  0  1 -3  5  3 -2  0 -3 -3  1 -1 -4 -2  0  0 -3 -2 -2    0   0   0   5   0  73  15   0   0   0   0   0   0   0   0   0   6   0   0   0  0.68 0.06
    8 L   -2 -3 -4 -4 -2 -3 -3 -4 -3  1  4 -3  2  0 -3 -3 -2 -2 -1  1    0   0   0   0   0   0   0   0   0   0 100   0   0   0   0   0   0   0   0   0  0.61 0.05
    9 L    0 -2 -3 -3 -1  1 -2 -3 -2  1  3 -2  1 -1 -2 -1 -1 -2 -1  2   13   0   0   0   0  13   0   0   0   5  47   0   0   0   0   0   0   0   0  22  0.21 0.03
   10 K   -1  3  0 -1 -3  4  1 -2  2 -3 -3  3 -1 -3 -2 -1 -1 -3 -1 -3    0  24   0   0   0  39   0   0   9   0   0  28   0   0   0   0   0   0   0   0  0.53 0.04
   11 Q   -1  2 -1 -1 -3  6  1 -2  0 -3 -2  1 -1 -2 -2 -1 -1 -1  2 -3    0  13   0   0   0  74   0   0   0   0   0   0   0   0   0   0   0   0  13   0  0.65 0.07
   12 V    0 -3 -3 -3 -1 -2 -3 -3 -3  2  0 -2  0 -1 -3 -1  1 -3 -2  4    0   0   0   0   0   0   0   0   0   0   0   0   0   0   0   0  13   0   0  87  0.44 0.06
   13 E    0 -1 -1  1 -4  1  6 -2 -1 -4 -3  0 -2 -4 -2  0 -1 -3 -2 -3    6   0   0   0   0   0  94   0   0   0   0   0   0   0   0   0   0   0   0   0  0.85 0.07
   14 A    2 -1  1 -1  2 -1 -1 -1 -2 -1 -2 -1 -1 -2 -1  3  0 -3 -2  1   26   0   6   0   7   0   0   0   0   0   0   0   0   0   0  44   0   0   0  17  0.25 0.03
   15 L   -2 -3 -4 -4 -2 -3 -3 -4 -3  1  4 -3  2  0 -3 -3 -2 -2 -1  1    0   0   0   0   0   0   0   0   0   0 100   0   0   0   0   0   0   0   0   0  0.61 0.05
   16 K    0  2  0 -1 -2  0  0 -2 -1 -2 -2  4 -1 -3 -1  1  2 -3 -2 -2    0   5   0   0   0   0   0   0   0   0   0  56   0   0   0  17  23   0   0   0  0.39 0.04
   17 M    3  0 -1 -2  2 -1 -1 -1 -2  0  0  0  1 -2 -2  1  0 -3 -2  0   45   4   0   0   6   0   0   0   0   5   7   4  11   0   0  13   4   0   0   0  0.17 0.02
   18 E   -1 -1 -1  1 -4  2  6 -3 -1 -4 -3  0 -2 -4 -2 -1 -1 -3 -2 -3    0   0   0   0   0   0 100   0   0   0   0   0   0   0   0   0   0   0   0   0  0.95 0.07
   19 N   -2 -1  7  1 -3  0 -1 -1  0 -4 -4 -1 -3 -4 -3  0  0 -4 -3 -3    0   0 100   0   0   0   0   0   0   0   0   0   0   0   0   0   0   0   0   0  1.02 0.08
   20 S    1 -1  0 -1 -1  1  0 -1 -1 -1 -2  0 -1 -3 -1  3  3 -3 -2  0   13   0   0   0   0  13   0   0   0   0   0   0   0   0   0  39  29   0   0   6  0.31 0.03
   21 N    0 -1  3 -1 -2  0  0 -1  6 -3 -3 -1 -2 -2 -2  2  1 -3  0 -3    0   0  17   0   0   0   0   0  40   0   0   0   0   0   0  36   7   0   0   0  0.49 0.05
   22 L   -2 -3 -4 -4 -2 -3 -3 -4 -3  1  4 -3  2  0 -3 -3 -2 -2 -1  1    0   0   0   0   0   0   0   0   0   0 100   0   0   0   0   0   0   0   0   0  0.61 0.05
   23 R   -2  5 -1 -2 -4  1  0 -2 -1 -3 -3  3 -2 -3 -2 -1 -1 -3 -2 -3    0  72   0   0   0   0   0   0   0   0   0  28   0   0   0   0   0   0   0   0  0.78 0.06
   24 Q    0  3  0  1 -3  3  1 -2 -1 -3 -2  2  0 -3 -2  0 -1 -3 -2 -2   13  31   0  13   0  32   0   0   0   0   0   7   4   0   0   0   0   0   0   0  0.37 0.03
   25 E   -1 -1 -1  1 -4  2  6 -3 -1 -4 -3  0 -2 -4 -2 -1 -1 -3 -2 -3    0   0   0   0   0   0 100   0   0   0   0   0   0   0   0   0   0   0   0   0  0.95 0.07
   26 L   -2 -2 -4 -4 -2 -2 -3 -4 -3  1  4 -3  3  0 -3 -3 -1 -2 -1  1    0   0   0   0   0   0   0   0   0   0  87   0  13   0   0   0   0   0   0   0  0.55 0.05
   27 E   -1  2  2  0 -3  3  2 -2  1 -3 -3  2 -2 -3 -2  0 -1 -3 -2 -3    0  10  19   0   0  22  21   0   4   0   0  17   0   0   0   7   0   0   0   0  0.39 0.03
   28 D   -2  3  2  5 -4  0  1 -2 -1 -3 -3  0 -3 -4 -2 -1 -1 -4 -3 -3    0  26  11  57   0   0   7   0   0   0   0   0   0   0   0   0   0   0   0   0  0.65 0.04
   29 N   -2 -1  5  0 -2 -1 -1 -1  0 -1  1 -1 -1 -2 -2  0  0 -3 -2 -2    0   0  68   0   0   0   0   0   0   0  26   0   0   0   0   7   0   0   0   0  0.47 0.05
   30 S    1 -1  0 -1 -1  0  0 -1 -1 -3 -3  1 -2 -3 -1  4  2 -3 -2 -2    0   0   0   0   0   0   0   0   0   0   0  13   0   0   0  81   7   0   0   0  0.49 0.06
   31 N    0 -1  2  0 -2  0 -1  2  2 -3 -3 -1 -2 -3 -1  4  1 -3 -2 -2    0   0  11   0   0   0   0  13   6   0   0   0   0   0   0  69   0   0   0   0  0.43 0.05
   32 H   -2  0  0 -1 -3  4  2 -2  7 -4 -3  0 -2 -2 -2 -1 -2 -3  0 -3    0   0   0   0   0  30  13   0  57   0   0   0   0   0   0   0   0   0   0   0  0.76 0.06
   33 L   -2  1 -3 -4  4 -2 -3 -4 -3  1  3 -2  1  0 -3 -2 -1 -2 -2  0    0  13   0   0  15   0   0   0   0   7  65   0   0   0   0   0   0   0   0   0  0.34 0.04
   34 T    0 -1  1  0  2  0  2 -1 -1 -2 -2  0 -2 -3 -1  2  3 -3 -2 -1    0   0   8   0   6   0  28   0   0   0   0   0   0   0   0  25  32   0   0   0  0.33 0.03
   35 K   -1  1 -1 -1 -3  2  2 -2 -1 -3 -1  4 -1 -3 -1 -1 -1 -3 -2 -2    0   0   0   0   0  11  13   0   0   0   6  70   0   0   0   0   0   0   0   0  0.49 0.05
   36 L   -2 -3 -4 -4 -2 -3 -3 -4 -3  1  4 -3  2  0 -3 -3 -2 -2 -1  1    0   0   0   0   0   0   0   0   0   0 100   0   0   0   0   0   0   0   0   0  0.61 0.06
   37 E   -1  0  0  2 -3  1  4 -2 -1 -3 -3  2 -2 -3 -1  0  1 -3 -2 -2    0   0   0   8   0   0  63   0   0   0   0  15   0   0   0   0  13   0   0   0  0.56 0.05
   38 T    0 -1  2  0 -1 -1 -1  0 -1 -2 -2 -1 -2 -3 -1  3  3 -3 -2 -1    0   0  18   0   0   0   0   6   0   0   0   0   0   0   0  34  42   0   0   0  0.39 0.04
   39 E   -1  0  0  2 -3  2  5 -2  0 -3 -3  0 -2 -3 -1  0 -1 -3 -2 -2    1   0   0   6   0   8  79   1   0   0   1   0   0   0   0   1   0   0   0   1  0.69 0.05
   40 A    2 -1  3  0 -1 -1 -1 -1 -1 -2 -2 -1 -1 -2 -1  1  2 -3 -2 -1   40   0  28   0   0   0   1   1   0   0   1   0   0   0   0   1  25   0   0   1  0.28 0.03
   41 S    0 -1  1 -1  2 -1 -1 -1 -1 -1 -1 -1 -1 -2 -1  3  2 -2 -2 -1    1   0   8   0   6   0   1   1   0   0   8   0   0   0   0  50  23   0   0   1  0.27 0.03
   42 N    0 -1  3  1 -2  0  0  1 -1 -2 -3 -1 -2 -3 -1  2  2 -3 -2 -2    1   0  28   9   0   0   1  11   0   0   1   0   0   0   0  33  14   0   0   1  0.32 0.03
   43 M   -1 -2 -3 -3 -2 -1 -2 -3 -2  2  2 -2  5  0 -2 -2 -1 -2 -1  1    1   0   0   0   0   0   1   1   0  16  21   0  57   0   0   1   0   0   0   1  0.38 0.05
   44 K   -1  2  0 -1 -3  3  1 -2 -1 -3 -2  5 -1 -3 -1  0 -1 -3 -2 -2    1   0   0   0   0  16   1   1   0   0   1  77   0   0   0   1   0   0   0   1  0.53 0.05
   45 E   -1 -1  0  5 -3  0  3 -2 -1 -2 -3  0 -2 -3 -1  0 -1 -3 -2 -1    1   1   1  56   0   1  28   1   0   1   1   1   0   1   1   1   1   0   0   6  0.58 0.04
   46 V    0 -2 -2 -2 -1 -1  1 -3 -2  2  1 -1  2 -1 -2 -1  0 -3 -1  3    7   0   0   0   0   0  15   0   0   0  13   0   8   0   0   0   0   0   0  54  0.19 0.03
   47 L   -1 -3 -4 -4 -1 -2 -3 -4 -3  2  4 -3  2  0 -3 -3 -1 -2 -1  2    0   0   0   0   0   0   0   0   0   0  83   0   0   0   0   0   0   0   0  17  0.50 0.05
   48 K    0  1 -1 -2 -2  0 -1  0 -2  0  0  2  0 -2 -2  1  1 -3 -2  1    0   6   0   0   0   0   0   9   0   0   7  26   0   0   0  13  11   0   0  27  0.10 0.02
   49 Q   -1  2  1 -1 -3  3  0 -2  6 -3 -2  0  1 -2 -2 -1 -1 -3  0 -2    6  18   6   0   0  20   0   0  41   0   0   0   9   0   0   0   0   0   0   0  0.44 0.05
   50 L   -1 -3 -4 -4 -1 -2 -3 -4 -3  2  4 -3  2  0 -3 -2 -1 -2 -1  2    0   0   0   0   0   0   0   0   0  12  65   0   0   0   0   0   0   0   0  23  0.42 0.04
   51 Q   -1  0  0 -1 -3  5  1  0  5 -3 -3  0 -1 -3 -2  0 -1 -3 -1 -3    0   0   0   0   0  59   0   9  25   0   0   0   0   0   0   6   0   0   0   0  0.56 0.06
   52 G    0 -2  1 -1 -2 -1 -2  4 -1 -2 -2 -1 -2  0 -2  1  1 -2  0 -1    0   0   9   0   0   0   0  44   0   0   0   0   0   7   0  15  13   0   5   7  0.33 0.03
   53 S    0  0  0  1 -2  0  0 -1 -1 -2 -2  2 -1 -3 -1  3  1 -3 -2 -1    0   0   0   7   0   0   0   0   0   0   0  27   0   0   0  49   9   0   0   8  0.27 0.02
   54 I   -1 -2 -3 -3 -1 -2 -3 -3 -3  3  3 -2  3  0 -3 -2  1 -2 -1  1    0   0   0   0   0   0   0   0   0  30  35   0  24   0   0   0  10   0   0   0  0.31 0.02

                      K         Lambda
Standard Ungapped    0.1175     0.3016
Standard Gapped      0.0400     0.2670
PSI Ungapped         0.1306     0.3166
PSI Gapped           0.0400     0.2670
