
Last position-specific scoring matrix computed, weighted observed percentages rounded down, information per position, and relative weight of gapless real matches to pseudocounts
            A   R   N   D   C   Q   E   G   H   I   L   K   M   F   P   S   T   W   Y   V   A   R   N   D   C   Q   E   G   H   I   L   K   M   F   P   S   T   W   Y   V
    1 A     4  -1  -2  -2   0  -1  -1   0  -2  -1  -2  -1  -1  -2  -1   1   0  -3  -2   0  100   0   0   0   0   0   0   0   0   0   0   0   0   0   0   0   0   0   0   0  0.42 0.01
    2 V     2  -1  -1  -2  -1   2   0  -1  -1   0  -1   0   0  -2  -1   0   2  -3  -2   1   27   0   0   0   0  26   0   0   0   0   0   0   0   0   0   0  20   0   0  27  0.16 0.01
    3 T     0  -1  -1  -2  -1  -1  -1  -2  -2   0   0  -1   3  -2  -2   1   5  -2  -2   0    0   0   0   0   0   0   0   0   0   0   0   0  21   0   0   0  79   0   0   0  0.42 0.04
    4 W    -3  -3  -4  -5  -3  -2  -3  -3  -3  -3  -2  -3  -2   1  -4  -3  -3  11   2  -3    0   0   0   0   0   0   0   0   0   0   0   0   0   0   0   0   0 100   0   0  2.63 0.08
    5 T     0   0   0  -1  -1   0  -1  -2  -2  -1  -2   2  -1  -3  -1   1   4  -3  -2  -1    0   0   0   0   0   0   0   0   0   0   0  21   0   0   0   0  79   0   0   0  0.43 0.04
    6 C    -1  -4  -3  -4   9  -3  -4  -3  -3  -2  -2  -3  -2  -3  -3  -1  -1  -3  -3  -1    0   0   0   0 100   0   0   0   0   0   0   0   0   0   0   0   0   0   0   0  1.50 0.07
    7 L     0  -1  -2  -2  -2   1  -1  -2  -2   2   1   1   2  -1  -2  -1  -1  -2  -1   1   13   0   0   0   0  12   0   0   0  17  16  17   8   0   0   0   0   0   0  17  0.11 0.02
    8 N    -2  -1   7   1  -3   0  -1  -1   0  -4  -4  -1  -3  -3  -2   0   0  -4  -3  -3    0   0 100   0   0   0   0   0   0   0   0   0   0   0   0   0   0   0   0   0  0.98 0.09
    9 D    -1   0   0   1  -2   1   1  -1  -1  -2  -2   2  -1  -2   3   0   2  -2  -2  -1    1   1   1   8   0   8  10   1   0   1   2  20   0   1  18   1  25   0   1   1  0.30 0.02
   10 Q    -1   1   0  -1  -3   6   1  -2   0  -2  -2   1  -1  -3  -1   0  -1  -2  -1  -2    1   1   1   1   0  84   1   1   0   1   2   1   0   1   1   1   1   0   1   1  0.64 0.06
   11 K    -1   0   2   0  -3   2   1   2  -1  -2   0   1  -1  -2  -2   0  -1  -3  -2  -2    0   0  17   0   0  17   9  24   0   0  17  15   0   0   0   0   0   0   0   0  0.21 0.02
   12 N    -1  -1   5   1  -2   0   0  -1   0  -2  -2   0  -2  -2  -1   1   2  -2  -2  -2    2   1  63   1   0   1   1   2   0   1   2   1   0   1   1   2  17   0   1   1  0.45 0.04
   13 P    -1  -2  -1  -1  -2  -1  -1  -2  -2  -2  -2  -1  -2  -2   6   0   1  -2  -2  -1    2   1   1   1   0   1   1   2   0   1   2   1   0   1  64   2  17   0   1   1  1.11 0.05
   14 K    -1   2   2  -1  -2   0   0  -1  -1  -1  -1   3  -1  -2  -1   0   0  -2  -1   0    2  10  15   1   0   1   1   2   0   1   2  40   0   1   1   2   1   0   1  17  0.17 0.02
   15 T     0  -1  -1  -1  -1  -1  -1  -2  -2   0   0  -1   0  -1   2   1   4  -2  -1   0    2   1   1   1   0   1   1   2   0   1  16   1   0   1  10   2  56   0   1   1  0.26 0.03
   16 N    -1  -1   4   2   4  -1   0   1   0  -2  -2  -1  -2  -2  -1   0   0  -2  -2  -2    2   1  42  15  16   1   1   9   0   1   2   1   0   1   1   2   1   0   1   1  0.33 0.03
   17 K    -1   1   2   0  -2   1   0  -1  -1  -2  -2   4  -1  -2  -1   0   1  -2  -2  -2    1   1  13   1   0   1   1   1   0   1   2  55   0   1   1   1  17   0   1   1  0.32 0.05
   18 Y     0  -1   2  -1  -1  -1  -1  -1   0  -2  -1  -1  -1   0   1   1   1   5   2  -1    2   2  15   2   1   1   2   2   1   2   3   2   1   1   7  18  14  13  11   2  0.24 0.02
   19 E     1  -1  -1   0  -2   1   3  -1  -1  -2  -2   0  -1  -2   3   0  -1  -2  -2  -1   14   2   1   2   1   1  44   2   1   2   3   2   1   1  17   2   2   0   1   2  0.37 0.03
   20 T     0  -1   1   2  -1  -1   0   1  -1   0  -1  -1  -1  -2  -1   0   2  -2  -1   1    2   2   7  14   1   1   2  14   1   2   3   2   1   1   2   2  28   0   1  16  0.12 0.02
   21 K    -1   1   0  -1  -2   1   0   1  -1  -2  -2   4  -1  -2  -1   0  -1  -2  -1  -2    2   2   1   2   1   1   2  14   1   2   3  60   1   1   2   2   2   0   1   2  0.29 0.04
   22 R    -1   3   2   2  -2   1   0  -1   0  -3  -2   1  -2  -3  -1   1   0  -3  -2  -2    1  29  10  16   0   9   1   1   0   1   1  10   0   0   1  17   1   0   0   1  0.30 0.03
   23 L    -2  -3  -4  -4  -2  -3  -3  -4  -3   3   3  -3   1   4  -3  -3  -2  -1   0   1    0   0   0   0   0   0   0   0   0  27  43   0   0  30   0   0   0   0   0   0  0.45 0.06
   24 L    -1   3  -1  -2  -2   2   0  -3  -1   0   1   2   0  -2  -2  -1   0  -3  -2   0    0  26   0   0   0  11   5   0   0   0  26  15   0   0   0   0   7   0   0  10  0.19 0.04
   25 Y    -2  -3  -3  -4  -2  -3  -3  -4  -1   4   0  -3   0   1  -3  -2  -1   0   5   2    0   0   0   0   0   0   0   0   0  48   0   0   0   0   0   0   0   0  37  15  0.49 0.08
   26 N    -1  -1   4   3  -3   0   0  -1  -1  -3  -4   1  -3  -3  -2   3   0  -4  -3  -3    0   0  31  18   0   0   0   0   0   0   0  13   0   0   0  37   0   0   0   0  0.52 0.12
   27 Q    -1   0  -1  -1  -3   5   3  -3   2  -1  -1   0  -1  -3  -2   0  -1  -3  -2   1    0   4   0   0   0  44  21   0   5   0   4   0   0   0   0   7   0   0   0  15  0.43 0.12
   28 N     1  -1   5   3  -2  -1   0   0  -1  -3  -3  -1  -3  -3  -2   2   0  -4  -3  -3   15   0  42  20   0   0   0   4   0   0   0   0   0   0   0  19   0   0   0   0  0.52 0.11
   29 K     0   1   2   1  -3   0   0  -2  -1  -2  -2   4  -2  -2  -2   1  -1  -3   0   0    5   6  13   8   0   0   0   0   0   0   0  46   0   0   0   9   0   0   5  10  0.29 0.09
   30 A     6  -2  -3  -3  -1  -2  -2  -1  -3  -2  -2  -2  -2  -3  -2   0  -1  -4  -3  -1  100   0   0   0   0   0   0   0   0   0   0   0   0   0   0   0   0   0   0   0  0.94 0.21
   31 E     0   0  -1   0  -3   2   4  -3  -1   0   0   2  -1  -3  -2  -1  -1  -3  -2   0    8   0   0   0   0   7  42   0   0   5   8  17   0   0   0   0   0   0   0  12  0.31 0.09
   32 S     1   0   1   0  -2   1   1   2   2  -3  -3   0  -2  -3  -2   2   0  -3  -2  -3    8   6   5   4   0   6  13  16   7   0   0   0   0   0   0  34   0   0   0   0  0.30 0.08
   33 N     0  -1   5   0  -3   2  -1  -2  -1  -2   0  -1  -1  -3  -2   0   1  -3  -2  -2   11   0  48   0   0  15   0   0   0   0  14   0   0   0   0   0  13   0   0   0  0.42 0.13
   34 S     1  -2  -2  -3  -1  -2  -2  -2  -2   2   1  -2   3  -1  -2   1   0  -3  -2   2   17   0   0   0   0   0   0   0   0  21   4   0  14   0   0  19   4   0   0  20  0.21 0.08
   35 H     0   2   0  -2  -3   0  -1  -3   8  -4  -3   1  -2  -2  -3  -1  -2  -3   0  -3    9  15   0   0   0   0   0   0  68   0   0   8   0   0   0   0   0   0   0   0  0.96 0.16
   36 H     2  -1   1  -1  -2   3   0  -2   6  -3  -3  -1  -2  -3  -2   0  -1  -3  -1  -2   27   0   6   0   0  23   4   0  34   0   0   0   0   0   0   6   0   0   0   0  0.50 0.13
   37 A     5  -2  -2  -3  -1  -2  -2  -1  -2  -2  -2  -2  -2  -3  -2   1  -1  -3  -3  -1   96   0   0   0   0   0   0   0   0   0   0   0   0   0   0   4   0   0   0   0  0.80 0.19
   38 P    -2  -3  -3  -2  -4  -2  -2  -1  -3  -4  -4  -2  -4  -5   8  -2  -2  -5  -4  -3    0   0   0   0   0   0   0   6   0   0   0   0   0   0  94   0   0   0   0   0  2.25 0.23
   39 L    -1  -1  -3  -3  -2  -2  -3  -4  -3   2   3  -2   1   1  -1  -2   0  -2  -1   2    3   3   0   0   0   0   0   0   0  16  50   0   0   6   3   0   5   0   0  13  0.31 0.07
   40 S     0  -2   0   1  -2  -1   1   1   2  -1  -2  -1  -1  -2  -2   2   2  -3   0   1    0   0   0   9   0   0   8   9  10   0   0   0   0   0   0  21  22   0   5  15  0.17 0.07
   41 D     0  -1   0   4  -3  -1   0  -2  -2  -2  -2   1  -2  -3   2   0   1  -4  -3  -2   12   0   3  41   0   0   0   0   0   0   3  14   0   0  10   0  16   0   0   0  0.42 0.10
   42 G    -1  -2  -1  -2  -3  -2  -2   5   2  -3  -3   0  -3  -3   1  -1   0  -3  -2  -3    0   0   0   0   0   0   0  68   8   0   0   7   0   0   6   0   8   0   0   0  0.74 0.12
   43 K    -1   3  -1   0  -3   1   1   1  -1  -2  -3   4  -2  -3  -2   0   0  -3  -2  -2    0  18   0   3   0   2   7  10   0   0   0  41   0   0   0   6   5   0   0   4  0.34 0.08
   44 T    -1  -1   1  -1  -2  -1  -1  -2   1  -2  -2   0  -2  -3  -2   2   5  -3  -2  -1    0   0   7   0   0   0   0   0   5   0   0   4   0   0   0  21  60   0   0   3  0.52 0.14
   45 G    -1  -1  -1  -1  -3  -1   0   5  -2  -4  -4   3  -3  -4  -2  -1  -2  -3  -3  -3    0   0   0   0   0   0   7  63   0   0   0  30   0   0   0   0   0   0   0   0  0.78 0.14
   46 S     0   1   0   1  -1   0   0  -1  -1  -2  -2   0  -1  -2  -1   3   1  -2  -1  -1    3  10   1   7   1   1   2   2   1   2   3   2   1   1   2  49  10   0   1   2  0.25 0.06
   47 S     0  -1   0  -1  -1   0  -1   3  -1  -2  -2  -1  -1  -2  -1   2   0  -2  -1  -1    3   2   2   2   1   4   2  30   1   2   3   2   1   1   2  35   2   0   1   2  0.27 0.05
   48 Y    -3  -3  -3  -4  -3  -2  -3  -4   1  -2  -2  -3   0   3  -4  -2  -2   1   8  -2    0   0   0   0   0   0   0   0   0   0   0   0   4   6   0   0   0   0  86   0  1.34 0.22
   49 P    -2  -3  -3  -3  -4  -2  -2  -3  -3  -4  -4  -2  -4  -5   8  -2  -2  -5  -4  -3    0   0   0   0   0   0   0   0   0   0   0   0   0   0 100   0   0   0   0   0  2.49 0.26
   50 H    -3  -1  -1  -2  -4   1  -1  -3   9  -4  -4  -2  -3  -2  -3  -2  -3  -3   2  -4    0   0   0   0   0   5   0   0  89   0   0   0   0   0   0   0   0   0   6   0  1.62 0.26
   51 W    -2   0  -1   2  -3   1   2  -1  -1  -3  -2   1  -2   0   2  -1   0   6   0  -3    0   6   0  16   0   7  16   3   0   0   0   8   0   7  10   0   5  20   0   0  0.43 0.08
   52 F    -3  -3  -3  -4  -3  -3  -4  -4  -2  -1   1  -3  -1   7  -4  -3  -3   0   3  -1    0   0   0   0   0   0   0   0   0   0   9   0   0  81   0   0   0   0   6   0  1.05 0.18
   53 T     0   0   1  -1  -2   2   0   0   2  -2  -1   2   0  -2   0   0   1  -2   1  -2    4   0  10   0   0  15   0   6   7   0   5  17   5   0   3   5  16   0   6   0  0.14 0.05
   54 N    -2   0   7   0  -3  -1  -1  -1   0  -4  -4  -1  -3  -4  -3   1  -1  -4  -3  -3    0   5  84   0   0   0   0   0   0   0   0   0   0   0   0   6   0   0   0   0  1.03 0.19
   55 G     1  -1   1  -1  -1  -1  -1   3  -1  -1   0  -1  -1   0  -1   0  -1  -1  -1  -1   11   2   9   2   1   2   3  34   1   5  10   2   1   4   2   3   2   1   1   3  0.16 0.02
   56 Y    -1  -1  -1  -1  -2   1  -1  -1   3  -1  -1  -1  -1   1  -1  -1  -1   1   5  -1    6   2   2   2   1   8   2   6  12   2   3   2   1   1   2   2   2   0  43   2  0.36 0.07
   57 D    -1  -1   2   4  -2   0   1   0  -1  -2  -2  -1  -2  -2  -1   0   0  -2  -2  -2    3   2  13  42   1   1   7   8   1   2   3   2   1   1   2   2   7   0   1   2  0.35 0.05
   58 G     0  -1   1  -1  -2  -1  -1   4   1  -2  -2  -1  -2  -2  -1   0  -1  -2  -1  -2    6   2   8   2   1   1   2  54   6   2   3   2   1   1   2   2   2   0   1   2  0.44 0.06
   59 D    -1  -1   1   3  -2   0   1   0   1  -1  -1  -1  -1  -1  -1   0  -1  -1   1  -1    3   2   6  31   1   2   8   8   5   2  10   2   1   2   2   3   2   1   6   3  0.17 0.03
   60 G     0  -1   0  -1  -2   0  -1   4   3  -1  -1   0  -1  -1  -1   0  -1  -1  -1  -1    3   2   2   2   1   6   3  40  12   7   4   5   1   2   2   3   2   1   1   3  0.24 0.04
   61 K     0   2   1   0  -2   1   1  -1   2  -2  -1   3  -1  -2  -1   0   0  -1  -1  -1    6  12   6   2   1   2   7   3   7   2   4  31   1   2   2   6   2   1   1   3  0.16 0.03
   62 L    -1  -1  -1  -1  -1  -1   0  -2  -1   1   2  -1   1   1  -1  -1  -1   3   1   1    3   2   2   2   1   2  12   3   1   7  30   2   1   6   2   3   2   5   4  13  0.08 0.02
   63 P     0  -1  -1  -1  -1   1   0  -1  -1   0   0   0  -1  -1   5   0  -1  -1  -1  -1    8   2   2   2   1   8   3   3   1   9   8   6   1   2  35   3   3   1   1   3  0.41 0.03
   64 K    -1   1   1   1  -1   0   1  -1   1  -1  -1   2   1  -1   0   0   0  -1  -1  -1    4   2   7   8   1   2   6   3   4   2   4  31  10   2   2   3   3   1   1   3  0.11 0.03
   65 G     0  -1   1   0  -1   0   0   2   0  -1  -1   0  -1  -1   1   0   0  -1   1  -1    4   3  13   3   1   2   3  22   1   6   5   3   1   2   7   4   8   1   8   3  0.09 0.01
   66 R    -1   2   1  -1  -1   1   0  -1   0  -1  -1   1  -1   0  -1   0   0  -1   1  -1    4  21   9   2   1   6   3   3   1   2   4  15   1   5   2   3   3   1   7   6  0.10 0.02
   67 T     0   0   0   0   1   0   0  -1   1  -1  -1   0   0  -1   2   0   1   2   0  -1    4   3   5   3   6   2   7   4   7   3   5   5   3   2  13   7  14   4   2   3  0.12 0.01
   68 P     0  -1   1   0  -1   0   0   0  -1  -1  -1   0  -1  -2   5   0   0  -1  -1  -1    4   3  13   3   1   2   3  10   1   3   5   6   1   2  32   4   3   1   2   3  0.40 0.03
   69 I    -1  -2  -1  -2  -1  -2  -2  -2  -2   4   2  -2   1   1  -2  -2  -1  -1   0   1    2   1   4   1   0   1   2   2   1  51  17   1   1   6   1   2   1   0   4   2  0.21 0.06
   70 K     0   1  -1  -1  -2   1   2  -2  -1  -2  -2   4  -1  -2   0  -1  -1  -2  -2  -1    4   1   1   1   0   1  12   2   0   1   2  58   0   1   4   1   1   0   1   8  0.36 0.09
   71 F    -2  -2  -3  -3  -2  -2  -2  -3  -2  -1  -1  -1  -1   6  -3  -2  -2   7   2  -2    1   1   1   1   0   1   1   1   0   1   2   4   0  55   1   1   1  24   1   1  0.92 0.13
   72 G     0  -2  -1   1   1  -1  -1   2   1  -2  -2  -1  -2  -3   4   0  -1  -3  -2  -2   10   1   1  12   4   1   1  22   6   1   2   1   0   1  30   6   1   0   1   1  0.47 0.06
   73 K     0   0   4   0  -2   0   0  -1   1  -2  -2   2  -2  -2  -1   1   0  -3  -2  -1    8   1  43   1   0   1   1   1   4   1   2  19   0   1   1   9   1   0   1   5  0.33 0.08
   74 S     1   1   1  -1  -2   0   0   1  -1  -2  -2   2  -1  -2  -1   1   1  -2  -2  -1   19   8   6   1   0   1   1  12   0   1   2  22   0   1   1  15   7   0   1   1  0.17 0.04
   75 D    -1   1   2   2   1   1   1  -1   2  -2  -2   2  -2  -2  -1   0  -1  -2  -1  -2    2   7  14  15   5   5   7   2   9   1   2  26   0   1   1   1   1   0   1   1  0.24 0.05
   76 C    -1   0  -2  -2   9  -2  -2  -2  -2  -1   0  -2  -1  -2  -2  -1  -1  -2  -2  -1    2   6   1   1  66   1   2   2   1   1   7   1   1   1   1   2   1   0   1   2  0.99 0.12
   77 D    -1  -1   4   3  -2   0   0  -1   0  -2  -2   0  -2  -2  -1   1   0  -2   0  -2    2   2  43  19   1   1   2   2   1   2   3   2   1   1   2  10   2   0   4   2  0.37 0.06
   78 R     0   3   1   0  -2   0   0  -1   2  -1  -1   1  -1  -1  -1   0   0  -1  -1  -1    6  25   9   5   1   2   3   3   7   2   4  13   1   2   2   3   7   1   1   3  0.15 0.02
   79 P     0  -1  -1  -1  -1   0   0  -1  -1  -1  -1   0  -1  -1   5   0   0  -1  -1  -1    9   3   3   3   1   3   4   4   1   3   5   3   1   2  39   4   3   1   2   4  0.50 0.02
   80 P     0  -1  -1  -1  -1   0   0  -1  -1  -1   0   0   0  -1   4   0   1  -1  -1  -1    5   3   3   3   1   3   4   5   1   3  12   4   1   2  29   4  10   1   2   4  0.30 0.02
   81 K     0   2   0   0  -1   1   0  -1   0  -1  -1   3  -1  -1   0   0   0  -1  -1  -1    4   8   2   3   1   9   3   4   1   3   5  36   1   2   3   7   3   1   2   3  0.16 0.02
   82 H    -1   2   0  -1  -1   0   0   0   5  -1  -1   0  -1  -1  -1   0   0  -1   0  -1    4  15   2   3   1   2   3   6  31   3   5   3   1   2   3   4   6   1   2   3  0.20 0.03
   83 S     0  -1   0  -1  -1   0  -1   2  -1  -1  -1  -1  -1   1  -1   2   0  -1  -1  -1    6   2   2   2   1   2   3  18   1   2   4   2   1   8   2  35   2   1   1   5  0.13 0.03
   84 K     0   1   1   0  -2   2   1  -1   0  -2  -2   3  -1  -2  -1   1   0  -2  -1  -1    3   7   8   2   1  13   5   3   1   2   3  31   1   1   2  10   2   1   1   2  0.19 0.03
   85 D     0   0   2   2  -1   0   0   2  -1  -2  -1   0  -1   0  -1   0   0  -1  -1  -1    9   5  12  16   1   2   2  17   1   2   3   2   1   8   2   8   5   0   1   2  0.12 0.02
   86 G     0  -1  -1  -1   2  -1  -1   3  -1  -2  -2   0  -1  -2   2   0  -1  -1  -1  -1    7   2   2   2   7   2   3  33   1   2   4  11   1   2  12   3   2   1   1   3  0.24 0.02
   87 N     0   0   2   2  -2   0   0   1   1  -1  -1   0   1  -2  -1   1   0  -2  -1  -1    3   2  15  14   1   1   2  13   4   2   3   8   8   1   2  15   2   0   1   2  0.13 0.02
   88 G     1  -1  -1  -1  -2  -1  -1   5  -1  -2  -2  -1  -2  -2  -1   0  -1  -2  -2  -2   14   2   1   2   1   1   2  59   1   2   3   2   1   1   2   2   2   0   1   2  0.53 0.06
   89 K     0   1  -1  -1   4   0   0  -1  -1   0  -1   3  -1  -2  -1   0   0  -2  -1   0    9   6   1   1  14   1   4   2   1   8   3  35   1   1   1   2   5   0   1   5  0.15 0.04
   90 T     0   1   2   1  -2   0   1   0  -1  -2  -2   2  -1  -2  -1   1   0  -2  -2  -2    5   7  18  10   1   1   6   8   1   1   2  20   1   1   1  11   4   0   1   2  0.18 0.03
   91 D    -1  -1   2   4  -2   0   0   0  -1  -2  -2  -1  -2  -2   2   0   0  -2  -2  -2    3   2  17  34   1   1   2   9   1   2   3   2   1   1  10   2   5   0   1   2  0.31 0.04
   92 H     0   0   1  -1  -2   1   0  -1   5  -1  -1   1  -1  -1   1   0  -1  -1   0  -1    6   2   5   2   1   5   6   3  30   2   4  13   1   2   6   3   2   1   1   7  0.21 0.04
   93 Y     0   1  -1  -1  -2   0  -1  -1   2  -1   0   1   1   1  -1  -1   0   0   4  -1    6   8   1   2   1   1   2   2   5   2   7  10   7   1   2   2   4   0  32   2  0.17 0.04
   94 L    -2  -3  -4  -4  -2  -3  -4  -4  -3   1   5  -3   3   0  -4  -3  -2  -2  -2   0    0   0   0   0   0   0   0   0   0   0  94   0   6   0   0   0   0   0   0   0  0.77 0.15
   95 L    -2   3  -3  -4  -2  -2  -3  -4  -3   0   4  -1   1   1  -3  -3  -2  -2  -1   0    0  23   0   0   0   0   0   0   0   0  73   0   0   4   0   0   0   0   0   0  0.49 0.12
   96 E    -1  -1  -1   1  -4   1   6  -3  -1  -4  -2   0  -3  -4  -2  -1  -2  -4  -3  -3    3   0   0   0   0   0  93   0   0   0   4   0   0   0   0   0   0   0   0   0  1.03 0.19
   97 F    -3  -3  -3  -4  -3  -3  -4  -4  -1   0   0  -3  -1   6  -4  -3  -2   0   5  -1    0   0   0   0   0   0   0   0   0   7   6   0   0  59   0   0   0   0  27   0  0.91 0.15
   98 P    -2  -3  -3  -2  -4  -2  -2  -3  -3  -4  -4  -2  -4  -5   8  -2  -2  -5  -4  -3    0   0   0   0   0   0   0   0   0   0   0   0   0   0 100   0   0   0   0   0  2.46 0.23
   99 T    -1  -3  -3  -3  -1  -3  -3  -4  -3   2   2  -3   0  -1  -3  -2   1  -3  -2   4    0   0   0   0   0   0   0   0   0  11  18   0   0   0   0   0  13   0   0  58  0.41 0.10
  100 F    -3  -3  -3  -4  -3  -3  -3  -4  -2  -1  -1  -1  -1   7  -4  -1  -2   0   3  -2    0   0   0   0   0   0   0   0   0   0   0   4   0  82   0   7   0   0   7   0  1.01 0.17
  101 P     2  -1  -2  -1  -2   2   1  -2  -1  -2  -2   1   0  -3   4   0  -1   2  -2  -2   29   0   0   0   0  16  10   0   0   0   0   7   4   0  27   3   0   4   0   0  0.49 0.09
  102 D    -2   0   2   5  -4   2   2  -2  -1  -3  -3   0  -3  -4  -2  -1  -1  -4  -3  -2    0   6   8  58   0  16   7   0   0   0   0   0   0   0   0   0   0   0   0   4  0.70 0.12
  103 G    -1  -2  -1   0  -3   0  -2   5   4  -4  -4  -2  -3  -3  -3  -1  -2  -3  -2  -4    0   0   0   7   0   4   0  73  16   0   0   0   0   0   0   0   0   0   0   0  0.94 0.14
  104 H     0  -1  -1  -2  -4  -1  -1  -3   9  -4  -4   0  -2  -2  -3  -2  -2  -3   1  -4    8   0   0   0   0   0   0   0  88   0   0   4   0   0   0   0   0   0   0   0  1.47 0.23
  105 D     0  -1  -2   1  -2   0   1  -3  -2   0   2   1   0   1   1  -1  -1  -2  -1  -1    6   0   0   9   0   2   9   0   0   3  36  20   0   7   7   0   0   0   0   0  0.12 0.05
  106 Y    -2  -3  -3  -4  -3  -2  -3  -4   0  -1  -1  -3  -1   4  -4  -3  -2   4   7   0    0   0   0   0   0   0   0   0   0   0   0   0   0  15   0   0   0   6  69   7  1.10 0.18
  107 K    -2  -1   2   1  -3   1   0  -2  -1  -3  -3   1  -2  -3   5  -1  -1  -3   1  -3    0   0  19   9   0   9   3   0   0   0   0  10   0   0  40   0   0   0   7   0  0.73 0.11
  108 F    -3  -2   0  -3  -3  -2  -3  -4   0   0  -1  -1  -1   5  -4  -2  -2   0   6  -1    0   0   6   0   0   0   0   0   0   7   0   6   0  41   0   0   0   0  40   0  0.78 0.15
  109 D    -2  -2   2   6  -3  -1   0   0  -1  -3  -4  -1  -3  -3  -2  -1  -2  -3   1  -3    1   0  13  68   0   0   0   8   0   0   1   0   0   0   0   0   0   0   7   0  0.81 0.14
  110 S     0  -1   2   0  -2   1   1  -1  -1  -1  -2   0  -1  -2   1   2   1  -2  -2  -1    2   1  14   1   0   7   9   2   0   1   2   5   0   1   6  29  11   0   1   7  0.20 0.05
  111 K    -1   3  -1  -1  -3   1   1   0  -1  -3  -3   4  -2  -3  -2   0  -1  -3  -2  -3    1  23   0   0   0   3   4   8   0   0   1  49   0   0   0   7   1   0   0   1  0.46 0.10
  112 K     1   2   0  -1  -2   1   1  -1   1  -2  -2   3  -1  -2  -1   0   1  -2  -1  -2   15   7   3   1   0   4   7   1   4   1   2  38   0   1   1   1  11   0   1   1  0.24 0.06
  113 P    -1  -2  -1   0  -3  -2  -1  -3   2  -4  -4  -2  -3  -4   7   1  -1  -4  -3  -3    0   0   3   7   0   0   0   0   7   0   0   0   0   0  70  10   3   0   0   0  1.47 0.18
  114 K    -1   1   0  -1  -4   0   0   1  -2  -4  -3   5  -2  -4   2  -1  -1  -4  -3  -3    4   0   3   0   0   0   0  13   0   0   0  71   0   0  10   0   0   0   0   0  0.63 0.15
  115 E     0  -1  -1   2  -3   3   3  -2   1  -3  -2   0   0  -3   1   0   0  -3  -2  -2   11   0   0  11   0  18  33   0   5   0   3   0   4   0   7   5   3   0   0   0  0.36 0.08
  116 N    -2  -1   2   5  -4  -1   1  -2  -1  -2  -2   1  -2   0  -2  -1  -1  -4  -2  -2    0   0  14  49   0   0   6   0   0   0   4  15   0   7   0   0   0   0   0   4  0.50 0.11
  117 P    -1  -2  -2   0  -3  -1  -1  -2  -2  -1  -2   0  -2  -3   7   0   0  -3  -3  -2    4   1   1   4   0   0   1   1   0   6   1   6   0   0  64   4   5   0   0   1  1.20 0.13
  118 G    -1  -3  -1  -2  -3  -2  -1   6  -3  -4  -4  -2  -3  -4  -3  -1   0  -3  -4  -4    0   0   0   0   0   0   4  88   0   0   0   0   0   0   0   0   7   0   0   0  1.17 0.15
  119 P     0  -3  -1  -2  -3  -2  -2  -3  -2  -1   1  -2  -1  -2   6  -1  -1  -3   0  -2    7   0   4   0   0   0   0   0   0   3  18   0   0   0  61   4   0   0   4   0  1.10 0.13
  120 A     3  -2   0  -2  -1  -2  -2  -1  -2   0  -1  -2  -1   3  -2   0  -1  -2   0   1   54   0   7   0   0   0   0   0   0   7   0   0   0  21   0   0   0   0   0  11  0.29 0.10
  121 R    -2   7  -1  -3  -4   0  -1  -3  -1  -4  -3   1  -2  -4  -3  -2  -2  -4  -3  -4    0 100   0   0   0   0   0   0   0   0   0   0   0   0   0   0   0   0   0   0  1.36 0.21
  122 V     1  -3  -3  -3  -1  -3  -3   0  -3   1   1  -3   0  -2  -3  -2  -1  -3  -2   4   14   0   0   0   0   0   0   9   0   0   9   0   0   0   0   0   0   0   0  68  0.39 0.11
  123 I    -2  -4  -4  -4  -2  -3  -4  -4  -4   5   1  -3   0  -1  -3  -3  -1  -3  -2   3    0   0   0   0   0   0   0   0   0  76   0   0   0   0   0   0   0   0   0  24  0.73 0.14
  124 Y     1  -3  -3  -4  -3  -2  -3  -3   0  -2  -2  -2  -2   3  -3  -2  -2   1   7  -2   21   0   0   0   0   0   0   0   0   0   0   0   0  12   0   0   0   0  68   0  0.96 0.17
  125 T     1  -2  -1  -2  -2  -1  -1  -2  -2  -2  -2  -1  -2  -3  -2   2   5  -3  -2  -1   13   0   0   0   0   0   0   0   0   0   0   0   0   0   0  17  70   0   0   0  0.65 0.15
  126 Y     2  -1   0  -2  -2  -1  -1  -2   1  -2  -2   1   0   0  -2  -1  -1   3   5  -2   27   0   7   0   0   0   0   0   4   0   0  18   3   0   0   0   0   4  37   0  0.39 0.11
  127 P    -2  -2  -1   2  -3  -1   1  -1   1  -3  -3  -1  -3  -4   6  -1  -2  -4  -3  -1    0   0   0  17   0   0  11   4   5   0   0   0   0   0  56   0   0   0   0   7  1.07 0.13
  128 N    -1  -1   3   3  -2  -1   0   0   1  -3  -3   0  -2  -3  -2   2   2  -4  -2  -2    0   0  23  23   0   0   0   7   3   0   0   5   0   0   0  23  15   0   0   0  0.39 0.08
  129 K    -1   3   1  -1  -4   0   0   0   2  -4  -3   5  -2  -4  -2  -1  -1  -4  -2  -3    0  21   7   0   0   0   0   7   7   0   0  59   0   0   0   0   0   0   0   0  0.58 0.12
  130 V    -1   0   0   3  -3  -1   1  -2   2  -1   0  -1  -1  -1  -2   0   0  -2   1   0    0   4   0  32   0   0   9   0   9   0  11   0   0   0   0   7   6   0   7  15  0.20 0.06
  131 F    -3  -3  -4  -4  -3  -3  -4  -4  -1  -1   1  -3  -1   6  -4  -3  -3   0   5  -1    0   0   0   0   0   0   0   0   0   0  11   0   0  68   0   0   0   0  21   0  1.00 0.15
  132 C    -2  -5  -4  -5  10  -4  -5  -4  -4  -2  -2  -4  -3  -4  -4  -2  -2  -4  -4  -2    0   0   0   0 100   0   0   0   0   0   0   0   0   0   0   0   0   0   0   0  2.32 0.26
  133 G     0  -3  -1  -2  -3  -2  -3   6  -3  -4  -4  -2  -3  -4  -3  -1  -2  -3  -4  -2    7   0   0   0   0   0   0  89   0   0   0   0   0   0   0   0   0   0   0   4  1.20 0.15
  134 I    -1  -3  -4  -4  -2  -3  -4  -4  -4   5   1  -3   0  -1  -3  -3  -1  -3  -2   4    0   0   0   0   0   0   0   0   0  57   0   0   0   0   0   0   0   0   0  43  0.66 0.13
  135 I    -1  -3  -3  -4  -2  -3  -3  -4  -3   4   1  -3   4   0  -3  -2  -1  -3  -1   3    0   0   0   0   0   0   0   0   0  39   4   0  19   4   0   0   0   0   0  35  0.48 0.10
  136 A     4  -2  -1  -2  -1  -1  -1   2  -2  -2  -2  -1  -2  -3  -1   2   1  -3  -2  -1   55   0   0   0   0   0   0  12   0   0   0   0   0   0   0  23   7   0   0   0  0.43 0.10
  137 H    -3  -1   0   0  -4  -1  -1  -3   9  -4  -4  -2  -3  -2  -3  -2  -3  -4   1  -4    0   0   0   4   0   0   0   0  96   0   0   0   0   0   0   0   0   0   0   0  1.77 0.25
  138 T    -1  -1   1   2  -2   0   1  -2  -2  -2  -2   0  -2  -3   2   1   4  -3  -2  -1    1   0   4  13   0   3   6   1   0   0   1   8   0   0   9   8  46   0   0   0  0.36 0.08
  139 K    -1   2   3   3  -3   0   2   1  -1  -3  -3   2  -2  -3  -2   0  -1  -4  -3  -3    0  12  18  23   0   0  16  11   0   0   3  15   0   0   0   0   3   0   0   0  0.37 0.06
  140 E     0  -1  -1   1  -3  -1   1   3  -2  -4  -3   1  -3  -4   4   0  -1  -3  -3  -3    3   0   0   9   0   0   8  38   0   0   0  13   0   0  21   7   0   0   0   0  0.54 0.07
  141 N    -1   0   6   0  -3   0   1   0   0  -4  -4  -1  -3  -4  -2   2  -1  -4  -3  -3    0   5  66   0   0   0   9   4   0   0   0   0   0   0   0  15   0   0   0   0  0.72 0.13
  142 Q     1   1   2   1  -2   2   0   0   1  -2  -3   2  -2  -3  -2   0  -1  -3  -2  -1   18   4  12   8   0  19   0   5   4   0   0  23   0   0   0   3   0   0   0   4  0.24 0.06
  143 G     0  -2  -1  -2  -3  -2  -2   6  -3  -4  -4  -1  -3  -4  -3   0  -2  -3  -4  -4    0   0   0   0   0   0   0  88   0   0   0   5   0   0   0   8   0   0   0   0  1.16 0.14
  144 E    -1  -2   2   1  -3  -1   0   0   1  -2   0  -1  -1  -2   4   0  -1  -3  -2  -2    0   0  19  11   0   0   3   6   6   0  19   0   0   0  31   6   0   0   0   0  0.45 0.07
  145 L    -2  -3  -3  -1  -3  -3  -3  -4  -1   0   2  -3   0   5  -4  -3  -2   0   4  -1    0   0   0   6   0   0   0   0   0   0  28   0   0  52   0   0   0   0  14   0  0.62 0.11
  146 K     1   1  -1  -1  -3   0   3  -2   5  -3  -3   2  -2  -3  -2  -1  -1  -3  -1  -2   16   5   0   0   0   0  26   0  30   0   0  19   0   0   0   0   0   0   0   3  0.42 0.09
  147 L    -2  -3  -4  -4  -2  -3  -4  -4  -3   1   5  -3   1   1  -4  -3  -2  -2  -1   0    0   0   0   0   0   0   0   0   0   0  95   0   0   5   0   0   0   0   0   0  0.74 0.13
  148 C    -1  -4  -4  -4  10  -4  -5  -3  -4  -2  -2  -4  -2  -3  -4  -2  -2  -3  -3  -2    0   0   0   0 100   0   0   0   0   0   0   0   0   0   0   0   0   0   0   0  2.10 0.21
  149 S     0   0   2   0  -2   3   0  -1  -1  -2  -2   0  -1  -3  -1   3   2  -3  -2  -2    0   0  11   0   0  27   0   0   0   0   0   0   0   0   0  48  14   0   0   0  0.37 0.04
  150 H    -2   0   0  -1  -3   3   0  -2   6  -3  -2   0  -1   1  -2  -1  -1   0   4  -2    0   0   0   0   0  25   0   0  45   0   0   0   0   0   0   0   0   0  30   0  0.53 0.01

                      K         Lambda
Standard Ungapped    0.1348     0.3129
Standard Gapped      0.0410     0.2670
PSI Ungapped         0.1348     0.3129
PSI Gapped           0.0410     0.2670
