
Last position-specific scoring matrix computed, weighted observed percentages rounded down, information per position, and relative weight of gapless real matches to pseudocounts
           A  R  N  D  C  Q  E  G  H  I  L  K  M  F  P  S  T  W  Y  V   A   R   N   D   C   Q   E   G   H   I   L   K   M   F   P   S   T   W   Y   V
    1 M   -1 -2 -3 -4 -2 -1 -3 -4 -3  3  2 -2  5  0 -3 -2 -1 -2 -1  1    0   0   0   0   0   0   0   0   0  32  12   0  56   0   0   0   0   0   0   0  0.37 0.03
    2 I   -1 -3 -3 -4 -2 -2 -3 -4 -3  3  4 -3  2  0 -3 -1  0 -2 -2  1    0   0   0   0   0   0   0   0   0  27  56   0   6   0   0   5   7   0   0   0  0.34 0.05
    3 N   -2 -1  6  1 -3 -1 -1 -1  2 -4 -4 -1 -3 -3 -3  1  0 -4  1 -3    0   0  70   6   0   0   0   0   5   0   0   0   0   0   0  13   2   0   6   0  0.75 0.13
    4 L   -2 -3 -4 -5 -2 -3 -4 -5 -3  1  5 -4  1  3 -4 -3 -2 -2  0  0    0   1   0   0   0   0   0   0   0   1  78   0   0  18   0   1   0   0   1   1  0.67 0.15
    5 P   -2 -3 -3 -3 -4 -2 -2 -3  0 -4 -4 -2 -4 -5  8 -1 -2 -5 -3 -4    1   0   0   0   0   0   0   0   3   0   0   0   0   0  93   2   0   0   1   0  2.23 0.25
    6 S    1 -2 -1 -1 -2  0  0 -1 -2 -3 -3 -1 -3 -2  0  5  1 -4 -3 -3    4   0   0   0   0   2   6   0   0   0   0   0   0   2   3  81   3   0   0   0  0.69 0.19
    7 L   -2 -4 -4 -4 -2 -4 -4 -5 -4  6  1 -4  0  1 -4 -3 -1 -3 -2  3    0   0   0   0   0   0   0   0   0  77   5   0   0   6   0   0   2   0   0  10  0.71 0.17
    8 F   -3 -4 -4 -5 -1 -4 -4 -5 -3  0  2 -4  1  7 -5 -4 -3 -1  2  0    0   0   0   0   2   0   0   0   0   0  25   0   2  69   0   0   0   0   0   3  0.94 0.19
    9 V   -1 -4 -4 -5 -2 -3 -4 -5 -4  2  0 -4  1 -2 -4 -3 -1 -4 -2  6    0   0   0   0   0   0   0   0   0   2   0   0   3   0   0   0   0   0   0  94  0.89 0.22
   10 P   -2 -4 -3 -3 -4 -3 -2 -4 -4 -4 -4 -2 -4 -5  8 -1 -2 -5 -4 -4    0   0   0   0   0   0   0   0   0   0   1   0   0   0  92   4   1   0   0   0  2.24 0.27
   11 L   -2 -3 -4 -5 -2 -3 -4 -5 -4  1  5 -4  1  0 -4 -3 -2 -3 -2  0    1   0   0   0   0   0   0   0   0   5  87   0   0   2   0   1   1   0   0   1  0.72 0.17
   12 V   -1 -4 -4 -4 -2 -3 -4 -4 -4  3  0 -3  0 -2 -3 -2  0 -4 -2  6    2   0   0   0   0   0   0   0   0   9   1   0   1   0   0   0   6   0   0  82  0.70 0.18
   13 G    0 -4 -1 -1 -1 -3 -3  7 -3 -5 -5 -3 -4 -4 -3 -1 -3 -4 -4 -4    2   0   0   2   1   0   0  93   0   0   0   0   0   0   0   2   0   0   0   0  1.40 0.21
   14 L   -3 -3 -4 -5 -2 -1 -4 -5 -4  2  5 -3  1  0 -4 -4 -2  1 -2  0    0   0   0   0   0   3   0   0   0   6  89   0   0   0   0   0   0   2   0   0  0.77 0.18
   15 L   -1 -4 -4 -4  1 -3 -4 -4 -4  2  1 -3  0  0 -4 -3 -1 -3 -2  5    1   0   0   0   2   0   0   1   0   8   9   0   1   5   0   0   0   0   0  74  0.59 0.16
   16 F   -4 -4 -5 -5 -4 -5 -5 -5 -3 -1  0 -5 -1  8 -5 -4 -3  0  2 -1    0   0   0   0   0   0   0   0   0   2   6   0   0  91   0   0   0   0   0   2  1.39 0.24
   17 P   -2 -3 -3 -3 -4 -3 -2 -4 -4 -4 -2 -2 -4 -5  8 -1 -2 -5 -4 -4    1   0   0   0   0   0   0   0   0   0   4   1   0   0  91   2   0   0   0   0  2.20 0.26
   18 A    5 -3 -3 -3 -2 -2 -1  0 -3 -2 -2 -2 -2 -3 -2  0 -1 -4 -3  0   86   0   0   0   0   0   4   2   0   1   2   0   0   0   0   1   2   0   0   4  0.68 0.19
   19 V   -2 -4 -3 -4 -2 -3 -4 -4 -4  5  1 -3  1  1 -4 -3  0 -3 -2  3    1   0   1   0   0   0   0   0   0  62   6   0   4   5   0   0   5   0   0  17  0.53 0.14
   20 A    5 -2 -2 -3 -1 -2 -2  0 -3 -1 -2 -2 -1 -3 -2  1  2 -4 -3  0   72   0   0   0   0   0   0   2   0   2   0   0   1   0   0   6  13   0   0   4  0.53 0.16
   21 M   -2 -3 -4 -5 -3 -2 -4 -4 -3  1  1 -3  9  0 -4 -3 -2 -3 -2  0    0   0   0   0   0   0   0   0   0   5   0   0  91   2   0   0   0   0   0   2  1.38 0.30
   22 A    5 -2 -2 -2  0 -2 -2  0 -3 -1 -2 -2 -2 -3 -2  0  1 -4 -3  0   74   1   0   1   1   0   0   2   0   2   1   0   0   0   0   1  10   0   0   6  0.52 0.16
   23 S    0 -2 -1 -2 -2 -1 -2 -1 -2 -1 -1 -2 -2  2 -2  5  0 -3 -1 -2    3   0   0   0   0   0   0   1   0   3   7   0   0  12   0  72   2   0   1   0  0.50 0.17
   24 L   -2 -3 -4 -4 -2 -3 -4 -4 -4  2  5 -3  2  0 -3 -2 -1 -3 -2  1    2   0   0   0   0   0   0   0   0   6  77   0   3   2   1   4   2   0   0   2  0.56 0.14
   25 F   -3 -4 -4 -4 -4 -4 -4 -4 -2 -1 -1 -4 -1  8 -3  0 -3  0  2 -2    0   0   0   0   0   0   0   0   0   0   1   0   0  84   1  11   0   0   3   0  1.17 0.23
   26 L   -2 -3 -4 -5 -2 -3 -4 -5 -4  3  4 -3  2  1 -4 -3 -2 -2 -1  1    0   0   0   0   0   0   0   0   0  19  68   0   1   6   0   0   0   0   0   6  0.58 0.13
   27 H   -3 -2 -1 -3 -4 -1 -2 -4  6 -3 -2 -3 -2  2 -2 -2 -3  0  8 -3    0   0   2   0   0   2   0   0  28   0   2   0   0   1   2   1   0   0  63   0  1.14 0.22
   28 V   -1 -4 -4 -4 -2 -3 -4 -4 -4  5  1 -3  1 -1 -4 -3 -1 -4 -2  4    1   0   0   0   0   0   0   0   0  51   1   0   1   0   0   0   0   0   0  45  0.65 0.15
   29 E   -2  0  0  0 -4  6  5 -3  0 -4 -4  1 -2 -4 -2 -1 -1 -4 -3 -4    0   0   3   0   0  50  43   0   1   0   0   3   0   0   0   0   1   0   0   0  0.89 0.20
   30 K   -2  3  0 -1 -4  1  0 -2 -1 -4 -3  5 -2 -4 -2  0 -1 -4 -3 -3    0  18   3   1   0   5   2   1   0   0   0  66   0   0   0   4   1   0   0   0  0.70 0.16
   31 R   -2  0  5  2 -3  1  2 -2 -1 -4 -4  1 -3 -4 -2  1  0 -4 -3 -3    0   1  46  12   0   4  13   0   0   0   0  12   0   0   0   9   3   0   0   0  0.55 0.11
   32 L   -1  2 -1 -2 -3  0  0 -2 -1 -2 -1  5  0 -1 -2  0 -1 -2  1 -1    0   7   0   0   0   0   0   0   0   1   6  64   2   3   0   5   2   0   5   4  0.33 0.06
   33 L   -2 -4 -4 -4 -2 -3 -4 -5 -4  5  2 -3  1  0 -4 -3 -1 -3 -2  2    0   0   0   0   0   0   0   0   0  87   6   0   0   3   0   0   0   0   0   4  0.57 0.08
   34 F   -3 -3 -4 -4 -3 -4 -4 -4 -2 -1  0 -4  0  7 -4 -3 -3  1  3 -1    0   0   0   0   0   0   0   0   0   0   0   0   0  97   0   0   0   0   3   0  0.96 0.06
   35 S    0  1  0  0 -3  1  3 -1 -1 -3 -3  3 -2 -3 -1  2  0 -3 -2 -2    0   0   0   0   0   0  32   0   0   0   0  34   0   0   0  34   0   0   0   0  0.36 0.00
   36 T   -1 -2 -1 -2 -2 -1 -2 -3  1 -1 -1 -1 -1  2 -2  0  3  1  5 -1    0   0   0   0   0   0   0   0   0   0   0   0   0   0   0   0  50   0  50   0  0.40 0.00
   37 K   -1  1  1  5 -4  1  1 -2 -1 -3 -3  3 -2 -4 -1  0 -1 -4 -3 -3    0   0   0  50   0   0   0   0   0   0   0  50   0   0   0   0   0   0   0   0  0.51 0.00
   38 K    0  1  0 -1 -3  0  0  4 -1 -4 -3  3 -2 -3 -2  0 -1 -3 -3 -3    0   0   0   0   0   0   0  50   0   0   0  50   0   0   0   0   0   0   0   0  0.49 0.00
   39 I   -1 -3 -4 -4 -1 -3 -4 -4 -4  5  2 -3  1  0 -3 -3 -1 -3 -2  3    0   0   0   0   0   0   0   0   0 100   0   0   0   0   0   0   0   0   0   0  0.39 0.00
   40 N   -2  0  6  1 -3  0  0  0  1 -3 -3  0 -2 -3 -2  1  0 -4 -2 -3    0   0   0   0   0   0   0   0   0   0   0   0   0   0   0   0   0   0   0   0  0.00     0.00

                      K         Lambda
Standard Ungapped    0.1451     0.3327
Standard Gapped      0.0410     0.2670
PSI Ungapped         0.1451     0.3327
PSI Gapped           0.0410     0.2670
