
Last position-specific scoring matrix computed, weighted observed percentages rounded down, information per position, and relative weight of gapless real matches to pseudocounts
            A   R   N   D   C   Q   E   G   H   I   L   K   M   F   P   S   T   W   Y   V   A   R   N   D   C   Q   E   G   H   I   L   K   M   F   P   S   T   W   Y   V
    1 R    -6   9  -5  -6  -8   0  -5  -7  -5  -8  -7   0  -6  -8  -7  -5  -6  -7  -6  -7    0  93   0   0   0   4   0   0   0   0   0   4   0   0   0   0   0   0   0   0  2.80 1.00
    2 K    -3   1  -3  -4  -4  -1  -3  -5  -3  -6  -6   7  -3  -7  -2  -1  -4  -4  -6  -5    2   7   1   0   0   2   1   0   1   0   0  77   1   0   2   5   0   0   0   1  1.83 0.84
    3 N    -1   0   1   1  -4   0  -2  -1  -1  -4  -3   2  -3  -5   5   0  -2  -6  -4  -2    5   6   8   9   0   5   2   4   1   1   3  12   0   0  34   6   1   0   1   2  0.67 0.41
    4 S     1  -1   0   1  -2  -2  -1  -2  -3  -1   0  -1  -1  -2   2   2   1  -5  -3  -1   10   2   5   9   0   1   4   2   0   4  12   4   1   1  11  19  11   0   0   5  0.19 0.21
    5 D    -1  -1   1   4  -3  -1   1  -1  -2  -3  -3   0  -2  -4   2   1   2  -5  -2  -3    5   3   5  24   0   2  11   4   1   1   2   6   1   0   9  11  14   0   1   1  0.39 0.30
    6 Q     0   0   0   2  -4   1   2  -3  -1  -2  -2   0   0  -4   0   2   1  -5  -2  -2    8   4   4  14   0   7  16   1   1   2   2   4   3   0   4  14  10   0   1   3  0.26 0.24
    7 E    -1  -2  -1   4  -4  -1   4  -4  -2  -2  -2   2   0  -4   0   0   0  -6  -4  -2    3   1   1  21   0   2  27   1   1   2   4  13   2   1   4   8   6   0   0   2  0.50 0.36
    8 P     0   1  -2  -2  -3   1  -2  -3  -1  -2  -3   2  -2  -5   6  -1  -1  -6  -4  -2    9   7   1   2   0   5   2   1   1   2   2  14   1   0  39   5   4   0   0   3  0.81 0.46
    9 S     2   0  -1   0  -3   0   0  -2  -2  -1  -1   2  -1  -3   1   1   1  -4  -3  -1   21   5   3   5   0   3   4   1   1   2   7  16   1   1   7  11   8   0   1   5  0.19 0.21
   10 S     2  -1   0   0  -3   2   2  -3  -2  -2  -2  -1  -1  -4  -2   2   2  -5  -3  -1   16   3   5   5   0   9  14   1   0   2   3   2   1   0   1  19  14   0   0   3  0.30 0.28
   11 K    -2   6  -2  -3  -6   0   0  -4  -1  -4  -3   5  -3  -6  -3  -2  -1  -3  -4  -4    3  40   1   1   0   4   4   1   1   1   2  32   1   0   1   2   3   0   0   1  1.05 0.57
   12 R    -3   7  -4  -5  -6  -2  -3  -5  -2  -6  -2   3  -5  -6  -5  -1  -3  -6  -5  -4    1  66   0   0   0   1   1   0   1   0   4  18   0   0   0   4   1   0   0   1  1.67 0.76
   13 K    -1   5  -1  -2  -5   1  -1  -4   1   0  -2   3  -1  -5  -3  -1  -1  -5  -4  -3    6  34   2   1   0   7   3   1   3   6   4  22   2   0   1   4   3   0   0   1  0.63 0.41
   14 A     3  -1  -2  -1  -1   1   2  -2  -2   0   0   0   0  -2  -3  -1   0  -2  -2  -1   33   2   2   2   1   5  16   2   1   6   9   4   2   2   0   3   6   1   1   3  0.26 0.26
   15 Q    -1   3  -1  -3  -5   6  -1  -3  -2  -4  -3   2  -1  -4  -4  -1  -2  -5  -1  -4    5  13   3   1   0  46   2   2   1   1   3  13   1   1   0   4   2   0   2   1  0.92 0.54
   16 N    -2  -1   7   0  -2   0  -3  -3  -3  -2  -2  -2  -2  -5  -1  -1  -2  -6  -5   0    3   3  59   5   1   5   1   1   0   3   4   1   1   0   3   2   2   0   0   7  1.11 0.59
   17 R    -2   8  -2  -3  -2  -2  -2  -5  -2  -4  -3   0  -2  -5  -5  -2  -3  -6  -3  -4    3  73   1   1   1   1   2   0   1   1   3   4   1   0   0   3   1   0   1   1  1.65 0.72
   18 A     2   0   0  -1  -2   1   2  -2  -2   1  -1   0  -1  -2  -2  -1   0  -4  -2   1   23   4   6   3   1   8  14   2   0   8   5   6   2   2   1   1   4   0   1  11  0.15 0.18
   19 A     5  -3  -2  -3  -1  -2  -3  -2  -2  -2  -2  -3  -2  -5  -4   3  -1  -5  -2  -2   59   1   2   1   1   1   0   1   1   2   3   0   1   0   0  20   3   0   1   1  0.90 0.51
   20 Q     3  -3  -1  -4   0   7   0  -4  -3  -5  -5  -1  -4  -6  -4  -1  -2  -5  -5  -2   29   0   2   0   2  52   3   0   0   0   0   2   0   0   0   3   2   0   0   2  1.27 0.63
   21 R     0   6  -1  -4   0   3  -1  -4   3  -2  -3   1  -1  -2  -4  -2  -2  -5  -3  -1    7  42   2   0   2  13   2   0   7   3   3   6   2   2   0   2   2   0   0   4  0.72 0.42
   22 A     2   2   0  -2  -1   1   0  -2  -1  -2  -1   1  -1  -3  -2   1   1  -4  -2  -1   24  14   5   2   2   7   4   2   1   2   5   9   1   0   2   8  10   0   1   2  0.21 0.20
   23 F    -1  -2  -2  -4   4  -1  -3  -2   3  -1  -1  -3   0   5  -4   2  -2   1   3  -2    6   2   2   0   9   2   0   2   8   3   6   0   2  24   0  19   2   2   8   2  0.50 0.32
   24 R    -1   2   0  -1  -3   2   0   2   4  -3  -2   2  -1  -2  -1   0  -1  -2  -1  -2    1  18   1   1   0  17   1  18  17   1   2  18   0   1   1   1   1   0   1   1  0.27 0.04
   25 K    -1  -1   0   1  -4   2   4   0   1  -1  -2   0   0  -1  -3  -1  -1   2   0  -1    4   3   3   8   0   9  28   8   3   3   4   3   3   3   1   4   3   3   3   4  0.26 0.16
   26 R    -5   8  -2  -5  -7  -1  -4  -4   0  -7  -4   0  -5  -6  -2  -3  -3  -6  -6  -6    0  78   1   0   0   2   0   2   2   0   2   5   0   0   3   2   2   0   0   0  2.07 0.85
   27 K    -3   3  -2  -2  -6   2  -2  -3   0  -3  -4   6  -1  -6  -5  -2  -1  -6  -5  -6    2  14   2   2   0   8   2   2   2   2   2  54   2   0   0   2   4   0   0   0  1.18 0.68
   28 E     0   2  -1   0  -5   3   3  -3   0  -2  -3   3  -1  -2  -4  -1  -1  -5  -4  -3    6   9   3   5   0  13  23   2   2   2   3  20   2   2   0   3   4   0   0   2  0.46 0.35
   29 D     1   1   2   0  -1   3   1  -2   1  -2  -2   1  -1  -2  -3   0   0  -4  -1  -2   15   9   9   5   2  13   9   2   3   2   4   9   2   2   0   5   5   0   2   2  0.20 0.21
   30 H    -2   4  -2  -2  -1   0   0  -5   4  -3  -2   1  -1  -1  -2  -2  -2   1   6  -3    3  21   2   2   1   4   5   1  11   2   3   7   1   2   2   2   2   2  25   2  0.71 0.45
   31 L    -2  -2  -3  -5   1  -2  -3  -4  -1   5   2  -2   3  -1  -5  -3  -1  -4  -2   3    2   3   1   0   3   2   1   1   1  30  16   2   8   3   0   2   3   0   1  19  0.59 0.38
   32 K     0   2  -1   1  -2   2   2  -2  -1  -3  -3   4  -1  -3  -4   0   0  -5  -2  -2    7  10   3   6   1  10  14   2   2   1   2  25   1   1   0   7   5   0   1   2  0.39 0.33
   33 A     0   0   0   3  -2   2   4  -1   0  -3  -3   0  -2  -2  -4   0   0  -1  -2  -3    6   5   4  17   1   9  25   4   2   2   2   4   1   2   0   7   6   1   1   2  0.38 0.32
   34 L    -3  -3  -4  -4  -5  -3  -3  -6  -2  -1   6  -4   1  -2  -6  -4  -3  -5  -3  -3    2   2   1   1   0   1   2   0   1   2  77   1   3   1   0   1   2   0   1   1  1.41 0.75
   35 E    -2  -1  -3  -2  -3   3   7  -4  -2  -5  -4  -1  -3  -7  -5  -2  -3  -2  -4  -4    4   2   1   2   1  11  64   1   1   1   1   4   1   0   0   2   1   1   1   1  1.43 0.84
   36 T     2   1   0   2  -2   3   2  -2   0  -2  -2   0  -1  -3  -3   0   0  -2  -2  -2   17   6   5  11   1  14  11   3   2   2   3   6   1   1   0   8   7   1   1   2  0.24 0.25
   37 Q    -2   4  -1  -1  -3   4   2  -4   0  -4  -4   4  -2  -4  -5  -2  -1  -6  -3  -3    3  21   2   2   1  16  15   1   2   1   2  25   1   1   0   2   4   0   1   2  0.72 0.51
   38 V     0  -3  -3  -4  -1  -5  -4  -5  -3   3   3  -3   0  -2  -5  -3  -2   0  -2   5    7   2   2   1   1   0   1   1   1  16  23   1   2   1   0   2   1   1   1  37  0.73 0.47
   39 V     2   1   0   0  -2   2   3  -2  -1  -2  -2   2  -1  -3  -2   0  -1  -5  -3  -2   17   9   4   5   1  11  17   2   1   2   4  11   1   1   1   6   4   0   1   2  0.28 0.28
   40 T     0   1   0   1  -2   2   4  -3   0  -3  -3   0  -2  -4  -3   0   0  -2  -2  -2    9   8   3   8   1  11  26   1   3   2   3   6   1   1   1   6   6   1   1   3  0.35 0.32
   41 L    -2  -3  -4  -5   0  -1  -4  -6  -1  -1   6  -3   1  -1  -6  -2  -4  -1   0  -2    3   1   1   1   2   3   1   1   2   2  65   2   3   2   0   3   1   1   3   2  1.07 0.64
   42 K    -3   3   0  -1  -3   3   4  -4   0  -3  -2   2  -2  -4  -4  -1  -1  -5  -3  -3    2  15   3   3   1  12  28   1   2   1   4  13   1   1   0   5   4   0   1   2  0.59 0.45
   43 E     2   0   0   1  -2   2   4  -2   0  -3  -3   2  -3  -4  -4   0  -1  -3  -3  -3   15   5   4   7   1  10  24   3   2   1   2  11   1   1   0   6   4   0   1   2  0.37 0.33
   44 L     0   1   0   0  -3   2   3  -3   0  -1  -1   2   0  -3  -3  -1   0  -2  -2  -2    8   8   4   5   0  10  21   2   2   3   7  12   2   1   1   4   5   0   1   3  0.26 0.26
   45 H    -2   1   4  -2  -1   0  -1  -2   4   0  -1   0  -1  -1  -4   0  -2  -1   2  -1    4   6  23   2   2   4   4   2   9   6   8   5   2   3   1   8   2   1   7   4  0.31 0.28
   46 S     1   0   1   2  -3   3   2  -2   1  -3  -3   1  -1  -4  -3   1   0  -5  -3  -2   12   5   6  12   1  11  15   2   3   2   2   7   1   1   1  11   5   0   1   2  0.31 0.29
   47 S     1   1   1   1  -2   2   2  -2   0  -2  -3   1  -1  -3  -2   2   1  -3  -3  -2   12   6   6   6   1  11  12   3   2   2   2   9   1   1   1  13   8   0   1   3  0.21 0.23
   48 T     1  -2  -3  -3  -3   0  -3  -5  -1   0   4  -2   2  -2  -4  -2   0  -1  -1   0   11   2   1   2   1   5   1   1   2   4  45   3   5   2   1   3   5   1   2   5  0.55 0.39
   49 T    -1   1   1  -1  -2   3   1  -2  -1  -1   0   1   0  -2  -3   1   1  -2  -2  -1    5   9   6   3   1  12  10   2   2   3  10   8   3   1   1  11   7   1   1   5  0.16 0.19
   50 L     1   2   1   0  -2   3   1  -2   0  -2  -2   1  -1  -4  -3   0   0  -3  -2  -1   13   9   6   5   1  13  11   3   2   2   5   9   2   1   1   8   7   0   1   3  0.21 0.22
   51 E    -2  -1  -4   0  -4   2   7  -5  -1  -4  -5   0  -3  -6  -5   0  -2  -7  -5  -4    4   3   1   5   0   7  58   1   1   1   1   5   1   0   1   6   2   0   0   2  1.31 0.81
   52 N    -1  -1   6  -4  -1  -3  -4  -4   0   2   0  -1  -1  -2  -6  -2  -2  -4   1   1    5   3  36   1   2   1   1   1   3  10  10   4   2   2   0   2   3   0   6  10  0.72 0.50
   53 D     0   1   1   1  -3   3   3  -2   0  -4  -4   1  -1  -4  -5   0  -1  -4  -1  -2    9   7   7   8   1  12  22   3   2   1   2   8   1   1   0   8   4   0   2   2  0.38 0.34
   54 Q     0   4   0  -1  -2   3   1  -3   1  -2  -1   1   0  -1  -4   0  -1  -2  -2  -2    9  19   4   3   1  14   9   1   3   2   7   7   3   3   0   8   4   0   2   2  0.29 0.28
   55 L    -3  -5  -7  -7  -2  -2  -7  -8  -3   0   6  -6   1  -2  -7  -5  -3  -3  -3  -2    3   1   0   0   1   2   0   0   1   4  76   1   2   2   0   1   2   0   1   3  1.67 0.89
   56 R    -1   5  -1  -4  -3   2   0  -6   1  -4  -3   4  -2  -5  -5  -1  -1  -2  -3  -4    5  33   3   1   1   8   6   0   3   1   4  24   1   0   0   4   3   1   1   1  0.88 0.58
   57 Q     1   2   0   1  -4   3   3  -2   0  -3  -2   1  -1  -4  -4   0  -1  -4  -3  -3   12  12   5   9   0  11  17   3   2   1   5   7   1   1   0   8   3   0   1   2  0.34 0.31
   58 K    -1   3  -3   0  -4   4   4  -5  -1  -1  -2   1   1  -4  -6  -3  -1  -4  -1  -2    5  15   1   4   0  15  24   0   2   4   5   7   4   1   0   2   5   0   2   3  0.56 0.45
   59 V    -3  -4   4  -5   2  -4  -5  -6  -3   3   2  -4   0  -2  -7  -3  -3  -6   2   3    2   1  21   0   4   1   0   0   0  17  19   1   3   1   0   2   2   0   6  19  0.77 0.50
   60 R     1   2  -1   1  -2   3   3  -2   0  -2  -1   1   0  -4  -5   0  -1  -3  -3  -2   12   9   3   9   1  14  17   2   2   2   5   8   2   1   0   5   4   0   1   2  0.32 0.31
   61 Q     0   3  -1   0  -2   3   2  -3   0  -2  -2   2   0  -4  -5   0  -1  -2  -3  -2    9  15   3   4   1  14  12   2   2   3   3  12   3   1   0   8   4   1   1   2  0.35 0.32
   62 L    -3  -7  -7  -9  -4  -4  -8  -9  -5   0   6  -6   2  -3  -9  -5  -4  -4  -2   0    3   0   0   0   0   1   0   0   0   5  75   0   5   1   0   1   1   0   1   5  1.74 0.92
   63 E    -2   3  -1  -2  -5   4   3  -5  -2  -3  -2   2   0  -5  -5   0   1  -5  -5  -3    3  16   2   2   0  17  18   1   1   2   5  13   2   0   0   7   8   0   0   2  0.58 0.47
   64 E     2   0   1   0  -2   2   2  -2   0  -2  -3   0   0  -3  -4   2   1  -4   0  -1   15   5   6   5   1   8  11   2   2   3   2   7   2   1   0  13   9   0   3   3  0.21 0.24
   65 E    -4   0  -6  -1  -6   2   7  -6  -2  -5  -2  -1  -3  -9  -7  -4  -3  -9  -6  -4    1   5   0   3   0   8  67   0   1   1   4   4   1   0   0   1   2   0   0   1  1.72 1.01
   66 L    -4  -6   7  -5  -5  -5  -7  -6  -3   1   3  -4  -1  -5  -8  -5  -4  -9  -4   0    2   0  50   0   0   0   0   0   1   8  27   1   1   0   0   1   1   0   1   6  1.58 0.90
   67 R     1   2   2   0  -3   2   3  -4   0  -3  -3   2   0  -4  -4   1  -1   1  -2  -3   10   9  10   6   1   8  18   1   2   2   2  11   2   1   0   8   3   2   1   2  0.36 0.33
   68 I     1   1  -2  -2  -2   1   0  -3   0   1   0  -1   2  -1  -4   0   0  -3   2   0   14   9   2   2   1   6   7   1   2   9  10   4   5   2   0   8   6   0   7   5  0.14 0.18
   69 L    -6  -7 -10 -10  -8  -7  -9 -10  -4  -2   7  -7  -2  -2  -9  -8  -5  -2   1  -4    0   0   0   0   0   0   0   0   0   2  87   0   1   1   0   0   1   1   5   1  2.23 1.11
   70 K    -8   7  -7  -8 -10   1  -6  -8  -7  -9  -9   6  -8 -10  -8  -7  -7  -9  -8  -9    0  50   0   0   0   5   0   0   0   0   0  45   0   0   0   0   0   0   0   0  2.44 1.20

                      K         Lambda
Standard Ungapped    0.1216     0.3086
Standard Gapped      0.0501     0.2670
PSI Ungapped         0.1636     0.3170
PSI Gapped           0.0501     0.2670
