
Last position-specific scoring matrix computed, weighted observed percentages rounded down, information per position, and relative weight of gapless real matches to pseudocounts
            A   R   N   D   C   Q   E   G   H   I   L   K   M   F   P   S   T   W   Y   V   A   R   N   D   C   Q   E   G   H   I   L   K   M   F   P   S   T   W   Y   V
    1 M    -6  -6  -7  -8  -6  -5  -7  -7  -6  -3  -2  -6  11  -5  -7  -6  -5  -6  -6  -4    0   0   0   0   0   0   0   0   0   0   0   0 100   0   0   0   0   0   0   0  3.74 1.03
    2 G     6  -3  -3  -4  -3  -3  -3   0  -4  -4  -4  -1  -3  -5  -1   2  -1  -6  -4  -2   63   1   1   0   0   0   1   5   0   0   0   4   0   0   3  15   3   0   0   2  0.97 0.44
    3 H    -1  -1   1  -1  -3  -1  -1   5  -1  -3  -3  -1  -2  -2  -2   0  -1  -2   0  -2    3   3   7   2   0   3   3  49   2   2   2   4   1   2   2   5   3   1   4   3  0.58 0.21
    4 R    -2   6  -2  -3  -3   1  -2  -2   0  -2   0   2   0   0  -2  -1  -2  -3   0  -3    2  44   1   1   0   6   1   3   2   1  11   9   2   5   1   3   2   0   3   1  0.60 0.27
    5 I    -5  -6  -6  -6  -5  -5  -6  -6  -5   8   0  -6   1   1  -6  -5  -4  -5   1   0    0   0   0   0   0   0   0   0   0  77   5   0   3   6   0   0   0   0   5   2  1.74 0.60
    6 P    -2  -2  -2   0  -6  -4  -3  -4  -2  -6  -5  -2  -4  -6   7   3  -2  -7  -5  -5    2   2   1   6   0   0   1   1   1   0   1   1   0   0  59  21   2   0   0   0  1.61 0.59
    7 E    -2   2  -1   4  -6   4   4  -4  -1  -5  -5   1  -4  -5   0  -2  -3  -5  -4  -5    2   9   2  20   0  21  29   1   1   0   0   8   0   0   4   2   1   0   0   0  0.81 0.38
    8 E    -1  -1   0   4  -5   1   4  -2   1  -4  -4  -2  -4  -5  -1   2  -1  -5  -3  -4    5   3   4  22   0   5  32   2   4   1   1   1   0   0   2  14   3   0   0   1  0.63 0.33
    9 T    -2  -3  -2   0  -3   0  -2  -4  -3   2   0   0  -1   5  -2  -2   2  -2  -1   1    3   1   1   6   0   4   1   0   0  11   6   6   1  28   1   2  17   0   0  10  0.38 0.25
   10 I    -4  -5  -6  -6  -4  -6  -6  -6  -6   7   1  -2  -1  -3  -6  -5  -3  -6  -5   3    1   0   0   0   0   0   0   0   0  68  11   3   0   0   0   0   1   0   0  15  1.51 0.54
   11 E    -1  -2   1   5  -6   3   5  -3  -1  -5  -5  -2  -4  -5  -4  -1  -3  -6  -5  -5    5   2   5  32   0  11  37   1   1   0   1   1   0   0   0   3   1   0   0   0  1.02 0.44
   12 A    -2   1  -1   3  -6   3   5  -4  -2  -5  -3   1  -4  -5  -4  -2  -2  -6  -4  -5    4   8   2  14   0  12  46   0   0   0   2   7   0   0   0   1   2   0   0   0  0.92 0.42
   13 I    -4  -6  -6  -6  -4  -6  -6  -7  -6   6   3  -6  -1  -3  -6  -5  -4  -6  -4   4    0   0   0   0   0   0   0   0   0  47  22   0   0   0   0   0   0   0   0  31  1.35 0.49
   14 R    -3   5  -3  -4  -5  -1  -3  -5  -3   0   2   4  -1  -2  -5  -3  -3  -5  -4  -2    1  36   0   0   0   2   0   0   0   6  20  28   1   1   0   0   1   0   0   2  0.85 0.40
   15 R     2   0   2   3  -4   2   2  -2  -1  -4  -3  -1  -2  -4  -3   2  -1  -5  -3  -3   16   4  11  15   0  10  16   1   1   0   1   2   1   0   0  17   3   0   1   1  0.41 0.25
   16 G     1   6  -1  -3  -5   1  -2  -3  -1  -5  -4   3  -3  -5  -4   0  -1  -5  -4  -4   14  49   2   0   0   4   2   1   1   0   0  14   0   0   0   7   4   0   0   1  0.95 0.42
   17 V     2  -3   2  -3   0  -3  -3  -3  -1   1   1  -3  -1  -3  -4   1   3  -4  -3   2   17   0  13   0   2   0   0   0   1   9  15   0   1   0   0   9  18   0   0  14  0.32 0.24
   18 D    -4  -1   3   8  -7  -3  -1  -4  -3  -6  -7  -3  -6  -7  -2  -1  -4  -8  -6  -6    1   3  13  75   0   1   1   0   0   0   0   1   0   0   2   3   0   0   0   0  1.90 0.63
   19 I    -4  -7  -7  -7  -5  -6  -7  -7  -7   8   0  -6  -1  -3  -7  -6  -4  -6  -5   1    0   0   0   0   0   0   0   0   0  87   6   0   0   0   0   0   0   0   0   6  2.12 0.67
   20 V    -1  -5  -5  -3  -4  -4   0  -6  -5   1  -1  -5  -2  -4  -5  -4  -2  -6  -3   7    4   0   0   2   0   0   6   0   0   4   4   0   0   0   0   1   2   0   1  76  1.33 0.53
   21 D    -2  -3  -1   7  -6   0   4  -3  -3  -6  -6  -3  -5  -7  -4  -1  -3  -7  -6  -5    3   1   1  56   0   3  29   1   0   0   0   0   0   0   0   4   1   0   0   0  1.45 0.53
   22 V    -3  -5  -6  -6  -3  -5  -5  -6  -6   3   2  -5  -1   0  -5  -5  -2  -5  -2   6    0   0   0   0   0   0   0   0   0  14  20   0   0   4   0   0   2   0   1  59  1.16 0.45
   23 I    -3  -6  -6  -6  -4  -6  -6  -7  -7   6  -1  -6  -1  -4  -6  -5  -3  -6  -5   5    1   0   0   0   0   0   0   0   0  54   2   0   0   0   0   0   0   0   0  42  1.61 0.55
   24 G    -1  -1  -1   1  -5  -1  -2   4  -3  -6  -6  -3  -4  -6  -4   5  -2  -6  -5  -5    2   3   2   7   0   3   2  36   0   0   0   1   0   0   0  43   0   0   0   0  0.97 0.44
   25 E    -1   1  -1   2  -4   3   4   0  -1  -5  -5   0  -4  -5  -2   2  -2  -5  -4  -4    4   8   2  12   0  13  31   8   1   0   0   3   0   0   1  17   1   0   0   0  0.59 0.31
   26 Y    -4   2  -4  -5  -4  -3  -5  -6   3  -5  -4  -4  -4   3  -6  -2  -3  -2   8  -3    1  12   0   0   0   1   0   0   7   0   0   1   0   9   0   4   1   0  62   1  1.78 0.62
   27 V    -3  -5  -6  -6  -4  -5  -6  -7  -6   3   1  -6   0  -1  -6  -5  -2  -6  -4   7    0   0   0   0   0   0   0   0   0  12   9   0   1   2   0   0   2   0   0  73  1.49 0.54
   28 Q    -1   1   1  -1  -4   3   0  -3   2  -4  -4   2  -3  -5   4   1   1  -5  -4  -3    4   8   5   3   0  16   4   1   5   0   1  13   0   0  19  10  11   0   0   2  0.47 0.26
   29 L    -5  -6  -7  -7  -5  -6  -6  -7  -6  -1   7  -6   0  -3  -6  -6  -4  -5  -4  -1    0   0   0   0   0   0   0   0   0   1  94   0   1   0   0   0   0   0   0   2  1.88 0.64
   30 K    -3   3  -2  -3  -6   2   0  -5  -2  -5  -5   6  -4  -6  -4  -2   1  -6  -5  -5    0  11   1   0   0   9   4   0   1   0   0  61   0   0   0   2   9   0   0   0  1.26 0.51
   31 R    -3   4  -2  -4  -6   1  -3  -4  -2  -6  -5   7  -4  -6   0  -3  -4  -6  -5  -6    1  21   1   0   0   5   0   0   1   0   0  64   0   0   5   1   0   0   0   0  1.49 0.56
   32 Q     4   2  -2  -3  -4   1  -2  -2  -2  -4  -4   2  -2  -4  -3   2   1  -5  -4  -2   33  14   1   0   0   5   0   2   1   0   0  15   1   0   0  16   7   0   0   3  0.51 0.31
   33 G    -4  -6  -3  -5  -6  -5  -6   8  -6  -8  -8  -5  -7  -7  -6  -3  -5  -7  -7  -6    0   0   0   0   0   0   0  98   0   0   0   0   0   0   0   1   0   0   0   0  2.56 0.75
   34 R     1   4   0  -3  -4   1  -2  -1  -1  -2  -4   3  -2  -4  -3   1  -1  -5  -3  -1   15  29   4   1   0   5   0   5   1   2   0  18   1   0   0  10   3   0   0   5  0.47 0.27
   35 N    -4  -1   8   1  -6  -3  -1  -2  -1  -6  -6  -3  -5  -6  -5   0  -2  -6   0  -6    1   2  70   6   0   1   4   2   1   0   1   0   0   0   0   7   2   0   4   0  1.61 0.59
   36 Y    -4  -5  -5  -7  -6  -4  -6  -6   3  -4   0  -5   0   5  -6  -5  -5   4   8  -4    1   0   0   0   0   0   0   0   5   0   8   0   2  26   0   0   0   5  50   0  1.78 0.59
   37 F    -2   1  -3  -4  -4   0  -3  -4  -1   0  -1   4   1   3  -4  -1  -1   5  -2   1    1   6   0   0   0   3   0   0   1   5   5  34   4  13   0   5   4   8   0  10  0.49 0.29
   38 G     4  -5  -4  -5  -1  -5  -5   6  -5  -5  -6  -4  -5  -6  -5  -3  -3  -6  -6  -5   34   0   0   0   1   0   0  63   0   0   0   0   0   0   0   0   1   0   0   0  1.58 0.56
   39 L    -4   0  -2  -6   6  -4  -6  -5  -4  -1   5  -4  -1  -2  -3  -4  -3  -5  -4  -1    1   5   3   0  18   0   0   0   0   1  65   1   0   1   1   1   0   0   0   3  1.17 0.47
   40 C    -5  -8  -7  -8  12  -7  -8  -7  -8  -6  -6  -8  -6  -7  -7  -1  -5  -7  -7  -5    0   0   0   0  95   0   0   0   0   0   0   0   0   0   0   5   0   0   0   0  4.03 1.02
   41 P    -5  -7  -6  -6  -7  -6  -6  -7  -7  -7  -5  -5  -7  -8   9  -5  -5  -8  -7  -7    0   0   0   0   0   0   0   0   0   0   1   0   0   0  99   0   0   0   0   0  3.37 0.94
   42 F    -7  -7  -7  -8  -7  -8  -8  -7  -5  -4  -3  -7  -4   9  -8  -7  -6  -1  -1  -5    0   0   0   0   0   0   0   0   0   0   1   0   0  98   0   0   0   1   0   0  3.15 0.88
   43 H    -6  -5  -3  -6  -8  -3  -5  -6  11  -8  -7  -4  -6  -6  -7  -3  -3  -7  -3  -8    0   0   0   0   0   0   0   0  95   0   0   0   0   0   0   2   2   0   0   0  3.63 0.99
   44 G    -1  -1   5   2  -5   2   0   1   1  -5  -5   0  -3  -5  -2   2  -1  -5  -4  -4    3   2  31  11   0  10   4   9   4   0   0   5   0   0   1  17   3   0   0   0  0.61 0.31
   45 E    -5  -4  -4   1  -8  -2   8  -6  -4  -7  -7  -3  -6  -7  -5  -4  -5  -7  -6  -7    0   0   0   5   0   0  95   0   0   0   0   0   0   0   0   0   0   0   0   0  2.47 0.81
   46 K    -4   1  -1  -3  -7  -2  -3  -5  -2  -7  -6   8  -5  -7  -5  -3  -3  -7  -6  -6    0   6   2   1   0   0   0   0   1   0   0  88   0   0   0   1   1   0   0   0  2.07 0.71
   47 T    -3  -4  -2  -3  -5  -4  -4  -3  -2  -4  -5  -3  -4  -5  -5   2   7  -6  -5  -4    0   0   1   1   0   0   0   2   1   0   0   1   0   0   0  17  76   0   0   0  1.74 0.67
   48 P    -2  -6  -6  -6  -7  -4  -5  -4  -6  -7  -7  -5  -7  -8   9  -2  -5  -8  -7  -7    3   0   0   0   0   0   0   1   0   0   0   0   0   0  93   2   0   0   0   0  3.03 0.87
   49 S    -3  -5  -3  -4  -5  -4  -4  -4  -5  -7  -7  -4  -6  -3  -5   8  -3  -7  -6  -6    0   0   0   0   0   0   0   0   0   0   0   0   0   1   0  99   0   0   0   0  2.30 0.83
   50 F    -6  -7  -7  -8  -4  -7  -7  -7  -5  -4  -3  -7  -1   9  -8  -4  -6  -3  -1  -5    0   0   0   0   0   0   0   0   0   0   1   0   1  95   0   2   0   0   0   0  2.96 0.84
   51 S    -2  -3   2  -3  -2  -2  -3  -4   2  -1  -3  -2   3   1  -4   3   3  -3   1   1    1   0   8   0   1   1   0   0   5   3   0   1  10   6   0  28  23   0   5   8  0.49 0.32
   52 V    -3  -6  -7  -7  -5  -6  -6  -7  -7   1  -2  -6  -3  -5  -6  -3  -3  -7  -5   7    0   0   0   0   0   0   0   0   0   6   1   0   0   0   0   1   0   0   0  92  2.07 0.70
   53 S    -1  -2   4  -1  -4  -3  -3  -2   0  -4  -5  -3  -4  -3  -4   6   1  -6  -2  -3    4   2  19   2   0   0   0   1   2   1   0   0   0   1   0  57   6   0   2   2  1.01 0.48
   54 P    -1   0  -4  -3  -6   1   1  -3  -4  -6  -6  -3  -4  -7   8  -2  -3  -7  -5  -4    5   5   0   1   0   6   8   2   0   0   0   1   0   0  65   2   1   0   0   1  1.71 0.58
   55 E     1  -2   0   4  -5   0   4  -2  -1  -4  -5  -1  -4  -5  -3   1   0  -5  -4  -3   11   1   2  27   0   4  29   2   1   0   0   2   0   0   1  13   5   0   0   2  0.64 0.32
   56 K    -4   4  -2  -4  -6  -2  -3  -5  -2  -5  -3   7  -2  -6  -4  -3  -2  -5  -5  -5    0  21   1   0   0   1   0   0   1   0   3  69   1   0   0   1   2   0   0   0  1.59 0.59
   57 Q    -4  -1   0  -3  -7   8  -1   2  -2  -7  -6  -2  -5  -7  -5  -3  -4  -6  -5  -6    0   2   3   0   0  72   3  17   1   0   0   1   0   0   0   0   0   0   0   0  1.87 0.70
   58 I    -3  -3  -4  -5  -4  -5  -5  -5  -4   6   1  -5   3   4  -5  -2  -1  -2  -1   0    1   1   0   0   0   0   0   0   0  48   8   0   8  21   0   4   4   0   1   2  0.98 0.41
   59 F    -5  -6  -6  -7   1  -5  -6  -6  -3  -4  -4  -6  -4   6  -7  -5  -5   7   7  -5    1   0   0   0   3   0   0   0   0   0   0   0   0  37   0   0   0  15  43   0  2.17 0.66
   60 H    -5  -2  -3  -5  -6  -3  -4  -6   9  -6  -5   3  -3  -2  -5  -4  -4  -3   5  -6    0   1   1   0   0   0   0   0  56   0   1  17   0   1   0   0   0   0  21   0  2.10 0.67
   61 C    -5  -7  -6  -2  12  -7  -7  -6  -7  -5  -5  -7  -6  -6  -7  -5  -5  -6  -6  -5    0   0   0   3  94   0   0   0   0   0   0   0   0   0   0   0   0   0   0   0  3.92 0.97
   62 F    -6  -5  -6  -7  -6  -7  -7  -7  -3  -4  -3  -6  -4   9  -7  -6  -6  -3   0  -5    0   1   0   0   0   0   0   0   1   0   0   0   0  95   0   0   0   0   2   0  2.92 0.81
   63 G    -3  -5  -4  -4  -5  -5  -5   7  -5  -6  -6  -5  -6  -6  -5   1  -4  -6  -6  -5    1   0   0   0   0   0   0  86   0   0   0   0   0   0   0   9   0   0   0   1  2.04 0.63
   64 C    -4  -7  -6  -7  12  -7  -7  -6  -7  -5  -5  -7  -5  -6  -6  -2  -4  -6  -6  -5    1   0   0   0  92   0   0   0   0   0   0   0   0   0   0   4   1   0   0   0  3.78 0.94
   65 G    -2  -4   1  -3  -5   0  -4   7   2  -6  -6  -2  -5  -6  -5  -1  -4  -5  -5  -6    2   1   5   1   0   5   0  74   5   0   1   2   0   0   0   3   0   0   0   0  1.52 0.51
   66 A     4   0  -2  -2  -4  -1   3  -3  -3  -3  -3   4  -3  -5  -3  -1  -1  -5  -4   0   34   4   1   0   0   1  17   0   0   1   2  27   0   0   0   1   3   0   0   7  0.58 0.33
   67 G    -1  -4  -2  -4  -5  -4  -4   6   4  -6  -6  -3  -5  -5  -5   1  -3  -5  -5  -5    4   0   1   0   0   0   0  69  10   0   0   1   0   0   0  11   1   0   0   0  1.48 0.51
   68 G    -3  -6  -4  -5  -6  -5  -5   8  -4  -7  -7  -5  -6  -6  -5  -3  -5  -6  -6  -6    1   0   0   0   0   0   0  96   0   0   0   0   0   0   0   1   0   0   0   0  2.43 0.71
   69 N    -4  -4   6   6  -5  -3  -2  -2  -2  -6  -6  -3  -5  -6  -4   1   0  -6  -5  -5    0   0  41  39   0   0   0   3   0   0   0   0   0   0   0   9   5   0   0   0  1.38 0.51
   70 A     3  -5  -5  -5  -2  -4  -4  -4  -3   2  -1  -4   0  -4  -3  -2  -2  -6  -4   5   30   0   0   0   0   0   0   0   0  10   2   0   2   0   1   3   1   0   0  50  0.95 0.43
   71 F    -4  -6  -6  -7  -5  -6  -6  -7  -5   5   0  -6  -2   7  -6  -5  -4  -3   1   1    0   0   0   0   0   0   0   0   0  39   5   0   0  44   0   0   0   0   3   8  1.50 0.52
   72 T    -1   0   2   0  -4   0  -1   1   0  -4  -4   2  -3  -5  -3   3   3  -5  -4  -4    3   5  11   5   0   3   2  10   2   0   0  14   0   0   0  22  23   0   0   0  0.47 0.28
   73 F    -7  -7  -7  -8  -7  -8  -8  -7  -5  -4  -3  -7  -4   9  -8  -7  -6  -2   0  -4    0   0   0   0   0   0   0   0   0   0   1   0   0  98   0   0   0   0   1   0  3.15 0.87
   74 L    -3  -4  -5  -6  -4  -5  -5  -6  -6   4   4  -5   0  -2  -5  -5  -3  -3  -3   4    0   0   0   0   0   0   0   0   0  21  41   0   1   0   0   0   1   0   1  33  1.04 0.41
   75 M    -5  -2  -6  -6  -4   2  -1  -6  -5  -2  -2  -2  10  -4  -6  -4  -3  -6  -5  -3    0   2   0   0   0   9   3   0   0   1   0   3  79   0   0   1   1   0   0   0  2.50 0.83
   76 D    -3   1   0   2  -6   1   5  -4  -1  -5  -3   4  -2  -5  -4  -2  -3  -6  -4  -5    1   5   3   9   0   6  45   0   1   0   2  24   1   0   0   1   0   0   0   0  0.96 0.42
   77 I    -2  -2  -4  -5  -4  -1  -4  -5   4   3   0  -2   4   1  -5  -3  -2  -1   5   0    2   1   0   0   0   3   0   0  11  23   6   3  11   5   0   1   2   1  26   5  0.70 0.34
   78 E    -3  -2  -1   3  -6   0   7  -4   0  -6  -4  -1  -4  -6  -5  -2  -3  -6  -4  -5    1   1   2  15   0   2  68   1   2   0   1   2   0   0   0   1   1   0   0   0  1.42 0.56
   79 G    -3   1   5  -2  -5   0  -3   4   4  -6  -6   2  -5  -5  -5  -1  -3  -6  -4  -5    1   8  28   1   0   5   0  33  11   0   0  11   0   0   0   3   0   0   0   0  0.90 0.39
   80 I    -3  -3  -5  -5  -1  -3  -4  -6  -4   3   4  -4   4   0  -5  -4  -3  -1   0   2    1   1   0   0   1   1   0   0   0  15  49   1  11   2   0   0   1   1   4  11  0.80 0.35
   81 P    -2  -3   0   3  -4  -2   2   0  -3  -5  -5  -3  -4  -5  -1   4   3  -6  -5  -4    1   0   4  16   0   0  15   7   0   0   0   0   0   0   3  36  17   0   0   0  0.69 0.38
   82 F    -6  -7  -7  -8  -7  -7  -7  -7  -5  -4  -3  -7  -4   9  -8  -6  -6  -1   4  -5    0   0   0   0   0   0   0   0   0   0   0   0   0  86   0   0   0   0  12   0  2.80 0.81
   83 V    -2   0  -3  -4  -4  -1  -3  -2  -3   1  -2  -2   0  -3   6  -2  -1  -3   0   3    3   7   1   0   0   2   0   4   0   8   3   2   2   1  38   2   4   0   3  20  0.75 0.34
   84 E    -3  -4  -3   3  -7   0   7  -4  -4  -6  -6  -3  -6  -7  -4  -3  -4  -7  -6  -6    2   0   0  17   0   3  75   1   0   0   0   0   0   0   0   1   1   0   0   0  1.77 0.65
   85 A     7  -5  -5  -5  -3  -4  -4  -3  -5  -4  -5  -4  -5  -6  -4   0  -1  -6  -5  -2   87   0   0   0   0   0   0   0   0   0   0   0   0   0   0   7   3   0   0   2  1.74 0.66
   86 A    -1  -5  -6  -6  -3  -5  -5  -6  -6   3   3  -5   0  -3  -5  -4  -3  -5  -4   5    4   0   0   0   0   0   0   0   0  15  29   0   1   0   0   0   0   0   0  49  1.07 0.43
   87 K    -2   4  -2  -2  -5   2   4  -4  -1  -4  -3   4  -3  -5  -4  -2  -2  -5  -4  -4    2  26   1   1   0   7  29   1   2   1   2  26   0   0   0   1   1   0   0   1  0.88 0.40
   88 R    -1   1  -1   0  -3   1   1  -3   1   1   0   1   1   1  -3  -1   0   2   2   0    2   8   1   6   0   5  11   0   4   9   9  10   4   8   0   3   4   3   7   5  0.11 0.11
   89 L    -4  -6  -7  -7  -5  -5  -6  -7  -6  -1   6  -6   0  -3  -6  -6  -4  -4  -5   0    1   0   0   0   0   0   0   0   0   2  89   0   1   0   0   0   0   0   0   5  1.72 0.61
   90 A     7  -5  -5  -6  -3  -5  -5   0  -5  -5  -5  -5  -5  -6  -5  -2  -3  -6  -6  -4   92   0   0   0   0   0   0   6   0   0   0   0   0   0   0   1   0   0   0   0  1.94 0.72
   91 A     0   1   0   3  -5   2   3  -1  -1  -5  -4   2  -3  -5  -2   0  -1  -4  -4  -4    8   9   5  15   0  11  23   4   1   0   1  16   0   0   1   5   2   0   0   0  0.49 0.27
   92 K    -3   6  -2  -2  -6   1  -1  -4  -1  -3  -3   4   0  -2  -4  -2  -3  -5  -4  -4    1  42   1   2   0   6   3   1   1   2   3  30   3   2   0   3   1   0   0   0  0.97 0.43
   93 A     5  -4  -3  -4   0  -2  -3  -2  -1  -1  -1  -3  -1  -1  -4  -1  -1  -4   4   2   47   0   1   0   2   1   1   1   1   2   5   0   1   1   0   4   3   0  16  13  0.66 0.37
   94 G    -3  -3   3  -3  -5  -2  -5   7   2  -7  -7  -4  -6  -7  -6  -3  -5  -6  -6  -6    0   1  13   1   0   2   0  75   5   0   0   0   0   0   0   1   0   0   0   0  1.78 0.62
   95 V    -4  -5  -6  -6  -4  -5  -5  -6  -4   6   2  -5   4  -2  -6  -5  -3  -5  -2   4    0   0   0   0   0   0   0   0   0  42  13   0  10   1   0   0   0   0   1  30  1.16 0.46
   96 D    -1  -1  -1   2  -4   2   4  -4  -1  -3  -4   1  -3  -4   2   0   1  -5  -3  -2    4   2   2  10   0   8  33   0   1   1   0   6   0   0  12   5  10   0   0   3  0.54 0.31
   97 L    -4  -5  -6  -6  -4  -5  -5  -6  -6   4   4  -5   1  -2  -5  -5  -3  -4  -4   4    0   0   0   0   0   0   0   0   0  25  43   0   3   1   0   0   0   0   0  27  1.12 0.45
   98 S    -2  -1  -2   0  -6   0   2  -4  -3  -4  -5   1  -4  -6   7   0  -1  -6  -5  -3    2   3   1   5   0   4  12   0   1   1   0   8   0   0  50   6   4   0   0   1  1.18 0.47
   99 V    -2   2  -1   0  -5   2   4  -4  -1  -1  -3   1  -3  -1  -3  -1   0  -2   2  -1    2  14   1   5   0   8  31   1   1   3   2   8   0   2   1   3   6   0   8   4  0.41 0.26
  100 Y    -2   1  -1   1  -5   1   4  -3  -1  -3  -2   0  -2   0  -1  -1   1  -2   2  -2    2   8   2   5   0   6  34   1   1   1   3   4   1   5   2   4   9   0   7   3  0.37 0.25
  101 E    -2  -1  -1   4  -6   4   5  -2  -1  -5  -5   1  -4  -6  -3  -2  -2  -6  -3  -4    2   2   2  19   0  17  40   2   1   0   1  10   0   0   1   2   1   0   1   1  0.91 0.41
  102 L    -1  -1   0  -2  -3  -1  -1  -1  -2   1   2  -1   2   1   1  -1   0  -2   0   0    5   3   4   1   0   2   5   5   0   6  23   2   9   5   7   5   5   0   4   8  0.08 0.09
  103 D    -5  -4   2   7  -7  -3   4  -5  -4  -6  -7  -3  -6  -7  -5  -3  -4  -7  -6  -6    0   0   7  70   0   0  23   0   0   0   0   0   0   0   0   0   0   0   0   0  1.86 0.54

                      K         Lambda
Standard Ungapped    0.1437     0.3240
Standard Gapped      0.0683     0.2670
PSI Ungapped         0.2231     0.3177
PSI Gapped           0.0683     0.2670
