
Last position-specific scoring matrix computed, weighted observed percentages rounded down, information per position, and relative weight of gapless real matches to pseudocounts
            A   R   N   D   C   Q   E   G   H   I   L   K   M   F   P   S   T   W   Y   V   A   R   N   D   C   Q   E   G   H   I   L   K   M   F   P   S   T   W   Y   V
    1 M    -2  -2  -3  -4  -2  -1  -3  -4  -3   1   2  -2   8  -1  -3  -2  -2  -2  -2   0    0   0   0   0   0   0   0   0   0   0   8   0  92   0   0   0   0   0   0   0  0.94 0.16
    2 L    -2  -3  -4  -4  -2  -3  -4  -4  -3   2   4  -3   4   0  -4  -3  -2  -3  -2   1    0   0   0   0   0   0   0   0   0  12  62   0  21   0   0   0   0   0   0   5  0.62 0.14
    3 T     1   1  -1  -2  -2  -1  -1   1  -2  -1   0  -1  -1  -2  -2   2   3  -3  -2   0   16  11   0   0   0   0   2  10   0   0  12   0   0   0   0  19  25   0   0   4  0.19 0.07
    4 R    -2   6  -2  -3  -4   0  -1  -3  -2  -3  -1   3  -2  -1  -3  -1  -2  -4  -2  -3    0  63   0   0   0   0   0   0   0   0   9  22   0   3   0   3   0   0   0   0  0.83 0.20
    5 F    -1   3  -2  -3  -3   0  -2  -2   2   0   0  -1   1   4  -1  -2  -1  -1   1  -1    6  26   0   0   0   3   1   2   6   5   9   0   6  24   3   1   4   0   3   1  0.21 0.10
    6 L    -2  -3  -4  -4  -3  -3  -4  -4  -3   2   3  -3   1   3   2  -3  -2  -2  -1   1    2   0   0   0   0   0   0   0   0  17  45   0   3  16  12   0   0   0   0   6  0.49 0.15
    7 G     0  -3  -2  -2  -3  -1  -3   6  -3  -5  -5  -2  -4  -4  -3   1   0  -4  -4  -4    5   0   0   0   0   3   0  72   0   0   0   0   0   0   0  12   8   0   0   0  1.07 0.24
    8 P    -2   3  -3  -3  -5  -1  -2  -4  -3  -5  -4   4  -4  -5   7  -2  -3  -5  -4  -4    0  17   0   0   0   1   0   0   0   0   0  30   0   0  51   0   0   0   0   0  1.35 0.30
    9 R    -1   4   0  -2  -1   1  -1  -2   2  -4  -3   4  -2  -1  -3   0  -1  -3   0  -3    1  31   2   0   1   5   0   2   6   0   0  37   0   3   0   8   1   0   3   0  0.55 0.20
   10 Y    -1   0   0  -2  -1   3  -1  -3   6  -3  -2  -1  -1  -1  -3   0   0  -2   4  -1    5   5   3   1   2  18   0   0  26   0   3   0   2   0   0   6   7   0  17   3  0.44 0.18
   11 R     0   2  -2  -3  -2   0  -2  -3   1   2   1   0   1   1  -3  -1  -1  -1  -1   1   11  15   0   0   0   3   0   1   6  21  11   6   4   6   0   2   0   1   0  14  0.13 0.09
   12 Q    -1   0   2   0  -4   2   4  -3   1  -4  -3   0  -1  -4  -2   0   0   1  -3  -3    5   5   9   3   0  10  45   0   3   0   0   3   2   0   0   5   6   3   0   1  0.50 0.18
   13 L     0  -3  -3  -4  -2   1  -3  -4  -3   2   3  -2   2   3  -2  -2  -2  -2  -1   0    8   0   0   0   0   8   0   0   0  15  39   2   8  16   2   0   0   0   0   2  0.34 0.15
   14 A     4  -3  -3  -3  -2  -2  -3   0  -3  -1   1  -2   0  -1  -3  -1  -1   1  -2   1   57   0   0   0   0   0   0   6   0   0  18   0   1   2   0   0   2   2   0  12  0.45 0.21
   15 R     0   3  -1  -2  -3   0  -1  -2  -2  -2  -2   4  -1  -4   1   1   1  -4  -3  -2    8  18   0   0   0   3   0   1   0   1   2  31   2   0   7  12  13   0   0   1  0.37 0.16
   16 N     1   1   3   0  -3   1  -1  -2   0  -2  -2   2  -2  -3  -2   1   2  -4  -2  -1   18   5  20   3   0   7   0   0   2   2   2  14   0   0   0  10  15   0   1   2  0.25 0.12
   17 W    -2  -3  -5  -6  -5  -4  -5  -5  -3  -4  -3  -5  -1   3  -6  -3  -4  11   4  -4    3   2   0   0   0   0   0   0   0   0   0   0   2  13   0   1   0  66  14   0  2.52 0.46
   18 V     1  -2  -2  -3  -2  -2  -2   1  -1   2   1  -2   1   0  -3   0   0   0   1   1   12   1   0   0   0   0   0  12   1  22  10   2   4   2   0  10   6   1   5  12  0.11 0.08
   19 P    -2   1  -1  -3  -4  -1  -2  -2  -1  -3  -3   0  -3  -1   7   0   0  -4  -3  -2    1  10   2   0   0   2   0   3   1   0   2   4   0   3  56   9   5   0   0   2  1.09 0.23
   20 T    -1  -2  -1  -2  -2  -2  -2  -2  -3  -3  -3  -2   0  -2   2   4   4  -4  -3  -2    0   0   0   0   0   0   0   0   0   0   0   0   3   2  10  46  40   0   0   0  0.73 0.26
   21 A     3  -3  -3  -3  -2  -2  -2   0  -2   1   1  -2  -1  -1  -3  -1  -1  -2   2   1   43   0   0   0   0   0   0   7   0   7  16   0   0   0   0   1   2   0  11  13  0.28 0.14
   22 S     2  -3  -2  -3   0  -2  -2   3  -3   0   0  -2   1  -2  -2   1   0  -3   0   1   25   0   0   0   2   0   0  26   0   3   5   0   7   0   0   9   4   0   3  16  0.25 0.12
   23 L     2  -2  -2  -3   0  -2  -2   1  -2   0   0  -1   2   0  -2   0   3  -3   0   1   20   0   0   0   2   0   0  13   0   3   4   2  12   3   0   3  24   0   3  12  0.19 0.12
   24 W    -4   0  -4  -5  -4  -3  -4  -5  -1  -2  -1  -4  -2   5  -5  -4  -3   8   6  -3    0   5   0   0   0   0   0   0   0   0   4   0   0  34   0   0   0  24  33   0  1.36 0.28
   25 G     0  -4  -2  -3  -4  -3  -3   6  -3  -3  -3  -3  -4  -4  -3   0  -1  -4  -4  -4    4   0   0   0   0   0   0  83   0   1   2   0   0   0   0   5   4   0   0   0  1.26 0.26
   26 A     3  -3  -2  -3  -2  -2  -2   2  -3   0  -1  -2   0  -1  -2   0   2  -3  -2   1   44   0   0   0   0   0   0  15   0   4   4   0   2   2   0   2  18   0   0  10  0.32 0.14
   27 V     3  -2  -2  -2  -2  -2  -2   2  -3  -1  -2  -2   0  -3  -2   1   2  -4  -3   1   34   0   0   0   0   0   0  16   0   0   0   0   4   0   0  11  21   0   0  15  0.33 0.14
   28 G     4  -3  -2  -3  -2  -2  -2   5  -3  -3  -3  -2  -3  -4  -3   1   0  -4  -3  -2   41   0   0   0   0   0   0  45   0   0   2   0   0   0   0   7   3   0   0   1  0.70 0.19
   29 A     2  -3  -2  -3  -2  -2  -2   1  -3   0   0  -2  -1   2  -2   1   1   1  -1   1   27   0   0   0   0   0   0  14   0   3   8   0   0  15   0   7  15   2   0   9  0.19 0.10
   30 V    -1  -3  -4  -4  -1  -3  -4  -4  -4   2   4  -3   3   0  -4  -3  -1  -3  -2   3    4   0   0   0   1   0   0   0   0   9  45   0  10   4   0   0   1   0   0  26  0.49 0.16
   31 G     2  -3  -2  -3   1  -2  -3   4  -3  -1   1  -2   1  -1  -3  -1   0  -3  -3   0   20   0   0   0   3   0   0  36   0   2  20   0   4   2   0   1   7   0   0   5  0.34 0.13
   32 L     1  -3  -3  -4  -2  -3  -3   1  -3   1   3  -3   1   0  -3  -2  -1  -3  -2   1   15   0   0   0   0   0   0  16   0   2  47   0   3   3   0   0   4   0   0  11  0.32 0.14
   33 V    -1  -3  -4  -4   3  -3  -4  -4  -4   3   3  -3   0  -1  -4  -3   0  -3  -2   3    1   0   0   0   7   0   0   0   0  23  34   0   0   1   0   0   6   0   0  28  0.48 0.16
   34 W    -4  -4  -4  -5  -4  -4  -4  -5  -1  -3  -3  -4  -3   3  -5  -4  -4   8   8  -3    0   0   0   0   0   0   0   0   0   0   0   0   0   7   0   0   0  19  74   0  1.98 0.40
   35 A     2  -3  -3  -4  -2  -3  -3  -2  -3   1   1  -3   2   5  -3  -2  -1  -1   1   1   21   0   0   0   0   0   0   2   0   6  11   0   7  36   0   0   3   0   4  11  0.39 0.15
   36 T    -1  -3  -2  -3   4  -2  -3  -3  -3   1  -2  -2   1  -3  -2   0   6  -4  -3   1    0   0   0   0  11   0   0   0   0   7   0   0   4   0   1   5  65   0   0   7  0.78 0.27
   37 D    -3  -2   1   7  -5   1   3  -2  -2  -5  -5  -2  -4  -5  -3  -2  -2  -5  -4  -5    0   0   5  67   0   8  19   2   0   0   0   0   0   0   0   0   0   0   0   0  1.19 0.28
   38 W    -5  -5  -6  -6   2  -4  -5  -5  -5  -5  -4  -5  -4  -2   1  -5  -5  12   0  -5    0   0   0   0   4   0   0   0   0   0   0   0   0   0   8   0   0  88   0   0  3.45 0.54
   39 R    -2   5   0  -2  -5   2   1  -3  -2  -4  -4   5  -3  -4  -3  -2  -2   0  -3  -4    0  32   3   0   0   9   8   0   0   0   0  46   0   0   0   0   0   2   0   0  0.82 0.23
   40 L     0  -2  -3  -1   0  -2  -3  -3  -3   1   2  -2   1   0  -3  -1   1  -3  -1   3   11   1   0   4   1   1   0   0   0   3  29   0   1   3   0   1  12   0   1  31  0.24 0.12
   41 I    -1  -4  -4  -4  -2  -4  -4  -4  -4   5   1  -4   1   1  -4  -2  -1  -4  -2   4    2   0   0   0   0   0   0   0   0  46   4   0   1   5   0   2   3   0   0  37  0.64 0.20
   42 L     0  -3  -1  -3   2  -3  -3   1  -3   1   3  -3   1   2  -2  -2  -1  -2  -1   1    7   0   4   0   5   0   0  12   0   4  38   0   1  10   1   0   3   0   0  14  0.21 0.10
   43 D     0   3   0   3  -3   4   1  -1  -1  -3  -3   2  -2  -4  -2   0   1  -4  -3  -3    6  17   3  18   0  25   3   4   0   2   0  10   0   0   0   2  10   0   0   0  0.38 0.14
   44 W    -3   1  -1  -4  -4  -1  -3  -4   4  -3  -3   0  -3   2  -4  -3  -3   7   6  -2    0  10   3   0   0   2   0   0  13   0   0   5   0   4   0   0   0  18  43   2  1.06 0.27
   45 V    -2  -4  -4  -4   0  -3  -4  -5  -4   5   2  -4   2   0  -4  -3  -2  -3  -2   4    0   0   0   0   1   0   0   0   0  48  14   0   4   2   0   0   0   0   0  31  0.64 0.18
   46 P    -3  -4  -4  -3  -5  -3  -3  -4  -4  -5  -5  -3  -4  -6   9  -3  -3  -6  -5  -4    0   0   0   0   0   0   0   0   0   0   0   0   0   0 100   0   0   0   0   0  2.73 0.40
   47 Y    -3  -3  -4  -4  -3  -3  -4  -2  -1   2   1  -4   0   5  -4  -3  -2   0   5   0    0   0   0   0   0   0   0   3   0  14  16   0   0  30   0   0   0   0  31   7  0.66 0.18
   48 I    -3  -3  -2  -4  -3  -3  -3  -4  -1   2  -1  -3  -2   1  -4  -3  -1   6   7   0    0   0   2   0   0   0   0   0   0  15   2   0   0   0   0   0   4  13  57   6  1.04 0.25
   49 N    -2   1   5  -1  -4  -1  -2   3  -1  -3  -4   1  -3  -4  -3   0  -1  -4  -3  -4    0   7  45   0   0   0   0  30   0   2   0  11   0   0   0   4   0   0   0   0  0.66 0.18
   50 G     0   1   0   0  -3  -1  -1   4   0  -4  -3   0  -3  -2  -3   1   1  -3   1  -3    2  11   3   5   0   1   1  41   3   0   0   5   0   0   0  10  11   0   8   0  0.40 0.12
   51 K    -2   2   1  -1  -4   1  -1  -3   2  -4  -4   6  -3  -4  -3  -1  -2  -4  -3  -2    0   7   5   2   0   3   0   0   7   0   0  75   0   0   0   0   0   0   0   2  0.89 0.25
   52 F    -4  -4  -4  -5  -4  -4  -4  -5  -2   0   0  -4  -1   7  -5  -4  -3   0   6  -2    0   0   0   0   0   0   0   0   0   4   3   0   0  66   0   0   0   0  26   0  1.35 0.28
   53 K     0   0   0   2  -3   2   1  -2  -2  -2  -3   4  -2  -2   2   0  -1  -4  -3  -2    7   1   3  11   0   8  10   0   0   2   1  39   0   2  10   2   2   0   0   2  0.37 0.13
   54 K    -1   1   0   2  -4   1   3  -2   0  -3  -3   3  -1  -4  -1   0   0  -4  -3  -2    3   7   1  13   0   6  24   0   2   0   0  30   1   0   1   3   7   0   0   1  0.42 0.13
   55 D    -1  -1   0   4  -4   0   3  -3  -2  -2  -2   1  -1  -4   2   0  -1  -4  -3  -3    2   0   3  36   0   3  23   0   0   2   3  10   2   0  10   6   1   0   0   0  0.53 0.15
   56 D    -2  -2   1   5  -5   1   5  -3  -1  -4  -4  -1  -3  -5  -2  -1  -2  -5  -4  -4    0   0   6  41   0   4  50   0   0   0   0   0   0   0   0   0   0   0   0   0  0.96 0.19

                      K         Lambda
Standard Ungapped    0.1424     0.3261
Standard Gapped      0.0492     0.2670
PSI Ungapped         0.1608     0.3174
PSI Gapped           0.0492     0.2670
