
Last position-specific scoring matrix computed, weighted observed percentages rounded down, information per position, and relative weight of gapless real matches to pseudocounts
            A   R   N   D   C   Q   E   G   H   I   L   K   M   F   P   S   T   W   Y   V   A   R   N   D   C   Q   E   G   H   I   L   K   M   F   P   S   T   W   Y   V
    1 M    -2  -4  -5  -5  -3  -3  -4  -5  -4   2   4  -4   4  -1  -4  -4  -2  -3  -3   3    0   0   0   0   0   0   0   0   0  12  50   0  16   0   0   0   0   0   0  22  0.79 0.29
    2 D    -3  -4   0   6   1  -1   5  -3  -1  -6  -6  -2  -5  -6  -1   0  -4  -6  -5  -6    2   0   3  44   3   1  35   2   2   0   0   1   0   0   2   5   0   0   0   0  1.24 0.58
    3 S     0  -6   2  -4   2  -5  -4  -3  -4  -4  -6  -3  -6  -4  -6   5   5  -8  -7  -5    9   0   8   1   4   0   1   2   0   1   0   1   0   1   0  40  33   0   0   0  1.27 0.79
    4 V     0   1  -3  -3  -6   1  -2  -3  -3   0   1  -1   0  -2   5   0   0  -6  -4   1    7   8   1   1   0   6   2   2   1   4  13   4   2   2  27   7   5   0   0   8  0.46 0.38
    5 C    -9 -12 -12 -12  12 -12 -13 -11 -12 -10 -10 -12 -10 -11  -5 -10 -10 -11 -11 -10    0   0   0   0  99   0   0   0   0   0   0   0   0   0   1   0   0   0   0   0  5.22 2.06
    6 P    -1   1  -2  -1  -8   0  -2   0  -5  -5  -3   0  -8  -9   7  -2  -1  -9  -4  -4    6   7   2   3   0   4   3   8   0   1   3   6   0   0  48   3   4   0   1   2  1.17 0.76
    7 Q     1  -1  -2   1  -1   3   3  -3  -2  -3  -2  -1  -2  -5   4   1  -1  -4  -4  -2   11   3   2   7   1  11  17   2   1   2   5   4   1   0  17   9   3   0   1   3  0.41 0.37
    8 G    -4  -4   2  -1  -1  -1  -1   6   1  -8  -7  -1  -6  -5  -5  -3  -4  -9  -5  -9    1   1  10   3   1   3   4  64   3   0   1   3   0   1   1   2   1   0   0   0  1.58 0.87
    9 K    -3   0  -2  -4  -6   3   2  -5   3  -5  -3   2  -2   1  -5   1   3  -3   2  -5    2   4   2   0   0  11  15   1   7   0   3  11   1   5   0  11  20   0   6   1  0.61 0.46
   10 Y    -6  -4  -6  -3  -4  -6  -1  -6   1  -4  -6  -5  -3   4  -7  -4  -4  -1   9  -3    1   1   0   2   0   0   4   1   3   1   1   1   1  15   0   1   1   1  62   3  2.34 1.12
   11 I    -1   0  -1  -1   3   0  -2  -2  -2  -1   0   0  -2   2   0   1   0   3   3  -1    5   5   3   3   5   5   2   4   1   4   9   5   1   8   4  11   5   4  11   5  0.16 0.16
   12 H     0  -2   2   2  -1   1   0  -2   5  -3  -2  -2  -4  -2  -2   1  -1  -2   2  -1    7   2   9  13   1   6   7   3  14   2   5   2   0   1   3   9   4   1   6   4  0.32 0.25
   13 P     0  -1   0   2  -3   0   0  -1  -2  -3  -2   0  -1  -2   4   0   0  -1  -1  -1    7   4   5  10   1   5   6   6   1   2   4   6   2   2  20   8   6   1   2   5  0.25 0.21
   14 Q     0   1  -1   1  -2   2   2   0   0  -2  -2   2  -3  -3   0   0   1   0  -3  -1    6   8   3   7   1  11  11   6   2   2   4  11   1   1   4   7   9   1   1   4  0.18 0.18
   15 N    -1  -1   4   1   0  -1  -2   2   2  -1  -3  -1  -3  -4  -3   2   1   2  -3  -3    5   3  16   6   2   3   3  14   4   3   2   4   1   1   2  16   9   3   1   2  0.34 0.28
   16 N     0   0   4   1  -1   1  -1   3   2  -5  -3  -2  -2  -3  -2   1   0  -6  -4  -4    7   4  20   8   2   6   4  20   4   0   3   3   1   1   2   9   5   0   1   1  0.47 0.35
   17 S     0   0   0  -1   2   1  -1   2  -2  -4  -3  -1  -3  -3   0   3   1  -3  -2  -2    8   5   4   4   4   6   5  14   1   1   3   4   1   1   4  21   9   0   1   3  0.28 0.26
   18 I     0   1  -1  -2  -2   1   0  -3  -2   1   1  -1   1   2  -2  -1   1   0   0   1    6   8   2   2   1   6   5   2   1   8  12   4   4   8   2   4  10   2   3  11  0.11 0.11
   19 C    -1  -4  -3  -3   9  -3  -2  -2  -3  -3  -2  -3  -2  -2  -1   1  -1  -5  -4  -3    6   1   1   2  46   1   3   4   1   2   5   2   1   2   4  12   4   0   1   3  1.55 0.68
   20 C    -5  -5  -5  -5  12  -6  -7  -8  -6  -5  -5  -6  -6  -7  -6  -4  -5  -4  -5  -5    1   1   1   1  85   1   0   0   0   1   2   1   0   0   1   2   1   0   1   1  4.08 1.68
   21 T    -2   1  -1   0  -4   2   0  -2   0  -2  -1   1  -2  -3   0   2   3  -4  -1  -2    4   8   3   5   0   7   5   3   2   2   5   9   1   1   6  18  15   0   2   3  0.26 0.26
   22 K     0   1  -2  -1  -2   2   0  -2  -2  -2   1   3   1  -3   3   0   0  -1  -3  -1    8   7   2   3   1   8   5   4   1   2  12  16   3   1  13   6   6   1   1   4  0.22 0.22
   23 C    -7 -11  -7 -11  12 -10 -11  -8 -10  -6  -8 -10  -9 -10  -4  -6  -9 -10 -10  -7    0   0   0   0  94   0   0   0   0   1   0   0   0   0   1   1   0   0   0   0  4.82 1.97
   24 H    -2  -2  -1   0  -8   0   0  -1   1  -5  -4  -3  -4  -3   7   0  -4  -5  -6  -5    4   3   3   6   0   4   5   5   4   1   2   2   1   1  51   6   1   0   0   1  1.29 0.82
   25 K     3  -2  -3  -3  -3  -4  -2  -5  -5  -3  -3   0  -4  -5   6  -2  -1  -9  -6  -1   20   2   1   2   1   1   4   1   0   2   3   6   1   1  43   4   4   0   0   5  1.14 0.74
   26 G    -6  -6  -2  -2  -5  -7  -3   7  -5  -8  -9  -7 -10 -10  -6  -4  -6  -5  -7  -8    1   1   2   2   0   0   2  85   0   0   0   0   0   0   1   1   1   0   0   0  2.59 1.27
   27 T    -5  -3  -3  -5  -1   2   1  -5   3  -8  -4  -1   0   1  -6   1   5   0   5  -6    1   2   2   1   1   7   8   1   7   0   2   4   2   6   1   9  28   1  16   1  0.92 0.59
   28 Y    -5   0  -5  -5  -3  -3  -2   2   3  -5  -5  -1  -5   4  -7  -2  -3   0   7  -2    1   5   1   1   1   2   3  14   6   1   2   4   0  16   0   3   2   1  34   3  1.27 0.67
   29 L     0   0  -1  -3   0  -1  -2  -3  -2   0   2  -1   3  -2  -1  -1  -1  -1  -1   3    9   4   3   1   2   3   3   2   1   5  21   4   6   2   4   5   4   1   2  18  0.26 0.15
   30 Y     0  -1  -1  -1   2   1   0  -1  -1  -1  -1   1  -2  -2  -1   3   0  -4   0   1    7   3   4   4   4   6   5   5   1   3   5  10   1   2   3  18   7   0   4   9  0.15 0.13
   31 N     1   1   1   0   0   1   2  -1  -1  -2  -2   1  -2  -3  -1   1   1  -2  -3  -1   10   8   7   4   2   7  11   5   2   2   4   8   1   1   3  10   8   1   1   5  0.14 0.13
   32 D     0  -1   2   2  -3   1   1  -3   3  -3  -1  -1  -2  -1   4   0  -1  -2  -1  -3    7   3   8  12   1   5   8   3   5   2   6   5   1   3  17   6   3   1   2   2  0.30 0.22
   33 C    -3  -3  -2  -3  11  -3  -3  -3  -3  -3  -3  -3  -3  -3  -3  -1  -3  -4  -3  -3    3   2   2   2  62   2   2   3   1   2   3   2   1   1   2   4   2   0   1   3  2.49 0.91
   34 P    -2  -1  -1   1   0   0  -1   1  -2  -2  -1  -1  -2  -1   2   1   3  -3  -2  -1    3   3   3   6   2   5   4  11   1   2   6   5   1   2  10   9  19   0   1   5  0.24 0.19
   35 G     0  -2   2   1   0   0   0   2  -1  -2  -3  -1  -3  -3  -1   3   0  -2  -3  -2    7   3   8   9   2   5   7  17   1   3   3   4   1   1   3  17   5   1   1   3  0.27 0.21
   36 P    -1   1   2   1   0   0   1   0   1  -3  -3   1  -3  -3   3   0  -1  -5  -1  -2    6   8  10   6   2   4   8   7   3   2   4   7   1   1  15   7   5   0   2   4  0.24 0.19
   37 G    -1  -1  -1  -1   3   0  -1   2   2  -1  -2  -2  -2  -1  -1   1   3  -3  -1  -1    5   3   3   4   5   4   4  16   5   4   4   3   1   2   3   9  18   1   2   5  0.26 0.20
   38 Q    -1   0   0  -1  -2   2  -1   3   0  -3  -3   0  -2  -4  -4   2   2  -3  -2  -2    6   6   5   4   1   8   5  18   2   2   3   5   1   1   1  15  14   0   2   3  0.32 0.26
   39 D     0  -1   3   4   2   0   0   1  -2  -3  -3  -1  -2  -3   0   0  -1  -3  -3  -3    7   3  12  21   4   4   6  12   1   2   4   3   1   1   5   7   4   0   1   2  0.35 0.28
   40 T     1   0   0  -2   0  -1  -3   0  -2  -1  -3  -3  -3  -3   1   2   5  -1  -2  -2   10   5   4   2   2   3   2   7   1   3   3   2   1   1   6  13  30   1   1   3  0.48 0.39
   41 D     0  -1  -1   1  -1   2   1  -3   1  -1  -2   1  -1  -2  -1   0   1  -5   0   2    6   3   3   8   2   9  10   2   3   4   3   8   2   1   3   6  10   0   3  15  0.16 0.18
   42 C    -5  -6  -5  -5  12  -5  -6  -5  -9  -6  -9  -7  -9  -6  -6  -6  -8  -9  -9  -6    1   1   1   1  90   1   1   1   0   1   0   1   0   1   1   1   0   0   0   1  4.41 1.79
   43 R     0   1  -1   0  -3   1   2  -2   1   0   0   0  -1  -3  -3   0   1  -2  -3   1    7   9   3   6   0   7  12   3   3   6   9   6   1   1   1   8   9   1   1   9  0.13 0.15
   44 E     1   1  -2  -2  -8   1   0  -4  -2  -3  -3   0  -3  -3   6   0   0  -9  -5  -2   10   6   2   3   0   5   6   2   1   2   4   7   1   1  35   8   5   0   1   3  0.72 0.52
   45 C    -7  -6  -6 -11  12 -11 -11 -11 -11  -5  -7 -11  -4 -11 -11  -5  -6 -11 -11  -6    1   1   1   0  92   0   0   0   0   1   1   0   1   0   0   1   1   0   0   1  4.74 1.94
   46 E     0  -2  -1   1  -1  -1   2  -2  -1  -2  -4  -1  -8  -6   6   0  -1  -4  -4  -2    7   2   3   7   1   3  12   4   2   2   3   4   0   0  34   6   5   0   1   3  0.73 0.53
   47 S     1   0  -1   1  -4   0   2  -3  -1  -3  -3  -1  -2  -5   5   1  -1  -3  -3  -1   11   5   3   7   0   4  11   2   2   2   3   4   1   1  24  12   4   0   1   4  0.45 0.39
   48 G    -5  -2   2   0  -2  -5  -5   7   0  -6  -7  -4  -4  -4  -6  -2  -3 -10  -5  -5    1   2   8   6   1   1   1  65   2   1   1   1   1   1   1   4   2   0   1   1  1.67 0.92
   49 S    -5  -1  -5  -4   0   0   1  -5   2  -4  -6   0   0   1  -5   2   5  -2   3  -3    1   4   1   1   2   4   8   1   4   1   1   5   2   5   1  12  36   1   8   2  0.84 0.58
   50 F    -6  -5  -4  -4   0  -4  -4  -9  -2  -4  -5  -5  -3   6  -6  -4  -1   1   8  -4    1   1   1   1   2   1   1   0   1   1   1   1   1  31   1   2   4   2  45   2  2.12 1.05
   51 T    -2  -1   2  -3   1   0  -3  -2  -6  -2   0  -1   1   0  -4   3   3  -2   1  -2    4   4   8   1   3   5   2   3   0   2  10   5   3   4   1  20  18   1   4   3  0.36 0.29
   52 A     2  -2   1   3  -1   0   1  -1  -2  -3  -2  -3  -6  -2   2   2  -1  -7  -3  -3   15   2   5  14   2   5   9   5   1   2   4   1   0   2   9  16   4   0   1   2  0.35 0.30
   53 S     0   0   1   1  -2   0   0  -2   4  -3  -2   0  -1  -1   0   2   1   0  -1  -1    9   5   6   8   1   4   6   3   9   2   5   5   1   3   4  13   9   1   2   4  0.18 0.17
   54 E    -1  -2  -1   1  -2   0   2  -2   1  -2  -2  -1  -2  -2   1   0   1   6   0   0    6   2   3   8   1   4  11   4   3   3   5   3   1   2   8   7   9  12   3   6  0.32 0.26
   55 N    -2  -4   6  -1   2  -1  -2   2   2  -3  -5  -2  -3  -4  -3   2  -2  -1  -1  -4    3   1  30   4   4   3   3  16   5   2   2   2   1   1   2  13   3   1   2   1  0.78 0.48
   56 H     1   1   1  -1   1   0  -1   2   4  -3  -3  -3  -2  -1  -2   0   1   0   1  -3   10   7   6   4   3   4   4  17  10   2   3   2   1   3   2   8   7   2   5   2  0.29 0.22
   57 L     0   0  -1  -1   0   0   1  -2   1  -1   1  -1   0   0  -1   1   1  -1   0   0    9   4   2   3   2   5   9   2   4   4  14   4   2   4   3  10   8   1   3   6  0.07 0.08
   58 R    -1   2  -1   0  -2   1   1  -1   1  -3  -3   0  -1  -2   2   2   2  -1  -1  -3    5  11   3   5   1   6   8   5   3   2   3   5   2   2   9  14  11   1   2   2  0.22 0.22
   59 H     0   1   0  -1   1   0   0  -1   1  -2  -1   1   0  -1   0   1   1   0   1  -2    8   6   4   3   3   5   6   5   3   2   6   8   3   2   5  14   7   1   5   3  0.07 0.11
   60 C    -3  -4  -2  -3  11  -3  -3  -3  -1  -3  -4  -3  -2  -3  -3  -2  -2  -7  -2  -3    2   1   3   2  65   1   2   2   1   2   2   2   1   1   2   4   2   0   2   2  2.50 1.14
   61 L     0   1  -1  -1  -1   1   0  -1   2  -1   1   0   0  -1  -1   0   1   1  -1   0    6   7   2   3   2   8   6   5   5   3  17   5   3   3   3   5   9   2   2   6  0.05 0.09
   62 S    -1   0  -1  -1   1   2   0  -1   0  -2   0  -1   0  -2   4   1   0  -5  -1  -1    6   6   3   3   3   8   5   4   2   2   8   3   2   1  18  11   6   0   2   5  0.22 0.23
   63 C     0   0   0  -2   2   0  -2   0   2   0   0   0   1   0   1   0   0   3  -1   0    6   6   6   0   6   6   0   6   6   6   6   6   6   6   6   6   6   6   0   6  0.08 0.13
   64 S    -1   2   1  -2  -1   0  -2  -1   0  -3  -3   1   0  -2   0   3   3  -1  -2  -3    6  11   6   3   1   4   3   6   2   2   3   8   2   2   5  18  14   1   2   2  0.29 0.27
   65 K     1   1  -1  -1   0   0  -1  -2   1  -1  -3   0  -1  -2   3  -1   0   1   0   1    9   8   3   4   2   4   4   4   3   3   3   6   1   2  15   5   7   2   4  11  0.19 0.18
   66 C    -4  -8  -3  -3  11  -8  -4  -1   0  -2  -4  -4  -2  -2  -2  -2  -2  -8  -1  -2    2   0   2   2  61   0   2   6   2   2   2   1   1   2   2   3   3   0   3   3  2.49 1.13
   67 R    -2   1   2   3   3   0  -1   0   2  -2  -2  -1   0   0   1  -1   0  -6   0  -2    4   8   9  13   5   4   5   7   4   3   4   4   3   3   8   5   6   0   3   3  0.18 0.16
   68 K    -1   0   0   0   2   0   0  -1   2   0  -1   0   2   1   0  -1   0   4   1  -1    5   5   5   5   5   5   5   5   5   5   5   5   5   5   5   5   5   5   5   5  0.09 0.08
   69 E    -1   0   0   0   2   0   0  -1   2   0  -1   0   2   1   0  -1   0   4   1  -1    5   5   5   5   5   5   5   5   5   5   5   5   5   5   5   5   5   5   5   5  0.09 0.08
   70 M     0  -1   0   0   2   0  -1   0   2  -1  -1   0   2   0  -1   0   1   2   1  -1    8   4   4   5   5   4   4   7   5   4   7   5   6   4   3   8   8   3   5   5  0.06 0.07
   71 G    -1   0   0   0   2   0   0  -1   2   0  -1   0   2   1   0  -1   0   4   1  -1    5   5   5   5   5   5   5   5   5   5   5   5   5   5   5   5   5   5   5   5  0.09 0.08
   72 Q    -2  -1  -2  -3  -3   5   1  -3   0  -4   1   0   0   1  -4   1   0  -3  -1  -2    4   4   2   1   1  21  10   3   2   1  13   5   2   6   1  11   5   0   2   3  0.41 0.33
   73 V     0  -1  -1  -2   0  -1   2  -2  -1   0  -1  -1  -1   0  -2   0   0  -2   3   3    6   4   3   2   2   2  12   4   1   5   5   3   2   4   3   7   6   1  10  18  0.20 0.17
   74 E     1  -3  -2  -3  -1   1   3  -2  -2  -1  -1  -1   1  -1  -1  -1   2  -2  -2   1   10   2   2   2   1   5  20   4   1   4   6   3   3   3   3   6  13   1   1  10  0.26 0.23
   75 I     0   0  -1  -1   3  -1  -1  -2  -1   1  -1   1  -1  -1  -1   0   2  -2  -2   1    9   5   2   4   7   3   4   3   1   8   7   8   1   2   4   8  11   1   1  11  0.11 0.10
   76 S     0   2  -1  -2   2   3   0  -1   0  -2  -3   1  -2  -4  -1   2   2  -2  -3  -2    9   9   3   3   4  11   5   5   2   2   3   9   1   1   4  14  10   1   1   3  0.25 0.24
   77 S     1  -2   4   0  -2  -1   1  -2  -3  -5  -5  -1  -2  -4   5   0  -2  -3  -4  -3   11   3  15   4   1   3  10   4   1   1   2   5   1   1  25   8   3   1   1   2  0.61 0.45
   78 C    -2  -5  -4  -7  11  -7  -5   1  -7  -5  -5  -5  -3  -7  -2  -3  -3  -2  -4  -4    4   1   1   0  66   0   1  10   0   1   2   1   1   0   2   3   2   1   1   2  2.89 1.25
   79 T    -2  -4   2  -1  -3  -1  -3  -2  -2  -4  -4  -2  -2  -4  -1   3   5  -7  -4  -2    4   1  10   3   1   3   2   3   1   1   3   2   1   1   4  20  35   0   1   3  0.86 0.58
   80 V     2   1   0  -3   0  -2  -2  -1  -1  -2  -2  -1  -2  -4   2   2   1   0  -2   0   17   7   4   2   2   2   3   5   1   2   4   4   1   1  10  16   9   1   2   6  0.25 0.24
   81 D    -1  -1   0   1   0  -2   0  -2  -2  -1  -3  -1  -3  -3  -2   0   5  -1   0   0    4   3   5   8   2   2   6   4   1   4   3   5   1   1   3   6  30   1   4   7  0.44 0.33
   82 R     0   2  -1  -2  -1   3  -1   0   3  -4  -5  -1  -2  -4  -4   3   1  -2  -3  -4    8  10   3   2   2  12   5   7   6   1   2   5   1   1   1  22   9   1   1   1  0.45 0.35
   83 D    -2  -3   5   5  -2  -1  -2  -2  -3  -4  -4   1  -3  -4   0  -2  -1  -2  -3  -4    3   2  22  33   1   3   3   4   1   1   2   7   1   1   5   4   4   1   1   2  0.90 0.52
   84 T     0   3  -1  -2   0  -2  -3   0  -3  -3  -2  -3  -2  -3  -2   0   5  -6  -2  -1    9  16   3   3   2   2   2   6   1   2   4   2   1   1   2   8  30   0   2   4  0.59 0.40
   85 V    -1   0  -3  -2   2   3   1  -4   1   1  -2   1  -1  -2  -2  -2  -1  -5  -3   4    5   5   1   3   4  12   9   2   3   6   4   7   2   2   3   4   5   0   1  22  0.35 0.25
   86 C    -4  -5  -4  -3  11  -4  -4  -5  -3  -2  -3  -5  -3  -4  -5  -5  -4  -7  -4  -4    2   1   1   2  74   1   2   2   1   3   3   1   1   1   1   1   1   0   1   2  3.33 1.39
   87 G     0   2  -1  -1  -2   3   1   1   0  -1  -2  -1  -2  -4   1  -1   1  -6  -3  -1    9  11   2   4   1  11   9  12   2   3   4   3   1   1   7   5  10   0   1   4  0.22 0.21
   88 C     0   1   1   1   2   1   0   0  -1   0  -2   0  -2  -2  -2   0   0   4   1  -2    7   7   7   7   7   7   7   7   0   7   1   7   0   0   0   7   7   7   7   0  0.14 0.15
   89 R    -2   0  -1  -1   8  -1  -2  -2   3   1  -3   1   0  -1  -1  -2  -1   2  -1   1    3   5   3   3  24   3   3   3   5   6   3   8   3   3   4   3   4   2   3   8  0.67 0.33
   90 K     0   0  -1   0   4   0  -1  -3   0  -1  -2   2  -1  -2   4  -1  -1   1  -1  -2    9   4   3   6   7   4   5   2   2   4   4  10   2   2  20   4   5   2   2   3  0.34 0.25
   91 N    -3  -2   2   0   0  -2  -2   5  -1  -7  -4  -3  -7  -2   0   0  -2  -7   0  -3    2   3   8   5   2   2   3  46   2   0   3   2   0   2   5   8   3   0   4   2  0.88 0.49
   92 Q    -3  -1  -2  -3  -2   2   0   0   4  -2  -3  -1   1   2  -3   1   1   4   4  -3    3   4   2   2   1   8   5   8   9   2   3   4   3   7   2  11  10   4  11   2  0.37 0.26
   93 Y    -4  -4  -3  -3   1  -2  -3  -3  -2  -3  -3   0  -2   5  -4  -3   0   1   7  -3    2   1   2   2   3   2   3   2   1   2   3   5   1  22   1   3   5   2  35   2  1.26 0.63
   94 R     0   1  -1   0   5   2   0  -1   0  -2  -1   0   0   0   0   0  -1   2   2  -2    7   8   3   5  10   8   5   5   2   2   6   6   2   4   5   6   4   2   6   3  0.18 0.14
   95 H    -1   0   0   0   2   0   0  -1   2   0  -1   0   2   1   0  -1   0   4   1  -1    5   5   5   5   5   5   5   5   5   5   5   5   5   5   5   5   5   5   5   5  0.09 0.08
   96 Y     0  -1   0   0   3   1  -1  -1   2  -1  -1  -1   1   0   1  -1   0   2   2  -1    8   4   5   6   7   5   4   5   5   3   6   4   3   4   7   5   7   3   7   4  0.11 0.11
   97 W    -2   0   0   1   0   0  -1   1   0  -1  -1  -1   1   0   0   1   0   5   0  -1    4   6   4   7   2   5   5   9   2   3   5   4   3   4   5  11   6   7   3   4  0.12 0.12
   98 S     0  -2   1   2   0   0  -1   3  -1  -3  -3  -2  -1  -4   0   2  -1  -1  -1  -1    8   2   6  10   2   4   4  18   2   1   2   3   2   1   6  16   4   1   2   4  0.27 0.24
   99 E     0  -2   1   2  -1   0   1   0   1  -2  -2   1  -1  -3   0   2   0  -1  -2  -2    8   2   6  10   1   5  10   6   3   3   5   9   2   1   5  13   5   1   2   3  0.14 0.15
  100 N     0  -1   0   1   2   0   1   1   2  -2  -3  -1  -1  -3  -1   2   2  -1  -1  -2    7   3   5   7   4   4  10   9   4   2   3   4   1   1   4  14  11   1   2   3  0.18 0.19
  101 L    -1  -2  -1   0   8  -2  -2   0   0  -3   0  -3  -2  -1   2  -3  -1  -1  -1  -2    5   3   3   5  31   2   3   8   2   2   8   2   1   3   9   2   4   1   2   3  0.92 0.50
  102 F    -1   0   0   0   2   0   0  -1   2   0  -1   0   2   1   0  -1   0   4   1  -1    5   5   5   5   5   5   5   5   5   5   5   5   5   5   5   5   5   5   5   5  0.09 0.08
  103 Q    -1   1   0   0   2   1   0  -1   2  -1  -1   0   1   0   0   0   0  -5   1   0    5   7   4   4   4   7   7   4   6   4   5   6   4   4   4   8   6   0   4   6  0.08 0.09
  104 C    -3  -7  -2  -1  10  -2  -3  -1   0  -2  -3  -3  -6  -6  -2  -3  -2   1  -1  -3    2   0   2   4  59   2   2   5   2   2   3   2   0   0   2   3   3   2   2   2  2.13 1.00
  105 F     0   2  -1  -1   0   1   0  -3   0  -1   0   0   1   0  -1   1   0   0   0   0    9  12   4   4   2   6   6   2   2   4   8   5   4   3   3   9   6   2   4   7  0.08 0.09
  106 N    -1   0   2   1  -5   1   0  -3   0  -2  -2   0  -1  -1   5   0  -1   0  -1  -3    6   6   8   7   0   5   7   2   2   3   3   6   1   3  25   7   4   1   2   1  0.40 0.34
  107 C    -5  -4  -1  -5  10  -2  -5  -4   4  -1  -1  -5  -2  -3  -2  -3  -4   0  -2  -4    1   2   3   1  55   2   1   2   9   3   6   1   1   1   2   2   2   1   2   2  2.30 1.06
  108 S    -1   0  -1  -2  -2   1  -2  -2  -1  -2  -2   0   0  -2   1   3   3  -2  -1  -2    6   5   3   3   1   5   2   4   2   3   4   5   2   2   8  23  17   1   2   3  0.33 0.31
  109 L    -1   0  -2   1   0   0   0  -2  -1  -1  -1   1  -1  -3   3   0   1   0  -1   0    4   6   2   8   2   4   7   3   2   3   8   8   2   1  15   8   8   1   3   6  0.18 0.19
  110 C     0   0   0   0   2  -2  -2   0   2   0   0  -2   1   1   1   0   0   3   1   0    6   6   6   6   6   0   0   6   6   6   6   0   6   6   6   6   6   6   6   6  0.08 0.14
  111 L    -2   0   0  -2   3  -1  -2  -1   1  -2   1  -1   1  -1   4  -1   0   2   0  -2    4   6   5   3   6   3   3   4   3   3  14   3   3   3  19   4   6   2   3   3  0.28 0.22
  112 N    -1   0   2   0   0  -2   1  -2   3  -2  -1  -1   0  -2   4  -1   0   1  -1  -2    5   4   8   6   2   2   9   3   7   2   6   3   3   2  21   5   5   2   2   3  0.33 0.27
  113 G    -3   1  -1  -2   0  -2  -3   6   0  -8  -4  -3   0  -3  -3  -1  -2   1  -1  -3    2   7   3   3   2   2   2  52   2   0   2   2   2   2   2   6   2   2   2   3  1.07 0.61
  114 T    -1  -1  -2  -1  -1   1   1   1   2  -1  -3  -1   1  -2  -2   1   3  -5   0  -2    5   4   2   3   1   7  10  10   5   3   3   4   4   2   2  10  21   0   3   3  0.23 0.25
  115 V    -1  -2  -2  -1  -1  -2   1  -2   0   1  -2  -3   0   1  -3  -1   2  -1   1   4    5   3   2   3   1   2   8   4   2   8   5   2   2   5   2   5  12   1   5  23  0.28 0.20
  116 H     0   1  -1  -2   1   2   0  -2   3  -1  -1   0  -1  -2  -3   1   2  -1  -2   1    7   8   3   3   3   9   6   3   7   4   7   5   1   2   2   9  11   1   2   8  0.16 0.15
  117 L    -1   2  -1   0   1   1   0  -1   1   0   0   1  -1  -1   0   0   0  -1   0   0    6  10   3   6   3   5   6   5   3   5   8   8   1   2   4   8   6   1   3   6  0.05 0.05
  118 S     0   0   0  -1  -2   0   1  -1  -1  -2  -2   1  -1  -3   3   1   1  -2  -1  -2    7   5   4   4   1   4  10   4   2   3   4   7   1   1  16  12   9   1   2   3  0.23 0.23
  119 C     0  -2  -2  -3   9  -4  -4   2  -3  -4  -4  -3  -3  -5   0  -2  -1  -8  -4  -2    8   2   2   2  43   1   2  14   1   1   2   2   1   1   6   3   5   0   1   4  1.61 0.82
  120 Q    -1  -2   1  -1   1   1  -2   2  -1  -3  -4  -1  -3  -4  -2   1   4  -2  -3  -3    5   2   7   4   3   7   3  16   2   2   2   4   1   1   3  11  25   1   1   2  0.49 0.37
  121 E     2  -1  -1   1  -1  -1   2   0  -1  -4  -2  -2  -3  -4   2   2   0  -1  -4  -2   16   4   3   8   1   2  14   8   2   1   4   3   1   1   9  13   5   1   1   3  0.28 0.27
  122 K     0   1   1  -1  -2   0  -2   1  -1  -1  -3   1   0  -1  -4   1   3   3   0  -2    6   7   7   3   1   4   3   9   1   3   3   8   3   3   1   9  19   4   3   3  0.25 0.22
  123 Q     0   0   1   1  -1   3   0  -1   2  -4  -3   0  -1  -2  -3   3   0  -3  -2  -3    8   6   6   7   1  12   6   6   4   1   3   6   2   2   1  22   5   0   1   2  0.34 0.29
  124 N    -2  -1   4   5  -2  -3  -1  -3  -2  -2  -4  -2  -3  -3  -2   0   3  -7  -3  -3    4   4  15  29   1   2   4   3   1   2   2   3   1   1   3   8  14   0   1   2  0.72 0.47
  125 T    -1   0   0   0  -3  -3  -2   1   1  -1  -3  -2  -3  -4  -4   0   5  -7  -2   0    6   5   5   5   1   1   3  11   3   3   3   3   1   1   1   8  32   0   1   5  0.55 0.39
  126 V    -3  -3  -2  -1   8   2   0  -4  -2   0  -1   0  -2  -5  -2  -3  -3  -4  -5   3    3   2   2   5  28  10   6   2   1   6   6   5   1   1   3   3   2   0   0  17  0.97 0.54
  127 C    -4  -4  -4  -4  11  -3  -4  -2  -3  -4  -4  -3  -4  -4  -4  -2  -1  -9  -3   1    2   1   1   1  61   1   2   4   1   1   2   2   1   1   1   4   4   0   1   8  2.49 1.16
  128 T     1  -2  -1   1   0   0   0  -4  -1  -2  -2   0  -2  -2   4   1   2  -7  -3   0   10   2   3   8   2   4   5   1   2   2   4   6   1   2  19   9  12   0   1   7  0.32 0.29
  129 C    -5  -4  -5 -11  12  -6  -7 -10 -10  -7  -7  -6 -10 -10  -4  -5  -6 -10 -10  -5    2   1   1   0  88   0   1   0   0   1   1   1   0   0   1   2   1   0   0   1  4.38 1.82
  130 H    -1   1   0  -1   0   1   0  -2   0  -5  -1   3  -1  -6   5   0  -3  -4  -4  -3    6   7   4   4   2   6   5   3   2   1   7  14   2   0  24   7   2   0   1   2  0.48 0.38
  131 A     3  -1  -1   0  -8  -2   0  -4  -1  -3  -5  -1  -2  -3   6   0  -1  -8  -5  -2   19   4   3   5   0   2   7   2   1   2   2   3   1   1  33   6   4   0   1   3  0.79 0.55
  132 G    -4  -3  -2  -2  -4  -5  -4   7  -4  -8  -8  -5  -4  -8  -4  -3  -5  -8  -4  -8    1   2   2   3   1   1   2  81   1   0   0   1   0   0   1   2   1   0   1   0  2.23 1.09
  133 F    -4  -2  -4  -4  -3  -2  -2  -4   3  -4  -4  -4   0   5  -6   0   5  -1   4  -2    2   2   1   1   1   2   3   2   6   1   2   1   2  23   0   7  28   1  14   3  1.00 0.60
  134 F    -5  -5  -4  -6  -3  -3  -4  -4  -1  -1  -3  -5  -2   7  -5  -4  -2   2   7  -3    1   1   1   0   1   1   2   2   1   4   3   1   1  37   1   2   3   3  36   2  1.77 0.86
  135 L     0  -1   0  -2   0   1   0  -1  -1  -2   1  -1   0  -2  -2   3   0   2   0  -2    6   3   4   2   2   6   6   5   1   3  13   4   2   2   2  24   6   3   3   3  0.18 0.21
  136 R     0   1   1   2   0   0   0  -1   2  -2  -2   0  -2  -2   1   1   0  -1   0  -2    8   6   7  13   2   3   6   4   5   2   4   5   1   2   7  11   5   1   4   3  0.13 0.13
  137 E    -1  -1   2   1  -4   3   1   3  -2  -4  -3  -1  -3  -3  -1   1  -1  -2  -2  -2    5   4   8   9   0  13  10  18   1   1   2   4   1   1   3  11   4   1   2   3  0.33 0.27
  138 N    -1  -1   4   3  -3  -2   0   2   1  -4  -4   0  -4  -4  -1   1   0  -6  -3  -2    5   4  18  14   1   2   5  15   3   1   2   5   0   1   3  10   7   0   1   3  0.42 0.32
  139 E     0   0   0  -1  -2   0   1   2  -2  -4  -4   0  -3  -5  -2   2   3  -6  -4  -1    8   4   4   3   1   5   9  17   1   1   2   6   1   1   2  14  17   0   1   4  0.35 0.31
  140 C    -2  -3  -3  -5  10   1  -5  -1  -3  -4  -3  -5  -2  -3  -2   2   0  -7  -4  -3    4   2   1   1  46   6   1   5   1   1   3   1   1   1   3  15   6   0   1   2  1.71 0.85
  141 V     0  -1  -2  -1  -4   0   1  -3  -2   0  -1   0  -2  -2  -3   2   1  -3  -1   2    9   3   2   3   0   5   8   2   1   6   7   7   1   2   1  17   9   0   2  16  0.21 0.22
  142 S     1   0  -2  -1  -6   0  -1  -2   0  -4  -4  -2  -2  -3   5   4   0  -4  -3  -3   10   5   2   3   0   4   4   3   2   1   2   2   1   1  23  26   5   0   1   2  0.60 0.46
  143 C    -4  -6  -5  -4  11  -8  -8  -7  -4  -4  -4  -5  -4  -3  -4  -1   0   0  -4  -4    2   1   1   1  73   0   0   1   1   1   2   1   1   1   1   4   5   1   1   1  3.19 1.39
  144 S     0   0   0   2  -2   1   2  -2  -1  -3  -2  -1  -2  -3   3   1   1  -2  -3  -2    9   5   4  12   1   5  11   3   1   2   3   4   1   1  13  11   9   1   1   3  0.25 0.25
  145 N    -1   2   1  -1  -5   1   1  -3   0  -2  -2   2  -1  -4   2   0   2  -3  -3  -1    6  11   8   4   0   6   7   2   2   2   4  12   1   1  10   5  13   0   1   5  0.25 0.25
  146 C    -7  -8  -7  -6  12  -7  -8  -4 -10  -7  -9  -7  -9  -6  -3  -7  -5  -1 -10  -7    0   0   0   1  90   0   0   2   0   0   0   0   0   0   2   0   1   1   0   0  4.36 1.81
  147 K    -1   2  -2   1  -2   2   0  -2  -1  -4  -3   2  -2  -4   4   0  -1  -6  -3  -4    5  10   1   8   1  10   6   4   2   1   3  13   1   1  21   6   4   0   1   1  0.47 0.39
  148 K     0   0   1   1  -1  -1   1  -1  -2  -4  -4   1  -3  -4   5   0  -1  -6  -3  -3    8   4   6   8   1   2   8   5   1   1   2  10   1   1  31   6   3   0   1   2  0.59 0.44
  149 S    -2  -2   2   1   0  -1  -1   4   5  -5  -6  -3  -3  -2   1  -1  -2   5  -2  -4    3   2   8   7   2   3   3  28  13   1   1   2   1   2   8   4   2   8   2   1  0.69 0.48
  150 L    -1   0  -1  -3  -2   2  -1  -2  -1  -4   0  -3   0  -1  -1  -1   5  -3   1  -2    5   4   2   1   1   8   5   3   2   0   8   2   3   3   4   4  39   0   5   3  0.59 0.48
  151 E    -2   2   2   2  -6   0   2  -5  -2   0  -3   0  -2  -1  -3   0  -1  -5   4   0    3  12   9  10   0   4  13   0   1   6   2   4   1   3   1   6   3   0  14   7  0.35 0.32
  152 C    -4  -7  -5  -9  11  -2  -3  -6  -9  -2  -3  -5  -2  -9  -6  -3  -2  -9  -6  -2    2   0   1   0  75   2   2   1   0   3   3   1   1   0   0   2   2   0   0   3  3.21 1.39
  153 T    -1  -2  -1   1  -3  -1   3  -3  -2  -2  -1   0   0  -5   0   2   3  -6  -4  -1    5   2   3   7   0   2  16   2   1   2   6   6   3   0   5  18  18   0   1   4  0.34 0.34
  154 K     0   1   1   3  -5   0   1   1  -1  -2  -3   2  -3  -4  -1   2   0  -3  -4  -3    7   6   7  16   0   4   7   9   1   3   2  14   0   0   3  13   4   0   0   1  0.28 0.26
  155 L     0  -2  -2  -1  -1   1   0  -1  -3   0   2  -1   0  -1   2  -1  -1   2  -1   0    7   1   2   4   1   8   6   5   0   4  23   3   2   3  11   5   4   3   1   7  0.14 0.17
  156 C     0  -7  -2  -4   9  -3  -5   4  -7  -5  -3  -6  -6  -4  -5  -3  -1  -7  -7  -4    7   0   2   1  49   1   1  28   0   0   3   0   0   1   0   2   4   0   0   1  1.98 0.94
  157 L    -2  -3  -4  -4  -1   0  -2  -4  -1   2   3  -3   1  -1   2  -1   2  -5  -4   1    2   1   0   1   1   4   2   1   1  10  32   1   4   2  11   5  15   0   0   7  0.42 0.35
  158 P    -1  -3  -3  -3  -2  -3  -2  -3  -3  -3  -4   0   0  -6   7  -1  -1  -7  -6   2    5   1   1   1   1   1   2   2   1   1   1   5   2   0  54   4   4   0   0  13  1.29 0.70
  159 Q    -2   1  -3  -2   0  -1   3  -1  -2  -1  -3  -2  -4  -1   5   0   0  -5  -3   0    1   7   0   2   2   2  22   4   1   3   3   1   0   3  27   5   7   0   1   8  0.53 0.40
  160 I    -1  -3  -2  -4   1   0  -3  -5  -1   2   0  -3   1   1  -4   0   4  -5  -3   3    4   1   1   1   3   4   0   0   2  10   6   1   3   5   0   7  30   0   0  23  0.51 0.40
  161 E    -1  -3  -1   4  -6   4   4  -3  -3  -6  -6   1  -2  -6  -4  -1  -2  -6  -2  -3    5   0   3  27   0  17  30   1   0   0   0   7   1   0   0   5   1   0   1   2  0.88 0.52
  162 N    -3  -3   5   0  -4  -3  -3  -4  -3  -5  -5   2  -4  -5  -4   0   5  -6  -5  -4    0   0  30   5   0   0   0   0   0   0   0  14   0   0   0   4  47   0   0   0  1.16 0.57

                      K         Lambda
Standard Ungapped    0.1344     0.3230
Standard Gapped      0.0441     0.2670
PSI Ungapped         0.1442     0.3181
PSI Gapped           0.0441     0.2670
