
Last position-specific scoring matrix computed, weighted observed percentages rounded down, information per position, and relative weight of gapless real matches to pseudocounts
           A  R  N  D  C  Q  E  G  H  I  L  K  M  F  P  S  T  W  Y  V   A   R   N   D   C   Q   E   G   H   I   L   K   M   F   P   S   T   W   Y   V
    1 M   -3 -3 -4 -5 -3 -2 -4 -5 -3  1  2 -3  9 -1 -4 -3 -2 -3 -3 -1    0   0   0   0   0   0   0   0   0   5  17   0  78   0   0   0   0   0   0   0  1.34 0.34
    2 Q   -2  2 -2 -2 -4  3  2 -3 -1 -4 -3  4 -2 -2 -1 -1 -2 -2  4 -2    0   7   0   0   0  17  10   0   0   0   0  41   0   0   1   4   0   0  17   3  0.59 0.25
    3 D   -2  1  0  5 -4  1  2 -1  0 -4 -4  2 -1 -2 -3  0 -1 -4 -1 -4    2   6   2  39   0   7  14   3   1   0   0  11   2   2   0   7   1   0   2   0  0.56 0.22
    4 T   -1  0  0 -2 -3  0 -2  0 -2 -2 -1  1  0  2  1  2  2 -3  0 -1    2   4   5   0   0   3   0   6   0   0   4  11   2  13   7  19  19   0   2   2  0.20 0.16
    5 G    0 -2 -1 -2  3  0 -2  3 -1 -2 -1  1  3 -1 -1  0  1 -3 -3 -2    6   1   2   1   8   3   1  26   1   0   3  11  12   4   2   7  10   0   0   1  0.25 0.17
    6 S    1 -2 -1 -3 -1 -1 -2  0 -2 -2  0  0  2 -3  5  1  0 -4 -3 -1   15   1   2   0   1   2   1   6   1   0  12   5   8   0  27  12   7   0   0   2  0.40 0.20
    7 V   -2 -3 -3 -3  1 -1 -3 -3 -3  1  2 -2  5 -2  0 -1  3 -3 -2  1    1   0   0   1   3   3   0   1   0   6  21   1  22   1   4   4  21   0   1   9  0.36 0.24
    8 V    1 -2 -2 -2 -3 -1 -1 -2 -2  0  0 -2  6 -2 -2  2  0 -4 -3  2   10   1   1   1   0   2   4   2   1   3   7   1  29   1   2  17   4   0   0  16  0.35 0.27
    9 P   -1 -2 -2 -3 -4  0 -2 -1 -4 -3 -2  1  6 -2  5  0 -1 -5 -4 -2    5   2   1   1   0   3   1   6   0   0   0   8  29   1  32   7   3   0   0   1  0.81 0.40
   10 L    0 -3 -3 -3 -3 -2 -3 -3 -3  3  2 -3  5 -1 -1  1  0 -4 -3  0    8   1   1   1   0   1   0   1   0  21  19   0  20   1   3  15   5   0   0   3  0.39 0.28
   11 H   -2 -1 -1  4 -5  2  2 -4  8 -4 -4 -1 -4 -2 -2 -2 -2 -5  0 -4    4   2   1  24   0   8  11   0  36   1   0   2   0   2   1   2   2   0   3   0  0.93 0.43
   12 W   -3 -3 -1  3 -3 -1 -2 -3  5  1  0 -1 -1 -1 -3 -2 -1  7  3 -1    1   0   2  21   1   2   0   1  15   8   8   5   1   2   1   1   5  14   9   4  0.50 0.29
   13 F   -1 -4 -4 -4 -3 -3 -3 -4 -3  2  1 -4  0  5  3 -2 -1  0  0  1    4   0   0   0   0   1   0   0   0  16  15   0   2  27  16   2   3   1   2  11  0.50 0.27
   14 G    2 -4 -2 -3  6 -3 -3  3 -4 -1 -2 -3 -3 -3 -3  1  1 -4 -3 -2   20   0   1   1  20   0   1  27   0   3   4   0   0   1   0   9  11   0   1   1  0.59 0.32
   15 F   -3 -4 -3 -5 -2 -4 -5 -4 -3  2  2 -4 -1  6 -4 -3 -3  2  4 -1    2   0   1   0   1   0   0   1   0  12  22   0   1  38   1   1   1   2  16   2  0.85 0.38
   16 G    1 -3 -2 -3 -1 -3 -3  3 -3  1 -1 -3 -1 -3  0  0  2 -1 -2  1   14   0   0   0   1   0   0  29   0  11   5   0   1   0   4   3  18   1   1  12  0.34 0.24
   17 Y   -3 -5 -3 -6 -3 -4 -5 -6 -1 -2  2 -5  2  3 -6 -4 -4 -1  8 -2    1   0   1   0   0   0   0   0   1   1  17   0   6  12   0   0   0   0  60   1  1.54 0.60
   18 A    4 -4 -3 -4 -2 -3 -4  5 -4 -3 -4 -2 -4 -5 -4  0 -1 -5 -5 -4   40   0   0   0   0   0   0  46   0   2   0   1   0   0   0   7   4   0   0   0  1.01 0.46
   19 A    3 -4 -3 -3  0 -3 -3  3 -4  1  1 -3  0  0 -3  0 -1 -4 -3  1   35   0   0   0   1   0   0  21   0   8  15   0   1   4   0   4   3   0   0   8  0.36 0.26
   20 L   -2 -4 -5 -5 -2 -4 -5 -5 -5  2  5 -4  1  2 -4 -3  0 -4 -2  1    3   0   0   0   0   0   0   0   0  10  60   0   2   9   1   1   6   0   0   8  0.75 0.37
   21 V   -1 -4 -4 -5  3 -4 -4 -4 -4  1  3 -4  1 -2 -3 -2  1 -4 -1  4    5   0   0   0   6   0   0   0   0   6  28   0   2   0   1   2  11   0   2  37  0.53 0.32
   22 A    3 -3 -3 -4 -2 -3 -3  0 -3  1  1 -3  1  1 -2  0  1 -3 -2  1   30   0   0   0   0   0   0   8   0   9  17   0   4   8   1   4   8   0   0  10  0.26 0.22
   23 S    2 -3 -3 -3  0 -3 -3  1 -3  1  1 -3  0  0 -3  2  0 -4 -2  2   18   0   0   0   2   0   0  10   0  10  11   0   1   5   0  19   5   0   0  18  0.23 0.21
   24 G   -2 -5 -4 -2 -6 -5 -4  7 -5 -6 -4 -5  0 -3 -5 -3 -5 -2 -6 -5    1   0   0   2   0   0   0  89   0   0   2   0   3   1   0   1   0   1   0   0  1.92 0.69
   25 G   -2 -4 -4 -5 -6 -5 -5  7 -5 -7 -7 -5 -6 -6 -5 -2 -5 -1 -6 -6    2   1   0   0   0   0   0  94   0   0   0   0   0   0   0   2   0   1   0   0  2.21 0.76
   26 I   -1 -5 -5 -5 -2 -4 -5 -4 -5  5  2 -4  0  1 -5 -3 -1 -1 -1  3    4   0   0   0   0   0   0   1   0  39  21   0   1   7   0   1   4   1   1  19  0.67 0.35
   27 I   -1 -4 -4 -5 -3 -3 -4 -4 -4  4  1 -3  5  2 -4 -2  1 -2 -1  3    5   0   0   0   0   1   0   0   0  27  10   0  17  10   0   1   8   0   1  18  0.56 0.34
   28 G    0 -3 -2 -4 -5 -4 -4  7 -3 -7 -6 -3 -5 -6 -3 -1 -3  2 -4 -6    7   1   1   0   0   0   1  80   1   0   0   1   0   0   1   4   1   3   1   0  1.65 0.65
   29 Y   -3 -3 -6 -6 -1 -5 -6 -5 -1 -4 -3 -5 -1  6 -6 -4 -5  0  9 -4    2   1   0   0   1   0   0   1   1   0   1   0   2  28   0   1   0   1  61   0  1.99 0.76
   30 V    2 -2 -3 -4 -3 -2 -3 -2 -2  2  2 -1  2  1 -3 -2 -1 -2 -1  3   17   2   1   0   0   1   0   2   1  15  17   3   6   5   1   2   3   0   1  25  0.30 0.23
   31 K   -2  4 -2 -2 -5  0 -2 -3 -2 -3 -2  5 -1  2 -4 -1 -2 -1 -3 -2    2  19   1   2   0   4   0   1   0   1   3  48   1  10   0   3   1   1   0   3  0.74 0.44
   32 A    3  1 -1 -3 -2 -1 -1 -1 -3 -3 -3  2 -3 -3 -2  2  3  0 -3 -2   28   7   1   0   0   1   2   4   0   0   0  14   0   1   0  19  17   2   0   2  0.40 0.31
   33 G   -2  4 -1 -2 -5 -1 -3  6 -1 -5 -4  1 -4 -5 -4 -2 -3 -5 -4 -5    1  21   2   2   0   3   1  55   1   0   1   9   0   0   0   2   1   0   0   0  1.00 0.45
   34 S   -2 -2  2 -2 -4 -1 -3 -2 -2 -5 -5 -3  0 -5 -4  7 -1 -5 -4 -4    0   1   8   2   0   2   0   2   1   0   0   0   3   0   0  79   1   0   0   0  1.32 0.64
   35 V   -1 -1 -2 -3 -2  0 -2 -2 -2  2  0  1  0 -1  1 -1  1 -2 -2  3    4   3   1   0   0   6   0   2   1  12   7  13   2   1   6   2  12   1   1  26  0.17 0.18
   36 P    2 -3 -2 -2 -3 -1 -2 -1 -2  0 -1  0  1 -2  5 -1  0 -4 -3  0   17   0   1   1   0   3   0   5   1   7   4   6   5   1  33   2   5   0   1   8  0.53 0.27
   37 S    0 -3 -1 -3 -3 -2 -3 -1 -1 -4 -4 -3 -4 -3 -2  6  1 -5 -3 -4    4   0   1   0   0   1   0   3   1   0   1   0   0   1   1  76   7   0   1   0  1.15 0.58
   38 L   -2 -3 -5 -5 -3 -4 -4 -2 -4  2  5 -4  1 -1 -2 -4 -3 -1 -3  0    2   1   0   0   0   0   0   3   0  10  70   0   2   2   2   0   0   1   0   5  0.84 0.40
   39 A    2 -2 -3 -3 -2 -2 -3  0 -3  3  1 -2  0  0 -3  0  0  0 -1  2   19   2   0   0   0   0   0   8   0  21   9   0   1   5   0   5   5   1   1  19  0.20 0.17
   40 A    5 -3 -2 -3 -2 -2 -3  1 -1 -2 -1 -2  1  0 -2  1  0 -1 -2 -1   52   0   1   0   0   0   0   9   2   1   4   0   4   5   1   9   4   1   1   2  0.47 0.31
   41 G   -1 -2 -3 -3 -4 -4 -4  7 -4 -5 -3 -3 -4 -5 -4 -1 -2 -4 -5 -3    3   2   0   0   0   0   0  81   0   0   3   0   0   0   0   5   2   0   0   2  1.48 0.53
   42 L    0 -3 -2 -3  1 -3 -3  1 -3  1  2 -3  0  0 -3  0  0 -1 -2  2    6   0   1   0   4   0   0  11   0   6  29   0   1   4   0   8   5   1   0  22  0.21 0.17
   43 L    1 -3 -2 -3 -1 -2 -3  2 -3  1  2 -2 -1  0 -2  0  1 -3 -2  1   14   0   0   0   1   0   0  19   0  10  20   0   0   5   1   6  11   0   0   8  0.18 0.16
   44 F    0 -3 -2 -3  0 -2 -3  0 -3  0  0 -3  0  4  0  2  0 -2  0  1    6   0   1   0   2   0   0   6   0   5  10   0   2  22   4  19   5   0   2  14  0.21 0.19
   45 G    1 -3 -2 -2  0 -3 -3  6 -1 -3 -3 -3 -4 -3 -3  0 -2 -4 -4 -4   14   1   0   1   2   0   0  65   2   1   2   0   0   1   0   7   1   0   0   0  1.03 0.42
   46 S    2 -2 -2 -3 -1 -2 -2  1 -3  0  1 -2  0  0 -1  0  0 -3 -1  1   27   0   0   0   1   0   2  12   0   5  19   1   2   3   2   8   5   0   2   8  0.16 0.15
   47 L    0 -3 -3 -2 -2 -3 -3 -2 -4  2  4 -3  1 -1 -2 -2 -1 -1 -2  1   10   0   1   2   1   0   0   2   0   8  56   0   1   1   1   3   2   1   1   8  0.48 0.28
   48 A    1 -3 -3 -4 -1 -1 -3 -2 -2  0  3 -3  1  1 -3  0 -1 -2  4 -1   15   0   0   0   1   2   0   3   0   5  36   0   3   6   0   6   2   0  16   2  0.33 0.24
   49 G    0 -2  1  0  3 -2 -2  0 -2  0  0 -2  2  1 -3  0  0  4  1  0    7   0   7   7   7   0   0   7   0   7   7   0   7   7   0   7   7   7   7   7  0.12 0.14
   50 L    1 -3 -3 -5  0 -2 -4 -2 -1  1  3 -2  0  2 -2 -2 -1  3  4  1   11   1   1   0   2   1   0   3   1   6  29   2   1   8   1   2   3   3  14   8  0.34 0.27
   51 G    2 -4 -1 -1  2 -3 -3  2  0 -1 -2 -1 -3  0 -4  3 -1 -4 -3  0   18   0   3   3   5   0   0  17   3   4   4   3   0   4   0  24   3   0   0   8  0.34 0.31
   52 A    2 -2 -1 -3  0 -1 -2  2  1 -1 -1 -3  0  1 -3  1 -1  2  2  0   23   2   2   0   2   2   2  17   3   3   4   0   2   6   0  10   4   3   8   6  0.22 0.23
   53 Y   -1  0 -1 -2  0 -1 -1  0  1 -1  0 -1  0  2 -3 -1  1  4  4 -1    6   5   3   2   2   3   3   7   4   4  10   4   2   9   0   4   9   6  15   3  0.17 0.17
   54 Q   -1  2 -1 -1  0  3 -1 -1  1  0  1  0  0  0 -2  1 -1  0 -1 -2    4  11   2   3   2  13   4   6   3   6  16   4   2   4   2  10   3   1   2   3  0.12 0.16
   55 L   -1 -1 -1 -4  0  1 -2 -1  0  2  3 -2  2 -1 -1  0 -1  2 -1  0    4   3   3   0   2   6   2   5   2  12  26   2   5   3   3   7   4   3   2   5  0.18 0.18
   56 S   -1  1  0 -6 -6  1 -1 -2  2  0 -1  1  1  0  2  2 -1  2  0 -2    5   7   4   0   0   7   4   4   4   5   7   9   3   4   9  15   4   3   3   3  0.20 0.20
   57 Q   -1  0  2  0  1  3 -1  1  1 -2 -2  2  0  0 -2 -1 -1  2  0 -1    4   5   9   5   3  11   5  11   4   3   3  11   3   3   3   4   4   3   3   4  0.16 0.15
   58 D   -1  0  2  0  1  2 -1 -1  2  0 -2 -1  1 -1 -1  0 -1  3  0 -1    6   5  11   6   3   9   4   5   5   5   3   4   3   3   4   8   4   4   3   4  0.15 0.14
   59 P   -1  1  0  0 -7  0 -1 -2  1 -1 -3  1  0 -1  3  0  0  5  1 -2    6   8   4   6   0   3   5   3   3   3   3   8   3   3  15   6   5   6   5   4  0.24 0.22
   60 R   -2  1  1 -2 -7  0 -1 -2  0 -1 -1  0 -2  2  2  0 -1  5  4 -1    4   8   7   2   0   4   4   4   2   3   6   5   1   7   9   6   5   6  11   5  0.24 0.21
   61 N    2 -2  3 -1 -2 -3 -4  5 -2 -4 -5 -2 -8 -1 -2 -1 -3  1 -3 -5   14   3  12   4   1   2   2  39   1   2   2   3   0   3   2   5   2   2   1   1  0.78 0.50
   62 V   -1 -3  0 -2 -2 -3 -2 -3  2  2  2 -3  0  0  1  0  0 -1  2  1    5   1   4   3   1   1   3   3   5  11  16   2   2   4   8   7   6   1   7  11  0.21 0.16
   63 W    0 -2 -3 -2  0 -2  2  0 -1  1  1 -1 -1 -1 -1  0  0  3  2  0    9   2   1   2   2   2  14   6   2   8  13   3   2   3   4   6   6   4   6   5  0.12 0.12
   64 V   -1 -6 -6 -7  0 -3 -6  0 -6  2  4 -3  1  0 -2 -2  0 -6 -2  2    5   0   0   0   2   1   0   7   0  10  38   2   3   4   3   4   6   0   2  14  0.60 0.40
   65 F    4 -5 -3 -4  0  2 -1  1 -5 -1 -2 -5  0  1 -3  2 -2 -6 -1 -1   32   0   1   1   2  10   4  11   0   4   5   0   2   5   1  13   2   0   3   4  0.48 0.41
   66 L    1 -4 -6 -3  0 -4 -4 -4 -6  0  4 -3  0  2 -3 -2  1 -6 -5  0   13   1   0   2   2   1   1   2   0   5  42   2   2   9   2   3   9   0   0   5  0.63 0.44
   67 A    3 -5 -4 -4  1 -5 -5  3 -2  1  1 -2 -2  1 -6 -2 -2  0 -1  2   21   0   1   1   3   0   0  21   1   8  11   2   1   5   0   3   2   1   2  16  0.47 0.34
   68 T    0 -3  0 -3  2  0 -1 -1 -3  2  1 -2  1  0 -3  0  1  2 -2  1    6   0   4   0   5   4   4   6   0  12  15   0   4   5   0   8  12   4   0  12  0.13 0.16
   69 S    1 -3  0 -3  3  0 -1 -1  0 -1 -2 -1  0 -1 -1  3  1 -4  0 -1   14   0   3   0   6   5   3   3   3   3   4   4   3   3   3  27   9   0   3   3  0.22 0.25
   70 G    3 -3 -1 -4  0 -3 -3  2 -3  0  1 -3  0  1 -3  0  0  3  0  1   26   0   2   0   1   0   0  14   0   4  12   0   2   6   0   7   5   5   3  12  0.24 0.23
   71 T    1 -2 -3 -4 -1 -1 -2 -1 -3  2  2 -3  1  1 -2 -1  0 -3 -1  2   14   1   0   0   1   3   1   5   0   9  22   0   3   6   2   3   7   0   2  21  0.20 0.19
   72 L   -1 -4 -5 -5 -3 -4 -3 -3 -4  2  5 -4  2  0 -5 -3 -1 -4 -1  0    4   0   0   0   0   0   2   2   0   8  63   0   4   4   0   2   3   0   2   4  0.78 0.42
   73 A    2 -3 -2 -3  0 -2  0  0 -1  0  1 -2  1  0 -3  0  1  1 -2  1   24   0   1   0   2   0   6   7   1   3  17   0   4   3   0   7  12   3   0   8  0.16 0.19
   74 G    0 -2 -3 -3 -1 -3 -4  3 -4  2  0 -3 -1  0 -4 -1  0  6  0  2    9   2   1   1   1   0   0  23   0  13   8   0   1   3   0   3   4  10   3  17  0.37 0.26
   75 I    0 -1 -2 -3 -3 -1 -3 -2 -3  2  0  1  1  1 -2  0  0 -3 -1  3    8   2   1   0   0   2   0   3   0  13   7  11   4   8   1   9   5   0   1  25  0.18 0.20
   76 M   -1 -4  0 -3 -4 -1 -3 -1  0  0 -1 -3  7  5 -5  0 -2 -3  0 -2    5   0   6   1   0   2   1   4   2   4   4   1  33  24   0   8   2   0   3   1  0.77 0.48
   77 G    0 -3 -2 -4  1 -3 -4  4 -4  2  0 -3  0  2 -4  0 -2  3 -1  0    8   1   1   0   3   0   0  34   0  13   8   0   2  10   0   6   2   4   1   5  0.40 0.28
   78 M   -1  1 -1 -2 -3  2 -1 -2  0  1  0  0  2 -1  3  0 -1  1  2  0    4   7   2   1   0  12   1   2   2  11   7   6   6   2  14   6   2   2   8   6  0.18 0.18
   79 R    0  7 -2 -4 -5 -1 -2 -5 -3 -5 -3  1 -4 -5 -3 -2 -1 -5 -3 -3    7  68   2   0   0   1   1   0   0   0   2   8   0   0   1   2   4   0   1   1  1.41 0.66
   80 F    1 -4 -3 -5 -2 -4 -3 -3 -2 -1  1 -4 -2  6 -3 -2 -3  3  6 -2   11   0   1   0   1   0   1   2   1   2  11   0   1  31   1   3   1   4  25   2  0.83 0.45
   81 Y    1  0 -1 -3 -1 -1 -2 -3 -1  2  1  0  1  0 -3  1  0 -1  2  1   11   6   3   0   1   3   1   1   1  14  14   7   4   3   0  11   3   1   8   8  0.11 0.15
   82 H   -1  3  0 -2 -4  2  0 -3  1 -2  0  4  0 -3 -1 -1 -1 -4 -1 -1    5  14   4   1   0   8   3   1   4   2  11  29   2   1   2   4   2   0   2   5  0.31 0.28
   83 S   -2 -3 -2 -4 -5 -1 -3 -1 -3 -3 -3 -3 -3 -4 -5  3  6 -6 -1 -3    3   1   1   0   0   3   1   5   0   1   3   1   1   1   0  25  53   0   2   1  1.06 0.66
   84 G   -2  5 -1 -2 -5  0 -2  3  0 -5 -3  3 -2 -2 -3 -1 -3 -2 -2 -4    1  30   2   1   0   4   2  24   2   0   2  19   1   2   1   5   1   1   1   1  0.66 0.43
   85 K    0  1 -2 -4 -1 -2 -2 -1 -3 -5 -4  7 -5 -5 -1 -2 -2 -1 -5 -3    7   5   1   0   2   1   2   5   0   0   1  66   0   1   3   2   2   1   0   2  1.22 0.67
   86 F   -3 -1 -5 -5 -1 -3 -5 -5 -4  2  1 -3  0  5  4 -1 -3 -1 -2  2    1   4   0   0   1   1   0   1   0  12  14   1   2  24  18   5   1   1   0  14  0.59 0.40
   87 M   -2 -3 -6 -6 -1 -5 -6 -6 -3  1  1 -4  8  4 -6 -3 -2 -1 -2  2    3   1   0   0   1   0   0   0   1   7  10   1  38  20   0   1   2   1   1  13  1.13 0.61
   88 P   -3 -6 -4 -6 -7 -6 -5 -3 -3 -7 -5 -5 -7 -4  9 -4 -4 -8 -7 -7    2   0   1   0   0   0   0   2   1   0   1   0   0   1  90   1   1   0   0   0  2.87 1.13
   89 A    4 -4  0 -3 -2 -3 -3 -1  0  0 -1 -3  0 -3 -1  1  1  2 -4  1   43   0   5   1   1   0   0   3   2   6   5   0   3   0   2   8  10   3   0   8  0.46 0.38
   90 G   -1 -3 -3 -4 -1 -3 -4  6 -4 -2 -2 -4 -2  0  0 -2 -2 -4 -3 -1    5   1   0   0   2   1   1  63   0   3   4   0   1   4   4   3   3   0   1   4  1.05 0.51
   91 L   -2 -5 -5 -6 -4 -5 -5 -4 -5  2  4 -5  3  4 -1 -4 -3 -1 -3  2    2   0   0   0   0   0   0   1   0  10  46   0   6  15   3   1   1   1   0  13  0.81 0.45
   92 I   -1 -4 -3 -4 -2 -3 -3 -3 -3  2  2 -4  5  0 -4  0  1 -3  2  3    4   0   1   0   1   0   1   2   0  10  16   0  17   4   0   6   9   0   8  20  0.42 0.31
   93 A    4 -4 -3 -4  0 -3 -4 -1 -4  0  1 -3 -1 -2 -4  2  3 -5 -4  0   34   0   0   0   2   0   0   5   0   6  12   0   1   1   0  14  17   0   0   6  0.47 0.38
   94 G    1 -4 -4 -4 -1 -3 -4  1 -4  2  2 -2  0  0 -4 -1 -1  0 -2  2   13   0   0   0   1   0   0  13   0  14  23   2   1   4   0   3   4   1   1  19  0.31 0.25
   95 A    1 -4 -4 -5 -2 -4 -4 -2 -1  3  3 -4  1  0 -4 -2  1 -4 -2  2   15   0   0   0   0   0   0   3   2  15  36   0   3   3   0   2   8   0   1  11  0.45 0.32
   96 S    0 -3 -2 -4 -2 -4 -4  2 -5 -4 -4 -2 -5 -6 -4  6  1 -6 -5 -4    5   1   1   0   1   0   0  14   0   1   2   2   0   0   0  66   7   0   0   1  1.17 0.69
   97 L    3 -2 -4 -4 -1 -3 -4  2 -4  0  2 -3  0  0 -4 -1  0 -1  0  1   25   2   0   0   1   0   0  15   0   6  24   0   2   3   0   2   5   1   3  10  0.30 0.27
   98 L    3 -4 -4 -4  1 -4 -4  2 -3  1  2 -3  0  0 -3 -1 -1 -4 -2  1   26   0   0   0   3   0   0  19   0   9  21   0   1   4   0   3   2   0   1   9  0.35 0.29
   99 M    1 -4 -3 -5 -2 -3 -4  0 -4  0  0 -4  8 -3 -4  0  1 -5 -3  1   14   0   1   0   1   1   0   9   0   4   8   0  37   1   0   8   7   0   0   9  0.77 0.50
  100 V    1 -3 -3 -4 -1 -3 -4  0 -4  1  3 -3  0  2 -4  0  1 -1 -1  2   14   0   1   0   1   0   0   6   0   5  28   0   1   8   0   8  12   1   1  14  0.27 0.25
  101 A    2 -4 -4 -4  4 -3 -4  0 -4  1  0 -3  0  0 -3  0  0 -2  1  2   22   0   0   0  11   0   0   8   0  10  10   0   2   4   0   5   7   0   5  16  0.31 0.26
  102 K   -2  2 -3 -5 -3 -3 -4 -2 -1 -2 -1  0 -2  6 -5 -2 -1  2  5  0    3  11   1   0   0   1   0   4   1   2   6   6   1  32   0   2   4   2  19   6  0.64 0.40
  103 V   -2 -5 -3 -6 -2 -3 -5 -4  0 -1  0 -5  1  4 -6 -3 -2 -1  8 -2    3   0   1   0   1   1   0   2   2   2  10   0   4  14   0   1   2   0  53   3  1.38 0.65
  104 G    1 -4 -3 -4 -2 -2 -3  3 -4  1  1 -3 -1 -1 -4  1 -1 -2  0  1   12   0   0   0   1   1   0  28   0   8  17   0   0   2   0  10   3   1   3  12  0.34 0.28
  105 V   -1 -1  0 -4 -2 -1 -2 -4  2  0  0  2  1  1 -3 -1 -2  3  5  0    4   2   4   0   1   3   1   1   5   6   7  13   4   4   1   6   2   3  27   8  0.39 0.31
  106 S    1  2 -1 -3 -3  1 -1  0 -1 -1 -3  3 -2 -4 -3  0  0 -5 -3  1   14  12   3   0   0   6   2   6   1   3   1  22   0   0   0   7   6   0   0  15  0.25 0.25
  107 M   -2 -3 -4 -6 -3 -4 -5 -5 -3  3  3 -2  3  2 -4 -4 -3  4  4  2    2   1   0   0   0   0   0   0   0  14  26   3   8   8   0   1   1   6  14  16  0.60 0.35
  108 F   -1 -1 -3 -5 -1 -2 -4 -5 -3  2  3 -2  2  2 -5 -3 -3  1  4  2    4   3   1   0   1   1   1   0   0  10  32   3   5   9   0   2   1   1  13  13  0.47 0.31
  109 N   -2  2  3  1 -5  2 -1  0 -3 -4 -4  2 -3 -5 -4  3 -2 -5 -3 -4    2  13  15   9   0  11   2   7   0   1   1  13   1   0   0  23   1   0   1   1  0.49 0.35
  110 R   -1  4  1 -2 -5  2 -1 -2 -2 -4 -3  4  0  0 -1  0 -1 -4 -3 -4    6  22   8   1   0  10   2   2   0   0   2  27   2   5   2   8   2   0   0   0  0.47 0.31
  111 P    1  4 -3 -3 -4 -1 -2 -3 -2 -3 -2  1  0  0  4  1  2 -1 -3 -3   12  26   0   0   0   1   0   0   0   0   3   6   3   5  21   9  12   1   0   1  0.52 0.30
  112 H   -3  5 -2 -3 -5  3 -2 -4  7 -5 -5  2 -4 -5 -4  1 -3 -5 -2 -5    0  29   0   0   0  13   0   0  33   0   0  12   0   0   0  13   0   0   0   0  1.11 0.44

                      K         Lambda
Standard Ungapped    0.1399     0.3244
Standard Gapped      0.0446     0.2670
PSI Ungapped         0.1456     0.3183
PSI Gapped           0.0446     0.2670
