
Last position-specific scoring matrix computed, weighted observed percentages rounded down, information per position, and relative weight of gapless real matches to pseudocounts
            A   R   N   D   C   Q   E   G   H   I   L   K   M   F   P   S   T   W   Y   V   A   R   N   D   C   Q   E   G   H   I   L   K   M   F   P   S   T   W   Y   V
    1 M    -6  -7  -7  -8  -6  -6  -7  -8  -7   1   1  -7  10  -5  -8  -7  -5  -7  -6   1    0   0   0   0   0   0   0   0   0   6   9   0  75   0   0   0   0   0   0   9  2.75 1.04
    2 F    -1   0  -1  -2  -5  -2  -2  -4   0  -3  -1   4  -1   6  -3   0  -2  -2   0  -3    6   4   3   2   0   1   1   1   2   1   5  27   1  33   1   6   2   0   2   1  0.68 0.43
    3 M    -2  -3  -3  -6  -5  -2  -3  -6  -5   1   1  -1   9  -1  -5  -4  -3   0  -4  -2    3   2   1   1   0   2   2   1   0   7  14   4  53   3   1   1   2   1   0   2  1.66 0.86
    4 K    -2   3   2  -2  -6  -1  -3  -5  -2   3  -1   4  -2  -2  -1  -1  -2  -2  -3  -2    3  14  10   3   0   2   1   0   1  20   6  27   1   2   3   4   2   1   1   1  0.52 0.41
    5 K    -3   3  -3  -4  -7  -2  -4  -5  -3   1   0   5  -4  -1   2  -2  -3   5  -1  -4    2  17   1   1   0   1   1   1   1   9   8  32   0   3   9   3   1   7   2   1  0.75 0.53
    6 S     3   0   1  -3  -4  -2  -3  -3  -2   0  -1   1  -3  -1   0   3   0   3   0  -2   21   5   6   1   0   1   1   2   1   5   7   8   0   2   4  20   5   3   3   3  0.27 0.30
    7 S     2  -3  -4  -4  -1  -4  -5  -2  -2   0   3  -2  -2   0  -2   0   0   6   0  -1   18   1   1   1   1   1   0   3   1   6  29   3   1   4   3   6   6   9   4   4  0.43 0.36
    8 I     1  -5  -6  -7  -4  -5  -6  -5  -5   4   3  -4   2   2  -4  -1  -2   2  -2   2   11   1   0   0   0   0   0   1   0  22  28   1   4   7   1   4   2   2   1  13  0.67 0.44
    9 I     0  -4  -6  -7  -1  -6  -6  -3  -5   5   2  -4  -1   2  -4  -4  -2  -1  -2   3    8   1   0   0   1   0   0   3   0  29  20   1   1   8   1   1   3   1   1  19  0.77 0.47
   10 V     2  -5  -4  -6   0  -5  -5  -1  -4   4   1  -4  -2   2  -2   1  -1  -1  -3   2   19   0   0   0   2   0   0   5   0  22  14   1   1   7   2   9   4   1   1  12  0.46 0.37
   11 F     0  -5  -5  -7  -1  -5  -6   0  -5   3   3  -5  -1   3  -1  -2   0  -3  -3   3    7   0   1   0   2   0   0   7   0  14  24   0   1  13   3   3   6   0   1  16  0.53 0.39
   12 F     2  -6  -5  -6   1  -5  -5   0  -4   3   2  -5  -2   2   2  -2  -2  -2  -3   1   18   0   0   0   3   0   0   9   0  13  20   0   1   8   9   3   2   0   1  11  0.45 0.37
   13 L     0  -7  -6  -8  -1  -5  -6  -5  -5   4   3  -6  -2  -1   0  -3  -3  -4  -5   3    8   0   0   0   1   0   0   1   0  23  30   0   1   3   5   2   2   0   0  21  0.86 0.54
   14 T     2  -6   0  -6   4  -2  -4  -2  -4   1   0  -5  -2  -1   3   0   2  -3  -4   2   15   0   4   0   9   2   1   3   0   7   8   0   1   2  13   8  13   1   0  15  0.44 0.38
   15 Y     1  -6  -3  -7   1  -3  -2  -2  -4   2   3  -6  -1   4  -3  -3  -2  -1   0   2   10   0   2   0   3   1   3   4   0   9  28   0   1  16   2   2   2   1   3  12  0.53 0.37
   16 G     3  -6  -5  -6  -1  -5  -5   4  -4   0   1  -6  -3   0  -5  -1  -2  -4  -5   1   20   0   0   0   2   0   1  32   0   5  16   0   1   4   0   5   3   0   0  10  0.70 0.49
   17 L     2  -5  -5  -6  -2  -4  -5   2  -6   2   2  -6   0   0  -4  -1   0  -3  -4   3   18   0   0   0   1   0   1  14   0   9  21   0   2   3   1   4   7   0   1  18  0.50 0.38
   18 F     3  -5  -4  -6   0  -4  -6   4  -5  -1   0  -5  -2   2  -3  -1   0   0  -1   0   25   1   1   0   2   1   0  28   0   4   9   0   1   9   1   4   5   1   2   5  0.59 0.45
   19 Y     2  -6  -4  -6  -4  -4  -6   1  -6   1   2  -5   1   3  -5   1  -1   0   1   2   17   0   1   0   0   1   0  12   0   6  18   0   3  12   0   9   3   1   4  12  0.44 0.35
   20 V     2  -5  -3  -6  -3  -6  -6   3  -4   3   3  -6  -1  -2  -6   0  -1  -3  -4   1   14   0   2   0   1   0   0  19   0  16  23   0   1   2   0   6   4   0   0  10  0.57 0.41
   21 S     2  -3  -2  -5  -3  -3  -5   4  -5  -1  -3  -5  -2  -1  -1   4   0  -4  -3  -2   15   2   2   1   1   1   1  30   0   4   4   0   1   3   3  24   6   0   1   3  0.67 0.50
   22 S     2  -2   0  -4  -4  -2  -5   3  -2   0  -1  -4  -2   0  -4   3   0   0   0  -1   14   2   4   1   0   2   0  23   1   5   6   1   1   4   1  22   5   2   3   4  0.45 0.38
   23 V     1  -1  -4  -5  -3  -2  -5  -2  -4   2   2  -4   0   3  -4  -1   0   3   1   1   12   3   1   0   1   2   0   4   0  11  22   1   2  12   1   5   5   4   5  10  0.38 0.29
   24 L     1  -2  -3  -5  -3  -3  -4  -2  -4   2   2  -4   0   3  -2  -1   2  -1  -1   0   10   2   1   0   1   1   1   3   0  13  22   1   2  13   2   4  14   1   1   6  0.40 0.31
   25 F     0   1  -1  -4  -4  -1  -4  -1  -2  -1  -2  -2   1   3  -2   1   4  -2  -1   0    8   8   3   0   0   3   1   4   1   4   4   2   3  14   3  10  23   1   2   5  0.34 0.33
   26 P     0   1   0  -1  -4  -2  -3   2  -3  -3  -5   1  -1  -3   4   2   1  -4  -4  -2    6   7   4   3   0   2   1  17   1   1   1   8   2   1  20  13   7   0   0   3  0.44 0.38
   27 I     0   1   2   1  -5   0   1   1  -2  -2  -3   0  -2  -3   1   2   0  -2  -3  -1    9   7  11   7   0   4   8   9   1   3   3   5   1   1   8  15   5   1   1   4  0.19 0.21
   28 D     0  -2   1   3  -5  -1  -1   2  -3   2  -2  -1  -2  -4  -1   1   0  -3  -3   0    7   2   7  19   0   2   3  14   0  13   3   3   1   1   3   9   5   0   1   6  0.28 0.26
   29 R     0   2   1   0  -2   0  -1   0  -1  -1  -2   1   2  -3   0   2   0  -1  -2  -2    6  11   7   6   1   5   4   8   1   3   4   7   5   1   5  15   6   1   1   2  0.13 0.16
   30 T     0   1   0   2  -4   0   1   1  -2  -2  -3   1  -3  -3   1   1   2  -2  -3  -3    8   7   5  11   0   4  11  10   1   2   2   7   0   1   7  12  11   1   1   2  0.21 0.22
   31 W    -5  -5  -5  -3  -3  -4  -5  -5  -2  -3  -5  -4  -3   0  -7  -4  -3  12   1  -5    1   1   1   2   1   1   1   1   1   2   1   1   1   4   0   2   2  70   5   1  3.37 1.48
   32 Y    -5  -5  -5  -6  -3  -8  -7  -6   0  -5  -5  -8  -3   4  -9  -5  -5   2  10  -5    1   1   1   1   1   0   0   1   2   1   1   0   1  14   0   1   1   3  70   1  2.69 1.28
   33 D     2   2   1   1  -4   2   1  -2  -1  -3  -3   1  -1  -3   1   0   0  -6  -3  -2   18  10   8   7   0  11   8   3   1   1   3   7   1   1   6   6   5   0   1   3  0.24 0.25
   34 A     1   2   2  -1  -3   0   0   0   0  -3  -3   0  -1  -4  -4   2   2  -3  -2  -3   12  10   8   3   1   4   7   8   2   1   2   5   1   0   1  16  15   0   2   2  0.28 0.29
   35 L    -3  -4  -6  -7  -3  -5  -6  -7  -8   1   6  -6   0  -2  -5  -4  -4  -2  -3  -1    3   1   0   0   1   1   1   0   0   6  73   0   2   2   1   1   1   1   1   5  1.51 0.80
   36 E     0   2   3   1  -2   1   1  -4   1  -1  -4   2  -2  -3  -2   0   0  -6  -2   0    7  12  13   7   1   7   9   0   3   4   1  14   1   1   1   5   5   0   1   7  0.28 0.27
   37 K    -3   3  -4  -5  -2   2  -2  -5  -1  -4  -2   7  -4  -3  -4  -4  -3  -8  -5  -5    2  12   1   1   1   7   2   1   1   1   5  57   0   2   1   1   2   0   0   1  1.38 0.79
   38 P     0  -5  -4  -7  -8  -7  -7  -5  -4  -8  -5  -4  -8  -9   8  -1  -5  -2  -4  -5    7   1   1   0   0   0   0   1   1   0   2   1   0   0  79   5   1   1   1   1  2.58 1.27
   39 S     1   0   0   0  -3  -2  -2  -1  -3  -2  -3   0  -3   2   4   3  -1   2  -3  -2   13   5   4   5   1   1   2   4   1   2   2   6   1   9  17  19   3   3   1   3  0.34 0.33
   40 W    -5  -5  -8  -9  -3  -4  -6  -2  -4  -1   0  -6  -2   5  -6  -5  -5  11   1  -3    1   1   0   0   1   1   1   4   1   4  10   1   1  20   1   1   1  48   4   2  2.34 1.10
   41 T     2  -1   2  -3   0   1  -2  -4   1   0   0  -2   0   0  -3   0   4  -2   0  -1   17   3   8   1   2   7   2   1   3   5   7   2   2   4   1   6  22   1   3   3  0.28 0.28
   42 P    -3  -4  -3  -7  -7  -4  -6  -5  -7  -1  -3  -6  -7  -2   8  -3  -1  -8  -3  -3    2   1   1   0   0   1   0   1   0   3   4   0   0   2  74   2   4   0   1   2  2.18 1.09
   43 P    -3  -3  -4  -3  -7  -3  -3  -4  -3  -5  -6   0  -3   0   8   1  -2  -8  -4  -4    2   2   1   1   0   1   2   1   1   1   1   5   1   3  62  10   3   0   1   1  1.69 0.94
   44 G     0   0   3   2  -5  -2   0   3   0  -3  -2  -2  -1  -1   1   0  -2   0  -2  -3    9   4  13  12   0   1   6  19   3   1   4   2   1   2   8   7   2   2   1   2  0.27 0.25
   45 M    -1  -2  -2  -3  -2  -1  -3  -3  -2   0  -1   0  -1  -1   1  -1  -3  10   1  -1    5   3   2   2   1   3   2   2   1   5   6   6   1   3   7   5   2  36   4   5  1.17 0.67
   46 T     1  -1  -5  -5  -4  -2  -4  -2  -1   2   2  -4   1   0  -5  -2   0   1  -1   4   12   4   0   0   0   2   0   3   1   9  17   0   4   4   0   3   5   2   2  30  0.40 0.34
   47 I    -3  -3  -3  -6  -1  -3  -3  -6  -1   2   0  -3   0   8  -2  -3  -3   1   0  -1    2   2   2   0   1   2   2   0   2  12   8   2   2  51   2   2   2   2   2   4  1.22 0.63
   48 G     0  -1  -1  -2  -1  -1  -2   4   1  -2  -3  -1  -1  -1   4   0  -2   1   0  -2    6   3   2   2   2   3   2  28   4   2   3   4   2   3  18   7   2   2   3   2  0.39 0.30
   49 M     0  -1  -1  -3   1  -1  -1  -2  -3   1   1  -2   1   1   2  -1  -1   2   0   1   10   3   3   0   3   3   3   3   0  10  11   0   4   6  13   4   3   3   3  12  0.11 0.15
   50 I     0  -2   0  -2   2  -1  -2   0  -2   0   0   0   1   1   1   0   0  -2  -1   0    7   0   7   0   7   0   0   7   0   7   7   7   7   7   7   7   7   0   0   7  0.03 0.11
   51 W    -4  -3  -6  -3   1  -3  -4  -3  -6  -3  -4  -6  -1  -1  -6  -2  -3  12  -1  -4    2   2   0   2   2   2   2   3   0   2   2   0   1   2   0   3   2  69   2   2  2.96 1.24
   52 A     0  -2  -2  -2  -1  -2  -3  -2  -1   1  -1  -2   2  -1   1   0   5   0  -4   0    6   1   2   2   1   2   2   3   1   8   7   2   4   3   7   7  34   1   0   5  0.37 0.37
   53 V     0  -2  -4  -2   1  -3  -4  -2  -4   3   1  -4   0   1  -1  -1   2   0   0   2    7   2   0   2   3   0   0   4   0  15  12   0   2   6   3   5  13   2   3  18  0.23 0.24
   54 L    -3  -3  -1  -6   0  -2  -5  -6  -1   3   5  -5   1  -1  -6  -2  -2   0  -1  -1    2   2   3   0   2   2   0   0   2  16  52   0   3   2   0   4   3   2   2   4  0.80 0.53
   55 F    -2  -5  -2  -3  -1  -3  -3  -4   0  -3  -1  -3   1   5  -6  -1  -2   1   8  -3    3   0   2   2   2   1   2   2   2   2   5   2   4  19   0   4   3   1  43   2  1.20 0.71
   56 G     2  -3  -3  -3   1  -1  -2   0  -3   1   0  -1   1   0   0   0   1  -3   0   1   20   0   0   0   4   3   0   8   0   9  10   3   3   4   4   5   9   0   3   8  0.09 0.16
   57 L     0  -2   0   0   2   0  -2   0  -2   0   0   0   1   1   1   0   0   4   1   0    6   0   6   6   6   6   0   6   0   6   6   6   6   6   6   6   6   6   6   6  0.07 0.13
   58 I     0   0   0   0   2   0   0  -1  -2   0  -1   0   1   0  -3   0   0   3   1   0    5   5   5   5   5   5   5   5   0   5   5   5   5   5   0   5   5   5   5   5  0.02 0.10
   59 A     0  -2   0   0   2  -2   0   0  -2   0   0  -2   1   1  -3   0   0   4   1   0    6   0   6   6   6   0   6   6   0   6   6   0   6   6   0   6   6   6   6   6  0.05 0.14
   60 L     1  -4  -4  -4   1  -4  -4  -2   0   4   1  -4   1   1  -2  -2  -1   3   1   2   11   0   0   0   3   0   0   3   2  26   9   0   4   6   2   2   3   4   5  16  0.34 0.29
   61 S     4  -7  -1  -7   2  -7  -7  -1  -7  -1  -2  -7   1   0  -1   2   0   3   2  -1   32   0   4   0   4   0   0   5   0   4   4   0   3   4   4  16   5   3   5   5  0.66 0.40
   62 V     0  -2  -1  -2   1  -1  -2   2   0   1  -1  -2   3   1  -2   2  -1   2   0  -1    9   3   3   3   3   3   3  16   2   7   6   3   7   5   3  14   3   2   3   4  0.19 0.15
   63 A     2  -2  -2  -3   0  -2  -3  -1   1  -2  -3  -3   0   2  -3  -1  -2   7   6   0   15   3   2   2   2   2   2   6   3   3   3   2   2   6   2   5   3  12  20   6  0.67 0.40
   64 I    -1   0   0   0   2   0  -1  -1   2   0  -1   0   2   0   0  -1   0   4   1  -1    5   5   5   5   5   5   5   5   5   5   5   5   5   5   5   5   5   5   5   5  0.03 0.09
   65 I     1  -2  -1  -2   1  -1  -2  -2   0   2   0  -2   1   0  -6  -2   1   2   0   3   11   3   3   3   3   3   3   3   3   9   8   3   3   4   0   3   7   2   3  20  0.21 0.19
   66 Y    -1   0   0   0   2   0   0  -1   1   0  -1   0   1   0  -3   0   0   3   1   0    5   5   5   5   5   5   5   5   5   5   5   5   5   5   0   5   5   5   5   5  0.03 0.10
   67 N    -1   0   0   0   2   0  -1  -1   2   0  -1   0   2   0   0  -1   0   4   1  -1    5   5   5   5   5   5   5   5   5   5   5   5   5   5   5   5   5   5   5   5  0.03 0.09
   68 N     1   1   0  -1   0   1   0  -2   1  -1  -1   2   1  -1  -1   0   0   2   0  -2   11   8   4   4   2   5   5   3   3   3   6  11   4   3   3   7   5   2   3   3  0.06 0.11
   69 Y    -1   0   0   0   2   0  -1  -1   2   0  -1   0   2   0   0  -1   0   4   1  -1    5   5   5   5   5   5   5   5   5   5   5   5   5   5   5   5   5   5   5   5  0.03 0.09
   70 G    -1   0   0   0   2   0   0  -1   2   0  -1   0   2   1   0  -1   0   4   1  -1    5   5   5   5   5   5   5   5   5   5   5   5   5   5   5   5   5   5   5   5  0.09 0.08
   71 F     0   1   0   0   0   0   0   0   0  -2  -2   1   0   1   0   1   0   2  -1  -2    7   7   4   5   2   4   6   6   3   3   5   9   2   6   5  11   5   3   2   3  0.05 0.09
   72 K    -1   0   0   0   2   0  -1  -1   2   0  -1   0   2   0   0  -1   0   4   1  -1    5   5   5   5   5   5   5   5   5   5   5   5   5   5   5   5   5   5   5   5  0.03 0.09
   73 P    -1   0   0   0   2   0  -1  -1   2   0  -1   0   2   0   0  -1   0   4   1  -1    5   5   5   5   5   5   5   5   5   5   5   5   5   5   5   5   5   5   5   5  0.03 0.09
   74 K    -1   0   0   0   2   0  -1  -1   2   0  -1   0   2   0   0  -1   0   4   1  -1    5   5   5   5   5   5   5   5   5   5   5   5   5   5   5   5   5   5   5   5  0.03 0.09
   75 T     1   2  -1  -2  -2  -1  -2  -1  -1   0  -1   0   0  -2   0   0   3   0  -2  -1   10  11   3   2   1   3   2   6   2   6   7   7   3   2   5   8  14   1   2   4  0.13 0.16
   76 F     4  -3  -3  -3  -2  -4  -4  -2  -2   0   1  -4  -1   1   1  -3  -2   3   2   1   28   2   2   2   1   1   1   4   1   6  13   1   1   6   6   3   3   4   6   9  0.41 0.33
   77 W     0  -1  -3  -4  -1  -3  -4  -4  -1   1   4  -1   3  -1  -2  -2  -2   5   0  -1    8   4   2   1   1   2   2   2   1   8  34   4   5   3   2   3   3   6   3   4  0.51 0.36
   78 F     1   0  -2  -3   0   0  -3   0  -1   1   0   0   0   1  -2  -2   1   3   1   1   14   5   2   2   2   4   2   7   2   9  11   5   2   5   2   3   8   4   5   8  0.10 0.10
   79 L     1   0  -1  -2   1  -1  -2  -2   0   2   2  -2   3   0  -1  -1  -1   3   0  -1   11   5   3   3   3   3   3   3   3  10  19   3   6   4   4   5   3   3   3   5  0.15 0.12
   80 F    -1   0   0   0   2   0  -1  -1   2   0  -1   0   2   0   0  -1   0   4   1  -1    5   5   5   5   5   5   5   5   5   5   5   5   5   5   5   5   5   5   5   5  0.03 0.09
   81 L    -1   0   0   0   2   0  -1  -1   2   0  -1   0   2   0   0  -1   0   4   1  -1    5   5   5   5   5   5   5   5   5   5   5   5   5   5   5   5   5   5   5   5  0.03 0.09
   82 L    -1   0   0   0   2   0  -1  -1   2   0  -1   0   2   0   0  -1   0   4   1  -1    5   5   5   5   5   5   5   5   5   5   5   5   5   5   5   5   5   5   5   5  0.03 0.09
   83 N     0   0   0   0   2   1   0   0   2   0  -1   0   1   0  -2   0   0  -2   1   0    6   6   5   6   5   5   6   6   5   6   6   6   5   5   0   6   6   0   5   6  0.03 0.07
   84 Y     0  -2   0  -2   2   0   0  -1   2   0  -1   0   1   1   0   0   0   3   1   0    5   0   5   0   5   5   5   5   5   5   5   5   5   5   5   5   5   5   5   5  0.04 0.14
   85 I     2  -3  -1  -2   1  -3  -3   0  -3   2   2  -3   1   0  -1  -1   0  -3  -1   2   19   0   3   3   3   0   0   6   0  12  18   0   3   5   3   4   5   0   2  14  0.18 0.20
   86 F    -1  -1  -3  -1   2  -1  -2  -1  -3   1   3  -3   1   1  -1  -1  -1   3   0   1    5   3   0   3   4   3   3   5   0   6  27   0   4   7   3   3   3   4   3   9  0.16 0.20
   87 N     0   0   0   0   2   0  -1   0   2   0  -1   0   1   0   0   0   0  -2   1   0    6   6   5   6   5   5   0   6   5   6   6   6   5   5   6   6   6   0   5   6  0.03 0.08
   88 Q     1  -2   0  -1   0  -1  -2  -1   0   0   1  -1   1   3  -2   0  -1   3   0   0   14   2   4   3   2   3   2   4   2   5  15   3   4  12   2   5   4   4   2   6  0.10 0.14
   89 A     2  -2  -2  -2   0  -2  -2   0  -4   0   2  -2   0   0  -1   0   1   1  -1   0   20   2   2   2   2   2   2   8   0   5  19   2   3   3   3   8  10   2   2   5  0.15 0.19
   90 F    -3  -1  -9  -9   1  -8  -2  -2   1  -1  -3  -9   1   1  -1  -2  -1  11   2  -2    3   3   0   0   3   0   3   3   3   3   4   0   3   6   3   3   4  43   6   4  1.89 0.93
   91 S    -1   0   0   0   2   0  -1  -1   2   0  -1   0   2   0   0  -1   0   4   1  -1    5   5   5   5   5   5   5   5   5   5   5   5   5   5   5   5   5   5   5   5  0.03 0.09
   92 Y    -1   0   0   0   2   0   0  -1   2   0  -1   0   2   1   0  -1   0   4   1  -1    5   5   5   5   5   5   5   5   5   5   5   5   5   5   5   5   5   5   5   5  0.09 0.08
   93 F     0  -2  -2   0   2   0  -2   0   2   0   0  -2   1   1   1   0   0   4   1   0    6   0   0   6   6   6   0   6   6   6   6   0   6   6   6   6   6   6   6   6  0.06 0.17
   94 Q    -2  -2  -1  -4   0  -1  -2  -2  -3  -1   0  -4   2   6  -4  -1   0   2   1   0    3   3   3   0   2   3   2   4   0   3   6   0   6  38   0   4   8   3   4   6  0.54 0.41
   95 F     0  -2   0   0   2   0  -2  -1   2   0  -1   0   1   1   0   0   0   3   1   0    6   0   5   6   5   5   0   6   5   6   6   6   5   5   6   6   6   5   5   6  0.08 0.13
   96 S    -1   0   0   0   2   0  -1  -1   2   0  -1   0   2   0   0  -1   0   4   1  -1    5   5   5   5   5   5   5   5   5   5   5   5   5   5   5   5   5   5   5   5  0.03 0.09
   97 Q    -1   0   0   0   2   0  -1  -1   2   0  -1   0   2   0   0  -1   0   4   1  -1    5   5   5   5   5   5   5   5   5   5   5   5   5   5   5   5   5   5   5   5  0.03 0.09
   98 K    -2   3  -1  -2   1   2   0   0   6  -2  -3   1   0  -1  -1  -2  -2   2   0  -3    4  14   3   3   2   9   5   7  17   3   3   9   2   3   3   3   3   2   3   3  0.49 0.35
   99 N    -1   0   0   0   2   0  -1  -1   2   0  -1   0   2   0   0  -1   0   4   1  -1    5   5   5   5   5   5   5   5   5   5   5   5   5   5   5   5   5   5   5   5  0.03 0.09
  100 L    -1   0   0   0   2   0  -1  -1   2   0  -1   0   2   0   0  -1   0   4   1  -1    5   5   5   5   5   5   5   5   5   5   5   5   5   5   5   5   5   5   5   5  0.03 0.09
  101 F     0   1  -1   1   1  -1  -1   2   0  -1   0   0   0   0  -1  -1  -1   5   0  -2    7   8   3   7   3   3   3  14   2   3  10   5   3   4   3   4   4   6   3   3  0.10 0.12
  102 L    -1   0   0   0   2   0  -1  -1   2   0  -1   0   2   0   0  -1   0   4   1  -1    5   5   5   5   5   5   5   5   5   5   5   5   5   5   5   5   5   5   5   5  0.03 0.09
  103 A     0  -1   0  -2   2   1   0   0  -2   0   0   0   1   1  -2   0   0  -2   1   0    7   0   7   0   6   7   7   7   0   7   7   7   6   6   0   7   7   0   6   7  0.05 0.10
  104 T     0   0   0  -2   2   0   0  -1  -2   0  -1   0   1   0   0   0   0   3   1   0    5   5   5   0   5   5   5   5   0   5   5   5   5   5   5   5   5   5   5   5  0.03 0.11
  105 V     1  -3  -3  -3   0  -2  -3  -2  -1   4   0  -1   0   1  -2  -2  -2   2   0   3   10   2   2   2   2   2   2   4   2  19   9   4   2   6   2   3   3   3   3  17  0.30 0.21
  106 D    -1  -3   2   2   0  -2   2  -2  -1   2  -1  -3   1  -1  -3  -3  -2   3  -2   3    5   2   9   9   2   2  13   4   2  10   7   2   3   2   2   2   3   3   2  16  0.25 0.21
  107 C     0   0   0   0   2   0   0   0   2   0  -1  -2   1   0  -3   0   0   3  -1   0    6   6   5   6   5   5   6   6   5   6   6   0   5   5   0   6   6   5   0   6  0.03 0.13
  108 L     0   0   0  -2   2   0  -2   0  -2   0   0   0   1   1   1   0   0   4   1   0    6   6   6   0   6   6   0   6   0   6   6   6   6   6   6   6   6   6   6   6  0.08 0.13
  109 L     1  -3  -1  -3   1  -1  -1  -1  -3   1   2  -2   1   1  -1  -1   0   2   0   1   15   0   3   0   3   3   3   5   0   8  19   0   4   7   3   4   5   3   3   8  0.08 0.15
  110 V     0   0   0   0   2   0   0  -1   1   0  -1   0   1   0   0   0   0  -2   1   0    5   5   5   5   5   5   5   5   5   5   5   5   5   5   5   5   5   0   5   5  0.03 0.05
  111 A     1  -4  -2  -1   0  -2  -2  -2  -1   1   1  -4   0   2  -2  -1   1   7   0   0   12   0   2   4   2   2   2   3   2   7  15   0   2   8   2   3   8  16   2   5  0.38 0.33
  112 I     0  -2   0   0   2  -2   0   0  -2   0   0  -2   1   1   1   0   0   4   1   0    6   0   6   6   6   0   6   6   0   6   6   0   6   6   6   6   6   6   6   6  0.05 0.14
  113 T     0  -3  -1  -1   1  -1  -1  -1   0   1   1  -1   1   0  -1   1   1   2   0   1    7   0   3   3   3   3   3   3   3   8  16   3   3   4   3  12   9   3   3   9  0.06 0.12
  114 T     0  -2   0  -2   2   1   0   0  -2   0   0   0   1   1  -3   0   0   4   1   0    6   0   6   0   6   6   6   6   0   6   6   6   6   6   0   6   6   6   6   6  0.08 0.13
  115 L     1  -2  -2  -4   0  -1  -2   0  -3   2   1  -2   0   1  -2  -1   0   2   2   1   15   2   2   0   2   2   2   7   0  11  16   2   2   5   2   3   5   2   7   9  0.12 0.17
  116 L    -1   0   0   0   2   0  -1  -1   2   0  -1   0   2   0   0  -1   0   4   1  -1    5   5   5   5   5   5   5   5   5   5   5   5   5   5   5   5   5   5   5   5  0.03 0.09
  117 L    -1  -5  -1  -5   4  -2  -3  -3  -5   0   2  -2   3   1  -2  -1   4   1   1  -1    5   0   3   0   8   2   2   2   0   5  19   2   6   7   2   3  22   2   5   3  0.39 0.36
  118 I     0  -2  -2  -3   0  -1  -3  -2  -1   4   0  -2   3   0  -5  -2   1   1   0   1    9   2   2   2   2   2   2   3   2  26   8   2   8   3   0   3   8   2   3   8  0.32 0.29
  119 M     0   1  -1  -2   1  -1  -2  -2   0   1   0   0   0   1  -2  -2  -1   3   2   1    7  10   2   2   3   2   2   3   2   9  10   7   3   7   2   3   3   4   6  12  0.09 0.13
  120 F     1   1  -1  -2   0   0  -1  -2   0  -1   2   0   1  -1  -3  -1   0   2   0   0   12   8   3   3   2   5   3   4   2   4  17   6   3   3   1   5   5   3   3   7  0.08 0.10
  121 S    -1   0   0   0   2   0   0  -1   2   0  -1   0   2   1   0  -1   0   4   1  -1    5   5   5   5   5   5   5   5   5   5   5   5   5   5   5   5   5   5   5   5  0.09 0.08
  122 S    -1   0  -1  -2   1  -1  -2   0   2  -1  -1  -1   2   1  -2  -1  -2   8   2  -2    6   6   3   3   2   3   3   8   4   3   7   4   4   6   3   5   3  15   6   3  0.38 0.30
  123 N    -1   4   0  -1   0   2  -1  -3   0  -2  -3   2  -1  -2   2   0  -2   1  -2  -2    5  21   5   3   2   8   4   3   2   3   3  13   2   2   9   6   3   2   2   3  0.38 0.31
  124 L    -1   1  -2  -2  -1  -2  -2  -4   1   3   0  -1   0  -1  -3  -2   0   0   0   4    6   7   2   3   1   2   2   2   3  15   9   4   2   3   2   3   5   2   3  22  0.29 0.21
  125 S    -2   0   3   5  -1  -2  -2  -4   0  -2  -2  -2  -1  -3  -4   3  -2  -1  -2  -3    4   5  11  27   2   2   2   2   2   2   5   2   2   1   1  21   3   1   2   2  0.66 0.50
  126 K    -3   5  -2  -4  -2  -2  -3   0  -1  -3  -4   4  -2  -3   3  -2  -2   1  -3  -3    3  25   2   1   1   2   2   6   2   2   3  22   1   1  13   4   3   2   1   2  0.74 0.54
  127 V     0   0  -2  -4  -3  -2  -3  -3  -3   2   2  -1   0   0   0  -2   1   5  -1   1    8   6   2   1   1   2   2   3   1   9  17   5   3   4   5   3  10   7   2  10  0.25 0.22
  128 S     6  -2  -4  -9  -1  -5  -6  -4  -4  -1  -4  -1  -2  -4  -5   1  -2  -1  -1  -1   55   2   1   0   2   1   1   2   1   3   3   4   1   1   1  11   3   1   2   4  1.18 0.78
  129 A     5  -2  -5  -8  -3  -8  -6   4  -4  -5  -5  -3  -2   0  -5   2   0  -1  -3  -3   34   2   1   0   1   0   1  26   1   1   2   2   1   4   1  14   6   1   1   2  0.92 0.63
  130 W     0  -4  -4  -4  -2  -4  -7  -4  -3   0   3  -3  -1   1  -6  -5  -4   8   5   1    9   2   1   1   1   1   1   2   1   6  23   2   2   5   1   1   1  16  16   8  0.98 0.61
  131 L     0  -6  -6 -11   1 -10  -7  -7  -4   0   6 -10   1   1  -3  -6  -5  -1  -3  -2    8   1   1   0   3   0   1   1   1   4  64   0   3   5   2   1   1   1   1   3  1.51 0.85
  132 L    -5  -6  -1 -10  -4   1 -10  -6  -4   0   5 -10   5   3 -10  -7  -5  -2   0  -1    1   1   3   0   1   5   0   1   1   6  47   0  13  11   0   1   1   1   3   5  1.32 0.74
  133 I     1  -6  -6  -7  -3  -6  -7  -4  -5   4   3  -3   0  -1  -7  -3  -2   2  -2   4   11   0   0   0   1   0   0   2   0  19  25   2   2   2   0   2   2   2   1  23  0.84 0.50
  134 P    -4 -11 -11 -10  -3  -5 -10  -6 -11  -4  -4 -10 -11  -4   9  -6  -6 -11 -11  -5    2   0   0   0   1   1   0   1   0   1   2   0   0   1  87   1   1   0   0   1  3.17 1.65
  135 Y    -6  -7  -7 -12   1  -7  -8  -8  -4  -7  -4 -11  -5  -3  -7  -5  -4  -9  10  -7    1   0   1   0   3   0   0   1   1   0   3   0   1   1   1   2   1   0  83   1  3.48 1.65
  136 F     1  -6  -6 -10   2  -4  -7  -6 -10   2   5  -9   0   2   0  -6  -3   1  -4   0   12   1   1   0   4   1   0   1   0   9  42   0   2   8   6   1   2   2   1   7  0.95 0.55
  137 L     4 -11 -11  -7   0  -6 -10  -1 -11   3   4 -10  -2  -2  -7  -4  -5  -4  -6   2   31   0   0   0   2   0   0   6   0  12  29   0   1   2   0   1   1   0   0  12  1.04 0.62
  138 W    -8  -7 -14 -14  -3  -6 -14  -6 -13 -13  -7 -14 -13  -5 -14 -14 -13  13  -4 -14    1   1   0   0   1   1   0   1   0   0   1   0   0   1   0   0   0  93   1   0  5.45 2.27
  139 S    -3  -8  -5  -7   5  -6  -8  -5  -9   1   3  -8  -1  -5  -8  -1   1  -9  -8   5    3   0   1   0  10   0   0   1   0   6  25   0   2   0   0   5   7   0   0  38  1.17 0.64
  140 A     2  -6  -5  -7   4  -7  -7   1  -7   0   1  -7  -1  -2  -2   4   3  -2  -5  -1   15   0   1   0   7   0   0  10   0   5  12   0   1   2   2  24  14   1   0   4  0.61 0.45
  141 F    -6  -9  -9 -10  -4  -9  -9  -7  -8   2  -3  -9  -3   9 -10  -7  -5  -3   4   0    1   0   0   0   0   0   0   0   0  11   3   0   1  62   0   1   1   0  13   6  2.34 1.06
  142 A     7  -9  -5  -5  -3  -8  -5  -3  -9  -6  -4  -6  -4  -5  -8  -4  -4 -10  -4  -5   86   0   1   1   1   0   1   3   0   0   2   0   0   1   0   1   1   0   1   1  2.30 1.16
  143 T     3  -6  -3  -5  -2  -5  -6   0  -7  -2  -1  -6  -1  -2  -6   2   6  -1  -6  -2   20   0   1   0   1   0   0   7   0   2   7   0   1   2   0  14  39   1   0   3  0.93 0.65
  144 Y     2  -6  -6  -6  -1  -5  -6  -4  -4   2   0  -5   0   1  -5   1  -2  -1   6   3   17   0   0   0   1   0   0   1   0   9  10   1   3   4   0   9   3   1  22  17  0.73 0.48
  145 L    -5  -8  -9  -9  -4  -6  -9  -9  -4  -1   7  -8  -2  -2  -9  -8  -3   0  -5  -1    1   0   0   0   0   0   0   0   1   3  85   0   1   1   0   0   2   1   0   3  2.09 1.01
  146 S    -2  -7   8  -5   0  -1  -6  -6  -4  -6  -7  -6  -4  -7  -7   2   2  -9  -5  -4    4   0  60   0   2   3   0   0   0   1   0   0   0   0   0  14  12   0   0   2  1.88 1.00
  147 W     2  -5  -5  -6  -2  -5  -3  -1  -3   0   2  -5  -2   3  -7  -2   0   6   4  -1   18   1   0   0   1   0   2   6   0   6  16   0   1  13   0   2   6   9  14   3  0.63 0.43
  148 T     2   0  -2  -1  -3   0   0   1   1  -4  -4  -1  -2  -1  -5   3   1  -1   3  -3   17   5   1   3   1   4   6  11   3   1   1   3   1   2   0  21   8   1   9   2  0.36 0.33
  149 I    -4  -7  -5  -9  -4  -6  -8  -8  -6   7   1  -8   2   1  -8  -6  -1  -8  -1   3    1   0   1   0   0   0   0   0   0  54  10   0   4   5   0   1   3   0   2  17  1.55 0.75
  150 Y     0  -2  -6  -5  -1  -5  -6  -2  -3  -1   0  -6   0   0  -9  -4  -2  10   3   2    8   3   0   1   1   0   0   4   1   4   8   0   3   4   0   1   3  36   9  13  1.50 0.78
  151 S    -2   4  -3  -4  -4   2  -3  -5  -1   1   1   0   1   1  -5  -3  -3   5   3   1    3  22   1   1   0  10   1   1   1   9  11   5   4   5   0   2   1   6   8   8  0.51 0.38
  152 I    -4   1   0  -3  -5  -5  -5  -8   0  -1   6  -3   4  -2  -9  -6  -5  -3  -1  -4    1   7   5   2   0   1   1   0   2   3  64   2   7   1   0   1   1   0   3   1  1.32 0.73
  153 N   -10  -8  10  -6 -11  -8  -8  -8  -7 -11 -12  -8 -10 -11 -10  -7  -8 -12 -10 -11    0   0 100   0   0   0   0   0   0   0   0   0   0   0   0   0   0   0   0   0  3.91 1.66

                      K         Lambda
Standard Ungapped    0.1425     0.3325
Standard Gapped      0.0573     0.2670
PSI Ungapped         0.1874     0.3179
PSI Gapped           0.0573     0.2670
