
Last position-specific scoring matrix computed, weighted observed percentages rounded down, information per position, and relative weight of gapless real matches to pseudocounts
            A   R   N   D   C   Q   E   G   H   I   L   K   M   F   P   S   T   W   Y   V   A   R   N   D   C   Q   E   G   H   I   L   K   M   F   P   S   T   W   Y   V
    1 M    -6  -7  -8  -8  -6  -6  -7  -8  -7   0   6  -7   8  -4  -8  -7  -6  -6  -6  -4    0   0   0   0   0   0   0   0   0   5  62   0  33   0   0   0   0   0   0   0  2.10 0.83
    2 S     1   2   2  -1  -5   1   0  -4  -1  -4  -1   3  -2  -5  -1   0   1  -6  -4  -3   12  12  11   4   0   5   6   0   1   0   8  22   1   0   2   7   8   0   0   1  0.37 0.29
    3 L    -4  -5  -3  -4  -6  -5  -4  -8  -6   2   6   0   2  -3  -5  -6  -4  -6  -6  -1    1   0   1   1   0   0   1   0   0  10  69   6   4   1   1   0   1   0   0   3  1.38 0.65
    4 A    -1  -3   3   5  -6  -1   4  -3  -1  -5  -7  -1  -6  -6  -5   0  -3  -7  -2  -6    4   1  14  35   0   3  25   1   1   1   0   4   0   0   0   6   1   0   2   0  1.03 0.55
    5 N    -4   1   5   3  -6   2   4  -4   2  -6  -5   0  -4  -7  -5  -1  -4  -6  -1  -5    1   7  28  14   0   7  24   1   5   0   1   5   0   0   0   4   1   0   2   1  0.93 0.52
    6 Q    -5  -3  -4  -4  -5   8   1  -7   1  -3   0   0   0  -2  -7  -3  -2  -6  -2  -5    1   1   1   1   0  60   8   0   3   2   9   4   2   2   0   1   3   0   1   1  1.57 0.81
    7 I    -5  -7  -7  -6  -6  -6  -7  -8  -6   4   5  -7   0  -1  -5  -7  -4  -4  -4   3    1   0   0   0   0   0   0   0   0  18  57   0   2   2   1   0   1   0   0  18  1.41 0.64
    8 D    -5  -5   2   2  10  -6   1  -6  -5  -1  -5  -6  -1  -7  -7  -4  -2  -8  -8   1    1   1   8   9  52   0   9   1   0   3   1   0   1   0   0   1   3   0   0   9  2.01 0.84
    9 Q    -5   0  -2   1  -6   0   2  -6   1  -4  -4  -1   0   7  -7  -3  -3  -4  -1  -5    1   5   2   8   0   5  12   0   3   1   1   4   2  49   0   2   2   0   1   1  1.28 0.63
   10 F     3  -1  -2  -3  -1  -2  -2  -1  -4  -1   0  -2  -2  -1   2   3  -1  -5   0  -2   25   3   2   1   1   1   2   3   0   3  10   2   1   2  10  25   3   0   3   2  0.38 0.33
   11 L    -5  -7  -6  -8  -6  -6  -7  -8  -7   3   5  -7  -1   4  -8  -7  -4  -6  -2   2    0   0   0   0   0   0   0   0   0  15  54   0   1  14   0   0   1   0   1  13  1.39 0.64
   12 G    -2   0   2  -4  -7  -3  -3   3   1  -5  -6  -4  -6  -3  -7  -2  -3  -2   8  -1    3   5  10   1   0   1   1  18   3   1   0   1   0   0   0   3   2   1  45   6  1.33 0.68
   13 T     3   0   0   1  -4  -1  -1  -3   2  -3  -3  -1  -2   1  -4   2   0   0   2   0   23   5   4   8   0   2   4   1   4   1   1   3   1   6   0  17   5   1   8   6  0.29 0.27
   14 I     4  -5  -4  -6   2  -3  -5  -4  -3   3   3  -5   0  -2  -5  -3   1  -4  -2   0   33   0   1   0   4   1   0   1   1  14  25   0   2   2   0   2   8   0   2   7  0.69 0.42
   15 M     0  -4   0  -4  -5  -2  -3  -3  -3   1   2  -4   3   2  -5   4   0  -2  -1  -1    8   0   5   0   0   1   1   2   1   8  17   0   6  10   0  29   4   0   2   4  0.45 0.35
   16 Q    -2   5   3  -3  -5  -1  -2  -3   3  -2   0   2  -1  -5  -5   0  -2  -3  -3  -3    4  31  16   1   0   2   2   2   7   3  10  10   1   0   0   6   2   0   1   2  0.66 0.41
   17 F     3   2  -1  -1  -4   1   1  -2  -2   0   0   2  -1  -2  -4  -1  -2  -3  -3  -2   24  11   2   3   0   6  11   2   1   7   9  13   2   2   0   4   2   0   1   2  0.27 0.24
   18 A     1  -5  -6  -6  -4  -5   0  -6  -5   4   0  -5   5   2  -6  -3  -1  -6  -2   3   10   0   0   0   0   0   7   0   0  23   7   0  13   8   0   2   3   0   1  23  0.76 0.43
   19 E    -1   0   2  -3  -2   0   1  -2   0   1  -1  -1   1  -3  -4  -1   3  -2  -1   1    5   5   9   1   1   5   8   3   2   8   6   2   3   0   0   4  23   0   3  11  0.25 0.23
   20 N     0   5   2  -2  -5   2  -1  -1   0  -5  -4   3  -3  -5  -5   0  -2   3  -4  -4    8  26  10   2   0   9   3   4   2   0   2  18   1   0   0   7   2   4   0   1  0.64 0.40
   21 K     2   0  -3  -3  -2   0  -2  -3  -1   1   2   0   0  -1  -4   0   0   0  -2   1   19   5   1   1   1   5   2   1   1   7  24   7   2   2   0   7   4   1   1  10  0.23 0.21
   22 H    -4  -5   0  -6  -7  -4   0  -5   3  -1   1  -3   1  -1  -7  -5  -6  -3   8  -2    1   1   5   0   0   0   6   1   5   3  15   2   4   2   0   1   0   0  51   3  1.50 0.71
   23 E    -1   5  -1  -2  -4   1   1  -2  -1  -4  -4   3  -3  -2  -5  -1  -1  -3  -2  -3    4  32   3   1   0   6  10   2   2   1   2  20   0   2   0   5   5   0   1   2  0.68 0.40
   24 I    -1   1   0  -1  -4   1   0  -3   0  -2  -2   0  -1  -2   6   0  -1  -4  -3  -2    4   8   4   3   0   5   5   2   2   3   4   6   1   2  39   6   3   0   1   3  0.72 0.40
   25 L    -1   0  -2  -3  -1  -1   0  -3  -1   1   3   0   2   1  -2  -2  -2   1   1   0    6   6   1   1   1   3   6   2   2   7  31   6   5   5   2   3   2   2   5   6  0.19 0.16
   26 L    -2  -4  -5  -5  -5  -4  -3  -4  -4   1   5  -5   3   1  -3  -4  -3  -5  -1   0    3   1   0   1   0   1   2   2   0   6  60   1   7   4   1   1   2   0   2   6  1.03 0.48
   27 G    -1   0   0   4  -2   1   2   0   1  -1  -2   0  -2  -1  -2  -1  -1  -3  -2  -2    4   6   4  27   1   6  12   7   3   4   4   6   1   3   2   4   4   0   1   3  0.33 0.17
   28 K     1   2  -1   0  -2   1   0  -1   0  -1  -2   3  -1  -2  -1   0   0  -2  -2  -2   15  12   3   5   1   7   6   3   2   3   4  18   1   1   2   6   5   0   1   3  0.19 0.12
   29 C     0   1   0   0   1   0   1   0   0  -1   0   0   0  -1   0   1   0  -1   0   0    9   8   3   4   4   4   9   5   3   4   7   4   3   3   3   9   7   1   3   6  0.03 0.02
   30 E     0  -1  -1  -1  -1   0   0   0  -1   0   2  -1   2   0  -1   0   0  -1  -1   0    6   3   3   4   1   5   7   7   1   3  23   3   6   4   3   6   4   1   2   7  0.05 0.04
   31 S     1   1  -1  -1  -2   1   3  -1  -1  -2  -2   2  -2  -2  -1   1  -1  -2  -2  -2   14   6   2   3   1   5  21   4   1   2   4  16   1   2   2   9   4   1   1   3  0.24 0.15
   32 D    -1  -2  -1   2  -3  -1   3   1  -1  -3  -3  -1  -3   1   5  -1  -2  -3  -2  -3    4   1   2  10   1   2  20   9   1   1   3   4   0   6  25   3   2   0   1   2  0.53 0.27
   33 V    -3  -4  -2  -4  -3  -3  -4  -4   2   1   5  -1   1   1  -4  -1  -2  -1   2  -1    1   1   2   1   0   1   1   1   5   6  48   4   3   6   1   5   2   1   7   4  0.65 0.36
   34 K    -3  -5   1   4  -7  -3  -2   6  -3  -7  -7   0  -7  -7  -3  -3  -5  -7  -7  -7    1   0   6  25   0   1   2  53   1   0   0   6   0   0   1   2   0   0   0   0  1.41 0.63
   35 L    -5  -6  -7  -7  -4  -6  -6  -7  -6   4   6  -6  -1  -3  -5  -6  -5  -6  -4   0    1   0   0   0   0   0   0   0   0  20  69   0   1   0   1   0   0   0   0   6  1.59 0.65
   36 T    -5  -6  -3  -5  -6  -6  -6  -6  -1  -6  -6  -6  -6  -6  -6   1   8  -7  -1  -5    0   0   1   1   0   0   0   0   2   0   0   0   0   0   0   9  82   0   2   0  2.32 0.97
   37 S    -1  -2   0  -4  -7  -4  -6  -3   3   0  -2  -5  -2  -1   1  -1  -4  -2   8  -1    5   2   5   1   0   1   0   2   6   5   3   0   1   1   8   5   1   0  49   4  1.27 0.63
   38 T     0  -5   0  -3  -6  -1  -4  -1  -5  -6  -5  -2  -2  -7   6   1   3  -8  -7  -4    8   0   4   1   0   3   0   4   0   0   1   2   1   0  45  10  18   0   0   1  1.22 0.62
   39 Q    -6  -5  -6  -1  -9   9   2  -7  -4  -9  -6  -4  -7  -9  -5  -6  -7  -8  -8  -8    0   0   0   3   0  81  13   0   0   0   1   0   0   0   0   0   0   0   0   0  2.75 1.15
   40 E    -3  -6  -7  -7  -6  -6  -2  -5  -2   0  -4  -7   3   2  -3  -6  -6   6   8  -1    2   0   0   0   0   0   3   1   1   5   1   0   8   7   2   0   0  10  54   5  1.92 0.82
   41 H    -4  -2  -5  -6  -5  -3  -4  -2   6   2   4  -3  -2  -3  -2  -3  -4  -3  -1   0    1   2   0   0   0   1   1   4  21  10  44   2   1   1   3   2   1   0   2   6  0.94 0.49
   42 I     1  -7  -7  -7   2  -6  -6  -7  -7   2  -1  -6   0  -4   0  -5   2  -7  -4   6   10   0   0   0   4   0   0   0   0  11   4   0   2   0   5   0  13   0   1  51  1.16 0.58
   43 L    -6  -7  -8  -9  -6  -7  -8  -9  -8   4   5  -7   8  -2  -8  -7  -5  -7  -5  -2    0   0   0   0   0   0   0   0   0  17  43   0  36   1   0   0   0   0   0   2  1.95 0.81
   44 M    -3  -2  -3  -2  -2  -2   2  -6   0  -1   4  -4   6   0  -6  -3  -3  -4  -2   0    2   2   1   2   1   1  14   0   2   3  38   1  19   4   0   2   1   0   1   5  0.74 0.43
   45 L     3  -3  -5  -5   1  -3  -5  -4  -2   1   1  -2   1  -3  -5  -2  -2  -1   1   4   28   1   0   0   3   1   0   1   1   6  11   2   3   0   0   3   2   1   4  32  0.64 0.40
   46 L    -6  -7  -8  -8  -5  -6  -8  -8  -8   4   6  -7   0  -3  -8  -7  -5  -5  -3  -1    0   0   0   0   0   0   0   0   0  19  73   0   2   1   0   0   0   0   1   3  1.81 0.75
   47 A    -1  -3  -4  -5  -6  -4  -2   2  -1  -8  -5  -4  -6  -4  -8  -1  -5  11  -1  -7    6   2   1   1   0   1   3  17   1   0   1   1   0   1   0   6   1  57   2   0  2.57 1.00
   48 E    -5   1  -2   0  -4   2   6  -3   1  -6  -3   1   1  -7  -5  -3  -4  -7  -5  -5    1   7   2   5   0   9  53   2   3   0   2   8   3   0   0   2   1   0   0   1  1.17 0.61
   49 Q    -3   1   2   1  -5   2   3   2   4  -6  -6   2  -5  -5  -4  -2  -3  -3  -1  -6    1   7  10   8   0   9  21  17  10   0   0  10   0   0   0   2   1   0   2   0  0.63 0.38
   50 I    -1  -1  -1   5  -3  -1   2   2  -3  -6  -6   0  -5  -6   3  -2  -3  -7  -6  -5    6   3   2  33   1   2  14  14   1   0   0   6   0   0  13   3   1   0   0   1  0.80 0.45
   51 S     0   1  -1  -2   2   2  -2   2  -2  -1   1   0   1  -3  -1   1  -1  -4  -3  -1    6   9   2   2   4  11   1  17   0   4  13   5   4   0   3   9   2   0   0   4  0.17 0.18
   52 T    -4  -1   2  -5  -4  -3  -5  -5  -6   0  -3  -3  -1  -7   0   2   6  -7  -6  -3    1   4  10   0   0   1   0   1   0   4   3   1   2   0   5  15  51   0   0   2  1.15 0.64
   53 N    -1  -6   0  -6  -4   1  -4  -6  -3   1  -2  -5   5  -5   1  -2  -3  -7  -6   6    5   0   5   0   0   7   1   0   1   7   3   0  12   0   6   3   1   0   0  48  0.99 0.54
   54 A     1   0   1  -4  -5  -2  -4   2  -2  -5  -5   4  -4  -3  -5   3   2  -6  -5  -4    9   5   6   0   0   1   0  15   1   0   1  26   0   1   0  22  11   0   0   1  0.64 0.43
   55 K     1  -2  -3   3  -7   2   5  -2  -1  -6  -6   0  -4  -4  -5  -1  -1  -5  -4  -4   10   2   1  15   0   8  43   3   2   0   0   6   0   1   0   4   3   0   0   1  0.90 0.51
   56 I    -5  -7  -8  -8  -3  -7  -8  -9  -8   5   6  -7   0  -3  -8  -7  -5  -7  -6   1    1   0   0   0   0   0   0   0   0  27  62   0   2   0   0   0   0   0   0   8  1.68 0.70
   57 A     5  -5  -6  -5   2  -5  -5   5  -5  -6  -5  -4  -5  -7  -6   1  -4  -7  -7  -3   46   0   0   0   4   0   0  35   0   0   1   1   0   0   0   9   1   0   0   1  1.35 0.66
   58 E     0   3  -1   1  -3   2   4  -3   0  -6  -5   3  -4  -6  -5  -1  -2  -7  -5  -5    9  16   3   8   0   7  30   2   2   0   0  15   0   0   0   4   3   0   0   0  0.71 0.43
   59 K     0   5  -2  -1  -2   0   1  -4   0  -3  -1   3  -1  -4  -4   0  -1  -4  -2  -2    8  28   1   4   1   4   9   0   2   2   7  19   1   0   0   6   3   0   1   2  0.51 0.34
   60 L    -4  -7  -6  -8   0  -6  -8  -8  -6  -1   6  -7   3   0  -8  -4  -2  -6  -3  -2    2   0   0   0   2   0   0   0   0   2  76   0   6   4   0   1   3   0   1   3  1.63 0.71
   61 K    -1   1   1   0  -1   1  -1   2   4  -3  -1   0   1   2  -4   0  -3  -3   3  -3    5   7   8   5   1   7   3  14   9   1   5   5   3   8   0   7   0   0  10   1  0.26 0.22
   62 I    -5  -6  -7  -6  -2  -3  -7  -8  -4   3   5  -5   3  -3  -7  -5  -2  -6  -2   2    0   0   0   0   1   1   0   0   1  15  56   1   7   0   0   0   2   0   1  14  1.24 0.57
   63 S    -3  -5  -1   7  -7  -3   2  -4  -5  -7  -7  -1  -7  -8  -5   0   3  -8  -7  -6    2   0   2  54   0   1  12   1   0   0   0   4   0   0   1   6  17   0   0   0  1.48 0.70
   64 P     0  -1  -2  -4  -2  -1  -4  -3  -3  -4  -3  -1  -2  -5   3   5   2  -6  -1  -1    6   4   2   0   1   3   0   2   0   1   3   4   1   0  14  39  13   0   2   5  0.67 0.46
   65 A     2  -6   1  -6  -7  -6  -6   6  -4  -5  -8  -6  -5  -8  -1   2  -4  -8  -7  -7   15   0   7   0   0   0   0  60   0   1   0   0   0   0   3  13   1   0   0   0  1.52 0.70
   66 A     3  -5  -2  -6  -6  -5  -6  -4  -7  -6  -5  -6  -5  -6  -6   0   7  -8  -7  -6   19   1   1   0   0   0   0   1   0   0   1   0   0   0   0   6  69   0   0   0  1.92 0.90
   67 V    -4  -7  -8  -8  -4  -7  -7  -8  -7   3   5  -7   5  -4  -7  -6  -2  -7  -6   3    1   0   0   0   0   0   0   0   0  13  56   0  12   0   0   0   3   0   0  15  1.43 0.64
   68 T    -2  -7  -5  -7  -4  -5  -6  -5  -7  -7  -6  -6  -6  -8  -7   3   7  -8  -7  -5    3   0   0   0   0   0   0   1   0   0   0   0   0   0   0  23  72   0   0   0  2.21 1.00
   69 K    -3   3  -5  -4  -7  -2  -6  -3  -3  -2  -5   1  -5  -7   7  -4  -1  -8  -7  -1    2  15   0   1   0   2   0   3   1   3   1   8   0   0  54   1   4   0   0   5  1.52 0.72
   70 A     1  -6  -6  -7  -5  -4  -6  -5  -5   1   5  -6   5  -4  -5  -2  -1  -6  -5   0   10   0   0   0   0   1   0   1   0   8  53   0  15   0   0   3   4   0   0   5  1.14 0.56
   71 L    -4  -7  -8  -8  -3  -7  -7  -8  -7   3   6  -7   1  -4  -7  -5  -1  -7  -6   2    1   0   0   0   0   0   0   0   0  16  62   0   2   0   0   0   4   0   0  14  1.44 0.64
   72 K    -5   0   2   4  -8  -1  -3  -4  -6  -8  -8   7  -7  -5  -6  -3  -3  -8  -6  -7    1   4   8  22   0   2   0   1   0   0   0  58   0   1   0   1   1   0   0   0  1.67 0.77
   73 K    -5   8  -1  -5  -6  -3  -5  -5  -4  -7  -7   4  -7  -8  -6  -2  -5  -8  -6  -7    1  70   3   1   0   1   0   1   0   0   0  20   0   0   0   3   0   0   0   0  2.19 0.92
   74 L    -7  -8  -9  -9  -3  -7  -8  -9  -8  -3   6  -8   6  -4  -8  -8  -6  -7  -6  -4    0   0   0   0   1   0   0   0   0   1  78   0  20   0   0   0   0   0   0   0  2.26 0.91
   75 Q    -3  -5  -5  -3  -5   1   7  -7  -4   0  -4  -4  -2  -6  -7  -4  -4  -4  -6   1    2   0   0   1   0   5  73   0   0   5   1   0   1   0   0   1   1   0   0   9  1.82 0.85
   76 E     3   0  -1  -1  -3   2   1  -2  -2  -5  -5   4  -4  -6  -5   1   0  -6  -5  -3   25   5   3   3   0  10   8   3   1   0   1  25   0   0   0   9   6   0   0   2  0.56 0.38
   77 Q     2   1   0  -2  -4   2  -1  -3  -2  -4  -1   5   1  -5  -5  -1  -3  -6  -5  -4   19   6   4   2   0   8   3   1   1   1   6  37   4   0   0   5   1   0   0   1  0.67 0.43
   78 E    -4  -5  -1  -1  -6  -2   0   7  -4  -9  -8  -2  -8  -8  -7  -4  -6  -8  -7  -8    1   1   3   4   0   2   7  79   0   0   0   2   0   0   0   1   0   0   0   0  2.04 0.84
   79 L    -6  -5  -7  -8  -5  -6  -7  -8  -2  -1   5  -7   0   3  -8  -6  -6   3   5  -3    0   1   0   0   0   0   0   0   1   3  57   0   2  11   0   0   0   3  20   1  1.52 0.68
   80 I    -3  -7  -8  -8   0  -7  -7  -8  -8   5   3  -7  -2  -5  -7  -7  -4  -7  -6   6    2   0   0   0   2   0   0   0   0  29  21   0   0   0   0   0   0   0   0  45  1.53 0.66
   81 K    -1   2  -1  -1  -3   1   4  -4   0  -1  -3   1  -2  -4  -5   0   3  -5  -3  -1    5  13   3   2   0   6  25   0   2   3   2   7   1   0   0   7  17   0   1   5  0.43 0.32
   82 S    -6   8  -6  -7  -6  -5  -5  -7  -6  -5  -7  -1  -6  -9  -6  -1  -4  -9  -8  -6    1  87   0   0   0   0   0   0   0   1   0   4   0   0   0   5   1   0   0   0  2.72 1.08
   83 S    -1   2  -1  -2  -3   2   2  -3   0  -1  -3   1  -2  -3  -4   0   2  -4   1   1    4  13   3   1   1   9  15   1   2   4   2   8   1   1   0   6  13   0   5  11  0.28 0.25
   84 R    -4   8  -4  -6  -7   1  -5  -7  -2  -7  -7   1  -5  -6   0  -4  -4  -6  -6  -6    1  75   0   0   0   6   0   0   1   0   0   6   0   0   5   1   1   0   0   0  2.18 0.92
   85 A    -2  -1   1   5   0  -2  -3  -2   1  -4  -5   0  -5  -6  -3   5  -2  -6  -5  -5    3   3   6  29   2   1   1   3   3   1   1   5   0   0   1  38   1   0   0   1  0.93 0.54
   86 T     1   0  -2   0  -3   0   3  -3  -2  -3  -3   1  -3  -5   4   0   1  -5  -5  -2   11   4   1   5   0   4  19   1   1   1   3   9   0   0  21   8   8   0   0   3  0.48 0.33
   87 N     1   0   1   2  -5   1   4  -1   1  -3  -4   1  -3  -5  -4   0   1  -4  -4  -2   10   4   6  13   0   7  25   4   3   1   1   8   0   0   0   7   7   0   0   3  0.42 0.30
   88 D    -8  -8   1   9 -10  -6  -4  -7  -7  -9 -10  -7  -9 -10  -8  -5  -7 -10  -5  -9    0   0   7  91   0   0   1   0   0   0   0   0   0   0   0   1   0   0   1   0  3.06 1.16
   89 E    -2   5  -4  -2  -8  -1   6  -4  -5  -7  -6   1  -6  -6  -6  -4  -5  -8  -6  -7    3  32   0   2   0   3  48   1   0   0   0   9   0   0   0   1   0   0   0   0  1.58 0.75
   90 R    -8   9  -3  -8 -10  -5  -6  -9  -6  -9  -8   0  -8  -9  -8  -7  -7  -9  -8  -9    0  95   1   0   0   0   0   0   0   0   0   4   0   0   0   0   0   0   0   0  3.22 1.21
   91 V    -1   1  -2  -4  -4   3   0  -4  -3   0  -3   0  -1  -4  -5   1  -1  -5  -4   5    5   9   2   0   0  12   7   1   0   5   1   5   1   0   0  11   3   0   0  36  0.56 0.39
   92 V    -5  -2  -4  -7  -4  -4  -7  -7  -7   2   0  -2  -1  -3  -7  -3  -1   1  -2   7    0   2   1   0   0   1   0   0   0   9   9   3   1   1   0   2   4   2   1  64  1.37 0.64
   93 L    -2   3   1  -2  -2   0   0  -4   2   1   1  -1   0   0  -5  -2  -2   0   3   0    2  17   6   2   1   4   6   0   6   9  16   4   2   3   0   2   2   1  10   7  0.25 0.21
   94 W    -3  -7  -8  -8  -4  -7  -7  -8  -7   5   2  -7  -2   1  -7  -5  -5  -2  -2   5    1   0   0   0   0   0   0   0   0  34  19   0   0   5   0   1   0   1   1  38  1.39 0.61
   95 S     1   2  -1  -2  -1   0   1  -1   2  -4  -4   0  -2   0  -4   3   2  -2   2  -1    9  11   2   1   1   3  10   3   5   0   1   5   1   4   0  20  11   0   7   4  0.28 0.25
   96 L    -5  -8  -7  -9  -4  -7  -8  -8  -8   0   7  -8  -2  -4  -4  -7  -5  -7  -6  -2    1   0   0   0   0   0   0   0   0   4  91   0   0   0   1   0   0   0   0   2  2.20 0.89
   97 T    -5  -6  -5  -6  -5  -5  -6  -7  -6  -6  -5  -5  -6  -8  -7  -1   8  -8  -7  -6    1   0   0   0   0   0   0   0   0   0   1   0   0   0   0   5  91   0   0   0  2.73 1.14
   98 E     0  -2  -2   4  -6   0   5  -3  -2  -6  -6   1  -5  -7   3  -2  -3  -6  -5  -5    8   2   1  22   0   3  34   2   1   0   0   7   0   0  14   3   2   0   0   1  0.92 0.51
   99 K     2   1  -3  -1  -6   2   3  -4  -1  -5  -3   5  -3  -5  -4  -1  -2  -7  -4  -5   19   6   1   3   0   9  16   1   2   1   3  34   0   0   1   3   2   0   0   0  0.76 0.46
  100 A    -1  -8  -6  -7  -5  -7  -8   8  -8  -9  -9  -7  -8  -7  -8  -4  -5  -8  -8  -8    5   0   0   0   0   0   0  92   0   0   0   0   0   0   0   1   1   0   0   0  2.68 1.03
  101 V    -1   5  -2  -2  -4   2   2  -5   0  -2  -2   3  -1  -5  -5  -2  -2  -1  -4  -2    5  34   1   2   0   8  11   1   2   2   4  19   1   0   0   2   3   1   0   3  0.73 0.42
  102 P     4   0  -1   0  -5   1   2  -3  -2  -4  -1   1  -3  -5   0   0  -2  -6  -4  -2   33   6   3   5   0   6  16   2   1   1   5   8   1   0   4   5   2   0   0   3  0.43 0.32
  103 V     1  -5  -6  -7  -4  -5  -6  -5  -5   2   5  -4   3  -3  -6  -5  -4  -4  -4   1   12   0   0   0   0   0   0   1   0  10  59   1   6   1   0   0   1   0   0   8  1.16 0.55
  104 A     0   5  -2  -3  -1   2   0  -4  -1  -2  -2   3  -3   1  -4  -2  -3  -2   3  -3    8  27   2   1   2   8   7   1   1   2   3  16   1   5   0   2   1   1  12   1  0.58 0.35
  105 K     1   2   0   1  -3   2   4  -2   1  -3  -3   2  -3  -3  -2  -1  -1  -3  -3  -3   12  11   3   9   0   8  24   2   3   1   2  10   0   1   2   5   4   0   1   2  0.39 0.27
  106 E     0   2  -2  -1  -4   3   3  -3   2   0  -2   3  -2  -4  -2  -2  -2  -3  -3  -1    7  13   1   3   0  13  18   2   4   6   5  15   1   1   2   2   2   0   1   4  0.37 0.26
  107 H     5  -4  -4  -5   0  -4  -5  -3   7  -1  -1  -4  -1  -4  -5  -2  -2  -6  -4   1   48   1   0   0   2   1   0   1  21   4   5   1   2   0   0   2   2   0   0   8  1.16 0.58
  108 A     2   1  -1   0  -1   0   2  -1   0  -2   0   1  -1  -3   0   0  -1  -2  -2  -1   17   8   2   5   2   5  17   4   3   2   9   7   1   1   4   5   3   0   1   4  0.14 0.15
  109 T     1   1  -1   2   3   2   2  -1   3  -3  -3   1  -3  -4   0   0  -1  -4  -3  -3   11   8   3  11   6   8  12   5   6   1   2  10   0   0   4   6   3   0   1   1  0.28 0.21
  110 H    -3  -6  -6  -6  -4  -5  -5  -7   1   5   2  -5   1   3  -6  -5  -4  -4  -2   4    2   0   0   0   0   0   1   0   3  34  16   1   3  11   0   1   1   0   1  26  1.09 0.50
  111 H    -3  -2  -3  -5  -5   0  -5  -2   7  -4  -3  -3  -2  -3   7  -3  -3  -3  -3  -4    2   3   1   1   0   4   1   3  22   1   4   1   1   1  48   2   2   0   1   1  1.56 0.73
  112 E     1   1   0   1  -1   2   3   0   1  -4  -3   1  -1  -4   1  -1  -1  -4  -3  -2   13   9   4   7   1   8  17   6   3   1   3  10   1   1   6   4   3   0   1   2  0.24 0.20
  113 K     1   2  -1   0   3   3   2  -2   0  -1  -3   2  -1  -4  -3  -1   0  -4  -3  -2   13  11   2   4   6  12  14   3   2   4   3  13   2   0   1   3   5   0   0   3  0.29 0.23
  114 T    -2  -4  -5  -6  -4  -4  -6  -4  -3   4   2  -5   6   1  -6  -4  -1  -2  -4   3    3   1   0   0   0   1   0   2   1  20  21   0  21   6   0   1   4   1   0  17  0.90 0.45
  115 L     1  -1  -2  -3  -1   1  -1   0  -1   1   2  -2   1   0  -2  -1  -1  -2  -1   2   14   3   2   1   1   6   3   6   1   8  20   2   4   4   1   5   3   0   2  14  0.14 0.14
  116 S     1   0   1   1   6   1   3  -1  -1  -5  -5   1  -4  -5  -4   0  -2  -5  -4  -4   13   5   7   8  14   5  22   5   1   0   1   7   0   0   1   7   3   0   0   1  0.54 0.34
  117 T     3   2  -1  -2   3   0  -2  -1   0  -2  -1   0  -1  -2  -3   0  -1  -4  -1   1   24  13   2   2   7   4   2   3   2   2   5   6   2   2   1   6   4   0   2  10  0.23 0.19
  118 Y    -1  -2  -1   0   0  -1  -2  -3   0   1   2  -2   2   1  -3  -1   2  -1   2   1    4   2   3   5   2   2   2   2   3   8  20   2   5   5   1   4  15   1   7   8  0.18 0.14
  119 Q    -1   1   2   2  -1   1   1   0  -1  -1  -1   1  -1  -1  -1   0  -1  -1  -1  -1    6   6  10  11   1   7   9   8   1   3   6  11   1   2   3   5   4   1   2   3  0.11 0.06
  120 E     1   0   0   0   0   1   2  -1   0  -1  -1   0   0  -1  -1   0   0   0  -1   0   11   5   4   6   2   7  14   5   2   4   6   6   2   2   3   7   4   1   2   6  0.06 0.04
  121 L     0   0  -1   0   1   0   0  -1   0   1   1  -1   0   0   0   0   0  -1   0   1    8   4   3   5   3   3   4   4   4   8  13   3   3   3   5   5   6   1   3  11  0.01 0.01
  122 G     0  -1  -2  -2  -1  -1  -2  -1  -2   1   3  -2   1   2  -1  -1   0  -1  -1   0    7   3   2   2   1   2   3   4   1   8  29   3   3  10   3   4   6   1   2   6  0.18 0.09
  123 N     1   0   0   1  -1   0   2   0  -1  -2  -2   1  -2  -2  -1   2   0  -2  -2  -2   15   6   4   7   1   4  12   6   1   2   4   8   1   2   2  15   5   0   1   3  0.16 0.11
  124 K    -1  -1   2   1  -1   1  -1   5   0  -5  -4   0  -4  -5  -1  -1  -2  -4  -4  -3    5   3   8   7   1   7   5  41   2   1   2   5   0   1   3   5   3   0   1   2  0.65 0.35
  125 F    -5  -5  -6  -6   1  -5  -5  -6  -5   1   5  -6   5   5  -6  -6  -5  -1  -1   0    1   1   0   0   3   0   1   1   0   6  43   0  11  22   0   1   1   1   2   5  1.21 0.54
  126 T    -2  -4   1   3  -5  -3   0  -3  -4  -5  -5  -2  -4  -6  -1   4   4  -6  -5  -5    2   1   5  15   0   1   5   2   0   1   1   2   0   0   4  32  26   0   0   1  0.88 0.54
  127 D     0  -1  -2   2  -5   0   3  -3  -1  -1   0   0  -1  -4   3  -1  -2  -4  -4  -1    8   4   1  12   0   4  21   2   1   3   8   6   2   1  15   3   3   0   1   5  0.35 0.27
  128 E     1  -3  -1   4  -6   1   6  -3  -3  -6  -6  -1  -5  -7  -2  -1  -2  -7  -6  -5   10   1   2  19   0   5  44   3   1   0   1   4   0   0   2   4   3   0   0   1  1.05 0.58
  129 E    -3  -3  -4   2  -8   3   7  -5  -4  -7  -5  -3  -6  -6  -6  -5  -4  -8  -7  -7    2   1   1   9   0  10  68   1   0   0   1   2   0   0   0   1   1   0   0   0  1.89 0.91
  130 Q     1   0  -5  -4  -3   0  -2  -4  -3   2   3  -1   1   3  -5  -3  -2   1   0   1   10   5   0   1   0   5   3   1   0  12  25   3   4  12   0   1   2   2   3  10  0.38 0.26
  131 E     1   1  -1   2  -4   2   3  -2  -1  -1  -2   1   0  -3  -3  -1   0  -5  -3   0   14   6   3  10   0   8  18   3   1   4   4   8   2   1   1   3   4   0   1   6  0.23 0.21
  132 V     2   0  -2   0  -4   3   1  -3  -1   0  -1  -1  -1  -2  -4   0   2  -6  -4   1   15   5   2   5   0  16  10   2   1   5   5   3   1   2   0   6  12   0   0   9  0.28 0.26
  133 I    -5  -8  -8  -9  -5  -8  -8  -9  -8   1   6  -8   3   2  -9  -7  -5  -5  -5  -2    1   0   0   0   0   0   0   0   0   6  73   0   7   8   0   0   1   0   0   3  1.85 0.83
  134 S    -3   4   0  -4  -2   1  -1  -4   2   1   0   3   1  -4  -6  -2  -1  -6   0  -1    2  24   4   1   1   6   3   1   4   9   9  18   3   1   0   3   4   0   3   4  0.47 0.33
  135 K     0   3   0   2  -4   1   1  -1   1  -5  -5   2  -3  -5  -4   1   0  -6  -4  -4    9  15   5  12   0   7   9   6   4   1   1  13   0   0   1  11   5   0   0   1  0.41 0.31
  136 F     1  -1  -2  -2  -1   1   0  -1  -3   0   2  -2   1   2  -4   0   1  -4  -1  -1   10   4   1   2   1   8   5   4   0   5  21   2   4   9   0   7  10   0   2   3  0.17 0.18
  137 L    -4  -7  -7  -9   0  -8  -9  -9  -6   1   6  -7   2  -2  -9  -6  -5  -7  -3   1    2   0   0   0   2   0   0   0   0   7  74   0   4   1   0   1   1   0   1   8  1.75 0.80
  138 S    -1   2   1   2  -4   2   2  -2   2  -3  -3   1  -1  -4  -5  -1   1  -2   0  -2    4  12   8  13   0   9  13   3   6   1   3   7   2   1   0   4   8   1   3   3  0.30 0.25
  139 A     0   4   1  -1  -5   2   0  -3   0  -4  -4   5  -4  -7  -6  -2   0  -6  -5  -3    7  24   6   3   0   7   5   2   2   1   2  31   0   0   0   3   5   0   0   2  0.80 0.49
  140 L    -5  -7  -8  -9  -5  -7  -8  -9  -8   3   5  -8   4   1  -8  -6  -5  -2   0   1    1   0   0   0   0   0   0   0   0  17  53   0   9   5   0   0   0   1   4  10  1.41 0.67
  141 T    -1   3   2  -3  -3  -2  -2  -4   0   2   2  -1   0  -3  -5   0   1  -3  -1   0    5  18   9   1   0   1   3   1   3  12  17   3   2   0   0   6   9   0   2   7  0.29 0.25
  142 E     1   1   1   4  -4   2   2   0   0  -5  -5   1  -4  -6  -5   0   0  -7  -5  -4   13   7   7  21   0   7  15   6   3   0   0   8   0   0   0   5   5   0   0   1  0.51 0.36
  143 E     0   2   5  -2  -4   1   0  -3   4  -3  -4   1  -2   2  -5  -1  -1  -3  -1  -3    7   9  24   2   0   6   7   2   8   2   1   7   1  10   0   4   4   0   2   2  0.49 0.35
  144 F    -7  -8  -9  -9  -7  -8  -8  -9  -8   2   6  -8   3   4  -9  -8  -7  -7  -5  -1    0   0   0   0   0   0   0   0   0  10  67   0   6  14   0   0   0   0   0   3  1.79 0.79
  145 Q    -6   4  -5  -5  -8   4   5  -7   4  -8  -7   4  -6  -8  -6  -5  -6  -7  -6  -7    0  20   0   0   0  16  30   0   9   0   0  25   0   0   0   0   0   0   0   0  1.45 0.71

                      K         Lambda
Standard Ungapped    0.1242     0.3108
Standard Gapped      0.0592     0.2670
PSI Ungapped         0.1934     0.3175
PSI Gapped           0.0592     0.2670
