
Last position-specific scoring matrix computed, weighted observed percentages rounded down, information per position, and relative weight of gapless real matches to pseudocounts
            A   R   N   D   C   Q   E   G   H   I   L   K   M   F   P   S   T   W   Y   V   A   R   N   D   C   Q   E   G   H   I   L   K   M   F   P   S   T   W   Y   V
    1 M    -2  -3  -4  -4  -3  -2  -3  -4  -3   0   1  -3   9  -1  -4  -3  -2  -3  -2   1    0   0   0   0   0   0   0   0   0   0   0   0  88   0   0   0   0   0   0  12  1.22 0.27
    2 A     2  -3  -1   0  -3  -2  -1   5  -2  -3  -3  -2  -3  -3  -2   0  -1  -3  -3  -3   22   0   0   5   0   0   4  61   0   0   2   0   0   0   0   3   2   0   0   0  0.70 0.12
    3 H    -1   0  -1  -2  -4  -2  -2   5   6  -5  -4  -1  -3  -3  -3  -1  -3  -4  -2  -4    4   4   0   0   0   0   0  57  33   0   0   2   0   0   0   0   0   0   0   0  1.01 0.23
    4 E     0  -3   1   0  -4  -2  -2   6   2  -5  -5  -2  -4  -4  -3  -1  -2  -4  -3  -4    5   0   6   5   0   0   1  75   8   0   0   0   0   0   0   0   0   0   0   0  1.08 0.23
    5 H    -3  -2   0   1  -5  -1  -2   2   9  -5  -4  -2  -2  -3  -4  -2  -3  -4  -1  -3    0   0   2   9   0   0   0  18  69   0   0   0   1   0   0   0   0   0   0   2  1.42 0.35
    6 G     0  -3  -1   1  -3  -1  -1   6  -1  -4  -4  -2  -3  -4  -3   0  -2  -3  -3  -3    3   1   0   7   0   2   4  70   2   1   1   1   0   0   1   7   1   0   0   1  0.94 0.22
    7 H    -1   0  -1   1  -3  -1  -1   3   7  -4  -3  -1  -3  -3  -1  -1  -2  -3  -1  -3    3   6   1  10   0   0   1  25  41   1   1   3   0   0   3   1   1   0   0   1  0.70 0.21
    8 E    -1  -2  -1   1  -3  -1   2   4   5  -2  -3  -2  -3  -3  -3  -1  -2  -3  -2  -3    1   1   1   7   0   0  18  39  20   4   3   1   0   0   1   1   1   0   0   1  0.57 0.19
    9 H    -2  -1  -1   2  -3  -1  -1   0   9  -4  -3   0  -3  -3  -3  -1  -2  -3  -1  -3    2   3   1  12   0   1   2   6  58   1   1   5   0   1   1   5   1   0   1   1  1.12 0.32
   10 G    -1  -2  -1  -1  -3  -1   0   4   6  -1  -1  -1  -2  -2  -3  -1  -1  -3  -1  -1    2   1   1   3   0   1   7  36  25   4   7   3   0   1   1   3   2   0   0   4  0.50 0.21
   11 H    -1  -1  -1   0  -2   0   1   1   7  -3  -3  -1  -3  -3   3   0  -2  -3  -1  -2    3   2   2   5   1   3  10  11  33   1   2   2   0   0  14   5   1   0   1   3  0.56 0.23
   12 H     0   0  -1  -1  -3   0   3  -1   3  -2  -3   0  -2  -1   3   1  -1  -4  -2  -2    9   3   1   2   0   1  27   4   8   2   1   4   0   3  15  14   2   0   0   3  0.34 0.18
   13 K    -2  -1  -2  -1  -2  -2  -1  -1  -2  -3  -2   4  -2  -3   6  -1  -1  -5  -4  -3    1   2   1   3   1   0   2   4   1   1   4  34   1   1  41   2   2   0   0   1  0.94 0.33
   14 M    -3  -3  -4  -4  -4   0  -3  -4  -1  -1  -1  -3   4   3   4  -1  -3   4   5  -1    0   0   0   0   0   4   0   0   1   4   3   0  15  15  25   4   0   6  22   2  0.77 0.31
   15 E    -1   0   3  -1  -4   1   3  -2  -1  -3  -4   4  -3  -4  -1  -1   1  -4  -1  -2    3   1  20   1   0   3  19   1   1   1   0  32   0   0   3   1  11   0   3   2  0.47 0.25
   16 L    -2  -4  -4  -3   1  -4  -4  -5  -4   5   1  -2   0  -1  -3  -3   0  -4  -1   3    1   0   0   1   3   0   0   0   0  48  13   3   0   1   1   0   4   0   2  24  0.66 0.28
   17 P    -1  -4  -3  -4  -5  -3  -3  -4  -4  -5  -5  -3  -4  -6   8  -1   2  -6  -5  -4    4   0   1   0   0   0   1   0   0   0   0   0   0   0  74   3  17   0   0   0  1.99 0.54
   18 D    -3  -3   2   5  -5  -2  -1   2   4  -5  -5   0  -4  -5  -2   1  -2  -5  -3  -5    0   0  10  46   0   0   0  15  11   0   0   6   0   0   1  11   0   0   0   0  0.83 0.34
   19 Y     0  -4  -4  -5  -2  -4  -4  -4   2  -1  -3  -4  -3   4   1  -2  -3   7   7  -3    9   0   0   0   1   0   0   0   5   3   0   0   0  14   8   3   0  15  43   0  1.19 0.44
   20 R    -2   4   0   2  -2   1  -1  -3  -2  -4  -4   4  -3  -4  -3   2   1  -5  -3  -4    1  23   3  11   1   4   1   0   0   0   0  29   0   0   0  18   9   0   0   0  0.58 0.30
   21 Q    -2  -1  -2  -1  -2   4   0  -4  -3   4  -1   0  -1  -2  -2  -1   1  -4  -3   0    2   1   1   3   0  22   4   0   0  38   1   5   0   1   1   4  11   0   0   4  0.39 0.27
   22 W    -3  -1  -4  -4  -2  -3  -4  -2   0  -3  -3  -3   0   4  -2  -1  -2   7   7  -3    1   3   0   0   1   0   0   3   1   0   1   0   3  14   2   6   2  15  46   0  1.18 0.41
   23 K    -1   0   3   0  -1   0  -1  -3  -2  -4  -4   6  -3  -4  -3  -1   1  -4  -3  -3    3   2  16   3   1   3   0   1   0   0   1  57   0   0   0   3   7   0   0   0  0.78 0.35
   24 I    -1   1  -3  -3  -2  -1  -3  -4   2   4   1  -2  -1   0  -3  -2  -2   0  -1   3    5   8   0   0   0   2   1   1   7  32   8   2   0   4   0   1   0   1   1  27  0.37 0.22
   25 E     0  -1   0   2  -3   1   5  -2  -2  -3  -3   0  -3  -4  -2  -1   2  -4  -3  -2    8   2   3  10   0   6  44   2   0   0   1   3   0   0   0   2  18   0   0   1  0.59 0.28
   26 G    -1  -2   2   3  -2  -2   0   3   4  -2  -3  -2  -3   0   0  -1  -2  -3  -1  -3    3   1   9  21   1   0   4  31  13   2   1   1   0   5   4   2   1   0   1   1  0.46 0.22
   27 T     1  -3  -1  -2   1  -2  -1  -3  -3   1  -2  -2  -1   2   3   0   2  -3  -2   1   12   0   2   0   3   0   3   1   0   8   1   0   0  12  18   5  19   0   0  15  0.30 0.19
   28 P    -2  -3  -2   2  -4  -1   0  -1  -2  -3  -4  -1  -2  -2   6  -1  -2  -4  -3  -2    3   1   0  14   0   3   7   6   1   2   1   2   1   2  51   3   1   0   0   3  1.05 0.34
   29 L    -2  -3  -1  -3  -3  -3  -3  -4  -1   1   4  -3   1  -1   2  -1  -2  -3  -1   0    2   0   3   0   0   0   1   1   2   4  57   1   1   1  10   7   1   0   2   7  0.51 0.26
   30 E    -1   0  -2  -1  -3   1   3  -3  -2  -1  -1   2   3  -1  -3  -1  -1  -1  -2   1    5   4   0   3   0   7  23   0   0   2   3  17  11   3   0   2   2   1   0  15  0.27 0.21
   31 T     1   2   1   0  -1   1   1  -2   2  -2  -2   2   0  -3  -2   0   2  -1   0  -2   12  15   7   4   1   4   8   0   7   2   1  15   2   0   0   2  15   1   3   2  0.22 0.16
   32 I     0  -3  -3  -4  -3  -3  -3  -4   4   0   1  -3   3   1  -1  -2  -1   0   1   4    9   0   0   0   0   0   0   0  12   2  11   0  11   5   3   0   4   1   4  36  0.41 0.26
   33 Q     1   2   0  -2  -4   5   2  -3  -1  -3  -2   1  -2   1  -3  -1  -1  -3  -2  -1   11  10   4   0   0  32  14   0   1   0   4   9   0   7   0   1   2   0   0   4  0.43 0.27
   34 K     0   2   0   0  -2   1   1  -3  -2  -2  -3   5   0  -4  -3   0  -1  -4  -3  -3    9  13   3   6   1   4  11   0   0   2   2  41   2   0   0   5   2   0   0   0  0.52 0.28
   35 K     2   4  -1  -2  -4   3   0  -3  -2  -3  -2   2  -1  -3  -3  -1  -1  -4  -1  -3   23  25   1   1   0  13   6   0   0   1   3  15   1   1   0   3   3   0   2   1  0.46 0.28
   36 L     2  -4  -4  -4  -3  -1  -4  -4  -1   0   5  -2   3  -2  -4  -1  -3  -4  -3  -1   18   0   0   0   0   3   0   0   1   2  56   2   7   0   0   5   0   0   0   3  0.72 0.36
   37 A     5  -1  -2  -2  -1   0  -2   0  -3  -4  -3   0  -3  -4   0   1   1  -5  -4  -2   52   2   1   2   1   3   2   7   0   0   2   6   0   0   4   8   9   0   0   1  0.61 0.35
   38 A     2   2  -1  -3  -2   1  -2   3  -1  -1  -3   1  -3  -4   0   0  -1  -4  -2  -2   22  11   2   0   1   8   2  28   1   3   1   7   0   0   4   4   2   0   1   2  0.38 0.23
   39 K    -1   2  -1  -1  -3   2  -1   1   0   0  -2   1  -1  -2   3  -1   0  -3  -2   0    2  14   2   2   0   9   3  12   2   6   4  12   1   1  13   3   7   0   1   6  0.19 0.13
   40 G    -1   0   1  -1  -4  -2  -2   5   2  -2  -2  -1  -2  -4   2  -1  -1  -4  -2  -2    4   6   9   2   0   1   1  42   5   2   3   2   1   0  12   2   4   0   1   2  0.55 0.23
   41 L    -1   0  -2  -2  -2  -1  -1  -2  -2   1   2  -1   2   0  -1   0   1  -2   1   0    4   8   1   1   0   2   2   3   0   7  32   4   5   3   2   7   9   0   6   2  0.10 0.08
   42 R     0   2   0  -1   0   0   1  -1   0  -2  -2   2  -1  -2   0   0  -1   4   0  -1   12  11   4   1   2   3   7   4   3   1   2  24   0   1   3   5   3   9   4   3  0.20 0.07
   43 D    -1  -1   1   4  -2   0   2  -1   1  -3  -3   0  -2  -3  -1   1  -1  -3  -2  -2    1   1   7  43   0   1  16   1   6   1   2   1   0   1   1  13   1   0   1   1  0.42 0.05
   44 P    -1  -1   1  -1  -2  -1  -1  -2  -1  -1   0   0  -1   2   5  -1  -1  -1   1  -1    2   1  10   1   0   1   1   1   0   1  15   8   0  14  31   1   1   0   8   1  0.37 0.05
   45 W    -1  -2  -2  -2  -2  -2  -2  -2  -2   0   2  -2   0   3  -2  -2  -1   7   1  -1    2   1   1   1   0   1   2   2   1   1  27   1   1  26   1   2   1  25   1   2  0.45 0.02
   46 G     1   0  -2  -2  -2   0   0   2  -2   0  -1   1   2  -2  -2   0   0   2  -2  -1   18   4   0   0   0   4   7  18   0   5   5  11  10   0   0   4   4   4   0   4  0.14 0.14
   47 R    -1   5   0  -2   2   1   0  -3   2  -4  -3   2  -3  -3   0   0  -2   3  -2  -3    6  41   5   0   5   5   5   1   5   0   1  11   0   0   5   5   0   4   0   0  0.55 0.30
   48 N     0   0   1   0  -2   1  -1   0   2   0   0   0  -1   1  -2   0   0  -2   1   0    7   7   7   7   0   7   0   7   6   7   7   7   0   6   0   7   7   0   6   7  0.04 0.08
   49 E    -2  -1   1   1  -3   2   1  -2   3   0  -1   1   2  -1  -2  -1  -1  -2   2  -1    1   1  10  11   0  10  11   1  10  11   1  11  10   0   1   1   1   0  10   1  0.17 0.12
   50 A     3  -1  -1  -2   0  -1  -1  -2  -3   0  -2  -1  -2  -2  -3   0   0   4   0   3   28   2   2   2   2   2   2   1   0   4   1   2   0   0   0   6   3   6   3  31  0.31 0.23
   51 W    -4  -4  -4  -5  -4  -4  -4  -4   4  -4  -4  -4  -3   2   1  -4  -4  11   3  -4    1   1   1   1   0   0   1   1  10   1   1   1   0   7   7   1   1  58   8   1  2.34 0.63
   52 R    -1   5  -1  -3  -3   0  -1  -3   0   1   0   0   1  -3  -3  -1  -2  -4  -3  -1    6  45   3   0   0   2   4   1   2   9  12   3   4   0   0   3   0   0   0   4  0.52 0.28
   53 Y    -1  -2  -2  -4   0   0  -3  -4   0  -2  -2   0   0   5  -4  -2  -2  -1   6  -1    5   2   2   0   2   4   0   1   2   0   2   5   2  26   0   2   2   0  38   4  0.82 0.36
   54 M    -2  -1   1   3  -2   2   0  -3   5  -3  -2   0   2  -4  -2   0   1  -5  -3  -2    3   3   7  15   1   9   5   2  17   1   3   5   7   0   2   8  11   0   0   2  0.45 0.34
   55 G    -2   0  -1  -2  -1  -2  -2   3  -2  -3  -4   1  -5  -5   6  -1  -2  -5  -1  -2    3   6   3   2   1   2   2  21   1   1   1   8   0   0  35   5   2   0   2   3  0.76 0.45
   56 G    -1   1   0   0  -2   0   0   1   1   0  -1   1  -1  -2   2   0   0  -1  -2   0    2   9   5   4   1   4   6  10   4   6   4  12   2   1  12   7   4   1   1   7  0.12 0.12
   57 F    -2  -1   0  -2  -5   0  -1  -3  -1   0  -1  -2   1   7  -1  -3  -1  -3   1  -1    3   3   4   2   0   5   4   2   1   5   6   3   3  43   3   1   3   0   4   4  0.72 0.47
   58 A     0  -4  -1  -2  -1  -2  -3   0  -1  -3  -3  -1  -4  -2   2   3   4   1   0  -2    8   0   3   2   1   2   0   7   1   2   2   3   0   1  11  22  27   2   4   2  0.49 0.44
   59 K    -2   3   2  -2  -4   0  -1  -2   4  -2  -3   2   0  -2   3  -1   0   0  -1  -1    2  16  11   2   0   3   3   2  10   2   3  12   3   2  13   3   6   2   2   4  0.35 0.31
   60 S     0   2   1  -4  -4   0  -3  -1   1  -2  -2   0   1   2   0   0   0   7   0  -1    6  14   9   0   0   4   0   4   4   2   3   5   4   8   4   7   5  15   3   4  0.39 0.33
   61 V     0   0   2  -2  -3   2  -1   0   0  -1  -2   0   1   0   0   1  -1   2   1   0   10   6  12   1   0  12   2   6   2   4   2   4   5   3   5   9   3   3   5   8  0.12 0.19
   62 S    -2   5   0  -4  -5   0  -1  -2   0  -2  -1   0   3  -1  -2   0   0  -4   0  -2    2  35   5   0   0   4   3   2   3   2   5   5   8   2   2   8   7   0   4   2  0.50 0.40
   63 F    -1  -2  -2  -5   1  -2  -4  -2  -4   2   2  -4   1   5  -5  -2  -1   2   1   0    7   3   2   0   3   2   0   3   0  11  16   0   3  31   0   2   4   3   4   5  0.55 0.37
   64 S    -2   4  -2  -4  -4  -1  -3  -2  -2   0  -1   4   1   1  -3  -1  -1   4  -2  -1    3  24   2   0   0   2   0   3   1   5   5  25   4   5   1   4   3   6   1   4  0.46 0.32
   65 D    -1   1   3  -1  -1  -1   0   2   0  -2  -2   1  -1  -3  -3   1   0  -1   1  -1    3   9  17   3   2   1   5  14   2   3   4  11   2   0   0  10   4   1   5   4  0.18 0.17
   66 V     1  -2  -1  -3   2  -1  -3  -2   2   0   1  -1   3   2  -2   0   1  -3  -1   1   12   1   2   0   6   2   1   2   5   5  12   5  11   9   1   6  10   0   1   9  0.16 0.17
   67 F    -1  -2  -4  -4  -3  -3  -3  -2  -3   3   2  -2   2   4  -4  -2  -2   1   0   1    6   2   1   1   0   1   1   4   0  15  24   2   5  22   1   3   2   2   2   7  0.45 0.26
   68 F    -1  -1  -4  -5  -4  -4  -4  -2  -4  -2   1   0   0   7  -5  -2   1   2   0  -3    5   4   0   0   0   0   0   3   0   1  16   6   2  43   0   2  11   3   1   1  0.86 0.46
   69 K    -2   5  -1  -4  -3  -1  -4  -4  -2  -3  -5   2  -2  -3   6  -1  -3  -6  -1  -3    3  31   2   0   1   2   0   1   1   2   0  10   1   1  36   4   1   0   2   2  1.10 0.57
   70 G    -4   0  -4  -5  -6  -5  -5   7  -5  -7  -7  -2  -6  -6  -6  -2  -5  -6  -6  -6    0   6   0   0   0   0   0  85   0   0   0   3   0   0   0   3   0   0   0   0  2.14 0.87
   71 F    -2  -5  -6  -6  -5  -5  -6  -6  -5  -1   3  -5   2   7  -6  -5  -3   5   0  -1    3   0   0   0   0   0   0   0   0   2  31   0   5  40   0   0   1   9   2   3  1.30 0.59
   72 K    -3  -1  -3  -4  -5  -2  -3   4  -4  -3  -1   4  -1  -3   2  -2  -1   0  -3  -1    1   3   0   0   0   1   0  31   0   1   6  32   1   1  10   1   4   2   1   4  0.68 0.42
   73 W    -3  -4  -5  -5  -2  -3  -4  -4   2   4   1  -4  -1   1   1  -3  -1   7   3   0    2   0   0   0   1   1   0   1   6  25  15   0   1   5   8   1   5  15   9   5  0.71 0.39
   74 G     3  -3  -4  -5   1  -5  -3   6  -5  -6  -6  -5  -5  -6  -5  -3  -4   1  -2  -5   25   1   0   0   3   0   1  64   0   0   0   0   0   0   0   0   0   2   2   0  1.52 0.67
   75 F    -1  -5  -5  -5   0  -5  -5  -5  -4   2   3  -5  -2   5  -5  -2   1  -3   0   2    4   0   0   0   2   0   0   0   0  10  25   0   0  28   0   3  10   0   2  15  0.69 0.39
   76 A     4  -4  -4  -4   0  -4  -4   2  -4   0  -2  -4  -3  -2   2  -2  -2  -5  -4   3   35   0   0   0   2   0   0  19   0   5   4   0   0   2   9   1   1   0   0  22  0.59 0.37
   77 A     5  -4  -5  -5  -3  -4  -4  -3  -4   0   2  -4   1   0  -4  -2  -2  -4  -1   0   53   0   0   0   0   0   0   1   0   5  23   0   3   3   0   2   1   0   2   5  0.82 0.47
   78 F     3  -5  -5  -5  -4  -5  -5  -2  -5  -2  -1  -5  -1   7  -5  -3  -1  -3  -1   0   26   0   0   0   0   0   0   3   0   2   4   0   2  52   0   1   3   0   0   6  1.28 0.58
   79 V     2  -4  -4  -4  -2  -4  -4   1  -4   1   1  -4   0  -1  -4  -1   1  -4  -2   4   23   0   0   0   1   0   0  11   0   7  12   0   1   2   0   3   7   0   1  30  0.44 0.30
   80 V     2  -4  -4  -5  -3  -4  -4   1  -5   2   1  -4   1  -3  -4  -1   0  -5  -4   3   23   0   0   0   0   0   0  10   0  13  15   0   3   0   0   2   5   0   0  28  0.50 0.32
   81 A     1  -4  -4  -5  -4  -2  -4  -3  -2  -2  -1  -4   1  -1  -5  -2   4  -3   6   1   11   0   0   0   0   1   0   2   1   2   6   0   3   1   0   1  28   0  34   9  0.87 0.48
   82 V    -1  -5  -3  -5   5  -4  -5  -5  -5   4   1  -4  -1  -3  -4  -1   0  -1  -1   4    5   0   1   0  11   0   0   0   0  29  13   0   1   0   0   5   4   1   2  27  0.69 0.36
   83 G     3  -3  -3  -4  -1  -3  -4   3  -4   1   0  -3  -2   0  -4  -2  -1  -4  -3   1   34   1   0   0   1   0   0  25   0  11   7   0   0   4   0   1   4   0   0  12  0.49 0.32
   84 A     2  -4  -4  -4   1  -2  -3  -1  -3   3   1  -4  -2   0  -4  -3  -2   3   4   2   21   0   0   0   3   1   1   5   0  16  11   0   0   2   0   0   1   4  19  15  0.45 0.30
   85 E    -3  -3  -2   3  -6   0   7  -5  -1  -2  -5  -2  -5  -6  -4  -2  -2  -6  -5  -4    1   0   1  15   0   3  68   0   1   3   0   1   0   0   0   1   3   0   0   1  1.41 0.62
   86 Y     0   0   1  -1  -4   2   2  -3   3  -4  -3   3  -1  -1  -3  -1   0  -1   4  -3    6   2   7   2   0   9  13   0   7   0   2  20   1   2   0   3   7   1  17   0  0.41 0.28
   87 Y     1  -3  -3  -4  -3  -1  -3   0  -2   0   1  -2   1   3  -4  -2  -1   1   4   0   15   0   0   0   0   3   0   9   0   4  12   1   5  16   0   2   4   2  18   8  0.34 0.24
   88 L    -2  -1  -4  -5  -4  -4  -4  -4  -1  -1   2  -4  -1   5  -5  -2  -1   1   5   0    2   3   0   0   0   0   0   1   1   2  23   1   1  26   0   2   4   2  26   6  0.79 0.39
   89 E    -1  -2   1   1  -3   0   1   1   1  -2   1   0   1  -1  -1   1   0  -1  -2  -2    2   0   7   9   0   4  12  12   4   1  15   7   5   2   2  10   4   1   1   1  0.11 0.13
   90 S     0   0  -1  -2  -4   0  -1  -2   1   0  -3   3  -2  -2   0   2   0  -1   3  -2    5   3   1   1   0   4   4   2   4   7   2  23   0   1   5  19   4   1  12   1  0.29 0.26
   91 L     0  -1  -1   2  -3   1  -1  -1  -1  -1   0   0   1   1   0   0  -1   5   0  -1    7   2   1  15   0   9   2   4   1   4   9   7   4   7   5   5   3   9   3   3  0.15 0.14
   92 N    -2   0   4   1  -4   0  -1  -2   1  -4  -4   3  -4   0  -3   1  -1  -2   3  -3    2   3  21   6   0   4   4   2   3   0   1  21   0   4   1  12   3   0  13   1  0.47 0.32
   93 K    -2  -2   0   0  -5  -1  -2  -1   6  -2  -4   4  -4  -4   3   1  -2  -5   1  -3    2   1   4   5   0   1   2   4  20   2   1  29   0   0  14   9   2   0   4   1  0.69 0.41
   94 D    -1  -3  -1   4  -5  -1   1   4   3  -6  -6   1  -5  -5   0   0  -3  -1  -3  -4    3   0   2  23   0   2  10  30   8   0   0   8   0   0   6   5   1   1   0   1  0.66 0.38
   95 K    -2  -1  -3   2  -6  -2   2  -1   7  -5  -5   4  -4  -2  -1   0  -3  -5  -3  -3    3   1   0  10   0   0  11   5  30   0   0  25   0   2   3   6   1   0   0   2  0.86 0.47
   96 K     0  -2  -1   1  -5  -1   0   3   6  -5  -4   2  -4  -4  -3   1  -2  -5   0  -4    7   0   1   6   0   2   6  23  25   0   1  15   0   0   0   8   2   0   3   1  0.67 0.38
   97 H    -6  -4  -2  -3  -7  -3  -3  -1  11  -8  -7  -3  -6  -6  -6  -2  -6  -7  -3  -7    0   0   2   1   0   1   2   4  87   0   0   1   0   0   0   2   0   0   0   0  3.17 1.03
   98 H    -6  -5  -4  -5  -7  -4  -4  -6  11  -8  -7  -5  -6  -6  -7  -5  -6  -7  -2  -8    0   0   0   0   0   0   0   0 100   0   0   0   0   0   0   0   0   0   0   0  3.91 1.08

                      K         Lambda
Standard Ungapped    0.1368     0.3207
Standard Gapped      0.0489     0.2670
PSI Ungapped         0.1596     0.3171
PSI Gapped           0.0489     0.2670
