
Last position-specific scoring matrix computed, weighted observed percentages rounded down, information per position, and relative weight of gapless real matches to pseudocounts
            A   R   N   D   C   Q   E   G   H   I   L   K   M   F   P   S   T   W   Y   V   A   R   N   D   C   Q   E   G   H   I   L   K   M   F   P   S   T   W   Y   V
    1 M    -2  -2  -3  -4  -2  -2  -3  -4  -3   2   3  -2   5   0  -3  -2  -1  -2  -1   1    0   0   0   0   0   0   0   0   0  10  46   0  43   0   0   0   0   0   0   0  0.43 0.04
    2 M    -1  -1  -1  -1  -2   0   1  -2  -2   0   1   0   3  -1  -2   1   2  -3  -2   0    0   0   0   0   0   0  14   0   0   0  17   9  24   0   0  14  22   0   0   0  0.15 0.03
    3 I     1  -3  -3  -3  -1  -2  -2  -3  -3   2   2  -2   1  -1  -3   1  -1  -3  -1   2   15   0   0   0   0   0   0   0   0  14  30   0   2   0   0  14   0   0   1  24  0.23 0.07
    4 T     0  -1   0   0  -2   2   3  -2  -1  -2  -3   0  -1  -2   0   2   2  -3  -2  -1    7   0   3   2   0  11  27   0   0   1   0   0   1   1   2  22  19   0   0   5  0.31 0.09
    5 I    -5  -5  -6  -6  -4  -4  -5  -5  -5  -2  -4  -5  -3  -1  -6  -5  -3  13   0  -3    0   0   0   0   0   0   0   0   0   2   0   0   0   0   0   0   1  95   0   1  3.50 0.40
    6 P     0  -2   2  -1  -2  -1  -1  -1  -2  -4  -4  -1  -3  -4   1   5   1  -4  -3  -3    0   0   8   0   0   0   0   2   0   0   0   0   0   0   5  78   7   0   0   0  0.79 0.21
    7 Y     0  -3  -3  -3  -3  -2  -2  -2  -2   1   0  -2  -1   0   6  -1   0   0   0   0   11   0   0   0   0   0   0   2   1   9  11   0   1   5  42   3   4   1   5   5  0.63 0.11
    8 T     0   0   1  -1  -3   3   0  -1  -1  -3  -2   3  -1  -3  -2   2   2  -4  -3  -2    3   0   8   0   0  16   0   2   0   0   2  31   0   0   1  21  16   0   0   1  0.34 0.11
    9 I    -1  -3  -2  -3  -2  -3  -3  -4  -4   4   0  -2   0  -2  -3  -2   1  -4  -2   5    0   0   1   1   0   0   0   0   0  28   0   1   1   0   0   1  13   0   0  55  0.55 0.15
   10 P     4  -3  -2  -3   0  -2  -2   4  -3  -3  -3  -2  -2  -4  -1   1  -1  -4  -3  -2   57   0   0   0   1   0   0  32   0   0   0   0   0   0   2   6   1   0   0   0  0.65 0.15
   11 T     0  -3  -3  -4  -2  -3  -3  -2  -3   3   2  -3   1   0  -3  -1   0  -3  -2   2   10   0   0   0   0   0   0   2   0  34  29   0   3   4   0   4   4   0   0  10  0.29 0.08
   12 I    -2  -4  -4  -4  -2  -4  -4  -5  -4   5   1  -4   0  -1  -4  -3   0  -4  -2   4    0   0   0   0   0   0   0   0   0  54   3   0   0   0   0   0   5   0   0  39  0.70 0.16
   13 M    -3  -3  -4  -5  -3  -2  -4  -5  -3   0   1  -3  10   0  -4  -3  -2  -3  -3   0    0   0   0   0   0   0   0   0   0   1   0   0  95   2   0   0   0   0   0   2  1.66 0.33
   14 V    -2  -4  -4  -4  -1  -4  -4  -3  -4   6   1  -4   0  -1  -4  -3  -1  -4  -2   3    0   0   0   0   1   0   0   2   0  75   5   0   0   0   0   1   3   0   0  12  0.74 0.18
   15 I     0  -3  -3  -4  -2  -3  -3  -3  -3   3   2  -3   1   1  -3  -1   1  -3  -1   2    6   0   0   0   0   0   0   2   0  34  26   0   2   5   0   2  10   0   0  14  0.30 0.09
   16 S     1  -4  -3  -4  10  -3  -4  -3  -4  -3  -3  -4  -3  -4  -4   1  -1  -4  -4  -2   14   0   0   0  70   0   0   0   0   0   0   0   0   0   0  14   2   0   0   1  1.54 0.25
   17 N    -3  -2   8   0   0  -2  -2  -2  -1  -5  -5  -2  -4  -5  -4  -1  -2  -5  -4  -5    0   0  98   0   2   0   0   0   0   0   0   0   0   0   0   0   0   0   0   0  1.61 0.28
   18 L    -2  -3  -4  -4  -2  -3  -4  -5  -4   4   4  -3   1   0  -4  -3  -2  -3  -2   2    1   0   0   0   0   0   0   0   0  29  53   0   0   3   0   0   0   0   0  14  0.58 0.13
   19 V    -1  -3  -4  -4  -2  -3  -4  -4  -3   3   3  -4   1   4  -4  -3  -2  -2   0   1    3   0   0   0   0   0   0   0   0  20  36   0   0  30   0   0   0   0   0  10  0.51 0.12
   20 G     4  -3  -2  -3   4  -2  -2   0  -3  -2  -2  -2  -1  -3  -2   1   0  -4  -3   0   64   0   0   0  12   0   0   3   0   1   0   0   1   0   0  11   4   0   0   5  0.54 0.15
   21 V    -2  -4  -4  -4  -2  -4  -4  -5  -4   6   1  -4   1   1  -4  -3  -2  -3  -2   3    0   0   0   0   0   0   0   0   0  76   7   0   1   4   0   0   0   0   0  12  0.80 0.18
   22 A     4  -3  -2  -3  -2  -2  -2   2  -3   0  -1  -2  -1   0  -2   0  -1  -3  -2   1   53   0   0   0   0   0   0  15   0   4   2   0   1   6   0   3   1   0   0  14  0.34 0.12
   23 V    -1  -4  -4  -4  -2  -4  -4  -4  -4   5   1  -4   1   3  -4  -3  -2  -3  -1   2    4   0   0   0   0   0   0   0   0  62   8   0   1  15   0   1   0   0   1   9  0.59 0.15
   24 G     0  -4  -2  -3  -4  -3  -3   7  -3  -4  -5  -3  -4  -4  -3  -1  -3  -4  -4  -3    7   0   0   0   0   0   0  90   0   0   0   0   0   0   0   1   0   0   0   2  1.37 0.21
   25 R    -2   6  -2  -3  -4   0  -1  -3  -1  -4  -3   4  -2  -1  -3  -2  -2  -3   2  -3    0  58   0   0   0   0   0   0   0   0   0  28   0   2   0   1   0   0  11   0  0.87 0.18
   26 Y    -2  -3  -2  -4  -3  -2  -3  -4   0  -2  -2  -3  -2   5  -4  -1  -2   1   7  -2    3   1   2   0   0   1   0   0   0   1   1   1   0  23   0   6   1   0  61   1  1.04 0.20
   27 A     4  -2  -2  -3  -2  -2  -2   0  -3  -1  -2  -2  -2  -3  -2   1   3  -4  -3   0   58   0   0   0   0   0   0   6   0   2   0   0   0   0   0   4  28   0   0   3  0.52 0.15
   28 L    -3  -4  -5  -5  -3  -4  -5  -5  -5   7   1  -4   1  -1  -4  -4  -1  -4  -3   2    0   0   0   0   0   0   0   0   0  92   2   0   2   0   0   0   2   0   0   2  1.04 0.22
   29 G    -1   1  -1  -1  -4   6   1  -1  -1  -4  -4   4  -2  -4  -2   0  -2  -4  -3  -3    3   1   1   1   0  53   1   4   0   0   0  31   0   0   1   4   0   0   0   0  0.75 0.18
   30 R    -1   1   3   0  -3   1  -1  -1   0   1  -1   2  -1  -2  -2  -1  -1  -3   1   1    2   5  20   2   0   6   1   3   1   9   1  19   1   0   0   2   1   0   8  17  0.12 0.07
   31 S    -1   4  -2  -2  -4   1  -1  -3  -2  -3  -3   2  -2   1   5  -1  -1  -3  -2  -3    2  36   0   0   0   4   0   0   0   0   1  10   0  10  29   3   4   0   0   0  0.64 0.13
   32 D    -1  -3   1  -1  -4  -3  -3   7  -3  -5  -5  -3  -4  -4  -3   0  -2  -4  -4  -4    0   0   6   2   0   0   0  88   0   0   0   0   0   0   0   4   0   0   0   0  1.34 0.21
   33 L    -2  -3  -4  -4  -2  -3  -3  -4  -4   2   4  -3   1   1  -4  -3  -1  -3  -1   2    2   0   0   0   0   0   1   0   0   6  67   0   0   4   0   0   1   0   1  19  0.56 0.13
   34 T    -1  -3  -2  -3  -4  -3  -2   1  -3  -4  -4  -2  -4  -5   8  -1   0  -5  -4  -3    4   0   1   0   0   0   0  13   0   0   0   0   0   0  74   1   5   0   0   1  1.68 0.22
   35 Q     2  -1  -1   0  -4   1   5  -1  -2  -4  -4  -1  -3  -4   1  -1  -1  -4  -3  -3   25   0   1   0   0   4  62   2   0   0   0   0   0   0   5   0   1   0   0   0  0.70 0.17
   36 L    -2  -3  -4  -4  -2  -3  -3  -4  -4   1   5  -3   1   0  -4  -1  -2  -3  -2   1    1   0   0   0   0   1   0   0   0   1  81   0   1   1   0   5   1   0   0   9  0.66 0.16
   37 I    -3  -3  -5  -5  -2  -3  -4  -5  -4   3   5  -4   1  -1  -4  -4  -2  -3  -2   1    0   0   0   0   0   0   0   0   0  17  82   0   0   0   0   0   0   0   0   1  0.82 0.17
   38 A     5  -3  -2  -3  -2  -2  -2   2  -3  -3  -3  -2  -2  -4  -2   0  -1  -4  -3  -2   81   0   0   0   0   0   0  18   0   0   0   0   0   0   0   1   0   0   0   0  0.81 0.19
   39 S    -1  -3  -1  -2  -2  -2  -2  -2  -3  -1  -2  -2  -2  -3  -2   1   6  -4  -3   0    3   0   0   0   0   0   0   2   0   1   0   0   0   0   0   5  86   0   0   4  0.95 0.23
   40 M     2  -2  -2  -3  -2  -2  -2  -2  -3  -2  -1  -2   2  -3  -2   0   6  -4  -3  -1   20   0   0   0   0   0   0   1   0   0   3   0   8   0   0   1  66   0   0   1  0.65 0.18
   41 C     1  -2  -1  -2   4  -2  -2  -2  -2  -4  -4  -2  -3  -4  -2   6   0  -4  -3  -3    7   1   0   0  10   0   0   0   0   0   0   0   0   0   0  82   0   0   0   0  0.86 0.22
   42 F    -3  -4  -5  -5  -3  -4  -4  -5  -3   0   4  -4   0   6  -5  -4  -3  -1   1  -1    0   0   0   0   0   0   0   0   0   0  46   0   0  54   0   0   0   0   0   0  0.93 0.19
   43 G    -1  -4  -2  -3  -4  -3  -4   7  -4  -5  -5  -3  -4  -5  -4  -2  -3  -4  -5  -5    0   0   0   0   0   0   0 100   0   0   0   0   0   0   0   0   0   0   0   0  1.69 0.24
   44 H    -3  -2  -1  -3  -5  -1  -2  -4  10  -5  -5  -2  -3  -3  -4  -3  -4  -4   0  -5    0   0   0   0   0   0   0   0 100   0   0   0   0   0   0   0   0   0   0   0  2.33 0.35
   45 I    -2  -4  -4  -4  -2  -4  -4  -5  -4   6   2  -4   1  -1  -4  -3  -2  -4  -2   3    2   0   0   0   0   0   0   0   0  69  11   0   1   0   0   0   0   0   0  17  0.75 0.17
   46 I    -2  -3  -4  -5  -2  -3  -4  -5  -4   4   4  -4   1  -1  -4  -3  -2  -3  -2   1    1   0   0   0   0   0   0   0   0  30  65   0   1   0   0   0   0   0   0   4  0.69 0.15
   47 G     0  -4  -2  -3  -4  -3  -3   7  -3  -5  -5  -3  -4  -5  -3  -1  -3  -4  -4  -4    4   0   0   0   0   0   0  96   0   0   0   0   0   0   0   0   0   0   0   0  1.56 0.23
   48 V     5  -3  -3  -3   1  -2  -2  -1  -3  -1  -2  -2  -1  -2  -2   1   0  -4  -3   1   75   0   0   0   2   0   0   0   0   1   1   0   1   1   0   4   4   0   0  11  0.59 0.17
   49 G     0  -4  -2  -3  -4  -3  -4   7  -3  -5  -5  -3  -4  -5  -4  -2  -3  -4  -5  -5    2   0   0   0   0   0   0  98   0   0   0   0   0   0   0   0   0   0   0   0  1.61 0.23
   50 I     1  -3  -2  -3  -2  -2  -3  -3  -3   2   0  -2   3   0  -3   0   2  -1  -2   3   15   0   0   0   0   0   0   0   0  14   3   0  12   4   0   3  20   1   0  30  0.26 0.09
   51 V    -2  -4  -5  -5  -2  -4  -5  -5  -5   7   0  -4   0  -1  -4  -4  -1  -4  -3   2    0   0   0   0   0   0   0   0   0  90   0   0   0   0   0   0   2   0   0   8  1.03 0.22
   52 L    -2  -3  -4  -5  -2  -3  -4  -5  -4   3   5  -4   1  -1  -4  -3  -2  -3  -2   1    0   0   0   0   0   0   0   0   0  15  81   0   0   0   0   2   0   0   0   2  0.78 0.17
   53 G     0  -4  -2  -3  -2  -3  -4   7  -3  -5  -5  -3  -4  -5  -4  -2  -3  -4  -5  -5    2   0   0   0   1   0   0  97   0   0   0   0   0   0   0   0   0   0   0   0  1.58 0.23
   54 L    -3  -3  -5  -5  -3  -3  -4  -4  -4   1   5  -4   2   0  -4  -4  -2  -3  -2   0    0   0   0   0   0   0   0   1   0   0  95   0   2   2   0   0   0   0   0   0  0.93 0.20
   55 S     2   1   0  -1  -2   1  -1   1   3  -3  -3   1  -2  -3  -2   3   1  -3  -2  -2   20   9   2   1   0   5   0   9  10   0   0   7   0   0   0  32   6   0   0   0  0.29 0.09
   56 N    -1   0   5   0  -3   1  -1  -1  -1  -4  -4  -1  -3  -3  -3   3   0  -3   2  -3    2   3  47   0   0   5   0   2   0   0   0   0   0   0   0  29   3   0   9   0  0.59 0.16
   57 M     2  -2  -3  -3  -2  -2  -2  -2  -3   3   1  -2   2  -1  -2   0   0  -3  -2   1   31   1   0   0   0   0   0   0   0  26  16   0   6   0   0   6   6   0   0   8  0.23 0.09
   58 G    -1  -3   0  -2  -4  -2  -3   7  -3  -5  -5  -2  -4  -5  -3  -1  -3  -4  -4  -5    0   1   4   0   0   1   1  91   0   0   0   1   0   0   0   3   0   0   0   0  1.40 0.21
   59 V     1   0  -2  -3  -2  -2  -3  -2  -3   2   2  -2   1   0  -3  -1  -1  -3  -1   3   14   7   1   0   0   0   0   1   0  19  22   1   2   2   0   1   2   0   2  26  0.20 0.07
   60 I    -2  -4  -5  -5  -2  -3  -4  -5  -4   4   4  -4   2  -1  -4  -4  -2  -3  -2   1    0   0   0   0   0   0   0   0   0  34  62   0   2   0   0   0   0   0   0   2  0.72 0.16

                      K         Lambda
Standard Ungapped    0.1466     0.3306
Standard Gapped      0.0482     0.2670
PSI Ungapped         0.1574     0.3176
PSI Gapped           0.0482     0.2670
