
Last position-specific scoring matrix computed, weighted observed percentages rounded down, information per position, and relative weight of gapless real matches to pseudocounts
            A   R   N   D   C   Q   E   G   H   I   L   K   M   F   P   S   T   W   Y   V   A   R   N   D   C   Q   E   G   H   I   L   K   M   F   P   S   T   W   Y   V
    1 M    -4  -5  -6  -6  -5  -4  -5  -6  -5  -2   1  -5  10  -2  -6  -5  -4  -5  -4  -2    0   0   0   0   0   0   0   0   0   0   7   0  91   1   0   0   0   0   0   1  2.69 0.81
    2 A     5  -3  -2  -3  -3  -3  -2  -2  -4  -3  -4  -3  -3  -4   0   2   1  -5  -4   0   62   0   1   1   0   0   2   1   0   0   0   0   0   0   3  18   8   0   0   5  0.84 0.41
    3 D    -2  -4   0   7  -6  -2   1  -4  -4  -6  -6  -3  -3  -6   2  -1  -2  -7  -6  -5    2   0   4  67   0   1   7   0   0   0   0   0   1   0  12   4   2   0   0   0  1.45 0.56
    4 P     0  -5  -3  -2  -5  -2  -2  -3  -1  -5  -6  -2  -5  -6   8   0  -2  -6  -5  -2    6   0   1   2   0   1   1   1   1   0   0   2   0   0  71   6   3   0   0   3  1.87 0.67
    5 R     1   5  -1  -2  -1   0  -1  -3   1  -3  -2   1  -3  -3   0   1   1  -4  -3  -1   11  33   2   2   1   4   2   0   3   0   3   6   0   1   5  12  11   0   0   4  0.41 0.28
    6 V    -1  -2  -2  -4  -3  -2  -2  -4  -3   2   3  -2   1  -1   0  -2   0  -3  -2   2    4   1   1   1   0   1   2   1   0  13  38   1   3   1   6   2   7   0   1  17  0.40 0.24
    7 R    -4   7  -1  -2  -5  -1  -3  -4  -3  -5  -4   4  -4  -4  -4   0  -2  -5  -4  -5    0  54   2   2   0   2   0   1   0   0   2  27   0   1   0   6   2   0   0   0  1.36 0.61
    8 Q    -1  -2   1   1  -5   7   0  -4   0  -5  -4   1  -4  -4  -1   1   0  -5  -5  -5    3   0   7   6   0  50   5   0   2   0   2   6   0   1   4   9   5   0   0   0  1.00 0.58
    9 I    -4  -5  -6  -7  -1  -5  -6  -7  -6   3   6  -4  -1   0  -6  -5  -3  -3  -4   0    0   0   0   0   1   0   0   0   0  17  70   1   1   3   0   0   1   0   0   5  1.33 0.60
   10 K    -1   2  -1  -3  -5   0   1  -3  -4  -5  -5   6  -3  -5  -4   0   0  -6  -5  -2    6  11   2   1   0   3   7   1   0   0   0  54   1   0   0   5   6   0   0   3  0.96 0.53
   11 I    -4  -5  -7  -7  -5  -6  -7  -7  -3   8  -1  -5  -3  -3  -6  -6  -4  -6  -5   1    1   1   0   0   0   0   0   0   1  84   2   1   0   1   0   0   0   0   0   8  2.13 0.84
   12 K     0   0  -1  -2  -6   1  -3  -5  -3  -5  -6   7  -3  -5  -4  -2  -3  -6  -2  -5    8   3   3   2   0   5   0   0   0   0   0  72   1   0   0   2   1   0   1   0  1.55 0.75
   13 T    -1  -4  -3  -4  -1  -4  -3  -3  -2  -1  -2  -4  -2  -3  -4   1   6  -6  -5   1    5   1   1   1   1   0   1   1   1   3   3   0   1   1   1   9  61   0   0  10  1.13 0.64
   14 G    -1  -1   3  -1  -5  -3  -4   6  -4  -6  -6  -1  -4  -6  -4   2  -4  -1  -4  -6    3   3  13   2   0   1   0  58   0   0   0   4   0   0   1  13   0   1   0   0  1.20 0.58
   15 V     2  -5  -4  -5  -3  -4  -4  -3  -5   1  -2  -4  -1  -2  -4   1   2  -2  -4   5   15   0   0   0   0   0   0   1   0   5   1   0   1   1   0  12  14   0   0  47  0.83 0.50
   16 V    -1  -5  -6  -6   4  -5  -5  -6  -6   1   3  -5  -1  -3  -5  -4  -3  -5  -3   5    4   0   0   0   8   0   0   0   0   4  28   0   1   1   0   1   1   0   1  50  1.10 0.55
   17 K    -2   2   0  -3  -3   2   0  -4  -1  -5  -3   6  -3  -5  -4  -2  -1  -6  -4  -4    2   8   4   0   1  10   4   1   1   0   2  58   0   0   0   2   4   0   0   1  1.11 0.59
   18 R    -5   8  -5  -6  -7  -1  -4  -6  -1  -7  -6  -1  -5  -7  -6  -4  -5  -2  -6  -6    0  91   0   0   0   2   0   0   1   0   0   2   0   0   0   1   0   1   0   0  2.60 1.04
   19 L    -3  -5  -2  -6   0  -5  -5  -4  -5   3   5  -5   0   0  -5  -3  -1  -4  -1   0    1   0   2   0   2   0   0   1   0  14  63   0   1   3   0   2   4   0   2   5  1.00 0.52
   20 V     0  -2  -2  -4  -2  -1  -2  -2   1   2   1  -2   2   0  -3  -1   1  -1   0   3   10   2   1   0   1   2   1   2   4  13  11   3   7   3   0   4   7   1   3  26  0.25 0.22
   21 K    -4   1  -2  -4  -2  -1  -3  -5  -2  -6  -4   8  -2  -6  -5  -3  -4  -6  -5  -6    1   5   2   0   1   1   0   0   1   0   1  84   1   0   0   1   1   0   0   0  2.02 0.90
   22 E    -5  -4  -4   3  -7  -1   7  -4  -1  -7  -6  -3  -6  -5  -5  -3  -5  -6  -6  -6    0   0   0  15   0   2  78   1   1   0   0   0   0   1   0   1   0   0   0   0  1.98 0.90
   23 K    -2   0  -1  -3  -3  -1   3  -3   4  -1   2   3  -1  -1  -4  -2  -2  -2   1   0    1   4   2   0   0   1  20   1  10   2  20  19   1   2   0   2   1   0   5   6  0.36 0.32
   24 V     2  -1   0   0  -1   0   1   0   2   0  -1   1   0  -2  -2   1   0  -3  -2   0   19   3   3   4   1   4  10   5   6   4   5   8   2   1   0   9   6   0   0   9  0.10 0.13
   25 M    -1  -2  -3  -4   2  -2  -3  -3  -1  -1   1  -2   4   1  -4   4  -1  -3   3   0    3   1   0   0   4   1   0   1   1   2  12   2  11   4   0  33   3   0  13   7  0.48 0.40
   26 Y    -3  -6  -4  -6  -3  -5  -6  -6   0  -5  -4  -6  -5  -1  -6  -4  -4  -1  10  -4    3   0   1   0   1   0   0   0   2   0   1   0   0   1   0   1   1   0  87   1  2.92 1.14
   27 E    -1   1  -2  -1  -4   3   4  -3   4  -1  -1   2  -2  -3  -3  -2  -1  -2  -2  -2    5   6   1   2   0  14  27   2  11   3   7  13   1   1   0   1   2   1   1   2  0.46 0.35
   28 K    -2   1  -1  -1  -3   2   1  -4  -1  -3  -4   6  -3  -5  -4  -2  -2  -5  -4  -3    3   6   3   3   0  10  10   0   1   1   1  52   1   0   0   2   2   0   0   2  0.94 0.54
   29 E    -5  -4  -3   0  -7  -1   8  -6  -4  -6  -6  -2  -6  -7  -5  -4  -5  -6  -6  -4    0   0   1   4   0   2  88   0   0   0   0   1   0   0   0   0   0   0   0   1  2.23 1.00
   30 A     2  -2  -3  -4  -2  -1   0  -3  -1   1   1  -2   0  -2  -3  -1   0  -4   0   3   22   1   1   0   1   2   7   1   2   7  13   2   1   1   0   2   4   0   3  29  0.31 0.29
   31 K     0  -2  -1   2  -2   2   4  -3  -1  -2  -2   2  -2  -4  -3  -1  -1  -5  -4   1    8   1   2  10   1   7  31   1   1   2   3  15   0   0   0   3   4   0   0  11  0.43 0.35
   32 Q    -1   1  -1   2  -2   4   3  -2  -1  -2  -3   3  -1  -4  -3  -1   0  -4  -3  -2    3   7   1  11   1  22  16   2   1   2   2  17   2   0   0   4   5   0   0   2  0.45 0.35
   33 Q    -2  -3  -1  -2  -3   6   3  -2   0  -3   0  -2   0  -2  -4  -2  -2  -5  -3  -3    3   0   2   2   1  43  22   3   2   1  10   0   2   2   0   2   2   0   1   2  0.89 0.59
   34 E     0   1  -1  -2  -2   3   3  -3  -2  -2  -2   2  -1  -3  -3  -1   1  -4  -3  -2   10   7   2   1   1  17  23   1   0   2   4  16   2   1   0   2  10   0   1   2  0.41 0.34
   35 E     3   1   0   0  -4   2   3  -2  -2  -2  -2   1  -2  -4  -3   0   0  -4  -4  -2   26   6   3   4   0  10  20   2   1   3   2  10   1   0   0   4   5   0   0   3  0.35 0.31
   36 K    -3   5  -1  -2  -5  -1  -2  -5   1  -3  -4   5  -2  -3  -4  -2  -1  -5  -1  -3    1  35   2   1   0   2   2   0   3   2   1  39   1   1   0   2   3   0   2   2  1.01 0.57
   37 I    -1  -2  -3  -5  -3  -3  -4  -5  -1   5   2  -3   0  -3  -5  -4   1  -4  -1   3    4   2   1   0   0   1   0   0   1  36  23   1   2   0   0   0   8   0   2  18  0.70 0.41
   38 E     1  -1   0   3  -5   3   4  -3  -1  -5  -4   1  -4  -4  -4  -1  -1  -5  -3  -4   13   2   4  18   0  13  32   1   1   0   1   9   0   1   0   2   2   0   1   1  0.65 0.43
   39 K    -1   1   0   0  -5   1   0  -1  -2  -4  -4   6  -4  -5  -4   0  -1  -5  -4  -4    5   7   4   4   0   6   5   4   1   1   1  52   0   0   0   6   3   0   0   1  0.84 0.52
   40 M    -2  -2  -5  -3  -4  -4  -5  -4  -2   1   3  -2   7   2  -5  -3  -2   1   0  -1    3   2   0   2   0   0   0   1   1   7  30   2  34   8   0   1   2   2   3   2  0.91 0.53
   41 R    -2   3  -1  -1  -4   1   2  -2  -1   1  -2   5  -3  -4  -3  -1  -1  -4  -4  -1    2  13   1   2   0   4  14   2   2   8   3  36   0   0   0   4   4   0   0   3  0.52 0.37
   42 A     4  -1   0   1  -1   1   1   0   0  -2  -2  -1  -1  -4  -2   1   0  -4  -3  -1   35   2   4   7   1   6  10   5   2   2   3   3   1   0   1  10   4   0   0   3  0.31 0.28
   43 E    -1  -1   1   3  -5   1   4  -2  -1  -3  -4   1  -2  -5  -3   1  -1  -5  -4  -3    3   2   5  19   0   6  34   3   1   1   1   7   1   0   0  11   3   0   0   2  0.63 0.41
   44 D    -1  -2   2   4  -1  -1   1   4  -1  -5  -5  -1  -2  -3   0  -1   0  -5  -4  -3    5   1  12  22   1   2   8  28   1   0   0   3   1   1   4   2   5   0   0   1  0.54 0.35
   45 G     3   0  -1   1  -1  -1   0   3  -3  -4  -3   1  -2  -4   0   0  -1  -4  -4  -2   29   5   2   7   1   3   5  20   0   0   1   8   1   0   4   6   4   0   0   2  0.33 0.29
   46 E    -3  -3   0   6  -1   0   4  -3   0  -5  -5  -1  -5  -6  -3  -1  -2  -6  -3  -3    2   1   3  45   2   3  28   1   2   0   0   3   0   0   1   3   3   0   1   2  1.10 0.60
   47 N    -2  -1   3   4  -5  -1   4  -2  -1  -3  -4  -2  -4  -4   2  -1   0  -5  -3  -3    2   3  13  20   0   2  30   2   1   1   1   1   0   1  12   4   5   0   1   1  0.65 0.44
   48 Y    -2  -3  -2  -2  -1  -2  -3  -2   5  -4  -4  -3  -4   1  -5  -2  -1   6   7  -4    4   1   2   3   1   1   2   3  15   1   1   1   0   4   0   3   3  11  44   1  1.36 0.69
   49 D    -1  -1   0   6  -5   0   2  -3  -2  -2  -3  -2   0  -3  -2  -2   0  -5  -2  -1    6   3   4  44   0   5  12   2   1   2   2   1   2   1   2   2   6   0   2   5  0.67 0.44
   50 I     0   1  -2  -3  -2  -2  -2  -3  -2   1   1  -1   2   2  -2  -1   1   5   2   1   10  10   0   0   0   0   1   1   0  10  10   1   9   9   0   1  10   9   9  10  0.19 0.12
   51 K    -1   3   0  -3  -4   0   0  -2   2  -4  -4   5  -3  -4  -1  -1  -1  -4   1  -4    5  17   4   0   0   3   3   3   4   0   1  48   0   0   2   3   2   0   5   0  0.73 0.39
   52 K    -1   1   2  -2  -4   4   0  -3   2  -3  -2   4   0  -4  -3   0  -2  -4  -1  -2    3   7  11   0   0  25   3   1   4   0   3  29   2   0   0   5   0   0   2   3  0.56 0.35
   53 Q     0   0  -2   0  -3   0   0  -1   2   0  -1   0   1   1   0   0   0   3   1   0    6   6   0   6   0   5   6   6   5   6   6   6   5   5   6   6   6   5   5   6  0.06 0.10
   54 A     0   0   0   0   2   1   0   0   2   0  -1   0   1  -2  -2   0   0  -2   1   0    6   6   6   6   6   6   6   6   6   6   6   6   6   0   0   6   6   0   6   6  0.05 0.09
   55 E    -1   2   1   0  -4   2   4  -2   0  -4  -3   1  -1  -2  -3  -1  -1   1  -3  -3    5  10   8   3   0   8  37   3   2   0   3   9   2   2   0   4   2   2   0   2  0.50 0.36
   56 I     1  -1  -4  -4   1  -1  -3  -4  -4   2   1  -3   3   0  -4  -2  -2  -4  -1   4   13   4   0   0   3   3   0   1   0  10  13   0   7   3   0   3   0   0   2  36  0.45 0.32
   57 L    -2  -2  -1  -4  -3  -1  -4  -3  -1   2   4  -2   2  -1  -2  -3  -1   1   0   1    3   2   4   0   0   2   0   2   2  13  47   2   4   2   2   1   2   2   2   7  0.47 0.31
   58 Q     0   0   0   2  -1   3   4  -2   0  -2  -2   1  -1  -4  -3  -1  -2   0  -3  -2    9   4   3  10   1  15  27   3   2   3   4   9   1   0   0   2   2   1   0   2  0.36 0.30
   59 E    -2  -3  -1   2  -5   1   7  -4  -3  -5  -5  -1   1  -5  -4  -3  -4  -5  -5  -3    3   0   3  10   0   4  67   1   0   0   1   3   4   0   0   1   0   0   0   2  1.39 0.65
   60 S     0  -3   0  -3   2  -3  -3  -1   1  -3  -2  -3  -3  -4  -3   4   4  -4  -2  -1    6   0   5   0   5   0   1   3   3   0   3   0   0   0   0  36  28   0   2   5  0.67 0.42
   61 R    -1   3   0  -2  -1   2   2  -2   1  -1   0   2  -1  -2  -1  -1  -1  -1  -2  -1    4  18   3   1   2  10  13   2   3   3  11  14   1   1   3   2   3   1   1   4  0.22 0.18
   62 M     1   2   0  -1  -2   2  -2  -1  -3  -2  -1   2   5  -2  -2   0   0  -4  -3   0   12  11   4   2   1   9   1   4   0   1   5  14  17   1   1   6   5   0   0   5  0.26 0.24
   63 M    -1  -4  -5  -5  -1  -4  -5  -5  -4  -1   0  -4   9  -3  -5  -4  -1  -4   0   1    5   0   0   1   1   0   1   1   0   3   6   1  62   0   1   1   4   0   3  11  1.80 0.73
   64 I    -2  -4  -5  -5  -3  -4  -3  -4  -5   5   2  -2  -1   1  -4  -3  -2  -4  -2   3    2   0   0   0   0   0   1   1   0  39  20   2   1   5   0   2   1   0   1  23  0.82 0.40
   65 P    -2  -2  -2  -2  -2   1  -3  -2  -1   0  -3  -1  -4  -3   7  -1  -1  -5  -5  -3    4   2   2   2   1   6   1   3   2   5   3   4   0   1  53   5   3   0   0   2  1.16 0.52
   66 D    -2  -2   1   6  -5   0   1  -2   0  -4  -4  -2  -4  -1  -2   0  -2  -5  -2  -3    3   1   7  51   0   3  10   3   2   1   2   1   0   3   2   6   3   0   1   1  0.93 0.47
   67 C     0  -4  -2  -4   7  -3  -2  -3  -4  -1   0  -3   0  -1  -4   1   2  -4  -2   1    8   0   1   0  28   0   3   1   0   3  10   1   3   2   0  13  15   0   1   8  0.68 0.38
   68 Q    -1   2  -1  -1   1   3   1  -2   1  -2  -1   2  -1  -2  -3   0  -1  -3   0  -2    6  14   3   2   4  14   7   3   4   2   7  16   1   1   0   6   3   0   4   3  0.23 0.20
   69 R    -2   4   1   1  -2   2   0  -1  -1  -3  -4   3  -2  -2  -3   0   1  -4  -3  -2    2  22   6   7   1   9   5   5   1   1   1  20   1   2   1   5   8   0   1   2  0.41 0.28
   70 R    -3   7  -2  -4  -5   1  -3  -4  -1  -5  -5   3  -2  -5  -5  -1  -4  -5  -3  -5    2  64   1   0   0   5   1   1   1   0   1  15   1   0   0   4   0   0   1   0  1.54 0.67
   71 L    -4  -3  -5  -5   0  -4  -5  -5  -3   3   5  -4   1  -1  -4  -4  -3  -4  -2   0    1   1   0   0   2   0   1   1   1  18  60   1   3   2   1   1   0   0   1   5  1.02 0.47
   72 E     0   1   0   0  -3   2   3   0   1  -2  -2   1  -1  -3  -3   0   0  -4  -3  -1    9   6   3   5   0   9  24   7   4   2   4   8   1   1   0   7   6   0   0   5  0.23 0.19
   73 A     2   0   1   1  -3   1   2  -1  -1  -2  -3   3  -2  -3  -3   0   1  -4  -2  -1   18   4   7   6   0   6  12   3   1   1   2  20   1   1   0   6   8   0   1   4  0.25 0.21
   74 A     6  -4  -3  -4  -2  -2  -1  -2  -1  -3  -3  -3  -2   0  -3   1  -1  -4  -1  -2   64   0   1   0   1   1   3   2   2   1   2   0   1   4   0   8   3   0   2   3  0.94 0.52
   75 Y     0   0  -3  -4   1  -1  -3  -4   1   1   2   0   0   2  -3  -2  -1   0   3   2    6   5   0   0   3   2   1   1   4   9  18   6   1   9   0   2   2   1  13  19  0.24 0.19
   76 L     1  -1   0   2  -3   2   3  -1  -1  -2  -2   0  -2  -2  -2   0   1  -4  -3  -1   17   1   5  10   0  11  20   4   1   2   4   6   1   1   1   4   8   0   0   4  0.24 0.20
   77 D    -1  -2   1   5  -5  -1   3  -3  -2  -4  -4   1  -3  -5  -3  -1  -1  -5  -4  -3    5   1   5  38   0   2  23   1   1   1   2   9   1   0   0   4   4   0   0   2  0.78 0.41
   78 L    -4  -5  -5  -5  -2  -4  -5  -5  -5  -1   6  -5   0   0  -5  -5  -3  -4  -3   0    1   0   0   0   1   0   1   1   0   2  81   0   1   4   0   1   1   0   0   5  1.43 0.61
   79 Q    -1   2  -1  -1  -3   3   3  -2  -1  -3  -2   3  -2  -3  -3   0  -1  -4  -3  -2    5  10   2   2   0  15  25   2   1   1   3  19   1   1   0   6   4   0   0   3  0.44 0.29
   80 R     1   0   2   2  -2   1   2   0  -2  -2  -3   2  -1  -4  -2   1   1  -4  -3  -2   12   4   9  12   1   7  14   6   0   2   2  12   1   0   0   9   7   0   0   2  0.24 0.18
   81 I     0  -3  -4  -3  -1   0  -2  -3  -3   2   3  -2   1   4  -4  -2   0   0   1   1    8   1   0   1   1   4   2   1   0  12  28   1   3  18   0   2   5   1   5   8  0.35 0.24
   82 L    -3  -4  -5  -5  -2  -3  -4  -5  -3   2   5  -4   2  -1  -4  -3  -2  -4  -3   3    1   0   0   0   0   1   1   1   1  10  53   0   5   2   1   1   2   0   1  19  0.87 0.44
   83 E     0  -2  -1   2  -5   1   5  -2   0  -4  -4   0  -4  -5  -4   0  -1  -5  -4  -2    7   1   3  13   0   5  49   2   2   1   1   4   0   0   0   6   4   0   0   2  0.81 0.45
   84 N     0  -1   3   1  -2   1   1   1   1  -3  -3   0  -3  -4  -3   2   1  -4  -3  -3    7   3  18   8   1   5  10   9   4   1   3   4   0   0   0  18   8   0   0   1  0.32 0.24
   85 E     0  -2   1   2   0   1   5  -2   1  -3  -2  -1  -3  -3  -1   0  -1  -4  -1  -2    6   1   7  10   2   4  41   3   4   1   3   2   1   1   2   5   3   0   2   2  0.50 0.33
   86 K     0   0   0   0  -2   1   2   0  -2  -4  -3   4  -3  -3   2   0  -1  -4  -4  -2    6   3   4   5   1   7  15   7   0   0   1  28   0   1   9   7   3   0   0   2  0.38 0.27
   87 D    -1  -4   1   6  -5  -2   3   0  -1  -4  -5  -1  -5  -4  -3   0  -1  -6  -3  -3    5   0   5  45   0   0  18   7   1   1   1   2   0   1   1   8   2   0   1   1  0.87 0.46
   88 L    -1  -4  -2  -3  -1  -2  -2  -2  -3   1   4  -3   0   1  -2  -1  -1  -1   0   1    3   0   3   1   1   1   2   4   0   5  50   1   1   5   2   5   3   1   4   7  0.42 0.30
   89 E     1  -1   0   1  -1   1   4   0  -1  -4  -3   2  -3  -5  -1   1  -1  -5  -4  -2   11   2   3   6   2   5  31   5   1   0   2  15   0   0   3   8   4   0   0   3  0.39 0.29
   90 E     0  -3   0   3  -3   0   5   1  -2  -6  -5  -2  -5  -4  -2   0  -2  -6  -3  -4    7   0   3  16   0   4  46  10   0   0   1   1   0   1   2   7   2   0   1   0  0.81 0.48
   91 A     2  -3  -1   0   1  -3  -1   0   0  -2  -1  -2  -2  -3  -3   2   3  -2  -2  -1   20   0   2   6   3   0   2   7   2   2   6   1   0   1   1  19  24   1   1   3  0.34 0.30
   92 E    -1  -3  -1   2  -6   1   6  -3  -3  -4  -6   1  -5  -6   1  -1  -2  -6  -5  -3    4   0   2   9   0   6  54   1   0   1   0   7   0   0   8   5   2   0   0   2  1.00 0.55
   93 E    -2  -4  -1   1  -3   0   7  -4  -3  -4  -4  -1  -5  -7  -4  -2  -2  -3  -6  -5    3   0   2   6   1   3  74   1   0   1   1   2   0   0   0   2   2   1   0   0  1.54 0.74
   94 Y    -2  -5  -4  -4  -5  -3  -5  -6  -1   1   2  -5   0   3  -6  -3  -2   3   7   1    4   0   0   1   0   1   0   0   1   7  17   0   2  13   0   1   1   3  39   8  0.98 0.50
   95 K     0   0  -1  -1  -4   2   1  -2  -2   0  -1   4  -1  -4  -3   0   1  -5  -4  -1    6   3   2   2   0   8   8   3   1   7   5  34   1   0   0   8   8   0   0   4  0.36 0.29
   96 E     1  -1   0   2  -1   1   5  -3  -1  -4  -4   2  -4  -2  -4  -1  -1  -5  -3  -3   15   1   4   9   1   5  37   1   1   1   0  14   0   2   0   4   4   0   0   1  0.58 0.39
   97 A     7  -5  -5  -4  -4  -4  -3  -1  -5  -5  -4  -4  -5  -6  -4  -1  -3  -6  -5  -3   90   0   0   0   0   0   1   3   0   0   1   0   0   0   0   3   1   0   0   0  1.85 0.82
   98 R    -2   3  -1  -3  -5   3   1  -4   2  -2  -2   4  -1  -2  -4  -1  -1  -5  -2  -1    2  19   2   0   0  15  10   0   4   1   5  27   2   1   0   4   2   0   1   5  0.50 0.33
   99 L     1  -1   0   0  -2   1   3  -1  -2  -2   0   0  -2  -4  -2   1   1  -4  -3  -2   11   1   3   4   1   7  24   3   0   1  13   5   0   0   1  12  11   0   0   2  0.25 0.23
  100 V     1  -4  -4  -5  -3  -1  -4  -5  -5   3   2  -3   1  -2  -4  -3   1  -5  -3   4   12   0   0   0   0   3   0   0   0  19  16   1   2   1   0   1   7   0   0  38  0.63 0.36
  101 L    -4  -5  -6  -6  -2  -5  -6  -7  -6   3   6  -5   0  -2  -6  -5  -4  -5  -4   0    0   0   0   0   1   0   0   0   0  18  74   0   1   1   0   0   0   0   0   4  1.44 0.59
  102 D     1  -3   1   4  -5   0   4  -2  -1  -5  -4   0  -4  -5  -3   0   0  -5  -4  -4   10   0   6  27   0   3  32   1   1   0   1   5   0   0   0   6   6   0   0   0  0.69 0.37
  103 S     2  -3  -1   2  -4   1   4  -2  -3  -4  -4  -1  -3  -5  -3   3   1  -5  -3  -4   15   0   1  11   0   7  27   2   0   0   1   2   0   0   0  26   8   0   1   0  0.55 0.35
  104 V     3  -4  -3  -5  -3  -4  -4  -2  -4   2  -1  -3   0  -3  -4  -1  -1  -5  -4   4   33   0   1   0   0   0   0   1   0  13   2   1   2   0   0   3   2   0   0  41  0.71 0.39
  105 K    -2   2  -1  -2  -5   3   0  -4  -3  -5  -4   6  -3  -5  -1   0  -1  -5  -4  -3    2   8   2   1   0  12   4   0   0   0   0  57   0   0   2   8   2   0   0   2  0.90 0.41
  106 L     0  -3  -4  -4  -2  -3  -4  -4  -4   2   4  -3   0  -1   0  -3  -1  -3  -2   2   11   0   0   0   0   0   0   0   0  14  50   0   0   1   6   0   1   0   0  17  0.49 0.20
  107 E    -2  -1  -1   2  -4   4   5  -3   1  -4  -4   0  -3  -4  -2   1  -2  -4  -3  -4    0   0   0   9   0  20  59   0   2   0   0   0   0   0   0   9   0   0   0   0  0.87 0.23
  108 A     4  -2  -1  -2  -1  -1  -1   0  -2  -2  -2  -1  -1  -3  -1   2   1  -3  -2   0   80   0   0   0   0   0   0   0   0   0   0   0   0   0   0  10   8   0   0   2  0.46 0.08

                      K         Lambda
Standard Ungapped    0.1297     0.3116
Standard Gapped      0.0410     0.2670
PSI Ungapped         0.1297     0.3116
PSI Gapped           0.0410     0.2670
