
Last position-specific scoring matrix computed, weighted observed percentages rounded down, information per position, and relative weight of gapless real matches to pseudocounts
            A   R   N   D   C   Q   E   G   H   I   L   K   M   F   P   S   T   W   Y   V   A   R   N   D   C   Q   E   G   H   I   L   K   M   F   P   S   T   W   Y   V
    1 M    -7  -7  -8  -9  -7  -2  -8  -9  -7  -3   1  -7  11  -6  -8  -7  -6  -7  -7  -1    0   0   0   0   0   2   0   0   0   1  11   0  83   0   0   0   0   0   0   3  3.31 1.26
    2 H    -3  -2   0  -2  -6   1   2  -5   6  -4  -3  -3  -5   3   1  -1  -4  -4   5  -4    2   2   5   2   0   5  15   0  18   1   2   1   0  10   8   5   1   0  22   1  0.82 0.51
    3 K    -2   2   0  -1  -4   3   1  -4   0  -3  -4   4  -3  -4   1   0   0  -6  -2  -3    4  12   3   4   0  12   8   1   2   1   1  27   1   1   8   7   6   0   2   1  0.53 0.40
    4 E    -3  -3  -2   2  -9   3   6  -5   0  -7  -7   0  -2  -9  -1  -1  -4  -9  -4  -5    2   1   2  10   0  10  55   1   2   0   0   5   1   0   3   4   1   0   1   1  1.34 0.79
    5 T     0  -4  -1   0  -4  -2  -1  -4  -4   3  -2  -3   0   1   0   0   4  -3  -4   2    6   1   3   5   0   2   5   1   0  14   4   1   3   6   5   7  24   0   0  12  0.37 0.32
    6 L     1  -5  -7  -5  -1  -3  -4  -6  -4   4   3  -5   3   2  -2  -5  -2  -4   0   3   12   1   0   1   1   1   1   0   0  20  23   0   7   7   2   1   3   0   4  16  0.65 0.40
    7 D    -1  -2   1   5  -4   1   4  -4   0  -4  -3   0  -3  -6  -4   0  -1  -5  -4  -4    5   2   7  26   0   7  26   2   2   1   3   5   1   0   1   6   4   0   1   1  0.71 0.49
    8 K     1   1   0  -2  -3   1   1  -2  -1  -1  -1   4   0  -3  -2   0   0  -5   0  -2   13   7   4   2   1   6   8   2   1   4   6  23   2   1   2   6   7   0   3   3  0.25 0.25
    9 L     0  -5  -4  -7   1  -2  -5  -5  -5   4   2  -4   4   1  -3  -2  -1  -4  -1   3    9   0   1   0   3   2   1   1   0  19  17   1   9   5   1   3   4   0   2  20  0.60 0.38
   10 T     2  -3  -1  -1   0  -1   1  -1  -3   1   0  -2  -1  -3  -3   2   2  -4  -2   2   15   1   3   3   2   2   9   4   0   9   7   2   2   1   1  14  11   0   1  13  0.19 0.21
   11 N     0   1   3   3  -4   2   2  -2   0  -4  -5   1  -3  -4   2  -1  -1  -1  -3  -4    8   7  14  14   0   7  13   4   2   1   1   7   1   1   9   4   4   1   1   1  0.38 0.31
   12 A     5  -3  -2  -2  -3   0  -1  -2  -2   0   0  -1   0  -5  -4   1   0  -4  -1   0   41   1   2   2   0   4   3   3   1   5   8   3   2   0   0  10   5   0   2   7  0.50 0.40
   13 A     5  -5  -4  -4   1  -1  -2   4  -4  -1  -3  -5  -2  -5  -4  -2  -2  -1  -3  -1   39   0   0   1   3   4   3  30   0   4   3   0   1   0   1   3   2   1   1   4  0.88 0.56
   14 I     0  -1  -3  -2   0  -1   1  -3  -1   3   1   0   0  -2  -4  -2   0  -5  -1   3    9   3   1   2   2   3   9   2   1  16  11   6   2   1   0   1   4   0   2  22  0.25 0.22
   15 N     1   0   2   0  -4   0   1  -1   3  -4  -5   4   0  -4  -4   1   1  -6  -1  -2   10   4  10   4   0   3   8   4   6   1   1  22   2   0   1   8   9   0   2   3  0.35 0.30
   16 K    -2   1  -4  -5  -5  -2   0  -2  -5  -4  -7   8  -3  -9  -3  -4  -5  -9  -5  -6    4   6   1   1   0   2   6   4   0   2   0  70   1   0   2   1   1   0   0   0  1.82 0.94
   17 I     3  -2  -3  -3  -2  -1  -1  -1  -1   2  -1   0   0  -2  -4   0   0  -2  -1   3   24   2   1   2   1   2   4   5   1  11   6   5   2   2   0   5   6   1   3  18  0.26 0.23
   18 N     0   1   4   1  -3   0   2  -1   1  -3  -4   1  -2  -2  -3   0  -1  -3  -2  -2    6   8  20   8   0   4  13   5   4   1   1   9   1   2   1   8   4   0   1   2  0.33 0.26
   19 L    -1   0  -3  -3  -3  -1  -2  -3   0   0   4   0   5   0  -4  -3  -1  -4  -1  -1    5   6   1   2   0   2   3   2   2   5  33   6  16   4   1   2   3   0   2   4  0.48 0.30
   20 L     0  -1  -2  -2  -1  -1  -2  -2  -1   1   2  -1   2   1   0  -1   0  -1   1   1    7   3   2   2   1   2   3   3   1  10  23   4   5   7   4   5   4   1   5   8  0.12 0.09
   21 N    -1   2   3   1  -1   0   0   1   1  -3  -2   1  -1  -2  -1   0   0  -1  -2  -2    5  10  13   8   2   3   6  12   3   1   3  10   1   1   2   7   6   1   1   3  0.18 0.14
   22 T     0   2   0   0  -2   1   0  -1   0  -2  -1   1  -1  -2  -1   0   2   0  -1   0    8  10   5   5   1   7   7   3   2   2   7   9   1   1   3   7  12   1   2   6  0.09 0.10
   23 S     0   0   1   1  -3  -1  -1  -1   0  -3  -4   0  -1  -3   2   4   1  -3  -2  -3    9   5   6   8   0   3   4   4   2   1   2   7   2   1   8  29   7   0   2   1  0.34 0.30
   24 K    -1   1  -2  -3  -2  -1  -2  -2  -2  -1   0   4   0   1   3  -1   0   1  -1  -1    5   7   1   1   1   2   1   3   1   4   9  24   2   6  16   4   7   2   2   4  0.32 0.28
   25 V     1  -1  -3  -2  -1  -2  -3   0  -1   1   1  -1   1   0  -1  -1   0   1  -1   2   13   4   1   2   1   1   1   6   1   9  17   3   4   3   3   4   5   2   1  17  0.13 0.14
   26 K    -1   4  -1   0  -5   1  -1   0  -1  -4  -3   4  -2   0  -3  -1  -2  -2  -3  -4    4  24   2   6   0   5   3   7   1   1   2  29   1   4   1   5   2   1   1   1  0.58 0.40
   27 Y    -3  -2  -4  -4  -1  -2  -2  -4  -1   0   1  -1   3   3  -4  -2   0   0   6  -1    2   3   1   1   2   2   2   1   1   4  15   5   9  11   1   2   7   1  28   4  0.62 0.41
   28 L     0  -1  -5  -5  -3  -4  -4  -2  -5   1   4  -4   2   4  -1  -1  -3  -1  -2  -1    8   3   0   0   1   0   1   3   0   8  37   1   4  19   4   5   1   1   1   4  0.56 0.38
   29 V     0  -3  -5  -4  -3  -2  -5  -3  -3   3   3  -4   2   1  -4  -3  -1  -1  -2   3    7   2   0   1   0   2   0   2   0  18  25   0   5   6   1   2   3   1   1  22  0.52 0.34
   30 S     0   4  -1  -2  -2  -1  -2  -1  -1  -2   2   0   0  -2  -3   2  -1  -2  -2  -1    6  22   2   2   1   2   1   4   1   2  20   5   2   1   1  20   3   1   1   4  0.30 0.30
   31 S     4  -2  -3  -4  -2  -2  -4   3  -5  -4  -3   0  -3  -4  -3   4   0  -6  -5  -4   32   2   1   0   1   2   0  18   0   1   2   5   0   1   1  29   4   0   0   1  0.73 0.51
   32 A     2  -5  -4  -5  -2  -3  -4  -2  -5   3   0  -4   5   3  -3  -2  -1   0  -2   2   18   0   1   0   1   1   0   3   0  20   8   1  15  12   1   2   3   1   1  13  0.53 0.38
   33 F    -2  -4  -5  -4  -1  -4  -5  -3  -5   0   4  -4   6   5  -4  -2  -2  -2   0  -1    3   1   0   1   1   0   0   3   0   4  34   1  20  20   1   3   2   1   3   3  0.86 0.50
   34 A     6  -5  -5  -4   1  -3  -5   1  -6  -2  -3  -2  -2  -6  -3   0  -3  -6  -6  -3   67   0   0   1   2   1   0  11   0   3   3   2   1   0   1   5   1   0   0   1  1.25 0.72
   35 G    -2  -7  -1  -6  -1  -6  -6   7  -7  -5  -5  -3  -7  -4  -7  -2  -4  -7  -7  -5    3   0   3   0   1   0   0  83   0   1   2   2   0   1   0   2   1   0   0   1  2.08 0.95
   36 L     3  -3  -3  -5   0  -4  -4  -2  -3   2   2  -4   3   3  -3  -2  -2   1  -2   1   28   2   1   0   2   0   0   3   1  10  16   0   7  11   1   3   1   2   1  11  0.44 0.35
   37 Y    -2  -3  -4  -3  -2  -4  -3  -3  -1   1   0  -5   2   6  -2  -3  -3   1   6  -2    4   1   1   2   1   1   2   2   1   7   7   0   4  34   2   2   1   1  24   2  0.99 0.56
   38 V    -2  -6  -6  -6  -1  -4  -4  -4  -6   6   2  -4  -1  -1  -6  -4  -3  -6  -5   3    3   0   0   0   1   1   1   1   0  50  19   1   1   2   0   1   1   0   0  15  1.16 0.60
   39 G     3  -2  -3  -3  -1  -4  -5   5  -2  -4  -4  -4  -3  -3  -5   2  -1  -6  -5  -3   26   2   1   1   1   0   0  42   1   1   2   0   1   1   0  16   4   0   0   1  0.94 0.58
   40 I    -3  -5  -5  -3  -1  -4  -4  -4  -3   3   3  -5   3   6  -6  -3  -2  -1  -1   1    2   0   0   2   1   1   1   2   1  15  23   0   7  30   0   2   3   1   1   8  0.80 0.48
   41 G     2  -6  -3  -4  -1  -6  -6   6  -6  -3  -4  -6  -1  -2  -6  -1  -2  -1  -6  -3   14   0   1   1   2   0   0  63   0   2   2   0   2   2   0   5   3   1   0   2  1.38 0.76
   42 I     2  -3  -2  -3   1  -2  -3   1  -1   2  -1  -3   0   2  -2  -1   1  -1   2   1   19   1   1   1   3   1   1  13   1  10   6   0   2   9   1   3   7   1   7  11  0.21 0.23
   43 L     0  -4  -3  -4  -1  -1  -3  -2  -1   2   3  -4   3   2  -3  -1   0   0   0   1    9   0   1   0   2   2   1   3   2  10  29   0   8   7   1   4   5   1   3  11  0.32 0.27
   44 L     0  -3  -3  -5   0  -2  -4  -2  -1   1   3  -3   1   3  -4  -2  -1   0   1   1    9   1   1   0   2   2   0   3   1   7  34   1   3  12   0   3   3   1   4   9  0.39 0.31
   45 I     2  -3  -1  -1   1  -1  -2  -2  -1   2   0  -3   2   0  -2   1   1  -3   1   1   17   0   3   3   3   2   2   3   2  12  10   0   6   4   2  11   7   0   6   8  0.15 0.19
   46 F    -1  -1  -1  -2   0  -1  -2  -2   0   1   1  -2   1   5  -4  -1   0   1   1   1    6   3   2   2   2   2   2   3   2   8  12   2   4  23   0   4   6   2   4   8  0.26 0.22
   47 T     0  -1   0  -1   1  -1  -1  -1   0   1  -1  -1   1  -1  -3   1   3  -3   1   1    8   4   4   3   3   3   3   5   3   7   5   4   3   3   0  10  19   0   4   8  0.11 0.16
   48 I     0   0   0   0   2   0   0  -1  -2   0  -1   0   1   0   0   0   0   3   1   0    5   5   5   5   5   5   5   5   0   5   5   5   5   5   5   5   5   5   5   5  0.05 0.08
   49 G     2  -3  -2  -3  -4  -2  -3   5  -1  -3  -4  -2  -1  -3  -4   0   1  -2  -1  -2   19   2   2   2   0   2   2  38   1   2   2   2   1   2   1   8   8   1   2   3  0.66 0.39
   50 G     2  -4   1  -1  -2  -1  -3   4   0  -3  -4  -2   0  -3  -1   0   1  -3  -2  -3   16   1   6   3   1   3   2  31   2   2   2   3   3   2   3   8   9   0   1   2  0.47 0.30
   51 L     0  -2   0  -1  -1   0  -1   1  -1   0   1  -1   2   0   0   0   0   0   0   0   10   1   5   3   1   4   2   9   1   5  16   2   6   5   5   5   6   2   3   8  0.05 0.07
   52 L     0  -3  -2  -2   0  -2  -3  -2  -3   1   3  -3   2   3  -1  -1   0  -2  -1   1    8   1   2   3   2   2   1   3   1   8  27   1   5  11   4   4   5   1   2  10  0.28 0.19
   53 T     1  -2   0  -1  -3   0   0  -1   0  -2  -2  -1  -1  -2   2   1   3  -2   1   0   13   2   4   4   0   3   6   5   2   2   4   2   2   2   9  11  17   0   4   6  0.16 0.18
   54 D     1  -2   1   3  -4   1   2   1   1  -3  -3   0  -1  -2   0   0   0  -2  -2  -2   11   1   6  16   0   7  11   9   3   1   3   5   1   2   5   8   6   1   1   3  0.22 0.19
   55 A     3  -3   0  -2  -2  -1   0  -1  -2   0  -1  -1   0  -1   0   1   2   1  -1   0   26   1   4   2   0   3   5   3   1   5   5   3   2   3   5  10  11   2   2   7  0.18 0.20
   56 G     1  -2   2  -1  -3  -1  -1   4   0  -2  -2  -3  -3  -2   0   0  -1   3  -1  -2   11   2   9   4   0   3   3  34   3   3   3   1   1   2   6   6   3   3   2   2  0.41 0.29
   57 S     1  -2   1  -1  -3  -1  -1   0  -1  -1  -2  -2  -1   0   3   3   0   1  -1  -1   13   2   7   3   0   3   4   7   1   3   3   1   1   4  14  21   4   2   2   3  0.23 0.22
   58 P     0  -3  -2  -1  -3  -1  -1   3  -2  -3  -3  -2  -2  -2   6   0  -1  -3  -3  -3    7   1   1   3   1   2   4  20   1   1   3   3   1   2  36   8   3   0   1   2  0.74 0.41
   59 M     0  -3  -2  -2  -3  -1  -3  -2  -3   1   3  -3   3   2  -3  -2  -2   2  -1   1    7   1   2   2   0   2   2   4   1   9  34   1   7   9   1   3   2   3   2   9  0.33 0.24
   60 T     2  -1   0  -2  -2   1  -2   1  -2   0  -1  -1   0  -2   1   0   2  -2  -1   0   18   2   4   1   0   7   2  10   1   5   7   2   3   1   6   7  14   0   2   7  0.14 0.17
   61 K    -1   3   0  -2  -3   0  -1   0   0  -3  -4   5  -3  -3  -1   0  -1  -2   1  -4    5  18   5   1   0   4   2   6   3   1   1  34   1   1   3   6   3   1   4   1  0.52 0.36
   62 I    -1  -4  -4  -5  -3  -3  -4  -4  -4   3   4  -4   1   3  -2  -3   0  -2  -1   1    5   0   0   0   0   1   1   1   0  17  38   1   3  13   2   1   5   0   1  10  0.58 0.35
   63 V     0  -4  -4  -5  -2  -4  -4  -4  -5   4   3  -4   2   0  -3  -2  -1  -3  -2   4    7   0   0   0   0   0   1   1   0  21  26   0   4   3   1   2   3   0   1  28  0.60 0.36
   64 M     1  -3  -2  -3  -2   0  -3   3  -3  -1  -1  -2   3   2  -2   1  -1  -2   1  -2   11   0   1   1   1   4   1  28   0   3   6   2  10  11   1   9   3   0   4   2  0.32 0.28
   65 G     4  -4  -1  -3  -4  -3  -4   5  -4  -4  -4  -4  -4  -4  -1   0  -3  -5  -4  -4   32   1   3   1   0   1   0  49   0   1   1   0   0   1   3   5   1   0   1   1  1.05 0.54
   66 L     1  -4  -3  -5   0  -4  -4  -3  -4   2   3  -4   2   2  -3  -1  -2  -2  -2   1   14   0   1   0   2   0   0   2   0  13  35   0   5  11   1   5   2   1   1   9  0.43 0.29
   67 S     0  -3  -3  -4   2  -3  -3   0  -1   1   1  -3   1   1  -1   0   1  -2  -2   3    9   1   1   0   5   1   0   7   2   6  12   0   3   8   4   8  10   1   1  24  0.20 0.21
   68 F    -6  -7  -4  -5  -2  -7  -7  -7  -5  -3  -2  -7  -4   9  -3  -3  -6  -3   3  -4    0   0   1   1   1   0   0   0   0   1   2   0   0  83   2   2   0   0   6   1  2.47 0.95
   69 A     1  -4  -3  -4   2  -3  -3   3  -2  -2  -5  -4  -3  -3   6   2  -1  -2  -5  -4   10   1   1   0   4   1   1  19   1   2   1   0   1   1  35  19   4   1   0   1  0.88 0.51
   70 I     0  -4  -4  -5   0  -4  -4  -3  -4   3   2  -4   1   2  -2  -2  -1   2  -1   3    7   0   0   0   2   0   0   1   0  16  22   0   4  10   2   2   3   3   2  23  0.44 0.29
   71 A     2  -3  -2  -3  -1  -3  -4   6  -4  -3  -5  -4  -2  -5  -1  -1  -2  -5  -5  -3   19   1   1   1   1   1   0  61   0   2   0   0   1   0   3   3   2   0   0   1  1.19 0.57
   72 L    -4  -5  -5  -6  -4  -5  -4  -6  -5   1   5  -5   1   4  -2  -3  -3  -4   0  -1    0   0   0   0   0   0   1   0   0   6  59   0   2  17   2   1   1   0   3   3  1.03 0.52
   73 S     0  -4  -3  -3   4  -2  -3  -2  -2   3   0  -3   3   2  -4  -1   1  -1  -1   2    7   0   1   1   8   1   1   4   1  21   6   0   7   8   0   6   7   1   2  17  0.32 0.25
   74 L    -1  -3  -3  -5   0  -2  -4  -3  -4   1   3  -4   6   2  -5  -2   0   0   0   0    6   1   1   0   2   1   0   1   0   7  34   0  20   7   0   2   5   1   3   4  0.57 0.39
   75 V    -2  -5  -2  -5   1  -2  -5  -4  -5   5   1  -5   0  -3  -5  -3  -1  -5  -2   5    2   0   2   0   2   2   0   2   0  35   9   0   2   0   0   2   2   0   2  37  0.90 0.50
   76 I    -2  -4  -2  -4   3  -2  -3  -3  -1   4   1  -2   1   0  -4  -2  -1   0   1   3    3   0   2   0   6   2   2   2   2  22  14   2   3   2   0   2   3   1   6  26  0.43 0.30
   77 M    -1  -3   0  -3   2  -1  -2  -2   0   2   2  -3   1   2  -4  -1   0   1   2   1    3   0   5   0   5   2   2   2   2  12  23   0   4  11   0   4   5   2   7  10  0.22 0.20
   78 T     1  -1  -1  -3   3  -1  -2   1  -1  -1   1  -1   2   0  -1   0   2  -3   0   0   11   2   2   0   8   2   2  12   2   2  12   2   9   5   2   4  15   0   2   6  0.13 0.17
   79 G     0   1   1   1  -3   1   1   0   2  -3  -3   1  -2  -2  -2   1   1  -2   1  -2    8   8   8   8   0   8   8   8   8   0   1   8   0   0   0   8   8   0   8   0  0.18 0.12
   80 T     0  -3   0   0   2   0  -2   0   2   0  -1  -2   1   1   1   0   0   4   1   0    6   0   6   6   6   6   0   6   6   6   6   0   6   6   6   6   6   6   6   6  0.11 0.17
   81 E    -2  -2  -1   3  -6   0   5  -1   0  -3  -4  -2   0  -3  -1  -1  -3   4  -2  -3    2   1   2  19   0   2  41   6   2   2   1   1   3   1   4   3   1   7   1   2  0.69 0.36
   82 L    -5  -6  -7  -7  -5  -5  -6  -3  -6   0   6  -6   1   0  -6  -6  -4   2  -4   1    0   0   0   0   0   0   0   2   0   3  76   0   3   3   0   0   0   3   0  10  1.37 0.52
   83 F    -2   1  -5  -5   2  -4  -5  -3  -4   0   0  -4  -2   7  -5  -2  -2   2   2   1    4   8   0   0   4   0   0   2   0   4   8   0   0  49   0   2   2   2   5   9  0.89 0.37
   84 T    -2  -3   1  -3  -3  -3  -3  -4  -3  -3  -1  -3   1  -3  -4   0   6  -4   2   0    0   0   7   0   0   0   0   0   0   0   5   0   5   0   0   5  66   0   8   5  0.99 0.48
   85 G     0  -1  -2  -2  -3  -2   1   5  -3  -4  -2  -2  -3  -4   2   2   0  -4  -4  -3    6   4   0   0   0   0   9  45   0   0   4   0   0   0   9  17   4   0   0   0  0.59 0.27
   86 N     0   0   0   0   2   1   0   0   2   0  -1   0   1   0  -2   0   0  -2   1   0    6   6   5   6   5   5   6   6   5   6   6   6   5   5   0   6   6   0   5   6  0.03 0.07
   87 N     0  -4   2  -2   4  -3  -3  -2   0   0  -2  -3   4   3  -1  -1   3  -4  -1   0    7   0  11   3  10   0   1   3   2   4   3   1  11  12   4   4  17   0   2   6  0.37 0.31
   88 M     0  -1  -1  -5   1  -1  -4  -1   1  -1   2  -4   6   1  -1  -1   0  -4   0   0    9   3   3   0   3   3   0   4   3   3  18   0  23   6   3   4   5   0   3   6  0.43 0.35
   89 V     0   0   0   0   2   0   0  -1  -2   0  -1   0   1   0   0   0   0   3   1   0    5   5   5   5   5   5   5   5   0   5   5   5   5   5   5   5   5   5   5   5  0.05 0.08
   90 M     0  -3  -2  -3   0  -3  -5  -3  -1   1   2  -3   5   2   0  -2   0   1  -1   2    8   1   2   2   2   1   0   2   1   8  17   1  14   8   6   3   5   2   2  14  0.37 0.30
   91 S     2  -1  -3  -5   0  -2  -3  -2  -5   0  -1  -3   3  -1   2   1   3   0  -2   1   14   3   1   0   2   1   1   3   0   5   5   1   7   3  12  10  17   1   2  11  0.32 0.32
   92 A     3  -2  -1  -1   2  -1  -2  -2   0   0  -1  -2   2   0   0   0   0   2   1  -1   22   3   3   3   3   3   3   3   2   5   6   3   4   3   6   8   7   2   5   5  0.18 0.18
   93 G    -1   0   0   0   2   0   0  -1   2   0  -1   0   2   1   0  -1   0   4   1  -1    5   5   5   5   5   5   5   5   5   5   5   5   5   5   5   5   5   5   5   5  0.09 0.08
   94 M     2  -1  -1  -2   1  -1  -2  -2   0   0   0  -2   3   0   0  -2  -1   4   0   2   15   4   3   3   3   3   3   3   2   5  10   3   6   5   6   3   5   5   3  12  0.18 0.15
   95 L    -1  -1  -1  -1   1  -1  -1  -2   0   0   2  -1   2   2  -4  -1  -1   2   2   0    6   3   3   4   3   3   3   3   3   5  21   5   5  10   0   4   3   3   8   5  0.12 0.15
   96 N     0   0   0   0   2   0   0  -1   1   0  -1   0   1   0   0   0   0  -2   1   0    5   5   5   5   5   5   5   5   5   5   5   5   5   5   5   5   5   0   5   5  0.03 0.05
   97 K    -5   5  -2  -4  -4  -3  -3   3   0  -4  -7   5  -4  -5  -4  -4  -3   1  -5  -5    1  24   2   1   1   2   2  19   2   1   1  34   1   1   1   2   2   2   1   1  1.20 0.69
   98 G     0   3  -2  -3  -2   1  -1   2  -1  -2  -3   4  -3  -4  -3  -1  -1  -2  -3  -2    7  16   3   2   1   5   4  14   1   2   4  23   1   1   2   5   4   1   1   3  0.46 0.30
   99 V     0  -2  -4  -5   2  -2  -4  -4  -3   5   0  -4   0  -2  -3  -3   1  -1   0   4    9   2   1   1   3   2   1   2   1  28   8   1   3   2   2   2   7   1   3  22  0.72 0.39
  100 S    -2   0   0  -3   0  -3  -5  -1  -2  -3  -5   0   0  -3   1   4   4   1  -1  -4    3   5   4   2   2   1   1   6   1   2   2   7   3   1   7  26  22   2   3   2  0.59 0.46
  101 I    -1  -3  -5  -6  -2  -4  -6  -3  -2   3   2  -3   1   2  -1  -3   0   8  -1   1    5   2   1   1   1   1   1   3   1  13  18   2   3   7   4   2   6  17   2  10  0.76 0.43
  102 K     0   3  -2  -4  -3  -1  -4   2  -2  -2  -1   3  -1  -1  -2   0  -2   4  -1  -3    7  13   2   1   1   2   1  15   1   2   8  18   2   3   3   8   3   5   2   3  0.38 0.28
  103 D     0   1   1   3  -3   3   1   0   0  -5  -3   2  -2  -4  -2  -1  -2  -1  -2  -4    7   8   7  16   1  13   7   6   2   1   3  11   1   1   2   6   3   1   1   2  0.35 0.28
  104 T     1  -2  -1  -5  -1  -3  -3  -2  -2   1   2  -3   5  -1  -2  -2   1   1   1   2   11   2   3   0   2   1   2   3   1   6  18   2  12   3   2   3   8   2   4  15  0.32 0.26
  105 S     0  -2  -2  -3   1  -2  -3  -1  -5   2   3  -3   2   2  -2  -1  -2   3  -1   1    9   2   3   1   2   2   1   5   0  10  28   2   4   7   2   4   3   4   2   8  0.29 0.22
  106 K    -1   4  -1  -3  -1  -1  -3  -2  -1  -1  -1   3   1  -2   0  -1  -1   2   1  -2    6  19   3   2   2   3   2   4   2   4   7  17   3   2   5   5   4   3   5   4  0.32 0.23
  107 I    -2  -3   5  -3   0  -3  -3  -3   2   3   1  -3   1  -1  -3  -2  -2   1  -1   1    4   2  22   2   2   1   2   2   4  15  14   2   3   3   2   4   3   2   3   9  0.49 0.28
  108 W    -1  -1  -1  -5   1  -4  -4  -2   1   0   0  -4   1   1  -1  -2  -1   9   2  -1    4   3   3   0   3   0   0   4   3   4  11   0   4   6   3   3   3  33   5   4  0.95 0.49
  109 A     1  -1   0  -3   2  -2  -3   0  -2   1   0  -2   1   2   0   0   0   2   0   1   16   3   6   0   4   0   0   8   0   8  11   0   4   9   4   5   6   3   3   9  0.09 0.13
  110 Y    -1  -2  -2  -4  -1  -1  -3  -3   0   2   1  -2   1   1  -4  -2  -1   5   3   2    3   1   2   0   1   2   1   2   3  14  17   2   2   7   0   2   4   8  10  18  0.30 0.23
  111 S     0  -3  -1  -3   5  -2  -2  -2  -3   1   0  -3   0  -1  -2   1   1   0  -1   3    4   0   2   0  12   2   2   2   0   6   5   0   2   2   2  13  10   2   2  31  0.31 0.27
  112 W    -1  -3  -3  -4   1  -3  -3  -1   2   0   0  -3   0   3  -4  -1   1   7   4  -1    3   0   0   0   4   0   0   5   5   6   8   0   3  12   0   3  10  15  20   4  0.53 0.31
  113 V     0  -3  -1  -3   2  -2  -3   0  -3   1   1  -3   1   2   0  -1   0   4   1   2    7   0   4   0   5   0   0   7   0  10  13   0   3   9   4   4   4   8   4  16  0.17 0.16
  114 G     0   0   0  -2   3  -2  -2   0  -2   0   0  -2   2   1  -3   0   0   4   1   0    7   7   7   0   7   0   0   7   0   7   7   0   7   7   0   7   7   7   7   7  0.11 0.14
  115 N     1  -2   1  -1  -2  -1  -1   1   3  -1   0  -1  -1  -1  -2   1   1  -2   2   0   11   1  10   1   0   0   1  11  10   1  11   1   0   0   1  11  11   0  10  11  0.10 0.09
  116 L    -1  -3  -3  -4   0  -2  -3  -1  -3   1   3  -3   1   4  -3  -2  -1   2   1   0    5   0   0   0   2   2   0   5   0   8  37   0   3  22   0   2   2   2   3   4  0.35 0.20
  117 I     1  -3  -3  -3   0  -2  -2  -1  -1   3   1  -3   0   1  -3  -1   0   2  -1   2   13   0   0   0   2   0   2   6   2  22  16   0   2   6   0   2   4   4   0  16  0.18 0.14
  118 G     0  -3  -2  -3  -3  -3  -3   6  -3  -3  -2  -3  -3  -4   0  -1  -1  -4  -4  -1    6   1   0   1   0   0   1  66   0   1   5   1   0   0   4   4   4   0   0   6  0.92 0.34
  119 A     3  -2   0  -2   2  -1  -2   1  -2  -1   0  -2   1  -1  -2   1   1  -3  -2  -1   34   0   4   0   6   2   0   8   0   2   9   0   4   3   0  13  10   0   0   3  0.23 0.18
  120 L     0  -2   0  -2   3   0  -2   0  -2   0   0  -2   2   1  -3   0   0   4   2   0    7   0   7   0   7   7   0   7   0   7   7   0   7   7   0   7   7   7   7   7  0.13 0.15
  121 V     0  -3  -3  -3   1  -1  -3  -1  -3   2   2  -2   1   2  -3  -1   0   3   1   1    8   0   0   0   4   4   0   5   0  12  20   0   5  12   0   5   6   4   4  10  0.17 0.15
  122 L     0  -5  -3  -5   1  -3  -5  -3  -1   2   3  -4   3   3  -3  -2  -1   0   0   2    7   0   1   0   3   1   0   2   1  11  24   0   9  12   1   2   3   1   4  16  0.45 0.33
  123 G     4  -4  -2  -3   0  -2  -2   2  -4  -2  -1  -2  -1   0  -2   0  -1   2  -1   1   37   0   1   2   2   1   2  16   0   2   6   2   2   3   1   7   3   3   2   9  0.42 0.36
  124 I     0  -3  -4  -3   1  -2  -3  -2  -1   2   1  -3   1   2  -5  -2  -2   3   4   2    9   1   0   1   3   1   1   3   1  13  14   1   4   9   0   2   2   4  13  15  0.36 0.29
  125 I    -1  -4  -3  -5   0  -3  -5  -3  -2   3   3  -4   2   1  -3  -2  -1   2   0   2    4   0   1   0   2   1   0   2   1  16  30   0   5   6   1   3   4   3   4  13  0.45 0.33
  126 F    -1   0   0   0   2   0   0  -1   2   0  -1   0   2   1   0  -1   0   4   1  -1    5   5   5   5   5   5   5   5   5   5   5   5   5   5   5   5   5   5   5   5  0.09 0.08
  127 V     1  -2  -2  -4   0  -2  -4   0   0   0   0  -2   1   1  -3   1   2   2   2   2   11   3   2   1   2   2   1   7   2   5   8   2   3   5   1  10  10   2   6  16  0.20 0.17
  128 G     1  -2  -1  -3   0   0  -3   3   4  -3  -1  -1   0   1  -3   0  -1   3   2  -3    9   3   3   2   2   4   2  22   8   2   6   5   3   5   2   6   4   3   7   2  0.31 0.24
  129 T     0  -3  -2  -3   1   1  -3   0   1  -2  -2  -2   0  -1  -3   3   3   0   0  -1    9   2   2   2   2   6   2   8   3   3   5   2   2   3   2  19  18   1   3   5  0.33 0.30
  130 G    -1  -1  -1  -1   1   0  -2   4   2  -2  -2  -2   0   1  -1  -1  -1   3   2  -2    6   3   3   3   3   4   3  26   4   3   4   3   3   5   4   6   4   4   6   3  0.29 0.22
  131 L    -1  -1   0  -1   1   0  -1   0   1   0   1  -1   3   0  -1   0   0   3   0   0    6   3   4   3   2   4   4   7   4   6  13   3   7   4   4   6   6   4   4   6  0.07 0.07
  132 V     0  -2  -2  -2   0  -1  -2  -1   0   1   1  -2   3   2  -1  -1   1   2   1   1    9   2   2   3   2   2   2   5   3   7  11   2   6   9   4   4   8   3   4  10  0.15 0.11
  133 D     0  -2   2   3   0   0   1   0   1  -2  -2  -1   0  -1  -1   1   1   1   0  -2    7   3   8  16   2   4   8   7   3   2   4   4   3   2   3   9   8   2   3   3  0.18 0.17
  134 K     0  -2   1   1  -1   0   1   1   1  -1  -1   0   0  -1   0   1   0   1  -1  -2    8   2   6   7   2   4   8   9   4   4   5   7   2   2   5  10   6   2   2   3  0.05 0.08
  135 G     0  -3   0   0  -1  -2  -1   5   0  -2  -2  -3  -1  -3  -1  -1  -2   0  -2  -2    7   2   5   6   1   2   5  40   2   3   5   2   2   2   4   5   3   1   2   3  0.61 0.42
  136 P    -1   0   0   0   2   0   0  -1   2   0  -1   0   2   1   0  -1   0   4   1  -1    5   5   5   5   5   5   5   5   5   5   5   5   5   5   5   5   5   5   5   5  0.09 0.08
  137 V    -1   0   0   0   2   0   0  -1   2   0  -1   0   2   1   0  -1   0   4   1  -1    5   5   5   5   5   5   5   5   5   5   5   5   5   5   5   5   5   5   5   5  0.09 0.08
  138 A     2  -1  -1   0   0   0  -1   2   1  -1  -1  -1   0  -1  -2   0   0   1   0   0   18   3   3   5   2   4   4  15   3   3   7   4   2   3   3   6   5   2   3   6  0.12 0.12
  139 E    -1   0   0   0   2   0   0  -1   2   0  -1   0   2   1   0  -1   0   4   1  -1    5   5   5   5   5   5   5   5   5   5   5   5   5   5   5   5   5   5   5   5  0.09 0.08
  140 F     1  -2  -1  -4  -6  -1  -2  -1   0   0   1   0   2   4  -4  -2   0   2   4  -1   11   2   4   1   0   3   3   5   2   5  12   6   4  14   1   4   6   3  11   5  0.29 0.21
  141 F     2  -1  -4  -4  -3  -4  -4  -3  -2   3   2  -3   2   3  -4  -2   0  -1   1   2   14   4   1   1   1   1   2   3   1  14  16   2   4  11   1   3   5   1   4  11  0.37 0.24
  142 A     3  -2  -2  -2  -2  -1  -1  -1   0   2   0  -1   1  -1  -3  -1   0  -2   0   1   20   2   2   2   1   3   4   5   2  10  10   4   3   2   1   6   7   1   4  10  0.17 0.15
  143 N     0  -1   2  -1  -2   1   0  -1   3  -1  -1   2   0  -2  -3   1   1  -1   0  -1    8   3  11   4   1   5   7   5   6   3   5  10   2   2   2  11   7   1   3   4  0.16 0.16
  144 T     0  -2  -2  -3  -1  -1  -2   0   0   3   0  -2   1   0  -3  -1   2  -5  -1   2    8   2   2   1   1   2   3   8   2  18   9   3   3   3   1   5  12   0   2  14  0.18 0.20
  145 A     4  -3  -3  -2   0  -2  -3   0   0  -1  -2  -2   0  -2  -4  -1  -1   0   1   0   35   2   2   3   2   2   2   7   2   4   4   3   2   2   1   5   5   1   5   8  0.41 0.35
  146 A     2  -1  -1   0   0   0   1  -1   1  -1  -1   0   0  -1  -2   0   0   0   0   0   22   2   3   5   2   4  11   4   4   3   5   5   3   2   2   5   6   2   3   5  0.08 0.17
  147 S     1   0   0   0  -3   0   0   0   3  -1  -2   1   0  -1   0   1   0  -3   0  -1   10   3   3   5   0   4   7   8   7   3   4  12   4   3   4   9   6   0   4   3  0.07 0.13
  148 K    -2   1  -1  -1  -5   0  -1  -2   2  -1  -2   5   1  -1  -1  -2  -1   2   0  -2    3   6   3   3   0   3   4   3   4   3   3  39   3   3   3   3   4   3   3   3  0.49 0.42
  149 A     1  -3  -2  -3   1  -1  -3   2   0   0   0  -1   3  -2  -2  -2   0   0  -1   2   13   2   2   2   3   3   2  14   2   6  10   4   7   2   2   3   6   1   3  14  0.22 0.17
  150 S    -1   0   0   0   2   0   0  -1   2   0  -1   0   2   1   0  -1   0   4   1  -1    5   5   5   5   5   5   5   5   5   5   5   5   5   5   5   5   5   5   5   5  0.09 0.08
  151 M     1  -1  -2  -1   0  -1  -1   0   2   0   2   0   3   0  -1  -2  -1   1   2   0   10   3   2   3   2   2   4   7   6   6  17   6   6   3   3   3   4   2   6   5  0.11 0.10
  152 P    -1  -2  -1   0   1   0  -1   1   1  -2  -2  -2   0  -1   3   1   1   2   1  -2    6   3   3   6   2   4   4  10   3   3   4   3   3   3  15  10  10   3   4   3  0.19 0.19
  153 F    -1   0   0   0  -3   0   0  -1   2   0  -1   0   1   0   0   0   0   3   1   0    5   5   5   5   0   5   5   5   5   5   5   5   5   5   5   5   5   5   5   5  0.06 0.08
  154 T     0  -2  -2  -2  -2   0  -1   1   0   0   1  -2   2   0  -2   0   1   5   0   0    6   2   1   2   1   3   4  10   3   6  11   2   5   5   2   8  10   7   3   8  0.13 0.14
  155 A     2  -1  -1  -1  -2   4   3  -2  -1  -2  -3  -1  -1  -3  -2   0   1  -1  -2  -1   17   2   2   4   1  17  18   4   2   2   2   3   2   1   2   6   8   1   1   5  0.33 0.31
  156 L     2  -2  -1  -3   1  -1  -2  -1  -1   1   1  -2   1   0  -1  -1   0   1   1   1   23   2   2   0   3   2   2   3   2  11  19   0   3   2   2   3   6   2   5   7  0.14 0.18
  157 F    -1  -4  -3  -4   1  -3  -2  -2   1   1   1  -3   1   5  -4  -1  -1   3   1   1    4   0   0   0   4   0   4   4   3  10  10   0   4  33   0   4   4   3   3   9  0.42 0.30
  158 F     0  -3  -1  -3   1  -1  -2  -1   0   1   1  -2   1   2  -3   0   0   5   1   1    9   0   3   0   4   3   0   4   3   8  14   0   4   9   0   6   4  10   5  12  0.18 0.16
  159 R     0   3  -1  -1  -1   1   1  -2  -1  -2   1   2   1  -1  -2   0  -1  -3  -2  -2    7  19   1   1   1   6   8   2   1   1  16  15   5   3   1   9   1   0   0   1  0.17 0.15
  160 G     2  -3  -2  -1  -3   0  -2   5  -3  -3  -3  -2  -3  -3  -3   0   0  -3  -1  -1   19   1   1   2   0   4   1  52   0   1   1   1   0   0   1   4   5   0   2   4  0.73 0.29
  161 I    -1  -4  -4  -4   2  -3  -4  -4  -4   5   1  -3   2   0  -3  -1   0   3  -2   3    3   0   0   0   4   0   1   1   0  42   7   0   5   2   0   5   4   4   0  19  0.53 0.26
  162 L     0  -2  -3  -3  -1  -2  -3   0   0   0   3  -1   1   2  -1  -1  -1   0  -1   0    8   0   0   0   1   0   1   8   3   2  42   4   3  10   3   5   2   1   1   4  0.22 0.17
  163 C     1  -3  -3  -3   8  -3  -3  -1  -3  -2  -1  -3   1  -3  -3   1   0  -3  -3   0   15   0   0   0  39   0   1   5   0   0   6   1   5   0   0  11   4   0   0   8  0.77 0.32
  164 N    -1  -3   6   0  -4   1  -2   1   2  -5  -5   0  -4  -4  -4   1   0   3  -3  -4    5   0  41   5   0   8   0  10   5   0   1   5   0   0   0   8   5   5   0   0  0.74 0.39
  165 I     0  -3  -1  -1   1  -3  -3  -1   2   2   1  -3   2   0  -1  -1  -1   6   0   0    8   0   3   5   3   0   0   4   5  13  14   0   6   4   3   3   3  14   3   5  0.28 0.19
  166 L    -1  -3  -4  -4   1   0  -3  -4  -3   1   3  -3   4   3  -4  -2   0   2   1   0    4   0   0   0   3   6   0   0   0   6  37   0  12  13   0   3   6   3   4   3  0.41 0.28
  167 V    -1  -4  -4  -4  -3  -3  -4  -2  -4   2   2  -4   2  -2  -4  -1   0  -4  -3   5    3   0   0   0   0   0   0   4   0   8  18   0   5   0   0   3   5   0   0  51  0.61 0.32
  168 C     1  -4   1  -2   8   0  -1  -1  -3  -2  -2  -3  -3  -1  -4   0  -1   4   1   1   11   0   7   1  32   5   4   5   0   1   2   0   0   2   0   5   2   6   5  11  0.65 0.34
  169 V     0  -2  -2  -3   3   1  -2   0   2   0   0  -2   2   1  -3   0   0   4   2   0    7   0   0   0   7   7   0   7   7   7   7   0   7   7   0   7   7   7   7   7  0.14 0.16
  170 S     4  -3  -1  -1   1  -1  -1   2  -3  -1  -1  -2   0  -3  -3   1   0   1  -3  -1   38   0   3   3   3   2   3  16   0   3   7   0   3   0   0   9   4   2   0   4  0.30 0.27
  171 V     0  -2  -1  -3   1  -3  -3  -1  -3   1   0  -3   1   0  -1  -1   0   3   0   4    7   2   2   0   3   0   0   4   0   7   9   0   3   3   2   5   5   4   3  38  0.26 0.24
  172 L    -3  -2  -2  -1   0  -1  -3  -3   1   0   1  -4   0   2  -2  -3  -2   9   1   0    2   2   2   4   2   3   2   2   3   6  11   0   3   8   2   2   2  32   5   8  0.92 0.46
  173 C     0  -5  -2  -3   2  -1  -2   0  -2   0   3  -4   6   0  -3  -1  -2  -1  -4   0    6   0   3   1   4   3   3   8   1   5  28   0  17   4   1   5   3   1   0   5  0.47 0.32
  174 S     3  -2  -1  -2   2  -1  -3   1  -2  -2  -2  -3  -1  -1  -1   2   0  -1   1  -1   25   3   3   2   4   2   1  12   1   2   4   1   1   3   3  15   7   1   5   5  0.27 0.25
  175 F    -1  -3  -1  -2  -2  -2  -3  -3   0   1   1  -1   5   4  -2  -1   0   0   4  -1    6   1   3   3   1   2   1   2   2   7  11   4  13  14   2   5   5   1  13   4  0.35 0.26
  176 R     3   2   0  -3  -1   0  -2   0  -1  -2  -2   1   1  -3  -2   2   0  -5  -3  -2   21  11   4   1   2   5   2   8   1   3   3   9   4   1   2  14   5   0   1   3  0.25 0.24
  177 T     3  -3  -1  -3   0  -2  -3   0  -3  -1  -1  -2   2  -2  -3   3   1  -5  -3   0   27   1   3   1   2   2   2   7   0   4   7   2   4   2   1  21   9   0   1   5  0.39 0.35
  178 N    -3   3   1   0  -3   2   0  -3   0  -4  -5   5  -3  -4  -2  -1   1  -6  -2  -4    2  15   6   5   1   8   6   2   2   1   1  31   1   1   2   5   9   0   1   1  0.63 0.45
  179 S    -3  -2   1   5  -6  -1   2  -1   1  -5  -5  -1  -5  -5   0   3   1  -6  -3  -4    1   2   7  26   0   2  11   6   3   1   1   3   0   1   4  22   8   0   1   1  0.64 0.47
  180 D     0  -4   0   3  -4  -1   1  -1   0   0   0  -2   1  -1  -2  -1   1  -5  -2   2    7   0   4  16   0   2   8   5   2   6   9   2   3   2   2   5  10   0   1  16  0.17 0.19
  181 T     2  -3  -3  -4  -2  -3  -2   0  -1   2   0  -3   0  -1   0   1   3  -1  -3   1   15   1   1   1   1   1   2   6   2  11  10   1   3   3   4  13  16   1   1  11  0.24 0.25
  182 A     2  -3  -2   0  -3  -4  -3   5  -3  -4  -4  -3  -2  -3  -3   2  -1  -6  -6  -2   19   1   1   6   1   1   2  37   0   1   1   2   1   1   1  17   4   0   0   3  0.72 0.49
  183 K     0   0   0  -2   2   1   0   0   2   0   0   0   1   1  -2   0   0  -2   1   0    6   6   6   0   6   6   6   6   6   6   6   6   6   6   0   6   6   0   6   6  0.04 0.09
  184 I    -1  -1  -2  -4   1  -1  -4  -3  -1   4   1  -3   2   0   0  -2  -1   1   0   3    5   3   2   0   3   2   0   2   2  27   9   0   6   5   4   2   3   2   3  20  0.31 0.26
  185 I    -1  -4  -4  -5   1  -4  -4  -2  -4   4   2  -4   2   3  -2  -2  -1   2   0   1    6   0   0   0   2   0   0   3   0  24  22   0   5  15   3   3   3   3   3   9  0.46 0.31
  186 M     2  -1  -1  -3   1  -3  -3   1  -3   0   0  -3   3   1  -1   0   0   1   0   1   26   3   2   0   4   0   0  10   0   6   8   0  10   7   2   4   4   2   2   9  0.18 0.23
  187 I     0  -3  -1  -3   2  -1  -1  -2  -3   3   1  -3   3   0  -1  -1   0  -3   0   1    7   0   3   0   4   3   3   4   0  22  10   0  11   4   3   4   7   0   3  10  0.22 0.23
  188 F    -1  -4  -1  -4   1  -1  -2  -2   1   1   0  -3   1   4  -1  -2  -1   7   2   0    4   0   3   0   3   3   3   4   3  10   7   0   4  17   3   3   4  17   5   6  0.47 0.31
  189 L    -1  -2  -4  -4   1  -3  -4  -2  -3   1   2  -3   2   4  -2  -2  -1   5   1   0    5   2   0   0   3   0   0   3   0   8  26   0   5  19   2   3   4  10   4   6  0.43 0.27
  190 C     0  -3  -3  -3   4  -2  -3   0   0   0  -1  -3   1   0   4  -1   0   2  -2   1    7   0   0   0   9   0   0   9   4   7   6   0   4   4  26   4   4   4   0  10  0.39 0.23
  191 L     0  -2   1   1  -2  -1  -1   0  -2   1   0  -2   1   1   1   0   1  -2  -1   0    8   0   8   8   0   0   0   8   0   8   8   0   8   8   8   8   8   0   0   8  0.07 0.09
  192 F     1  -3  -3  -3   1  -1  -1  -1  -2   0   0  -2   3   4  -1   0   0   3   1   0   12   0   0   0   4   3   4   5   0   4   8   0  10  19   4   9   5   4   5   4  0.18 0.19
  193 A     0  -3   1   0   3  -2  -2   0  -2   0   0  -2   2   1   1   0   0  -2   1   0    7   0   7   7   7   0   0   7   0   7   7   0   7   7   7   7   7   0   7   7  0.09 0.13
  194 F    -4  -4  -4  -5  -4  -4  -5  -5  -3   1   0  -4   2   7  -5  -1  -1  -2   2   0    0   0   0   0   0   0   0   0   0   9   6   0   5  60   0   4   4   0   4   5  1.16 0.46
  195 I     1  -3  -2  -3   0  -1  -1   0  -3   2   0  -2   0   1   0   0   0  -2   1   2   11   0   0   0   3   3   3   8   0  16   3   0   3   8   5   7   5   0   4  23  0.13 0.14
  196 T     2  -3  -1  -2   0  -1  -2   1  -2   1   0  -2   0   2  -3   0   1  -2   1   0   24   0   2   2   2   2   2   9   0   9   8   0   2  11   0   5  10   0   4   7  0.13 0.16
  197 S     1  -3  -2  -3   3  -1  -2   1  -1   0   1  -3   4   0  -2   1   0  -3  -2  -1   13   0   1   0   6   2   1  14   1   5  17   0  14   4   1  11   4   0   1   3  0.22 0.22
  198 G    -2  -2   0   0  -2  -2  -3   6   0  -4  -5  -2  -2  -6  -2  -1  -3  -6  -6  -4    2   2   4   6   1   1   1  69   3   1   1   2   1   0   2   3   1   0   0   1  1.23 0.57
  199 F    -4  -5  -2  -4   0  -4  -4  -4  -4  -3   2  -5   0   7  -1  -3  -2   1   3  -3    1   0   2   1   2   1   1   1   0   0  18   0   2  54   3   2   2   1   9   1  1.22 0.55
  200 E    -1  -2  -2   1  -6   3   6  -4   3  -6  -4  -2  -4  -2   0  -2  -1  -5  -2  -5    5   1   1   6   0  12  52   1   7   0   1   1   0   2   5   1   4   0   1   0  0.93 0.51
  201 H    -6  -4  -1  -2   1  -1  -4  -6  11  -7  -7  -5  -6  -5  -6  -5  -6  -6  -3  -7    0   0   2   2   3   2   0   0  89   0   0   0   0   0   0   0   0   0   0   0  3.29 1.07
  202 S     0  -4  -2  -4   6  -3  -3  -3  -4   0  -2  -3  -2  -3  -4   4   1  -5  -3   3    8   0   1   0  17   0   0   1   0   5   2   0   1   1   0  34   8   0   1  21  0.63 0.37
  203 V    -2  -5  -5  -5  -4  -5  -5  -4  -5   5  -1  -5   0   0  -1  -4  -2  -5  -4   5    2   0   0   0   0   0   0   1   0  34   2   0   1   3   3   0   1   0   0  51  1.12 0.48
  204 A     6  -4  -4  -4  -3  -3  -1   0  -4  -2  -2  -3  -3  -3  -3  -1  -1  -4  -1   2   64   0   0   0   0   0   4   5   0   1   4   0   0   1   0   2   2   0   2  13  0.86 0.45
  205 N    -3  -3   8   1  -5  -3  -2   1  -3  -6  -6  -3  -5  -5  -4   0  -2  -5   0  -5    1   0  67   6   0   0   2   9   0   0   0   0   0   0   0   7   1   0   4   0  1.46 0.58
  206 M     0  -3  -3  -5   0  -2  -4  -4  -3   0   0  -4   9   2  -5  -2   0   1  -2  -1    6   1   1   0   2   2   1   1   1   4   4   0  54   8   0   3   5   2   1   4  1.23 0.55
  207 T     0  -3  -2  -3   1  -2  -1   0   1  -2  -2  -3  -2   5  -2  -1   1   0   3  -1    7   0   1   1   3   1   5   7   4   2   1   1   1  31   2   4  12   1  12   5  0.44 0.27
  208 I    -1  -3  -3  -1   0  -1   0  -3  -2   1   2  -3   1   3  -3  -1   0  -1   2   2    3   0   1   3   2   2   7   1   1   8  23   1   3  12   1   3   5   1   9  14  0.22 0.17
  209 Y    -2  -4  -4  -4  -2  -3  -4  -2  -1   3   2  -4   1   5  -3  -2  -2  -1   2   1    3   1   0   1   1   1   1   3   1  22  17   1   2  26   1   2   2   1   6   9  0.56 0.30
  210 S     1  -3  -2  -3  -3  -2  -3  -1  -2  -2  -1  -2   0   0   5   3   1  -1  -2  -2   13   1   2   1   0   1   1   5   1   2   5   1   3   5  28  20   7   1   2   2  0.52 0.33
  211 V     2  -3  -2  -3   2  -2  -3  -1  -3   2   2  -3   3   0  -3  -1   0  -1  -1   2   18   1   2   1   4   1   1   5   0  14  17   1   7   4   1   3   5   1   2  12  0.23 0.19
  212 S     3  -3  -2  -3  -3  -2  -1   4  -1  -3  -1  -3   0  -3  -1   1  -1  -3  -3  -1   25   1   2   1   0   2   3  31   1   1   5   1   3   1   3  12   3   0   1   3  0.48 0.31
  213 L    -2  -4  -4  -5  -3  -3  -4  -2  -2   3   4  -3   5   0  -4  -4  -2   1  -1   1    3   1   1   1   0   1   1   4   1  17  33   2  18   4   1   1   1   2   2   8  0.66 0.37
  214 F    -2  -4  -5  -5  -3  -3  -4  -2  -2   1   2  -4   3   6  -4  -3  -3   2   1   0    4   1   0   1   0   1   1   4   1   7  19   1   8  35   1   2   1   3   4   6  0.81 0.40
  215 S     2  -2   1  -1  -1   0  -1   1   1  -1   0  -1   0  -2  -2   2   0  -2   1  -1   19   2   7   2   1   4   4   9   4   3   8   3   2   2   1  16   4   1   4   3  0.13 0.14
  216 P     0  -2  -1   0  -3  -1   0   3  -1  -3  -2   0   0  -2   5  -1  -2  -3  -2  -2    9   2   3   5   1   3   5  20   2   2   4   5   2   2  24   5   3   0   1   3  0.41 0.24
  217 T     1  -1   1   1  -2   0   0   0   3  -1   0  -1   0  -1  -1   0   1  -1  -1  -1   10   2   5   7   1   4   7   9   8   4   9   3   3   3   3   7  10   1   2   4  0.07 0.08
  218 I     0  -2  -1  -1  -2  -1  -2   1  -1   2   1  -2   1   1   1  -1  -1   0  -1   1    7   2   2   4   1   2   2  11   1  13  16   2   3   7   7   3   3   1   2  10  0.12 0.10
  219 S     3  -3  -1   1  -4  -1   0   1  -1  -3  -3  -1  -3  -1   1   3   0   0  -2  -2   21   1   3   8   0   3   7  10   1   1   2   3   1   3   6  20   6   1   1   3  0.29 0.25
  220 T     1  -2   1   1  -3   0  -1   1   1  -3  -1  -2  -2  -1   1   1   2   4  -1  -1   10   2   7   9   0   4   5  11   3   1   6   2   1   2   6   9  13   5   2   4  0.16 0.16
  221 V     0  -4  -4  -3  -2  -3  -3  -3  -4   3   2  -4   3   1  -2  -3  -1   0  -1   3    9   1   1   2   1   1   2   2   0  14  22   1   6   6   2   2   4   1   2  20  0.44 0.25
  222 T     0  -4   1   1  -4  -1  -1  -1  -2  -2  -2  -2   1  -3  -2   2   5   2  -3  -3    8   1   6   6   0   3   4   6   1   3   4   2   4   1   2  16  29   2   1   2  0.46 0.34
  223 I    -1  -5  -4  -5  -3  -4  -5  -4  -3   3   2  -5   2   3  -3  -3  -3   7   1   3    5   1   1   1   0   1   1   1   1  16  18   1   4  10   2   2   2  13   4  18  0.77 0.38
  224 G     2  -3  -2  -1  -4  -1  -2   5  -2  -3  -1  -2  -2  -1  -2   1  -2   4  -2  -3   14   2   2   4   0   2   3  35   1   2   6   3   1   3   2   9   3   4   1   2  0.53 0.31
  225 G     0  -2   1   1  -4   0  -1   4   0  -4  -2   0  -1   0  -2   0  -2   2   0  -4    9   3   7   8   0   5   5  28   2   1   4   5   2   4   2   6   3   3   3   1  0.33 0.22
  226 A     2  -4  -3  -3  -3  -1  -3  -2  -3   1   1  -3   2   4  -4  -2  -2   3   4   1   17   1   1   2   1   3   2   3   1   8  11   2   4  14   1   3   3   4  11   9  0.44 0.25
  227 I    -1  -6  -5  -4  -3  -5  -6  -3  -5   5   3  -6   1   3  -5  -4  -2   1  -4   3    6   1   1   1   1   1   1   2   0  24  24   1   3  11   1   2   3   2   1  16  0.87 0.39
  228 Y    -2   1   0  -3  -4  -3  -3  -3   5  -3  -2   1  -2   2  -5  -2  -2   8   4  -3    5   8   5   2   0   1   2   3  11   2   5   7   1   8   1   3   3  18  11   2  0.84 0.43
  229 N    -6  -2   8  -5  -5  -3  -5  -5   0  -7  -7  -1  -3   1  -7   0  -5  -9  -4  -5    1   2  68   1   0   2   1   1   2   0   1   4   1   6   0   6   1   0   1   1  2.20 1.01
  230 L    -6  -8  -7  -9  -4   0  -1  -5  -5   2   5  -8   2   2  -7  -7  -4   3  -4  -1    1   0   0   0   1   5   5   2   0  10  53   0   5   7   0   1   2   4   1   4  1.20 0.61
  231 V    -1  -7  -7  -8  -2  -6  -8  -3  -9   6   3  -7  -3   0  -6  -2  -4  -5  -7   3    6   0   0   0   1   0   0   3   0  39  24   0   0   3   1   4   1   0   0  17  1.21 0.59
  232 A     1  -9  -8  -5  -2  -6  -9  -6  -5  -1  -2  -7  -4   2   7  -3  -5   4  -4   0   10   0   0   1   1   1   0   1   0   4   5   0   1   6  54   2   1   4   1   8  1.61 0.87
  233 V     3  -9  -7  -8  -2  -8  -7  -6  -9   0  -4  -8  -2  -4  -5  -1   2  -9  -8   6   21   0   0   0   1   0   0   1   0   4   1   0   1   1   1   5  11   0   0  53  1.49 0.77
  234 T    -1  -8  -6  -6  -5  -5  -8  -3  -5  -1   0  -8  -3   3  -8   0   7   1  -1  -1    4   0   0   0   0   1   0   3   0   3   9   0   1   9   0   7  53   2   2   5  1.32 0.74
  235 L    -1  -7  -9 -10  -4  -9  -9  -8  -9   5   5  -9  -2   0  -6  -7  -6  -4  -3   1    6   0   0   0   1   0   0   0   0  23  56   0   1   3   0   0   0   0   1   7  1.54 0.73
  236 G    -4 -11  -7 -10 -11 -10 -11   8 -10 -12  -7 -10  -6 -12 -11  -7  -8  -4 -11 -11    2   0   0   0   0   0   0  96   0   0   1   0   0   0   0   0   0   0   0   0  3.14 1.34
  237 N   -10  -9   9  -4  -5  -3  -9  -9  -8 -12 -12  -9 -11 -12 -11  -4  -7 -12 -11 -12    0   0  95   1   0   1   0   0   0   0   0   0   0   0   0   1   0   0   0   0  3.71 1.54
  238 I     0  -8  -9  -9  -5  -8  -8  -6  -8   6   2  -8   2   2  -8  -4   0   3   0   1    8   0   0   0   0   0   0   1   0  42  15   0   5   7   0   1   5   4   4   8  1.18 0.58
  239 V    -3  -9  -7 -10  -4  -9  -9  -8 -10   6   1  -9  -4   0  -9  -6  -4  -9  -7   6    3   0   0   0   0   0   0   0   0  36  11   0   0   3   0   0   1   0   0  45  1.77 0.79
  240 G    -3  -9  -7  -7  -9  -8  -7   8  -4  -9  -9  -5  -9  -9  -6  -2  -7  -1  -9  -9    2   0   0   0   0   0   0  90   1   0   0   1   0   0   1   3   0   1   0   0  2.71 1.12
  241 G    -1  -5  -1  -9 -10  -9  -9   8  -9 -11 -11  -9 -10 -11  -7  -5  -9 -10 -10  -8    5   1   3   0   0   0   0  90   0   0   0   0   0   0   0   1   0   0   0   0  2.77 1.15
  242 A     4  -6  -4  -6   0  -5  -6   3  -6   0   0  -6   1   0  -6   1   0  -2  -6   1   30   0   1   0   2   0   0  21   0   5   8   0   3   4   0  10   6   1   0  10  0.61 0.40
  243 L    -2  -7  -8  -8  -1  -7  -7  -3  -7   3   4  -7   0   3  -7  -4  -3  -3  -5   4    4   0   0   0   1   0   0   3   0  15  33   0   2   9   0   2   2   0   0  29  1.03 0.51
  244 F    -6  -8  -9  -9   0  -8  -9  -7  -8   0   3  -8   1   8  -8  -7  -6  -4  -3  -1    0   0   0   0   2   0   0   1   0   6  22   0   3  59   0   0   0   0   0   4  2.07 0.85
  245 M    -2  -8  -6  -6  -2  -5  -7  -5  -6   3  -1  -7   3  -2  -7  -3   1  -3  -5   6    4   0   0   0   1   1   0   1   0  14   5   0   7   2   0   2   7   0   0  54  1.34 0.64
  246 G     3  -5  -6  -7  -3  -7  -7   6  -6  -6  -5  -6  -3  -6  -3  -1  -3  -4  -2  -5   25   1   0   0   1   0   0  59   0   1   1   0   1   0   2   4   2   0   2   1  1.60 0.75
  247 L    -2  -5  -5  -6   0  -5  -6  -4  -5   2   5  -6   3   1  -3  -5  -2   0  -2   1    4   0   1   0   2   0   0   1   0   9  51   0   7   5   1   1   2   1   2  10  0.93 0.46
  248 G     2  -4  -2  -4  -3  -4  -4   2  -2  -1   1  -4   1   0   3  -1   0  -1   1   1   16   1   2   0   0   0   0  17   1   4  13   1   4   4  14   4   6   1   4   8  0.32 0.25
  249 T    -2  -5   2  -4  -1  -3  -4  -5  -1  -1   1   0   0   1  -3  -2   0   2   7  -1    4   0   9   1   1   1   1   1   1   3  14   6   2   6   2   2   5   3  35   4  0.80 0.46
  250 Y    -1  -6  -7  -9  -5  -6  -7  -5   2  -8  -6  -6  -5   2  -9  -4  -6   9   9  -6    6   1   0   0   0   0   0   1   4   0   0   1   0   7   0   1   1  24  53   1  2.57 1.05
  251 I    -2  -4  -5  -6  -1  -4  -5  -4  -3   2   3  -4   1   4  -6  -2  -2   4   4   2    4   1   0   0   1   1   0   1   1  13  23   1   3  15   0   3   2   5  12  14  0.66 0.36
  252 L     0  -2  -3  -5  -1   0  -5  -5   0   4   3  -3   3   0  -5  -2  -1  -2   1   1    9   3   2   0   1   5   0   0   2  21  26   1   7   3   0   2   4   1   5   9  0.42 0.27
  253 G     0  -2   4  -2  -4  -2  -2   3   2  -3  -3  -2  -4   0  -4   0   0  -3   4  -3    9   2  18   2   0   1   2  20   5   1   2   2   0   4   1   8   5   0  15   2  0.48 0.33
  254 K    -1   4  -2  -1  -5   1  -1  -2   0  -4  -3   5  -3  -5  -2   0  -3  -2   0  -3    4  24   2   3   0   6   4   3   2   1   2  33   1   0   2   6   1   1   4   1  0.69 0.41
  255 E    -3   3  -1   2  -5   1   3  -4   1  -6  -4   4  -5  -6   1  -2  -1   0  -4  -4    2  13   3  11   0   5  22   1   4   0   1  21   0   0   7   3   4   1   1   1  0.61 0.38
  256 K    -4   3  -2   0  -7   2   2  -4   1  -6  -6   6  -5  -3  -1  -2  -3  -7  -4  -6    1  13   2   4   0   7  14   1   4   0   1  46   0   1   3   2   1   0   0   0  1.08 0.56
  257 L    -2   0  -3  -4  -3   0  -2  -4  -1   3   3  -1   2   0  -3  -2  -1  -3  -2   2    2   5   1   0   0   4   1   0   2  16  35   3   6   4   1   2   4   0   1  14  0.36 0.23
  258 N    -4  -1   6   4  -6   0   1  -3   3  -6  -6   1  -5  -6  -4   0  -1  -6  -4  -5    0   2  37  21   0   3  10   0   8   0   0   8   0   0   0   7   3   0   0   0  0.95 0.44

                      K         Lambda
Standard Ungapped    0.1394     0.3252
Standard Gapped      0.0410     0.2670
PSI Ungapped         0.1394     0.3252
PSI Gapped           0.0410     0.2670
