
Last position-specific scoring matrix computed, weighted observed percentages rounded down, information per position, and relative weight of gapless real matches to pseudocounts
            A   R   N   D   C   Q   E   G   H   I   L   K   M   F   P   S   T   W   Y   V   A   R   N   D   C   Q   E   G   H   I   L   K   M   F   P   S   T   W   Y   V
    1 M    -1  -2  -3  -4  -2  -1  -2  -3  -2   1   2  -2   6   0  -3  -2  -1  -2  -1   1    0   0   0   0   0   0   0   0   0   0   0   0 100   0   0   0   0   0   0   0  0.35 0.00
    2 L    -2  -2  -4  -4  -2  -2  -3  -4  -3   2   4  -3   4   0  -3  -3  -1  -2  -1   1    0   0   0   0   0   0   0   0   0   0  80   0  20   0   0   0   0   0   0   0  0.40 0.00
    3 G     0  -3  -1  -2  -3  -2  -2   6  -2  -4  -4  -2  -3  -4  -2   0  -2  -3  -4  -4    0   0   0   0   0   0   0 100   0   0   0   0   0   0   0   0   0   0   0   0  1.04 0.00
    4 N    -1  -1   6   1  -2   0   0   0   0  -3  -4   0  -2  -3  -2   2   0  -4  -2  -3    0   0  76   0   0   0   0   0   0   0   0   0   0   0   0  24   0   0   0   0  0.56 0.00
    5 M    -1  -2  -3  -4  -2  -1  -3  -3  -2   2   2  -2   6   0  -3  -2  -1  -2  -1   1    0   0   0   0   0   0   0   0   0  24   0   0  76   0   0   0   0   0   0   0  0.31 0.00
    6 N    -2   0   5   1  -3   0   0  -1   6  -4  -4   0  -2  -3  -2   0  -1  -4   0  -3    0   0  60   0   0   0   0   0  40   0   0   0   0   0   0   0   0   0   0   0  0.58 0.00
    7 V    -1  -3  -4  -4  -1  -3  -3  -4  -4   3   2  -3   1   0  -3  -2   0  -3  -1   4    0   0   0   0   0   0   0   0   0  19  24   0   0   0   0   0   0   0   0  57  0.32 0.00
    8 F    -3  -3  -4  -4  -3  -4  -4  -4  -1   0   0  -4   0   7  -4  -3  -2   1   3  -1    0   0   0   0   0   0   0   0   0   0   0   0   0 100   0   0   0   0   0   0  0.74 0.00
    9 M    -1  -3  -3  -4  -2  -2  -3  -4  -3   4   2  -2   4   0  -3  -2  -1  -2  -1   2    0   0   0   0   0   0   0   0   0  63   0   0  37   0   0   0   0   0   0   0  0.31 0.00
   10 A     4  -2  -2  -2  -1  -1  -1   0  -2   0  -1  -1  -1  -2  -1   1   0  -3  -2   2   76   0   0   0   0   0   0   0   0   0   0   0   0   0   0   0   0   0   0  24  0.27 0.00
   11 V     1  -3  -3  -3  -1  -2  -2  -2  -3   2   1  -2   0  -1  -2  -1   0  -3  -2   4   20   0   0   0   0   0   0   0   0   0   0   0   0   0   0   0   0   0   0  80  0.25 0.00
   12 L    -2  -3  -4  -4  -1  -2  -3  -4  -3   2   4  -3   2   0  -3  -3  -1  -2  -1   1    0   0   0   0   0   0   0   0   0   0 100   0   0   0   0   0   0   0   0   0  0.46 0.00
   13 G     0  -3  -1  -2  -3  -2  -2   6  -2  -4  -4  -2  -3  -4  -2   0  -2  -3  -4  -4    0   0   0   0   0   0   0 100   0   0   0   0   0   0   0   0   0   0   0   0  1.04 0.00
   14 I    -1  -3  -3  -3  -1  -3  -3  -4  -3   4   1  -3   1  -1  -3  -1   2  -3  -2   3    0   0   0   0   0   0   0   0   0  80   0   0   0   0   0   0  20   0   0   0  0.28 0.00
   15 I    -2  -3  -4  -4  -1  -3  -4  -4  -4   5   2  -3   1   0  -3  -3  -1  -3  -2   3    0   0   0   0   0   0   0   0   0 100   0   0   0   0   0   0   0   0   0   0  0.39 0.00
   16 L    -2  -3  -4  -4  -1  -2  -3  -4  -3   2   4  -3   2   0  -3  -3  -1  -2  -1   1    0   0   0   0   0   0   0   0   0   0 100   0   0   0   0   0   0   0   0   0  0.46 0.00
   17 F     0  -3  -3  -4  -2  -3  -3  -2  -2   0   0  -3   0   6  -3  -1  -2   1   3  -1   20   0   0   0   0   0   0   0   0   0   0   0   0  80   0   0   0   0   0   0  0.49 0.00
   18 S     1  -1   0  -1  -1  -1  -1  -1  -1  -2  -2  -1  -1   3  -1   4   1  -2   0  -2    0   0   0   0   0   0   0   0   0   0   0   0   0  24   0  76   0   0   0   0  0.28 0.00
   19 G     0  -3  -1  -2  -3  -2  -2   6  -2  -4  -4  -2  -3  -4  -2   0  -2  -3  -4  -4    0   0   0   0   0   0   0 100   0   0   0   0   0   0   0   0   0   0   0   0  1.04 0.00
   20 F    -3  -3  -4  -4  -3  -4  -4  -4  -1   0   0  -4   0   7  -4  -3  -2   1   3  -1    0   0   0   0   0   0   0   0   0   0   0   0   0 100   0   0   0   0   0   0  0.74 0.00
   21 L    -2  -3  -4  -4  -1  -2  -3  -4  -3   2   4  -3   2   0  -3  -3  -1  -2  -1   1    0   0   0   0   0   0   0   0   0   0 100   0   0   0   0   0   0   0   0   0  0.46 0.00
   22 A     5  -2  -2  -2   0  -1  -1   0  -2  -2  -2  -1  -1  -3  -1   1   0  -3  -2   0  100   0   0   0   0   0   0   0   0   0   0   0   0   0   0   0   0   0   0   0  0.40 0.00
   23 A     5  -2  -2  -2   0  -1  -1   0  -2  -2  -2  -1  -1  -3  -1   1   0  -3  -2   0  100   0   0   0   0   0   0   0   0   0   0   0   0   0   0   0   0   0   0   0  0.40 0.00
   24 Y    -2  -2  -3  -4  -3  -2  -3  -3   1  -2  -1  -2  -1   3  -4  -2  -2   8   7  -2    0   0   0   0   0   0   0   0   0   0   0   0   0   0   0   0   0  24  76   0  0.98 0.00
   25 F    -3  -3  -4  -4  -3  -4  -4  -4  -1   0   0  -4   0   7  -4  -3  -2   1   3  -1    0   0   0   0   0   0   0   0   0   0   0   0   0 100   0   0   0   0   0   0  0.74 0.00
   26 S     1  -1   1   0  -1   0   0   0  -1  -3  -3   0  -2  -3  -1   5   2  -3  -2  -2    0   0   0   0   0   0   0   0   0   0   0   0   0   0   0 100   0   0   0   0  0.46 0.00
   27 H    -2   0   1  -1  -4   0   0  -2   9  -4  -3  -1  -2  -1  -3  -1  -2  -3   2  -4    0   0   0   0   0   0   0   0 100   0   0   0   0   0   0   0   0   0   0   0  0.87 0.00
   28 K    -1   2   0  -1  -4   1   1  -2  -1  -3  -3   5  -2  -4  -1   0  -1  -3  -2  -3    0   0   0   0   0   0   0   0   0   0   0 100   0   0   0   0   0   0   0   0  0.52 0.00
   29 W    -3  -3  -4  -5  -3  -2  -3  -3  -3  -3  -2  -3  -2   1  -4  -3  -3  12   2  -3    0   0   0   0   0   0   0   0   0   0   0   0   0   0   0   0   0 100   0   0  2.32 0.01
   30 D    -2  -2   1   7  -4   0   2  -2  -1  -4  -4  -1  -4  -4  -2   0  -1  -5  -4  -4    0   0   0 100   0   0   0   0   0   0   0   0   0   0   0   0   0   0   0   0  0.93 0.00
   31 D    -2  -2   3   6  -4   0   1  -1  -1  -4  -4  -1  -3  -4  -2   0  -1  -5  -3  -4    0   0  19  81   0   0   0   0   0   0   0   0   0   0   0   0   0   0   0   0  0.79 0.00

                      K         Lambda
Standard Ungapped    0.1462     0.3352
Standard Gapped      0.0469     0.2670
PSI Ungapped         0.1533     0.3164
PSI Gapped           0.0469     0.2670
