
Last position-specific scoring matrix computed, weighted observed percentages rounded down, information per position, and relative weight of gapless real matches to pseudocounts
            A   R   N   D   C   Q   E   G   H   I   L   K   M   F   P   S   T   W   Y   V   A   R   N   D   C   Q   E   G   H   I   L   K   M   F   P   S   T   W   Y   V
    1 M    -8  -8  -9 -10  -8  -7  -9 -10  -8  -5  -4  -8  12  -7  -9  -8  -7  -8  -8  -6    0   0   0   0   0   0   0   0   0   0   0   0 100   0   0   0   0   0   0   0  4.45 1.70
    2 S     3  -4  -2  -3  -5  -3  -3  -4  -5  -7  -8  -5  -5  -8  -4   6   1  -8  -7  -6   20   1   2   2   0   1   2   1   0   0   0   0   0   0   1  61   9   0   0   0  1.49 0.91
    3 N    -3  -2   3   4  -5   1   3  -3   3  -5  -5   2  -4  -6  -2   1  -1  -6  -4  -3    2   1  14  20   0   5  15   1   7   1   1  14   0   0   2  12   3   0   0   2  0.62 0.45
    4 A     2  -3   2   2  -5   1   1  -2   0  -3  -4   1  -3  -5  -1   1   2  -4  -2  -3   20   1   9  12   0   5   7   3   2   1   1  10   1   0   3  11  10   0   1   1  0.34 0.31
    5 E    -2   2  -1   2  -5   2   4  -1   0  -5  -5   2  -5  -6   0   0  -1  -6  -5  -4    4  10   3  12   0   8  26   5   2   1   1  11   0   0   6   6   4   0   0   1  0.54 0.41
    6 D    -1  -2   1   3  -4   0   3  -1   0  -3  -4   1  -3  -5   0   1  -1  -5  -4   1    4   1   5  15   0   3  19   6   3   1   2   8   1   0   5   9   4   0   0  13  0.31 0.29
    7 H    -1  -1   1   0  -5   0   1  -1   2   0  -3   0  -2  -4   3   3   1  -5  -4   0    4   3   8   4   0   3   8   4   5   6   2   6   1   0  12  19   9   0   0   6  0.27 0.27
    8 A     0  -1   1   4  -5   1   3   2  -1  -5  -5  -1  -4  -6  -1   0  -1  -6  -5  -4    6   4   6  25   0   6  16  15   2   1   1   4   0   0   3   7   4   0   0   1  0.54 0.40
    9 G    -1  -1  -2   1  -3  -1   0  -1  -2   2   0  -1   3  -1   3  -1  -1  -2  -3   2    4   3   2   8   0   3   5   5   1  11   7   4   7   3  14   4   4   1   0  14  0.19 0.19
   10 T    -1  -1   1   0  -5  -1  -1   2  -4  -5  -6   0  -4  -7  -3   4   4  -7  -5  -5    4   3   7   5   0   3   4  13   0   1   0   6   0   0   2  30  20   0   0   0  0.67 0.52
   11 R    -7   9   0  -9 -10  -6  -7  -7  -7 -10  -9   1  -9 -10  -7  -4  -5 -10  -9  -6    0  84   4   0   0   0   0   0   0   0   0   8   0   0   0   1   1   0   0   1  2.84 1.34
   12 R    -6   9  -6  -9 -11  -4  -7  -8  -5 -11  -9  -1  -6 -11 -10  -7  -9 -11  -9 -10    1  92   0   0   0   1   0   0   0   0   0   4   0   0   0   0   0   0   0   0  3.26 1.52
   13 D     0   2   1   4  -4   3  -1   0  -2  -5  -4   1  -2  -5   0   0   1  -4  -2  -3    8  11   5  19   0  12   3   6   1   1   1   8   1   0   4   7   9   0   1   1  0.39 0.34
   14 F    -4  -8  -8 -10  -4  -5  -9  -7  -5  -3   1  -8  -1   9  -9  -7  -5   2  -1   0    2   0   0   0   0   1   0   1   0   2  14   0   2  65   0   0   1   3   1   6  2.21 1.05
   15 L    -2  -7  -5  -8  -4  -5  -8  -8  -5   3   5  -8   4   1  -6  -2  -1  -3  -4  -1    3   0   1   0   0   0   0   0   0  15  53   0   8   6   1   3   4   1   1   3  1.21 0.68
   16 Y    -2   1   3  -3  -4  -2  -4   0   0   0  -2   1  -1  -1  -6  -1   2  -4   5  -1    3   6  14   1   0   2   1   7   2   5   4  10   1   3   0   5  11   0  19   5  0.43 0.36
   17 Y     0   0   0  -5  -4  -4  -5   1  -4   1   1  -2   1   2  -5  -2  -1   4   4   0    7   5   5   0   0   1   1  10   0   8  14   3   4   8   0   3   4   5  14   7  0.33 0.27
   18 A     4  -7  -5  -7  -2  -6  -6  -2  -7   0   2  -6   4  -1  -6   0   3  -3  -5   1   29   0   0   0   1   0   0   3   0   5  15   0   8   3   0   8  16   0   0  10  0.71 0.52
   19 T     1  -6  -4  -7  -3  -5  -6  -1  -7   0   3  -5   2  -1  -6  -1   4   1  -4   1   10   0   1   0   0   1   0   4   0   5  28   0   4   3   0   6  27   2   0   9  0.71 0.49
   20 A     2  -4  -3  -6   0  -3  -6   5  -2   0  -1  -3  -1   0  -5   0   1   1  -1   0   13   1   1   0   2   1   0  34   1   5   6   2   2   4   0   8   9   2   2   8  0.54 0.39
   21 G     3  -7  -5  -7  -2  -7  -7   5  -5  -2  -3  -6  -2  -1  -7   1   1  -2  -7   2   24   0   1   0   1   0   0  36   0   2   3   0   1   3   0   8   7   1   0  11  0.90 0.59
   22 A     3  -6  -5  -7  -3  -6  -6   0  -7   0   0  -6   3   1  -5   0   1   3  -3   3   24   0   0   0   0   0   0   8   0   5  10   0   6   5   1   8   9   3   1  19  0.56 0.42
   23 G     2  -2  -3  -7  -4  -6  -7   5  -7   0   0  -6   1  -1  -7  -1  -1  -2  -4   1   13   2   1   0   0   0   0  42   0   5  11   0   4   3   0   4   4   1   1   9  0.82 0.54
   24 A     5  -8  -6  -8  -2  -6  -8   4  -8  -2  -1  -7  -3   0  -8  -1   0  -4  -5   0   39   0   0   0   1   0   0  26   0   3   6   0   1   4   0   5   5   0   1   8  0.99 0.65
   25 V     2  -8  -8  -7  -4  -6  -8  -1  -8   1   2  -8   0   3  -7  -3  -1  -3   0   4   15   0   0   0   0   0   0   5   0   8  19   0   2  12   0   3   3   0   3  29  0.81 0.50
   26 A     1  -8  -6  -8  -3  -8  -8   5  -8   0  -2  -8   5   2  -3  -2   0   1  -1   1   13   0   0   0   1   0   0  34   0   6   5   0  11   8   2   3   5   2   2   8  0.84 0.55
   27 T     5 -10  -7 -10  -4  -7  -9   2 -10  -1  -1  -9   0  -3   1  -4   1  -4  -6   2   43   0   0   0   1   0   0  14   0   3   7   0   2   2   6   2   9   0   0  11  1.01 0.65
   28 G     3  -3  -8  -9  -3  -6  -8   2  -6   0   2   2  -4  -2  -4  -1  -2  -9  -5   2   24   2   0   0   1   0   0  16   0   6  17  11   0   2   1   5   3   0   0  11  0.59 0.42
   29 A     4  -8  -3  -5  -1  -4  -3   3  -6  -3  -1  -6   0   1   1   2   0  -4  -1  -1   25   0   2   1   1   1   2  19   0   2   6   1   2   5   8  14   5   0   2   4  0.53 0.41
   30 A     3  -8  -6  -9  -2  -5  -6  -3  -3   2   2  -7   4   2  -4  -1   1  -3  -3   2   23   0   0   0   1   1   1   3   1   9  15   0   8   6   1   5   9   1   1  14  0.62 0.41
   31 V     3  -7  -9 -10  -3  -9  -9   0 -10   2   3  -5  -3   0  -5  -3  -4  -9  -4   4   23   0   0   0   1   0   0   7   0   8  23   1   1   4   1   3   1   0   1  25  0.90 0.55
   32 W     0  -5  -5  -5  -2  -1  -5  -2  -2   1   1  -5   2   0  -5  -2   0   6   3   4    7   1   1   1   1   4   1   4   1   6  11   1   4   4   1   4   6  10  10  22  0.64 0.42
   33 P     0  -5  -5  -1  -4  -2  -4  -1  -1  -5  -5  -1  -3  -5   8  -4  -1  -3  -6  -3    8   1   1   4   0   2   1   6   2   1   2   4   1   1  56   2   5   0   1   2  1.52 0.94
   34 L    -2  -6  -6  -9  -3  -9  -7  -6  -5   1   3  -7   5   6  -6  -4  -4  -2  -1   1    5   1   1   0   1   0   1   1   0   7  27   1  12  27   1   2   2   1   3  10  1.19 0.65
   35 I    -1  -4  -6  -8  -8  -6  -8  -3  -5   4   3  -3  -2   0  -8  -5  -3   1  -3   5    6   1   1   0   0   1   0   3   0  20  22   2   1   4   0   1   2   2   1  32  1.02 0.56
   36 N     1   5   0   1  -3  -2  -3   2  -1  -4  -3   1  -2  -3  -4   2  -3  -1  -2  -3   10  23   4   7   1   2   2  14   1   1   3   8   1   2   1  12   2   1   2   2  0.47 0.37
   37 Q    -3  -3   0   0  -4   2  -5  -2  -2  -6  -5  -6  -1   6  -4   3   0  -2   5  -4    3   2   5   5   0   9   1   4   1   1   1   1   2  23   1  20   6   1  14   2  0.89 0.59
   38 M     1  -6  -9  -6  -4  -8  -6  -4  -4  -2   4  -3   6   3  -6  -6  -5   6  -4  -1   11   1   0   1   1   0   1   2   1   3  34   2  17   9   1   1   1   9   1   5  1.18 0.68
   39 N     0  -2   3  -1  -3  -1  -3   1  -3   1   0  -1   1   1  -4   1  -1   3  -2   0    7   3  14   4   1   3   1  11   1   9   9   3   3   6   1   9   3   3   1   6  0.19 0.18
   40 P     0  -5  -5   1  -9  -5  -5  -1  -3  -4  -6  -2  -1  -3   8  -2  -5  -3  -5  -3    8   1   1   7   0   1   1   5   1   1   1   3   1   1  59   4   1   1   1   2  1.67 1.04
   41 S     0  -1   1   1  -3  -2  -3  -4  -3  -5  -2  -4  -1  -5   5   4  -1   1  -4  -2    7   4   5   7   1   2   2   2   1   1   5   1   1   1  28  23   4   2   1   4  0.71 0.56
   42 A     4  -1  -2  -2  -3  -2   0  -1  -1  -1  -2   2   1  -2   2  -2  -3   2  -3   0   28   4   2   3   1   2   6   5   1   3   5  10   3   2   9   4   2   3   1   7  0.34 0.28
   43 D    -1   2  -1   4  -3  -2  -1  -2  -2  -3   1   1  -3   0  -4   1  -1  -1  -1  -2    6   9   3  22   1   2   4   4   1   1  12   9   1   3   1   9   4   1   2   4  0.30 0.25
   44 V     2   0  -3  -2  -2   1  -2  -1  -2  -1  -2   1  -1  -1   0  -2   1  -7  -2   4   14   6   2   2   1   6   3   6   1   3   3   9   2   2   6   3   7   0   2  22  0.27 0.24
   45 Q    -1   1  -1  -1  -2   0   1  -1   1  -2   2   2  -1  -2   0   0  -1  -6  -3  -1    4   7   2   4   1   4   8   6   3   3  22  12   2   2   5   6   3   0   1   5  0.16 0.17
   46 A     4   0  -3  -2  -2  -1  -1   0   0  -3  -2   0  -1   0  -1  -1   0   0  -2  -3   34   6   2   2   1   3   5   6   3   2   4   6   1   4   3   4   5   1   2   2  0.35 0.34
   47 L     1  -1   0   0  -1   0   1   1   2  -3   0  -1   1  -1  -1  -1  -1   0  -2  -2   13   3   4   6   1   4   8  12   5   2  10   4   4   2   3   5   5   1   1   3  0.04 0.12
   48 A     3  -1  -1  -1  -2  -2   0   2  -1  -3  -3  -1   0  -2  -1   2   1   3  -3  -4   18   4   3   4   1   2   5  13   2   2   3   3   2   2   4  13   8   3   1   2  0.20 0.26
   49 S    -1  -1   0   0  -5   0   0   0   1  -1  -2   1   1  -1   1   1   1   2   0  -1    6   4   4   6   0   4   5   8   3   3   4   7   3   3   8   9   7   3   3   4  0.03 0.11
   50 I    -1   0   0   0   2   0  -1  -1   2   0  -1   0   2   0   0  -1   0   4   1  -1    5   5   5   5   5   5   5   5   5   5   5   5   5   5   5   5   5   5   5   5  0.03 0.09
   51 F    -2   0  -3   0  -3  -2   5  -3  -3   0  -2   1  -1   0  -1  -3   1   3  -2  -2    3   6   1   5   1   2  29   2   1   5   5   9   2   5   4   3   9   3   1   3  0.44 0.37
   52 V     0  -4  -4  -5  -2  -3  -3  -2  -3   2  -2  -2  -1   1  -2  -3  -3   0  -1   6    9   2   1   1   1   2   2   3   1  10   4   3   2   5   2   3   2   1   2  42  0.80 0.49
   53 D    -3  -1   1   6  -7  -3   0   0   1  -3  -3   2  -7  -4  -1  -3  -1  -1  -2  -3    3   3   7  35   0   1   5   8   3   2   3  12   0   1   4   3   4   1   2   3  0.70 0.48
   54 V    -2  -3  -3  -3  -2  -3  -4  -2  -2   4   3  -1   1  -1  -1  -3  -2   0  -3   3    4   2   2   2   1   1   2   4   1  17  26   4   3   3   4   2   3   1   1  16  0.43 0.29
   55 S     0   0   0   0  -2  -2  -1   2  -2  -3  -3  -2  -2  -3  -2   4   0  -7  -3  -3    8   5   5   5   1   2   4  13   1   2   4   2   1   1   3  30   6   0   1   3  0.41 0.39
   56 S     0  -1   0   1  -6  -1  -1   1  -2  -2  -1   3  -1  -3   0   1   0   0  -2  -2    8   3   4   8   0   3   4  10   1   3   8  16   2   1   6   8   6   1   2   3  0.12 0.17
   57 V    -2  -2  -2  -2   0  -2  -3   0   0   4   2  -3   2  -2  -2  -3  -2   1  -2   2    3   3   2   3   2   2   2   7   2  19  18   2   5   2   3   2   2   2   2  13  0.30 0.24
   58 E     0  -1   0   0   1   1   3  -2   0  -3  -3   2  -1  -2   2  -1  -1   1  -1  -2    9   4   4   6   2   6  16   4   2   2   4  10   2   2   9   4   5   2   3   3  0.14 0.21
   59 P    -2  -1  -1   1   0  -1   3  -2   1  -1  -3  -1   1  -1   4  -1  -2   1  -1  -2    4   3   3   8   2   3  16   3   3   4   4   3   3   3  18   4   3   2   2   4  0.26 0.31
   60 G    -2  -2   0  -1  -3  -4  -3   5  -4  -1  -2  -2  -2   0  -1  -2  -3   1  -1  -1    4   3   5   5   1   1   2  42   1   4   4   3   1   4   4   3   2   2   2   4  0.63 0.47
   61 V    -2  -2  -1   0  -7   5   2   0  -2  -3  -3   1   0  -3  -2   0   2  -2  -2  -2    4   2   3   5   0  20  12   7   1   2   3   9   2   1   3   6  10   1   1   3  0.36 0.37
   62 Q     0   0   1  -2  -1   1  -1  -1  -2   0   0  -1   2  -2   1   0   1  -1  -2   0    9   5   7   3   1   7   4   4   1   6   9   4   6   2   7   6   7   1   1   7  0.04 0.10
   63 L    -2  -1  -1  -1  -1   0   0   1  -1   2   0   0   1   0   0  -1   0  -1  -2   1    3   3   3   4   1   3   5   9   2  13  10   5   4   4   5   3   5   1   1  11  0.04 0.07
   64 T    -1   0   0  -1  -4  -1  -1  -2  -1   2  -2   1  -1  -2   1  -1   3   0  -1   1    4   5   4   3   0   3   3   3   1  10   3   9   2   2   7   4  19   1   2  11  0.15 0.23
   65 V     0  -1  -1  -2  -1  -1  -1  -1  -1   1  -1  -1   0   1   1  -1  -1   0  -1   3    6   4   2   2   1   3   3   6   1   8   6   4   2   7   6   4   4   1   2  22  0.08 0.16
   66 K     0   1   0   1  -3   0   0  -1   0  -1  -1   1   0   0   1   0   0   1   0  -1    7   7   4   7   0   4   6   4   2   4   6  12   2   4   6   8   5   2   3   4  0.03 0.09
   67 F    -1  -2   0  -1   1   0  -1  -2   1   0  -2   0   0   1   0  -2  -1   7   0   0    6   3   5   4   3   4   4   4   3   5   5   5   3   6   5   4   4  13   4   6  0.26 0.24
   68 L    -1   0   0   0  -3   0   0  -1   1   0  -1   0   1   0   0   0   0   3   1  -1    5   5   5   5   0   5   5   5   5   5   5   5   5   5   5   5   5   5   5   5  0.02 0.09
   69 G    -1  -1   0   1   0  -1   0   3   1  -1  -2   0  -1   0   0   0   0  -3  -1   0    3   3   5   7   2   3   5  22   4   3   4   6   2   4   4   6   4   0   3   6  0.09 0.15
   70 K    -1   0   0   0  -3   0   0  -1   1   0  -1   0   1   0   0   0   0   3   1  -1    5   5   5   5   0   5   5   5   5   5   5   5   5   5   5   5   5   5   5   5  0.02 0.09
   71 P    -1  -1  -1  -1  -1   0  -1  -1   1   0  -1   0   0   0   5  -2   0   1   0  -1    5   4   3   3   1   4   4   4   3   6   5   5   2   5  23   3   6   2   3   5  0.25 0.27
   72 I    -1  -1   0  -1   0   0  -1   0   1   1  -1   0   1  -1   0  -1   0   2   0   2    4   4   4   4   2   4   4   6   3   7   5   5   3   3   5   4   5   3   4  17  0.05 0.09
   73 F    -1   0   0   0   2   0  -1  -1   2   0  -1   0   2   0   0  -1   0   4   1  -1    5   5   5   5   5   5   5   5   5   5   5   5   5   5   5   5   5   5   5   5  0.03 0.09
   74 I    -1  -1  -1  -1   1  -1  -1  -1   0   4  -2  -1   1   0   0  -1  -1   2   0   2    5   3   3   3   2   3   5   5   3  18   4   4   3   4   5   4   4   2   3  14  0.15 0.15
   75 R    -1   0   0   0   2   0  -1  -1   2   0  -1   0   2   0   0  -1   0   4   1  -1    5   5   5   5   5   5   5   5   5   5   5   5   5   5   5   5   5   5   5   5  0.03 0.09
   76 R     0   1   0  -1   1   0  -1  -1   2  -1  -2   0   0   1   0  -1   0   4   2  -1    6   7   5   4   2   3   4   5   6   4   4   7   3   6   5   4   5   5   6   5  0.07 0.10
   77 R    -1   0   0   0  -3   0   0  -1   1   0  -1   0   1   0   0   0   0   3   1  -1    5   5   5   5   0   5   5   5   5   5   5   5   5   5   5   5   5   5   5   5  0.02 0.09
   78 T    -1   0   0   0   2   0  -1  -1   2   0  -1   0   2   0   0  -1   0   4   1  -1    5   5   5   5   5   5   5   5   5   5   5   5   5   5   5   5   5   5   5   5  0.03 0.09
   79 E     0  -2  -1   1  -1   1   2  -2   1  -1  -2   0   1  -1   2  -1  -1   4  -1  -2    7   3   3   7   2   6  11   4   3   4   4   5   3   3  11   5   4   5   2   4  0.10 0.17
   80 A    -1   0   0   0  -3   0   0  -1   1   0  -1   0   1   0   0   0   0   3   1  -1    5   5   5   5   0   5   5   5   5   5   5   5   5   5   5   5   5   5   5   5  0.02 0.09
   81 D    -1  -1   0   0  -4   1   3  -2   0  -1  -2   0   2  -1  -1  -1   0   2   0  -1    4   3   3   5   0   5  24   3   3   4   4   5   7   3   4   4   6   3   3   4  0.17 0.27
   82 I    -1  -1   0  -1  -5   0  -2   0   0   3   1  -1   1   0  -1  -2  -1   2   0   1    4   4   4   4   0   4   3   8   3  18  11   4   3   3   4   3   3   2   3   8  0.11 0.12
   83 E    -1   0   0   0   2   0  -1  -1   2   0  -1   0   2   0   0  -1   0   4   1  -1    5   5   5   5   5   5   5   5   5   5   5   5   5   5   5   5   5   5   5   5  0.03 0.09
   84 L     1   0   0   1  -2   0   3  -2   1  -2  -2  -1  -1  -2  -1   0   0   0  -2  -1   13   5   5   8   1   4  16   4   3   2   5   4   1   2   4   8   6   1   1   4  0.11 0.18
   85 G     3  -3  -2  -2  -2  -1   1  -1  -1  -2   2  -2  -1  -2  -2  -2  -2   1  -2  -1   20   2   2   3   1   3  10   5   2   3  21   3   2   2   3   3   3   2   2   5  0.21 0.23
   86 R     0   2   1   0  -2   0   1  -1  -1  -1  -3   1  -1  -1   1  -1   0   2   0  -1    7  10   7   5   1   5   9   5   2   4   3   8   2   3   6   5   6   3   3   5  0.06 0.11
   87 S     1   0   0   0  -5   0   1  -1   0  -2  -2   2  -1  -2   0   1   0   0  -1  -1   13   4   4   6   0   4   9   5   2   3   4  11   2   2   5   8   6   2   2   5  0.08 0.14
   88 V    -1  -2  -1   0  -2  -1   0  -2   3   0   0  -1   0  -2  -1  -2   1   0  -2   4    5   2   3   6   1   3   6   3   6   5   9   4   2   2   3   4   8   2   2  23  0.21 0.19
   89 Q    -2  -2   2   4  -2  -1   1  -2   0  -2  -3   0  -2  -2   1  -1   0   2   0  -2    4   2   7  23   1   3  10   4   2   2   4   5   1   2   7   4   6   2   3   4  0.30 0.29
   90 L     0  -1  -1   0   0   0   0  -1   1   0   0  -1   1   0   1   0   0   2   0   0    6   3   3   7   2   3   5   5   3   5  11   4   3   4   6   6   4   3   3   9  -0.00 0.03
   91 G    -1   0   0   0   2   0  -1  -1   2   0  -1   0   2   0   0  -1   0   4   1  -1    5   5   5   5   5   5   5   5   5   5   5   5   5   5   5   5   5   5   5   5  0.03 0.09
   92 Q     0  -1  -2   1  -2   0   2  -1  -1  -1   1   0  -1  -1  -1  -1   0   0  -2   1    6   3   2   8   1   4  12   4   2   3  16   5   1   3   3   5   5   1   2   9  0.04 0.11
   93 L     1   0  -2   0  -2  -1  -1  -1  -1  -2   3   1   1   0  -2  -2  -2   1  -2  -1   10   5   2   6   1   3   4   5   2   2  25   8   3   4   3   4   3   2   2   5  0.12 0.16
   94 V    -1   1  -1   3  -1   0  -2  -1   0  -1  -1   0  -1  -1   1  -1   0   1  -1   0    6   8   3  17   2   4   3   4   2   4   6   5   2   3   8   4   6   2   2   6  0.10 0.15
   95 D    -1  -1  -1   2   1  -1  -1  -2   1  -2  -3   0   0  -1   4  -1  -1   2   0  -1    6   4   3  12   2   3   4   4   3   3   3   5   3   3  19   5   3   2   3   4  0.21 0.26
   96 T    -1   0   0   1   0   0   0  -2   1  -1  -2   0   2  -1   1   0   0   2   0   0    6   6   5   8   2   4   5   4   3   4   4   6   5   3   8   6   6   3   3   6  0.03 0.08
   97 N     0  -1   0   0  -5   1   1  -2   1  -1   0   0   0  -1   0   2  -1   1   1  -1    7   3   4   5   0   6   8   4   3   4   9   5   2   2   4  15   3   2   4   5  0.04 0.13
   98 A     1   0  -1   0  -2  -1   1  -2   0  -2  -1   0  -2  -1   0   0   1   3   0   0   14   5   4   6   1   3   9   3   2   3   6   5   1   3   4   8   7   4   3   5  0.06 0.12
   99 R    -1   2   0   2  -2   1   1  -2   0   0  -1   0  -1  -2  -1  -1  -1   0   0   1    6  11   5  10   1   6   8   3   2   5   7   4   2   2   4   4   3   1   4   8  0.06 0.10
  100 N     0  -1   2   0  -4   0   0  -1   1  -1  -1  -1   1  -1   1   0   0   2   0   0    8   4   8   5   0   4   5   5   3   4   7   4   4   3   8   7   5   3   3   6  0.02 0.08
  101 A     0  -1   0   1   0   0   0  -1   0   0  -1   0   1   0   1   0  -1   1   0   0    9   4   4   8   2   5   7   5   3   4   6   4   3   4   6   6   4   2   3   7  0.00 0.03
  102 N    -1   2   2   0  -1   2   0   0   0  -2  -2   0  -1  -1  -1   0  -2   1   0   0    4  10  11   5   1  10   6   7   2   3   4   6   1   3   3   7   3   2   3   6  0.14 0.14
  103 I    -1   0  -1  -1  -1   2   0   0   0   0   0   0   2  -1   1  -1  -1   3   0   0    5   5   4   3   1   9   6   6   2   5  10   6   5   3   7   5   4   4   3   7  0.06 0.08
  104 D    -1  -1  -1   3  -6   0   1  -2  -1  -1  -1   0   0  -1   3  -1  -1   2  -1   0    6   3   3  13   0   5   8   4   2   4   7   6   2   2  15   4   4   3   2   7  0.21 0.19
  105 A     0  -1   0   1   0   0   0  -1   0  -1  -1  -1   0  -1   3  -1   0   2   2  -1    8   4   4   7   2   4   7   5   2   4   5   4   3   3  12   5   7   3   6   5  0.09 0.10
  106 G    -1   0  -1   2  -6   2   0   0   1  -1  -3   0   0  -1   2  -1   0   2   3  -1    5   5   3  10   0   8   5   7   3   4   3   6   3   3  10   5   5   3   8   4  0.17 0.18
  107 A    -1   0   0   0   2   0  -1  -1   2   0  -1   0   2   0   0  -1   0   4   1  -1    5   5   5   5   5   5   5   5   5   5   5   5   5   5   5   5   5   5   5   5  0.03 0.09
  108 E    -1   0   0   0   2   0   0  -1   2   0  -1   0   2   1   0  -1   0   4   1  -1    5   5   5   5   5   5   5   5   5   5   5   5   5   5   5   5   5   5   5   5  0.09 0.08
  109 A    -1   0   0   0   2   0   0  -1   2   0  -1   0   2   1   0  -1   0   4   1  -1    5   5   5   5   5   5   5   5   5   5   5   5   5   5   5   5   5   5   5   5  0.09 0.08
  110 T    -1   0  -1   0   1   0   0  -1   1  -1  -2   1   1  -1   1  -1   0   3   3   0    5   4   4   5   3   5   6   5   4   4   4   8   3   3   6   5   6   4   9   7  0.07 0.10
  111 D    -1   0   0   0   2   0   0  -1   2   0  -1   0   2   1   0  -1   0   4   1  -1    5   5   5   5   5   5   5   5   5   5   5   5   5   5   5   5   5   5   5   5  0.09 0.08
  112 Q     1   1  -2  -1  -1   2   3  -2  -1  -3  -3   2  -2  -2   1  -2  -1  -1  -3  -1   12   8   2   4   1   9  16   4   1   2   3  12   1   2   6   3   4   1   1   5  0.24 0.23
  113 N    -1  -1   6   2  -1   1   0   0  -1  -1  -4  -2  -6  -2  -3  -2  -1   2  -1  -1    5   4  30  10   1   5   6   7   2   3   2   3   0   2   2   3   4   3   2   5  0.57 0.41
  114 R    -2   5  -2  -2   0  -1   1  -3   0  -1  -3  -1  -1  -2  -1  -2  -1   5   0  -1    5  30   2   3   2   3   8   3   2   4   3   3   2   2   4   4   4   7   3   4  0.53 0.40
  115 T     0  -1  -1  -1   1  -1   0  -2   1   0  -1   0   0  -1  -2   0   2   2   0   3    6   3   3   4   2   3   7   4   3   4   5   5   3   3   3   7  10   2   3  17  0.08 0.12
  116 L    -1   0   0   0   2   0   0  -1   2   0  -1   0   2   1   0  -1   0   4   1  -1    5   5   5   5   5   5   5   5   5   5   5   5   5   5   5   5   5   5   5   5  0.09 0.08
  117 D    -1   0   0   0   2   0  -1  -1   2   0  -1   0   2   0   0  -1   0   4   1  -1    5   5   5   5   5   5   5   5   5   5   5   5   5   5   5   5   5   5   5   5  0.03 0.09
  118 E    -1   0   0   1  -3   1   1   1   0   0  -2   1  -1   0   0   0   0   1  -1  -1    4   5   4   7   0   7  10  12   2   6   4   8   2   4   4   6   5   2   2   3  0.07 0.11
  119 A    -2   1   1   1  -6   0  -1   0   3  -2  -3   2   0  -1   0   0  -1   2   0  -1    4   8   6   9   0   4   5   8   6   3   3  11   3   3   5   7   4   3   4   4  0.12 0.15
  120 G    -1   0   0   0   2   0  -1  -1   2   0  -1   0   2   0   0  -1   0   4   1  -1    5   5   5   5   5   5   5   5   5   5   5   5   5   5   5   5   5   5   5   5  0.03 0.09
  121 E     0  -1   0   1  -7   0   4   0   1  -2  -3   1   1  -1  -1  -2  -2  -7   0  -2    7   4   4   6   0   5  26   7   4   3   3   7   3   3   3   4   3   0   3   3  0.31 0.29
  122 W    -1   0   0   0   2   0  -1  -1   2   0  -1   0   2   0   0  -1   0   4   1  -1    5   5   5   5   5   5   5   5   5   5   5   5   5   5   5   5   5   5   5   5  0.03 0.09
  123 L    -2  -1  -2  -2   0  -1  -2  -2   0   1   2  -1   1   3  -4  -2  -1   4   2   0    3   4   2   2   2   2   2   2   3   7  24   3   3  13   0   3   4   5   8   6  0.20 0.20
  124 V     1  -3  -1  -3   1  -1  -3  -1   0   2   0  -3   1   0   0  -1   0  -4  -2   3   14   0   3   0   4   3   0   4   3  13   4   0   3   3   4   4   4   0   0  28  0.20 0.24
  125 M     0  -2   0   0   2   0   0   0  -2   0   0  -2   1   1  -3   0   0   4   1   0    6   0   6   6   6   6   6   6   0   6   6   0   6   6   0   6   6   6   6   6  0.09 0.13
  126 W     0  -1   0  -1  -4  -1  -1  -2   0   0  -1  -1   0   0  -1   3  -1   3   2   1    7   3   4   3   0   3   3   3   3   7   4   3   3   3   3  24   3   4   6   9  0.14 0.23
  127 G     0   0   0   0   2   1   0   0   2   0  -1   0   1  -3   1   0   0   3  -2   0    6   6   5   6   5   5   6   6   5   6   6   6   5   0   6   6   6   5   0   6  0.07 0.11
  128 V    -1  -1   0  -2  -2  -1   0  -2   0   2   0  -1   1   0  -1   0   1   0   1   2    4   3   4   1   0   3   6   1   3  13   6   2   3   5   3   7  10   1   5  19  0.08 0.13
  129 C    -1  -2   0  -5  10  -2  -2  -1  -5  -4  -4  -5  -4   0  -5   1  -1   0  -5  -2    4   2   5   0  52   2   3   6   0   0   1   0   0   4   0   9   4   2   0   3  1.50 0.71
  130 T    -1  -1   0  -3  -3  -1   0  -4   0  -3  -2  -1   1   0   1   0   5  -4  -3   0    4   3   5   0   0   2   5   0   3   0   3   3   4   4   7   3  48   0   0   5  0.57 0.46
  131 H    -1  -3   0  -1   0  -3  -3  -1   8  -2  -3  -1  -4   0   2  -1  -1   2  -2  -4    6   0   4   3   2   0   0   4  45   3   3   3   0   4   9   3   4   2   0   0  0.94 0.57
  132 L    -1   0  -3  -2   2  -1  -2  -2  -3   0   3  -3   2   0   0  -1  -1   3   0   0    3   6   0   3   6   3   2   3   0   4  35   0   5   4   4   3   4   5   3   5  0.20 0.23
  133 G    -2  -2  -2  -1  -1  -1  -2   6  -1  -5  -5  -2  -3   0  -1  -1  -3   4   1  -3    3   2   1   3   2   4   3  52   2   0   0   2   1   4   3   5   1   5   5   2  0.80 0.48
  134 C    -4  -1  -5  -1  11  -6  -6  -1  -6  -1  -2  -2  -5  -5  -6  -2  -5  -6   0  -2    0   3   0   5  63   0   0   5   0   3   3   3   0   0   0   4   0   0   3   3  2.10 0.92
  135 V     0   0  -1  -1   1  -1  -1  -2   1   1   0  -1   0   0   0  -1   1  -3   1   2    5   5   3   3   4   2   2   3   5   6   8   2   2   4   4   4  10   0   6  21  0.05 0.12
  136 P     0   0   0  -2  -2  -1   0   0   2   0  -1  -1  -1   1   1   0   0   4   1   0    6   6   6   0   0   0   6   6   6   6   6   0   0   6   6   6   6   6   6   6  0.05 0.13
  137 I    -1   0   0   0  -3   0   0  -1   1   0  -1   0   1   0   0   0   0   3   1  -1    5   5   5   5   0   5   5   5   5   5   5   5   5   5   5   5   5   5   5   5  0.02 0.09
  138 G    -1  -1   0  -1  -4  -1  -1   0   1  -1  -2  -1   1   2   0  -1  -1   7   3  -1    5   3   5   3   0   3   3   9   3   4   4   3   4   9   5   4   4  13  11   4  0.32 0.28
  139 G    -1   0   0   0  -3   0   0  -1   1   0  -1   0   1   0   0   0   0   3   1  -1    5   5   5   5   0   5   5   5   5   5   5   5   5   5   5   5   5   5   5   5  0.02 0.09
  140 V    -1  -1   1   0   0   0   0   0   1  -2  -3   1   0   0   3  -1  -1   4   1  -2    6   3   6   6   2   4   6   9   3   3   3   7   3   4  12   4   4   5   5   4  0.12 0.15
  141 S    -1   0   0   0   2   0  -1  -1   2   0  -1   0   2   0   0  -1   0   4   1  -1    5   5   5   5   5   5   5   5   5   5   5   5   5   5   5   5   5   5   5   5  0.03 0.09
  142 G    -1  -1   0   2   1   0   0   2   1  -2  -2   0   0  -1   2  -1  -1   2   0  -2    6   4   5  10   3   4   7  13   3   3   4   6   3   3   9   5   4   3   3   4  0.12 0.12
  143 D    -2  -2  -1   3   1   1   1  -1   1  -1  -3  -2   1   0  -2  -2  -1   8   0  -2    4   3   4  14   3   6   8   5   3   3   3   3   3   4   3   4   4  18   3   4  0.60 0.40
  144 F    -1   0   0   0   2   0   0  -1   2   0  -1   0   2   1   0  -1   0   4   1  -1    5   5   5   5   5   5   5   5   5   5   5   5   5   5   5   5   5   5   5   5  0.09 0.08
  145 G    -2  -1   2  -1   1   1  -2   4   2  -2  -3   0   0  -1  -2  -1  -2   2  -1  -1    4   4   8   4   3   5   3  28   5   3   3   5   3   3   3   5   3   2   3   4  0.36 0.27
  146 G    -1   0  -1  -1  -4   1  -1   3   4  -2  -2   1   0  -1   0  -1  -1   2   1  -1    3   6   3   3   0   5   4  21  11   3   4   7   3   3   4   3   4   3   4   4  0.19 0.21
  147 W    -2  -5  -5  -1   1  -5  -2  -2   1   2  -1  -5   1   6  -6  -2   0   4   2  -1    3   0   0   4   3   0   3   4   3  10   6   0   4  31   0   3   6   6   6   4  0.63 0.44
  148 F    -2  -1  -2  -2  -4  -1   1  -3   1  -1   1   0   2   4  -2  -2  -2   4   2  -1    3   3   2   2   0   2   9   2   3   3  13   6   5  20   2   3   2   5   7   3  0.28 0.27
  149 C    -2  -1  -7  -1  11  -7  -1  -7  -8  -7  -3  -7  -7  -8  -8  -2  -6  -8  -8  -7    3   3   0   4  74   0   5   0   0   0   3   0   0   0   0   4   0   0   0   0  3.09 1.22
  150 P    -1   0   0  -1  -3   1  -1  -1   0  -2   0  -2   0   1   5   0  -1  -3  -2  -2    3   6   6   2   0   7   3   5   2   2   9   0   2   7  33   7   2   0   0   2  0.44 0.22
  151 C     0  -4  -4  -4  10   0  -4  -4   3  -4  -4  -1  -3  -4   0  -3   0  -4  -4  -3    7   0   0   0  56   4   0   1   9   0   1   5   0   0   5   1   5   0   0   1  1.47 0.55
  152 H     0   0   1  -1   0   0  -2   1   8  -4  -4  -2  -3  -3  -3   0  -1  -3   1  -4    7   6   8   3   3   3   1  11  40   0   1   0   0   0   0   5   3   0   4   1  0.72 0.37
  153 G    -1  -2   0  -2  -4  -1  -2   5  -1  -1  -3   0  -1   1  -4  -1  -2  -4  -1  -3    5   2   5   2   0   3   2  48   1   5   2   5   1   7   0   3   2   0   3   2  0.58 0.33
  154 S     1  -1  -2  -3  -3  -2  -2   2  -3  -3  -3  -2  -3   1  -1   4   1   1  -2  -1   13   3   0   0   0   0   0  15   0   0   1   0   0   8   3  37   8   2   0   4  0.40 0.32
  155 H    -1   3  -1  -2  -2   1  -1  -2   6  -1  -2   0  -1   0  -1  -1   0  -1   1  -1    5  18   1   1   1   5   3   2  21   4   3   5   1   5   2   4   8   1   5   4  0.31 0.23
  156 Y     0  -2  -2  -3   4  -1  -2  -2   3  -1  -1  -2   2   2  -2  -1  -1   6   3  -1   13   1   1   1  13   1   1   1  13   1   1   1  13  13   1   1   1  13  13   1  0.35 0.11
  157 D    -1  -1   0   4  -4   2   0  -1   1  -1  -2   0   0  -1  -3  -1   1  -4   0  -1    3   3   3  27   0   9   3   3   3   3   3   6   3   3   0   3  12   0   4   3  0.26 0.20
  158 S     0   0  -1  -2  -1   0  -1  -2  -1   0   0   2   1  -1   1  -1   0   3  -1   0   10   4   2   2   2   3   2   2   2   6  12  15   3   2   8   3   6   4   2   8  0.08 0.11
  159 A     1  -2   1   2  -1   0  -1  -3  -1  -3  -1  -2  -1  -2  -5   4   1   3  -2  -2   13   2   6  12   1   3   3   2   2   2   5   2   1   1   0  28   9   3   2   2  0.39 0.32
  160 G     0  -1  -5  -1   4  -5  -6   7  -6  -6  -6  -5  -6  -6  -6  -2  -5  -6  -6  -6    6   4   0   3   7   0   0  72   0   0   1   0   0   0   0   3   0   0   0   0  1.77 0.70
  161 R    -2   6  -1  -1  -2  -1   1  -3  -1   1  -3   2  -1  -3  -3  -2   0  -5  -2   0    3  35   3   3   1   2   9   2   1   8   2  11   2   1   1   3   5   0   1   6  0.56 0.33
  162 I    -2  -1   4  -4  -4  -2  -3  -5   0   3  -2  -2  -1  -3  -2  -3  -3  -1   0   5    3   3  19   0   0   2   1   0   2  16   3   2   1   1   2   1   1   1   3  36  0.69 0.42
  163 R    -2   4  -3  -4  -5  -3  -3  -4  -2   4   0  -2  -1   3  -4  -3  -1  -1   1   3    3  19   1   1   0   1   2   2   1  19   8   2   1  12   1   1   4   1   4  17  0.49 0.32
  164 K     0   1  -1  -1  -5   0   2   0   0  -3  -3   3  -2   2   0   1  -2  -4  -2  -3    9   8   2   4   0   4  14   6   2   1   2  20   1  11   4   9   1   0   1   1  0.28 0.25
  165 G    -3  -4  -1  -4  -7  -4  -5   7  -3  -7  -7  -4  -3  -7  -4  -3  -3  -7  -7  -2    2   1   3   1   0   1   1  78   1   0   0   1   1   0   1   2   2   0   0   3  1.90 0.84
  166 P    -4  -4  -4  -4  -6  -3  -5  -6  -6  -4  -5  -5  -6  -7   9  -3  -2  -7  -4  -4    1   1   1   1   0   2   0   1   0   1   1   0   0   0  81   2   3   0   1   2  2.53 1.05
  167 A     6  -6  -5  -2  -5  -2  -5  -3  -6  -3  -5  -5  -5  -6   4  -2  -3  -6  -6  -3   66   0   0   2   0   2   0   1   0   2   1   0   0   0  19   2   2   0   0   2  1.50 0.74
  168 P    -2  -2  -3  -4  -6  -2  -4  -3  -1  -4  -4  -1  -3  -5   8  -1  -1  -7  -4  -4    4   2   1   1   0   2   1   3   1   1   2   3   1   1  68   5   4   0   1   1  1.83 0.83
  169 E    -1   6  -3  -2  -4  -1  -2  -5   0  -3   2   1  -2  -3  -4  -2   1  -3   0  -4    4  36   1   2   0   3   3   1   2   1  20   8   1   1   1   3   8   0   4   1  0.67 0.44
  170 N    -1  -4   7  -3  -7  -5  -4  -1  -3  -8  -8  -4  -7  -8   6   0  -4  -8  -7  -7    5   1  43   1   0   0   1   5   1   0   0   1   0   0  33   7   1   0   0   0  1.63 0.80
  171 L    -6  -5  -8  -8  -6  -7  -7  -8  -7  -3   7  -7   4  -2  -4  -7  -5  -2  -6  -3    0   1   0   0   0   0   0   0   0   1  84   0   7   1   1   0   1   1   0   1  1.99 0.86
  172 P     0  -3  -3   4  -4  -1   4  -4   0  -4  -3  -3  -3  -3   4  -3  -2  -3  -2  -1    7   1   1  24   0   2  27   1   2   1   2   1   1   1  17   1   2   0   2   5  0.72 0.47
  173 I    -2   2  -5  -3  -4   3  -1  -6  -2   3  -1  -3  -2  -4  -3  -3  -2  -1  -3   5    3  12   0   1   0  12   4   0   1  17   6   1   1   1   1   1   3   1   1  32  0.64 0.42
  174 P    -3  -6  -6  -7  -4  -7  -6  -8  -3  -2   1  -6  -2   3   7  -5  -4  -3   4  -2    2   0   0   0   0   0   0   0   1   3  14   0   1  12  46   0   1   0  14   3  1.46 0.76
  175 L     0   0  -1   0  -7  -1   2  -4   2  -5  -4   1  -5  -5   6  -1  -2  -4  -3  -2    7   5   3   5   0   3  12   1   4   1   2   8   0   0  38   4   3   0   1   3  0.85 0.53
  176 A    -1  -6  -4  -7  -1  -4  -6  -7   4   3  -2  -6  -1   1  -3  -3  -2  -1   7   3    5   0   1   0   1   1   0   0  10  16   4   0   2   6   2   2   3   1  31  17  1.03 0.57
  177 K     0   2  -1   0  -4   1   3  -3   1  -4  -4   3   0  -2  -4   1   2  -1  -1  -2    7  10   3   6   0   5  16   2   3   1   1  17   3   2   0   9  11   1   2   3  0.32 0.28
  178 F    -3  -4  -5  -5  -4  -3  -4  -5  -4   1   1  -3  -1   6  -5  -5  -4   0   3   4    3   1   1   1   0   1   1   1   0   8  11   2   1  31   1   1   1   1  10  24  0.92 0.48
  179 I     0  -1   0   2  -4  -1   2  -3  -2   2   1   0  -1  -3   0  -1   0  -5  -3   1    8   3   4  12   0   3  13   1   1  11  12   5   1   0   4   3   7   0   1  10  0.15 0.17
  180 D    -1  -2   1   5  -6  -2   2   1  -3  -6  -6  -1  -6  -7  -1   3  -1  -7  -6  -5    4   2   6  27   0   1  14  12   0   0   1   4   0   0   3  21   4   0   0   1  0.70 0.47
  181 E    -3  -4   0   7  -8  -3   4   2  -3  -8  -7  -4  -7  -8  -2  -3  -5  -8  -8  -7    3   1   4  49   0   1  20  15   1   0   0   1   0   0   2   1   1   0   0   0  1.42 0.75
  182 T    -3  -3   3   2  -4  -1  -1   5  -2  -6  -5  -1  -4  -6  -5   0   3  -7  -5  -4    1   2  14  10   0   3   3  36   1   0   1   4   0   0   0   5  18   0   0   1  0.82 0.52
  183 T    -3   1  -1  -4  -5   2  -1  -5  -2   1   0   3   0  -1  -5  -2   2  -1   2   1    1   7   2   1   0   9   3   0   1   8   9  18   2   3   0   2  15   1   7  12  0.32 0.30
  184 I    -5  -6  -8  -8  -6  -6  -6  -9  -8   5   5  -5  -1  -2  -8  -6  -6  -3  -5   4    0   0   0   0   0   0   0   0   0  31  42   1   1   1   0   0   0   0   0  21  1.42 0.70
  185 Q    -4   1  -5  -6  -4  -1  -2  -6  -4   3   1   0   0  -1  -6  -4  -1   0   2   4    1   8   0   0   0   3   2   0   0  16  13   7   2   2   0   1   4   1   7  32  0.62 0.41
  186 L    -3  -5  -8  -8  -6  -6  -8  -7  -8   6   3  -6  -2  -3  -7  -6  -4  -7  -6   4    2   1   0   0   0   0   0   0   0  44  22   0   0   1   0   0   1   0   0  27  1.46 0.70
  187 G    -5  -8  -6  -7  -8  -7  -8   8  -8  -9  -9  -7  -8  -9  -8  -6  -7  -8  -9  -9    0   0   0   0   0   0   0 100   0   0   0   0   0   0   0   0   0   0   0   0  2.99 1.13

                      K         Lambda
Standard Ungapped    0.1365     0.3191
Standard Gapped      0.0387     0.2670
PSI Ungapped         0.1264     0.3174
PSI Gapped           0.0387     0.2670
