
Last position-specific scoring matrix computed, weighted observed percentages rounded down, information per position, and relative weight of gapless real matches to pseudocounts
            A   R   N   D   C   Q   E   G   H   I   L   K   M   F   P   S   T   W   Y   V   A   R   N   D   C   Q   E   G   H   I   L   K   M   F   P   S   T   W   Y   V
    1 M    -4  -5  -6  -7  -5  -4  -6  -6  -5  -2  -1  -5  10   2  -6  -5  -4  -5  -4  -3    0   0   0   0   0   0   0   0   0   0   0   0  91   9   0   0   0   0   0   0  2.79 0.77
    2 A     5  -3  -2  -2  -3  -3  -2  -2  -4  -4  -4  -2  -4  -5  -3   4   0  -5  -4  -2   46   0   1   2   0   0   2   1   0   0   0   1   0   0   0  42   4   0   0   2  0.94 0.43
    3 A     2  -3   0  -2  -3  -2  -1   1  -3  -4  -4  -2  -1  -3  -1   4   3  -4  -1  -3   20   0   3   1   0   1   2   9   0   0   0   1   1   0   2  33  23   0   2   0  0.55 0.32
    4 S     1  -2  -2  -3  -3   1  -2  -2   0   0  -2   0  -2  -2   3   2   0  -4  -3   2   15   1   1   0   0   6   1   2   2   6   2   6   0   1  13  15   6   0   0  21  0.25 0.18
    5 K     1   0   0  -1  -3  -1  -1   0   0  -3  -3   2  -3  -4   5  -1   1  -4  -3  -1   14   3   4   3   0   2   3   6   2   1   1  17   0   0  27   3   9   0   0   4  0.48 0.22
    6 V    -2  -1  -4  -4  -4  -3  -4  -2  -2   1   0  -2   4   4   1  -3  -3   1   5   2    1   5   0   0   0   1   0   4   0   6   5   2  15  16   7   1   1   2  20  14  0.51 0.28
    7 K    -1   3  -2  -3  -4   0  -2  -4  -1  -1   1   3  -1  -3   2  -2  -1  -4  -3   1    5  21   1   0   0   3   0   0   1   2  13  25   1   0  11   1   2   0   0  13  0.40 0.25
    8 Q    -5  -2  -2  -4  -7   9  -2  -6  -3  -7  -6  -1  -4  -7  -5  -4  -5  -6  -5  -6    0   1   1   0   0  96   0   0   0   0   0   2   0   0   0   0   0   0   0   0  2.72 0.90
    9 D    -5  -5  -1   7  -7  -3   4  -5  -4  -7  -7  -4  -6  -7  -5  -4  -4  -7  -6  -6    0   0   1  75   0   0  24   0   0   0   0   0   0   0   0   0   0   0   0   0  2.07 0.70
   10 M    -3   1  -5  -6  -5  -4  -5   0  -5  -1   3  -3   9  -3  -6  -5  -3  -5  -4  -1    1   7   0   0   0   0   0   7   0   1  30   1  50   0   0   0   1   0   0   2  1.44 0.62
   11 P    -3  -2  -6  -5  -7  -5  -5  -3  -6  -6  -7  -5  -6  -7   8  -3  -3  -8  -7  -2    2   2   0   0   0   0   0   2   0   0   0   0   0   0  89   1   1   0   0   3  2.74 0.90
   12 P    -5  -2  -6  -6  -7  -3  -5  -6   1  -2  -7  -5  -6  -7   8  -2  -5   2  -6  -6    0   2   0   0   0   1   0   0   3   2   0   0   0   0  87   2   0   3   0   0  2.70 0.92
   13 V     1  -1  -3  -3  -4   0  -1  -4  -4  -1  -2   2  -2  -5   6  -1   0  -5  -1   0   11   3   0   1   0   4   4   0   0   3   3  16   0   0  37   3   5   0   2   8  0.73 0.39
   14 G    -2  -5  -2  -3  -5  -3  -4   7  -5  -6  -6  -4  -1  -6  -5  -2  -4  -6  -6  -4    3   0   2   1   0   1   1  85   0   0   0   1   2   0   0   3   0   0   0   1  1.88 0.70
   15 G    -3  -6  -4  -2  -6  -5  -6   7  -6  -7  -7  -5  -6  -7  -2  -4  -5  -6  -7  -7    0   0   0   2   0   0   0  94   0   0   0   0   0   0   3   0   0   0   0   0  2.35 0.84
   16 Y    -5  -5  -6  -4  -6  -5  -6  -6   0  -2  -2  -6  -4   6  -6  -5  -1  -2   8  -4    0   0   0   1   0   0   0   0   2   1   4   0   0  31   0   0   5   0  55   0  1.99 0.77
   17 G     2   1  -1  -2  -4   0   1   1  -2  -4  -4   2  -3  -5   3   1  -2  -5  -3  -3   19   8   3   1   0   3  10  12   1   0   1  14   0   0  18  10   1   0   0   1  0.43 0.31
   18 P     1  -2   0  -1  -5  -1   0  -3  -2  -2  -4   2  -2  -4   6   0  -1  -6  -5  -4   12   2   4   3   0   3   5   1   1   3   1  13   1   0  42   7   2   0   0   0  0.88 0.48
   19 I    -3  -4  -5  -3  -4  -4  -5  -4  -5   5   1  -2  -1   3  -2  -2  -2  -4  -1   3    1   0   0   2   0   0   0   1   0  37   9   3   1  14   2   3   1   0   1  25  0.73 0.42
   20 D    -3   3   4   2  -5   3   0  -2   0  -2  -4   1  -2  -3   1   0  -2  -5  -3  -4    1  16  20  13   0  16   3   2   2   2   0   9   1   1   6   5   1   0   1   1  0.52 0.36
   21 Y    -5  -5  -5  -4  -2  -5  -5  -6  -3   0  -2  -5  -4   5  -3  -3   0   6   7   1    0   0   0   1   1   0   0   0   0   5   2   0   0  23   1   2   5  10  40  10  1.39 0.65
   22 K     2   1  -1  -2  -4  -1   0  -1  -1  -3  -3   4  -1   0  -3   0  -1  -4   0   0   18   6   3   1   0   2   5   4   2   0   2  31   1   5   0   7   2   0   3   9  0.32 0.30
   23 R    -2   7  -1  -4  -6   0  -3  -5  -1  -3  -4   2  -4  -3  -1  -4  -2  -5  -1  -5    3  68   3   0   0   3   0   0   1   1   1  10   0   1   3   0   2   0   2   0  1.48 0.70
   24 N    -2   2   4  -1  -4  -1  -1  -2   0   1  -2   1   0  -3  -2  -1   1  -4  -1   1    2  11  24   3   0   2   2   2   2   9   1  10   3   0   1   2  11   0   2  12  0.28 0.27
   25 L    -1  -2  -3  -3  -3  -2  -2  -1  -3   1   2   0   2   1   3  -1   0  -3   1   0    3   1   0   0   0   1   1   6   0  10  24   5   6   7  14   5   4   0   4   7  0.23 0.20
   26 P     1  -3  -5  -5  -1  -2  -4   0  -5  -2  -2  -4  -5  -6   7  -2  -2  -6  -6  -1   12   2   0   0   1   2   0   7   0   2   4   0   0   0  60   2   3   0   0   4  1.51 0.71
   27 R     0   3   1  -2  -4  -1  -1  -2  -3  -2  -2   5  -2  -2  -2   0  -1  -4  -2  -2    9  18   6   1   0   2   1   2   0   2   4  36   1   2   2   6   3   0   1   2  0.49 0.35
   28 R     0   3  -1   0  -3   1  -2  -1  -1  -2  -1   2   0  -2   1   1   1   1  -3  -1    5  23   1   7   0   5   0   4   1   2   7  11   3   2   6   9   9   2   0   5  0.20 0.22
   29 G    -1  -2  -1  -3  -4  -1  -3   4   2  -1   0  -2  -2   1  -1  -1  -2   2   3   0    2   2   2   0   0   4   0  37   5   4   9   2   0   5   2   3   2   3  10   6  0.40 0.30
   30 L     0   0  -3  -1  -3  -2  -1  -2  -3   0   0  -1   1   3   4  -1  -1   3   0   0    7   5   0   4   0   0   3   3   0   5   8   4   4  15  22   4   3   4   3   5  0.30 0.21
   31 S     0   1   1   1  -2   1  -1   0   2   0  -2   1  -2  -3   1   1   1  -3  -2  -2    8   8   8   8   0   8   0   8   8   8   1   8   0   0   8   8   8   0   0   0  0.15 0.11
   32 G     1  -1   0  -4  -4  -3  -4   4   2  -1  -4  -3  -4  -4   3   0   0   3   0  -1   11   4   4   0   0   0   0  28   5   4   1   0   0   0  16   6   5   4   4   5  0.51 0.34
   33 Y     0   0   0  -2  -3   1   0  -1   2   0  -1   0   1   1   0   0   0   3   1   0    6   6   5   0   0   5   6   6   5   6   6   6   5   5   6   6   6   5   5   6  0.07 0.11
   34 S     1   1  -2  -3  -2   0  -2  -1  -1   1   0   0   0  -1  -1   1   1   0   2   1   14  10   1   0   0   5   0   3   1   8   6   4   1   1   2  10  10   2   8  14  0.10 0.15
   35 M    -2  -3  -3  -4   0  -1  -3  -3   1   3   2  -2   3   1  -3  -1   0   2   2   1    1   0   0   0   2   2   0   1   4  21  19   2  12   4   0   5   5   3   9   8  0.29 0.23
   36 F    -2  -4  -4  -4  -2  -4  -4  -4  -3   2   3  -3   1   5  -3  -2  -2   2   0   1    2   0   0   0   1   0   0   1   0  12  29   1   3  33   1   4   1   3   1   7  0.60 0.34
   37 A     3  -2  -2  -3  -2  -2  -3   3  -3   0   1  -1  -1  -1  -2   0  -1   1  -2   0   30   2   0   0   0   1   0  21   0   5  16   3   1   2   1   6   2   2   1   6  0.26 0.23
   38 V     1  -2  -2  -3   0  -2  -3   4  -3   1   0  -3   0   0  -1  -1   0  -3  -2   0   11   2   0   0   2   1   0  37   0   9   9   0   2   4   3   3   6   0   1   8  0.33 0.23
   39 G     0  -3  -1  -2   0  -2  -3   1  -1   1   0  -2   3   2  -3  -1   0   0   2   1    8   0   3   2   2   1   0  14   1   6   8   0  12  12   0   2   8   1   7  12  0.14 0.16
   40 I     1  -3  -2  -3   0  -2  -3   0   1   1   0  -3   0   3  -3  -1   1   1   1   0   14   0   1   0   3   0   0   9   4  12   7   0   1  18   0   4  12   2   5   7  0.17 0.17
   41 G     2  -3  -2   0  -1  -1  -2   3  -3  -1   1  -2   0  -1  -3   0   0  -3  -3   1   24   0   0   5   1   3   0  26   0   3  14   0   2   2   0   3   4   0   0  10  0.25 0.21
   42 A     0  -3  -3  -3   2  -3  -3  -1  -3   3   1  -3   1   2  -3   0   1   0  -2   2    9   0   0   0   4   0   0   5   0  21   8   0   5   9   0   6  13   1   0  16  0.22 0.19
   43 L    -1  -2   1  -2   2  -1  -2   0  -2   1   1  -2   3   1  -3   0   2   3  -1   0    3   0   8   0   5   2   0   7   0   8  10   0  11   8   0   8  17   4   0   5  0.15 0.17
   44 L     1  -2  -2  -2   0  -2  -1   2   0   1   0  -2   0   1  -1   0   0  -2   0   0   14   0   0   0   2   0   5  17   3  10  12   0   2   6   2   9   7   0   2   7  0.08 0.10
   45 F    -1  -3  -1  -3   2  -3  -3  -1  -2   0   0  -3  -1   4  -1  -1   0   4   4   0    4   0   2   0   5   0   0   6   0   7   7   0   0  18   3   5   6   7  22   7  0.37 0.24
   46 G     1  -2  -2  -3   2  -3  -1   5  -3  -2  -4  -1  -3  -4  -3   0   0   1  -4  -2    9   2   0   0   4   0   5  58   0   3   0   2   0   0   0   5   6   2   0   3  0.79 0.38
   47 Y     0  -2  -2  -3   2   1  -2   0   2   0   0   0   2   1  -3   0   0   4   1   0    7   0   0   0   6   7   0   7   6   7   7   7   6   6   0   7   7   6   6   7  0.12 0.16
   48 W    -2  -1  -1  -5   1  -1  -2  -2   1  -1  -1  -1   0   2  -1  -2  -2   7   6  -2    3   3   3   0   3   3   3   3   3   3   5   4   3   8   3   3   3  13  27   3  0.72 0.44
   49 S    -2   2  -1  -2  -1   2  -1  -1   0   0   1   2   1   0  -2  -1  -2   1   2  -1    3   9   2   2   1  10   4   5   3   4  15  15   4   3   1   4   2   2   6   4  0.17 0.20
   50 M     0   0  -2  -2  -1  -1  -2  -3  -1   0   1  -2   3   1  -5  -1  -1   3   4   2    7   6   2   2   1   3   2   2   2   6  14   2   7   4   0   4   3   4  16  13  0.28 0.25
   51 M    -1   1  -1  -2  -1  -3  -2   1   1   2  -1   0   1   2  -1  -1  -1   2   3  -1    4   7   3   2   2   0   2  13   3  13   5   6   4   9   3   4   3   3  11   4  0.16 0.18
   52 K     0   0   1  -1  -6   2   0  -2   2  -1   0   1   2   0  -1  -1   0   2   1  -2    7   5   8   3   0   8   6   4   5   3   9   8   5   4   3   4   7   3   6   3  0.13 0.13
   53 W    -1  -1   0  -1   1   1  -2   4   1  -1  -3  -1   1  -1  -2  -1  -1   3   0  -2    5   4   5   4   3   6   3  27   3   4   4   4   3   3   3   5   4   4   3   4  0.29 0.22
   54 N    -1   0   0   0   2   1   0  -3   2   0  -1   0   1   1  -3   0   0   3   1   0    6   6   5   6   5   5   6   0   5   6   6   6   5   5   0   6   6   5   5   6  0.09 0.13
   55 R    -2   4  -1  -1   1  -1  -1  -3   1  -1  -1   3   0  -1  -1  -2  -1   2   0  -1    3  20   4   4   2   3   4   3   3   4   7  17   3   3   3   3   3   3   3   4  0.33 0.24
   56 E     0   0   0   0  -3   1   0   0   2   0  -1   0   1  -2   0   0   0   3   1   0    6   6   5   6   0   5   6   6   5   6   6   6   5   0   6   6   6   5   5   6  0.07 0.10
   57 R    -1   2   0  -1   1   1  -1  -1   1   0  -1   1   1  -1  -3  -1   0   2   0   1    5  11   6   3   3   8   3   3   4   7   4   9   4   3   0   3   6   3   3  10  0.08 0.13
   58 R    -1   3   2  -1   1   0   0  -2   2   0  -1   1   1  -1  -3  -1  -1   2   0   0    3  17  11   3   3   3   6   3   4   7   6   7   4   3   0   4   4   3   4   5  0.14 0.17
   59 R     0   0   0   0   2   0   0   0   1   0  -1   0   1   0  -2   0   0  -2   1   0    6   6   5   6   5   5   6   6   5   6   6   6   5   5   0   6   6   0   5   6  0.03 0.07
   60 L    -1  -1   0   0   1   0   0  -1   1   0   2  -3   2   0  -4  -1  -1   3   0   0    3   4   5   6   3   4   8   4   3   6  23   0   5   4   0   6   3   5   4   5  0.12 0.16
   61 Q    -1   0   0   0   2   0   0  -1   2   0  -1   0   1   0  -3   0   0   3   1   0    5   5   5   5   5   5   5   5   5   5   5   5   5   5   0   5   5   5   5   5  0.06 0.10
   62 I     0   4   0  -1  -4   1   0  -4   1   2   0   0   1   1  -4  -3  -1  -4  -3   0    7  26   5   4   0   5   5   0   3  12   8   4   4   6   0   0   4   0   0   6  0.34 0.27
   63 E    -1   0  -4   0  -6   0   7  -5   1  -6  -6  -1  -5  -1  -5  -4  -5  -6  -5  -2    6   4   0   5   0   4  65   0   3   0   1   3   0   3   0   0   0   0   0   3  1.45 0.70
   64 D    -1   1   1   2  -4   0   2  -2   0  -1  -2   4   1  -1  -3  -1  -1   0  -1  -2    5   5   6  12   0   3  12   2   2   3   2  27   5   3   0   3   3   2   2   2  0.33 0.25
   65 F     0   0   1   0  -2   1   0  -2   2   0   0   0   1   1  -2   0   0  -2   1   0    6   6   6   6   0   6   6   0   6   6   6   6   6   6   0   6   6   0   6   6  0.06 0.10
   66 E     0  -1   0   2  -4   1   2  -1   0  -2  -2  -1   0  -3  -3   0  -1   7   0  -2    7   3   3  14   0   5  16   4   2   2   3   3   3   0   0   8   3  18   2   3  0.48 0.34
   67 A     3   0  -1  -1   1  -1  -1   0   0   0  -1  -2   1  -3  -3   1   0  -4  -3   1   30   6   3   2   3   2   3   7   2   5   5   0   5   0   0  11   4   0   0  11  0.20 0.24
   68 R    -3   6  -1  -1  -5   2  -1  -4   1  -3  -2   1  -1  -3  -4  -3  -1   1  -2  -3    1  54   2   3   0   8   4   0   4   2   3   6   1   1   0   1   4   2   1   1  0.94 0.42
   69 I     0   0   1  -3  -2  -1  -3  -2  -1   3   1  -2   1   1  -3  -1  -1   0   1   1    6   5   8   0   1   2   1   2   1  28  15   1   4   6   0   4   2   1   5   8  0.21 0.16
   70 A     4  -3  -1  -3   0  -2  -3  -1   4  -1  -3  -2  -1  -2  -2   1   0  -1   1   0   41   0   3   0   2   0   1   4  11   4   1   1   1   1   1  11   5   1   5   5  0.45 0.29
   71 L    -2  -4  -4  -5   0  -4  -4  -5   0   4   4  -4   3  -1  -4  -3  -1  -4  -1   1    2   0   0   0   2   0   1   1   3  23  44   0   9   2   0   1   2   0   1   7  0.71 0.32
   72 M    -1  -1  -2  -2  -2   0   0  -3   0   1   2  -2   2   1  -3  -1   2   1   0   1    4   2   1   1   0   5   9   1   3   7  21   1   6   6   0   2  15   2   3  11  0.15 0.14
   73 P    -2   0  -4  -4  -5  -4  -4  -4  -4  -5  -5  -4  -5  -5   8  -1  -1  -5  -5  -5    3   5   0   1   0   0   1   1   0   0   1   1   0   0  78   4   5   0   0   1  2.20 0.70
   74 L    -1  -3  -4  -4  -3  -3  -4  -4  -3   1   4  -3   3   3  -4  -1  -2  -2   2   1    4   0   0   1   0   0   1   1   0   7  41   1   7  15   0   5   1   0   7   7  0.55 0.27
   75 L    -1  -3  -4  -4  -3   0   0  -4  -1   1   5  -3   1   0  -4  -3  -3  -3   0   0    6   0   0   0   0   5   6   1   2   6  60   0   2   3   0   1   1   0   4   3  0.64 0.30
   76 Q    -1   1  -1  -2  -1   5   0  -3  -1   0   0   0   2  -1  -3  -1   1  -3   0  -1    3   9   1   1   1  30   5   1   1   7  11   6   5   2   0   2   9   0   3   2  0.31 0.22
   77 A     6  -4  -1  -4  -3  -3  -3  -2  -4  -3  -3  -3  -3  -4   1   1  -2  -4  -4   1   68   0   3   0   0   0   1   1   0   0   1   0   0   0   6   8   1   0   0   9  1.00 0.44
   78 E    -3  -3   1   0  -5  -1   7  -4  -3  -2  -3  -2  -4  -5  -3  -1  -3  -5  -4  -4    1   1   5   3   0   0  74   1   0   3   3   1   0   0   1   4   1   0   0   1  1.38 0.53
   79 K     0   2   1   0  -1   2   2  -1  -1  -1  -2   2   0  -2  -2   0   0   0  -1  -1    9  12   9   3   1   9  14   3   1   3   3  11   3   1   1   8   4   1   1   3  0.16 0.11
   80 D    -3  -1   1   7  -4   1   0  -3   1  -4  -4  -2  -1  -4  -3  -2   0  -4  -1  -4    1   3   5  60   0   6   4   1   4   1   1   1   2   0   1   1   7   0   3   1  1.09 0.40
   81 R    -2   6  -3  -2  -4  -2  -1  -4  -3  -2   0   1   0  -4  -1  -3   0   1  -3  -2    2  58   0   1   0   0   4   0   0   3   9   5   2   0   3   0   6   2   0   2  0.90 0.41
   82 R    -1   0   0   0   2   0   0  -1   2   0  -1   0   1   0  -3   0   0   3   1   0    5   5   5   5   5   5   5   5   5   5   5   5   5   5   0   5   5   5   5   5  0.06 0.10
   83 V     0  -2   0   0   2   1   0  -3   2   0   0   0   1   1  -3   0   0   4   1   0    6   0   6   6   6   6   6   0   6   6   6   6   6   6   0   6   6   6   6   6  0.10 0.15
   84 L     0  -1  -3  -3   1   0  -1  -4   1   0   2  -3   1   1  -4  -1  -1  -2   4   2    6   4   0   0   4   4   5   0   4   4  18   0   4   5   0   4   4   0  16  17  0.26 0.24
   85 Q    -1   6  -2  -3  -1   1  -1  -3   0  -3  -3   3  -1  -3  -5  -1  -3  -1  -4  -2    4  41   2   1   1   6   3   2   2   2   3  19   1   1   0   4   1   1   0   4  0.84 0.53
   86 M     0   6  -2  -3  -5   2   1  -3   1  -1  -2  -1   2  -3  -5  -2  -3   0  -1  -3    7  38   1   1   0  10  10   2   4   4   5   2   5   1   0   3   2   1   2   1  0.67 0.48
   87 L    -2   0  -1  -2   0   1   1  -3   2  -1   2   0   1   0  -4  -1   0   5   2  -2    3   6   3   1   3   6   9   1   6   2  20   7   4   3   0   4   5   8   8   2  0.24 0.24
   88 R    -1   4  -2  -2   0   2  -1  -3   1  -2  -1   3  -1   0  -4  -1  -2   2   2  -2    4  23   1   2   2   9   3   1   3   3   8  16   1   5   0   3   2   3   7   2  0.37 0.31
   89 E     3   1  -2  -2   0   0   2  -3   1  -3  -3   3  -4  -3  -4   0  -2  -5  -2  -2   30   8   2   1   2   4  13   1   4   1   3  18   0   1   0   4   2   0   1   3  0.43 0.37
   90 N     1   0   4   2  -4   0   0  -2  -1  -1  -1  -1  -1  -1  -3   0  -2  -1   2  -1   13   4  22  10   0   5   6   2   1   5   6   4   2   3   0   5   1   1   7   4  0.23 0.23
   91 L    -1   4  -2  -2  -4   2   0  -4  -2  -1   3   1   0  -2  -4  -3  -1  -4   1  -1    4  21   2   2   0   8   5   0   1   3  29   9   2   1   0   1   3   0   5   4  0.38 0.31
   92 E     3  -1   0   3  -4   1   4  -3  -3  -4  -3   1  -2  -3  -4  -2  -2  -5  -3  -3   22   3   5  14   0   5  29   2   0   0   3   9   1   1   0   2   1   0   1   1  0.56 0.40
   93 E    -2   5  -1  -2  -5   0   3  -4  -1  -2  -1   1  -1  -4  -4  -2  -3   3   2  -2    3  34   3   2   0   4  18   0   1   2   6   8   2   0   0   2   1   4   6   3  0.62 0.42
   94 E    -3  -2  -4  -2  -6   1   7  -6  -4  -6  -6  -4  -5  -6  -5  -3  -2  -6  -6  -3    2   2   0   2   0   5  79   0   0   0   1   0   0   0   0   2   2   0   0   3  1.98 0.95
   95 A     2   1   1   1   1   1   1   0  -2  -1  -2   2   0  -3  -2   0   0  -3  -3  -2   23   6   6   6   4   6  11   5   0   4   1  13   4   0   0   6   4   0   0   0  0.18 0.17
   96 T    -1   0   0   1  -3   1   3  -1  -2   0  -1   1  -2  -1  -2   0   0  -3  -2  -1    5   5   5   7   0   4  26   5   0   7   7  13   0   4   0   5   4   0   0   4  0.17 0.16
   97 V    -1  -1  -1  -3   1  -2  -3  -3  -3   3   3  -1   1  -1  -3  -1  -1  -3  -2   2    3   3   3   0   3   0   0   1   0  27  28   3   3   0   0   3   3   0   0  14  0.30 0.23
   98 M    -1  -3  -4  -1  -3  -3  -4  -3  -1   2   2  -2   8  -1  -4  -3  -2  -3  -3  -1    3   0   0   3   0   0   0   2   2  12  16   2  48   2   0   0   2   0   0   2  0.88 0.51
   99 K     0   0  -2  -2  -3   0   0   2  -2  -1  -3   4  -2  -2  -1   1  -1  -3  -3  -1    7   2   0   0   0   4   5  20   0   3   1  31   0   2   2  11   3   0   0   5  0.28 0.25
  100 D    -1  -1   3   4  -4   0   2   1   0  -3  -4  -1  -3  -3   0   1  -1  -4  -1  -3    3   2  15  32   0   2  11   9   2   2   1   2   0   0   5   9   2   0   3   1  0.45 0.26
  101 V    -1  -1  -1   1  -1  -1   0  -3   1   0  -1   0   1   0  -2  -1   1  -3   0   3    4   3   2   7   1   2   6   1   3   3   4   7   5   4   1   3   9   0   3  33  0.14 0.17
  102 P    -1  -1   0   0  -3  -1   0   0  -1  -3  -3   1  -2  -3   5  -1   0  -3   0  -1    4   3   5   6   0   2   6   7   1   1   1  10   1   1  30   4   6   0   4   6  0.43 0.21
  103 G     0   0   0   1  -3  -1  -1   4  -2  -2  -3   0  -2   0  -2  -1   0   0  -1  -1    7   5   5   9   0   1   4  36   0   1   2   6   0   4   1   2   7   2   2   6  0.30 0.18
  104 W     0   0  -3  -4  -3  -1  -1  -2  -3  -4  -3  -2  -3   0  -3   0  -3  11   1  -3    9   5   1   1   0   3   4   3   0   1   1   2   0   4   1   9   1  50   3   1  1.64 0.56
  105 K    -1   1  -1   0  -3   0   3  -1   0  -2  -2   3  -2  -2  -1   0   0  -3  -2  -1    1   4   2   3   0   3  25   5   2   2   3  26   0   1   3   5   6   0   1   6  0.29 0.20
  106 V     1  -2  -2  -2  -2  -2  -1  -2  -1   0  -1  -2  -1   3   1  -1   0  -2   0   3   14   2   1   1   0   1   3   2   2   2   3   2   1  14   8   4   7   0   2  31  0.23 0.21
  107 G    -1   2   0   1  -4  -1   2   4   0  -4  -3  -1  -3  -4  -2  -1  -2  -4  -2  -4    3  14   5   7   0   1  15  41   2   0   2   2   0   0   2   3   1   0   1   0  0.58 0.33
  108 E    -1  -1  -1  -1  -4   1   4  -2  -2  -1  -3   2  -2  -2  -2   0   1  -4   1  -2    3   1   2   1   0   5  37   3   1   5   2  17   1   1   1   4  11   0   5   1  0.46 0.34
  109 S    -1   0   1   0  -4  -1  -1  -1  -1  -4  -4   2  -3   0   4   3  -1  -4  -3  -3    4   5   5   6   0   1   3   5   1   0   0  18   0   6  19  23   2   0   0   1  0.44 0.32
  110 V    -1  -1  -4  -5  -3  -2  -4  -5  -2   3   0  -4  -1   2   1  -3  -1  -1  -1   5    3   4   1   0   0   2   0   0   1  13   7   0   1   8   6   1   2   1   1  49  0.63 0.40
  111 F    -5  -5  -5  -6  -2  -5  -6  -6   1  -5  -3  -5  -4   2  -6  -3  -3  -2   9  -5    0   0   0   0   1   0   0   0   2   0   1   0   0   7   0   2   1   0  84   0  2.62 0.96
  112 H    -3  -1   5  -2  -1  -2  -2  -1   7  -4  -4   1  -4   1  -5  -1  -3  -2   0  -5    1   2  33   1   1   1   1   4  30   0   1  10   0   6   0   3   1   0   2   0  1.03 0.53
  113 T    -2  -1   2   2  -4  -2  -2  -2  -3  -4  -4  -1  -4  -5  -3   3   5  -5  -4  -3    1   4  10  14   0   1   1   2   0   0   1   3   0   0   1  22  40   0   0   1  0.74 0.47
  114 T    -2  -1   1   6  -5  -1   0   0   0  -5  -5   2  -3  -5   1  -1   0  -5  -4  -4    2   2   5  47   0   1   4   6   2   0   1  15   1   0   7   2   5   0   0   0  0.81 0.42
  115 R    -3   7  -2  -3  -1   0  -1  -5  -1  -3  -4   3  -4  -4  -4  -2   0  -5  -3  -1    1  57   1   1   1   2   3   0   1   1   1  16   0   0   0   3   6   0   1   6  1.11 0.56
  116 W    -3  -4  -5  -3  -3  -5  -3  -6   1  -3  -1  -2  -3   5  -6  -4  -5   9   5  -2    1   1   0   1   1   0   1   0   3   1   6   2   0  27   0   1   0  29  23   2  1.60 0.65
  117 V    -1   2  -2  -4   0  -1  -2  -4   1   2  -1  -2   3  -1  -2  -3  -1   4  -1   4    3  13   1   0   2   2   2   0   4   9   4   1   8   3   2   1   3   6   1  36  0.41 0.31
  118 T    -2   4  -1   2  -5  -1   0  -3  -1  -4  -4   0  -3   0   5   0   1  -5  -2  -3    3  25   3  10   0   1   4   1   1   1   0   3   0   5  26   5   8   0   1   1  0.62 0.38
  119 P    -4  -4  -3  -4  -6  -4  -5  -6  -2  -4  -6  -4  -4  -7   9  -3  -4  -7  -4  -6    1   1   1   1   0   1   0   0   1   1   0   1   0   0  89   2   1   0   1   0  2.72 0.99
  120 M     0   0   1  -1  -2   0  -1  -1  -2   0  -1  -1   1  -3   1   1   4  -3  -2  -1    9   5   6   2   0   3   2   3   1   5   5   2   4   0   7   9  32   0   1   3  0.27 0.26
  121 M    -1  -3  -3  -2  -4  -1  -3  -2   1   2   1  -3   2   4   0  -2   0   1   4  -1    4   1   0   3   0   2   1   3   3  12  10   1   5  23   4   2   7   1  16   2  0.37 0.27
  122 G     2  -2   0   0  -1  -1   0   1   2  -1  -1  -1  -1  -1   0   0   0  -2   0   1   19   1   4   6   1   2   5  12   6   3   3   2   2   2   3   6   7   0   3  12  0.08 0.11
  123 E     0  -2  -1   1  -4   0   4  -3  -2   0  -2  -1  -3  -2  -1  -2   0  -4   1   2    9   1   3   6   0   3  34   1   1   4   3   2   0   1   2   1   5   0   6  16  0.35 0.30
  124 L    -1  -1  -4  -4  -2  -2  -4  -3   0   1   2  -3   0   3  -3  -2   2  -2   3   1    3   4   0   0   1   1   0   2   3   5  23   0   1  15   1   1  17   0  11  12  0.38 0.29
  125 Y    -4  -4  -4  -5  -3  -2  -4  -3  -2  -2  -2  -4   0   3   6  -3  -2   1   6  -2    0   0   1   0   0   2   0   2   1   2   4   0   3  12  38   1   2   2  26   3  1.19 0.56
  126 G     3  -1  -1  -2  -1  -1  -1   1  -3  -1  -1  -1   2  -3  -1   1  -1  -1  -2   1   35   4   3   2   1   2   3  12   0   2   4   2   6   0   2   9   2   1   2   9  0.24 0.23
  127 L    -1  -1   0  -2  -5   1  -1  -3   8  -4   0   1  -3  -1   0  -3  -4  -2   0  -4    4   2   4   2   0   6   4   2  46   1  11   7   0   3   5   1   0   1   2   1  1.04 0.51
  128 R     1   1   0  -1  -1   1   0  -2  -1  -1  -2  -1  -1  -3   1   2   2  -4  -3   0   13   9   4   2   1   7   4   2   1   3   3   1   2   0   7  17  14   0   0   8  0.18 0.18
  129 A    -2   0   1   2  -4   0   0  -2   0  -3  -1   1  -3  -3   2   1   2   2   0  -3    1   3   6  13   0   4   4   2   2   0   7   8   0   0  11  13  18   3   4   0  0.27 0.23
  130 S     0   1   1   0  -4   1  -1  -2  -1  -3  -3   3   0  -1   3   0   0  -1   2  -2    6   7   6   6   0   5   1   2   1   1   2  19   4   2  16   8   5   1   8   1  0.27 0.22
  131 E    -2   2   0   2  -5   0   3  -2   0  -3  -3   4  -1  -2  -3   0  -2   2  -1  -4    1   9   3  11   0   2  18   3   2   1   1  33   2   2   0   7   1   4   2   0  0.50 0.32
  132 E    -2  -1   1   4  -5  -1   4  -4   3  -2  -3   0  -1  -3  -4  -1  -1  -3   2  -3    3   3   5  28   0   0  28   0   7   3   2   5   2   0   0   2   3   0   7   2  0.59 0.34
  133 V     0   0  -2  -3  -3   0   0  -3   0   1   0  -1   1   2   1  -2  -1   2   3   0    9   7   0   0   0   4   6   0   2   9   9   3   4  12   6   1   4   3  12   8  0.15 0.13
  134 L     0   0   1   0   0   0   0  -2   0   0   1  -1   0   1   0   0   0   2   2   0    7   4   7   5   2   3   4   0   1   2  16   4   2   6   3  10   4   3   8   8  0.04 0.07
  135 S    -2   1   1   2  -4   1   0  -3   2  -2  -3   3  -3   0  -1   1  -2   2   2  -3    1   7   5  11   0   6   3   0   5   3   1  27   0   4   2   9   1   4  10   1  0.31 0.23
  136 A     2   5   0  -2  -4  -1   0  -2   2  -2  -2   0   1  -2  -3   0  -1   3  -1  -3   19  35   3   1   0   2   6   1   5   1   2   4   4   2   0   5   2   5   2   0  0.46 0.28
  137 T     1  -1   0  -1  -2  -1  -2  -2   2   0  -1  -1  -1   0   0   0   1   3   2   1   17   2   5   2   1   1   1   0   7   6   4   2   1   3   4   8  13   4  10  10  0.15 0.14
  138 Y    -2  -1   1  -1  -2  -1   0  -1   5  -2  -1  -2   0   3  -4  -2   0   0   4  -3    2   4   7   3   1   1   7   5  18   2   4   0   3  13   0   2   7   1  20   0  0.43 0.25
  139 G    -1   0  -1   2  -1  -2  -2   3  -1   0  -1  -2  -1   1  -3   0  -2   4   2  -1    4   7   2  12   1   0   0  24   1   6   8   0   1   6   0   7   0   7   8   4  0.23 0.16
  140 F    -2  -1  -3  -2  -2  -2  -2  -4   5  -3  -2   3  -3   5   2  -1  -1   3   1  -2    1   3   0   2   1   0   1   0  19   0   2  19   0  26  11   3   4   4   2   2  0.61 0.31
  141 I    -3  -1   0  -3  -3   1  -2  -4   2   1   3   1   3   1  -4  -1  -1   1  -1  -1    0   2   5   0   0   8   0   0   7   8  34  11  12   5   0   3   2   2   1   1  0.32 0.23
  142 W    -5  -5  -6  -6  -3  -1  -1  -6  -5  -5  -4  -2   3  -2  -6  -5  -1  12   2  -5    0   0   0   0   1   3   4   0   0   0   1   3   7   0   0   0   4  72   6   0  2.95 0.74
  143 Y    -4  -4  -4  -5  -4  -4  -4  -5   3  -3  -2  -4  -2   5  -5  -4  -4   7   7  -3    0   0   0   0   0   0   0   0   9   0   0   0   0  31   0   0   0  19  41   0  1.55 0.36
  144 T     1  -2   1  -1  -2  -1  -1  -2  -2  -2  -2  -1  -2  -3  -2   3   5  -3  -2  -1    6   0   7   0   0   0   0   0   0   0   0   0   0   0   0  27  60   0   0   0  0.56 0.12

                      K         Lambda
Standard Ungapped    0.1373     0.3219
Standard Gapped      0.0422     0.2670
PSI Ungapped         0.1378     0.3175
PSI Gapped           0.0422     0.2670
