
Last position-specific scoring matrix computed, weighted observed percentages rounded down, information per position, and relative weight of gapless real matches to pseudocounts
            A   R   N   D   C   Q   E   G   H   I   L   K   M   F   P   S   T   W   Y   V   A   R   N   D   C   Q   E   G   H   I   L   K   M   F   P   S   T   W   Y   V
    1 M    -4  -5  -6  -7  -5  -4  -6  -6  -5  -2  -1  -5  11  -3  -6  -5  -4  -5  -5  -3    0   0   0   0   0   0   0   0   0   0   3   0  97   0   0   0   0   0   0   0  3.10 0.85
    2 S     0  -4  -2  -2  -4  -3  -2  -3  -4  -5  -5  -3  -5  -6  -3   7   1  -6  -5  -5    6   0   1   1   0   0   2   0   0   0   0   0   0   0   1  83   6   0   0   0  1.56 0.64
    3 R     0   0  -1  -1  -3   2  -2  -2  -1  -4  -3   1  -3  -2   4   3   1  -4  -1  -3    6   5   3   2   0  10   0   2   1   0   1   8   0   2  19  28   9   0   2   1  0.45 0.27
    4 M    -1  -2  -2  -1  -3  -2   0  -4  -4   2   3   0   5  -2  -2  -2  -1  -4  -3   1    4   1   2   5   0   0   6   1   0  11  26   8  22   0   2   3   2   0   0   9  0.39 0.26
    5 P    -1  -5  -4  -2  -5  -4  -3  -1  -3  -4  -5  -2  -5  -6   8  -2  -1  -6  -5  -4    4   0   0   2   0   0   1   4   1   1   0   3   0   0  75   3   4   0   0   1  2.07 0.67
    6 S     1  -3  -3  -3  -4  -3  -3  -3  -4  -5  -4  -3  -2  -6   2   6   0  -6  -5  -2    9   1   0   0   0   0   1   1   0   0   2   1   1   0   9  69   5   0   0   2  1.24 0.61
    7 S     0  -3  -1  -2  -4  -1  -3  -2  -4  -1  -3  -3  -1  -4  -2   6   1  -5  -3  -1    7   1   2   2   0   2   1   2   0   3   3   0   1   0   1  64   7   0   1   4  0.95 0.51
    8 F    -2  -2  -2   0  -1  -3  -1  -2  -2   0  -1  -3   1   6  -3  -1   0  -1   2   0    4   2   2   5   1   1   4   3   0   4   3   1   4  44   1   4   7   0   5   6  0.62 0.33
    9 D    -2  -1   0   6  -5  -2   2  -4  -4  -4  -4  -1  -4  -4   2  -1  -1  -6  -3  -4    4   3   3  52   0   1  14   0   0   1   1   3   0   1   9   3   4   0   1   1  1.03 0.46
   10 V    -1  -2   0   2  -1   0   2   2   0  -3  -2  -1  -1  -1   1   0   1   2  -2  -2    2   2   3  13   1   2  14  17   2   1   3   3   2   3   8   5  11   3   1   3  0.21 0.17
   11 T    -1  -2   2   3  -3   0   0  -1   1   0   0  -1  -1   0   1   0   0   0   0   0    5   1  11  18   0   4   3   4   4   5   9   2   1   4   7   6   6   2   3   6  0.11 0.11
   12 E    -1  -1   1   2  -3   1   2  -2  -1  -2  -2   0  -1  -2   3   0   0   0  -2  -1    4   2   7  14   0   7  15   2   2   1   3   4   1   1  16   8   5   2   1   5  0.28 0.20
   13 R     1   0   1   1  -3   1   2  -2  -1  -1  -2  -1  -1  -2   3   2  -1  -2  -2  -2   10   3   8   7   0   7  12   2   1   4   3   3   2   1  13  15   3   1   1   2  0.21 0.16
   14 D    -1  -2   0   4  -4  -1   2  -1  -1  -3  -1  -2  -2   1   3   0   0  -4  -1  -3    3   1   4  23   0   2  16   5   1   1   7   1   1   6  15   7   5   0   2   1  0.35 0.23
   15 L    -1  -1  -1  -1  -3  -1   1  -3   1   0   0  -1   1   4   0  -1  -1  -1   3   0    4   4   3   3   0   1  11   1   3   6  10   3   5  20   4   3   3   1  10   6  0.20 0.17
   16 D    -1   0   1   1  -3   1   2  -1   2  -1  -2   1  -2  -1  -1   0  -1  -2   3  -1    5   4   7   8   0   6  14   5   6   4   3   7   1   2   3   5   3   0  14   4  0.15 0.14
   17 D    -1  -1   2   3  -4   1   4  -1  -2  -2  -4   0  -2  -2   2   0   0  -3  -3  -3    3   2   8  16   0   6  28   4   0   2   1   5   1   2   9   5   4   0   1   2  0.43 0.28
   18 M    -3  -3  -2   0  -5   0   6  -3   0  -3  -1  -1   4  -4   0  -1  -3  -5  -3  -2    1   0   2   4   0   2  53   1   2   1   6   2  11   1   5   4   1   0   1   3  0.89 0.52
   19 T    -1  -1   1   1  -2  -2  -1   0  -3  -3  -2  -1   0  -2  -1   3   4  -5  -3  -2    3   4   5   7   0   1   2   6   0   0   3   3   3   2   2  30  27   0   0   1  0.46 0.35
   20 F     0   1  -2  -3  -3   1  -1  -1   0  -1  -1  -1   0   3   1  -1   0   3   1   1    9   8   0   1   0  10   2   5   2   3   6   2   2  15   6   4   6   4   5  10  0.14 0.16
   21 G    -1   0  -2  -2  -3  -1   0   2  -1  -1   0   1   1   1  -1   1   0   5  -1  -2    3   6   1   1   0   1   6  15   1   2  12   8   4   6   2  14   4  10   1   2  0.19 0.18
   22 E     0  -1   0   2  -5   3   4  -1   0  -5  -4   0  -4  -5  -2   1  -2  -5  -3  -4    7   3   5  11   0  16  32   4   1   0   1   4   0   0   1  13   1   0   0   1  0.59 0.37
   23 R    -4   3  -2  -1  -6  -2  -2  -3  -2  -4  -2   6  -3  -5  -4  -2  -2  -6  -5  -5    0  17   1   4   0   1   0   2   1   1   4  63   1   0   0   2   2   0   0   0  1.27 0.61
   24 I    -1  -2  -3  -4  -1  -3  -4  -3  -4   3   2  -3   3   4  -1  -3  -2  -1  -1   1    6   2   1   1   1   1   1   1   0  16  25   1   8  20   3   1   2   1   1   9  0.42 0.26
   25 I     0  -1  -2  -3  -2  -1  -2  -2  -2   1   1   1   2   0   0   0   0   5   0   1    8   1   0   0   0   2   1   1   0  10  11  13   8   3   4   8   7  11   3   8  0.21 0.18
   26 Y    -2   6  -2  -2  -5   1  -1  -3   0  -4  -4   1  -3  -1  -4  -2  -2  -2   2  -2    3  55   1   2   0   7   3   1   2   0   0   7   0   2   0   3   2   0   9   3  0.98 0.49
   27 H    -4   4  -1  -3  -5   0  -1  -4   1  -3  -3   6  -1  -1  -3  -3  -3  -5  -4  -3    0  20   2   0   0   3   3   1   3   1   3  58   1   3   1   0   0   0   0   1  1.11 0.55
   28 C     1   0  -2  -3   3  -2  -2  -2  -3   1   1  -2   1   3  -2   1   1  -3  -1   0   16   5   1   0   7   0   1   2   0   8  11   1   5  14   2  13  10   0   1   5  0.17 0.18
   29 K    -2   4  -2  -3  -2   0  -2  -3  -1  -2  -2   5   0  -3  -3  -1   0  -5  -2  -1    3  21   1   0   1   4   0   1   1   3   4  46   2   1   1   2   5   0   1   4  0.71 0.41
   30 K    -1   0  -1   1  -5   3   5  -2  -1  -4  -4   1  -2  -4  -3  -1  -2  -5  -4  -2    5   5   3   6   0  13  48   2   1   0   1   7   1   1   0   4   0   0   0   3  0.74 0.41
   31 Q     0  -1   5   0  -4   3   3  -3  -1  -5  -4  -1  -1  -3  -1   1  -2  -5  -3  -4    9   1  32   3   0  14  20   0   1   0   0   1   2   1   3  11   1   0   1   0  0.65 0.39
   32 P    -4  -2  -5  -5  -6  -3  -4  -3  -5  -6  -4  -2  -5  -4   8  -3  -3  -7  -6  -5    0   3   0   0   0   1   0   2   0   0   2   2   0   1  86   1   1   0   0   0  2.50 0.84
   33 L    -1  -4  -5  -5  -2  -4  -5  -3  -4   0   4  -5   1   5  -4  -3  -3   1   1  -1    5   0   0   0   0   0   0   2   0   3  48   0   2  29   1   1   1   2   3   3  0.86 0.42
   34 V    -2  -4  -4  -4  -3  -2  -4  -4  -3   3  -1  -2   3  -1  -3  -2  -2  -4  -2   5    2   0   0   0   0   2   0   0   1  16   3   2   7   2   1   3   1   0   1  58  0.85 0.42
   35 P    -2  -4  -3  -4  -5  -4  -4  -2  -5   1  -2  -4  -2  -5   8  -3  -3  -5  -5  -1    3   0   1   0   0   0   0   3   0   8   5   0   1   0  70   1   1   0   0   4  1.78 0.63
   36 I     0  -4  -3  -4  -1  -3  -4  -2  -4   5   2  -3   0   0  -2  -3  -2  -3  -1   2    7   0   1   0   1   0   0   3   0  38  25   0   1   4   2   1   2   0   2  11  0.50 0.28
   37 G    -1  -4  -3  -4  -4  -4  -3   7  -4  -5  -4  -4  -4  -3  -4  -2  -4  -4  -2  -4    5   0   0   0   0   0   2  81   0   0   2   0   0   1   0   2   0   0   2   1  1.62 0.59
   38 C     1  -4  -4  -4   6  -3  -4  -3  -4   3   1  -3   4  -1  -4  -1   0  -3  -2   0   11   0   0   0  19   0   0   2   0  16  15   0  15   2   0   5   5   0   1   6  0.52 0.30
   39 L     2  -2  -3  -3   0  -3  -3   2  -3   1   2  -3   0   0  -3  -1  -1  -3  -2   0   24   1   0   0   2   0   1  16   0   8  28   0   2   4   0   3   3   0   0   6  0.28 0.22
   40 L     3  -3  -3  -3   0  -3  -3   3  -1  -1   2  -3   0  -1  -3  -1  -1  -3  -3   0   27   0   0   1   2   0   0  25   2   2  25   0   2   2   0   2   3   0   0   5  0.39 0.28
   41 T    -2  -4  -3  -4   3  -3  -4  -4  -4  -2  -1  -3   0   2  -4  -1   6  -4  -3  -1    2   0   0   0   7   0   0   0   0   1   5   0   2  10   0   3  64   0   0   3  1.13 0.57
   42 T     2  -3  -3  -4   5  -3  -3  -2  -4   1   0  -3  -1  -1  -3  -1   2   1  -3   3   18   0   0   0  15   0   1   2   0   6   6   0   1   2   0   3  18   3   0  22  0.44 0.29
   43 G     2  -3  -1  -3   0  -3  -3   3  -3  -1  -1  -3   0   1  -3  -1  -1   2   1   0   20   0   2   1   2   0   0  27   0   3   7   0   2   8   0   3   4   3   6   9  0.29 0.22
   44 A     5  -4  -3  -4   3  -4  -4  -2  -4   0  -3  -4  -1  -1  -4   0  -1  -5  -4   2   57   0   1   0   5   0   0   1   0   6   1   0   1   3   0   5   2   0   0  15  0.85 0.49
   45 V    -1  -4  -5  -5   2  -4  -4  -4  -4   0   4  -4   0   2  -4  -3  -2  -3  -1   2    6   0   0   0   4   0   0   1   0   3  52   0   2   9   0   1   1   0   2  16  0.73 0.39
   46 I     1  -2  -3  -3   0  -3  -3   1  -3   2   1  -3   1   1  -3   0   1   1   3   1   12   2   0   0   2   0   0  10   0  13  11   0   4   4   0   6  11   2  12  11  0.19 0.18
   47 L     0   1   0  -3  -2  -1  -2   3  -1  -1  -1  -2   3   0  -4  -1  -2   0   4  -1    6   9   5   0   1   2   1  22   1   3   6   2   9   2   0   4   1   1  21   4  0.35 0.28
   48 A     4  -2  -3  -4  -4  -3  -4   4  -4  -1  -4  -3   3  -4  -4  -1  -3  -5  -4  -2   41   2   0   0   0   0   0  34   0   3   1   0   9   0   0   4   0   0   0   2  0.92 0.49
   49 A     1  -3  -3  -4   0  -3  -3  -2  -3   1   2  -2   1   1  -2   0   0   2   3   1   13   0   0   0   1   0   0   3   0   7  22   1   4   6   1   8   7   3  13   8  0.25 0.21
   50 Q    -2   3  -1  -3  -2  -1  -2  -3  -1   0  -1   2   0   0  -4  -1  -2   3   5   0    3  21   2   1   1   2   1   1   1   6   5  12   2   3   0   3   1   4  21   9  0.42 0.29
   51 N     2   1   1  -2   1   0  -1  -1   2  -3  -2   2  -1  -2  -2   3   0  -1   0  -3   17   6   6   0   3   4   1   4   5   0   4  12   1   2   1  26   4   1   3   0  0.26 0.25
   52 V     0   0   1   0  -2  -1  -1   0   2   0   0   0   1   1  -2   0   0  -2   1   0    7   7   7   7   0   0   0   7   6   7   7   7   6   6   0   7   7   0   6   7  0.04 0.09
   53 R    -3   5   0  -4  -5   0  -3  -4   2  -2  -2   3   0   1  -2  -3  -3  -5   1  -2    2  37   4   0   0   5   0   1   5   2   3  19   2   6   2   2   1   0   6   3  0.77 0.47
   54 L     0   5   0  -3  -2   1  -2  -3  -1  -2  -3   2   0  -5  -1   0   1  -5  -2  -2    7  36   4   1   1   6   2   1   1   2   2  12   2   0   3   6  10   0   1   3  0.58 0.40
   55 G    -2   2  -1  -2  -6  -1  -2   6   0  -6  -6   0  -5  -6  -5  -2  -2  -6  -6  -6    3  10   2   2   0   2   2  63   2   0   1   5   0   0   0   3   2   0   0   0  1.33 0.64
   56 N    -2   1   5   4  -5   1   0  -2   0  -5  -5   1  -5  -5  -2  -1  -2  -6  -2  -5    3   8  26  26   0   5   5   3   2   0   1   9   0   0   2   4   3   0   2   0  0.77 0.45
   57 K     0   2  -3  -2  -4   1  -2  -2   3  -2  -2   2   3  -1   1   3   0  -5  -2  -1    6  12   0   2   0   6   1   2   6   2   2  12   8   2   7  21   6   0   1   3  0.32 0.30
   58 W     0   1   1  -1  -5   2   0  -2   2   0  -1   1   2  -1  -1   0  -1   2   0   0    7   7   6   3   0   8   6   3   4   5   6  10   4   3   3   7   4   3   3   6  0.10 0.11
   59 K    -2   2   0  -1   1   2   0   1   1  -2  -1   1   2  -1  -1  -1   1   2   0  -2    4   9   5   4   3   8   5   9   3   3   7   8   6   3   3   5   8   3   3   3  0.12 0.12
   60 A     2  -2  -2  -2  -2   0  -2   1  -2  -2  -1  -1   1   1  -1   3   1  -3  -1  -1   19   0   0   0   0   4   0   8   0   0   6   2   6   8   2  31   8   0   1   4  0.24 0.21
   61 Q    -2   1   4  -2  -4   5  -1  -3   0  -1  -2  -1  -1  -2  -3  -1  -1  -4  -3   0    3   6  26   0   0  38   0   0   1   4   4   0   1   1   0   3   3   0   0   9  0.59 0.36
   62 Y    -2   3  -1  -3  -3   1  -1  -3   4  -1   0   2   0   1  -3  -2  -1   1   3  -2    1  19   3   0   0   6   0   0  14   4  12  14   2   6   0   2   2   2  11   2  0.30 0.21
   63 Y     0  -2  -3  -3  -2  -2  -3  -2  -2   0   2  -1   5   2  -3  -1  -2   5   2   0    9   0   0   0   0   0   1   3   0   4  26   4  22   7   0   3   1   8   8   3  0.35 0.20
   64 F    -2   0  -3  -3   0  -1  -3  -3  -2   2   1  -1   6   3  -3  -2  -1  -2   0   0    1   6   0   0   2   3   1   1   0  14  10   4  33  17   0   1   2   0   2   3  0.46 0.26
   65 R    -2   5  -1  -1   0   2  -1  -2   6  -3  -3   1  -2  -1  -3  -2  -1  -3   0  -2    1  45   0   2   3   8   1   2  23   0   1   4   0   2   0   1   2   0   2   2  0.74 0.32
   66 W     1  -1  -2  -2  -2  -1  -1  -1  -2  -1   0  -2   2   1  -2   0   1   5   2   0   19   3   0   0   0   0   4   4   0   2   9   1  11   6   0   7  10   8  10   5  0.18 0.14
   67 R    -3   7  -2  -3   1   0  -2  -3   1  -4  -3   0  -3  -3  -3  -2   0   4  -2  -3    1  70   0   0   3   3   1   1   3   0   1   1   0   0   0   1   6   6   0   1  1.15 0.43
   68 V    -1  -3  -3  -3   0  -3  -1  -4  -3   4   0  -3   0  -2  -3  -2  -1  -3  -2   5    2   1   0   1   2   0   5   1   0  25   3   1   2   0   1   1   2   0   0  54  0.60 0.26
   69 G     3  -2  -2  -2  -2  -2  -2   1  -2   0   0  -2   0   0  -2  -1  -1  -2   2   1   36   0   0   1   0   0   1  13   0   6   9   1   3   2   0   2   2   0  11  11  0.21 0.15
   70 L     4  -1  -3  -3   0  -2  -2  -1  -3   0  -1  -2   0   2  -2   0  -1  -3  -2   0   57   4   0   0   2   0   0   3   0   4   4   0   3  11   0   3   2   0   0   4  0.43 0.25
   71 Q    -3  -1  -2  -2  -5   8   1  -4   2  -4  -4  -1  -2  -5  -3  -2  -3  -4  -3  -4    1   0   0   0   0  86   3   1   4   0   1   0   0   0   0   1   0   0   0   0  1.72 0.56
   72 A     1  -3  -2  -3  -3  -3  -3   5  -3  -3  -3  -1  -1   0  -3   0  -2  -4  -3  -2   15   0   0   0   0   0   0  62   0   1   2   4   2   5   0   5   2   0   0   3  0.84 0.31
   73 A     1  -3  -4  -4   1  -3  -4  -1  -3   0   2  -3   2   5  -4  -2  -1  -2   0  -1   16   0   0   0   3   0   0   4   0   2  20   0   6  39   0   1   4   0   1   2  0.49 0.25
   74 T     0  -3  -2  -3  -2  -2  -3  -2  -3  -1  -2  -2  -2  -3  -3   0   6  -4  -3   2    6   0   0   0   0   0   0   2   0   2   2   0   0   0   0   5  65   0   0  17  0.84 0.37
   75 L    -1  -3  -4  -4  -2  -3  -2  -4  -4   3   2  -3   1   1  -3  -3  -2  -3  -2   4    5   0   0   0   0   0   3   0   0  17  19   0   3   5   0   0   0   0   0  45  0.57 0.30
   76 V     2  -2  -2  -3   1  -2  -3   3  -3   0   1  -1   0   0  -3  -1  -1  -3  -2   1   18   2   0   0   3   0   0  28   0   5  14   3   2   4   0   3   3   0   0  13  0.24 0.18
   77 A     4  -3  -3  -3   1   0  -3  -1   2  -1  -1  -3   0  -2  -3   1  -1   1  -3   0   53   0   0   0   4   3   0   2   7   3   4   0   2   2   0   7   3   2   0   4  0.46 0.35
   78 L    -1  -2  -4  -4   1   0   0  -3  -3   2   3  -3   5   0  -4  -3  -2   2  -2   1    4   2   0   0   3   5   7   2   0  12  26   0  21   3   0   0   0   3   0   9  0.35 0.27
   79 V     0  -2  -3  -3   1  -2  -1  -2  -3   1   1   0   2  -1  -2  -1   2   0  -1   3    4   0   0   0   3   0   3   2   0   7  10   7   6   1   1   2  16   1   1  30  0.18 0.21
   80 A     2  -2  -2  -3   0  -1  -2   2  -3   0   0  -1   0   0  -3   0   1   1   0   1   21   0   0   0   1   1   0  16   0   6  12   4   2   3   0   5  11   2   4  12  0.15 0.15
   81 G     0  -4  -2  -3  -4  -3  -1   6  -3  -2  -1  -3  -1  -3  -4  -1  -1  -4   1  -2    9   0   0   0   0   0   5  61   0   2   6   0   1   0   0   4   4   0   6   2  0.86 0.39
   82 S     1  -3  -1  -3  -1  -2  -2   2  -3   0   0  -2   2  -1   1   1   0  -1  -1   1   13   0   2   0   1   0   0  20   0   5   6   1   7   3   7  14   5   1   1  12  0.17 0.16
   83 F     1  -1  -2  -3   0  -1  -2   1  -2   0   0   0   2   1  -2  -1  -1   3   2   1   11   2   1   0   2   2   0  14   0   6  11   5   7   5   1   3   3   4  10  11  0.11 0.13
   84 I    -1   0   0   0   2   0   0  -1   2   0  -1   0   1   0  -3   0   0   3   1   0    5   5   5   5   5   5   5   5   5   5   5   5   5   5   0   5   5   5   5   5  0.06 0.10
   85 Y     0  -1  -1  -1   0  -1   0  -2   1   0  -1  -1   1   2  -4   0   0   3   4   0    9   3   3   3   3   3   7   3   3   5   6   4   4   8   0   6   5   4  16   6  0.16 0.19
   86 G    -1   0   0   0  -3   0   0  -1   2   0  -1   0   1   0   0   0   0   3   1   0    5   5   5   5   0   5   5   5   5   5   5   5   5   5   5   5   5   5   5   5  0.06 0.08
   87 T     0   0   0   0  -3   1   0   0   1  -1  -1   1   0   0   0   0   0   2   2  -1    6   4   5   5   0   6   6   7   4   3   4  10   4   4   4   6   7   3   8   5  0.06 0.09
   88 S    -1   0   1   3   0   1   1  -2   0  -2  -3   2   0  -1  -1   0   1  -4   0  -2    5   5   5  15   2   6   9   3   2   2   2  15   3   2   3   5   8   0   4   3  0.19 0.21
   89 G    -1   0   0   0   2   0   0  -1   2   0  -1   0   2   1   0  -1   0   4   1  -1    5   5   5   5   5   5   5   5   5   5   5   5   5   5   5   5   5   5   5   5  0.09 0.08
   90 K    -1   0   0   0  -3   0   0  -1   2   0  -1   0   1   0   0   0   0   3   1   0    5   5   5   5   0   5   5   5   5   5   5   5   5   5   5   5   5   5   5   5  0.06 0.08
   91 E    -1   1   0   0   0   2   1  -1   1  -1  -1   2   0   0   0   0  -1  -3   0  -1    5   6   4   6   3  10   7   5   3   4   5  17   3   4   3   4   4   0   3   4  0.11 0.14
   92 L    -1   3   0  -1  -4   1   1  -1   0  -1  -1   2   0   0  -1   0   0   1  -1  -2    5  19   3   3   0   5   8   4   2   3   6  15   3   3   2   5   5   2   2   3  0.19 0.21
   93 K    -1   1   1  -1  -4   1   0  -1   2  -2  -2   3  -1   0   1  -1  -1   1  -1  -1    5   9   6   3   0   6   6   5   4   2   3  23   2   4   6   4   4   2   2   4  0.20 0.22
   94 A     0   0   0   0  -3   1   0   0   2   0  -1   0   1  -2   0   0   0   3   1   0    6   6   5   6   0   5   6   6   5   6   6   6   5   0   6   6   6   5   5   6  0.07 0.10
   95 K     0   1   0   0  -3   1   0  -1   1   0   0   1   0   1   0   0   0   3   1  -1    8   8   4   4   0   6   5   4   4   5   7   8   3   6   4   6   4   5   5   5  0.05 0.07
   96 E     0   1   0   1  -4   2   3  -1   1  -2  -2   2  -3  -4   0  -1  -1   1  -1  -2    7   7   3   9   0   8  20   3   3   3   3  15   0   0   4   4   3   2   2   3  0.28 0.27
   97 E     0   0   0   1  -3   1   2   0   1  -1  -1   1   0  -2   1   0  -1  -3   0  -1    9   6   4  10   0   7  12   5   3   3   7  12   2   2   6   5   3   0   3   3  0.12 0.14
   98 Q     1   1  -1  -1  -3   2   1  -2  -1  -1   0   2   0  -2  -1   0  -1   1  -1  -1   11   6   2   3   0   9  10   2   2   3  11  16   2   1   3   6   4   2   1   4  0.13 0.17
   99 L     0   0  -1   0  -3   1   2   0  -1   0   1   0   1  -3  -1  -1  -1   1  -3   1    7   4   3   5   0   6  15   6   1   6  16   6   3   0   3   4   4   2   0  10  0.08 0.13
  100 K     0   0   0   0  -2   1   0   0   1   0  -1   0   1   0   1   0   0  -3  -1   0    6   6   5   6   0   5   6   6   5   6   6   6   5   5   6   6   6   0   0   6  0.01 0.07
  101 E     0   1   0   0  -3   2   3  -1   0  -1  -2   1   0  -1   0  -1  -1  -4  -3  -1    6   8   4   4   0  10  21   4   3   3   4   8   3   3   4   4   4   0   0   3  0.14 0.22
  102 K    -1   2   0   2  -4   1   1  -2  -2  -2  -2   3  -3  -2   0  -1  -1  -4  -1  -2    5  10   4  10   0   5   8   3   0   3   3  24   0   2   5   3   3   0   2   3  0.20 0.26
  103 A     3  -1  -1  -1  -3   0   1  -2  -1  -1  -1   0  -1  -2   0   0   0  -4  -1  -1   34   3   3   2   0   4   8   2   2   4   6   5   2   2   4   6   4   0   1   3  0.18 0.28
  104 K    -1   2   0   0  -1   3   2  -2   0  -2  -2   3  -1  -4   2  -1  -2   0  -3  -2    6  10   3   3   1  13  16   2   2   2   4  17   1   0  10   3   2   2   0   3  0.33 0.31
  105 M     0   1  -3   1  -4   0   4  -3   1   0   0   0   2  -4  -2  -1  -1  -4  -3   0    9   6   0   6   0   2  33   1   4   4   8   4   5   0   1   2   4   0   0   7  0.36 0.34
  106 R    -1   4  -1  -1  -1   1   0  -1   2  -2  -3   4  -3  -2  -4  -1  -2  -5  -3  -1    3  26   2   2   1   6   4   4   4   3   2  28   0   2   0   4   2   0   0   6  0.53 0.41
  107 E    -2   4   1   0  -5   2   3  -2   3  -2  -2   0  -1  -4  -1   0   0  -5  -3  -4    2  21   5   4   0   7  24   2   7   2   4   5   1   0   3   5   6   0   0   0  0.43 0.36
  108 K    -1   2  -1   3  -4   3   2  -2  -1   0  -2   1  -3  -4  -1  -1  -1  -4  -2  -2    6  13   1  16   0  14  14   3   1   6   3  10   0   0   3   3   3   0   1   3  0.32 0.29
  109 L     2   2  -1  -1  -3   0  -1  -1  -1  -1   1   2   0   0  -2  -1  -1  -3  -1  -1   20  15   2   3   0   4   4   4   2   3  13  13   2   4   1   2   2   0   2   4  0.14 0.19
  110 W     0   2  -2  -1  -5  -2  -1  -2  -4  -2  -3  -3  -4  -1  -5  -2  -1  10   1  -2    8  10   2   3   0   2   4   3   0   3   2   1   0   2   0   2   3  46   4   3  1.64 0.78
  111 I    -1   1   0  -2  -3   1  -1  -1  -3   4   2  -1   0   0  -4  -3  -1  -3  -3   0    5   8   4   2   0   7   4   5   0  27  22   3   2   4   0   0   2   0   0   2  0.26 0.26
  112 Q     0   4  -2  -1  -5   2   3  -2   0  -4  -3   2  -3  -3  -1   0  -3  -4  -4  -2    6  26   0   3   0  11  22   2   2   1   2  14   0   1   2   5   0   0   0   2  0.57 0.41
  113 E    -1   1   0   2  -5   1   5  -1   0  -5  -4   1  -4  -5  -2  -2  -2  -5  -4  -3    6   6   3   9   0   5  50   4   2   0   2   8   0   0   1   0   1   0   0   1  0.82 0.51
  114 L    -1   1  -4  -4  -3   0  -1  -2  -2   0   4  -1   1   1  -4  -2  -1   0  -3  -1    6   9   0   0   0   4   5   2   1   4  48   4   4   5   0   2   3   1   0   2  0.41 0.34
  115 E     0   2  -2   1  -5   0   6  -1  -3  -3  -2  -1   0  -5  -4  -3  -3  -1  -4  -3   10   9   2   7   0   2  52   5   0   1   4   2   2   0   0   0   0   1   0   2  0.81 0.52
  116 R     2   4  -3  -2  -4   1  -2  -2   0   0  -2   2   0  -3  -1  -2  -2   1  -3  -1   22  24   0   2   0   5   1   3   2   6   3  16   3   1   2   1   1   2   1   5  0.38 0.33
  117 R    -1   6  -1   0  -5  -1   3  -4  -3  -3  -3  -1  -2  -3  -4  -3  -3  -5  -2  -4    4  52   2   5   0   1  23   1   0   2   2   1   1   1   0   0   1   0   1   1  1.10 0.62
  118 E     1   1  -2   4  -4  -1   2  -2  -1  -2  -1   2   0  -2  -2  -1  -2  -4  -4  -2   11   8   0  31   0   1  12   2   1   2   6  14   3   1   1   3   1   0   0   2  0.42 0.33
  119 E     2   2  -1  -1  -4   3   3  -2  -2  -3  -1   2  -2  -2  -3  -1  -2  -4  -3  -2   17  11   2   3   0  12  24   1   0   1   6  11   0   2   0   3   1   0   0   3  0.38 0.33
  120 E     0  -3  -3   0  -6   0   7  -3   0  -4  -5  -2  -3  -6  -4  -3  -1  -6  -5  -4    7   1   1   4   0   4  72   1   2   1   1   1   1   0   0   1   3   0   0   1  1.48 0.79
  121 T     1  -1  -1   2  -4   0   2  -3  -3   0   0  -1   0   4  -3  -1   0  -3   0  -2   16   4   2  14   0   3  16   0   0   6   8   2   2  19   0   2   4   0   2   1  0.26 0.27
  122 E    -1   2   0  -1  -5   3   3  -4   3  -5  -3   4  -2  -5  -4  -2  -2   0  -2  -3    6  10   3   3   0  13  23   0   7   0   2  27   1   0   0   0   1   1   1   1  0.64 0.44
  123 A     1   1  -1   2  -4   1   4  -1  -2  -4  -2   1   1  -2  -2  -1  -1  -4  -3  -2   14   6   1  10   0   6  32   5   0   0   3   6   4   2   1   4   2   0   1   2  0.37 0.31
  124 R     0   6  -3  -4  -5  -1  -1  -4  -1  -2   0   0   2  -1  -3  -2  -3   5  -2  -2    7  47   1   0   0   2   3   0   1   2  11   4   5   3   1   2   0   8   1   3  0.81 0.50
  125 R    -2   3  -2   0  -4   2   2  -4  -1  -2   1   3   1  -2  -3  -1  -1  -4  -3  -3    3  17   1   4   0  10  14   0   1   1  19  19   3   1   0   3   2   0   0   1  0.37 0.32
  126 K     2   3  -2  -1  -4   1   2  -1  -2  -3  -1   3  -3  -4  -2  -1  -2  -2  -3  -3   21  17   1   3   0   6  17   4   0   1   8  17   0   0   1   2   2   0   0   0  0.38 0.32
  127 R     1   5   0   1  -4   1   1  -2   0  -3  -2   1  -1  -1  -4  -1  -2  -4  -3  -3   15  35   3   7   0   5   9   2   2   1   3   7   2   4   0   2   2   0   0   1  0.48 0.37
  128 A     3   1  -2  -1  -3  -1   1  -3   2   0   2  -1   1  -2  -2  -1  -2  -4  -3  -1   34   8   1   4   0   1  11   1   5   4  20   2   3   1   1   2   0   0   0   1  0.32 0.33
  129 E     1   0  -1   1  -5   1   5  -2  -2  -4  -4   1  -2  -1  -1  -1  -1  -5  -4  -1   14   4   2   6   0   4  44   2   0   0   1   7   1   3   3   2   3   0   0   4  0.59 0.42
  130 L     1   2  -1   0  -4   1   3  -2  -2  -2   0   2   0  -3  -1   0  -2  -2  -2  -2   12  13   2   3   0   5  21   2   0   2   9  16   2   0   3   5   1   0   1   1  0.26 0.25
  131 A     3   2  -2  -2  -3   1   0  -3  -3   0  -1   1   0  -3  -2   0  -1  -4  -3   0   35  14   1   1   0   6   5   0   0   5   5   7   2   1   1   7   3   0   0   7  0.32 0.31
  132 R    -1   4  -2  -1  -5   1   0  -2   4  -2  -1   2  -2  -4  -1  -1   0   2  -3  -2    4  31   0   3   0   7   6   3  11   3   5  13   1   0   2   2   5   3   0   2  0.47 0.36
  133 M     1   2  -1  -1  -4   2   2  -1  -1  -3   0   3  -1  -4  -2   0  -1  -4  -3  -2   15  10   2   2   0  12  13   3   1   0  13  18   2   0   1   7   2   0   0   1  0.27 0.27
  134 K     2   3  -2  -1  -4   1   2  -1  -1  -3  -2   3   0  -4   1  -1  -2  -4  -3  -2   17  18   0   2   0   5  15   4   1   1   3  18   2   0   8   2   1   0   0   1  0.37 0.31
  135 T     2   0  -2  -1  -3   0   2  -1  -2  -1   0   1   1  -2  -1   0   0  -1  -2  -1   24   5   0   3   0   4  13   4   0   2  11   9   5   1   2   5   6   1   1   4  0.14 0.19
  136 L     1   1   0   0  -4   3   2  -2  -2  -1  -1   1   0  -2  -2   0  -1  -2  -3  -1   15   8   4   5   0  16  16   1   0   2   7   9   2   1   1   4   3   0   0   4  0.23 0.23
  137 E     1   1  -2   1  -5   2   4  -1  -2  -4  -2   1  -3  -4  -1   0  -2  -5  -3  -3   13   8   1   7   0   8  35   4   0   0   3   7   0   0   3   5   2   0   1   2  0.48 0.37
  138 N     2   1   0   1  -3   1   2  -1  -2  -2  -1   1   0  -2  -2   0  -1  -4  -3  -1   20   8   4   8   0   5  16   5   0   1   6   8   3   1   1   7   3   0   0   5  0.16 0.18
  139 E     2   1  -1  -1  -3   1   2  -1  -3  -3   0   2  -1  -3  -2   0  -1  -4  -3  -2   24   8   1   3   0   6  14   4   0   0  13  13   1   0   2   7   1   0   0   2  0.25 0.26
  140 E     1   0   0   1  -4   1   4  -1  -2  -4  -3   2  -3  -5  -2   1  -1   0  -4  -3   15   5   5   9   0   5  29   4   0   0   2  11   0   0   1  10   2   1   0   1  0.41 0.32
  141 E     1   2  -2   2  -4   2   3   0  -2  -3  -3   2  -2  -3  -1   0  -2  -4  -4  -3   14  11   0  10   0  10  20   7   0   1   3  11   1   1   2   7   1   0   0   0  0.33 0.28
  142 I     1   0  -1   0  -2   0   0   1  -1   1   0   0   0  -1   1   0   0  -3  -2   1   12   4   2   6   0   3   6  11   1   8  11   4   1   1   5   6   4   0   0  13  0.05 0.07
  143 K     0   2  -1   1  -4   1   2  -1  -2  -3  -3   3  -2   1  -1   1  -1   0  -3  -2    6   9   2   6   0   6  16   3   0   0   1  21   1   7   3  11   3   1   0   4  0.27 0.25
  144 N     1   2   0   2  -4   1   2  -1  -2  -3  -3   2  -2  -3   0   0  -1  -4  -1  -1   13  11   3  12   0   5  15   5   0   0   2  16   1   0   3   4   3   0   2   4  0.25 0.22
  145 L     0   1   0  -1  -3   1   1  -1  -2  -1   1   2   0  -2  -1   1  -1  -4  -3  -1    9   6   5   1   0   6  10   3   0   3  14  17   3   1   3  12   2   0   0   5  0.13 0.17
  146 E     1  -1  -1   1  -4   2   4  -3   1  -3  -3  -1  -3  -5   0   0   0  -1  -4   0   12   3   2   6   0   9  36   1   3   1   2   2   0   0   4   5   6   1   0   6  0.47 0.36
  147 K     2   1   0   1  -4   3   2  -1  -2  -3  -4   3  -2  -4  -1   0  -1  -5  -4  -2   18   7   4   7   0  15  14   4   0   1   1  17   0   0   3   4   3   0   0   2  0.36 0.29
  148 E     1   0  -1   0  -4   0   4  -1  -3  -2  -3   1  -1  -2  -1   1  -1  -5  -3  -2   15   4   1   4   0   3  36   3   0   2   2   7   2   2   2  12   3   0   0   3  0.41 0.33
  149 L     1   1  -2  -2  -3   1  -1  -2  -3   0   1   1  -1  -3   1   0   0  -2  -3   0   17  10   1   1   0   6   2   1   0   4  20  11   1   0   7   5   4   1   0   8  0.16 0.19
  150 S     1   2  -1   0  -4   2   2  -2  -2  -1  -1   2  -2   1  -1   0  -1  -4  -2  -2   12  11   2   5   0   9  14   1   0   3   5  17   0   9   2   6   3   0   0   1  0.23 0.22
  151 D     1  -3   2   3  -4   0   3   2  -3  -4  -3  -1  -4  -5  -1  -1  -2  -5  -4  -2   16   0  11  20   0   4  21  14   0   0   2   2   0   0   3   2   2   0   0   3  0.47 0.33
  152 L     2   1   0  -1  -3  -1   0  -1   0  -1   0   3   0  -3  -2   0   0  -4  -3   0   18   6   4   2   0   1   6   4   3   2  12  23   2   0   0   3   6   0   0   7  0.16 0.19
  153 E    -1   0  -2   0  -5   3   5   0  -3  -3  -1   1  -3  -2  -3  -2  -2  -5  -4  -3    4   5   1   4   0  16  42   7   0   1   5   7   0   2   0   2   2   0   0   1  0.64 0.41
  154 N    -1   2   2   1  -4   1   2   2  -2  -4  -4   2  -3  -5  -2   0  -1  -5  -4  -3    5  14  11   7   0   6  16  14   0   0   0  15   0   0   1   7   2   0   0   2  0.39 0.27
  155 K    -1   2  -2  -1  -5   2   2  -3  -1  -3  -4   4  -2  -5   0   2  -2  -5  -4  -2    2   8   1   3   0   7  16   1   1   1   1  35   1   0   4  16   1   0   0   2  0.57 0.37
  156 L     1   1  -1   0  -3   2   1  -2  -1   1   0   0  -1  -2  -1   0  -1  -4  -3   0   12  10   1   6   0  15  12   2   1   9  11   6   1   0   2   5   3   0   0   6  0.14 0.15
  157 G     0   1   1  -2  -4   0   1   1  -2   1  -2   3  -2  -4  -1   0  -1  -4  -3  -2    9   9   6   0   0   3  11  13   0  13   2  24   0   0   2   6   2   0   0   1  0.26 0.23
  158 K    -2   3  -1   1  -5   3   3   0  -2  -5  -5   4  -4  -5  -2  -1  -2  -5  -4  -4    1  20   2   9   0  13  17   7   0   0   0  26   0   0   1   2   1   0   0   0  0.66 0.36
  159 K    -3   1  -2  -2  -6   5   4  -4  -2  -5  -5   5  -3  -6  -3  -2  -3  -5  -4  -5    0   7   0   0   0  28  25   0   0   0   0  40   0   0   0   0   0   0   0   0  1.14 0.48

                      K         Lambda
Standard Ungapped    0.1316     0.3156
Standard Gapped      0.0392     0.2670
PSI Ungapped         0.1281     0.3170
PSI Gapped           0.0392     0.2670
