
Last position-specific scoring matrix computed, weighted observed percentages rounded down, information per position, and relative weight of gapless real matches to pseudocounts
            A   R   N   D   C   Q   E   G   H   I   L   K   M   F   P   S   T   W   Y   V   A   R   N   D   C   Q   E   G   H   I   L   K   M   F   P   S   T   W   Y   V
    1 M    -4  -2  -4  -5  -2   6  -3  -5  -4   1   2  -3   6  -4  -5  -4  -4  -5  -4   0    0   1   0   0   1  41   0   0   0   9  20   0  23   0   0   0   0   0   0   6  1.09 0.52
    2 N    -6  -1   8   0  -7   0  -4  -4   3  -8  -8  -2  -7  -8  -6   0  -2  -8  -5  -7    0   3  70   5   0   4   0   1   6   0   0   3   0   0   0   5   2   0   0   0  1.98 0.88
    3 L    -3   5  -5  -6  -4  -2  -4  -5  -3   2   3   0   1   0  -4  -4  -3   2   0  -1    2  35   0   0   0   2   0   0   0  10  26   6   3   4   1   0   1   3   3   4  0.73 0.45
    4 S    -1   1   1   4  -6   1   3   0  -1  -4  -5   0  -4  -2  -2   1  -2  -6   0  -5    4   6   6  24   0   6  20   6   1   1   0   5   0   2   2  10   2   0   3   0  0.51 0.38
    5 L    -7  -4  -8  -9  -7  -7  -8 -10  -7   0   7  -6   2  -2  -9  -8  -6  -7  -5  -1    0   1   0   0   0   0   0   0   0   4  82   0   5   2   0   0   0   0   0   4  2.01 0.97
    6 I    -3  -8  -8  -9  -5  -7  -8  -8  -8   6   4  -8   0   0  -8  -6  -3  -5  -5   2    2   0   0   0   0   0   0   0   0  42  36   0   2   3   0   0   2   0   0  12  1.48 0.74
    7 L    -1   2  -3  -5  -4  -1  -3  -2  -2   1   2   1   1   2  -5  -1  -2   6   2   0    4  11   1   0   0   3   1   3   1   7  18   7   3   9   0   4   2  12   7   7  0.43 0.31
    8 E     0   1   2  -1  -4   3   2  -2  -1  -2  -1  -1   0  -2  -4   1   0  -5  -2  -1    8   7  11   3   0  14  15   3   1   2   7   3   3   2   0  11   6   0   1   3  0.27 0.28
    9 L    -6  -7  -7  -9  -6  -7  -8  -8  -8  -1   6  -7   4   3  -8  -2  -5  -4  -5  -4    0   0   0   0   0   0   0   0   0   3  70   0   8  12   0   4   0   0   0   0  1.74 0.89
   10 V     3  -7  -7  -7  -3  -6  -7  -4  -7   2  -3  -7  -2  -3  -7   0   3  -6  -6   5   20   0   0   0   0   0   0   1   0  11   2   0   1   1   0   7  16   0   0  41  1.10 0.68
   11 R    -1   4  -4  -5  -4   0  -2  -4  -1  -1  -1   5  -1  -4  -6  -1  -3   5  -3  -1    5  24   1   0   0   4   2   2   2   3   8  29   1   1   0   4   2   7   1   4  0.75 0.52
   12 Q    -3   7   1  -6  -7   0  -5  -6  -2  -6  -5   2  -3  -3  -8  -2  -2  -6   0  -6    2  60   6   0   0   3   0   1   1   0   1  12   1   1   0   4   3   0   3   1  1.65 0.90
   13 E    -6  -6   1   7 -10  -2   5  -4  -4  -7 -10  -5  -8 -10  -8  -4  -5 -10  -7  -9    1   0   6  57   0   2  30   2   1   0   0   0   0   0   0   1   1   0   0   0  2.04 1.06
   14 I    -6  -7  -8  -7  -6  -6  -8  -9  -8   5   4  -7   0   6  -8  -7  -5  -4  -2   2    0   0   0   0   0   0   0   0   0  24  32   0   2  25   0   0   1   0   1  13  1.38 0.71
   15 K    -1   3  -4  -5  -6   1  -2  -5  -2  -1  -1   6  -3  -5  -6  -1  -1  -6  -5   0    4  16   1   0   0   5   2   1   1   4   6  44   1   0   0   4   3   0   0   7  0.93 0.60
   16 N     2  -3  -2  -2  -4  -1  -2   1  -3   0   0   0  -1  -4  -5   2   1  -5  -4   3   15   1   2   2   0   3   2  11   1   5  10   5   1   0   0  13   9   0   0  18  0.26 0.27
   17 R    -6   8  -4  -5  -8   1  -3  -7  -5  -6  -5   4  -5  -4  -7  -4  -3  -9  -6  -4    1  61   1   1   0   5   2   0   0   1   1  21   0   1   0   1   2   0   0   2  1.90 0.99
   18 Y    -8  -9  -3  -8 -10  -7 -10  -9   0  -7  -8  -9  -5   2 -11  -7  -7  -5  10  -6    0   0   2   0   0   0   0   0   2   0   0   0   0   8   0   0   0   0  86   1  3.52 1.56
   19 A     2   5  -4  -6  -6   1  -5  -6  -2  -4  -4   5  -3  -5  -7  -1  -3  -8  -4  -2   14  26   1   0   0   7   0   0   1   1   2  35   1   1   0   5   2   0   1   3  1.08 0.68
   20 D    -4   3   2  -1  -8   5  -4   5  -2  -8  -7  -2  -4  -8  -7  -2  -3  -6  -6  -8    1  14   9   4   0  22   1  39   1   0   0   2   0   0   0   3   2   0   0   0  1.21 0.74
   21 T    -1  -7  -1  -7  -7  -4  -7  -6  -2  -8  -8  -6  -5  -7  -6   7   5  -9  -7  -7    4   0   3   0   0   1   0   0   1   0   0   0   0   0   0  62  27   0   0   0  1.93 1.11
   22 V     1  -2  -5  -7  -5  -5  -6  -4  -5   3   1  -3   1   3  -6  -2  -2   0   3   4   13   2   0   0   0   0   0   1   0  15  10   2   3  11   0   3   2   1  10  26  0.64 0.42
   23 L    -4  -8  -9 -10  -7  -8  -9  -4  -9   1   6  -9   2   2  -8  -7  -6  -6  -6  -3    2   0   0   0   0   0   0   2   0   6  75   0   4   8   0   0   0   0   0   2  1.82 0.93
   24 G    -7 -10  -6  -7 -10  -9  -8   8  -9 -11 -11  -9 -10 -11 -10  -6  -9 -10 -11  -9    0   0   0   0   0   0   0  99   0   0   0   0   0   0   0   0   0   0   0   0  3.21 1.45
   25 I     0  -5  -3  -6  -4  -3  -6  -3  -4   3   1  -5   2   4   2  -3  -3   3   3   2    7   1   1   0   0   1   0   2   0  16  12   1   4  16   9   2   2   4   9  14  0.57 0.38
   26 W     2  -7  -7  -7  -4  -6  -7  -1  -7   1   4  -6  -1   4  -6  -3  -2  -1  -2   1   16   0   0   0   0   0   0   5   0   7  38   0   1  15   0   2   2   1   1  10  0.82 0.51
   27 W   -10 -10 -11 -11 -10 -10 -10  -9 -10 -10  -8 -11  -9  -7 -11 -10  -9  13  -4  -8    0   0   0   0   0   0   0   0   0   0   0   0   0   0   0   0   0  98   0   0  5.58 2.22
   28 A     3  -6  -2  -5  -5  -4  -4  -4  -3  -1  -2  -5   1   0  -3   5   2  -1   0   0   22   0   2   0   0   1   1   1   1   3   5   0   3   4   2  35  10   1   3   6  0.69 0.54
   29 F    -5  -8  -8  -9  -7  -7  -8  -8  -7   4   3  -8   2   6  -8  -7  -6  -3   0   3    1   0   0   0   0   0   0   0   0  17  29   0   4  26   0   0   0   0   3  19  1.32 0.69
   30 L    -2  -8  -9  -9  -6  -8  -8  -5  -8   5   5  -8   0   2  -8  -7  -6  -7  -6   2    4   0   0   0   0   0   0   1   0  27  47   0   2   7   0   0   0   0   0  12  1.37 0.72
   31 W    -4   0   6  -1  -8   5  -1  -5   2  -5  -4   0  -1  -6  -4  -1   0   0  -2  -4    1   4  32   3   0  25   3   1   5   1   2   6   1   0   1   5   6   1   2   1  1.00 0.66
   32 P    -8 -10  -6  -9 -11  -4  -9 -10  -7 -11  -9  -7 -10 -11   9  -7  -7  -7 -11  -9    0   0   0   0   0   1   0   0   0   0   0   0   0   0  97   0   0   0   0   0  3.68 1.76
   33 I    -2  -8  -9  -9  -5  -8  -8  -6  -8   2   6  -8   1   0  -7  -7  -4  -7  -6   1    4   0   0   0   0   0   0   1   0  11  66   0   3   4   0   0   1   0   0   8  1.55 0.82
   34 L     1  -6  -7  -7  -2  -6  -7  -3  -7   2   4  -6   3   3  -7  -2  -1  -4  -4   2   12   0   0   0   1   0   0   2   0  11  36   0   7  11   0   4   3   0   0  13  0.80 0.50
   35 L    -4  -5  -1  -6  -7   4  -5  -5  -3  -2   1  -6   7  -1  -6  -1   4  -6  -2  -3    2   1   3   0   0  15   1   1   1   2  14   0  27   3   0   4  24   0   1   1  1.14 0.75
   36 V    -1  -7  -6  -7  -4  -6  -7  -5  -7   3   3  -7   7   1  -6  -1   1  -6  -4   2    6   0   0   0   0   0   0   1   0  14  25   0  21   6   0   4   9   0   1  11  0.95 0.59
   37 L     2  -6  -6  -7  -1  -5  -6   0  -7   3   4  -6   0   1  -6  -2  -1  -5  -4   2   17   0   0   0   1   0   0   8   0  13  31   0   2   5   0   4   3   0   0  14  0.66 0.46
   38 I    -3  -9  -9  -9  -6  -7  -9  -8  -9   6  -1  -8   1  -4  -9  -5  -1  -9  -6   6    2   0   0   0   0   0   0   0   0  36   5   0   3   1   0   1   4   0   0  47  1.78 0.92
   39 Y    -7  -8  -6 -10  -6  -3  -9  -6  -3  -2   1  -8   3   6  -9  -7  -7   0   8  -5    0   0   0   0   0   2   0   1   1   2  12   0   6  24   0   0   0   1  50   1  2.15 1.09
   40 T     0  -6  -3  -6  -3  -6  -7  -4  -5  -2  -3  -5  -2   1  -7   1   6   6   4  -1    8   0   1   0   1   0   0   2   0   2   2   0   1   5   0  11  38  11  11   5  1.09 0.73
   41 L    -1  -7  -8  -8  -5  -6  -7  -6  -7   3   3  -7   0   6  -8  -6  -3  -2  -1   3    5   0   0   0   0   0   0   1   0  14  22   0   2  32   0   0   2   0   2  18  1.21 0.66
   42 I    -2  -9  -9  -9  -7  -9  -9  -8  -9   4  -2  -9  -3   0  -9  -7  -6  -5  -6   7    4   0   0   0   0   0   0   0   0  21   4   0   1   3   0   0   0   0   0  65  1.99 1.02
   43 F    -8  -7  -8  -9  -9 -10 -10  -9  -8  -5  -2  -7  -3  10 -10  -8  -9  -5  -1  -5    0   0   0   0   0   0   0   0   0   1   4   0   1  89   0   0   0   0   2   1  3.41 1.51
   44 S    -1  -2   0  -2  -5   0  -3   4  -3  -4  -5  -2  -4  -5  -4   4   1  -7  -3  -3    4   2   4   2   0   4   2  29   1   1   1   2   0   1   1  33   9   0   1   2  0.81 0.59
   45 H    -2   1   2  -2  -3   1  -1  -2   1   0  -1   1  -1   1  -3  -1   1  -1   2   2    3   7   9   1   0   7   4   4   4   5   5   8   1   6   1   4   7   1   7  15  0.14 0.16
   46 L    -2  -4  -5  -5  -4  -4  -5  -4  -4   4   3  -4   1   3  -5  -4  -3  -2  -2   4    3   1   1   1   0   1   1   2   0  24  21   1   3  10   1   1   1   1   1  26  0.83 0.44
   47 I     0  -4  -4  -5  -4  -4  -5  -4  -4   1   3  -4   5   6  -4  -3  -3  -2  -1   1    7   1   1   1   0   1   1   2   0   8  21   1  12  29   1   2   1   1   1   8  0.88 0.46
   48 G    -1   3   0  -2  -4   1  -2   4  -1  -3  -4   3  -3  -3   0  -1  -2  -3  -3  -3    5  13   4   2   0   6   2  29   2   2   2  16   1   1   5   4   2   0   1   2  0.48 0.30
   49 A     3   0  -2  -2  -3  -1  -3  -1  -3   2   0  -2   1   1  -2   0  -1  -3  -2   1   27   5   2   2   0   2   2   5   1  10   7   2   3   7   2   8   3   0   1  11  0.24 0.21
   50 K    -2   5   1   0  -5   1  -1  -2  -2  -3  -4   4  -4  -2   0   0  -2  -4  -3  -4    3  29   5   5   0   5   3   4   1   1   1  23   0   2   5   6   3   0   1   1  0.67 0.44
   51 L    -1  -2  -3  -3  -3  -2  -3  -2  -3   2   2  -2   2   1  -1  -1   1   5  -2   1    5   3   1   1   0   2   2   3   1  13  20   2   4   6   3   6   8   7   1  11  0.30 0.22
   52 G    -1  -2  -1   1  -5  -1  -1   5  -3  -4  -4  -2  -3  -4   4   0  -2  -4  -4  -3    6   2   3   6   0   3   4  35   1   1   2   3   1   1  19   7   2   0   1   2  0.67 0.43
   53 H     0  -1   1   0  -3   0   0   2   3   0  -2  -1   0  -1   1   1   1  -3  -1  -1    6   4   7   6   0   4   6  14   8   5   4   2   3   3   7   9   7   0   2   4  0.12 0.12
   54 E    -1   0   0   3  -3   0   2   0  -1  -1  -2  -1  -1  -3   2   0   0  -4  -3   0    5   4   4  14   0   4  16   7   1   4   3   4   1   1  10   7   5   0   1   6  0.20 0.18
   55 N    -1  -1   3   2  -4  -1   0   2  -1  -2  -3  -2  -2  -1   0   1   0  -4  -2  -1    4   3  15  11   0   3   6  17   2   2   3   2   1   2   5  11   5   0   2   5  0.25 0.21
   56 T     0  -1   1   1  -2  -1  -1   2  -1   0  -2  -1  -1  -2   1   2   1  -3  -2  -1    6   3   8   7   1   3   4  14   1   5   4   3   1   1   7  16  10   0   1   5  0.16 0.14
   57 V     0  -1   0   0  -2   0   0   0  -1   2   0   0   0  -1   1   0   1  -2  -1   1    5   3   4   5   1   3   5   9   2  12   7   6   2   2   8   5   8   1   1  13  0.06 0.06
   58 Y    -1  -1  -1  -1  -2   0   0  -1   0   0   0  -1   0   2   2  -1   0   0   3   0    6   3   2   4   1   3   6   5   2   6   9   3   2   8   9   5   6   1  10   8  0.08 0.08
   59 A     1  -2   2   0  -3  -1   0  -1  -1  -2  -3  -2  -2  -2   5   0  -1  -3  -2  -2   13   2   8   6   1   3   6   6   1   3   3   2   1   2  29   8   4   0   2   3  0.48 0.33
   60 Y    -6  -6  -6  -7  -8  -4  -6  -7  -3  -4  -4  -6  -5   7  -4  -7  -7  -4   8  -4    1   0   1   0   0   1   1   1   0   1   2   1   0  36   1   0   0   0  51   2  2.50 1.22
   61 S     3  -5  -4  -5  -4  -3  -5  -1  -3   1   0  -5  -2   1   4   0   0  -3  -2   1   23   0   1   0   0   1   0   4   1   9   9   0   1   5  21   8   5   0   1   8  0.52 0.42
   62 I    -1  -6  -6  -7  -3  -6  -6  -6  -5   4   4  -7   0   1  -4  -4  -3  -4  -4   4    5   0   0   0   0   0   0   1   0  19  39   0   2   5   1   1   2   0   1  22  1.02 0.59
   63 Y    -4  -6  -3  -8  -6  -6  -7  -7   0   0  -2  -7  -1   6  -8  -6  -5   7   7  -2    2   0   2   0   0   0   0   0   2   5   4   0   2  33   0   1   1  11  34   3  1.90 0.97
   64 L    -2  -7  -4  -8  -4  -6  -7  -6  -7   1   6  -7   2   0  -7  -4  -4  -5   1   1    4   0   1   0   0   0   0   1   0   6  60   0   5   4   0   2   1   0   4  10  1.25 0.70
   65 S    -1  -6  -5  -7   1  -6  -6  -5  -5   2   3  -5   3   6  -5  -2  -2  -5   1   0    5   0   0   0   3   0   0   1   0  11  27   0   7  28   1   3   3   0   4   6  0.91 0.52
   66 S     3  -6  -4  -6   5  -5  -5  -2  -6   1  -1  -5  -3  -4  -2   3   2  -5  -6   1   26   0   1   0   9   0   0   3   0   6   6   0   1   1   3  23  13   0   0   9  0.72 0.53
   67 G     1  -6  -5  -8  -7  -8  -9   7  -9  -8  -8  -7  -7  -8  -7  -4  -5  -9  -8  -7   12   0   1   0   0   0   0  82   0   0   0   0   0   0   0   1   1   0   0   0  2.43 1.23
   68 I    -5  -3  -2  -8  -4  -2  -7  -8  -5   4   5  -6   4  -1  -8  -5  -2  -5  -1   0    1   2   2   0   0   2   0   0   0  20  49   0  10   2   0   1   2   0   2   6  1.19 0.68
   69 F    -3  -7  -5  -8  -3  -6  -7  -7  -8   4   4  -7   0   1  -7  -4   1   0  -5   3    3   0   1   0   1   0   0   0   0  23  35   0   2   6   0   1   8   1   0  18  1.03 0.60
   70 P     1  -7  -5  -7  -1  -6  -6  -4  -3   1   0  -6   0  -1   6  -3  -1  -4  -4   2   11   0   1   0   2   0   0   2   1   8  10   0   2   3  40   2   4   0   1  13  1.03 0.67
   71 W    -9 -10  -6  -7 -10  -6 -10  -9   1  -4  -6 -10  -4   4 -11  -9  -8  13   1  -6    0   0   1   0   0   0   0   0   3   1   1   0   1  13   0   0   0  73   4   1  3.98 1.80
   72 F    -2  -3   5  -2  -6   1  -4   0  -3   0   0  -4   2   3  -6   1   2  -2  -1  -3    3   2  24   2   0   6   1   8   0   5   8   0   5  11   0   8  13   1   2   2  0.51 0.43
   73 F     0  -8  -7  -9  -3  -7  -9  -6  -5  -2   2  -8   0   7  -6  -5  -5   5   4  -3    9   0   0   0   1   0   0   1   0   2  17   0   2  42   1   1   1   8  14   2  1.59 0.86
   74 F    -6 -10  -6 -10  -4 -10  -8  -9  -5   1  -1 -10   1   9 -10  -7  -5  -3  -1  -3    1   0   1   0   0   0   0   0   0   6   6   0   3  76   0   0   1   0   2   2  2.73 1.28
   75 S     3  -4   1  -4  -3   1  -5  -3  -5  -5  -5  -3  -3  -6  -7   5   1  -8  -6  -3   21   1   7   1   1   7   1   2   0   1   1   1   1   0   0  45   7   0   0   2  1.06 0.76
   76 N    -1  -2   3   2  -6   1   5   0  -3  -5  -5  -3  -3  -5  -3   1   1  -8  -5  -5    5   2  11  10   0   7  33   8   1   1   1   1   1   1   1  10   7   0   0   1  0.71 0.55
   77 S     3  -7  -4  -7   5  -5  -6   1  -7   0  -4  -6  -1  -5  -6   4   2  -8  -5   0   23   0   1   0  12   0   0  10   0   6   2   0   2   0   0  24  11   0   0   7  0.83 0.61
   78 L    -3  -7  -7  -8  -4  -6  -7  -7  -8   4   4  -6   2   0  -7  -4   2  -1  -5   3    3   0   0   0   0   0   0   0   0  18  33   0   4   4   0   1  13   1   0  21  0.98 0.60
   79 S    -1  -2   4  -3  -5   0  -4   0  -3  -1  -2  -2   1  -3  -5   3   3  -7  -4  -2    4   2  20   1   0   4   1   8   1   3   5   2   3   1   0  22  19   0   1   3  0.58 0.49
   80 R     0   4   1   0  -4   2   0   1  -2  -3  -3   0   0  -3  -5   1  -1  -4  -3  -4    8  23   6   4   0  11   5  11   1   1   3   6   3   1   0  11   4   0   1   1  0.39 0.35
   81 I     4  -6  -3  -6   2  -5  -6   3  -7  -1  -4  -6   0  -4  -5   3   1  -7  -5  -2   30   0   1   0   4   0   0  20   0   4   2   0   2   1   1  22   8   0   0   3  0.84 0.61
   82 T     1  -5  -3  -6   1  -2  -5  -2  -5  -2  -1  -4   4  -6   2   3   4  -4  -6   0   11   0   1   0   3   2   0   3   0   3   6   1  11   0  10  19  25   0   0   6  0.66 0.54
   83 G    -2   1   4  -1  -5  -1  -2   3  -1  -4  -4  -1   0  -4  -2   2   2  -4  -3  -2    4   7  19   3   0   3   2  18   1   1   2   3   2   1   2  15  13   0   1   3  0.46 0.40
   84 I     2  -6  -4  -6   2  -4  -6  -5  -6   1   1  -6  -1  -5  -7   5   1  -2  -6   2   14   0   1   0   4   1   0   1   0   8  12   0   1   0   0  37   7   1   0  11  0.80 0.61
   85 F    -6  -6  -6  -7  -6  -7  -7  -6  -6   5   3  -6   1   5  -6  -7  -5  -4  -1   2    0   1   0   0   0   0   0   1   0  30  26   0   3  22   0   0   1   0   2  11  1.28 0.69
   86 T    -2   0  -2  -4  -3  -1  -4  -4  -2   3   2  -2   0  -2  -5  -1   2  -4  -1   4    2   5   2   1   0   3   1   1   1  17  16   3   2   1   0   6  12   0   2  24  0.46 0.36
   87 E     1  -1   2   2  -5   1   2   2  -2  -4  -5  -1  -2  -4  -5   2  -1   0  -3  -4   11   4   8  11   0   5  15  15   1   1   1   4   1   1   0  15   4   1   1   1  0.39 0.35
   88 K    -1   1   7  -2  -8   1  -2  -2   2  -7  -7   1  -3  -6  -7   0  -5  -8   2  -6    5   6  48   2   0   5   2   3   4   0   1   8   1   0   0   6   1   0   7   1  1.27 0.80
   89 K     4   1  -2  -4  -6   0  -2   2  -3  -2  -4   0  -2  -5   0   2  -1  -5  -4  -1   30   8   2   1   0   5   3  12   1   2   1   6   1   0   4  17   3   0   0   4  0.47 0.42
   90 F     0  -2   5   0  -5  -1  -2   2   2  -3  -3  -2  -3  -1  -1   2  -2  -4   2  -4    7   2  24   5   0   3   2  14   5   1   3   3   0   3   4  14   2   0   6   1  0.46 0.38
   91 L    -6  -7  -7  -9  -7  -7  -7  -7  -6   3   6  -8   2   0  -6  -6  -4  -5   3  -1    1   0   0   0   0   0   0   1   0  14  60   0   5   3   0   1   1   0   8   3  1.46 0.84
   92 F    -5  -4  -4  -6  -4  -7  -8  -6  -5   5   2  -5   1   2  -5  -6  -5  -4  -3   5    1   1   1   1   0   0   0   1   0  32  16   1   3   9   1   0   0   0   1  31  1.22 0.70
   93 T    -3   2  -1  -5  -5   0  -3   0  -3  -5  -4   6  -4  -8  -4   1   2  -8  -7  -5    2  10   3   0   0   3   2   6   1   1   2  45   1   0   1   9  14   0   0   1  1.07 0.72
   94 K    -6   1  -1  -6  -6   0  -4  -8  -2  -7  -7   8  -8  -6  -5  -2  -3  -9  -4  -7    1   6   3   0   0   4   1   0   1   0   1  73   0   0   1   3   2   0   1   0  2.06 1.17
   95 I    -3  -6  -4  -6  -4  -4  -6  -6  -5   4  -1  -7   3  -3  -4  -3   0  -8  -5   6    2   0   1   0   0   1   0   1   0  22   6   0   6   1   1   3   7   0   0  47  1.26 0.72
   96 P     0   0   2  -4  -4  -2  -4  -4  -1  -1  -3   0  -1  -2   2  -1  -3  -3   6   2    8   4   8   1   0   2   1   2   1   3   3   6   1   1  11   5   2   0  26  15  0.61 0.47
   97 I    -5  -3  -6  -7  -4  -7  -7  -6  -4   2   0  -5   0   8  -4  -5  -4  -5  -2   1    1   2   0   0   0   0   0   1   1   9   9   1   2  55   1   1   1   0   1  10  1.67 0.86
   98 R    -5  -1  -1  -4  -7  -3  -3  -5  -3  -5  -5  -1  -5  -5   8  -1  -4  -1  -3  -5    1   3   3   1   0   1   2   1   1   1   2   4   0   1  69   5   1   1   1   1  2.02 1.12
   99 L    -2   5  -4  -5  -4  -3  -4  -4  -1   1   2   2   0  -2  -1  -2  -2  -3  -3   0    4  33   1   0   0   1   1   1   2   8  17  11   2   2   3   3   2   0   1   7  0.64 0.46
  100 E    -1  -3  -3  -2  -4   0   4  -3  -1   1   1  -2  -1  -2  -2   1  -2   2   2  -1    6   1   1   2   0   4  26   2   1   8  12   2   2   2   2  11   3   3   7   4  0.31 0.33
  101 V    -1  -6  -5  -7   1  -6  -7  -6  -5   6   1  -6   0  -1  -4  -3   0  -4   0   4    5   0   1   0   3   0   0   1   0  36  13   0   2   2   1   2   5   0   3  24  1.01 0.58
  102 F    -4  -7  -5  -8  -4  -6  -7  -7  -3   2   5  -6   1   5  -5  -5  -4   2   1  -1    1   0   1   0   0   0   0   0   1  11  41   1   3  24   1   1   1   2   4   5  1.17 0.67
  103 P    -3  -5  -6  -6  -4  -5  -7  -4  -5  -2  -3  -5  -5  -6   8  -3  -3  -9  -6   1    3   1   1   1   1   1   1   2   0   2   3   1   0   1  71   2   2   0   0   8  2.22 1.26
  104 V    -1  -2  -3  -6  -2  -6  -6  -5  -4   4   3  -5   1   1  -4  -2   0   3  -3   3    6   3   2   0   1   0   1   1   0  18  28   1   3   5   1   3   5   4   1  17  0.63 0.42
  105 V     2  -1  -4  -5  -3  -4  -3  -4  -2   2  -2  -3  -2  -3  -5   4  -1  -4  -1   3   16   3   1   1   1   1   2   2   1  12   3   2   1   1   1  28   4   0   2  19  0.63 0.48
  106 V     1  -1  -1  -4  -2  -2  -4  -2  -2   2  -1   2  -1  -3  -1   2   1  -3  -2   2   13   4   3   1   1   2   1   3   1  12   6  11   2   1   3  13   8   0   1  15  0.25 0.25
  107 I    -1  -6  -3  -6  -1  -6  -7  -5  -5   4   1  -7   1  -2  -4  -3   0  -4  -4   5    6   0   2   1   1   0   0   1   0  19  14   0   3   2   1   2   6   0   1  40  1.01 0.59
  108 I     0  -5  -4  -7   0  -4  -6   1  -5   4   3  -5   1   1  -3  -2  -1  -1  -2   1    7   0   1   0   2   1   0  11   0  18  28   1   3   6   2   3   4   1   1   9  0.54 0.37
  109 S     3  -5  -1  -5  -2  -3  -5  -1  -5  -3  -5  -4  -3  -2  -5   5   2  -3  -4   0   18   1   3   1   1   1   1   5   0   2   1   1   1   2   1  43  10   1   1   6  0.94 0.70
  110 E     4  -3   3  -3   0  -1   0   0  -1  -4  -3   0  -3  -3  -2   2  -1  -2  -3  -2   27   2  11   1   2   3   7   7   1   1   2   5   1   1   2  15   4   1   1   3  0.41 0.37
  111 L    -1  -6  -5  -6  -1  -3  -7  -1  -5   0   5  -5   1   4  -5  -2  -1  -3  -1   0    6   1   1   1   1   1   0   5   0   5  45   1   4  14   1   3   4   0   2   6  0.84 0.52
  112 I    -2  -6  -5  -6  -3  -5  -6  -6  -5   5   1  -6   1   4  -5  -4  -3  -3  -1   4    4   1   1   1   1   1   1   1   0  24  13   0   3  17   1   2   1   0   2  27  1.02 0.57
  113 N    -2  -2   5   2  -4   0   0  -2   5  -1  -3  -2  -2  -1  -3   0   1  -7  -3  -1    3   2  23  11   0   4   5   4  12   4   3   3   1   2   2   7   7   0   1   5  0.52 0.39
  114 Y    -1  -5  -2  -5  -2  -2  -5  -4   5  -2   0  -5   1   7  -6  -1  -2   1   3  -3    5   1   3   1   1   2   1   2  10   2  10   1   3  37   1   6   3   2   7   2  1.04 0.62
  115 L     1  -5  -4  -6   1  -2  -4  -2  -3   1   4  -5   2   2  -5  -2  -2  -2  -3   1   11   0   1   0   3   2   1   4   1   8  36   1   4   8   1   4   3   1   1   9  0.55 0.36
  116 I    -1  -6  -4  -5  -1  -5  -5  -4  -3   5   2  -6   1   3  -2  -4  -3  -2  -1   3    5   0   1   1   1   1   1   2   1  30  17   1   3  12   3   1   2   1   2  15  0.80 0.45
  117 G     1  -3   0  -2  -1   1  -2   3  -1  -2  -1  -3   1   1  -4   3  -1  -2  -2  -2   11   1   4   2   1   6   3  23   2   3   7   1   3   5   1  18   4   1   1   3  0.32 0.28
  118 I    -2  -5  -4  -5  -2  -4  -5  -4  -4   4   3  -6   3   4  -5  -3  -2  -1  -1   1    4   1   1   1   1   1   1   2   1  18  29   0   6  16   1   2   3   1   2  10  0.75 0.43
  119 S     2  -4  -3  -4   0  -1  -3   1  -3   1   1  -4  -1   1   1   2   0  -2  -3   1   14   1   1   1   2   2   1   9   1   7  14   1   2   6   6  15   5   1   1  11  0.23 0.22
  120 L    -2  -6  -5  -6  -1  -5  -6  -6  -5   4   4  -5   2   3  -4  -4  -4  -3  -3   3    5   1   1   1   1   1   1   1   0  17  35   1   4  10   1   1   1   0   1  17  0.91 0.52
  121 V    -1  -5  -4  -6  -2  -5  -5  -4  -7   3   4  -5   1   3  -4  -4  -3   0  -2   4    6   1   1   1   1   1   1   2   0  13  30   1   4  10   1   1   2   1   1  22  0.76 0.46
  122 T     1  -6  -5  -6  -2  -5  -6  -2  -5   3   3  -6   1   2  -2  -3   0  -1  -2   3   11   1   1   1   1   1   1   4   0  13  24   1   4   8   3   3   6   1   2  17  0.57 0.34
  123 L     0  -7  -7  -7  -2  -7  -8  -2  -6   3   4  -7   1   2  -4  -5  -4  -1  -2   2    7   0   0   0   1   0   0   4   0  15  39   0   4   8   1   1   1   1   1  14  0.97 0.53
  124 I     0  -7  -7  -7  -3  -7  -7  -3  -7   5   2  -7   3   4  -5  -6  -5  -3  -1   3    9   0   0   0   1   0   1   2   0  23  19   0   6  12   1   1   1   1   2  20  0.97 0.53
  125 S     3  -4  -3  -5   0  -3  -4  -1  -3   1   2  -4   3   2  -3   0  -1  -2   2   1   19   1   1   1   2   2   1   6   1   7  15   1   6   7   2   7   4   1   6  10  0.33 0.24
  126 F    -1  -5  -6  -6  -1  -4  -7  -2  -4   1   2  -6   2   6  -5  -5  -4   2   3   0    7   1   1   1   1   1   0   4   0   8  20   1   5  31   1   1   1   3   7   7  1.00 0.54
  127 I     0  -6  -5  -7  -1  -5  -6  -3  -4   4   2  -5   2   2  -4  -3  -2   0   1   3    8   1   1   0   1   1   1   2   1  22  20   1   4   7   1   2   3   1   5  18  0.73 0.40
  128 T     1  -3  -1  -3  -1  -2  -4  -2  -2   2   1  -2   0   2  -2   0   2   1   2   1   10   1   3   2   2   2   1   4   1   9  14   2   2   8   3   6  10   2   8  11  0.21 0.16
  129 L    -1  -2  -2  -4  -2  -1  -4   1  -1   1   3  -3   2   2  -3  -2  -2   1   2   1    5   3   2   1   1   3   1   9   2   8  24   2   4   8   2   3   3   2   7   9  0.32 0.20
  130 G     0  -1   0  -2  -3  -1  -4   5   1  -1  -2  -2  -1   0  -2   0  -1   1   0  -2    7   3   4   2   1   3   1  36   3   3   5   3   1   3   2   7   4   2   3   4  0.48 0.32
  131 F    -2  -2  -2  -4  -4  -2  -4  -1   2   1   0  -3   0   5  -2  -2  -2   4   3   1    4   3   2   1   0   2   2   6   4   7   9   2   2  23   3   4   3   5  10   8  0.52 0.31
  132 E    -1  -1   0  -1  -4   1   0  -1   2  -1  -1  -1   0   0   4   0   0   0   1   0    5   3   5   4   0   6   6   4   4   4   6   4   2   4  16   7   6   1   4   6  0.16 0.16
  133 G    -1  -3   0  -3  -4  -2  -3   4   1  -1  -1  -3  -1   0   3   1  -1   2  -3  -1    5   2   4   2   1   2   2  27   3   4   6   2   1   3  14   9   4   2   1   4  0.41 0.31
  134 I    -2  -4  -1  -3  -4  -3  -4  -3   0   4   2  -4   1  -1  -1  -1   1   4  -1   2    4   1   3   2   0   1   1   3   2  17  19   1   3   3   3   6   9   5   2  12  0.39 0.25
  135 K     0  -1   0  -2  -4   1  -2  -2   2   0   0  -1   0  -2   3   1   1   4  -1  -1    8   3   5   2   0   5   3   4   4   5   9   5   2   2  12   9   7   6   2   5  0.18 0.17
  136 Y     0  -3  -1  -4  -3  -2  -5  -3   2   1   0  -4   0   2  -1  -1   0   7   5   0    7   2   3   1   1   2   1   3   4   7  11   1   3   7   3   5   7  11  14   6  0.52 0.34
  137 F    -2  -6  -4  -7  -5  -4  -6  -4  -1   3   3  -6   1   4  -3  -3  -1   5   2   1    4   1   1   0   0   1   1   2   2  13  27   1   3  15   2   3   4   6   5   8  0.73 0.42
  138 Y     0  -4  -4  -6  -3  -2  -6  -3   0   1   3  -5  -1   2  -1  -3  -2   6   4   0    8   2   1   1   1   2   1   2   2   7  26   1   1   9   4   2   3  10  13   7  0.68 0.41
  139 L    -1  -4  -5  -7  -2  -1  -6  -4  -5   2   5  -5   1   2  -4  -4  -2   3   1   0    6   1   1   0   1   3   1   2   0  10  42   1   3   7   1   2   3   4   4   7  0.81 0.47
  140 F    -2  -6  -5  -6  -2  -5  -6  -5  -3   2   4  -6   0   5  -2  -4  -2   1   1   1    4   1   1   1   1   1   1   1   1  11  32   1   2  22   3   2   3   2   4   8  0.93 0.49
  141 P    -3  -8  -5  -6  -5  -2  -7  -5  -6  -1   0  -7  -4   0   8  -5  -3  -3  -3  -3    3   0   1   1   0   2   1   2   0   4   8   0   1   3  65   1   2   1   1   3  1.95 1.13
  142 V    -1  -7  -6  -6  -2  -6  -7  -5  -7   3   4  -7  -1   2  -1  -5  -3  -4   0   4    5   0   0   1   1   0   1   1   0  16  31   0   1   8   4   1   2   0   4  23  0.92 0.52
  143 A     2  -6  -5  -6  -1  -5  -6  -2  -5   3   2  -6  -1   2   2  -1  -2  -1   1   2   14   0   1   1   1   1   1   3   0  12  20   0   2   8   9   4   3   1   4  15  0.50 0.33
  144 L    -3  -8  -8  -8  -2  -7  -8  -6  -5   4   4  -8   3   2  -6  -5  -3   1   1   2    3   0   0   0   1   0   0   1   0  19  38   0   6   7   1   1   2   2   4  12  1.09 0.60
  145 Y     1  -7  -6  -7  -2  -5  -6  -3  -3   3   4  -8   0   4  -3  -5  -3   0   2   2   10   0   0   0   1   1   1   3   1  13  29   0   2  14   2   1   2   1   7  12  0.79 0.45
  146 L    -2  -9  -5  -8   3  -1  -5  -5  -6   3   4  -9   2   0   2  -4  -3  -2  -3   1    5   0   1   0   5   3   1   1   0  15  36   0   5   4   9   2   2   1   1   9  0.82 0.50
  147 M     0  -6  -4  -8  -2   4  -3  -4  -1   1   4  -7   5   0  -5  -4   0  -4  -3   0    7   1   1   0   1  16   2   2   2   7  29   0  12   5   1   2   6   0   1   6  0.76 0.50
  148 I     0  -3  -2  -3   2  -1  -2  -1  -3   2   2  -3   1   2  -1  -1  -1   1   0   1   10   0   2   0   5   2   2   4   0  15  20   0   4   8   3   3   4   2   3  10  0.15 0.19
  149 V     0  -3  -2  -4   1  -1  -2  -2  -3   2   2  -3   2   1  -1  -2  -1   1   0   2    7   0   2   0   3   3   3   3   0  15  26   0   6   5   3   3   4   2   2  13  0.23 0.22
  150 Y    -1  -3  -2  -4   0  -1  -2  -2   0   0   2  -2   1   4  -2  -2  -1   2   2   1    5   0   2   0   2   2   2   3   2   5  20   2   4  23   2   3   4   2   8   8  0.29 0.26
  151 S     2  -4  -2  -3   3  -3  -3   1  -3   0   0  -3   0  -2  -3   2   2  -2  -3   0   21   0   2   0   5   1   0  11   0   5  11   0   3   2   1  15  15   0   1   6  0.30 0.29
  152 F     0  -5  -4  -5  -1  -3  -4  -3  -3   1   4  -4   2   4  -4  -2   0   0   1   0    8   0   0   0   1   1   0   2   0   7  36   0   4  17   0   2   7   1   5   7  0.54 0.36
  153 S     1  -5  -4  -5   0  -4  -5   6  -5  -3  -2  -5  -3  -3  -4   1  -1  -2  -4  -3   12   0   0   0   2   1   0  56   0   2   5   0   0   1   0  12   4   1   0   2  1.09 0.61
  154 I    -1  -4  -5  -6  -1  -4  -5  -4  -5   4   4  -5   2   1  -4  -3  -1   1  -2   3    4   0   0   0   1   0   0   2   0  20  35   0   4   7   1   1   3   2   1  16  0.66 0.40
  155 G     2  -5  -2  -5  -1  -3  -5   6  -5  -4  -3  -5  -2  -3  -4   2  -1  -3  -6  -2   14   0   1   0   1   1   0  52   0   1   3   0   1   1   0  16   4   0   0   2  1.04 0.59
  156 M    -3  -4  -5  -6  -2  -4  -6  -3  -4   2   4  -5   4   2  -5  -3  -2   6   1  -1    2   1   1   0   1   0   0   2   0   8  45   0  12   7   0   2   2  10   4   3  0.91 0.51
  157 V    -1  -5  -4  -6  -1  -5  -5  -4  -5   4   3  -5   1   3  -4  -2  -1   4  -2   1    5   0   0   0   1   0   0   1   0  27  26   0   3  12   1   3   3   6   1   8  0.70 0.41
  158 L    -2  -5  -4  -6  -2  -4  -5  -3  -5   2   5  -5   1   3  -5  -3   1  -1  -1   1    3   0   1   0   1   0   0   2   0   9  49   0   3  10   0   2   7   1   2  10  0.74 0.45
  159 G     4  -5  -3  -5  -1  -4  -4   1  -5  -4  -3  -4  -3  -4  -4   5  -1  -3  -5  -4   34   0   1   0   1   0   0  11   0   1   2   0   1   1   1  45   3   0   0   1  1.10 0.69
  160 T     4  -3  -3  -4  -1  -3  -4  -2  -3   0  -2  -4  -1  -3   0   3   2  -2  -2   1   35   1   1   0   1   1   0   2   0   5   3   0   1   1   4  19  13   1   1  10  0.52 0.42
  161 L     0  -5  -6  -6  -1  -5  -6  -5  -6   3   5  -5   2   0  -5  -3  -2   0  -3   1    7   0   0   0   1   0   0   1   0  14  54   1   5   3   0   2   2   1   0   8  0.91 0.51
  162 N     0  -3   5  -2   0  -1  -3   2   0  -2  -4  -3  -2  -2  -4   1   2  -5   1   0    7   1  29   1   2   3   1  13   3   2   1   1   1   2   0   9  15   0   4   6  0.52 0.40
  163 V     0  -5  -5  -7  -3  -6  -6  -6  -7   1  -1  -6  -1  -4  -3  -3   1  -7  -4   7    6   0   0   0   1   0   0   0   0   7   4   0   1   1   2   2   8   0   0  66  1.37 0.73
  164 F    -4   0  -5  -4  -6  -2  -4  -5  -1  -1  -1   2  -1   7  -5  -4  -3  -2   5  -3    1   5   0   1   0   2   1   0   2   4   7  13   2  41   0   1   1   0  17   2  1.09 0.60
  165 F    -4  -5  -5  -7  -2  -5  -6  -7  -2   1   1  -4  -1   7  -7  -3  -4   1   6   1    1   1   0   0   1   0   0   0   1   6  14   1   1  37   0   2   1   2  23   8  1.24 0.63
  166 R    -5   8  -4  -5  -5  -2  -3  -5  -2  -6  -6   2  -6  -6  -1  -4  -4  -4  -5  -6    1  78   0   0   0   1   1   1   1   1   0  10   0   0   3   1   1   0   0   0  2.19 1.03
  167 D    -5  -7  -3   9  -9  -6  -4  -5  -7  -9  -9  -6  -9  -9  -7  -6  -5 -10  -9  -9    1   0   1  96   0   0   0   1   0   0   0   0   0   0   0   0   1   0   0   0  3.08 1.31
  168 I    -3  -6  -5  -6  -3  -5  -6  -6  -6   4   3  -5   2   2  -6  -4   0  -5  -1   4    2   0   0   0   0   0   0   0   0  24  24   0   4   9   0   1   7   0   2  26  0.86 0.49
  169 K     0   2   0  -2  -3   3   1   2  -1  -2  -3   1  -1  -4  -1   1   0  -3  -2  -2    8  12   3   1   0  13  10  16   1   2   2   9   2   0   2   8   5   0   1   3  0.24 0.23
  170 E    -4   0   1  -3  -6   5  -1  -5   6  -3  -3  -2   0   2  -1  -3  -3  -3   5  -4    1   4   7   1   0  29   4   0  16   2   2   2   2   7   3   2   1   0  16   1  0.88 0.57
  171 I    -1  -5  -6  -6  -3  -5  -6  -4  -5   5   3  -5   2   3  -4  -4  -1  -3  -3   2    6   0   0   0   0   0   0   1   0  28  28   0   4  12   1   1   4   0   0  13  0.77 0.45
  172 I    -3  -6  -5  -6  -3  -4  -6  -6  -5   4   2  -5   2  -1  -6  -4   0   4   2   4    1   0   0   0   0   0   0   0   0  19  19   0   6   2   0   1   5   6   6  32  0.85 0.49
  173 G     0  -1   2  -1  -5   1   1   3  -3  -4  -4  -1  -3  -5   3   1   0  -5  -4  -4    7   3   8   3   0   7   8  24   0   1   1   2   0   0  15  12   7   0   0   1  0.44 0.34
  174 V    -1  -5  -2  -6  -3  -4  -5  -5  -2   4   1  -5   1   4  -3  -2  -2  -2   1   3    4   0   2   0   0   1   0   0   1  23  13   0   3  17   1   4   2   0   3  24  0.64 0.40
  175 F     0  -5  -5  -6  -1  -5  -5   0  -5   3   3  -5   1   3  -5  -3  -2  -3  -2   3    8   0   0   0   1   0   0   9   0  19  23   0   2  14   0   1   2   0   1  19  0.59 0.38
  176 L    -3  -4  -3  -6  -2  -4  -5  -5  -5   2   4  -5   4  -1  -5  -2   2  -5  -2   2    2   0   1   0   1   0   0   0   0  13  38   0  10   1   0   3  14   0   1  14  0.73 0.46
  177 Q    -3   2   0  -4  -6   6  -2  -4  -2  -3  -2  -3   4  -2  -2   0   3  -4  -3  -4    1  11   4   0   0  37   2   1   1   1   4   0   9   2   2   5  16   0   1   1  0.83 0.60
  178 I     1  -5  -5  -6  -3  -5  -4  -3  -5   3   3  -5   3   3  -3  -4  -3  -3  -2   2   14   0   0   0   0   0   1   2   0  15  27   0   7  13   1   0   1   0   1  17  0.60 0.40
  179 F    -2  -6  -5  -7  -4  -6  -6   2  -6  -1   4  -6   2   1  -6  -4  -4   9  -2  -2    4   0   0   0   0   0   0  15   0   3  35   0   5   5   0   1   1  26   1   3  1.24 0.64
  180 F    -5  -5  -5  -7  -5  -3  -6  -6  -5   0   1  -5   7   7  -6  -5  -2   1  -1  -2    0   0   1   0   0   1   0   0   0   4  14   0  31  39   0   0   3   2   1   3  1.54 0.76
  181 W    -7  -7  -7  -8  -7  -5  -7  -8  -3  -3  -4  -7  -3   6  -8  -7  -6   9   7  -5    0   0   0   0   0   0   0   0   0   1   1   0   1  31   0   0   0  26  37   1  2.50 1.03
  182 F     3  -5  -5  -6   0  -4  -5  -2  -5   1   4  -5   3   1  -5  -1  -1  -5  -2   1   23   0   0   0   2   0   0   3   0   7  36   0   7   5   0   4   4   0   1   8  0.56 0.40
  183 T    -1  -5  -3  -5   0  -4  -5  -5  -6  -4  -3  -5  -2  -6  -5   4   6  -7  -5  -3    4   0   0   0   2   0   0   0   0   1   2   0   1   0   0  34  54   0   0   2  1.49 0.83
  184 P    -1  -7  -7  -7  -4  -5  -6  -3  -7  -8  -8  -6  -8  -9   9  -4  -4  -9  -8  -6    5   0   0   0   0   0   0   3   0   0   0   0   0   0  90   1   1   0   0   0  3.01 1.23
  185 I    -4  -7  -7  -7  -3  -7  -7  -7  -7   7  -1  -7  -1  -4  -5  -6  -4  -7  -5   5    1   0   0   0   0   0   0   0   0  55   4   0   1   0   0   0   1   0   0  37  1.76 0.78
  186 V    -1  -6  -5  -6  -3  -5  -6  -3  -5   4   1  -6   3   6  -4  -4  -4  -3  -2   3    5   0   0   0   1   0   0   3   0  20  13   0   8  29   1   1   0   0   0  20  0.88 0.48
  187 Y    -6  -7  -7  -8  -8  -7  -7  -8  -3  -4  -5  -6  -5   2  -8  -7  -6   7   9  -5    0   0   0   0   0   0   0   0   0   1   1   0   0   6   0   0   0  14  75   1  2.95 1.18
  188 T    -1  -4   0   0  -6  -1  -3  -3  -2  -4  -4  -3  -3  -5   7   2   0  -5  -4  -2    4   1   5   5   0   3   1   2   1   1   2   1   1   1  48  16   6   0   1   3  1.12 0.61
  189 L     1  -2  -3  -3  -2  -2  -1  -3  -3   3   2  -2   1   0   1   0  -1   1  -1   2   12   2   0   1   0   1   3   1   0  16  18   2   4   3   7   7   4   2   2  12  0.19 0.19
  190 D     0  -2   1   3  -4   0   2  -2  -1  -5  -5  -1  -4  -5  -2   4   1  -4  -3  -4    6   1   6  16   0   4  15   2   1   0   0   3   0   0   1  31  10   0   1   0  0.57 0.43
  191 I     1  -1  -1  -1  -3   0  -2  -3  -2   3   1  -1   4  -1  -4   0  -1  -2  -2   1   11   3   3   3   0   4   2   1   1  22  12   4  12   2   0   8   4   1   1   7  0.24 0.24
  192 L    -2  -5  -5  -4  -4  -4  -5  -5  -4   4   3  -4   1   0  -4  -4  -2  -2  -2   4    4   0   1   1   0   1   0   0   0  20  31   1   3   4   1   1   1   1   1  28  0.79 0.44
  193 P    -3  -4  -3  -3  -7  -2  -2  -2  -3  -4  -6  -2  -5  -7   8   0  -3  -6  -5  -5    3   1   2   2   0   2   3   3   1   1   1   3   0   0  70   6   2   0   0   1  1.96 0.92
  194 P     0  -2  -1   2  -6   1   4   0  -1  -4  -4   0  -4  -5   3   0  -2  -4  -4  -3    9   2   2  10   0   5  31   7   1   1   1   4   0   0  16   5   2   0   0   2  0.58 0.41
  195 F     0   2   0  -2  -3   1   0  -1   0  -1  -2   2  -1   0   0   0  -1   5   0  -1    6  10   5   2   0   7   6   4   2   4   4  16   1   4   4   7   4   9   3   3  0.20 0.19
  196 V    -1  -4  -5  -5  -4  -4  -5  -4  -3   2   2  -4   1   4  -5  -4  -3   5   5   2    6   1   0   0   0   1   0   1   0  11  20   1   4  14   0   1   1   8  17  12  0.70 0.41
  197 K    -1   5  -2  -3  -6   5  -1  -2   2  -2  -2   2  -1  -2  -3  -2  -3  -1  -2  -2    6  27   2   1   0  22   3   3   4   2   5  11   2   2   1   3   1   1   1   2  0.61 0.43
  198 K    -1   0  -1  -1  -4   0  -1  -1  -1  -1  -1   1  -1   2   2  -1   0   6   0  -2    5   6   4   3   0   3   4   4   2   3   7  11   1   8  10   5   5  13   3   3  0.28 0.23
  199 L    -3  -5  -6  -7  -4  -6  -6  -6  -5   4   4  -6   0   2  -6  -5  -4   5   1   2    3   0   0   0   0   0   0   1   0  24  36   0   2   9   0   0   1   7   4  12  1.00 0.53
  200 I    -2  -5  -4  -6  -3  -3  -5  -5  -4   3   3  -5   3   3  -4  -4  -3  -1   4   1    3   0   1   0   0   1   1   1   0  14  31   0   8  11   1   1   1   1  14  10  0.76 0.44
  201 Y     0   0   0  -1  -3   1   0  -1   1  -2   0   2   2   0  -3   0  -1   3   3  -1    8   4   4   3   1   6   5   4   3   1  10  13   6   4   1   6   2   4  12   3  0.15 0.19
  202 Y    -1  -6  -4  -7   0  -5  -6  -5  -3   2   5  -5   1   3  -6  -4  -4   3   3  -1    6   0   1   0   2   0   0   1   1   9  47   0   3  12   0   1   1   4  10   3  0.95 0.53
  203 N    -7  -6   9  -5  -9  -6  -6  -6  -3  -7  -9  -6  -6  -8  -9  -3  -6 -10  -6  -8    0   0  94   0   0   0   0   0   1   0   0   0   0   0   0   2   0   0   0   0  3.32 1.42
  204 P    -7  -8  -6  -8  -9  -7  -8  -7  -6  -7  -8  -6  -6 -10   9  -7  -6 -10  -9  -8    0   0   0   0   0   0   0   0   0   0   0   0   0   0  96   0   0   0   0   0  3.51 1.51
  205 M    -3  -7  -7  -8  -3  -6  -7  -7  -7   2   4  -7   8   1  -5  -6  -4  -6  -4   1    2   0   0   0   0   0   0   0   0  11  37   0  33   6   1   0   1   0   0   8  1.50 0.74
  206 Y     2  -5  -2  -6  -3  -3  -5  -4  -1  -4  -3  -5  -3   2  -6   0   4  -2   6   1   17   0   2   0   0   1   0   1   2   1   2   0   0   7   0   6  26   0  23  10  0.87 0.57
  207 P     0  -3  -2  -4  -2   0  -4   2   2  -1  -2  -4  -2   0   4   0  -2   0   4  -1    6   2   1   1   1   5   0  17   6   3   4   0   1   4  19   7   3   1  16   5  0.47 0.36
  208 V    -1  -7  -6  -6  -3  -6  -6  -6  -5   6   2  -6   1   1  -5  -5  -3  -4   0   3    5   0   0   0   0   0   0   0   0  40  15   0   4   6   1   1   1   0   3  21  1.09 0.56
  209 V    -3  -6  -5  -6  -4  -5  -2  -6  -6   6   0  -6   1   0  -7  -5  -2  -3  -5   5    3   0   1   0   0   0   3   1   0  41   7   0   3   3   0   1   3   0   0  32  1.25 0.63
  210 S    -1  -2   1   2  -2   2   5  -1  -2  -4  -4  -2  -2  -5  -4   1   0  -2  -4  -4    6   2   7   9   1   9  33   6   1   1   2   2   1   0   1  12   6   1   0   1  0.57 0.42
  211 I     1  -2  -1  -3   0   0  -2   3  -3   1   1  -3   1   1  -3   0   0  -1   0   0   13   1   2   1   2   5   2  20   0  10  13   0   4   5   1   6   5   1   3   5  0.19 0.19
  212 H    -1   2  -3  -5  -3  -1  -5  -5   2  -2  -3  -4   0   5  -6  -2  -2   0   7  -3    6  11   2   0   1   3   1   1   4   2   2   1   3  23   0   4   3   1  32   2  1.10 0.60
  213 H    -4   7  -2  -1  -6   3  -2  -5   4  -7  -7  -2  -6  -6  -5  -2  -5  -1  -2  -6    2  58   2   3   0  11   3   1  10   0   0   2   0   0   1   3   1   1   1   1  1.64 0.83
  214 L     1  -1   0   2  -1   0   0  -1  -2   0   0  -2   0   0  -3   0  -1   4   2   0   12   3   4  13   1   3   4   4   1   7  12   2   3   3   1   7   3   6   6   6  0.13 0.14
  215 V     2  -4  -4  -5   2  -4  -5  -1  -5   3   1  -5   1  -1  -3   0   0  -1  -2   3   17   1   1   0   4   0   0   4   0  19  11   0   3   3   1   6   4   1   1  22  0.48 0.32
  216 F    -4  -4  -5  -6  -3  -5  -6  -4  -4   2   4  -5   2   6  -6  -4  -3   2   2   0    2   1   1   0   0   1   1   1   0   9  30   1   5  32   0   1   2   3   5   5  1.06 0.53
  217 V    -2  -3  -3  -4  -3  -3  -3  -1  -2   3   3  -3   1   2  -3  -2  -2   2   2   2    3   1   1   1   0   1   2   6   1  15  29   1   4   7   2   3   3   3   6  11  0.39 0.26
  218 N    -2  -1   4   1  -4   0   0   3   1  -4  -4  -2  -3  -2  -2   0  -1   1   2  -4    3   4  18   8   0   4   6  24   3   1   1   3   0   2   2   6   3   2   6   1  0.46 0.33
  219 Y    -1  -1   0  -2  -3   0  -1   2   3  -2  -2  -1  -1   1  -1   0   0   5   2  -2    5   3   5   2   0   5   4  18   7   2   3   4   1   6   3   6   6   8   8   3  0.27 0.22
  220 L    -1   0  -1  -2  -3   1  -1   1  -1   1   1  -1   1   1   1  -1   0   0  -2   0    5   6   2   2   0   6   3  12   1   7  15   4   3   6   8   4   5   2   1   7  0.07 0.09
  221 D    -1  -2   0   4  -4   0   1   0  -2  -1  -2  -2   0  -1   2   0   0   3  -2  -2    6   2   5  20   0   5   8   7   1   3   4   2   2   3  11   8   5   5   1   3  0.27 0.24
  222 L    -2  -4  -3  -3  -3  -3  -1  -2  -2   1   2  -3   2   2   4  -2  -1   3  -2   0    4   1   1   2   0   1   4   3   1   8  19   1   4   9  23   3   3   4   1   6  0.48 0.32
  223 H    -1  -1   2   2  -3   0   0   0   5  -3  -3  -1  -1  -1   2   1   0   1   0  -3    6   3   8  12   0   4   5   8  12   1   3   2   2   2   9  10   6   2   3   2  0.27 0.24
  224 L    -1  -2  -3  -2  -3  -2  -3  -2  -2   2   3  -3   2   2   1  -2  -1   6   0   0    4   2   1   2   0   1   2   3   1  10  25   1   4   7   7   3   4  11   2   7  0.42 0.28
  225 Y    -1  -2  -1  -2  -4  -1  -1  -1   0  -1  -1  -1   0   2   0   0  -1   7   5  -1    4   2   3   2   0   3   4   5   2   4   7   3   3   9   4   6   4  12  18   4  0.45 0.31
  226 S     2  -2  -1  -1  -1   0  -1   1  -1  -1  -1  -2   0  -2   0   3   1   2   0  -1   14   2   3   4   1   5   4  10   1   3   5   2   3   2   4  20   9   2   3   3  0.17 0.19
  227 L    -2  -4  -4  -4  -2  -4  -4  -3  -4   2   4  -5   2   1  -4  -2   0   5  -1   1    4   1   1   1   1   1   1   2   0  11  40   1   5   6   1   3   5   6   2   9  0.67 0.38
  228 L     0  -4  -4  -5  -1  -4  -4  -1  -4   3   4  -4   2   0  -2  -2  -1   2  -1   2    9   1   1   0   1   0   1   5   0  15  33   1   4   4   3   3   4   3   2  11  0.49 0.31
  229 G     1  -3  -2  -3  -1  -3  -4   3  -3   1  -1  -2  -1  -1   0   0  -1   1   3   0   12   1   2   1   1   1   1  26   1   8   5   2   2   2   5   6   4   2  11   7  0.33 0.25
  230 F     0  -5  -4  -5   1  -4  -5  -2  -2   1   1  -5   0   5  -3   1   0   2   3   0    8   0   1   0   2   1   1   3   1   7  12   0   3  23   2  13   6   3   8   8  0.49 0.33
  231 L     1  -5  -5  -5   0  -4  -5  -1  -5   2   3  -5   1   1  -3   0   1   6  -2   1   11   0   0   0   2   0   0   5   0   9  24   0   4   6   1   6   7   9   1  11  0.48 0.32
  232 L     1  -5  -5  -6  -1  -5  -5  -1  -6   3   3  -5   0   1  -5  -2  -1  -2  -2   3   12   0   0   0   2   0   1   5   0  18  28   0   2   5   1   3   4   1   1  18  0.60 0.36
  233 A     3  -5  -4  -5   1  -5  -4   0  -5   3   0  -5   1   1  -3   0  -1   0  -2   3   23   0   0   0   2   0   1   7   0  14   8   0   3   7   1   8   3   1   1  16  0.42 0.30
  234 S     2  -5  -3  -5   0  -4  -5   1  -5   0  -2  -5  -2  -2  -3   4   3  -3  -4   0   18   0   1   1   2   0   1   9   0   4   4   0   1   2   1  32  17   0   1   5  0.68 0.47
  235 P     1  -4  -4  -4   0  -4  -4   0  -3   3   2  -4   0   1   0   0   0  -3  -3   2   13   1   1   1   2   1   1   7   1  15  19   1   2   5   4   6   5   0   1  16  0.33 0.23
  236 L     0  -5  -5  -6   0  -5  -5  -2  -6   4   3  -5   1   1  -5  -3  -2  -3  -4   3    9   0   0   0   2   0   0   4   0  19  29   0   2   5   1   2   3   0   0  21  0.69 0.38
  237 V    -1  -6  -5  -6   0  -6  -6  -5  -5   4   3  -6   2   1  -5  -2   0  -4  -4   4    5   0   0   0   2   0   0   1   0  21  22   0   4   6   1   3   5   0   0  27  0.81 0.43
  238 F     0  -6  -6  -6   1  -6  -6  -4  -5   0   4  -6   1   6  -6  -4  -3  -2   0  -1    8   0   0   0   3   0   0   2   0   4  32   0   3  34   0   2   2   1   2   4  1.11 0.56
  239 F     1  -5  -6  -7   0  -5  -6  -2  -4   3   2  -6   0   4  -4  -3  -2   6   0   2   10   0   0   0   2   0   0   4   0  13  19   0   2  18   1   2   2   9   3  12  0.69 0.40
  240 V     0  -6  -6  -7  -1  -6  -6  -1  -6   4   3  -6   0   2  -6  -1  -1  -3  -3   3    9   0   0   0   1   0   0   5   0  22  26   0   2   7   0   4   4   0   1  18  0.71 0.42
  241 S     0  -6  -6  -7  -2  -7  -8   7  -8  -7  -7  -7  -5  -7  -7   1  -4  -6  -9  -6    9   0   0   0   1   0   0  73   0   0   1   0   0   0   0  12   1   0   0   1  2.01 0.97
  242 Y     0  -2  -4  -6  -3  -2  -5  -3   0   2   2  -4   1   4  -6  -2  -1   4   5   0    7   2   1   0   0   2   0   2   2  10  18   1   3  13   0   3   4   6  18   6  0.58 0.37
  243 Y     1   0  -4  -6  -2  -3  -5  -4  -1   1   1  -2   0   3  -6  -2  -1   6   3   1   12   6   1   0   1   1   0   1   1   8  15   3   2  11   0   3   3  11  11  10  0.53 0.35
  244 F    -3  -6  -7  -8  -1  -6  -7  -5  -5   3   1  -6   0   4  -8  -4  -1   6   4   3    2   0   0   0   1   0   0   1   0  14  14   0   2  16   0   1   3  10  12  21  0.99 0.54
  245 F    -8  -8  -4 -11  -8  -8  -9  -8  -4  -6  -4  -8  -4  10 -11  -7  -8  -4   3  -7    0   0   1   0   0   0   0   0   1   0   2   0   0  86   0   1   0   0   7   0  3.28 1.36
  246 K    -3   5   3  -2  -5   3  -1  -4   0  -4  -5   4  -1  -6  -7  -1  -3  -5  -3  -5    2  28  11   3   0  14   3   2   2   1   1  23   2   0   0   4   2   0   1   1  0.93 0.58
  247 K    -4   6  -3  -7  -8  -2  -5  -6  -1  -6  -6   6  -4  -6  -8  -2  -5  -2  -5  -7    2  39   1   0   0   1   1   1   2   1   1  46   1   0   0   3   1   1   1   0  1.84 0.94
  248 L     0  -2  -2  -6  -2  -1  -4  -6   0  -1   3  -3   4  -1  -6  -2   3  -1  -2   1    6   3   2   0   1   3   1   0   3   3  31   2   9   3   0   3  20   1   1   8  0.56 0.40
  249 E    -3   4  -4  -1  -4   2   6  -6  -2  -6  -7   3  -5  -8  -6  -1  -5  -8  -5  -6    2  22   1   3   0   7  41   1   1   1   0  15   0   0   0   5   0   0   0   1  1.26 0.74
  250 K    -2   4   0   0  -6  -2  -2  -1   0  -6  -6   5  -3  -6   3  -1  -3  -5  -4  -4    4  21   4   6   0   2   2   5   3   0   0  33   1   0  12   4   1   0   1   2  0.84 0.54
  251 D    -1   0   1   1  -5   0   1   3   3  -3  -4   0  -4  -3  -4   1   2  -4  -1  -2    5   6   6   7   0   3   9  19   8   2   1   6   0   1   1   9  12   0   2   2  0.30 0.27
  252 I    -5  -7 -10 -10  -7 -10  -9 -10  -9   2  -1  -9   3   9 -10  -8  -8  -7  -4   0    1   0   0   0   0   0   0   0   0   9   7   0   6  69   0   0   0   0   0   7  2.52 1.13
  253 K     6  -1  -5  -5  -6  -6  -3  -3  -7   0  -5  -2   3  -6  -2  -1  -4  -6  -5   2   56   3   1   1   0   0   2   2   0   6   1   2   6   0   2   5   1   0   0  11  1.14 0.70
  254 D    -9  -7  -4   9 -11  -7   2  -6  -9 -11 -11  -6 -11  -9  -9  -6  -8 -12 -11 -11    0   0   1  85   0   0  13   1   0   0   0   0   0   0   0   0   0   0   0   0  3.02 1.39
  255 F    -5  -5  -6  -7  -6  -6  -5  -6  -4   0   0  -6  -2   7  -7  -6  -5   3   7   2    0   0   0   0   0   0   0   0   0   4   7   0   1  40   0   0   0   3  32  13  1.57 0.65
  256 A     7  -4  -4  -5  -3  -4  -4  -3  -5  -4  -4  -4  -4  -5  -4  -1  -3  -6  -5  -3   98   0   0   0   0   0   0   0   0   0   0   0   0   0   0   2   0   0   0   0  1.77 0.63

                      K         Lambda
Standard Ungapped    0.1515     0.3347
Standard Gapped      0.0410     0.2670
PSI Ungapped         0.1515     0.3347
PSI Gapped           0.0410     0.2670
