
Last position-specific scoring matrix computed, weighted observed percentages rounded down, information per position, and relative weight of gapless real matches to pseudocounts
            A   R   N   D   C   Q   E   G   H   I   L   K   M   F   P   S   T   W   Y   V   A   R   N   D   C   Q   E   G   H   I   L   K   M   F   P   S   T   W   Y   V
    1 M    -3  -3  -4  -5  -3  -2  -4  -4  -3   0   1  -3   9  -2  -4  -3  -2  -3  -3   0    0   0   0   0   0   0   0   0   0   2   0   0  95   0   0   0   0   0   0   4  1.58 0.30
    2 L    -2  -4  -5  -5  -3  -4  -4  -5  -4   3   5  -4   3  -1  -4  -4  -1  -3  -3   0    3   0   0   0   0   0   0   0   0  16  69   0  10   0   0   0   3   0   0   0  0.87 0.27
    3 S    -2  -5  -4  -5   9  -4  -5  -3  -5   2  -1  -4  -2  -4  -2   1  -2  -5  -4   2    0   0   0   0  51   0   0   1   0  13   4   0   0   0   2  13   0   0   0  17  1.26 0.34
    4 P    -2   2  -2  -3  -4  -1  -2  -4   4  -3  -2   0  -3  -1   3   1   1  -2   5  -2    1  15   0   0   0   1   0   0  12   0   3   3   0   1  13  12  11   0  24   3  0.50 0.25
    5 A     1  -3   2   3  -5   0   6  -4  -3  -5  -5  -2  -4  -5   0  -1  -3  -5  -4  -3   11   0   9  16   0   2  54   0   0   0   0   0   0   0   4   2   0   0   0   1  0.95 0.37
    6 G     1  -4  -3  -4  -4  -2  -4   6  -4  -5  -3  -4  -4   3  -4   0  -3  -4  -3  -4   10   0   0   0   0   2   0  65   0   0   2   0   0  13   0   7   0   0   0   0  1.15 0.38
    7 K    -3   6  -3  -2  -5  -1  -2  -4   0  -1  -2   4  -1  -5  -4  -2  -1   1  -4  -3    1  45   0   1   0   2   0   0   2   4   5  31   1   0   0   1   3   2   0   1  0.96 0.40
    8 I    -2  -2  -4  -4   2  -1  -4  -1  -2   3   3  -3   0   0  -4  -2   0  -4  -3   2    1   3   0   0   4   3   0   4   1  18  34   0   1   3   0   3   6   0   0  19  0.39 0.22
    9 S     2  -4  -3  -4   2  -4  -4  -3  -5  -6  -6  -4  -5  -6  -4   7  -1  -6  -5  -5   17   0   0   0   4   0   0   1   0   0   0   0   0   0   0  77   1   0   0   0  1.57 0.66
   10 L    -2  -5  -6  -6   1  -5  -6  -6  -6   2   5  -5  -1   1  -6  -5  -1  -4  -3   1    4   0   0   0   3   0   0   0   0  10  67   0   0   5   0   0   3   0   0   7  1.06 0.45
   11 Q    -2  -2   1  -2  -1  -2  -3  -2   1   1   2  -3   0   3  -4  -2  -2   3   4   0    3   2   7   3   1   2   0   2   4   9  23   1   1  14   0   2   2   5  14   7  0.30 0.20
   12 S     0  -5  -3  -5   9  -5  -5   0  -5  -5  -5  -5  -5  -1  -5   4  -1  -1   0  -4    7   0   1   0  42   0   0   8   0   0   0   0   0   3   0  30   4   1   4   0  1.43 0.57
   13 F     0  -2  -6  -6  -5  -5  -6  -6  -4   1  -3  -5  -3   8  -6  -2  -3  -3   3  -2    7   2   0   0   0   0   0   0   0   7   0   0   0  68   0   3   1   0   9   2  1.71 0.61
   14 T     0  -4  -5  -5   2  -4  -4  -5  -5   2   4  -4   1  -1  -4  -2   0   2  -3   2    8   0   0   0   5   0   1   0   0  11  48   0   2   2   0   2   7   3   0  12  0.63 0.32
   15 G     2  -2  -3  -4   1  -2  -2   1  -4   2   1  -2  -1  -1  -2   1   0  -2  -3   1   21   1   0   0   3   1   2  13   0  15  18   1   0   2   1  10   4   1   0   8  0.22 0.19
   16 S     3  -4  -2  -4  -1  -3  -3   4  -4  -3  -3  -3  -1  -2  -3   3   2  -5  -3  -1   25   0   1   0   1   0   0  27   0   1   1   0   2   2   0  21  12   0   1   5  0.57 0.35
   17 S     2  -2  -1  -3   2  -2  -3  -1  -3   1   1  -2   2   2  -3   1   0  -3  -1   1   23   2   3   1   4   0   0   3   0   7  12   0   6   9   0  15   4   0   2   9  0.19 0.17
   18 L     1  -3  -3  -3   2  -3  -3   0  -2   1   1  -3   0  -1   0   1   2  -4  -3   1   16   0   0   0   4   0   0   7   1   8  15   0   1   3   4  11  17   0   0  11  0.21 0.18
   19 V    -2  -2   0  -4   0  -2  -3  -4  -3   3   2   0   0   1  -2   0  -1  -4  -2   3    1   1   4   0   2   1   1   0   0  15  23   7   1   6   2   8   3   0   0  23  0.29 0.21
   20 F     0  -2  -1  -3   0  -2  -3  -1  -3   1   1  -1   0   3  -1   0   0   3  -1   2    6   2   3   0   2   1   0   5   0   8  18   4   2  13   3   7   5   4   1  15  0.15 0.13
   21 F     0  -4  -3  -5  -2  -4  -4  -3  -2   0   3  -4  -2   4  -3   0   0   5   0   0   10   0   1   0   1   0   0   2   1   5  28   0   0  21   1   8   7   8   2   4  0.48 0.29
   22 V     0  -4  -4  -4  -3  -3  -4  -1  -2   2   2  -3   1   1  -3   1   0  -4  -1   3    8   0   0   0   0   1   0   6   1  10  22   1   3   5   1  11   6   0   2  25  0.29 0.22
   23 I    -1  -3   1  -3  -2  -3  -3  -4  -3   3   1  -3  -2   2   3   0  -1  -2   2   0    5   0   9   1   0   0   1   0   0  22  14   0   0   8  16   6   3   0   8   4  0.37 0.25
   24 C     1  -2  -3  -2   2  -2   0  -1  -2  -1   1  -3   0   2  -1   2   0   0   1   0   11   2   0   1   5   0   6   4   1   2  19   0   2   9   3  18   6   1   5   4  0.14 0.16
   25 M    -1  -3  -4  -4  -2  -2  -2  -2  -1   2   2  -4   1   3  -2  -2  -1  -3   0   3    4   1   0   0   0   1   2   3   1  11  25   0   2  15   2   3   4   0   3  22  0.35 0.23
   26 F     0  -2  -1  -3  -3  -3  -3  -1  -3   1   1  -2  -1   4   1   0  -1   0   2   1    7   1   2   1   0   0   0   4   0  10  16   1   1  19   6   8   3   1   7  10  0.24 0.18
   27 N    -1   0   2   1   0   1  -1   1   2  -1  -1  -1  -1   0  -3   2  -1   0  -1  -2    3   4  10   8   2   7   3   9   5   4   8   2   1   4   0  21   2   2   1   2  0.13 0.15
   28 H     0  -2  -2  -3   0  -1  -3  -2  -1   2   0  -1   0   1   3   0  -1   5   0   0    6   2   1   1   2   2   1   2   2  13  10   3   3   7  16   9   4  10   3   5  0.28 0.19
   29 Y    -1  -1  -2  -3  -4   0  -2  -2   2   0   1  -2  -1   5  -4  -1   0   0   4  -1    4   3   1   1   0   4   3   2   5   6  12   3   1  27   0   4   5   1  13   4  0.37 0.24
   30 Y    -2  -2  -1  -2  -4  -2  -1  -1  -3   1   2  -3   0   5  -2   0  -2   0   3   0    1   2   3   3   0   1   5   4   0   7  17   0   1  25   2   7   2   1  11   6  0.32 0.23
   31 G     0  -1  -2  -1   2  -1   0   3   0  -2  -2  -3   0   1  -2   1  -1   6  -1  -1    7   3   1   3   4   3   6  23   3   1   2   0   2   5   1  10   3  13   1   6  0.34 0.23
   32 I    -1  -2   0  -3   1  -2  -1  -4  -1   3   1  -2   4   2  -4  -2  -1  -1   1   2    6   2   6   1   3   2   4   0   1  19   9   1  15   8   0   2   4   1   4  12  0.25 0.20
   33 T    -2  -3  -2  -3   0   0   0  -4  -2   0   1  -2  -2   2  -3   1  -1   5   3   3    1   0   1   1   2   4   6   0   1   3  13   2   0   9   1  11   3   7  13  21  0.30 0.23
   34 N     1  -2   1   0  -3  -1   0  -2  -1  -1  -1  -1  -1   3   2   1  -1   2   0  -1   11   1   7   5   0   1   7   2   1   3   5   2   1  19   9  12   3   3   1   5  0.17 0.16
   35 L    -1  -1   1   0   0  -1   0  -1  -2   1   2  -1   0   2  -2   2  -1  -3   0  -1    3   3   6   4   2   2   6   4   0   9  21   2   1   8   2  21   2   0   3   1  0.11 0.16
   36 V    -2  -2  -4  -1  -2  -4  -2  -5  -2   2   1  -3  -1   2  -2  -2  -2   8   3   2    3   2   0   5   1   0   2   0   1  14  12   1   1   8   2   2   2  21   8  15  0.64 0.32
   37 V     0  -3  -2  -3  -2  -1  -3  -1  -1   2   0  -1   0   2  -2   0   2   5   2   0    8   0   1   0   0   2   0   4   1  12   9   5   2   8   2   8  16  10   7   4  0.26 0.20
   38 N    -1  -1   1  -2  -3  -2  -2   1  -1  -1   0  -1  -2   2   0   0  -1   7   0   0    6   3   7   1   0   1   2  10   1   4  11   4   0  10   4   6   4  17   2   6  0.31 0.20
   39 T     1  -2   0  -2   1  -2  -1  -2  -2   1   2  -2   1   1  -2  -1   0   3   0   1   11   1   5   1   3   1   4   3   1  10  23   1   2   8   2   4   4   5   3   7  0.13 0.12
   40 L    -1  -3  -2  -4   0  -3  -3  -2   0   2   2  -3   1   3  -2  -1  -1   5   2   1    5   1   1   0   2   1   1   3   3  12  21   0   2  14   2   5   2   8   6  12  0.29 0.19
   41 I    -1  -3  -4  -5  -2  -4  -4  -2  -4   4   2  -4   0   0  -4   0  -1   7  -1   1    6   1   0   0   0   0   0   3   0  24  21   0   2   4   1   8   3  16   1   9  0.60 0.32
   42 V     1  -4  -4  -4   2  -3  -2  -4  -2   2   2  -2  -1   2   4   0  -2  -3   1   0   10   0   0   0   4   1   2   0   1  13  18   2   1   9  22   7   1   0   5   5  0.40 0.26
   43 F     0  -3  -3  -5   1  -2  -4  -2  -2   0   2  -4   0   4  -1  -2   0   7   1   1    8   1   1   0   3   2   0   3   1   5  22   0   2  16   3   2   5  14   4   8  0.45 0.27
   44 F    -1  -4  -1  -4  -2  -2  -4   0  -3   1   3  -4  -1   4  -4  -1  -2   1   2   1    5   0   4   0   1   2   0   8   0   7  29   0   0  19   0   5   2   2   8   8  0.34 0.24
   45 Y    -1  -4  -4  -5   3  -3  -4  -5  -2   2   1  -4  -2   3  -4  -1   1  -2   5   2    4   0   0   0   7   1   0   0   0  10  13   0   0  14   1   5   8   0  23  13  0.57 0.33
   46 A     3  -3  -3  -2   0  -2  -2   0  -1   0   1  -3  -1   2  -2   0  -1  -3   3   1   26   0   0   2   2   1   2   7   1   5  13   0   0  10   1   5   3   0  11  10  0.23 0.21
   47 V     0  -3  -2  -4   1  -4  -2  -3  -4   4   2  -2  -1   1  -2  -1  -3   1  -2   2    7   1   2   0   3   0   4   1   0  33  18   2   0   6   2   4   0   2   1  14  0.40 0.27
   48 N     1  -2   1  -1   0  -1  -2   0  -1   0   0  -1  -2   0   2   1   0  -3   1   0   15   0   8   2   3   1   1   8   1   4  10   4   0   4  11  10   4   0   7   9  0.10 0.12
   49 V     0  -3  -3  -4   2  -2  -2  -2  -1   3   2  -3   0   0  -2   0   0  -4  -2   2    8   1   1   0   5   1   3   2   1  17  24   1   1   4   1   8   5   0   0  18  0.27 0.20
   50 Y     2  -2   4  -2   2  -3  -2  -1   1   1  -1  -3  -2   2  -3   0  -1  -3   2  -1   20   1  21   0   5   0   2   5   4   8   6   0   0   9   1   5   2   0   8   4  0.26 0.24
   51 F    -1  -3  -3  -4   0  -3  -3   0  -2   2   2  -3   2   4  -2  -1  -2   2   0   2    4   1   0   0   2   0   1   7   1  12  17   1   5  20   2   4   1   3   2  15  0.32 0.22
   52 F    -1  -3  -2  -3   1  -2  -1  -4  -1   2   1  -1  -1   3  -2  -1  -3  -1   4   1    3   1   2   1   3   1   4   0   1  14  15   4   0  13   1   5   0   1  19  12  0.34 0.24
   53 L     0  -3  -3  -3  -2  -3  -3   2  -4   2   2  -1   0  -2   3   0  -1   1  -2  -1    8   0   1   1   0   0   0  18   0  13  23   5   2   0  13   8   3   2   1   2  0.29 0.24
   54 K    -1   5  -2  -4   2  -1  -2  -3  -1   1   1   0  -1  -2  -2   0  -3  -3  -1  -1    6  38   2   0   4   1   2   2   1   9  14   5   1   1   1   8   0   0   2   3  0.46 0.33
   55 F    -1   0  -1  -2   0  -2  -2   1  -1   0   0  -1  -1   3  -4  -2  -1   0   5  -1    6   7   2   2   2   1   2  14   1   6  10   4   1  12   0   2   3   1  20   3  0.27 0.22
   56 F    -1   1   0  -2   4  -2  -2  -3   1   2   1  -1  -1   2  -1   0  -1   1   1   1    3   8   5   3  10   1   1   1   4  12  12   3   1   9   3   7   2   2   4  11  0.13 0.14
   57 Y    -3   1  -2  -3   1  -3  -3  -2   2   1   1  -2  -2   4  -2  -2   0   2   4  -1    1   8   1   1   3   1   1   4   6   7  17   1   0  17   2   2   6   3  15   3  0.34 0.25
   58 N    -1   5   2   1  -5   2  -2  -2  -2  -4  -3   2  -4  -4   1  -1   0  -2  -2  -4    4  29  10   7   0   9   1   2   1   1   3  14   0   0   8   4   5   0   2   0  0.52 0.35
   59 E    -1   0   4   0  -1   1  -1   0   2  -3  -4   2  -2  -1   1  -1   0   1  -2  -3    4   5  25   4   1   6   2   8   4   2   1  13   1   3   8   2   6   2   1   1  0.34 0.27
   60 F    -1   1   0   0   0  -1  -1  -2   3   0   0   0   0   0   0   0   2   0   1  -1    4   8   4   4   2   2   3   2   8   5   9   5   2   3   5   6  17   1   5   4  0.08 0.12
   61 A     2  -2   0   1  -3  -2  -1  -2   0   0   1  -2  -1  -2   2   0   0   1  -1   0   17   2   6   9   0   1   2   3   2   7  16   1   1   1  11   8   4   3   1   6  0.13 0.16
   62 F    -2  -1  -5  -3  -1  -1  -4  -3  -1   1   2  -3  -2   3  -3  -2  -3   4   6  -2    3   4   0   1   1   3   1   2   1   9  22   1   0  11   2   3   1   4  28   2  0.64 0.39
   63 A     2   0   0  -3  -2   3   0   4  -2  -3  -3   2  -3  -4  -4   0  -2  -1  -4  -3   15   4   3   0   1  14   7  27   1   1   3  11   0   0   0   7   1   1   0   2  0.44 0.33
   64 I    -3  -4  -3  -5  -4  -4  -1  -4  -4   6   0  -3  -2  -3  -5  -4  -2  -1  -2   4    2   1   2   0   0   1   5   1   1  46   7   1   1   1   0   1   2   1   1  26  1.04 0.53
   65 A     5  -5  -3  -5   2  -4  -5   0  -5  -2  -2  -5  -2  -2  -4   3  -2  -1  -3   1   49   0   1   0   3   0   0   7   0   2   4   0   1   1   1  19   1   1   1   9  0.84 0.55
   66 I     0  -3  -1  -5   0  -4  -5  -3  -4   3   3  -3   2  -1  -5   0   0   2  -4   2    7   1   4   0   2   0   0   2   0  15  34   1   5   2   0   7   5   3   0  11  0.46 0.32
   67 R    -2   5  -3  -5  -2   2  -4  -3  -1   3  -2   0  -3  -3  -1  -2   2  -2  -1  -1    4  34   0   0   1   8   0   2   1  15   3   4   0   1   3   2  14   1   2   3  0.64 0.45
   68 A     5  -4  -3  -5  -1  -4  -5   0  -5  -4  -2  -5  -5   0  -5   4  -1  -6  -5  -3   48   1   1   0   1   1   0   8   0   1   3   0   0   4   0  26   4   0   0   2  1.00 0.64
   69 A     1  -5  -4  -6   1  -4  -1  -2  -4  -1   0  -5  -1   7  -6   1   0  -1   2   0   11   0   0   0   3   0   5   3   0   3   8   0   1  38   0   9   5   1   6   6  0.77 0.48
   70 F     0  -5  -4  -6   3  -1  -5  -1  -2   2   3  -5   0   5  -3  -3  -2   0  -1   0    8   0   1   0   6   4   0   6   1  10  29   0   2  20   1   2   3   1   2   6  0.53 0.36
   71 L    -7  -4  -6  -8  -3  -5  -8  -6  -8   0   7  -5  -1   0  -8  -7  -3  -7  -6  -1    0   1   1   0   1   1   0   1   0   5  82   1   1   3   0   0   2   0   0   4  1.84 0.91
   72 G     0  -8  -4  -7  -3  -7  -7   7  -7  -5  -5  -7  -5  -3  -4  -3  -4  -8  -3  -5    7   0   1   0   1   0   0  81   0   1   1   0   0   2   1   2   1   0   1   1  2.09 1.02
   73 L     1  -3  -2  -4   2  -2  -4  -1  -3   3   2  -4   1   2  -5  -1   0  -1  -1   1   11   1   2   0   4   2   1   6   1  20  18   0   3   9   0   6   6   1   2   8  0.32 0.27
   74 V     1  -6  -5  -6   1  -5  -6  -2  -4   3   2  -6   0   0  -3  -2   0  -6  -4   5   13   0   0   0   2   0   0   3   0  13  17   0   2   4   1   2   6   0   0  34  0.68 0.45
   75 L     0  -5  -4  -6   0  -3  -5  -3  -3   1   3  -6   2   6  -6  -3   0   0  -1   0    7   0   1   0   2   2   1   3   1   8  22   0   4  35   0   2   5   1   2   5  0.86 0.50
   76 V     3  -5  -4  -4   0  -3  -4   4  -3   0  -1  -4  -1   1  -5   2   1  -3  -3  -1   23   0   0   1   2   1   0  26   1   5   7   1   1   6   0  14   8   0   1   4  0.51 0.40
   77 L     1  -5  -4  -4   1  -4  -5  -2  -4   2   3  -5  -1   3  -3   0  -1   1  -1   2   11   0   1   1   3   1   0   4   0   9  26   0   1  12   1   7   4   2   2  15  0.41 0.31
   78 G     1  -4  -1  -4   2  -5  -4   4  -1  -3  -2  -4  -4   1  -1   3  -1  -6  -3  -2   12   1   3   1   4   0   1  30   2   1   4   1   0   6   3  24   4   0   1   3  0.63 0.47
   79 L     0  -6  -6  -6  -1  -6  -5  -2  -2   3   4  -4   0   3  -6  -1   0   1  -3   1    7   0   0   0   1   0   0   4   1  15  33   1   2  12   0   5   5   2   1  10  0.60 0.40
   80 Y     0  -5  -4  -5   1  -4  -5  -2  -2   1   3  -5  -1   4  -2   0   0   4   2   0   10   0   1   0   3   1   0   4   1   8  24   0   1  15   3   8   6   5   6   7  0.40 0.31
   81 I     0  -4  -5  -6  -1  -4  -5  -2  -2   2   3  -4   1   3  -3  -2   0   0   1   1    8   0   0   0   1   1   1   3   1  12  28   1   3  13   1   3   5   1   5  11  0.46 0.31
   82 K     2  -1  -2  -3   0  -3  -2   0  -3   1   1   0  -1   2  -2   1   2  -1  -2   0   19   3   1   1   2   1   2   6   1   8  12   5   1   8   2   8  14   1   1   5  0.18 0.20
   83 L    -1  -3  -2  -4   1  -3  -4  -2  -5   2   3  -4  -2   3   0   0   0   2  -1   0    5   2   2   1   3   1   1   3   0  11  29   0   1  12   6   7   5   3   2   7  0.38 0.29
   84 V     1  -3  -3  -3  -1  -1  -4  -3   0   1   1  -2   0   3  -1   0   0   3   2   1   10   1   1   1   1   3   0   2   3   8  13   2   2  14   3   8   7   4   8   9  0.24 0.21
   85 A     1  -2  -1  -2  -1  -2  -3   2   2  -1  -2  -2  -2   0   1   2   2   1   0  -1   11   2   3   2   1   1   1  13   5   3   4   1   1   4   6  19  12   2   3   4  0.22 0.25
   86 P    -2   0   0   1  -4   0   0   0   3  -3  -2  -1  -2  -2   3   1   1   3   1  -2    3   5   4   7   0   3   5   7   6   1   4   3   1   2  16  12   8   3   6   3  0.25 0.24
   87 P     0   0   0  -1  -1  -2  -1  -1   0  -1   0  -2  -1   0   2   1   2   4   0  -1    7   6   6   3   1   1   3   4   2   3   9   1   1   4  12  13  12   5   3   3  0.17 0.19
   88 N     1   0   2   1   0   0   0   0   1  -3  -3  -1  -3  -1   2   1   0   1   0  -3   12   6   9   8   2   3   4   6   4   1   3   4   0   2  12  11   7   2   3   2  0.17 0.19
   89 I    -3  -1  -3  -4   1  -3  -4  -2  -1   0   2  -4   1   3  -2  -3  -1   8   4  -2    2   3   2   1   3   1   1   4   1   5  19   1   4  11   3   2   5  18  12   3  0.69 0.43
   90 Q    -2   3  -1  -4  -1   0  -2  -2   1  -2  -3   0  -3   0   2  -1   0   8   1  -2    4  15   3   1   1   4   2   4   4   3   3   5   0   3   9   4   6  23   4   4  0.69 0.46
   91 I     0   2  -1  -2  -2   3  -2   0   0   0  -1  -2  -2  -1   2   0  -1   1  -2   0    6  13   3   2   1  16   1   6   2   6   6   1   1   3  10   7   4   2   1   8  0.20 0.24
   92 F    -1  -5  -6  -6  -4  -6  -5   0  -5   0   3  -4   0   6  -2  -3  -3   4  -1   0    6   1   0   0   0   0   1   7   0   4  30   1   1  31   2   1   1   5   1   7  0.84 0.52
   93 G     0  -3   0  -2   0  -2  -3   3  -2  -2  -2  -3  -4   0   2   1  -1   5  -3  -1    8   1   4   2   2   1   1  26   1   2   5   1   0   5  11  11   4   9   1   4  0.43 0.35
   94 G     1  -3  -2  -4   0   0  -3  -1  -3   3   2  -4   0   3  -4  -3  -2   4  -1   1   13   1   2   0   2   5   1   5   0  18  18   1   2  13   1   1   1   6   1   8  0.36 0.29
   95 Y    -3  -5  -3  -4  -6  -6  -5  -4  -2  -3  -2  -4   1   7  -3  -5  -4   4   7  -2    3   1   2   1   0   0   1   2   1   2   3   1   3  37   1   1   1   4  33   3  1.49 0.77
   96 M     0  -3  -4  -4  -1  -4  -4  -2  -5   2   3  -4   2   2  -3   0   0   0  -1   1    9   1   1   1   1   0   1   4   0  12  31   0   5   8   1   7   5   1   1  11  0.36 0.30
   97 S     3  -2  -3  -3   1  -3  -2   0  -2   1   2  -4   1   1  -4   0   0  -4  -2   1   25   2   1   1   3   1   2   6   1   9  18   0   3   6   0   7   5   0   1   9  0.27 0.27
   98 V     2  -5  -3  -5   1  -3  -4  -2  -4   2   0  -3   0   4  -2   0  -1  -1   0   2   19   0   1   0   3   0   0   3   0   9   9   1   2  18   2   9   4   1   2  16  0.38 0.32
   99 M    -1  -5  -2  -4  -2  -2  -5  -4  -1   2   4  -3   3   0  -6  -3  -3   6   1   0    5   0   2   1   1   2   0   1   2  11  39   1   8   3   0   2   2  11   4   7  0.74 0.47
  100 A     3  -4  -3  -5   3  -3  -3  -1  -3   2   0  -3  -2   0  -2   2  -1  -1  -2   2   27   0   1   0   5   1   1   5   1  11   8   1   1   4   2  15   4   1   1  12  0.36 0.33
  101 L     1  -3  -4  -5   0  -4  -5  -2  -2   2   2  -4   0   4  -3  -3   0   3  -1   2   13   1   1   0   2   0   0   3   1  13  19   0   2  19   1   1   5   4   1  13  0.47 0.34
  102 F    -3  -3  -6  -6  -3  -6  -4  -2  -2  -2  -1  -6   0   8  -4  -3  -5   3   4  -2    2   2   0   0   1   0   1   4   1   2   5   0   2  60   1   2   0   3  10   2  1.68 0.79
  103 H    -2  -3  -1  -3  -5  -4  -2  -2   9  -1  -2  -4  -2   3   0  -1  -2   0   1  -1    4   1   3   1   0   0   2   3  41   4   3   1   1  13   6   4   2   1   5   4  1.16 0.61
  104 Y    -1  -4  -3  -3  -1  -1  -2  -1  -1   1   2  -4   2   4  -3  -1  -1   3   3   0    5   0   1   2   1   2   3   5   1   6  20   0   5  20   1   5   4   4   9   5  0.37 0.28
  105 S     0  -3  -1  -2  -1  -2  -3  -1  -2  -1   2  -4   2   1  -2   3   1   1  -1  -1    7   1   2   2   1   2   2   5   1   3  23   0   5   6   2  21   9   2   2   3  0.27 0.28
  106 E    -2  -2  -2  -1  -2  -3   6  -2  -4   0  -3  -4  -1  -1  -3   0  -3  -6   1  -1    3   2   2   4   1   0  56   3   0   5   2   0   1   2   1   6   2   0   5   4  1.03 0.66
  107 F    -3  -2  -6  -3  -6  -3  -6  -2  -5   0  -2  -6   1   7  -7  -3  -3   2   6  -3    3   2   0   2   0   1   0   3   0   5   3   0   3  42   0   3   2   2  26   2  1.50 0.77
  108 L    -1  -3  -3  -3  -1  -3  -3  -3   0   1   3  -3   1   3  -3  -3  -1   6   3   1    4   1   1   2   1   1   1   3   2   8  27   2   3  11   1   2   3  10   8   9  0.47 0.33
  109 A     1  -1  -1  -3   0  -3  -2  -2  -1   1   1  -1   1   1  -1  -1   1   1   2   1   12   3   4   0   2   0   2   3   1  10  11   4   3   7   2   5   8   2   7  12  0.11 0.14
  110 I     0  -1  -1  -2  -4  -1  -2  -2   0   1  -1   0   0  -1  -1   0   4   1  -4   0    8   4   2   2   0   3   2   2   3   9   5   5   3   2   2   7  30   2   0   7  0.30 0.32
  111 A     4  -1  -1  -2   2  -1  -2  -1   0  -2  -2  -1   0   0  -2   0  -2   2   0  -1   34   3   3   3   3   3   3   5   3   3   4   4   3   3   3   7   3   2   4   4  0.41 0.30
  112 I     0   0  -2  -3   2   0   0  -1   2   0  -1   0   1   1   0   0   0   3   1   0    6   6   0   0   5   5   6   6   5   6   6   6   5   5   6   6   6   5   5   6  0.08 0.13
  113 V    -2  -1  -4  -5   0  -3  -5  -5   4  -2   1  -2  -1   4  -5  -3   0   5   6  -1    4   4   1   1   2   2   1   1   8   3  12   3   2  13   1   3   6   6  23   5  0.81 0.47
  114 Q    -3   2   6  -2  -4   3  -3   0   2  -4  -2   0  -3  -4  -5  -1  -3  -8  -3  -6    3  11  34   3   1  10   2   8   5   2   4   6   1   1   1   5   2   0   1   1  0.88 0.55
  115 P    -2   3  -1  -3  -3  -3  -3  -3  -2  -3  -2   0  -4  -2   5   1   3  -1  -4  -3    4  14   3   2   1   1   2   3   1   2   4   7   0   2  28   9  14   1   1   2  0.69 0.51
  116 K    -1   3  -1  -1  -4   0   0   0   1  -4  -3   1  -3  -3   2   2   0   0  -1  -3    5  16   3   4   0   3   7   8   3   1   3   9   1   1  11  13   7   1   2   2  0.29 0.27
  117 Q    -1   2   2   1  -2   0   0  -1  -1  -1  -3   2  -3  -1  -1   0   1  -2   2  -2    6  10   8   6   1   4   7   5   2   4   3  11   1   3   3   7   7   1   6   3  0.13 0.14
  118 V     2  -1  -3  -4   0  -4  -3  -2  -2   0   2  -1  -3  -2   1  -3   0   2  -2   3   17   3   1   1   2   1   2   3   1   5  18   5   1   2   7   2   6   2   2  19  0.34 0.26
  119 S    -3   1   1   2  -3   0  -1  -1   1  -2  -2   1  -3  -1  -3   3   2  -1   0  -3    2   6   6  10   1   4   4   5   3   3   5   9   1   3   2  17  12   1   4   2  0.25 0.24
  120 T     0   1  -2  -1  -2   0  -2  -1  -2   1   1  -2  -1   0   0   0   0   1   0   1    8   9   2   4   1   4   2   4   1   8  12   3   1   5   6   7   7   2   4  12  0.09 0.09
  121 D    -1   1   0   5  -9  -1   0   0   1  -3  -4   2  -8  -5  -4   2  -3  -1  -3  -3    5   8   5  26   0   3   6   7   3   2   3  10   0   1   1  14   2   1   1   3  0.54 0.39
  122 S     0   1  -1  -1  -2  -3  -1  -3   0  -3  -3  -2  -3  -3  -3   5  -3   4  -1  -5    9   7   3   4   1   2   5   2   2   2   3   3   1   2   2  42   2   4   2   1  0.75 0.55
  123 F    -4   0  -4  -2  -1  -4  -3  -2  -2  -3   0  -2   1   7  -1  -2  -3   4   3  -4    2   5   1   3   1   1   3   4   1   2   9   3   3  37   3   4   2   5   7   2  0.95 0.52
  124 V    -2  -2  -2  -1  -1  -4  -2  -3  -2   2   4  -1   3   1  -1  -1  -2   1  -1  -1    3   3   2   4   1   0   3   3   1  10  38   4   6   5   3   4   2   2   2   4  0.41 0.31
  125 I    -2  -1  -2  -3  -6   0  -2  -2   0   3   4  -1   1   2  -3  -2  -3   1  -1  -1    4   4   2   2   0   4   3   4   2  13  33   5   3   7   2   4   2   2   2   4  0.41 0.26
  126 N    -1   0   2   0   0  -1   0   1   1  -1  -1   0  -1   0  -1   1   1   1   0  -1    4   4  11   5   2   3   6   9   3   3   6   6   2   4   3  11   9   2   4   4  0.09 0.10
  127 H    -2   0   3   1   1   0  -2  -1   5  -1  -2   0   1   0   0  -1   0   3   0  -2    4   5  11   7   3   4   3   6  12   4   4   5   3   4   5   5   5   4   4   3  0.25 0.19
  128 S    -1   0   0   0  -3   0   0  -1   2   0  -1   0   1   0   0   0   0   3   1   0    5   5   5   5   0   5   5   5   5   5   5   5   5   5   5   5   5   5   5   5  0.06 0.08
  129 P     0   1  -2  -2  -3  -2  -2   0  -1   1  -1   1   0   0   3   0  -1   3  -1   0    9   8   2   3   1   2   3   8   2   7   5   9   2   3  14   7   4   4   2   6  0.18 0.17
  130 Q     2  -1  -2  -2  -3   1   1   1   1  -1   0  -2   1  -2   2   0  -2  -1  -1  -2   17   4   2   3   1   5   8   9   4   4  11   3   4   2   9   6   3   1   3   3  0.15 0.17
  131 Y    -3  -1  -8  -5  -2  -3  -5  -4   4  -2  -1  -3  -2   3  -3  -4  -5   6   8  -3    3   3   0   1   1   2   1   2   9   3   6   2   1  11   2   2   1  10  37   3  1.46 0.80
  132 T    -1  -1  -1  -2   0  -2  -2  -1   2   2   2  -3   0   0  -2  -2  -1   5  -1   1    6   4   4   3   2   2   2   6   5   9  19   2   2   4   3   3   4   8   2  10  0.26 0.18
  133 I     0  -3  -4  -2  -2  -4  -5  -2  -3   4   3  -4   1   1  -3  -2  -2   0  -2   2    9   2   1   2   1   1   1   4   1  21  22   1   3   6   2   3   3   1   2  15  0.51 0.30
  134 A     5  -3  -2  -4  -3  -4  -2  -3   0   1  -1  -5   1   0  -1  -2  -2  -1   0  -1   41   2   2   1   1   1   3   3   3   8   7   1   4   4   4   4   3   1   4   5  0.64 0.44
  135 A     2  -2  -2  -3  -1   0  -4  -1   5   1   1  -4   4   0  -3  -2  -1  -1  -1   1   15   2   2   2   2   4   1   5  11   7  12   1   9   4   1   3   5   1   3   9  0.37 0.26
  136 V     1  -3  -3  -4  -1  -3  -4  -1  -2   2   3  -3   1   1  -2   0   0  -1  -2   2   10   1   2   1   2   1   1   5   1  11  23   2   3   5   2   8   7   1   2  13  0.32 0.22
  137 S     2  -3  -3  -4   1  -3  -3   0   0   1   1  -4   0   4  -2   1  -1   0  -1   0   15   2   1   1   3   1   2   6   2   7  13   1   2  16   2  10   4   2   2   7  0.31 0.22
  138 S     3  -2  -2  -3   1  -2  -3   1   0   0   0  -3   0   0  -1   1  -1   2  -1   1   21   2   2   2   2   2   2  12   3   6   9   1   3   4   4   9   3   3   2   9  0.23 0.19
  139 W     0  -3  -3  -8   1  -2  -3  -3   0   3   2  -3   2   3  -2  -3  -2   7   0   0    7   2   2   0   2   2   2   3   2  12  18   2   4  12   2   3   3  11   3   7  0.55 0.34
  140 V     0  -1  -1  -2   1   0  -2  -1   0   1   1  -1   2   1   0  -1  -1   4   2   1    7   3   3   3   3   4   3   5   3   8  13   3   4   5   4   4   4   5   6   9  0.11 0.09
  141 E    -1   0   0   0   2   0  -1  -1   2   0  -1   0   2   0   0  -1   0   4   1  -1    5   5   5   5   5   5   5   5   5   5   5   5   5   5   5   5   5   5   5   5  0.03 0.09
  142 F    -1   0   0   0   2   0  -1  -1   2   0  -1   0   2   0   0  -1   0   4   1  -1    5   5   5   5   5   5   5   5   5   5   5   5   5   5   5   5   5   5   5   5  0.03 0.09
  143 F    -1  -4  -4  -4  -1  -3  -5  -2  -1   1   3  -4   1   4  -3  -2  -2   5   1   0    6   1   1   1   1   2   1   3   2   7  26   2   4  16   2   3   3   7   4   6  0.54 0.35
  144 I    -1  -3  -4  -2  -1  -3  -4  -3  -1   3   3  -4   0   1  -2  -2  -1   1  -1   2    5   2   1   2   1   1   1   3   1  15  29   1   2   6   3   3   5   2   2  14  0.46 0.30
  145 E     0   0  -1   0  -6  -1   3   0   1  -1  -1  -2   0   0  -1   1   1   2   0   0    9   5   3   6   0   2  16   7   3   3   6   2   2   4   4   9   8   3   3   6  0.12 0.15
  146 T     0   1   0  -1   0  -1  -2  -2   2   0  -1  -1   0   0   0   0  -1   6   2  -1    8   7   5   4   2   3   3   4   5   6   7   3   2   4   4   8   5   9   6   5  0.19 0.16
  147 Y    -1   0  -1  -2   0  -1  -2  -2   2   0   1  -1   1   2  -1  -1  -1   4   3  -1    5   6   3   2   2   3   3   4   5   5  14   4   3   8   3   5   4   6  10   4  0.22 0.16
  148 F    -1   0  -1  -1   1  -1  -1  -1   1   0   0  -1   1   3   0  -1   0   4   1  -1    6   5   4   4   3   3   4   5   3   5   9   3   3  11   6   5   5   5   5   5  0.11 0.09
  149 F    -1   0   0   0   2   0   0  -1   2   0  -1   0   2   1   0  -1   0   4   1  -1    5   5   5   5   5   5   5   5   5   5   5   5   5   5   5   5   5   5   5   5  0.09 0.08
  150 P    -2  -1  -2  -2  -1  -1  -3  -2   1   0  -2  -3   0   0   6  -1  -2   4   0  -2    5   3   3   3   2   3   2   4   3   5   4   2   2   4  34   5   3   5   3   4  0.66 0.50
  151 G    -1  -1   0   0   2   0   0   0   2   0  -1  -1   0   1   1   0   0   4   0  -1    5   4   5   5   4   4   6   7   6   5   6   3   3   5   6   8   6   6   4   4  0.09 0.10
  152 L    -1   0  -1  -1   1   0  -1  -1   1   0   1  -1   1   2   0   0  -1   4   1  -1    5   5   3   4   3   4   4   5   3   6  14   4   4   7   5   7   4   6   4   4  0.09 0.08
  153 K    -1   0   0   0   2   0  -1  -1   2   0  -1   0   2   0   0  -1   0   4   1  -1    5   5   5   5   5   5   5   5   5   5   5   5   5   5   5   5   5   5   5   5  0.03 0.09
  154 E    -1   0   0   0  -1   0   0  -1   2   0   0  -2   0   1   2   0   0   4   1   0    6   4   4   5   1   4   5   4   5   5   9   3   3   5   9   6   6   5   4   5  0.09 0.10
  155 I     0  -2   0  -2  -1  -1  -2  -1   2   1   0  -3  -1   2   2   0  -1   3   1   0    7   2   4   3   1   3   3   5   5   8  10   2   1   9  10   8   4   4   5   6  0.14 0.12
  156 H     0   0   0  -1  -2  -1  -1  -1   4  -1  -2  -2  -1   0   3   0   0   5   1  -2    7   5   5   3   1   3   4   5   8   3   5   3   1   3  16   8   6   7   4   3  0.31 0.27
  157 W    -2  -3  -3  -4  -2  -3  -4  -2  -1   0   1  -4  -1   3   1  -1  -2   9   3  -1    4   2   2   1   1   1   2   4   2   6  11   1   1   9   7   4   3  27   8   4  1.02 0.61
  158 L    -1  -1  -3  -4   0  -1  -3  -3  -1   3   3  -3   1   2  -2  -2  -1   2  -1   2    5   4   2   1   2   4   2   2   2  14  24   2   3   7   3   4   4   3   2  12  0.33 0.22
  159 S     0   1   0  -1   0   0  -1  -1   0   0   0  -1   0   0  -1   2   0   2  -1  -1    9   8   4   4   2   4   5   4   3   4   8   3   3   5   4  15   5   3   2   5  0.07 0.09
  160 N    -1  -2   1  -2   1  -1  -2   0   0   1   0  -2   1   0   0  -1  -1   6   2   0    6   3   6   3   3   3   3   6   2   6   9   3   3   4   4   5   5  11   6   6  0.21 0.18
  161 I    -1   0   0  -2   2   0   0  -1   2   0  -1  -2   1   1   0   0   0   3   1   0    5   5   5   0   5   5   5   5   5   5   5   0   5   5   5   5   5   5   5   5  0.04 0.14
  162 G    -1   0   0   0   2   0   0  -1   2   0  -1   0   2   1   0  -1   0   4   1  -1    5   5   5   5   5   5   5   5   5   5   5   5   5   5   5   5   5   5   5   5  0.09 0.08
  163 L     1  -4  -3  -4   1  -4  -4  -3  -2   2   3  -4   2   2  -4  -3  -1   4  -1   2   10   1   2   1   2   1   2   3   1  12  26   1   4   7   1   3   5   4   2  12  0.48 0.29
  164 C     1  -3  -2  -3   0  -4  -3   0  -2   2   2  -3   0   1  -1  -1  -1   2  -1   2   14   1   2   1   2   0   1   7   1  14  18   2   2   6   3   4   3   3   2  13  0.22 0.23
  165 V    -2  -3  -8  -4   1  -3  -4  -3  -8   3   4  -8   3   2  -3  -4  -3   0  -2   2    4   2   0   2   3   1   2   3   0  12  35   0   6   7   2   2   2   1   2  12  0.70 0.41
  166 C     0  -3  -2  -3   4  -2  -3  -1  -1   3   0  -3   4   2  -3  -1   0   1   0   2    7   2   2   2   6   2   2   5   2  13   8   2   9   8   2   5   5   2   3  12  0.28 0.20
  167 I     0  -6  -1  -2   1  -1  -6  -2   1   3   2  -6   1   1  -1  -2  -1   4   0   2    8   0   3   3   3   3   0   4   3  14  15   0   3   6   4   3   4   5   3  13  0.32 0.23
  168 L    -1   0   0   0   2   0  -1  -1   2   0  -1   0   2   0   0  -1   0   4   1  -1    5   5   5   5   5   5   5   5   5   5   5   5   5   5   5   5   5   5   5   5  0.03 0.09
  169 G    -1  -3  -2  -3   0  -8  -4   6  -1  -3  -4  -3  -1   0  -3  -1  -3   1  -2  -3    6   2   2   2   2   0   2  55   2   2   3   2   2   4   2   5   2   2   2   2  1.14 0.68
  170 E     0  -2  -1  -1   1   2   0  -1   0   1   0  -1   1   3  -1  -1   0   2   1   0    8   3   3   3   3   9   5   4   3   7  10   3   3  10   3   6   5   3   4   6  0.10 0.10
  171 V    -1   0   0   0   2   0  -1  -1   2   0  -1   0   2   0   0  -1   0   4   1  -1    5   5   5   5   5   5   5   5   5   5   5   5   5   5   5   5   5   5   5   5  0.03 0.09
  172 L    -2  -7  -3  -3   0  -2  -3  -2  -1   3   3  -3   2   2  -2  -3  -2   2  -1   1    4   0   2   2   2   2   2   4   2  16  29   2   4   9   3   2   3   3   2   9  0.52 0.31
  173 R    -1   5  -1  -2   1  -1  -2  -2   0   0  -1  -2   2   2  -2  -2  -1   2  -1  -2    6  25   3   3   3   3   3   4   3   5   6   3   4   8   3   3   4   3   3   4  0.33 0.27
  174 K    -1   0   0   0   2   0   0  -1   2   0  -1   0   2   1   0  -1   0   4   1  -1    5   5   5   5   5   5   5   5   5   5   5   5   5   5   5   5   5   5   5   5  0.09 0.08
  175 T     0  -1  -4  -6  -2  -3  -5  -3   1   1   1  -3   0   0  -5  -2  -1  10   1   0    9   4   1   1   1   2   1   2   3   6  14   2   2   3   1   4   4  28   5   6  1.08 0.64
  176 A     5  -5  -8  -6   3  -5  -6   2  -4  -4  -4  -5  -4  -1  -3   2   1  -2  -5  -2   44   1   0   1   6   1   1  12   1   1   2   1   1   3   2  14   7   1   1   3  1.02 0.67
  177 I    -1   1  -4  -4  -3  -1  -4  -4   1   3   0  -3   6   1  -5  -3  -3   0   0   3    6   7   1   1   1   3   2   2   3  16   8   2  15   6   1   2   2   1   3  18  0.61 0.37
  178 L     0   2  -3  -4  -2  -1  -4   1   0   2   1   0   0   1  -6  -1  -3   4   0   1    7  10   1   1   1   3   1  11   2  10  15   5   2   6   0   5   2   4   3   9  0.24 0.18
  179 T     0  -1  -1  -2  -1   2  -1  -4   4  -2  -1  -2  -1   0  -4   0   4  -1   2   0    8   3   3   2   1   7   4   2   8   3   7   3   1   4   1   7  20   1   7   7  0.32 0.27
  180 A     2  -3  -3  -4   0  -4  -4  -3  -2   0   4  -4   3   4  -4  -2  -2   2  -3  -1   15   2   2   1   2   1   2   3   1   5  29   1   7  14   1   3   3   3   1   5  0.55 0.35
  181 G    -1   2   0  -3  -2  -2  -4   5  -1  -2  -2   0  -2   0  -1  -1  -3   2  -1  -2    6  10   5   2   1   2   1  35   2   2   5   6   1   4   3   4   2   2   3   3  0.53 0.36
  182 S    -1   4   0  -1  -2   0  -1  -2   1  -1  -2   3  -1  -2  -2   0   0   3  -1  -3    5  21   4   4   1   5   5   3   3   4   5  13   2   2   3   8   6   4   2   2  0.32 0.25
  183 N     1   0   4  -2  -1   0  -2   0   2  -3  -2  -2   1   2  -2   1  -2   1   2  -3   11   5  15   3   1   5   2   6   4   2   4   3   3   9   2  10   3   2   7   2  0.28 0.23
  184 F    -2   0  -2  -2   0  -2  -2  -1   0   0  -1  -1   0   5  -2  -1  -1   7   2  -1    5   6   2   2   2   2   3   5   2   6   7   4   2  19   3   4   5  12   6   5  0.47 0.30
  185 N    -1   2   0  -1   1  -1  -1  -1   1  -1  -2  -1   0  -1  -2   2   3   2   0  -2    5   9   4   3   3   3   4   6   3   3   4   4   3   3   3  13  18   3   3   3  0.21 0.21
  186 H    -1   0   0   0   2   0  -1  -1   2   0  -1   0   2   0   0  -1   0   4   1  -1    5   5   5   5   5   5   5   5   5   5   5   5   5   5   5   5   5   5   5   5  0.03 0.09
  187 L    -1   1  -1  -1  -1   0  -1   0   1   1   0   0   0  -1  -1   0   1   1   0   1    4   9   3   3   1   3   5   8   3   8   8   5   2   3   3   6   9   2   4  11  0.04 0.05
  188 V    -2  -2   2  -1  -2  -3  -3  -3  -1   3   0  -2   0  -1   0  -2   0  -1   0   4    4   2   9   3   1   2   2   3   1  14   8   3   2   3   5   3   6   1   3  25  0.39 0.25
  189 Q     0   1  -1  -1  -2   2  -1  -1   0  -2  -1   0   0  -2   3   0   1   0  -1  -1    8   7   4   4   1  10   4   6   2   3   6   6   2   2  13   6   8   1   2   5  0.15 0.16
  190 C    -1   0  -1  -1  -1  -1  -1  -2   2   3   0   0   0   0  -1  -1   1   1   1   1    5   6   4   3   1   2   3   3   5  15   8   5   2   3   3   4   9   2   5  10  0.11 0.10
  191 E    -2   2  -1   1   0   2   1  -2   2  -2  -3   1   0  -2   1  -1   1   1   1  -2    4   9   3   7   2   9  10   4   4   2   3   9   2   2   7   5   8   2   4   3  0.17 0.17
  192 K    -1   0   0  -1   1   0   0  -1   2   0  -1   2   1   0   2  -1  -1   2   1  -1    6   6   4   4   3   5   5   5   4   5   6  11   3   3   9   5   5   3   4   5  0.08 0.08
  193 S     0   0   0   0   2   0   0  -1   1   0  -1   0   1   0   0   0   0  -2   1   0    5   5   5   5   5   5   5   5   5   5   5   5   5   5   5   5   5   0   5   5  0.03 0.05
  194 S     0   2   0   1   0   1   2  -1   0  -2  -4   2  -1  -3   1  -1   0  -6  -2  -1    9  10   4   8   2   6  12   5   2   2   2  10   1   1   6   5   6   0   2   5  0.18 0.18
  195 D     2  -1   0   2   0   0   0   1   1  -3  -4   0  -1  -6   1   1   0   1  -2  -2   14   3   5  11   2   4   6  10   4   2   2   7   2   0   7   9   7   2   2   3  0.19 0.20
  196 H    -2   0   0  -1   1   2  -1  -1   7  -2  -3  -1   0  -1  -1   0   0   2  -1  -2    4   5   4   4   2   7   5   5  22   3   3   4   3   3   3   7   7   2   3   3  0.46 0.36
  197 V    -1   0   0   0   2   0  -1  -1   2   0  -1   0   2   0   0  -1   0   4   1  -1    5   5   5   5   5   5   5   5   5   5   5   5   5   5   5   5   5   5   5   5  0.03 0.09
  198 L    -3  -8  -1  -9  -8  -8  -8  -9  -8   1   6  -8   2   1  -1  -8  -2  -8  -1   1    3   0   3   0   0   0   0   0   0   8  55   0   4   6   4   0   3   0   2  10  1.30 0.62
  199 V     0  -2   1  -3   1  -1  -3  -4  -1   3  -3  -1   0  -2  -3  -3  -1   1  -1   5    7   3   6   2   3   3   2   2   2  15   3   4   2   2   2   3   4   2   2  34  0.63 0.39
  200 T    -2   0  -2  -1   0   1  -2  -4   0  -1  -4  -1   1  -2  -8  -1   6  -8  -2  -1    4   5   2   4   2   6   4   2   2   3   2   5   3   2   0   5  39   0   2   5  0.70 0.54
  201 H    -1   0   1   1  -1  -1   0  -1   2  -3  -4   0  -1  -1  -2   2   3   1  -1  -3    6   6   7   8   2   3   6   6   5   2   2   6   2   2   2  12  16   2   2   3  0.20 0.23
  202 G     0   1   1   1  -3   1   1   0   2  -3  -1   1  -2   1   1   0  -1   4  -1  -2    7   7   7   7   0   7   7   7   7   0   7   7   0   7   7   7   0   7   0   0  0.15 0.14
  203 V     0  -3   0  -3   3  -2  -2   0  -2   0   0  -2   2   1   1   0   0   4   1   0    7   0   7   0   7   0   0   7   0   7   7   0   7   7   7   7   7   7   7   7  0.14 0.15
  204 Y    -4  -1  -1  -5   1  -1  -4  -5   2  -4  -2  -4  -4   4  -5  -2  -4   3   8  -4    1   4   3   0   3   3   0   0   4   0   4   0   0  15   0   3   0   4  54   0  1.45 0.64
  205 A     1   3  -1  -1   0   0  -1   0   0  -2  -1   1  -1  -3  -3   1  -1   1  -1  -2   15  20   2   2   2   4   2   7   2   2   6   9   2   0   0  15   2   2   2   2  0.18 0.18
  206 W    -2   0  -2  -4  -1  -2  -4  -3   1   1   0   0   0   3  -2  -2  -1   5   5   0    2   6   2   0   1   2   0   2   3   7  10   5   2  12   2   2   5   7  22   7  0.44 0.30
  207 F    -1  -1  -3  -1   1  -1  -1  -2   0   1   2  -3   1   0  -3  -1   0   2   0   3    4   3   0   3   3   3   3   3   3   5  22   0   3   4   0   4   6   3   3  22  0.15 0.20
  208 R    -2   6  -1  -4   1   0  -3  -4   1  -1  -2   0   1  -5  -1  -1  -1  -5  -4  -2    4  51   3   0   3   4   0   0   3   3   4   3   3   0   3   4   3   0   0   4  0.81 0.55
  209 H    -4  -1   4  -1  -5  -3  -3  -4   9  -1  -2  -3  -4  -4  -1  -1  -4  -5   1  -5    0   3  22   3   0   0   0   0  48   4   4   0   0   0   3   3   0   0   3   0  1.34 0.65
  210 P    -2  -4  -4  -4  -5  -1  -4  -2  -5  -1  -1  -4  -4  -5   8  -1  -1  -5  -5  -2    3   0   0   0   0   3   0   3   0   3   6   0   0   0  68   5   3   0   0   3  1.68 0.63
  211 S     0  -1  -2  -3  -1   0  -4  -1  -2   3   1  -4   6  -1  -5   2  -2   1  -2  -1    6   3   1   1   1   5   0   5   1  14  12   0  22   2   0  16   2   2   1   2  0.50 0.43
  212 Y    -4  -6  -4  -4  -2  -3  -4  -7  -1  -3  -3  -4  -1   1  -7  -4  -4  -3  10  -4    2   0   1   1   1   1   1   0   1   1   3   1   2   5   0   2   1   0  74   1  2.42 1.17
  213 V     1  -3  -3  -3   0  -2  -4  -2  -4   0   3  -4   0   1  -3   0   3   0  -2   1   12   1   1   2   2   1   0   2   0   5  28   0   1   6   1   6  18   1   1  10  0.33 0.31
  214 G     1  -4  -4  -3   0  -3  -3   6  -2  -4  -4  -5  -2   0  -3   1  -2  -1  -3  -3   12   1   0   1   2   1   2  56   1   1   1   0   1   4   1   9   2   1   1   2  1.06 0.63
  215 W    -1  -1   1  -1   0  -1  -1  -1   0   0   0  -1   3   3  -4  -1  -1   3   1   0    4   3   7   3   3   3   4   5   3   5   8   3  10  14   0   4   4   4   4   6  0.12 0.19
  216 F     0  -1  -1  -1   1  -1  -2  -2   0   1   1  -3   2   3  -1  -1   0   4   1   0    8   3   3   3   3   3   3   3   3   9  15   0   5  14   3   3   5   5   3   5  0.14 0.19
  217 Y    -2  -3  -3  -3   1  -3  -5  -3  -5   2   4  -5   2   2  -3  -2  -2   3   0   1    3   2   2   2   3   2   0   3   0  10  38   0   5   8   2   3   3   4   3   8  0.55 0.40
  218 W     0  -3  -2  -3   0  -1  -3  -2  -1   2   1  -3   3   2  -1  -1   0   6   0   1    8   2   2   1   2   2   2   3   1  13  11   2   8   8   3   4   6   9   2  10  0.28 0.24
  219 S     1  -3  -2  -3   1  -2  -3  -1  -1   1   2  -4   2   3  -3   0   0   3   2   0   11   1   2   2   3   2   1   6   2   6  18   0   5  11   1   7   5   4   6   7  0.19 0.20
  220 I     0  -3  -3  -4   1  -3  -3  -3  -2   3   3  -5   0   2  -3  -2   0   0  -1   2    9   1   1   1   3   1   1   2   1  16  28   0   2   7   1   3   5   2   1  14  0.41 0.32
  221 G     1  -7  -4  -4   0  -6  -5   7  -7  -4  -4  -4  -3  -2  -4  -1  -3  -2  -4  -4   10   0   1   1   2   0   1  68   0   1   2   1   1   2   1   5   2   1   1   1  1.56 0.88
  222 T    -1  -3  -2  -4  -1   0  -3  -2  -1   2   1  -3   1   3  -3  -1   2   4   1   1    6   1   2   1   1   4   2   4   1  13  12   1   4  11   1   4  15   5   4   8  0.25 0.24
  223 Q    -1   0   0   0   2   0   0  -1   2   0  -1   0   2   1   0  -1   0   4   1  -1    5   5   5   5   5   5   5   5   5   5   5   5   5   5   5   5   5   5   5   5  0.09 0.08
  224 I    -1  -4  -3  -4   0  -3  -4  -4  -2   3   4  -4   2   2  -4  -4  -3   0  -2   1    5   1   1   1   2   2   2   2   1  14  39   1   5   6   1   2   2   1   2   9  0.71 0.41
  225 I     1  -3  -3  -3   2  -1  -3  -3   0   2   1  -3   5   1  -4  -2  -2   3   1   1   12   2   2   2   3   3   2   2   2  10  14   2  12   6   1   3   3   4   5   9  0.36 0.25
  226 L    -1  -3  -2  -4   0  -1  -3  -4   0  -1   3  -3   2   3  -3  -1   2   5   1   0    5   2   2   1   2   3   2   2   2   4  25   2   4   9   2   5  11   6   4   6  0.40 0.29
  227 I     0   0   0  -2   1   0  -3   4   0  -3  -1  -2  -1   1   1  -1  -3   2  -1  -2    8   6   5   2   3   5   2  26   2   2   7   2   2   5   7   5   2   3   2   3  0.30 0.24
  228 N    -2  -1   6  -1  -1  -2  -3  -2   2  -3  -4  -3  -2  -2  -2   3   1  -1  -3  -3    4   3  29   4   1   2   2   4   4   2   3   2   1   2   2  21   8   1   1   2  0.75 0.52
  229 P    -2  -4  -3  -4  -2  -4  -4  -1  -2   1   1  -4  -1  -1   4  -2  -2   9   1   0    5   1   1   1   1   1   1   5   1   7  13   1   1   3  17   3   3  20   4   8  0.85 0.53
  230 L    -2  -1  -4  -4  -2  -4  -5  -2  -2   2   2  -5  -1   1  -1  -3  -2   8   1   2    4   4   1   1   1   1   1   3   1  12  20   1   2   6   3   3   2  16   4  12  0.71 0.44
  231 C     2  -3  -3  -5   4  -4  -5   1  -3  -1   0  -4   1   3  -2   2   0   3  -3   0   17   2   2   1   7   1   1  10   1   3  10   1   3   9   3  13   6   4   1   6  0.37 0.29
  232 I     0  -5  -4  -6  -2  -4  -8  -1   1   3   4  -6   0   3  -3  -3   0   1  -2   2    7   1   1   1   1   1   0   6   3  12  30   1   2  10   2   3   6   2   2  11  0.57 0.36
  233 P     1  -5  -5  -6  -1  -5  -6  -2  -4   4   3  -6   0   1   0  -4  -3   1  -4   3   11   1   1   1   1   1   1   3   0  16  27   1   2   5   5   2   2   2   1  18  0.67 0.42
  234 A     2  -5  -5  -6  -2  -5  -6   1  -4   3   3  -6   2   1  -3  -2  -2  -1  -1   2   18   1   1   1   1   1   1   9   1  13  22   1   4   5   2   3   3   1   2  12  0.52 0.35
  235 Y     1  -6  -4  -6   1  -5  -5   0  -3   1   2  -6   1   5  -2  -2  -1   2   3   1    9   1   1   1   3   1   1   7   1   6  15   1   3  19   2   4   4   3  10  10  0.53 0.34
  236 T     3  -6  -4  -6   0  -5  -6  -2  -4   1   2  -5   0   1   2  -1   1   1  -4   2   19   1   1   0   2   1   1   4   0   8  17   1   2   6   8   5   8   2   1  13  0.44 0.33
  237 L     0  -6  -6  -6  -1  -6  -9  -2  -5   4   4  -9  -1   1  -1  -5  -3  -1  -1   3    9   0   0   1   1   0   0   3   0  17  29   0   2   6   4   1   2   1   2  19  0.79 0.47
  238 A     2  -6  -5  -6  -1  -5  -6  -1  -4   1   2  -5   1   3  -1  -2  -1   0  -1   3   14   0   1   1   1   1   1   5   0   8  17   1   3  12   4   4   4   1   2  20  0.51 0.34
  239 S     0  -8  -3  -6   1  -5  -5  -2  -4   1   3  -6   2   4  -3  -1   0   1   2   2    9   0   1   0   3   1   1   3   1   8  22   0   4  15   2   5   6   2   6  12  0.53 0.34
  240 W     0  -5  -6  -7  -1  -5  -7  -2  -2   2   1  -6  -1   3  -5  -2   0   8   0   1    9   1   1   0   1   1   1   4   1  10  14   1   2  11   1   4   6  19   3  10  0.89 0.53
  241 M     0  -1  -4  -6  -1  -5  -6  -2  -3   3   2  -2   2   1   1  -2  -2   2   2   2    8   4   1   0   1   1   0   3   1  15  18   3   4   6   6   3   3   3   6  12  0.37 0.26
  242 F     1  -6  -5  -7  -2  -3  -6  -1  -5   2   2  -6   3   5  -5  -3  -2   1   4   1   10   1   1   0   1   1   1   6   0   9  15   0   7  20   1   3   3   2  11   8  0.69 0.42
  243 F    -5  -4  -1  -5  -3  -2  -5  -5   1   0   2  -6   1   6  -6  -4   0   0   6  -1    1   1   3   1   1   2   1   1   3   5  16   1   3  25   1   2   6   1  21   4  1.01 0.58
  244 K     0   1  -1  -2  -3  -1   0  -2   2   1   1  -1  -1   1  -3   0  -1   3   1   1    7   8   3   2   1   3   5   3   5   8  12   4   1   6   2   7   4   4   5   9  0.10 0.10
  245 E    -1   3  -2  -2  -3   0  -2  -2   0   1   1  -1   0   2  -3  -2  -2   2   3   0    6  14   2   2   1   4   2   4   2   7  14   4   2   8   2   4   3   3  10   6  0.25 0.19
  246 R    -2   7  -6  -7  -5   2  -6  -3  -4   2  -2   1  -3  -3  -8  -6  -3  -4  -5   0    4  45   0   0   0   9   1   2   1  11   5   8   1   2   0   1   2   0   1   7  1.24 0.73
  247 I     1  -4  -9  -7  -3  -7  -9  -5  -6   7  -3  -4   3  -5  -6  -3  -1  -5  -6   3   12   1   0   0   1   0   0   1   0  48   3   1   6   1   1   2   4   0   0  16  1.48 0.78
  248 Y    -1   5  -1  -3  -4   0  -1  -2   1  -1   0   2  -2   0   1  -1  -3  -1   0  -2    6  24   3   2   0   4   4   3   3   3   8  12   1   4   7   5   2   1   4   3  0.38 0.31
  249 I     0   2  -2  -1  -2  -1  -1  -3   1   1   0   0   0   0   0  -1  -1   0   2   1    9  12   2   3   1   3   4   2   4   7   9   6   2   4   5   4   4   1   8   9  0.12 0.12
  250 E     1  -1  -1   1  -2   1   1   1  -1   0   0   1  -1  -2  -2   1  -1  -3  -2  -1   11   1   0  11   0  10  11  11   0  11  11  11   0   0   1  11   1   0   0   1  0.10 0.07
  251 E    -3  -2  -2   1  -7  -1   7  -3  -1  -6  -4  -2  -6  -7  -5  -3  -3  -6  -6  -6    2   2   2   7   0   2  72   2   2   0   2   2   0   0   0   2   2   0   0   0  1.66 0.84
  252 S     1   3   0  -1  -2   1   1  -1   0  -2  -2   2  -1  -2   0   0  -1  -1  -1  -2   10  17   3   3   1   7  10   5   2   2   3  14   1   1   5   5   2   1   2   3  0.19 0.19
  253 M    -1   1  -1  -1  -1   0   0  -2   1   0   0  -1   1   2  -2  -1   0   2   3   0    5   7   2   4   1   3   8   2   3   4  11   2   4  11   1   3   6   3  10   7  0.09 0.12
  254 L    -2  -3  -3  -6   0  -5  -5  -6  -1  -1   6  -3   4  -1  -6  -2  -3  -5  -2  -2    3   2   2   0   2   0   0   0   1   2  65   2  11   2   0   4   2   0   1   2  1.14 0.60
  255 L     0   2  -3  -3  -1  -1   3  -4  -1   2   1  -1  -1  -3  -3  -1   0  -1  -2   0    9  11   1   2   2   3  17   2   2   9  13   4   2   1   1   5   6   1   2   7  0.24 0.18
  256 S     1   1   1   0  -3   2   4  -2  -1  -4  -3   2  -3  -4  -5   1  -1  -2  -4  -4   11   8   6   6   1   8  21   3   2   1   3  10   1   1   1  10   4   1   1   2  0.40 0.30
  257 F    -1   2  -3  -4  -2   1   2  -4   2   0   0   3  -1   4  -4  -3  -1  -2  -2  -2    5  10   1   1   1   7  12   2   4   5   8  15   1  14   1   2   4   1   2   4  0.38 0.25
  258 F    -6  -6  -5  -6  -3  -5  -6  -9   1  -4  -1  -6  -3   9  -4  -6  -6  -2   3  -6    1   1   1   1   1   1   1   0   3   1   7   1   1  67   1   1   1   1   9   1  2.46 1.04
  259 G    -5  -4  -4  -3  -3  -4  -5   7  -3  -8  -5  -3  -4  -5  -1  -4  -6  -8  -4  -6    1   1   1   2   1   1   1  77   1   0   2   2   1   1   3   2   1   0   1   1  2.09 0.97
  260 Q     0  -2   0   4  -4   1   4  -3   1  -3  -6   1  -4  -5   0  -1   0  -3  -4  -4    7   2   4  19   1   6  25   3   3   2   1   8   1   1   6   4   5   0   1   2  0.59 0.42
  261 Q     1   0  -3   2  -7   1   5  -1  -2  -3  -5  -1  -4  -5  -1  -2  -2  -3  -4  -3   13   6   1  12   0   7  35   4   1   2   2   4   1   1   3   4   2   0   1   3  0.67 0.47
  262 Y    -6  -5 -10 -11 -11 -10 -10 -11  -1 -10  -6 -10  -9   2 -11 -10 -10   5  10  -6    1   1   0   0   0   0   0   0   1   0   1   0   0   6   0   0   0   8  80   1  3.49 1.54
  263 C     0   4  -4   1  -4   0   2  -4  -2   0   1   0  -2  -3  -3  -2  -1  -3  -4   0    9  18   1   8   0   5  14   2   1   5  11   6   1   1   2   3   4   0   1   8  0.33 0.25
  264 D     2   1   0   4  -3   1   4  -4  -1  -4  -5   0  -4  -5  -5  -2  -1  -8  -3  -4   14   7   4  19   1   6  24   1   2   1   1   6   0   1   0   3   4   0   1   2  0.62 0.46
  265 Y   -10 -10 -10 -11 -10 -10  -6 -11  -2  -9  -6 -10  -3   0 -11 -10 -10   6  10  -9    0   0   0   0   0   0   1   0   1   0   1   0   1   3   0   0   0   9  81   0  3.64 1.56
  266 Q     3   3  -4  -5   5   1  -4  -5  -3  -3  -2   3   5  -5  -7   0  -2  -4  -4  -3   20  15   1   1  10   6   1   1   1   1   4  17  12   1   0   6   2   0   1   2  0.77 0.51
  267 Q     1   3   0  -2  -5   3   1  -3  -2  -6  -5   4  -3  -5  -3   1  -2  -1  -5  -5   12  15   4   3   0  10   8   3   1   0   1  25   1   1   2   9   2   1   0   1  0.62 0.45
  268 Q    -3   6   0  -4  -3   1  -1  -3   2  -6  -7   3  -5  -7  -7   0  -1  -4  -5  -5    3  40   5   1   1   6   4   2   5   1   0  17   0   0   0   7   4   0   0   1  1.12 0.66
  269 V    -5  -1  -9 -10  -4  -9  -9 -10  -3  -2  -5  -3  -7  -9  -6  -3   6 -10  -9   6    1   4   0   0   0   0   0   0   1   2   1   2   0   0   0   3  35   0   0  50  1.86 0.94
  270 G    -3   3  -1  -7  -4  -4  -7   2  -1  -7  -8   3  -6  -2   6  -3  -6   5  -1  -7    3  16   3   0   1   1   0  13   1   0   0  14   0   2  35   2   0   6   2   0  1.21 0.72
  271 T     2   7  -5  -6  -1  -5  -8  -5  -5  -3  -4   0   2  -3  -4   0   0  -5  -5  -2   13  50   1   1   1   0   0   1   0   2   2   6   5   2   1   6   6   0   0   4  1.31 0.73
  272 G    -6  -5  -7 -10  -2  -9  -9   1  -5   1   4  -5   0   6 -10  -7  -7   7   2  -3    0   1   0   0   1   0   0   9   0   7  29   1   2  25   0   0   0  15   6   2  1.40 0.71
  273 I    -6  -7  -7 -10  -3  -9 -10  -8 -10   7   3  -7  -1   3 -10  -7  -6   0  -7   2    1   0   0   0   1   0   0   0   0  47  22   0   1  12   0   0   0   2   0  13  1.68 0.78
  274 P    -9 -10 -10  -9 -11  -9  -9  -7 -10  -5  -6  -9 -10  -6   9  -9  -6  -3 -11  -7    0   0   0   0   0   0   0   1   0   1   1   0   0   1  95   0   1   0   0   1  3.57 1.57
  275 F    -5   3  -1  -5  -2  -4  -5   2  -1  -6  -2   0  -4   7  -7  -1  -5   5   2  -7    1  15   3   1   1   1   1  13   1   0   4   5   0  35   0   5   1   6   6   0  1.08 0.59
  276 I    -6  -6  -9  -9  -4  -8  -8  -8  -6   6   3  -7  -1   3  -6  -7  -5  -1  -6   4    0   1   0   0   0   0   0   0   0  36  25   0   1  11   0   0   0   1   0  23  1.40 0.67
  277 E    -4   5   0  -5  -6  -1  -2  -3   2  -7  -5   4  -5  -4  -2   2   0  -3  -4  -6    1  31   4   0   0   2   2   2   4   0   1  25   0   1   2  16   6   0   1   0  0.95 0.60
  278 G    -1   1   3  -3  -5  -1  -4   4  -1  -5  -2   0  -5  -5   4  -1  -3  -7  -5  -6    4   7  14   1   0   2   0  35   2   1   4   6   0   0  19   4   1   0   0   0  0.79 0.49
  279 Y    -4  -5  -7  -8  -7  -3  -7  -7   0  -3  -4  -6  -6   5  -6  -2  -6   9   8  -4    1   1   0   0   0   1   0   0   2   2   1   0   0  20   0   4   0  25  41   1  2.19 0.93
  280 K    -5   6  -2  -4  -7   3   1  -4  -2  -7  -4   5  -5  -7  -6  -4  -4  -7  -6  -6    0  38   1   0   0  10   9   1   1   0   1  38   0   0   0   1   0   0   0   0  1.44 0.69
  281 I    -3  -5  -5  -6  -3  -4  -5  -6  -5   4   4  -5   3  -2  -5  -4  -3  -4  -3   4    0   0   0   0   0   0   0   0   0  21  41   0   6   0   0   0   0   0   0  32  0.92 0.35

                      K         Lambda
Standard Ungapped    0.1439     0.3310
Standard Gapped      0.0463     0.2670
PSI Ungapped         0.1514     0.3175
PSI Gapped           0.0463     0.2670
