
Last position-specific scoring matrix computed, weighted observed percentages rounded down, information per position, and relative weight of gapless real matches to pseudocounts
            A   R   N   D   C   Q   E   G   H   I   L   K   M   F   P   S   T   W   Y   V   A   R   N   D   C   Q   E   G   H   I   L   K   M   F   P   S   T   W   Y   V
    1 M    -7  -7  -8  -9  -7  -6  -8  -9  -8  -5  -4  -7  11   0  -9  -8  -7  -7  -7  -1    0   0   0   0   0   0   0   0   0   0   0   0  92   4   0   0   0   0   0   5  3.75 1.46
    2 S     2  -3  -1  -2  -4  -3  -2  -4  -6  -7  -7  -3  -5  -7  -3   6   1  -7  -6  -4   16   1   3   2   0   1   2   1   0   0   0   1   0   0   1  61   9   0   0   1  1.28 0.80
    3 N    -2  -2   4   3  -4   0   2  -3   4  -5  -5   2  -4  -6  -3   2  -1  -6  -4  -3    2   2  17  18   0   4  14   2   8   0   1  11   0   0   1  13   3   0   0   2  0.61 0.43
    4 A     2  -3   1   1  -4   1   1  -1   0  -3  -3   1  -2  -4  -1   2   2  -4  -1  -3   21   1   8   9   0   5   7   3   3   1   2   9   1   0   2  13  12   0   2   1  0.30 0.29
    5 E    -1   1  -1   3  -5   2   4  -1   0  -4  -5   2  -4  -5   0   0   0  -6  -5  -4    4   8   3  13   0   8  27   5   2   1   1  10   0   0   5   6   6   0   0   1  0.51 0.40
    6 D    -2  -2   1   4  -4   0   3  -1   0  -2  -3   0  -2  -4  -1   1   0  -6  -4   1    3   2   6  21   0   3  16   5   3   2   2   6   1   0   4   9   4   0   0  11  0.35 0.30
    7 H    -2  -1   2   0  -5   0   1  -2   2  -1  -4   1  -2  -5   2   2   1  -5  -4   0    3   3  10   6   0   5  10   4   6   4   1   8   1   0   9  16   8   0   0   6  0.26 0.26
    8 A     0   0   1   4  -4   1   2   1  -1  -4  -5   0  -3  -5  -1   1   0  -6  -4  -3    9   5   6  21   0   6  15   9   1   1   1   4   0   0   3  10   5   0   0   2  0.40 0.32
    9 G    -1  -1  -1   2  -3  -1   0   1  -2   0  -1  -1   2  -2   3   0  -1  -5  -4   1    5   4   3  11   0   2   6  11   1   6   7   4   5   1  15   6   3   0   0  10  0.18 0.18
   10 T    -1   0   2   0  -4   0  -1   0  -3  -3  -5   0  -4  -5  -2   4   4  -6  -4  -3    4   4   7   4   0   4   4   8   1   1   1   6   0   0   2  29  22   0   0   1  0.58 0.46
   11 R    -8   9   0  -7 -11  -5  -7  -6  -6  -8  -8   1  -6 -10  -7  -4  -4 -10  -9  -7    0  81   4   0   0   0   0   1   0   0   0   9   0   0   0   1   1   0   0   1  2.69 1.30
   12 R    -6   9  -5  -7 -11  -3  -8  -8  -4 -10  -7  -1  -6 -10  -7  -7  -9 -10  -6 -10    1  90   1   0   0   1   0   0   0   0   1   4   0   0   0   0   0   0   0   0  3.14 1.47
   13 D     0   3   1   4  -4   3  -1  -1  -1  -5  -4   1  -2  -5  -1   0   1  -5  -2  -4    8  13   5  22   0  11   4   5   1   1   2   8   1   0   3   6   8   0   1   1  0.43 0.36
   14 F    -4  -7  -5  -9  -3  -4  -9  -7  -4  -3   1  -8  -1   9  -9  -7  -4   2  -1   0    2   0   1   0   1   1   0   1   0   2  12   0   1  65   0   0   1   3   2   7  2.15 1.03
   15 L    -2  -7  -5  -8  -4  -5  -8  -7  -5   3   6  -8   4   1  -6  -2  -1  -2  -3  -2    3   0   1   0   0   1   0   0   0  13  56   0   8   4   0   4   4   1   1   2  1.25 0.70
   16 Y    -2  -2   3  -4  -3  -2  -4   0   0   0  -2   1  -1   0  -5  -2   2  -2   6  -1    4   2  13   1   1   2   1   7   2   5   5   8   1   3   1   4  11   0  24   5  0.52 0.40
   17 Y     0  -1  -2  -5  -4  -4  -5   1  -3   1   2  -2   2   2  -4  -2   0   3   4   1    7   4   2   0   0   1   0   9   0   9  16   3   5   9   1   3   5   3  13   8  0.33 0.27
   18 A     4  -6  -5  -7  -1  -6  -6  -2  -7   0   2  -6   4  -1  -6   0   2  -3  -5   1   32   0   0   0   1   0   0   4   0   6  16   0   8   3   0   6  12   0   0  10  0.69 0.50
   19 T     1  -6  -4  -6  -2  -4  -5  -2  -7   0   3  -6   1  -1  -6  -1   5   1  -4   1   10   0   1   0   1   1   1   3   0   5  22   0   3   2   0   5  35   2   0  10  0.78 0.55
   20 A     2  -5  -3  -6   0  -3  -5   5  -2  -2  -2  -3  -2  -1  -5   1   1  -1  -1   0   15   1   1   0   2   1   1  36   1   2   5   2   1   3   0   8   9   1   2   8  0.62 0.44
   21 G     3  -7  -6  -7  -2  -6  -7   4  -5  -2  -3  -5  -1  -1  -7   1   1  -1  -7   2   25   0   0   0   1   0   0  32   0   3   2   0   2   3   0   9   7   1   0  13  0.84 0.57
   22 A     3  -5  -5  -6  -3  -5  -6   0  -6   0   0  -5   3   1  -5   0   2   1  -2   3   21   0   0   0   0   0   0   7   0   6   9   0   7   5   0   8  11   2   1  20  0.50 0.40
   23 G     2  -2  -3  -7  -2  -6  -6   6  -7   0  -1  -5   0  -2  -7  -1  -2  -3  -4   1   15   2   1   0   1   0   0  45   0   5   7   1   3   2   0   5   3   1   1   9  0.90 0.57
   24 A     5  -7  -7  -7  -1  -7  -7   3  -7  -1  -1  -7  -3   0  -7  -1   0  -3  -5   1   39   0   0   0   1   0   0  23   0   3   6   0   1   4   0   5   7   0   0   8  0.92 0.62
   25 V     1  -7  -7  -6  -4  -7  -7  -1  -7   2   2  -7  -1   2  -6  -2  -1  -3   0   5   13   0   0   0   0   0   0   5   0  10  17   0   2   8   0   3   5   0   3  33  0.79 0.50
   26 A     2  -8  -5  -7  -2  -7  -7   5  -7   0  -2  -7   4   0  -3  -2   0   0  -2   0   17   0   0   0   1   0   0  37   0   5   4   0   9   4   2   3   6   1   2   7  0.86 0.58
   27 T     5  -8  -8  -8  -3  -8  -8   2  -8  -1  -1  -8  -1  -3  -2  -2   2  -3  -5   2   42   0   0   0   1   0   0  13   0   4   6   0   2   1   2   3  12   1   0  12  0.95 0.65
   28 G     3  -3  -7  -6  -2  -4  -7   3  -5   0   1   2  -3  -2  -4  -1  -2  -8  -4   2   24   2   0   0   1   1   0  20   0   5  12  12   1   2   1   4   2   0   1  11  0.54 0.42
   29 A     4  -7  -4  -6  -1  -5  -3   3  -4  -3  -1  -4   0   2  -1   2  -1  -4   0  -2   28   0   1   1   2   1   2  18   1   2   7   1   2   8   4  12   4   0   4   3  0.53 0.40
   30 A     3  -2  -4  -7  -2  -5  -5  -2  -2   2   1  -5   3   1  -5   0   1  -3  -2   2   24   3   1   0   1   0   1   3   1  10  14   1   6   5   1   6   9   0   2  14  0.46 0.36
   31 V     4  -7  -9  -9  -2  -9  -9  -1  -9   1   3  -1  -3  -2  -6  -2  -3  -9  -4   4   25   0   0   0   1   0   0   5   0   7  24   4   1   2   1   3   2   0   1  24  0.89 0.55
   32 W    -2  -4  -6  -3  -2   0  -5  -2  -2   1   0  -5   1   0  -6  -3   0   8   4   3    5   1   1   2   1   4   1   3   1   6   8   1   3   4   1   3   5  17  13  19  0.86 0.53
   33 P    -1  -6  -6  -1  -4  -2  -4   1  -3  -6  -6  -1  -4  -4   8  -3  -1  -2  -6  -4    6   1   1   4   0   2   1   9   1   1   1   4   1   1  58   2   4   1   1   2  1.62 1.01
   34 L    -2  -5  -8  -8  -3  -7  -6  -5  -4   1   3  -5   6   6  -8  -4  -4  -3  -1   2    4   1   0   0   1   0   1   1   0   8  23   1  14  29   0   2   1   0   2  11  1.16 0.65
   35 I    -1  -6  -6  -6  -7  -6  -8  -4  -5   5   2  -3  -1  -1  -6  -5  -1   1  -4   5    5   1   1   1   0   1   0   2   0  22  20   2   2   3   1   1   4   2   1  31  1.00 0.55
   36 N     1   4   1   1  -3  -1  -2   1   0  -4  -3   2  -2  -3  -5   2  -3  -1  -1  -3   10  16   7   8   1   3   3  11   2   1   3  10   1   2   1  14   2   1   2   2  0.35 0.29
   37 Q    -3  -2   0  -4  -4   3  -4  -2  -2  -5  -5  -4  -2   5  -4   4   0  -2   5  -3    3   2   5   1   0  10   1   4   1   1   2   1   1  18   1  24   6   1  15   2  0.83 0.57
   38 M    -1  -4  -5  -5  -3  -4  -5  -4  -3  -1   4  -2   7   3  -5  -4  -3   6  -3  -1    6   1   1   1   1   1   1   2   1   3  30   3  20  11   1   2   2  11   1   4  1.02 0.61
   39 N     0  -1   4   0  -3   0  -2   0  -2   1  -1   0   1  -1  -3   1  -1   2  -2  -1    7   3  18   5   1   4   2   8   1   7   7   6   4   3   1  12   4   3   1   4  0.19 0.21
   40 P     1  -3  -4  -2  -7  -4  -4   0  -3  -4  -5  -3  -1  -5   8  -3  -4  -2  -4  -3    9   2   1   3   0   1   1   6   1   1   1   2   2   1  60   3   1   1   1   3  1.62 0.98
   41 S     1  -1   0   1  -5  -1  -2  -3  -2  -4  -2  -3  -2  -3   4   4   1   2  -2  -2   10   4   4   7   0   2   2   2   1   1   4   2   1   1  17  26   7   3   2   4  0.47 0.43
   42 A     4   0  -1  -1  -2  -2   0  -1  -5  -2  -2   2   1  -1   1  -1  -2   1  -3  -1   33   4   2   3   1   2   6   4   0   3   5  10   3   3   6   5   2   2   1   4  0.35 0.33
   43 D     0   2  -1   4  -3  -1   0  -2  -2  -3  -2   1  -2  -1  -3   1  -1  -2  -1  -2    9  10   3  23   1   2   5   4   1   1   5   9   1   3   1  11   4   1   2   3  0.32 0.29
   44 V     2   0  -2  -3  -1   0  -1  -1  -2   0  -1   0   0  -2   0  -1   1  -5  -1   3   17   4   2   2   1   5   3   6   1   5   5   5   2   2   5   3   9   0   2  22  0.18 0.21
   45 Q    -1   2  -2  -1  -2   0   1  -1   0  -1   2   2   0  -2  -1   0  -1  -6  -2  -1    4   9   2   4   1   4   8   6   2   3  21  11   2   2   4   6   4   0   2   5  0.14 0.15
   46 A     5  -1  -2  -2  -6  -2  -1   0   0  -2  -2  -1  -1  -3  -2  -1   0   0  -2  -2   39   4   2   3   0   2   4   6   2   3   5   4   2   2   2   5   5   1   2   3  0.48 0.41
   47 L     2  -1  -1   0  -1   0   0   1   0  -2   1  -1   2  -1  -1  -1  -1   0  -2  -1   15   3   3   5   1   5   6  10   2   2  14   4   4   3   3   4   4   2   2   4  0.04 0.10
   48 A     3   0  -1  -2  -1  -2  -1   2  -1  -2  -3  -1   0  -3  -2   2   0   1  -2  -3   21   5   3   3   1   2   5  14   2   2   3   4   2   2   3  14   5   2   1   2  0.23 0.26
   49 S    -1   0   0   1  -5   0   0  -1   1  -1  -2   1   0   0   2   1   1   2   0  -1    6   4   4   7   0   4   7   5   3   3   3   7   3   4   8   9   8   3   3   4  0.04 0.12
   50 I    -1   0   0   0   2   0  -1  -1   2   0  -1   0   2   0   0  -1   0   4   1  -1    5   5   5   5   5   5   5   5   5   5   5   5   5   5   5   5   5   5   5   5  0.03 0.09
   51 F    -2   0  -3   0  -5  -1   5  -3  -2   1  -2   1  -2   0  -1  -2   1   0  -1  -1    4   5   1   5   0   2  33   2   1   8   3   7   1   4   3   3   8   2   2   4  0.40 0.37
   52 V     0  -4  -3  -4  -2  -2  -3  -3  -3   3   0  -3   0   0  -2  -3  -2  -1  -2   6    7   1   2   1   1   2   2   3   1  12   7   2   2   4   3   2   3   1   1  44  0.71 0.47
   53 D    -3  -2   1   6  -6  -2   1  -2   0  -5  -4   1  -5  -3  -1  -2  -2  -6  -3  -3    3   3   7  46   0   1   7   3   2   1   2   9   0   1   4   4   3   0   1   2  0.95 0.61
   54 V    -2  -1  -2  -3  -2  -2  -3  -2  -4   3   3  -2   1  -1   0  -3  -1  -1  -2   2    3   3   3   2   1   1   2   3   0  18  27   3   3   3   5   2   3   1   1  14  0.34 0.28
   55 S     0  -1   0   0  -5  -1   0   1  -1  -3  -3  -1  -1  -2  -2   5   0  -6  -5  -3    9   4   4   5   0   3   5   9   1   2   2   3   1   2   2  37   5   0   0   2  0.47 0.44
   56 S     0   0   1   1  -4   0  -1   1  -1  -2  -2   2  -2  -4   0   1   0   1  -2  -2    9   4   7   7   0   4   4  10   2   2   3  15   1   0   5  12   5   2   1   2  0.14 0.22
   57 V    -3  -3  -3  -2   0  -3  -3  -1  -1   4   2  -3   2  -2  -1  -3  -3   0  -1   2    3   2   2   2   2   2   2   5   1  22  20   2   4   2   4   2   2   1   2  13  0.42 0.29
   58 E     0  -2  -1   0   1   2   3  -1  -1  -3  -4   1  -1  -2   2  -2  -2   0   2  -3    9   2   3   5   2   7  19   5   2   2   2   8   2   2  12   3   3   2   5   2  0.26 0.30
   59 P    -1  -1   0   0   0   0   2  -2   0  -1  -2  -1   0  -1   4  -1   0  -4  -1  -1    5   3   4   6   2   3  15   4   2   3   3   4   3   3  20   4   6   0   3   4  0.21 0.27
   60 G    -1   0   0   0   2   0   0  -1  -2   0  -1   0   1   0   0   0   0   3   1   0    5   5   5   5   5   5   5   5   0   5   5   5   5   5   5   5   5   5   5   5  0.02 0.09
   61 V    -1  -1   0   0  -5   4   2   0   0  -2  -2   2   0  -2  -2   0   0  -5  -1  -1    4   3   4   4   0  18  13   7   2   2   5  10   2   2   2   8   7   0   2   4  0.22 0.29
   62 Q     0  -1   2  -1   1   1  -1  -1   0  -1   0  -1   3   0   0  -1   0   2   0   0    7   4   9   3   3   6   3   4   3   4   8   4   6   4   5   5   5   2   4   6  0.03 0.08
   63 L     0   0   0   0   2   0   0  -1   1   0  -1   0   1   0   0   0   0  -2   1   0    5   5   5   5   5   5   5   5   5   5   5   5   5   5   5   5   5   0   5   5  -0.00 0.06
   64 T    -1   0  -1   0   1   0  -1  -2   0   1  -2   1   0  -1   0  -1   2  -5   0   1    6   4   3   5   3   5   3   3   3   7   4   8   3   3   5   5  13   0   3  11  0.07 0.12
   65 V    -1   0   0   0   2   0  -1  -1   2   0  -1   0   2   0   0  -1   0   4   1  -1    5   5   5   5   5   5   5   5   5   5   5   5   5   5   5   5   5   5   5   5  0.03 0.09
   66 K    -1   0   0   2  -6   0   0  -1   0  -1  -1   2   2  -1   0  -1  -1   3   0  -1    5   5   4  10   0   4   7   4   3   4   5  11   5   3   4   6   4   4   3   4  0.07 0.13
   67 F    -1   0   0   0   2   0  -1  -1   2   0  -1   0   2   0   0  -1   0   4   1  -1    5   5   5   5   5   5   5   5   5   5   5   5   5   5   5   5   5   5   5   5  0.03 0.09
   68 L    -1   3   0   0  -3   1  -1  -1   1  -1   0   0   0   0   0  -1   0  -3   0  -1    5  18   4   6   0   6   3   5   3   3   8   5   3   5   4   4   4   0   3   4  0.06 0.14
   69 G     0   0   0   0   2   0   0  -1   1   0  -1   0   1   0   0   0   0  -2   1   0    5   5   5   5   5   5   5   5   5   5   5   5   5   5   5   5   5   0   5   5  -0.00 0.06
   70 K    -1   1   1   1  -5   0   0  -1   1  -1  -2   1   1   0   0   0   0   2   0  -1    5   7   6   7   0   4   6   5   3   3   4   9   3   4   5   6   7   3   3   5  0.02 0.09
   71 P    -1   0   0   0   2   0  -1  -1   2   0  -1   0   2   0   0  -1   0   4   1  -1    5   5   5   5   5   5   5   5   5   5   5   5   5   5   5   5   5   5   5   5  0.03 0.09
   72 I    -1   0   0   0   2   0  -1  -1   2   0  -1   0   2   0   0  -1   0   4   1  -1    5   5   5   5   5   5   5   5   5   5   5   5   5   5   5   5   5   5   5   5  0.03 0.09
   73 F    -1  -1   0   0   1  -1  -1  -1   1   0  -1   0   0   3   0  -1   0   4   0   0    5   3   5   5   3   3   4   4   3   5   6   5   3  11   5   5   5   5   3   7  0.05 0.10
   74 I     0   0   0   0   2   0   0   0  -1   0  -1   0   1   0   0   0   0  -2   1   0    5   5   5   5   5   5   5   5   0   5   5   5   5   5   5   5   5   0   5   5  -0.00 0.06
   75 R    -1   3  -1  -1   1  -1  -1  -1   1   0   0   0   1   0  -1  -1  -1   4   0   1    5  14   3   3   2   3   3   6   3   5   8   5   3   3   3   5   3   5   3  10  0.07 0.12
   76 R    -1   0   0   0   2   0  -1  -1   2   0  -1   0   2   0   0  -1   0   4   1  -1    5   5   5   5   5   5   5   5   5   5   5   5   5   5   5   5   5   5   5   5  0.03 0.09
   77 R    -2   5  -1  -1  -7  -1  -1   0   0   0  -2   0  -1   1  -1  -2  -1   2  -1  -1    4  27   4   4   0   3   5   7   3   5   5   5   2   5   3   3   4   2   3   5  0.33 0.30
   78 T    -1  -2  -1  -1   1   0  -1  -2   0  -1  -1  -2   0   1   0   0   4   2   0   0    5   3   3   4   2   4   5   4   2   3   6   3   2   5   5   6  24   2   3   6  0.23 0.26
   79 E    -1   0   0   0   2   0  -1  -1   2   0  -1   0   2   0   0  -1   0   4   1  -1    5   5   5   5   5   5   5   5   5   5   5   5   5   5   5   5   5   5   5   5  0.03 0.09
   80 A     0  -1  -1   1  -6   0   2   0   1  -1  -2   1   1  -1   0  -1  -1   2  -1  -1    9   3   4   7   0   5  14   8   3   3   4   7   3   3   6   5   4   3   3   4  0.09 0.14
   81 D    -1  -1   1   0  -5   0   4  -2   0  -1  -2   0   3   0  -1  -1   0   1  -1  -1    5   2   6   5   0   5  26   3   2   4   3   4   8   4   3   4   6   2   2   4  0.25 0.30
   82 I    -2  -1  -1   0  -3  -1  -3  -2  -1   5   2  -1   1   0  -1  -3  -1   0  -1   0    3   3   4   5   1   3   2   4   1  24  16   4   3   4   3   3   4   1   2   7  0.30 0.21
   83 E     2  -2   0   2  -1   0   2  -1  -1  -3  -2   1  -1  -2  -1  -1  -1   2  -2  -1   16   2   4  10   1   4  13   5   1   2   4  10   2   2   3   5   4   2   2   4  0.17 0.20
   84 L     1   0   0   1  -2   0   2  -1   0  -1  -1  -1  -1  -1   0   0   0   1  -1  -1   10   5   4   8   1   4  13   5   2   4   6   4   2   3   5   6   6   2   2   5  0.04 0.08
   85 G     2  -1  -1  -1   1  -1   0   0   0  -1   1  -2   0   0  -1  -1  -1   2   0   0   16   3   3   3   2   3   6   7   3   4  16   3   3   3   4   4   4   2   3   6  0.05 0.10
   86 R    -1   0   0   0  -3   0   0  -1   1   0  -1   0   1   0   0   0   0   3   1  -1    5   5   5   5   0   5   5   5   5   5   5   5   5   5   5   5   5   5   5   5  0.02 0.09
   87 S     1   0   0   0  -1   0   1  -1   1  -1  -2   1  -1   0   0   0   0   0  -1   0   11   4   5   6   2   4   7   5   4   3   4   8   2   4   4   8   6   2   2   6  0.02 0.06
   88 V    -1  -1   0   0   0   0   0  -2   2   0   0   0   1  -1   0  -1   0   2   0   2    5   3   4   5   2   3   5   4   4   5   8   5   3   3   5   4   6   2   3  16  0.04 0.08
   89 Q    -1  -1   1   4   1   0   0  -1   1  -1  -1   0   0  -1   0  -1  -1   2  -1  -1    5   3   7  20   2   4   7   5   3   3   5   5   3   3   5   4   4   3   3   5  0.16 0.18
   90 L     0  -1  -1   0  -1   0   0   0   0   0   1   0   0   0   0   0   0   2   0   0    7   2   3   7   1   3   5   6   3   5  13   6   3   4   4   6   5   4   3   8  0.00 0.03
   91 G     1  -1   0   0  -2   0   0   1   0  -1   0   0   0  -2   0   1   0  -1  -2   0   10   4   4   6   1   4   7   9   2   4   8   7   2   2   4  12   5   1   1   6  0.02 0.07
   92 Q     0   0  -1   1  -1   0   1  -1   0  -1   0   0   0  -1   0   0   0   1  -1   0    8   4   3   7   1   4   9   5   2   3  11   7   2   3   4   6   6   2   2   7  0.00 0.04
   93 L     0  -1  -1   0  -1   0  -1  -1   1   0   2   0   1   0  -2  -1  -1   3   0  -1    9   4   3   5   1   4   4   5   3   4  19   7   3   3   2   4   4   3   3   5  0.04 0.07
   94 V    -1   1  -1   2   0   0   0  -1   0   0   0   0   0  -1   1  -1   0   2   0   0    5   7   3  13   2   4   4   3   2   5  10   5   3   2   7   4   4   3   3   8  0.03 0.08
   95 D     0   0   0   2  -4   0   0  -1   1  -1  -1   0   0  -1   3   0  -1  -4   0  -1    6   4   4  14   0   4   5   5   3   4   5   4   3   3  13   5   4   0   3   5  0.10 0.16
   96 T    -1   0   0   0  -3   0   0  -1   1   0  -1   0   1   0   0   0   0   3   1  -1    5   5   5   5   0   5   5   5   5   5   5   5   5   5   5   5   5   5   5   5  0.02 0.09
   97 N    -1   0   0   0  -3   1   0  -1   1  -1   0   0   0  -1   0   1   0   2   0   0    4   4   5   6   0   6   5   4   4   4  11   4   3   3   4  12   5   4   4   5  0.02 0.10
   98 A     0   0   0   0   1   0   0  -2   1  -1  -1  -1   0   1   0   1   0   4   1  -1    8   4   4   6   2   3   6   4   4   3   6   4   3   5   5   9   6   6   5   4  0.06 0.11
   99 R    -1   0   0   0   2   0  -1  -1   2   0  -1   0   2   0   0  -1   0   4   1  -1    5   5   5   5   5   5   5   5   5   5   5   5   5   5   5   5   5   5   5   5  0.03 0.09
  100 N    -1   0   0   0  -3   0   0  -1   1   0  -1   0   1   0   0   0   0   3   1  -1    5   5   5   5   0   5   5   5   5   5   5   5   5   5   5   5   5   5   5   5  0.02 0.09
  101 A     1  -1   0   1   1   0   0  -1   0  -1  -1   0   0  -1   1   0  -1   2   0   0   12   3   4   8   3   3   7   4   2   4   5   5   3   3   8   7   4   2   3   7  0.04 0.08
  102 N    -1   0   0   0   2   0  -1  -1   2   0  -1   0   2   0   0  -1   0   4   1  -1    5   5   5   5   5   5   5   5   5   5   5   5   5   5   5   5   5   5   5   5  0.03 0.09
  103 I    -1   0   0   0   2   0   0  -1   2   0  -1   0   2   1   0  -1   0   4   1  -1    5   5   5   5   5   5   5   5   5   5   5   5   5   5   5   5   5   5   5   5  0.09 0.08
  104 D     0  -1   0   2  -6   1   0  -2   1  -1  -2   0   1  -1   2  -1   0   2   0   0    7   3   5  12   0   6   7   4   3   3   5   6   3   3  11   4   5   3   3   6  0.15 0.15
  105 A    -1   0   0   0   2   0  -1  -1   2   0  -1   0   2   0   0  -1   0   4   1  -1    5   5   5   5   5   5   5   5   5   5   5   5   5   5   5   5   5   5   5   5  0.03 0.09
  106 G    -1  -1  -1   2  -1   2   0   1   0  -2  -3   0  -1  -2   3   0   0   1   3  -3    6   4   2   9   2   8   6   9   2   3   2   5   2   2  12   6   6   2   8   2  0.18 0.21
  107 A     1  -1  -1   0   1   1   0  -1   1  -1  -1  -1   0   0   0  -1  -1   4   2  -1   13   3   3   4   2   6   6   5   3   4   5   4   3   4   4   5   4   5   8   5  0.08 0.12
  108 E    -1   0   0   0   2   0   0  -1   2   0  -1   0   2   1   0  -1   0   4   1  -1    5   5   5   5   5   5   5   5   5   5   5   5   5   5   5   5   5   5   5   5  0.09 0.08
  109 A    -1   0   0   0   2   0   0  -1   2   0  -1   0   2   1   0  -1   0   4   1  -1    5   5   5   5   5   5   5   5   5   5   5   5   5   5   5   5   5   5   5   5  0.09 0.08
  110 T    -1   0   0   0   2   0  -1  -1   2   0  -1   0   2   0   0  -1   0   4   1  -1    5   5   5   5   5   5   5   5   5   5   5   5   5   5   5   5   5   5   5   5  0.03 0.09
  111 D     2  -3   2   5   1  -1  -1  -2  -1  -2  -3  -2  -1  -2   0  -2  -2  -1   0  -2   15   2  10  26   3   3   4   4   1   3   3   3   1   2   5   3   3   1   3   3  0.46 0.31
  112 Q     1   1  -1   0  -2   3   3  -2  -1  -2  -2   2  -2  -3   0  -2  -1   0  -3  -1   11   7   3   5   1  10  19   3   1   3   4  10   1   2   5   4   4   1   1   5  0.26 0.23
  113 N    -2  -1   6   2  -2   0   0  -1  -1  -2  -4  -2  -2  -1  -2  -1  -1   1   0  -2    4   3  29  10   1   5   7   6   2   3   2   3   1   3   2   5   5   2   3   4  0.49 0.35
  114 R    -2   6  -3  -2  -1  -2   0  -3  -1  -1  -3  -1   0  -3   0  -3  -2   4   1  -2    4  39   2   3   1   2   6   2   2   3   3   4   2   2   5   3   3   4   4   4  0.75 0.48
  115 T     0  -2  -2  -1  -1  -2  -1  -3   1  -1  -2  -1  -1  -1  -3   1   2   1   2   3    8   3   2   4   1   2   5   3   3   4   5   4   2   3   2  11  13   2   6  16  0.19 0.19
  116 L    -1   5  -2  -1   0   0  -2  -3   0   1  -1   1   0  -1  -2  -2  -2   3  -1   1    5  24   3   3   2   4   3   3   2   8   8   9   3   2   3   3   3   3   2   8  0.35 0.25
  117 D     0   0   0   2   1  -1  -1  -1   1  -1  -2   0   0  -1   0   2   0   2  -1  -1    8   5   4  10   2   3   5   6   3   3   3   5   3   3   5  14   5   3   3   5  0.07 0.12
  118 E     0   0   0   0  -2   0   0   0   1   0  -1   0   1   0   0   0   0  -2   1   0    5   5   5   5   0   5   5   5   5   5   5   5   5   5   5   5   5   0   5   5  0.00 0.06
  119 A    -1   0   0   0  -3   0   0  -1   1   0  -1   0   1   0   0   0   0   3   1  -1    5   5   5   5   0   5   5   5   5   5   5   5   5   5   5   5   5   5   5   5  0.02 0.09
  120 G    -1  -2  -1   1  -1  -1   0   3  -1  -1  -2  -1  -1  -2   3  -1  -2   1  -4  -2    4   3   3   9   2   3   7  21   2   4   4   4   2   2  16   4   2   2   0   3  0.27 0.28
  121 E    -1  -1   0   1  -7   1   5  -2   1  -2  -3   1   0  -1  -1  -2  -1  -7  -1  -2    5   3   4   6   0   6  28   4   3   3   4   7   3   3   4   4   4   0   3   3  0.35 0.32
  122 W    -1   0   0   0   2   0  -1  -1   2   0  -1   0   2   0   0  -1   0   4   1  -1    5   5   5   5   5   5   5   5   5   5   5   5   5   5   5   5   5   5   5   5  0.03 0.09
  123 L    -1   0   0   0   2   0   0  -1   2   0  -1   0   1   0  -3   0   0   3   1  -1    5   5   5   5   5   5   5   5   5   5   5   5   5   5   0   5   5   5   5   5  0.03 0.10
  124 V     2  -2  -2  -4   0  -1  -2  -1   0   2  -2  -2   0  -1  -1  -2  -1  -5  -1   4   18   3   2   0   2   2   2   4   3  10   3   3   2   2   4   2   3   0   2  31  0.34 0.35
  125 M    -1  -1  -1  -1   1  -1  -2  -2   0   1   2  -3   3   2  -1  -1  -1   2   0   1    4   3   3   3   3   3   3   3   3   7  19   0   8   8   3   3   4   2   3  12  0.12 0.18
  126 W    -1   0   0   0  -3   0   0  -1   1   0  -1   0   1   0   0   0   0   3   1  -1    5   5   5   5   0   5   5   5   5   5   5   5   5   5   5   5   5   5   5   5  0.02 0.09
  127 G     1  -2   0  -1  -2  -1  -3   4  -2  -2  -1  -2   2  -3   2   0  -1   3  -4  -1   14   2   4   3   1   2   1  29   1   2   6   2   5   1   9   6   3   4   0   5  0.36 0.28
  128 V    -1  -1  -1  -2  -3  -1   0  -3   1   2   0  -1   1   0  -1  -1   1   0   1   2    5   3   2   2   0   3   5   2   4  13   6   4   3   5   3   4  11   1   4  20  0.12 0.15
  129 C     0  -1   0  -5   9  -4  -1   0  -5  -4  -4  -4  -4   1  -5   2   0  -5  -4  -1    6   3   5   0  41   0   4   6   0   0   1   0   0   6   0  14   5   0   0   4  1.16 0.59
  130 T    -1  -1   0  -4  -4  -3  -1  -4   1  -4  -2  -1   1   0   3   0   5  -5  -4  -1    4   3   5   0   0   0   5   0   3   0   3   3   3   4  15   4  42   0   0   5  0.71 0.53
  131 H    -1  -4   0  -1   0   0  -4  -2   9  -2  -3  -2  -4   0   2  -2  -1   1   0  -3    5   0   4   4   2   4   0   3  43   2   2   3   0   4  10   3   4   2   2   2  1.06 0.63
  132 L    -2   0  -3  -2   2  -1  -2  -2   1   1   3  -2   2   1  -1  -1   0   2   0   0    2   5   0   2   5   2   2   3   3   7  31   2   5   5   3   4   5   3   3   4  0.19 0.21
  133 G     0   0   0   0   2   0   0  -1   2  -2  -1   0  -2   0   0   0   0   3   1  -1    5   5   5   5   5   5   5   5   5   0   5   5   0   5   5   5   5   5   5   5  0.04 0.12
  134 C    -2  -1  -6  -1  10   0  -6  -1  -6  -1  -2  -1  -6  -6  -7  -1  -5  -6   0  -1    4   4   0   4  50   4   0   6   0   4   4   4   0   0   0   4   0   0   4   4  1.62 0.79
  135 V     0  -1   0  -1   3  -1  -1  -2   3   0   0  -1   0  -1  -1  -1   1  -3   1   1    6   4   4   4   6   3   3   3  10   5  10   3   3   3   3   4   8   0   6  13  0.08 0.12
  136 P     0   0   0   0  -2  -2  -2   0   2   0  -1  -2  -1   1   1   0   0   4   1   0    6   6   6   6   0   0   0   6   6   6   6   0   0   6   6   6   6   6   6   6  0.05 0.13
  137 I    -1   0   1   0  -3   1   0  -1   0  -1   0   1   0   1   2  -1  -1   2   2  -1    6   4   6   5   0   7   4   3   3   4   9   8   3   6  10   4   4   3   7   3  0.07 0.11
  138 G    -1   0   0   0  -3   0   0  -1   2   0  -1   0   1   0   0   0   0   3   1   0    5   5   5   5   0   5   5   5   5   5   5   5   5   5   5   5   5   5   5   5  0.06 0.08
  139 G    -1   1   1   0  -3   0   0  -1   2  -1  -1   1   1   0  -1  -1   0   2   0   0    5   9   8   5   0   5   5   5   5   3   6   8   5   4   3   4   4   3   3   6  0.04 0.09
  140 V    -1   0   0   0   2   0   0  -1   2   0  -1   0   2   1   0  -1   0   4   1  -1    5   5   5   5   5   5   5   5   5   5   5   5   5   5   5   5   5   5   5   5  0.09 0.08
  141 S     1   0   1   2   1   0   2   0   1  -2  -3   0   0  -1   0   0   0   2  -2  -2   10   5   6   9   2   5  11   8   3   2   3   6   2   2   6   6   5   3   2   3  0.10 0.13
  142 G    -1   0   0   0  -3   0   0  -1   1   0  -1   0   1   0   0   0   0   3   1  -1    5   5   5   5   0   5   5   5   5   5   5   5   5   5   5   5   5   5   5   5  0.02 0.09
  143 D    -2  -2   0   3   0   0   2  -2  -1   0  -4  -1  -1  -1  -3  -2  -2   8  -1  -2    4   2   4  14   2   5  11   4   2   5   2   3   2   3   2   4   3  20   2   3  0.68 0.50
  144 F    -2   0   0  -1   0   0   1  -2   1  -1  -1   1   0   2   2  -1   0   2   2  -1    4   4   4   3   2   4   8   4   3   4   5   7   2   7  11   5   5   2   7   4  0.08 0.13
  145 G    -3  -1   3   0  -2   1  -1   5   2  -5  -5   2  -2  -4  -3  -1  -4   0  -3  -4    3   4  10   6   1   5   4  35   5   1   2  10   1   1   2   5   2   1   1   2  0.68 0.44
  146 G    -3   0  -3  -3  -3   2  -1   5   3  -4  -4   0  -2  -3  -3  -2  -1   3  -1  -3    3   5   1   2   1   7   4  39   6   2   3   6   1   1   2   4   4   3   2   2  0.70 0.47
  147 W     0  -2  -2  -3   3  -2  -2   0  -2   1   0  -2   2   1  -3   0   0   4   2   0    8   0   0   0   7   0   0   8   0   8   8   0   7   7   0   8   8   7   7   8  0.11 0.15
  148 F    -1  -1  -1  -1   0  -1   1  -2   1  -1  -1  -1   0   4  -5  -2  -1   5   3  -1    4   3   3   3   2   3   9   3   3   3   6   4   3  20   0   3   4   7  11   4  0.31 0.26
  149 C    -1  -1  -5  -1  11  -5  -1  -5  -5  -4  -2  -5  -4  -5  -5  -1  -4  -5  -5  -4    4   5   0   5  67   0   4   0   0   0   4   0   0   0   0   4   0   0   0   0  2.13 0.81
  150 P     0   0   1  -2  -2   1   0   0   2   0   0  -1   1   1   1   0   0  -3  -1   0    7   7   7   0   0   7   7   7   6   7   7   0   6   6   7   7   7   0   0   7  0.05 0.10
  151 C     1   1  -1  -2   4   2  -1  -2   3  -1   0   0  -1  -2  -2  -1  -1  -2  -1  -1   13  13   1   1  13  13   1   1  13   1  14   1   0   0   1   1   1   0   0   1  0.08 0.07
  152 H     0   1   1   1   3   1  -1   0   2  -3  -3   1  -2  -2  -2   0   0  -2   1  -2    8   8   7   8   7   7   0   8   7   0   1   8   0   0   0   8   8   0   7   0  0.11 0.14
  153 G     0   0   0   0  -3   0  -1   3   0   0  -1   0   0   0  -3   0  -1  -3   0  -1    6   7   5   5   0   3   3  29   3   7   4   4   3   5   0   5   3   0   3   3  0.16 0.17
  154 S     1   0  -2  -2  -3  -2  -2   2  -3  -2  -3  -2  -2   1   0   3   1  -3  -2   0   12   5   0   0   0   0   0  16   0   0   1   0   0   7   4  28  10   0   0   9  0.26 0.27
  155 H    -1   3  -1  -2  -1   0   0  -3   6   0  -1   0  -1  -1  -4  -1   0   0   0  -1    4  18   2   2   2   5   5   2  21   5   5   5   2   3   0   4   6   1   3   4  0.38 0.28
  156 Y     0  -5  -5  -5   3  -5  -5  -5   3  -4  -4  -5   3   7  -5  -5  -5   5   6  -4    7   0   0   0   6   0   1   1   6   0   1   1   6  38   0   1   1   6  23   1  1.43 0.54
  157 D    -2  -1   0   5   1   2   0  -2   0  -2  -2  -1   0  -1  -4  -1   1  -4   0  -2    3   3   3  32   3   9   3   3   3   3   3   4   3   3   0   3  10   0   3   3  0.36 0.24
  158 S     1   0  -1  -2   0  -1  -1  -2  -1   0   1   1   1   0   2  -1   0   1   0   0   13   4   2   2   2   2   2   2   2   5  13  11   3   4   9   4   6   2   2   8  0.06 0.09
  159 A     1  -2   0   3  -1   0  -1  -3  -1  -3  -1  -2  -1  -2  -5   4   1   1  -2  -3   11   2   4  14   1   4   4   2   2   2   5   2   1   2   0  29   9   2   2   2  0.39 0.32
  160 G    -1  -1  -5  -1   3  -6  -6   7  -6  -7  -7  -5  -6  -6  -6  -2  -5  -6  -6  -6    5   3   0   3   6   0   0  74   0   0   1   0   0   0   0   3   0   0   0   0  1.87 0.73
  161 R    -2   6  -1  -1  -2  -1   1  -2   0   0  -3   2  -1  -3  -3  -1   0  -5  -3  -1    3  37   3   3   1   2   8   4   2   5   2  11   2   1   1   4   5   0   1   4  0.59 0.34
  162 I    -2  -2   3  -5  -2  -2  -4  -5  -1   3  -2  -2  -1  -3  -3  -3  -3  -1   0   5    2   3  12   0   1   2   1   1   2  17   3   2   1   1   2   1   1   1   3  43  0.80 0.45
  163 R    -2   4  -3  -4  -4  -2  -2  -5  -2   3   0  -2  -1   3  -2  -3  -1  -1   1   2    2  21   1   1   0   1   2   1   1  17  10   2   1  11   2   1   4   1   4  16  0.44 0.31
  164 K     0   2   0   0  -2   0   2   0   1  -4  -3   3  -2   0  -1   0  -2  -4  -3  -3    7  11   4   4   1   4  14   7   3   1   2  21   1   5   3   8   2   0   1   1  0.27 0.25
  165 G    -3  -4  -1  -4  -7  -4  -5   7  -3  -7  -7  -4  -3  -7  -4  -2  -3  -7  -7  -3    2   1   3   1   0   1   1  78   1   0   0   1   1   0   1   3   2   0   0   2  1.89 0.87
  166 P    -4  -5  -4  -4  -7  -3  -6  -5  -6  -5  -5  -4  -7  -7   9  -3  -3  -7  -4  -5    1   1   1   1   0   2   0   1   0   1   1   1   0   0  83   2   2   0   1   1  2.67 1.14
  167 A     6  -6  -6  -2  -5  -3  -5  -3  -6  -2  -4  -5  -5  -6   3  -2  -2  -7  -6  -3   69   0   0   2   0   1   0   2   0   2   1   0   0   0  14   2   3   0   0   2  1.52 0.77
  168 P    -3  -2  -2  -3  -6  -2  -4  -4  -2  -3  -4  -2  -3  -5   8  -1  -1  -7  -4  -3    2   2   2   2   0   2   1   1   1   2   2   2   1   1  65   5   4   0   1   2  1.72 0.81
  169 E    -1   5  -2  -2  -4   1  -1  -4  -1  -3   2   2  -2  -3  -3  -2   1  -2   0  -4    4  27   1   3   0   5   5   1   1   1  21  11   1   1   1   3   9   1   3   1  0.48 0.36
  170 N    -2  -3   7  -2  -7  -5  -4  -2  -1  -5  -8  -5  -7  -8   5   0  -4  -8  -7  -7    4   2  48   2   0   0   1   4   1   1   0   0   0   0  28   8   1   0   0   0  1.62 0.83
  171 L    -6  -4  -8  -8  -6  -7  -6  -8  -7  -3   7  -7   3  -2  -3  -5  -5  -7  -6  -3    0   1   0   0   0   0   1   0   0   1  85   0   5   1   2   1   1   0   0   1  1.99 0.88
  172 P     1  -3  -3   4  -4  -1   4  -4   0  -4  -4  -2  -3  -4   3  -3  -1  -3  -2   0   10   1   1  19   0   2  30   1   2   1   2   2   1   1  15   1   3   0   1   6  0.68 0.46
  173 I    -2   2  -5  -3  -4   1  -3  -6  -3   3   1  -2  -1  -3  -3  -3  -2  -1  -4   5    4  10   0   1   0   7   2   0   1  18  11   2   1   1   1   1   2   1   0  35  0.62 0.40
  174 P    -2  -5  -6  -3  -4  -6  -5  -6  -1  -1   0  -4  -3   3   7  -5  -5  -3   3  -2    4   0   0   2   1   0   1   0   1   4   9   1   1  11  51   1   0   0   9   3  1.41 0.74
  175 L     0   0  -1  -1  -7  -1   1  -4   2  -4  -3   1  -4  -5   6  -1  -2  -7  -2  -2    7   4   3   3   0   3  10   1   5   1   3   7   0   0  41   4   3   0   1   3  0.89 0.55
  176 A     0  -5  -4  -6  -1  -4  -6  -6   5   2  -3  -5  -1   1  -3  -4  -2  -3   7   2    8   0   1   0   1   1   0   0  12  10   3   1   1   6   2   1   2   0  35  15  1.12 0.61
  177 K     0   2  -1   1  -4   1   3  -3   1  -4  -4   3   0  -2  -4   0   1  -1  -1  -1    6  12   2   7   0   4  17   1   3   1   1  17   3   2   0   8  10   1   2   4  0.34 0.30
  178 F    -3  -3  -4  -5  -4  -3  -3  -5  -3   1   1  -2   0   6  -4  -4  -3   0   4   3    2   2   1   1   0   1   2   1   0   8  10   3   2  33   1   2   2   1  12  16  0.86 0.45
  179 I     0  -2   0   1  -4  -1   1  -4  -2   2   1  -1  -1  -3  -1  -2   1  -5  -3   2    8   2   4   7   0   3  11   1   1  13  15   4   1   0   3   3   8   0   0  16  0.19 0.20
  180 D    -2  -3   1   5  -7  -3   2   1  -5  -5  -7  -1  -6  -7  -2   3  -1  -7  -5  -4    3   2   6  32   0   1  13  10   0   1   0   3   0   0   2  22   4   0   0   1  0.83 0.55
  181 E    -3  -5   0   7  -8  -3   3   2  -2  -8  -7  -3  -8  -8  -2  -3  -5  -9  -5  -7    3   1   4  48   0   1  19  16   1   0   0   1   0   0   2   1   0   0   0   0  1.39 0.76
  182 T    -3  -2   3   2  -4  -1  -2   4  -1  -5  -4  -1  -4  -5  -5   0   3  -7  -4  -4    2   2  15  11   0   3   3  27   2   1   1   4   0   1   0   7  21   0   1   1  0.64 0.46
  183 T    -3   1  -2  -4  -5   2  -2  -4  -2   1   0   3   0  -3  -5  -1   3  -3  -1   2    1   8   2   1   0   8   2   1   1   9  10  17   2   1   0   3  19   0   2  13  0.36 0.32
  184 I    -5  -7  -8  -7  -6  -5  -6  -8  -8   5   4  -6  -1  -3  -8  -6  -5  -3  -5   4    0   0   0   0   0   0   0   0   0  33  38   0   1   1   0   1   0   0   0  23  1.42 0.71
  185 Q    -3   1  -4  -5  -4  -1  -2  -6  -4   3   1   1   0  -3  -6  -4  -1  -3   1   4    1   9   0   0   0   3   2   0   0  16  14   9   2   1   0   1   4   0   4  32  0.59 0.40
  186 L    -3  -6  -8  -8  -6  -6  -7  -7  -8   6   3  -5  -2  -3  -7  -6  -3  -7  -6   4    3   0   0   0   0   0   0   0   0  45  23   1   0   1   0   0   1   0   0  24  1.40 0.69
  187 G    -5  -8  -6  -7  -8  -7  -8   8  -8  -9  -9  -7  -8  -9  -8  -6  -7  -8  -9  -9    0   0   0   0   0   0   0 100   0   0   0   0   0   0   0   0   0   0   0   0  2.99 1.15

                      K         Lambda
Standard Ungapped    0.1365     0.3191
Standard Gapped      0.0402     0.2670
PSI Ungapped         0.1312     0.3165
PSI Gapped           0.0402     0.2670
