
Last position-specific scoring matrix computed, weighted observed percentages rounded down, information per position, and relative weight of gapless real matches to pseudocounts
            A   R   N   D   C   Q   E   G   H   I   L   K   M   F   P   S   T   W   Y   V   A   R   N   D   C   Q   E   G   H   I   L   K   M   F   P   S   T   W   Y   V
    1 M    -5  -6  -7  -8  -6  -5  -7  -7  -6  -3  -2  -6  11  -4  -7  -6  -5  -6  -5  -4    0   0   0   0   0   0   0   0   0   0   0   0 100   0   0   0   0   0   0   0  3.57 1.02
    2 I     4  -3  -3  -4  -4  -3  -1  -2  -4   0  -2  -2   5  -4  -3   2   2  -5  -3  -1   31   1   1   0   0   0   3   2   0   4   3   1  18   0   1  17  12   0   1   4  0.55 0.38
    3 R    -1   3   0   2  -5   0   2  -2  -2  -3  -4   4  -3  -5  -1  -1   0  -5  -2  -4    6  16   5  13   0   3  14   3   0   1   0  25   0   0   3   4   5   0   1   0  0.50 0.32
    4 N     1  -2   5   0  -5   0   0  -2  -1  -3  -3   1  -2  -4  -2   0   1  -6  -4   0   12   1  33   5   0   5   5   3   1   1   2   7   1   0   2   6  10   0   0   7  0.47 0.35
    5 V     1  -1   0  -4  -4   1  -2  -4  -3   0   0   0   7  -2  -1  -1   1  -2  -3   1   11   3   4   1   0   6   2   1   0   5   6   5  29   1   3   4   9   1   1  10  0.48 0.39
    6 K    -2   5   3  -2  -2   0  -2  -2  -1  -4  -4   4  -4  -6  -1   0   0  -6  -4  -4    3  30  12   1   1   3   2   3   1   1   1  23   0   0   4   6   5   0   0   1  0.69 0.46
    7 K    -2   2   1   1  -4   0  -1  -1  -1  -1   1   3  -1  -2  -1   1  -1  -5  -3  -2    3   9   6   7   0   2   3   5   2   4  15  23   1   2   2  12   3   0   0   2  0.20 0.23
    8 Q    -2   1   5  -1  -4   2   0  -1   0  -4  -4   3  -4  -5   1   0  -1  -6  -4  -4    4   6  29   3   0  10   5   4   2   1   2  17   0   0   6   7   3   0   0   1  0.56 0.41
    9 R    -6   9  -4  -7  -4  -3  -5  -8  -4  -6  -7  -1  -5  -8  -4  -5  -6  -8  -7  -8    0  91   1   0   1   0   0   0   0   1   0   2   0   0   1   1   0   0   0   0  2.77 1.20
   10 P    -6  -3  -6  -6  -9  -5  -5  -8  -4  -9  -7  -6  -5  -6   9  -6  -6 -10  -9  -7    0   2   0   0   0   0   1   0   1   0   1   0   0   0  93   0   0   0   0   0  3.19 1.36
   11 V    -3  -2  -4  -5  -3  -2  -3  -4  -6   2   3   0   2  -3  -4  -2  -1  -1  -4   4    1   2   1   0   0   2   1   1   0   9  30   6   4   0   1   4   4   1   0  33  0.63 0.42
   12 N    -2  -2   3  -3  -6  -5  -5  -3   0  -7  -6  -4  -4   1  -3   6  -2  -3   1  -5    3   3  14   1   0   0   0   2   2   0   0   1   0   6   1  60   1   0   4   1  1.25 0.77
   13 L    -5  -3  -5  -7  -7  -5  -6  -4  -4  -3   2  -5  -3  -4   8  -5  -5  -8  -4  -4    1   2   0   0   0   0   0   2   0   2  20   1   1   1  68   0   1   0   1   1  2.06 0.99
   14 D    -3  -3   2   3  -4  -3  -3  -5  10  -8  -6  -4  -7   0  -4  -2  -5  -3  -2  -6    3   2   9  13   0   1   1   1  59   0   1   1   0   4   1   3   0   0   1   0  2.12 0.95
   15 L    -3  -6  -7  -7  -5  -5  -7  -4  -4   2   6  -6   2   1  -3  -5  -4  -2  -4  -1    2   0   0   0   0   0   0   1   0  11  67   0   4   5   1   1   1   0   0   4  1.28 0.65
   16 Q    -2  -2  -2  -3  -3   4  -3  -1  -2  -4  -1  -3  -2  -1   0   2   5  -1  -4  -4    3   2   1   1   1  18   1   5   1   1   7   1   1   3   4  17  31   1   0   1  0.61 0.50
   17 T    -3  -2  -4  -5  -5  -1  -5  -5  -3   6   0  -2  -1  -3  -4  -3   2   0  -2   2    1   3   1   0   0   3   1   1   1  50   7   2   1   0   1   2  11   2   1  13  0.94 0.54
   18 I    -6  -5  -5  -8  -7  -5  -7  -7   1   2  -4  -4  -1   0  -8  -7  -5   3  10  -4    0   0   0   0   0   1   0   0   2  10   2   1   1   3   0   0   1   3  73   1  2.50 1.08
   19 R    -3   5  -1  -2  -4   3  -2  -4  -1  -4  -5   5  -3  -4  -4   1  -2  -6  -4  -5    2  33   2   2   0  10   1   1   2   1   1  29   1   1   1  11   2   0   0   1  0.96 0.57
   20 F    -4  -4  -3  -5  -6  -3  -4   0  -3  -2   1  -3   1   2   5  -3  -3   8  -1  -3    1   1   1   1   0   1   1   7   1   2  12   2   4   9  32   2   1  19   2   2  1.07 0.57
   21 P    -3   0  -2  -2  -6   6  -1  -2   3  -3  -4  -2  -2  -4   4   1  -2  -2  -3  -5    1   4   2   2   0  39   2   4   6   1   1   2   1   1  21  10   2   1   1   1  0.96 0.60
   22 I    -2  -3  -4  -4  -4  -1  -2  -4  -3   4   3  -3   1  -1   1  -3  -1   1  -1   1    3   1   1   1   0   3   3   1   1  23  34   1   4   2   7   1   3   2   2  10  0.45 0.31
   23 T     0  -3   1  -3  -1  -2  -2   1   0  -1  -3  -2  -2  -4   2   0   5   1  -2  -2    8   1   6   0   1   1   2  11   2   3   2   1   1   0  11   6  40   2   1   2  0.52 0.37
   24 A     2  -3  -2  -4  -4  -1  -3   0  -2  -2  -2  -3   6  -1  -1   2  -2   6   0  -2   16   1   1   0   0   2   0   7   1   1   2   0  25   2   3  19   1  13   3   1  0.69 0.43
   25 I     1  -2  -2  -4  -1  -2  -3  -2  -2   2   1  -2   1   1  -3  -2   0   5   2   2   12   2   1   0   1   1   0   2   1  13  11   2   5   6   0   2   8  10   6  15  0.23 0.19
   26 A     1  -1  -1  -3  -1  -1  -3  -1  -3   0   1  -2   5   1  -1   1   1   1  -1   0   14   3   2   0   1   2   0   3   0   3  13   0  18   6   2  12   8   2   1   6  0.19 0.20
   27 S    -1  -4  -3  -3  -4  -3  -3   0   0  -5  -5  -3  -4   0   0   6  -1   5  -1  -4    3   0   0   0   0   0   0   6   2   0   1   0   0   3   4  66   2   7   2   0  1.08 0.56
   28 I    -1  -4  -4  -4  -3  -4  -4  -1  -4   6   0  -4   0   0  -2  -2  -1   1   1   1    6   0   0   0   0   0   0   5   0  56   3   0   2   2   2   3   2   2   5   6  0.70 0.39
   29 L     0  -3  -2  -4   5  -3  -3  -2  -3   0   2  -3   2   2  -1  -1   0   3   0  -1    7   0   2   0  14   0   0   3   0   4  26   0   7  10   2   5   6   4   2   3  0.28 0.21
   30 H    -2  -1   1  -1  -5   0  -1  -2   8  -1  -2  -3   1   0  -5  -1  -1  -5   1   1    3   3   7   3   0   3   3   3  43   3   3   0   3   3   0   3   4   0   3   9  0.86 0.38
   31 R    -1   2  -1  -2   4  -1  -1  -2   3  -2  -2   1  -2   2  -3   0  -1   6   0  -2    0  12   0   0  13   0   0   0  13   0   0  13   0  13   0  13   0  13   0   0  0.25 0.13
   32 V     0  -3  -1  -3  -2  -2  -3   0  -3   3   1  -3   1   1  -3  -1   0  -2   0   2    8   0   4   0   0   0   0   7   0  31   6   0   5   6   0   4   4   0   4  15  0.17 0.18
   33 S     0  -2  -1   0   2  -2  -2  -1  -3   0  -1  -2   1   0   0   2   4  -3  -2   0    5   0   0   4   4   0   0   4   0   4   5   0   4   4   4  18  35   0   0   4  0.27 0.23
   34 G     0  -3   1  -2   1  -3  -2   6  -3  -1  -2  -3  -3  -1  -3   0  -1  -4  -3  -1    5   0   7   0   3   0   3  60   0   3   3   0   0   3   0   4   4   0   0   4  0.69 0.31
   35 V     0  -2   1   0   2   1   0   0   2   0   0  -2   1   1  -3   0   0   4  -1   0    6   0   6   6   6   6   6   6   6   6   6   0   6   6   0   6   6   6   0   6  0.09 0.14
   36 I     0  -2  -2  -3   2  -2  -2   0  -2   0   0   0   1   1   1   0   0   4   1   0    7   0   0   0   6   0   0   7   0   7   7   7   6   6   7   7   7   6   6   7  0.08 0.15
   37 T     0  -2   0  -2   2   0  -2   0  -2   0   0  -2   1   1  -3   0   0   4   1   0    7   0   7   0   6   7   0   7   0   7   7   0   6   6   0   7   7   6   6   7  0.07 0.16
   38 F     0  -1  -1  -3   1  -2  -3  -1  -2   0   0  -2   1   3  -1   1   1   2   2   0    7   3   3   0   3   0   0   5   0   5   9   0   3  17   3  13   8   3   7   6  0.12 0.18
   39 V     0  -3  -1  -3   1  -3  -3   0  -3   1   1  -1   1   3  -1  -1   0   2   0   1   10   0   3   0   3   0   0   9   0   6  13   3   3  13   3   4   6   3   3  13  0.11 0.17
   40 A     0  -2   0   0   2  -2   0   0  -2   0  -1   0   1   1   1   0   0   3   1   0    6   0   5   6   5   0   6   6   0   6   6   6   5   5   6   6   6   5   5   6  0.03 0.12
   41 V     0  -2   0  -2   2   0  -2   0  -2   0   0   0   1   1   1   0   0   4   1   0    6   0   6   0   6   6   0   6   0   6   6   6   6   6   6   6   6   6   6   6  0.05 0.15
   42 G     0  -3   0  -3   2  -2  -2   0   2   0   0  -2   1   1   1   0   0   4   1   0    6   0   6   0   6   0   0   6   6   6   6   0   6   6   6   6   6   6   6   6  0.08 0.17
   43 I     0  -2  -2   0   2   0   0  -1  -2   0  -1   0   1   1   1   0   0   3   1   0    6   0   0   6   5   5   6   6   0   6   6   6   5   5   6   6   6   5   5   6  0.04 0.13
   44 L     0  -2   0  -2   2  -2   0   0   2   0  -1   0   1   1   0   0   0   3   1   0    6   0   5   0   5   0   6   6   5   6   6   6   5   5   6   6   6   5   5   6  0.04 0.14
   45 L     0  -2   0  -2   2  -2   0   0  -2   0   0  -2   1   1   1   0   0   4   1   0    6   0   6   0   6   0   6   6   0   6   6   0   6   6   6   6   6   6   6   6  0.06 0.15
   46 W     0  -2  -3  -4   2  -3  -4  -1  -1   2   1  -4  -1   2  -3  -2  -3   8   4   0    7   3   2   1   4   1   1   5   1   9  14   2   2   7   2   3   2  15  12   6  0.61 0.38
   47 L     1  -2  -1   0   1  -1  -2   0   0   0   2  -2   1   1  -1  -2  -1   6   0  -1   12   3   4   6   3   3   3   6   3   5  16   3   4   5   3   4   4   9   3   5  0.21 0.16
   48 L    -2  -6  -1  -7   1  -1  -2  -2   1   2   3  -2   1   2  -2  -2   0   3   1  -1    4   0   3   0   3   3   3   3   3  10  28   3   3   8   3   4   6   3   4   4  0.35 0.26
   49 G     1  -1   0   2   1   1  -1   0   1  -1  -1  -1   1   0  -1   0  -1   2   0  -1   10   3   4  12   3   6   4   8   4   4   6   3   3   4   3   8   3   3   3   5  0.08 0.09
   50 T    -1   0   0   0   2   0  -1  -1   2   0  -1   0   2   0   0  -1   0   4   1  -1    5   5   5   5   5   5   5   5   5   5   5   5   5   5   5   5   5   5   5   5  0.03 0.09
   51 S    -1   0   0   0   2   0  -1  -1   2   0  -1   0   2   0   0  -1   0   4   1  -1    5   5   5   5   5   5   5   5   5   5   5   5   5   5   5   5   5   5   5   5  0.03 0.09
   52 L    -1   0   0   0   2   0  -1  -1   2   0  -1   0   2   0   0  -1   0   4   1  -1    5   5   5   5   5   5   5   5   5   5   5   5   5   5   5   5   5   5   5   5  0.03 0.09
   53 S     0  -1   0   0   1   0  -1   0   1   0   0  -1   1   1  -1   0   0   2   1   0    7   3   5   6   4   4   3   8   3   4   8   3   4   7   3   8   7   3   5   6  0.02 0.05
   54 S    -1   0   0   0   2   0  -1  -1   2   0  -1   0   2   0   0  -1   0   4   1  -1    5   5   5   5   5   5   5   5   5   5   5   5   5   5   5   5   5   5   5   5  0.03 0.09
   55 P    -1   0   0   0   2   0   0  -1   2   0  -1   0   2   1   0  -1   0   4   1  -1    5   5   5   5   5   5   5   5   5   5   5   5   5   5   5   5   5   5   5   5  0.09 0.08
   56 E    -1   0   0   0   2   0  -1  -1   2   0  -1   0   2   0   0  -1   0   4   1  -1    5   5   5   5   5   5   5   5   5   5   5   5   5   5   5   5   5   5   5   5  0.03 0.09
   57 G     1  -3   0   0   1  -1  -2   1   1  -1  -1  -3   0   0  -2   2   0   1   2  -2   12   2   5   5   2   3   3  12   3   3   6   2   2   3   2  16   7   2   6   3  0.15 0.18
   58 F    -3  -4  -3  -4  -1  -3  -3  -4   0   0  -1  -4  -1   7  -3  -2  -3   3   6  -2    3   2   2   2   1   2   2   2   2   6   6   2   2  32   2   4   2   4  21   4  1.09 0.63
   59 E     2  -2   2   2  -1   1   2  -2   1  -1  -2  -2   0  -1  -3   0   0   0  -1  -2   16   2   8  12   1   5  11   4   3   3   4   2   2   3   2   7   6   1   2   4  0.20 0.20
   60 Q    -1   0   0   0   2   0  -1  -1   2   0  -1   0   2   0   0  -1   0   4   1  -1    5   5   5   5   5   5   5   5   5   5   5   5   5   5   5   5   5   5   5   5  0.03 0.09
   61 A    -1   0   0   0   2   0  -1  -1   2   0  -1   0   2   0   0  -1   0   4   1  -1    5   5   5   5   5   5   5   5   5   5   5   5   5   5   5   5   5   5   5   5  0.03 0.09
   62 S    -1   0   1  -1   0   1  -1  -2   1   0   0   0   2   1  -2   1   0   2   0  -1    6   5   6   4   2   7   3   3   3   5   9   5   5   6   2   9   6   2   3   5  0.04 0.08
   63 A     3  -1   0   0   0   0   0   0   0  -1  -2  -2   0   0  -2   1  -1   3  -1  -2   21   4   4   6   2   4   7   8   2   4   4   3   2   5   2   8   5   3   2   3  0.14 0.17
   64 I    -1   0   0   0   2   0  -1  -1   2   0  -1   0   2   0   0  -1   0   4   1  -1    5   5   5   5   5   5   5   5   5   5   5   5   5   5   5   5   5   5   5   5  0.03 0.09
   65 M    -1  -2  -1  -2   1  -1  -2  -3   1   0   2  -2   3   3  -1  -2  -1   3   2   0    6   3   3   3   2   3   3   3   3   6  16   3   6  11   3   4   3   3   6   6  0.18 0.16
   66 G     0  -1   1   0   1   0  -1   1   1  -1  -2   0   0   0   0   1   0   2   0  -1    7   4   6   6   3   4   3  11   3   5   4   5   3   4   5  10   6   2   3   3  0.03 0.07
   67 S    -1  -1   1   0   1  -1  -2   0   2  -2  -2  -1   1   0  -1   3   1   2   1  -2    6   3   6   5   3   3   3   7   5   3   5   3   3   3   3  20   7   3   4   3  0.16 0.20
   68 F     0  -2  -1  -2   1  -1  -2  -2   1  -1  -1  -2   0   2   4   0  -2   6   1  -2    7   3   3   3   2   3   3   4   3   4   6   3   3   8  17   6   3  10   4   4  0.35 0.32
   69 F    -1  -3  -3  -8   0  -3  -3  -3   0   3   2  -3   0   4   0  -3  -2   3   1   1    5   2   2   0   2   2   2   2   2  12  21   2   2  14   5   3   3   3   4   8  0.39 0.28
   70 V    -1   0   0   0   2   0  -1  -1   2   0  -1   0   2   0   0  -1   0   4   1  -1    5   5   5   5   5   5   5   5   5   5   5   5   5   5   5   5   5   5   5   5  0.03 0.09
   71 K     0   0  -1  -2  -1   0  -1   0   1   0  -1   3   0   0  -1  -1  -1   2   2   0    8   5   3   3   1   4   3   6   4   4   7  17   2   4   4   4   3   3   6   6  0.11 0.12
   72 F     0  -4  -3  -8   0  -3  -8  -2  -8   2   4  -3   0   3  -2  -2   0   1  -1   2    7   1   2   0   2   1   0   3   0   9  30   2   2  10   2   4   6   2   3  11  0.48 0.33
   73 I     0  -7  -3  -4   0  -3  -4  -1  -7   3   1  -1   1   2  -2  -3  -2   0  -2   4    8   0   1   1   2   1   1   6   0  14  13   4   3   7   2   3   3   1   1  24  0.43 0.30
   74 M    -1  -3  -2  -4  -2  -3   1  -3  -3   0   3   3   2   0  -5  -4  -3   0   0   0    6   1   2   1   1   1   8   3   1   6  28  16   5   4   1   2   2   1   3   7  0.42 0.30
   75 W     0  -5  -4  -5  -2  -4  -3  -3  -8   2   2  -4  -1   5  -5  -2  -2   7   1   1    9   1   1   1   1   1   2   3   0   9  16   1   2  22   1   3   3  11   4   8  0.76 0.46
   76 G     1  -4  -3  -6  -1  -5  -6   4  -6   1   2  -1   0   1  -3  -2  -2  -6  -3   1   12   1   1   0   2   0   0  27   0   8  17   4   2   6   1   3   3   0   1  10  0.47 0.36
   77 I    -1  -4  -4  -6  -1  -5  -5  -4  -5   2   3  -4   0   3  -4   0  -1   4   1   1    4   1   1   0   1   0   1   2   0  11  31   1   2  13   1   8   4   6   4  10  0.55 0.39
   78 L     2  -5  -3  -5  -1  -3  -4  -2  -5   2   2  -3   0  -1  -4   1   2  -2  -3   2   19   0   1   0   1   1   0   3   0  11  19   1   1   3   1  11  14   0   1  12  0.39 0.35
   79 T     1  -6  -4  -6  -2  -5  -6  -2  -5  -1   2  -6  -1   4  -4  -1  -1   8   1   0   13   0   1   0   1   0   0   4   0   4  17   0   1  15   1   6   4  21   5   6  0.86 0.54
   80 A     5  -6  -4  -6   0  -5  -5  -1  -6   0  -3  -4  -2   0   3   1  -2  -2  -5   0   43   0   1   0   2   0   0   5   0   5   3   1   1   4  16  10   2   1   0   6  0.78 0.58
   81 L    -1  -4  -1  -5   1  -1  -4  -2  -4   0   3  -4   1   4   0  -1  -1   2   1   0    6   0   3   0   3   3   0   4   0   6  24   0   3  18   5   4   3   3   4   6  0.32 0.29
   82 A     0   0  -1  -4   2  -1  -2  -2   0   1   1  -1   2   3  -1  -1   0   3   0   0    7   5   3   0   4   3   3   3   2   9  12   3   6  13   3   5   5   5   3   6  0.11 0.15
   83 Y    -3  -5  -2  -5  -5  -1  -3  -4   4  -2  -2  -3   0   5  -6  -1  -3   1   7  -2    2   0   2   0   0   2   2   2   9   2   3   2   3  18   0   5   2   1  41   3  1.17 0.63
   84 H    -5  -1  -1  -5  -6  -1  -4  -6  11  -6  -3  -2  -5  -1  -6  -2  -2  -6   0  -6    0   3   2   0   0   3   0   0  72   0   3   2   0   3   0   2   2   0   3   0  2.48 1.05
   85 V     0  -2  -2  -4   1  -3  -3  -2  -1   1   2  -3   4   2  -2  -1   0   1   0   1    9   1   1   0   4   0   0   3   2   9  23   0  12   9   2   6   6   2   2   7  0.23 0.24
   86 V     0   0   0  -2   2  -2  -2   0  -2   0   0  -2   1   1  -3   0   0   4   1   0    7   7   7   0   6   0   0   7   0   7   7   0   6   6   0   7   7   6   6   7  0.07 0.15
   87 V     1  -1   3  -1   0   0  -1   1   3  -2  -1  -1  -1  -1  -3   1  -1  -3   2  -2   14   2  19   2   2   3   2  12   7   2   5   2   2   2   0   8   3   0   8   2  0.18 0.22
   88 G    -1  -2  -1  -1   0  -4  -1   6  -4  -2  -5  -4  -4  -5  -1  -1  -1   2  -5  -2    4   3   3   3   3   0   4  61   0   3   0   0   0   0   3   4   4   3   0   3  0.96 0.52
   89 I    -1  -2  -4  -4   0  -4  -4  -2  -4   5   2  -4   1   0  -4  -2   0  -4  -3   3    3   3   0   0   2   0   0   3   0  34  17   0   3   4   0   2   5   0   0  18  0.49 0.33
   90 R    -3   7  -1  -4  -1   0  -3  -3  -1  -5  -3   1  -1  -3  -5  -2  -1   0  -2  -3    2  65   3   0   1   3   0   2   1   0   2   7   1   1   0   2   3   1   1   1  1.27 0.66
   91 H    -4  -1  -2  -4  -2   1   0  -4  10  -2  -3  -2  -2  -1  -5  -2  -4  -5   0  -2    0   3   1   0   1   7   5   1  60   3   2   2   1   2   0   2   0   0   2   3  1.69 0.78
   92 M    -1  -3  -4  -4  -1  -3  -4  -3   0   2   4  -4   2   2  -4  -1  -1   0  -1   0    4   1   0   0   1   0   0   1   3  11  47   0   5   8   0   5   4   1   1   5  0.48 0.34
   93 M    -1  -3  -3  -5  -1  -3  -4  -3  -2   3   2  -3   2   3  -4  -2  -1   1   0   2    6   1   1   0   1   1   0   1   1  21  23   1   4  11   0   3   2   2   3  15  0.39 0.29
   94 M    -3  -3  -2  -7  -3  -1  -5  -4  -3   0   1  -4   5   0  -5  -2  -3  11  -1  -2    2   1   2   0   1   3   1   1   1   5  11   1  14   3   1   4   2  45   2   3  1.75 0.83
   95 D    -3  -3   0   8  -7  -3   0  -4  -1  -6  -4  -4  -3  -4  -5  -1  -3  -7  -4  -4    2   1   3  74   0   1   5   1   2   0   2   0   1   1   0   4   2   0   1   1  1.75 0.85
   96 F     0  -2   0  -1  -1  -2  -3  -3  -2   0   2  -2   3   4  -3  -1   1   1   1   0   10   1   4   4   1   1   1   1   1   4  19   2   9  17   1   3  12   2   4   4  0.23 0.25
   97 G     0  -3   1  -1  -2  -3  -4   6  -1  -4  -3  -2  -3  -1  -3  -2  -2   3  -3  -2    6   1   6   4   1   1   1  54   2   1   4   3   1   3   1   2   3   4   1   3  0.87 0.50
   98 Y    -1   1  -1  -2  -2  -1  -2  -1   4   0  -2   2  -1   1   1  -1  -2   1   4  -1    5   7   2   2   1   2   1   4  11   6   4  15   2   7   7   3   2   2  13   3  0.25 0.24
   99 L    -1  -2  -2  -1   0  -2  -2   4   0   1   0  -2   1   2  -4  -2  -1   4  -1  -1    3   2   1   3   2   2   3  31   2  10   8   3   4   8   1   2   3   5   2   3  0.36 0.27
  100 E    -1  -2  -2  -3  -2  -3  -1   2  -2  -1   3  -3   1   4  -3  -2  -2  -2   1  -1    5   2   2   1   1   1   6  17   1   2  26   2   3  15   1   3   3   0   5   3  0.34 0.28
  101 E    -1  -2   0   2  -4  -1   4  -3   1  -1   0   0  -1  -2  -2  -1   1  -2  -3   0    4   2   4  12   0   2  27   2   3   3  10   5   1   2   2   4   7   1   1   7  0.30 0.26
  102 T    -1   0   1   0  -2  -1  -1   0  -1   1  -1   0  -1  -3   0   2   2  -2  -2  -1    4   6   7   5   1   2   4   7   1   8   5   7   2   1   4  15  15   1   1   5  0.12 0.14
  103 F    -2   0   1  -3  -4  -2  -3  -3   1   1   2   3   0   0   2  -2  -3   0   1  -1    3   5   6   1   0   2   1   2   3   7  22  20   2   4   9   3   1   1   4   4  0.29 0.26
  104 E    -1   1  -1   0  -4   4   3  -3   0  -3  -5   3  -2  -4   1  -1   0  -6  -4  -3    6   7   3   5   0  15  19   2   2   1   1  17   1   1   8   4   5   0   1   2  0.46 0.38
  105 A     2   0  -2  -2  -3   1  -2   0  -1   0  -2  -1   0   1  -2   2   2  -2  -1   1   14   5   2   2   0   8   1   7   1   6   4   4   2   5   2  15  11   1   2   8  0.15 0.18
  106 G     3  -2   0  -1  -2   0  -2   3  -2  -1  -2  -3   1  -1  -3   0  -1  -3   0   1   23   2   5   3   1   5   3  18   1   4   3   2   3   3   1   7   4   0   3  10  0.26 0.22
  107 K    -2   4   1  -3  -4   0   0  -5  -1  -1  -3   3   0  -3  -3  -3   0   2   4  -1    4  23   5   2   0   4   6   1   2   4   2  15   2   1   2   2   6   3  12   4  0.51 0.39
  108 R     0   3  -2  -3  -4   1  -3  -4  -3   0   1   2   2   0  -2   0   1   1  -1  -2    8  16   2   1   0   6   1   1   0   6  15  13   4   3   2   6   8   2   2   3  0.26 0.25
  109 S    -1  -5  -4  -5  -5  -5  -5   0  -4  -1   0  -5   3  -2  -7   5   4   3  -3  -2    6   0   1   1   0   0   1   8   0   3  10   1   6   2   0  33  20   3   1   3  0.76 0.55
  110 A     5  -6  -3  -6  -3  -4  -5   4  -2  -3  -2  -5  -4  -1  -5   2  -3   2  -3  -2   35   0   2   0   1   1   1  25   1   2   4   1   1   3   1  15   2   3   1   4  0.84 0.56
  111 K    -1   0  -3  -6  -4   0  -6  -3  -4   2  -1   1  -1  -1  -7  -4  -3   9   5   0    5   5   2   1   0   4   0   3   1  12   6  10   2   3   0   1   2  23  15   6  1.03 0.60
  112 I     3  -6  -6  -7  -3  -6  -7  -1  -4   4   1  -5   1   0  -7  -3   0   1  -3   3   24   0   0   0   0   0   0   6   0  19  15   0   4   4   0   2   5   2   1  15  0.66 0.44
  113 S     0  -8  -3  -6  -1  -6  -4  -4  -6   1   0  -6   2  -5  -7   1   3  -2  -6   5    9   0   1   0   1   0   1   2   0   7   7   0   5   1   0  10  15   1   0  38  0.88 0.56
  114 F    -3  -8  -5  -8  -1  -6  -8  -2  -6   4   4  -7   1   4  -4  -4  -4   1  -3   2    2   0   1   0   1   0   0   4   0  18  32   0   4  17   1   2   1   2   1  14  0.94 0.53
  115 V     2  -6  -7  -8  -2  -7  -7   3  -8   4  -1  -7  -3   2  -7  -3  -3   3  -2   4   18   0   0   0   1   0   0  18   0  17   5   0   1   6   0   2   1   4   2  24  0.84 0.52
  116 I     2  -7  -6  -7  -1  -6  -6   2  -7   2   3  -6  -1   1  -6  -1  -2  -4  -5   2   17   0   0   0   1   0   0  17   0  12  23   0   1   5   0   4   2   0   0  14  0.61 0.42
  117 T     3  -7  -5  -6  -3  -7  -6  -1  -7  -3  -4  -7  -4  -1  -4   5   3   4  -5   0   20   0   0   0   0   0   0   6   0   2   2   0   0   3   1  38  16   4   0   6  0.99 0.69
  118 V     2  -7  -7  -7  -3  -6  -6  -1  -5   4   2  -6  -2   2  -3  -3  -1  -3  -4   4   16   0   0   0   0   0   0   4   0  18  17   0   1   8   2   2   3   0   0  27  0.73 0.48
  119 V     2  -7  -7  -8  -1  -7  -7  -1  -7   3   2  -7  -1   0  -3  -3  -1  -4  -5   5   14   0   0   0   1   0   0   5   0  15  17   0   1   3   1   2   3   0   0  35  0.83 0.52
  120 L     0  -7  -6  -7  -2  -6  -7  -2  -7   1   5  -7   0   1  -6   0  -1  -2  -5   0    8   0   0   0   1   0   0   4   0   8  52   0   2   5   0   7   4   1   0   7  0.90 0.56
  121 S     2  -7  -5  -7  -3  -6  -7  -3  -7   1  -4  -6   1  -2  -6   2   6   2  -5  -2   17   0   0   0   1   0   0   2   0   6   2   0   3   2   0  16  45   2   0   3  1.14 0.74
  122 L     1  -7  -7  -7  -2  -7  -7  -3  -7   4   3  -7  -1   1  -7  -4  -4  -4  -3   4   13   0   0   0   1   0   0   3   0  19  28   0   1   5   0   1   1   0   1  27  0.93 0.55
  123 L     1  -6  -5  -7  -3  -6  -6   0  -6   3   4  -6  -1   1  -2  -4  -3  -3  -1   2   13   0   1   0   1   0   0   8   0  13  39   0   1   6   2   1   1   0   2  13  0.69 0.45
  124 A     3  -6  -5  -6  -2  -5  -5  -2  -6   2   3  -5   0   2  -4  -2   2  -1  -3   2   20   0   0   0   1   0   0   4   0  10  25   0   2   8   0   3  11   1   1  13  0.52 0.40
  125 G     2  -6  -5  -7  -5  -7  -6   4  -7  -1  -2  -5  -3   0  -7  -3   0   9  -3  -1   18   0   0   0   0   0   0  28   0   4   4   0   1   4   0   2   6  27   1   5  1.34 0.74
  126 V     2  -5  -6  -6  -3  -5  -6  -2  -5   4   2  -5  -1   2  -5  -4  -3   0  -1   4   16   0   0   0   0   0   0   3   0  21  15   0   1   8   0   1   1   1   2  27  0.69 0.45
  127 L    -1  -3  -5  -6  -3  -4  -4  -3  -5   3   2   0   1   2  -6  -4  -4   7   2   2    7   1   0   0   0   0   1   2   0  16  21   7   3   7   0   1   1  16   5  13  0.73 0.45
  128 V    -3  -6  -7  -7  -4  -5  -7  -6  -7   5   4  -6  -2  -3  -7  -5  -2  -4  -4   4    2   0   0   0   0   0   0   0   0  26  37   0   0   1   0   0   2   0   0  31  1.20 0.60
  129 W    -8  -8 -10 -10  -8  -8  -9  -8  -8  -8  -7  -9  -7  -4 -10  -9  -8  13   2  -9    0   0   0   0   0   0   0   0   0   0   0   0   0   0   0   0   0  95   5   0  4.98 1.53

                      K         Lambda
Standard Ungapped    0.1413     0.3299
Standard Gapped      0.0563     0.2670
PSI Ungapped         0.1839     0.3172
PSI Gapped           0.0563     0.2670
