
Last position-specific scoring matrix computed, weighted observed percentages rounded down, information per position, and relative weight of gapless real matches to pseudocounts
           A  R  N  D  C  Q  E  G  H  I  L  K  M  F  P  S  T  W  Y  V   A   R   N   D   C   Q   E   G   H   I   L   K   M   F   P   S   T   W   Y   V
    1 M   -1 -2 -3 -4 -2 -1 -3 -3 -2  1  2 -2  7  0 -3 -2 -1 -2 -1  0    0   0   0   0   0   0   0   0   0   0   0   0 100   0   0   0   0   0   0   0  0.59 0.06
    2 S    2 -1  0 -1 -1 -1 -1 -1 -2 -2 -3 -1 -2 -3  3  3  1 -3 -2 -2   29   0   0   0   0   0   0   0   0   0   0   0   0   0  17  54   0   0   0   0  0.45 0.02
    3 K   -1  3  0 -1 -4  3  1 -2 -1 -3 -3  5 -2 -4 -1  0 -1 -3 -2 -3    0   7   0   0   0  14   0   0   0   0   0  79   0   0   0   0   0   0   0   0  0.58 0.04
    4 R   -2  5  2  2 -4  1  0 -2 -1 -3 -3  3 -2 -4 -2 -1 -1 -4 -2 -3    0  45  12  14   0   0   0   0   0   0   0  29   0   0   0   0   0   0   0   0  0.50 0.03
    5 E   -1  2  1  0 -4  3  3 -2  0 -3 -3  2 -2 -4 -2  0 -1 -3 -2 -3    0  16   8   0   0  21  35   0   0   0   0  14   0   0   0   6   0   0   0   0  0.45 0.03
    6 E   -2  0  0  5 -4  1  4 -2 -1 -4 -4  1 -3 -4 -2  0 -1 -4 -3 -3    0   0   0  48   0   0  39   0   0   0   0  14   0   0   0   0   0   0   0   0  0.67 0.04
    7 T    1  2 -2 -2 -2  0  0 -2 -1  0  0  0  2  0 -2 -1  1 -1  2  1   14  17   0   0   0   0   8   0   0   0   0   0  14   0   0   0  12   0  14  21  0.10 0.02
    8 G    0 -3 -1 -2 -3 -2 -3  5 -2 -2 -1 -2  3 -2 -3 -1 -2 -3 -3 -2    0   0   0   0   0   0   0  72   0   0   0   0  28   0   0   0   0   0   0   0  0.70 0.05
    9 L   -2 -3 -3 -3 -2 -2 -3 -4 -3  1  4 -2  1 -1  5 -2 -2 -3 -2  0    0   0   0   0   0   0   0   0   0   0  70   0   0   0  30   0   0   0   0   0  0.60 0.04
   10 A    3 -2 -1 -2 -1 -1 -1 -1 -2 -1 -1 -1  2 -2  3  2  0 -3 -2 -1   45   0   0   0   0   0   0   0   0   0   0   0  14   0  14  27   0   0   0   0  0.33 0.03
   11 T    0 -1  0 -1 -1 -1 -1 -1 -2 -2 -2 -1 -1 -3 -1  3  4 -3 -2 -1    0   0   0   0   0   0   0   0   0   0   0   0   0   0   0  44  56   0   0   0  0.48 0.05
   12 S    1 -1  0 -1 -1 -1 -1  2 -2 -3 -3 -1 -2 -3 -1  4  2 -3 -2 -2    0   0   0   0   0   0   0  16   0   0   0   0   0   0   0  70  14   0   0   0  0.44 0.04
   13 A    5 -2 -2 -2 -1 -1 -1  2 -2 -2 -2 -1 -2 -3 -1  1  0 -3 -2 -1   86   0   0   0   0   0   0  14   0   0   0   0   0   0   0   0   0   0   0   0  0.48 0.05
   14 G    0 -3 -1 -2 -3 -2 -3  7 -3 -4 -4 -2 -3 -4 -3 -1 -2 -3 -4 -4    0   0   0   0   0   0   0 100   0   0   0   0   0   0   0   0   0   0   0   0  1.20 0.06
   15 L   -2 -3 -4 -4 -2 -3 -3 -4 -3  1  5 -3  2  0 -3 -3 -2 -2 -1  1    0   0   0   0   0   0   0   0   0   0 100   0   0   0   0   0   0   0   0   0  0.59 0.05
   16 I   -1 -3 -4 -4 -1 -3 -3 -4 -4  4  1 -3  1 -1 -3 -2 -1 -3 -2  4    0   0   0   0   0   0   0   0   0  32   0   0   0   0   0   0   0   0   0  68  0.44 0.04
   17 R   -2  7 -1 -2 -4  1  0 -3 -1 -4 -3  2 -2 -3 -3 -1 -2 -3 -2 -3    0 100   0   0   0   0   0   0   0   0   0   0   0   0   0   0   0   0   0   0  0.97 0.07
   18 Y   -2 -2 -3 -4 -3 -2 -3 -4  1 -2 -1 -3 -1  4 -4 -2 -2  2  8 -2    0   0   0   0   0   0   0   0   0   0   0   0   0  16   0   0   0   0  84   0  1.03 0.07
   19 M   -2 -2 -3 -4 -2 -2 -3 -3 -1  0  1 -2  6  4 -3 -2 -2  0  3  0    0   0   0   0   0   0   0   0   0   0   0   0  56  30   0   0   0   0  14   0  0.48 0.05
   20 D   -2 -2  1  6 -4  0  3 -2 -1 -4 -4 -1 -4 -4 -2 -1 -1 -5 -4 -4    0   0   0  84   0   0  16   0   0   0   0   0   0   0   0   0   0   0   0   0  0.97 0.05
   21 E   -1 -1 -1  1 -4  2  6 -3 -1 -4 -3  0 -2 -4 -2  0  0 -3 -3 -3    0   0   0   0   0   0  92   0   0   0   0   0   0   0   0   0   8   0   0   0  0.80 0.06
   22 T   -1 -2  0  3 -2  0  2 -2 -1 -1 -2 -1 -1 -1 -2  1  1 -2  2  0    0   0   0  27   0   0  14   0   0   0   0   0   0   0   0  17  12   0  14  16  0.21 0.02
   23 F    0 -1 -2 -1 -2  0  2 -3 -2  1  1  1  0  1 -2 -1 -1 -2 -1  0    7   0   0   0   0   0  30   0   0  13  17  14   0  12   0   0   0   0   0   6  0.11 0.02
   24 S    1  0  0 -1 -2  0  0 -1 -1 -3 -3  1 -2 -3 -1  5  1 -3 -2 -2    0   0   0   0   0   0   0   0   0   0   0  14   0   0   0  86   0   0   0   0  0.50 0.05
   25 K   -1  3 -1 -1 -4  1  0  1 -1 -3 -3  5 -2 -4 -2 -1 -1 -3 -2 -3    0  14   0   0   0   0   0  14   0   0   0  72   0   0   0   0   0   0   0   0  0.51 0.04
   26 I   -1 -3 -4 -4 -2 -3 -4 -4 -4  5  1 -3  1 -1 -3 -3 -1 -3 -2  3    0   0   0   0   0   0   0   0   0  78   0   0   0   0   0   0   0   0   0  22  0.49 0.05
   27 R   -1  3  0 -1 -4  2  0  1 -1 -3 -3  4 -2 -4 -2 -1 -1 -3 -2 -3    0  18   0   0   0  14   0  16   0   0   0  53   0   0   0   0   0   0   0   0  0.45 0.03
   28 V   -1 -3 -4 -4 -1 -3 -3 -4 -4  4  2 -3  1 -1 -3 -3 -1 -3 -2  3    0   0   0   0   0   0   0   0   0  48  14   0   0   0   0   0   0   0   0  37  0.40 0.03
   29 K    1  1 -1 -1 -2  1  2 -2 -1 -2 -3  4 -2 -3 -1  0  1 -3 -2 -2   19   0   0   0   0   0  14   0   0   0   0  52   0   0   0   0  14   0   0   0  0.33 0.03
   30 P   -1 -3 -3 -2 -4 -2 -2 -3 -3 -3 -4 -2 -3 -4  8 -1 -2 -5 -4 -3    0   0   0   0   0   0   0   0   0   0   0   0   0   0 100   0   0   0   0   0  2.21 0.07
   31 E   -1 -1 -1  0 -3  1  4 -3  0 -2  0  0 -1 -1 -2  1 -1 -1  2 -2    0   0   0   0   0   0  56   0   0   0  14   0   0   0   0  14   0   0  16   0  0.34 0.04
   32 H   -1  0  0 -1 -3  0  0 -2  7 -3 -3  3 -2 -2 -2  0  1 -3  0 -3    0   0   0   0   0   0   0   0  51   0   0  33   0   0   0   0  16   0   0   0  0.54 0.05
   33 V   -1 -3 -4 -4 -1 -3 -3 -4 -4  3  1 -3  1 -1 -3 -2  0 -3 -2  5    0   0   0   0   0   0   0   0   0  16   0   0   0   0   0   0   0   0   0  84  0.47 0.05
   34 I   -2 -3 -4 -4 -2 -3 -4 -4 -4  4  3 -3  1  0 -3 -3 -1 -3 -2  2    0   0   0   0   0   0   0   0   0  65  35   0   0   0   0   0   0   0   0   0  0.45 0.04
   35 G    1 -3 -2 -2 -2 -2 -2  5 -3 -2 -2 -2 -2 -2 -3 -1 -1  6 -1  0   14   0   0   0   0   0   0  56   0   0   0   0   0   0   0   0   0  16   0  14  0.61 0.03
   36 V   -1 -3 -4 -4 -1 -3 -3 -4 -4  4  3 -3  1  0 -3 -3 -1 -3 -2  3    0   0   0   0   0   0   0   0   0  39  35   0   0   0   0   0   0   0   0  26  0.38 0.03
   37 T    1 -2  0 -1 -1 -1 -1  2 -2 -2 -2 -1 -1 -3 -1  2  4 -3 -2 -1   14   0   0   0   0   0   0  14   0   0   0   0   0   0   0  16  56   0   0   0  0.37 0.03
   38 V   -1 -3 -3 -4 -1 -3 -3 -4 -3  3  1 -3  1  1 -3 -2  0 -3 -1  4    0   0   0   0   0   0   0   0   0  23   6   0   0   8   0   0   6   0   0  57  0.32 0.03
   39 A    4 -2 -2 -2 -1 -1 -1  1 -2 -1  0 -1 -1  0 -2  1  0 -2 -1 -1   60   0   0   0   0   0   0   6   0   0  14   0   0   6   0  14   0   0   0   0  0.24 0.03
   40 F   -2 -3 -4 -4 -2 -4 -4 -4 -3  4  1 -3  0  5 -4 -3 -2 -1  1  1    0   0   0   0   0   0   0   0   0  52   0   0   0  48   0   0   0   0   0   0  0.49 0.04
   41 V    1 -3 -3 -3 -1 -2 -3 -3 -3  4  1 -3  3 -1 -3 -2 -1 -3 -2  2   16   0   0   0   0   0   0   0   0  66   0   0  13   0   0   0   0   0   0   6  0.31 0.04
   42 I    1 -3 -2 -3 -1 -2 -2 -3 -3  3  0 -2  0 -1 -2 -1  1 -3 -2  3   14   0   0   0   0   0   0   0   0  24   0   0   0   0   0   0  16   0   0  47  0.25 0.03
   43 I    1 -2 -2 -3 -1 -2 -2 -2 -3  3  2 -2  1 -1 -2  0  0 -3 -2  1   14   0   0   0   0   0   0   0   0  37  33   0   0   0   0  16   0   0   0   0  0.20 0.02
   44 E   -1 -1 -1  0 -3  1  5 -3 -1  0  0  0 -1 -2 -2 -1 -1 -3 -2  2    0   0   0   0   0   0  63   0   0   0   7   0   0   0   0   0   0   0   0  30  0.37 0.04
   45 A    2 -1 -2 -2 -1 -1 -2 -2 -2  2  0  1  0  1 -2  0  0 -3 -1  2   32   0   0   0   0   0   0   0   0  22   0  14   0   7   0   0   5   0   0  19  0.11 0.02
   46 I   -2 -3 -4 -4 -2 -3 -4 -4 -3  4  2 -3  1  2 -3 -3 -1 -2  0  2    0   0   0   0   0   0   0   0   0  58  22   0   0  14   0   0   0   0   0   6  0.38 0.03
   47 L   -2 -3 -4 -4 -2 -3 -3 -4 -3  1  5 -3  2  0 -3 -3 -2 -2 -1  1    0   0   0   0   0   0   0   0   0   0 100   0   0   0   0   0   0   0   0   0  0.59 0.05
   48 T    1 -1  4  0 -2 -1 -1 -1 -1 -2 -2 -1 -1 -3 -2  1  4 -3 -2 -1   18   0  31   0   0   0   0   0   0   0   0   0   0   0   0   0  51   0   0   0  0.36 0.03
   49 Y   -2 -2 -3 -4 -3 -2 -3 -4  1 -1 -1 -3 -1  4 -4 -2 -2  2  7 -2    0   0   0   0   0   0   0   0   0   0   0   0   0  18   0   0   0   0  82   0  0.94 0.05
   50 G    0 -3 -1 -2 -3 -2 -2  6 -2 -4 -4 -2 -3 -4 -2  0 -2 -3 -3 -4    0   0   0   0   0   0   0 100   0   0   0   0   0   0   0   0   0   0   0   0  1.09 0.01
   51 R   -1  4 -2 -3 -2  0 -1 -3 -1  2  0  1  0 -2 -3 -2 -1 -3 -2  1    0  53   0   0   0   0   0   0   0  32   0   0   0   0   0   0   0   0   0  15  0.27 0.01
   52 F   -2 -3 -4 -4 -2 -3 -4 -4 -2  0  2 -3  1  6 -4 -3 -2  0  2  0    0   0   0   0   0   0   0   0   0   0  29   0   0  71   0   0   0   0   0   0  0.55 0.01
   53 L   -2 -3 -4 -4 -2 -3 -3 -4 -3  2  3 -3  2  4 -3 -3 -2 -1  1  1    0   0   0   0   0   0   0   0   0  16  57   0   0  27   0   0   0   0   0   0  0.36 0.00

                      K         Lambda
Standard Ungapped    0.1396     0.3249
Standard Gapped      0.0410     0.2670
PSI Ungapped         0.1396     0.3249
PSI Gapped           0.0410     0.2670
