
Last position-specific scoring matrix computed, weighted observed percentages rounded down, information per position, and relative weight of gapless real matches to pseudocounts
            A   R   N   D   C   Q   E   G   H   I   L   K   M   F   P   S   T   W   Y   V   A   R   N   D   C   Q   E   G   H   I   L   K   M   F   P   S   T   W   Y   V
    1 M    -4  -5  -5  -6  -5  -4  -5  -6  -5  -2  -1  -5  11  -3  -6  -5  -4  -5  -4  -2    0   0   0   0   0   0   0   0   0   0   0   0 100   0   0   0   0   0   0   0  3.04 0.91
    2 A     7  -4  -4  -4  -3  -1  -3  -2  -4  -4  -4  -3  -4  -5  -3  -1  -2  -5  -4  -3   96   0   0   0   0   3   0   0   0   0   0   0   0   0   0   0   1   0   0   0  1.66 0.66
    3 T     1  -3  -2  -3   0  -3  -3  -3  -4  -3  -4  -2   0  -4  -3   3   5  -5  -4  -3   14   0   0   0   2   0   0   0   0   0   0   2   3   0   0  29  51   0   0   0  0.97 0.50
    4 I    -2  -5  -5  -5  -3  -4  -5  -5  -5   6   1  -4   2   0  -5  -2   0  -4  -3   2    2   0   0   0   0   0   0   0   0  68   7   0   4   3   0   4   4   0   0   9  1.07 0.46
    5 T     1  -3  -1  -3  -3  -2  -3  -1  -3   0  -3  -3  -2  -1  -3   4   4  -4  -3  -2   12   0   1   0   0   0   0   3   0   7   0   0   1   2   0  45  28   0   0   0  0.71 0.42
    6 A     5  -3  -1  -3   1  -3  -3  -1  -4  -2  -1  -3   0  -4  -1   1   1  -4  -4   0   61   0   3   0   3   0   0   2   0   2   4   0   2   0   2   6   9   0   0   5  0.68 0.40
    7 S     2  -3   0  -3   4  -2  -2  -1  -3  -3  -2  -2  -2  -1  -1   3   2  -4  -2  -1   19   0   4   0  11   0   0   4   0   0   3   0   0   2   2  31  17   0   1   3  0.45 0.31
    8 S     2  -3   1  -3  -2  -2  -2  -2  -3   0  -2  -1  -1  -3  -3   1   4  -4  -1   0   22   0   7   0   0   0   0   2   0   6   0   3   1   0   0  10  37   0   2   8  0.46 0.31
    9 S     0  -3  -2  -3  -3  -2  -3  -1  -3  -1   1  -2  -1   1   4   1   2  -3  -2   0    5   0   0   0   0   0   0   4   0   3  16   0   0   9  24  15  15   0   0   7  0.39 0.24
   10 A     3  -3  -2  -3  -1  -3  -3  -3  -3  -2  -1  -3  -2  -4   1   1   5  -4  -3  -1   26   0   0   0   1   0   0   0   0   2   4   0   0   0   6   8  47   0   0   3  0.70 0.40
   11 S     1  -3  -2  -3  -2  -2  -2  -2  -3  -1   0  -2  -2  -3   3   3   3  -4  -3   0    9   0   0   0   0   0   0   2   0   3   8   0   0   0  16  29  22   0   0   8  0.45 0.29
   12 L     0  -2  -2  -3   1  -2  -2  -2  -1   0   2  -2   0   0  -3   3   0  -3  -2   1    8   2   0   0   4   1   0   2   1   5  20   0   1   5   0  36   5   0   0   8  0.27 0.24
   13 V     0  -3  -3  -4  -2  -3  -3  -3   0   3   2  -3   0   1   0  -2  -1  -3  -2   3    7   0   0   0   0   0   1   1   3  19  20   0   0   8   5   3   3   0   0  28  0.35 0.22
   14 A     3  -2  -2  -2  -2  -2  -2  -1  -3  -1  -1   0  -2  -3   2   1   2  -3  -3   0   34   2   1   1   0   1   1   3   0   3   7   6   0   0  11  10  14   0   0   7  0.32 0.22
   15 R     0   5  -1  -1   4   0  -2   0  -1  -2  -2   1  -2  -3   1   0  -2  -3  -3  -2    8  38   1   3   9   3   1   8   1   2   2   8   0   0   6   6   1   0   0   2  0.45 0.26
   16 A     4  -1  -2  -2  -2  -2  -2  -1  -2  -2  -2  -1  -2   0   1   1   3  -3  -2   0   38   3   1   1   0   1   2   3   0   1   4   3   0   4   6   8  19   0   0   5  0.35 0.25
   17 S     3  -1   0   0   0  -2  -2   2  -2  -3  -2  -2  -2  -3   0   3   1  -3  -3  -2   27   2   3   4   2   0   1  14   0   1   3   1   0   0   4  26   9   0   0   1  0.36 0.24
   18 L    -1  -2  -3  -3  -2   1  -2  -3  -2   1   4  -1   0   2  -1  -2  -1  -2  -2   1    4   1   1   1   0   7   2   1   1   6  47   3   1   9   2   3   3   0   0   9  0.35 0.22
   19 V     1  -2  -1  -3  -2  -1  -2  -1  -1   0   2  -2   1  -2   0   0  -1  -3  -1   3   17   1   3   1   0   2   1   3   1   2  23   1   3   1   5   6   2   0   1  27  0.20 0.18
   20 H    -1   2  -1  -2  -3   4  -1  -2   4  -2   0   0   0  -3   2   0   0  -3  -1  -2    3  13   2   1   0  22   1   3  14   1  11   2   2   1  10   9   5   0   1   1  0.34 0.23
   21 N    -1   2   0  -1  -3   1  -1  -2  -2  -3  -2   5  -2  -3   1   0  -2  -3  -3  -1    3  10   5   2   0   5   1   2   0   1   3  49   0   1   6   6   1   0   1   4  0.61 0.32
   22 S     1   2   0  -1  -2   0  -1   2   0  -3  -2   0  -2  -3   3   1   0  -3  -2  -2   11  14   3   3   0   4   1  15   2   1   4   4   0   1  16  12   4   0   1   3  0.26 0.16
   23 R     1  -2  -1  -2  -2   0  -2   0  -2  -1   0  -2  -1   1   2   2   2  -3  -2   0   11   1   2   1   0   5   1   7   0   2  12   1   1   6   9  24  12   0   0   5  0.18 0.18
   24 V     0   0   0  -2  -2  -1  -2  -2  -1   2   1  -1   1  -1  -1   0   0  -2  -1   2   10   6   5   1   0   3   1   1   1  13  18   2   2   2   2   9   7   0   1  16  0.10 0.11
   25 G     2   1  -2  -2  -2   0  -1   2   0  -3  -1   0  -2  -3  -1   2   1  -3  -3  -2   24   8   1   1   0   4   1  20   3   1   5   5   0   0   2  14   9   0   0   2  0.26 0.20
   26 V     2   1  -2  -3  -2  -2  -2  -2  -3   1   0  -1   0  -2  -2   0   1  -3  -2   3   23  11   1   1   0   1   1   2   0  10   5   1   2   1   1   6  11   0   0  22  0.24 0.21
   27 S     1   2  -1  -2   1   2  -1  -1   0  -1  -2  -1  -1  -2   1   3   1  -3  -2  -2   13  13   1   1   4   9   1   5   2   3   2   2   2   2   7  25   7   0   0   1  0.26 0.22
   28 S     1  -3  -1  -3   0  -2  -3  -2  -3  -3  -1  -2  -1  -2   3   4   1  -4  -3  -1   10   1   1   0   2   1   0   2   0   0   5   2   2   2  18  41   7   0   0   4  0.57 0.38
   29 S     2   1  -2  -3   2   0  -2  -3  -2  -2  -3  -1  -3  -4   2   4   0  -4  -4  -3   14   9   0   0   4   4   1   0   1   2   2   3   0   0  11  43   3   0   0   0  0.58 0.40
   30 P     0   1  -2  -3  -3   1  -2  -2  -2  -3  -3   0  -3  -3   6   0   1  -1  -4  -2    8  10   1   0   1   8   1   3   1   1   2   4   0   1  40   6  11   1   0   2  0.77 0.38
   31 I     2  -1  -3  -4  -3  -3  -3  -3  -4   2   0  -2   0  -1  -3  -1  -2  -4  -2   4   17   3   1   0   0   0   1   1   0  13   9   3   2   1   1   5   0   0   1  42  0.47 0.32
   32 L     1   0  -2  -4   0   0  -3  -3   0   0   4  -3   1  -2  -3  -2  -1  -3   0   0   11   7   2   0   2   4   0   2   2   3  49   0   2   0   1   2   2   0   3   6  0.40 0.30
   33 G     0   0  -1  -3  -4  -2  -3   6  -4  -4  -4  -3  -4  -5  -1  -1  -3  -5  -5  -1    7   7   3   1   0   1   1  65   0   0   2   0   0   0   3   3   0   0   0   5  1.11 0.50
   34 L     0  -4  -4  -5  -3  -3  -4  -2  -4  -1   5  -1   0  -2  -3  -1  -2  -4  -3   0   10   0   0   0   0   1   0   2   0   0  68   3   1   1   1   5   1   0   0   4  0.85 0.47
   35 P    -3   0  -4  -4  -5  -4  -4  -5  -5  -5  -4   0  -5  -6   8  -1  -2  -6  -5  -3    2   5   0   0   0   0   0   1   0   0   2   5   0   0  76   4   2   0   0   2  2.12 0.78
   36 S     3   1  -3  -3  -3   3  -2  -3  -3  -2  -1  -1  -2  -4   0   2   0  -4  -4   1   24   7   0   0   0  19   0   1   0   0   5   2   0   0   5  17   6   0   0  14  0.39 0.35
   37 M    -2  -2  -4  -3  -1  -3  -2  -4  -4   1   3  -2   7  -2   0  -1  -1  -4  -3   1    3   1   0   2   1   0   2   1   0   6  27   2  33   1   5   5   4   0   0   7  0.68 0.43
   38 T     2   4  -2  -1   2  -1  -2  -1   0  -3  -1  -1   0  -3  -2   1   0  -4  -1  -2   22  29   1   3   5   2   1   4   2   1   5   2   2   0   2  11   5   0   2   2  0.35 0.29
   39 K     0   4  -2  -3  -4  -1  -2  -2  -3  -2  -1   4   1  -4  -4  -1   0  -5  -4   1    7  25   1   0   0   2   1   2   0   1   5  32   4   0   0   4   5   0   0  12  0.57 0.39
   40 R     2   4   0  -3  -4   0  -2   0   0  -3  -3   2   4  -4  -1  -1  -1  -4  -4   0   17  30   3   0   0   3   1   6   2   0   0  10  13   0   2   3   3   0   0   7  0.46 0.36
   41 S     1   0  -2  -3   0  -1  -1   5  -4  -4  -3  -2  -2  -1  -1   0  -3  -4  -4  -2   12   7   1   0   3   3   4  52   0   0   2   1   1   2   3   6   0   0   0   3  0.74 0.41
   42 K     0   5  -3  -3  -5   0  -1   1  -1  -5  -4   4  -1  -5   0  -1  -2  -5  -4  -3    8  32   0   0   0   4   3  10   2   0   0  28   2   0   5   3   2   0   0   1  0.71 0.44
   43 V    -1   1  -5  -5  -4  -4  -1  -5  -5   1   0  -1   0  -4  -5  -2  -1  -5  -4   6    5   8   0   0   0   0   4   0   0   5   8   5   2   0   0   2   2   0   0  60  0.87 0.52
   44 T     0   7  -3  -4  -5   0  -3  -3  -3  -4  -4   1   1  -5  -2   0  -1  -5  -4   0    7  58   0   0   0   3   0   2   0   0   0   8   4   0   2   5   4   0   0   7  1.09 0.59
   45 C     0  -2  -6  -7  10  -6  -6  -3  -6  -3  -2  -4  -5   0  -6  -3  -3  -6  -5  -2    8   2   0   0  73   0   0   2   0   1   3   1   0   4   0   2   1   0   0   3  2.54 0.94
   46 S    -1   2   0  -3   2  -1  -3   0  -3  -4  -4  -1  -2  -2  -3   5   0  -5  -2  -3    3  10   3   0   5   2   0   6   0   0   0   3   1   2   1  56   4   0   2   1  0.79 0.52
   47 I     2  -4  -2  -4   2  -3  -4  -2  -4   1   0  -2   6  -1  -4   0  -1  -4   2   1   23   0   2   0   5   0   0   2   0   8   7   1  25   2   0   5   4   0   7   9  0.51 0.40
   48 E     0  -1  -3   0  -4   1   5   0  -3  -4  -3  -1  -1  -2  -3   1  -3  -4  -2  -2    8   2   0   5   0   6  48   6   0   0   2   2   1   2   0  12   0   0   1   3  0.71 0.47
   49 N     0   2  -1   0  -1   1   2   2  -1  -3  -2   3  -3  -3  -2   0  -1  -4  -1  -2    7  11   1   4   2   6  14  16   1   1   3  18   0   0   1   6   3   0   2   2  0.25 0.21
   50 K    -3   1   0   0  -5   0   1  -1   1  -5  -5   6  -1  -5  -4  -1  -1  -5  -4  -3    0   6   4   6   0   4   7   4   3   0   0  55   1   0   0   5   3   0   0   2  0.91 0.54
   51 P     1  -1  -2  -1  -1   2   1  -1  -1  -3  -2   1  -1  -4   4   1  -1  -4  -3  -1   10   3   0   3   2  12   9   5   1   0   4   7   2   0  25  10   3   0   0   4  0.41 0.29
   52 S     0   0   0   0   0   1   1   0  -2  -2  -1   1  -1  -2  -1   2   0  -1  -3   0    8   4   3   4   2   5  10   6   0   0   4  10   2   1   3  24   5   1   0   8  0.15 0.18
   53 T     1   0   0  -1  -1  -1   0   1  -2  -1  -2   2   0  -3  -1   1   1  -3  -1   1   12   5   5   2   1   1   5   9   0   2   2  14   2   0   3   8   9   0   2  16  0.11 0.14
   54 T     1  -1   0  -1   2   1   1   0   0  -2  -2   2   0  -3   0   1   0  -3  -3   0   14   2   4   3   5   6  11   7   2   2   1  15   3   0   4  11   4   0   0   9  0.14 0.15
   55 E     1   1   0   0  -3   1   3   0  -2  -2  -2   1  -2  -3   0   2  -1  -3  -3  -2   12   7   4   3   0   5  20   7   0   2   3   9   0   0   4  19   2   0   0   3  0.25 0.22
   56 T     2   0   1   0  -2   1   0  -1  -1  -1  -2   1   0  -3  -1   2   1  -3  -2  -1   17   4   7   4   0   5   6   4   1   3   4   8   4   1   2  19  10   0   0   2  0.17 0.16
   57 T     1   0   0   1  -1   1   1   0  -2  -2  -1   1  -1  -3   1   2   1   0  -2  -1   10   4   4   6   1   5   7   7   0   2   5   7   2   0   5  17  10   1   0   5  0.12 0.12
   58 T     2   1   0  -1  -3   0   0   1  -2  -2  -1   0  -2  -3   0   2   0  -3  -3   0   16   8   3   2   0   4   4  10   0   1   5   6   0   0   4  22   4   0   0   8  0.18 0.19
   59 T     1   0   2   0  -2   0   0   1  -2  -2  -1   0  -1  -2   0   1   0  -3  -2  -1   13   5  13   4   0   5   5  11   0   2   7   4   1   1   5  11   5   0   0   5  0.12 0.12
   60 T     1  -1   0  -2  -1   0   0  -1  -1   0  -1  -1   1  -1   2   1   0  -3  -2   1   15   3   4   1   1   3   5   4   1   3   5   4   4   4  11  12   7   0   0  15  0.11 0.13
   61 N     1   0   0  -2  -2   1   0   1  -2  -1  -1   1   1  -2   1   1  -1  -3  -2   0   14   4   5   1   0   7   3  14   0   1   5  12   7   2   7   9   2   0   0   6  0.13 0.13
   62 K     1  -1  -1  -2  -2   0  -2   0  -2   1   1   0   4  -1  -2  -1   1  -3  -2   0   19   3   3   2   0   3   1   8   0   7  11   6  17   2   1   3   9   0   0   6  0.12 0.14
   63 S     1  -1   0  -1   1  -1  -2   3  -2  -1  -1   0   0  -1   2   1   0  -3  -2   0   10   2   5   1   4   1   1  24   0   1   7   5   4   3   9  10   3   0   0  11  0.16 0.12
   64 M     2  -2  -2  -2  -2   0   0   1  -2  -1   0   1   4  -2   1   0  -1  -3  -2   0   21   1   1   1   0   4   6  14   0   2   6   9  18   0   6   5   1   0   0   6  0.20 0.18
   65 G     2  -1  -1   0  -1  -1  -1   2  -2  -2  -2   0   0  -1   0   2  -1  -3  -2   0   19   2   1   5   1   2   2  19   0   0   3   6   2   4   3  20   1   0   0   8  0.19 0.16
   66 A     3  -2  -2   0  -2  -2  -2   0  -3   0   1  -1   1  -1  -1   1   0  -3  -2   1   33   0   0   5   0   0   1   5   0   3  14   2   4   2   2  12   3   0   0  15  0.19 0.19
   67 S     3  -3  -2  -3   0  -1  -2  -1  -3   0   1  -2   2  -2   0   2  -1  -3  -3   0   30   0   0   0   1   2   0   4   0   4  17   0   8   1   5  21   1   0   0   5  0.26 0.23
   68 L     3  -2  -1  -3  -2  -2  -3   0  -3   0   2  -2   3  -1  -3   0   1  -1  -2   0   30   1   2   0   0   0   0   7   0   2  23   1  10   2   0   3  11   1   0   7  0.24 0.22
   69 L     3  -3  -3  -3   0  -2  -3   0   0   0   1  -2   2  -2   1   0  -1  -3  -2   0   39   0   0   0   2   0   0   5   3   4  19   0   8   1   7   5   2   0   0   4  0.30 0.24
   70 A     4  -2  -2  -3  -2   0  -2  -1  -3   0  -1  -2   1  -1   0   1   1  -3  -2   1   41   0   0   0   0   5   0   3   0   4   5   0   5   2   4  11   9   0   0   9  0.30 0.24
   71 A     5  -3  -3  -3   0  -1  -2  -1  -3  -2  -2  -2   0  -3  -1   2   0  -4  -3   0   59   0   0   0   2   2   0   2   0   1   3   0   2   0   2  13   6   0   0   7  0.58 0.34
   72 A     4  -3  -1  -3   1  -2  -3  -1  -3   0   0  -2   0   0   1  -1   0  -3  -3   1   52   0   3   0   3   0   0   2   0   3   9   0   3   4   6   0   4   0   0  10  0.41 0.28
   73 A     4  -3  -2  -3   4  -2  -2  -1  -3  -1  -2  -1   0  -3   1   2  -1  -1  -3   0   43   0   0   0  11   0   0   2   0   2   3   2   3   0   7  15   2   1   0   7  0.44 0.28
   74 A     3  -2  -2  -3  -2  -2  -2   0  -3  -1   0  -2   1  -2   2   1   2  -3  -3   1   33   0   0   0   0   0   0   6   0   0   7   0   5   1   9  11  15   0   0  10  0.30 0.22
   75 A     3  -3  -2   0  -2  -2  -2  -1  -3   0   1  -2   4  -1  -3   0   1  -3  -2   0   30   0   0   6   0   0   0   3   0   3  17   0  15   2   0   4  12   0   0   5  0.27 0.23
   76 T     1  -1  -1  -1  -2  -1  -1  -1   1  -1   0  -1   2  -2   0   2   2  -3  -2   0   14   3   2   3   0   0   4   3   4   0   9   0  11   1   4  20  13   0   0   9  0.14 0.16
   77 I     1  -2  -1  -2  -2  -1  -1  -1  -2   0   0  -1   2   0   0   1   2   1   0   1   16   1   3   1   0   3   1   3   0   3   7   1   8   4   4  15  16   2   4   9  0.11 0.11
   78 S     3  -2  -1  -2   0  -1  -2  -1  -2  -2  -1  -2   0  -3   2   3   1  -4  -3  -1   25   0   2   0   2   3   0   3   0   0   5   0   2   0   8  34  10   0   0   4  0.39 0.26
   79 N     2  -2   0  -2  -2  -1  -1   0   1  -2  -1   0   0  -2   4   0   0  -3  -1  -1   19   0   5   0   0   3   0   8   5   0   4   5   3   0  21   6   4   0   2   3  0.22 0.16
   80 P     0   0  -2  -2  -2   0   0  -1  -2  -1  -1  -1   0  -3   5   1   0  -3  -3  -2    7   5   1   1   0   5   6   5   0   3   5   1   3   0  31  13   4   0   0   1  0.38 0.19
   81 A     4  -2  -2  -2  -2  -2  -2  -1  -2  -2  -2  -2  -2  -3   1   1  -1  -3  -2   1   48   1   1   1   0   1   1   1   0   1   1   1   0   1   7  13   1   0   0  11  0.36 0.26
   82 M     0  -2  -3  -3  -2   0  -1  -3  -2   1   3  -2   4   1  -3  -1   0   1  -1   0   11   0   0   0   0   5   3   0   0   3  33   0  27   5   0   0   8   2   0   3  0.26 0.13
   83 A     3  -2  -2  -2  -1  -1  -2   1  -2  -1   0  -1   2  -2  -2   1  -1  -2  -2   1   47   1   1   1   0   0   1  13   0   1   7   1   9   0   1   7   1   0   0  10  0.25 0.11
   84 L    -1  -1  -2  -2  -2   1   0  -3  -2   2   2   0   1  -1  -2  -1  -1  -2  -1   1    1   1   1   1   0   8   8   1   0  17  41   8   0   1   1   1   1   0   0   8  0.14 0.05
   85 V     0  -2  -2  -2  -1  -2  -2  -2  -2   2   0  -2   2  -1   1  -1   0  -2  -1   3   10   1   1   1   0   1   1   1   0  11   1   1   9   1   9   1   1   0   0  50  0.23 0.07
   86 D    -2  -1   1   6  -3   1   2  -2  -1  -3  -3  -1  -3  -3  -1  -1  -1  -3  -3  -3    1   1   1  72   0   8   7   1   0   1   1   1   0   1   1   1   1   0   0   1  0.78 0.12
   87 E    -1  -1   0   3  -3   1   4  -2  -1  -2  -1   0  -2  -3  -1   0  -1  -3  -2  -2    3   1   1  20   0   1  54   1   0   1   8   1   0   1   1   5   1   0   0   1  0.45 0.08
   88 R     0   5  -1  -2  -3   2   0  -2  -1  -2  -2   1  -1  -3   0  -1  -1  -2  -2  -2    8  65   1   1   0   8   1   1   0   3   1   1   0   1   4   2   1   0   0   1  0.54 0.10
   89 M    -1  -2  -2  -2  -1  -1  -2  -2  -2   1   2  -2   5   0  -2  -1   1  -2  -1   1    1   1   1   1   0   1   1   1   0   1  28   1  40   1   1   1  16   0   0   5  0.29 0.09
   90 S     0   1   2  -1  -2   0  -1  -1  -1  -2  -2   0   1  -1  -1   3   1  -2   1  -1    5  10  16   1   0   1   1   2   0   1   1   1   8   2   1  39   4   0   7   1  0.19 0.06
   91 T     1  -1   0  -1  -1  -1  -1   2  -2  -2  -2  -1  -1  -2  -1   2   3  -2  -2  -1    6   1   1   1   0   1   1  18   0   1   1   1   2   1   1  20  44   0   0   1  0.31 0.07
   92 E    -1   0   0   3  -3   1   4  -2   0  -2  -2   1  -2  -2  -1   0  -1  -2   0  -2    2   1   1  17   0   1  56   2   0   1   2   6   1   1   1   2   1   0   4   1  0.47 0.08
   93 G     0   0  -1  -1  -2  -1   0   5  -2  -3  -3  -1  -2  -2  -1   0  -1  -2  -2  -2    6   6   1   1   0   1   7  64   0   1   2   1   1   1   1   2   1   0   1   1  0.57 0.07
   94 T     1  -1  -1  -1  -1  -1  -1  -1  -2  -1  -1  -1  -1  -2  -1   1   4  -2  -2   0   14   1   1   1   0   1   1   2   0   3   4   1   1   1   1   3  62   0   1   1  0.34 0.09
   95 G     0  -1  -1  -1  -2  -2  -2   6  -2  -3  -3  -1  -2  -3  -2  -1  -2  -2  -3  -3    1   4   1   1   0   1   1  79   0   1   2   1   0   1   1   1   1   0   1   1  0.89 0.12
   96 L    -1  -1  -2  -2  -1  -1  -2  -2  -2   1   3   0   1   0  -2  -2  -1  -2  -1   0    2   3   1   1   0   3   1   2   1  10  59   9   1   1   1   2   1   0   1   1  0.22 0.06
   97 P     1  -2  -1  -1  -2  -1  -1   0  -2   1  -1  -1  -1  -2   5   1   0  -2  -2  -1   11   1   1   1   0   1   2   6   1  14   6   1   1   1  34  15   1   0   1   2  0.44 0.06
   98 F     0  -2  -2  -2  -1  -2  -2  -2  -2   0   2  -2   1   4  -2  -1  -1  -1   1   0   11   1   1   1   0   1   2   2   1   1  38   1   1  32   1   2   1   0   1   2  0.24 0.06
   99 G     0  -2  -1  -2  -2  -2  -2   6  -2  -3  -3  -2  -2  -2  -2  -1  -2   4  -2  -3    1   1   1   1   0   1   1  75   0   1   2   1   0   1   1   1   1   8   1   1  0.88 0.12
  100 L     0  -2  -2  -3  -1  -2  -2  -3  -2   2   3  -2   2   0  -2  -2  -1  -2  -1   2    6   1   1   1   0   1   1   1   0  15  47   1   5   1   1   1   1   0   1  15  0.24 0.05
  101 S     0   0   4   0  -2  -1   0   2  -1  -3  -3  -1  -2  -3  -2   3   0  -4  -3  -3    3   3  28   0   0   0   4  14   0   0   0   0   0   0   0  48   0   0   0   0  0.47 0.12
  102 N    -2  -1   5   3  -3   1   0  -1   1  -4  -4  -1  -3  -4  -2   1   0  -4  -2  -3    0   0  54  22   0   5   2   0   4   0   0   0   0   0   0   8   3   0   0   0  0.66 0.13
  103 N    -1  -1   5   2  -3   0   0   1  -1  -4  -4  -1  -3  -4   1   0   0  -4  -3  -3    2   0  47  15   0   4   4  12   0   0   0   0   0   0   8   5   2   0   0   0  0.53 0.11
  104 L     0  -1  -3  -3  -2  -1  -2  -3  -3   1   4  -1   1  -1   0  -1  -1  -2  -2   0   13   3   0   0   0   2   0   0   0   3  64   3   0   0   4   4   1   0   0   3  0.29 0.09
  105 L    -1  -3  -4  -4  -2  -1  -1  -4  -3   1   5  -3   1   0  -3  -3  -2  -2  -2   0    4   0   0   0   0   2   5   0   0   0  86   0   0   1   0   0   0   0   0   2  0.56 0.14
  106 G     0  -1  -1  -2  -3  -2  -3   6  -3  -3  -3  -2  -3   1  -3  -1  -1  -3  -2  -2    1   4   0   0   0   0   0  78   0   1   0   0   0   8   0   1   3   0   0   4  0.87 0.15
  107 W    -4  -4  -5  -5  -4  -3  -4  -4  -3  -1  -2  -4  -2   3  -5  -4  -4  11   1  -3    0   0   0   0   0   0   0   0   0   4   1   0   0  13   0   0   0  81   0   0  2.58 0.29
  108 I     0  -3  -4  -4   1  -3  -3  -4  -4   5   1  -3   0  -1  -3  -2  -1  -3  -2   3    9   0   0   0   3   0   0   0   0  61   1   0   0   0   0   0   0   0   0  26  0.51 0.13
  109 L    -2  -3  -4  -4  -2  -3  -4  -4  -3   2   4  -3   3   0  -2  -3  -2  -2  -2   1    0   0   0   0   0   0   0   0   0  11  79   0   6   0   1   0   0   0   0   3  0.62 0.13
  110 F     0  -3  -3  -4  -2  -2  -3  -2  -3   1   3  -3   2   3  -3  -2  -1   2   0   1   10   0   0   0   0   0   0   2   0   3  44   0   4  21   0   1   1   3   0  10  0.29 0.08
  111 G     0  -3  -1  -2  -3  -2  -3   5  -3   0  -2  -2  -2  -1  -3  -1  -1  -3  -3   1    3   0   0   0   0   0   0  69   0   6   0   0   0   3   0   2   3   0   0  14  0.70 0.13
  112 V     2  -3  -3  -1  -1  -2  -2  -3  -3   2   0  -2   1  -2  -3  -1  -1  -3  -2   4   21   0   0   4   0   0   0   0   0   3   4   0   4   0   0   0   1   0   0  63  0.37 0.13
  113 F    -1  -3  -4  -4  -3  -3  -4  -4  -2   0   0  -3  -1   7   1  -3  -1   0   2   0    3   0   0   0   0   0   0   0   0   4   4   0   0  71   8   0   3   0   0   7  0.77 0.17
  114 G     1  -3  -1  -1  -2  -2  -2   5  -3  -3  -2  -2  -2  -2  -2   0   1  -3  -3  -2    7   0   0   1   0   0   0  64   0   0   5   0   0   1   0   5  16   0   0   0  0.69 0.13
  115 L    -1  -3  -3  -4  -2  -2  -3  -3  -3   1   4  -3   1   0  -3  -1   0  -2  -2   1    4   0   0   0   0   0   0   2   0   2  74   0   0   1   0   4   6   0   0   7  0.44 0.12
  116 I    -1  -3  -4  -4  -2  -3  -3  -4  -4   4   1  -3   2  -1  -3  -2  -1  -3  -2   4    4   0   0   0   0   0   0   0   0  47   8   0   4   0   0   0   0   0   0  37  0.50 0.12
  117 W    -3  -4  -5  -5  -3  -3  -4  -4  -4  -2   2  -4  -1   2  -5  -4  -3  11   1  -3    0   0   0   0   0   0   0   0   0   0  23   0   0   7   0   0   0  70   0   0  2.12 0.27
  118 A     3  -2  -1  -1   2  -1  -1   1  -2  -1  -2  -1  -2  -2  -2   3   1  -3   0  -1   34   0   0   1   6   0   0   7   0   4   0   0   0   0   0  36   7   0   4   1  0.31 0.10
  119 L    -1  -3  -3  -3  -2  -1  -3  -3  -3   1   3  -3   1   3  -3  -2  -2  -1   0   1    5   0   1   0   0   3   0   0   0   7  55   0   0  21   0   0   0   0   0   6  0.37 0.09
  120 Y    -3  -3  -3  -4  -4  -2  -3  -4   3  -2  -2  -3  -2   3  -4  -3  -3   5   8  -2    0   0   0   0   0   0   0   0   9   0   0   0   0  10   0   0   0   7  74   0  1.30 0.22
  121 F     0  -3  -2  -3  -2  -2  -3  -3  -1   0  -1  -2   0   5  -3   0   2   0   3  -1    6   0   0   0   0   0   0   0   0   6   0   0   1  42   0   9  22   0  12   1  0.44 0.12
  122 V     0  -3   0  -3  -2  -2  -2  -3  -3   3   0  -2   0  -1  -2   0   1  -3   0   4    4   0   6   0   0   0   0   0   0  19   0   0   0   0   0   5  14   0   3  49  0.28 0.10
  123 Y     1  -2  -2  -3  -3  -2  -2  -1   2  -2  -2  -2  -2   2  -3   0  -1   0   7  -2   17   0   0   0   0   0   0   3   4   0   0   0   0   3   0  10   1   0  62   0  0.76 0.17
  124 A     0  -1  -1  -1  -2   2  -1   0  -2  -1  -2  -1  -1  -3  -2   2   3  -3  -2   0    6   0   0   0   0  15   0   6   0   2   0   0   0   0   0  26  35   0   1  10  0.30 0.10
  125 S     0   2   0  -1  -2   0  -1  -1  -1  -3  -3   2  -2  -3  -2   4   0  -3   0  -3    2  13   0   0   0   2   0   2   0   0   0  22   0   0   0  55   0   0   5   0  0.44 0.14
  126 G    -1  -2   0   3  -2   1   0   1  -2   0  -2  -1  -1  -1  -2   2   2  -3  -2  -1    0   0   2  21   0   7   1  11   0  11   0   0   0   3   0  18  26   0   0   0  0.23 0.08
  127 L    -2  -3  -3   0  -2  -3  -2  -4  -3   2   4  -3   1   1  -3  -3  -2  -2  -1   1    0   0   0   7   0   0   2   0   0   9  71   0   0   4   0   0   0   0   0   7  0.46 0.12
  128 E    -1  -2   1   4  -4   0   2   2  -2  -4  -4   0  -3  -4   1  -1  -2  -4  -3  -4    0   0   4  42   0   2  20  23   0   0   0   3   0   0   6   0   0   0   0   0  0.61 0.11
  129 E    -2  -1   0   4  -4   1   5  -2  -1  -4  -4   2  -3  -4  -2   0  -1  -4  -3  -3    0   0   2  24   0   1  54   0   0   0   0  13   0   0   0   5   0   0   0   0  0.71 0.14
  130 D    -2  -2   1   6  -4  -1   0   1  -2  -4  -5  -2  -4  -4  -2   0  -2  -5  -4  -4    0   0   5  78   0   0   0  14   0   0   0   0   0   0   0   3   0   0   0   0  1.06 0.18
  131 E    -2  -1   2   5  -4   0   4  -2   0  -4  -4   0  -3  -4   0  -1  -2  -4  -3  -3    1   0   8  38   0   0  44   0   2   0   0   3   0   0   3   0   0   0   0   0  0.74 0.14
  132 E    -2  -1   1   5  -4   2   4  -1  -1  -4  -4  -1  -3  -4  -2  -1  -2  -4  -3  -4    0   0   2  55   0   9  30   3   0   0   0   0   0   0   0   0   0   0   0   0  0.85 0.15
  133 S     1  -2   0   1  -2  -1  -1   0  -2  -3  -3  -1  -2  -1  -2   5   0  -3  -1  -3    4   0   0   9   0   0   0   3   0   0   0   0   0   4   0  79   0   0   2   0  0.60 0.17
  134 G     0  -3  -1   1  -3  -2  -2   6  -3  -5  -4  -1  -4  -4  -3  -1  -2  -4  -4  -4    1   0   0   9   0   0   0  86   0   0   0   4   0   0   0   0   0   0   0   0  1.16 0.17
  135 L    -2  -2  -3  -4  -2  -1  -3  -4  -1   1   5  -3   2   0  -3  -1  -2  -2  -2   0    0   0   0   0   0   5   0   0   2   0  84   0   2   0   0   5   0   0   0   2  0.55 0.13
  136 S     0  -1   0   1  -2  -1  -1   0  -2  -3  -3   1  -2  -3  -2   4   2  -4  -3  -2    0   0   0   9   0   0   0   5   0   0   0   9   0   0   0  65  12   0   0   0  0.49 0.13
  137 L    -2  -3  -4  -4  -2  -3  -4  -4  -4   2   5  -3   1   0  -4  -3  -2  -2  -2   0    0   0   0   0   0   0   0   0   0  11  89   0   0   0   0   0   0   0   0   0  0.71 0.13

                      K         Lambda
Standard Ungapped    0.1242     0.3117
Standard Gapped      0.0379     0.2670
PSI Ungapped         0.1239     0.3171
PSI Gapped           0.0379     0.2670
