
Last position-specific scoring matrix computed, weighted observed percentages rounded down, information per position, and relative weight of gapless real matches to pseudocounts
            A   R   N   D   C   Q   E   G   H   I   L   K   M   F   P   S   T   W   Y   V   A   R   N   D   C   Q   E   G   H   I   L   K   M   F   P   S   T   W   Y   V
    1 A     5  -2  -2  -2   3  -1  -1   0  -2  -2  -2  -1  -1  -3  -1   1   0  -3  -2  -1   88   0   0   0   7   0   0   0   0   0   0   0   0   0   0   5   0   0   0   0  0.54 0.07
    2 E     2  -1  -1   0  -2   0   3   1  -1  -1  -1  -1  -1   0  -2   0  -1  -3  -2  -1   26   0   0   3   0   0  43  10   0   4   9   0   0   6   0   0   0   0   0   0  0.24 0.05
    3 L     1  -2  -3  -3  -1  -2  -2  -2  -3   1   4  -2   1  -1  -2   0  -1  -2  -2   1   18   0   0   0   0   0   0   0   0   0  66   0   0   0   0  12   0   0   0   4  0.29 0.05
    4 N    -1  -1   3   4  -3   0   1  -1  -1  -3  -4   0  -3  -3  -2   2   0  -4  -3  -3    2   0  25  34   0   0   9   0   0   0   0   6   0   1   0  22   1   0   0   0  0.49 0.07
    5 P     0  -2  -2  -2  -2  -2  -2  -3  -3  -1  -2  -2  -2  -3   6   0   3  -4  -3   1    4   0   0   0   0   0   0   0   0   0   0   0   0   0  44   2  31   0   0  19  0.81 0.10
    6 S     0  -1   5   0  -2   1  -1  -1  -1  -3  -3  -1  -2  -3   0   3   1  -3   0  -3    7   0  45   0   0   7   0   0   0   0   0   0   0   0   4  29   4   0   4   0  0.47 0.10
    7 L    -1  -3  -2  -4  -2  -2  -3  -4  -3   3   3  -3   3   0  -3  -2  -1  -2  -1   2    3   0   2   0   0   0   0   0   0  20  50   0   9   2   0   0   0   0   0  14  0.39 0.07
    8 V     0  -3  -3  -3  -2  -1  -3  -4  -3   4   0  -3   0  -1  -3  -2   0  -3  -2   4    5   0   0   0   0   4   0   0   0  37   0   0   0   0   0   0   4   0   0  50  0.44 0.10
    9 I    -2  -3  -4  -4  -2  -3  -3  -4  -4   4   1  -3   4  -1  -3  -3  -1  -3  -2   3    0   0   0   0   0   0   0   0   0  52   2   0  19   0   0   0   0   0   0  26  0.55 0.11
   10 S     0   0  -1  -2   5  -1  -2   0  -2   0  -2  -1  -1  -3  -2   3   1  -3  -2   1    0   5   0   0  18   0   0   6   0   2   0   0   0   0   0  45   4   0   0  19  0.32 0.09
   11 L     2  -2  -2  -2  -2  -2  -2   2  -2   0   2  -2   0   0  -2   0   0  -2  -2   0   27   0   0   0   0   0   0  21   0   2  28   0   0   5   0   6   7   0   0   5  0.18 0.05
   12 S     1  -2   2  -1   3  -1  -1   1  -2  -3  -3  -1  -2  -3  -2   4   1  -3  -3  -2    8   0  12   0   9   0   0   7   0   0   0   0   0   0   0  60   4   0   0   0  0.47 0.11
   13 T    -1  -2   2  -2  -2  -1  -2  -2  -2  -2  -2  -1  -2  -3  -2   1   6  -4  -3  -1    0   0  11   0   0   0   0   0   0   0   0   0   0   0   0   0  89   0   0   0  0.86 0.17
   14 G     3  -2  -1  -2  -2   0  -1   3  -2  -2  -2  -1  -2  -2  -2   1   1  -3  -2  -1   42   0   0   0   0   5   0  31   0   1   0   0   0   2   0   8   7   0   0   3  0.38 0.08
   15 L     2  -3  -3  -3  -1  -2  -3  -1  -3   1   3  -2   1  -1  -2  -1  -1  -3  -2   1   37   0   0   0   0   0   0   2   0  10  48   0   0   0   0   0   0   0   0   3  0.30 0.08
   16 S     1  -2  -1  -2   2  -1  -2  -2  -2   1   0  -2   3   1  -2   2   1  -2  -1   0   10   0   0   0   7   0   0   0   0  15   5   0  16   7   0  31   9   0   0   0  0.16 0.05
   17 L    -2  -3  -4  -4  -2  -3  -3  -4  -3   1   5  -3   3   0  -4  -3  -2  -2  -2   1    0   0   0   0   0   0   0   0   0   0  88   0   6   0   0   0   0   0   0   6  0.65 0.10
   18 F     2  -3  -2  -3   0  -2  -2   1  -2  -1  -1  -2  -1   5  -3   0  -1  -1   1  -1   35   0   0   0   1   0   0   9   0   2   2   0   0  41   0   5   0   0   2   3  0.32 0.07
   19 L     2  -2  -3  -3  -1  -2  -2  -2  -3   1   3  -2   2  -1  -2  -1  -1  -3  -2   1   33   0   0   0   0   0   0   0   0   4  51   0   4   0   0   0   0   0   0   8  0.30 0.06
   20 G     0  -3  -1  -2  -3  -2  -1   6  -2  -3  -3  -2   1  -3  -3  -1  -2  -3  -3  -3    4   0   0   0   0   0   6  81   0   0   0   0   9   0   0   0   0   0   0   0  0.93 0.10
   21 R    -2   7  -1  -2  -4   0  -1  -3  -1  -4  -3   1  -2  -4  -3  -2  -2  -4  -3  -3    0 100   0   0   0   0   0   0   0   0   0   0   0   0   0   0   0   0   0   0  1.24 0.15
   22 F    -3  -4  -4  -4  -3  -4  -4  -4  -2  -1   0  -4  -1   7  -5  -3  -3   0   2  -2    0   0   0   0   0   0   0   0   0   0   5   0   0  95   0   0   0   0   0   0  1.23 0.14
   23 V     1  -3  -2  -3  -2  -2  -3   3  -3   1  -1  -2  -1  -2  -3  -1  -1  -3  -2   3   11   0   0   0   0   0   0  33   0   0   0   0   0   0   0   0   0   0   0  56  0.38 0.08
   24 F    -3  -3  -4  -4  -3  -3  -4  -4  -2   0   3  -4   0   6  -4  -3  -2   3   2  -1    0   0   0   0   0   0   0   0   0   0  33   0   0  63   0   0   0   3   0   0  0.77 0.10
   25 F     1  -1  -3  -3  -2  -2  -3  -2  -2   0   2  -2   3   4  -3  -1  -1  -1   0   0   25   3   0   0   0   0   0   0   0   0  32   0  13  28   0   0   0   0   0   0  0.28 0.06
   26 N    -1  -2   2  -1  -3  -1  -1  -1  -2  -4  -4   0  -3  -4   7  -1  -1  -4  -3  -3    0   0  18   0   0   0   0   4   0   0   0   8   0   0  68   3   0   0   0   0  1.37 0.11
   27 F    -1  -2  -2  -3  -2  -2  -2  -2  -1  -1  -1  -2  -1   5  -3   2   1   0   3  -1    2   0   0   0   0   0   0   0   0   0   3   0   0  44   0  22  15   0  14   0  0.43 0.08
   28 Q     1  -1  -2  -2  -3   5   0  -3   2   0  -2   0  -1  -3  -3  -1  -1   1  -2   2   13   0   0   0   0  47   0   0   7   3   0   3   0   0   0   0   1   2   0  23  0.49 0.21
   29 R    -3   6   3  -2  -5   0  -1  -3  -2  -4  -4   3  -3  -4  -3  -2  -2  -4  -3  -4    0  59  18   0   0   0   0   0   0   0   0  22   0   0   0   0   0   0   0   0  1.06 0.32
   30 E     0   4  -1   0  -4   1   3  -3  -1  -4  -3   3  -2  -4  -2   0  -2  -4  -3  -3   11  35   0   5   0   5  21   0   0   0   0  17   0   0   0   5   0   0   0   0  0.55 0.19
   31 N    -2  -1   5   1  -3   2   0   0  -1  -3  -3   2   1  -3  -2   1   0  -4  -3  -3    0   0  42   6   0   9   2   5   0   0   0  15   5   0   0   8   6   0   0   0  0.49 0.19
   32 V     0  -2  -1  -2  -1   0  -2  -2  -1   1   1  -2   0   2  -2  -1   1  -1   2   2    8   1   3   1   0   6   1   1   0   3  13   1   1  10   1   1   8   0  10  29  0.12 0.08
   33 A     4  -2  -1   0  -2   0   1   1  -2  -2  -2  -1  -2  -3  -2   1   0  -3  -2  -2   49   0   0   6   0   4   8   9   0   0   1   3   0   0   0  10   6   0   0   1  0.34 0.15
   34 K     1   2   0  -1  -2   0   0  -2  -1  -1  -1   3  -1  -2  -1   0   2  -3  -2  -1   11  12   3   1   0   3   3   1   0   2   5  29   1   1   1   4  19   0   0   3  0.22 0.11
   35 Q     3  -1  -1  -1  -2   4   0   0   2  -2  -2   1  -1  -3  -2   1   0  -3  -2  -1   31   1   1   1   0  28   1   6   6   1   1   8   0   1   1   7   4   0   0   3  0.31 0.14
   36 G     0  -2  -1  -2  -2  -2  -2   5  -2  -1   0  -2  -1  -2  -2  -1  -1  -2  -2   0    4   1   1   1   0   1   2  53   1   1  14   1   1   1   1   2   1   0   1  12  0.46 0.13
   37 L    -1  -1  -2  -2  -2  -2  -2   1  -2   0   3  -1   1  -1  -1  -1  -1  -2  -2   1    2   2   1   1   0   1   1  14   0   1  47   5   3   1   3   5   1   0   1  12  0.20 0.11
   38 P    -1  -2  -2  -2  -3  -1  -1   0  -2  -2  -1   1  -2  -3   7  -1  -2  -3  -3  -1    2   1   1   1   0   1   1   8   0   1   6  12   0   1  56   2   1   0   1   4  1.03 0.20
   39 E    -1   0  -1  -1  -2   1   2  -2  -1  -1   0   2  -1  -2  -1   0   1  -2  -2   1    3   3   1   1   0   4  20   2   0   1  13  17   0   1   1   6  11   0   1  14  0.12 0.07
   40 Q    -1  -1   1  -1  -2   5   2  -2  -1  -2  -2   0  -1  -3  -2  -1   2  -2  -2  -1    2   1   5   1   0  44  11   2   0   1   2   1   0   1   1   2  18   0   1   6  0.47 0.18
   41 N    -1   0   6   1  -3  -1   0  -2  -1  -3  -3  -1  -2  -3  -2   0   2  -3  -3  -3    5   5  57   3   0   1   6   1   0   1   1   1   0   1   1   1  15   0   0   1  0.68 0.22
   42 G    -1   0  -1  -2  -3  -2  -3   6  -3  -4  -4  -2  -3  -4  -3  -1  -2  -3  -3  -3    1   7   1   1   0   1   1  81   0   1   1   1   0   1   1   1   1   0   0   1  1.20 0.27
   43 V     1  -1   1   1  -1   1   0  -1  -1   0   0   0   0  -2  -1   1   0  -2  -2   1   11   1   7   7   0   8   4   1   0   7   7   9   3   1   1  10   6   0   1  16  0.06 0.04
   44 T     0  -1  -1   0  -2  -1  -1  -2  -2  -2  -2   0  -2  -3   1   3   4  -3  -2  -2    1   1   1   6   0   1   1   1   0   1   2   5   0   1   6  31  39   0   1   1  0.44 0.17
   45 H    -1  -1   0  -1  -2  -1  -1   0   6  -2  -2  -1  -2   1   0   1   0  -1   3  -2    2   1   3   1   0   1   1   8  34   1   2   1   0   7   4  14   7   0  11   1  0.41 0.14
   46 F    -1  -2  -2  -2  -2  -2  -1  -2   1  -1   0  -2   0   5  -2  -1   0   0   3   0    4   1   1   1   0   1   3   2   5   1   9   1   2  38   1   4   7   0  10   7  0.33 0.12
   47 E     0   1   0   3  -2   2   3  -2  -1  -2  -2   0  -2  -3  -1   0   1  -2  -2  -2    9   7   1  17   0   8  30   2   0   1   2   4   0   1   1   2  11   0   1   1  0.32 0.10
   48 A     3   1  -1   1  -2  -1  -1  -1  -2  -2  -2   1   2  -3   0   0   1  -3  -2  -1   45  10   0   9   0   0   1   1   0   0   1   9   8   0   3   3   9   0   0   1  0.29 0.16
   49 G    -1  -2  -2  -2  -2  -2  -2   4  -3  -1   2  -2   1  -2  -2  -1   0  -3  -2   0    1   1   1   1   0   1   1  47   0   1  24   1   5   0   1   3   6   0   0   9  0.43 0.15
   50 D    -2  -1   0   5  -3   3   3  -2  -1  -3  -3  -1  -2  -3  -2   0   0  -3  -3  -3    1   1   1  45   0  16  18   1   0   1   1   1   0   1   1   3   6   0   1   1  0.64 0.19
   51 S     2   0  -1  -1  -2   1   0  -1  -2  -1  -1   1  -1  -2   0   1   1  -3  -2   0   28   4   1   2   0   5   4   1   0   2   3  15   0   1   4  10   8   0   0  11  0.15 0.08
   52 R    -1   4   2   0  -3   0   0  -1  -1  -2  -2   1  -2  -3  -1   0   0  -3  -2  -1    4  41  12   4   0   1   7   2   0   1   3   4   0   1   3   4   5   0   0   6  0.34 0.13
   53 A     4   1  -1   1  -2  -1   0  -1  -2  -2  -2   0  -2  -3  -1   1   0  -3  -2  -1   48  10   1   8   0   1   4   1   0   1   1   6   0   1   1   9   5   0   1   1  0.31 0.15
   54 K     0   1  -1  -1  -2   2   1  -2  -1  -2  -2   3  -2  -3   2   1   1  -3  -2  -2    7   8   1   1   0   9   9   1   0   1   1  23   0   1  10  16  10   0   1   1  0.28 0.11
   55 E     0   1   0   1  -3   0   3   2  -1  -1  -2  -1  -2   0  -2  -1  -1  -3  -2   0    5   8   5   6   0   0  36  16   0   3   1   1   0   5   1   1   3   0   0   8  0.25 0.14
   56 Y     0  -3  -1  -3  -2  -2  -3  -3  -2   2   1  -3   2   3  -3  -2  -1   3   3   2    7   0   3   0   0   0   0   1   0  14  11   0   6  16   0   1   0   5  15  19  0.29 0.13
   57 A     1  -1  -1  -1  -2   2   0   1  -2   0  -1   0  -1  -2  -2   1   0   3  -2   0   10   0   0   0   0  13   5  15   0   8   3   6   0   0   0  15   6   5   0  11  0.13 0.09
   58 G     0  -1   0  -2  -2  -1  -1   1  -2  -3  -3  -1  -2   0  -2   4   3  -3  -2  -2    4   3   3   0   0   0   0  10   0   0   1   0   0   7   0  45  23   0   0   0  0.42 0.22
   59 V    -1   1   2  -2  -2  -1  -2   1  -2   0   2   0   1   0  -3  -1  -1  -3  -2   0    1  13  18   0   0   0   0  12   0   2  35   3   3   3   0   0   1   0   0   9  0.12 0.06
   60 S    -2  -2  -1   5  -3  -2   0  -3  -2  -1   3  -2   1  -2  -3  -1  -2  -3  -3  -1    0   0   0  49   0   0   0   0   0   0  41   0   3   0   0   4   0   0   0   0  0.48 0.12
   61 K    -2   0  -2  -2  -4  -1  -1  -3  -2  -4  -4   4  -3  -4   6  -1  -2  -4  -3  -3    0   2   0   0   0   0   0   0   0   0   0  47   0   0  52   0   0   0   0   0  1.23 0.17
   62 S     3  -2  -1  -2  -1  -1  -1   0  -2  -2  -2  -1  -2  -3  -2   3   2  -3  -1  -1   42   0   0   0   0   0   0   1   0   0   0   0   0   0   0  41  12   0   2   1  0.46 0.12
   63 A     0  -2   5  -1  -3  -2  -2   5  -1  -4  -4  -2  -3  -4  -3  -1  -2  -4  -3  -4    4   0  44   0   0   0   0  52   0   0   0   0   0   0   0   0   0   0   0   0  0.89 0.15
   64 A    -1  -3  -1   5  -4  -2  -1  -3  -2  -2  -2  -3  -2   6  -3  -2  -2  -1   1  -2    4   0   0  42   0   0   0   0   0   0   0   0   0  52   0   0   0   0   2   0  0.76 0.16
   65 A     0  -2   1  -2  -3  -2  -2  -2  -2  -3  -3  -2  -2  -4   6   0   4  -4  -3  -2    4   0   9   0   0   0   0   0   0   0   0   0   0   0  44   0  43   0   0   0  0.97 0.15
   66 L     0  -3  -4  -4  -2  -3  -3  -4  -4   4   3  -3   1  -1  -3  -2  -1  -3  -2   2   11   0   0   0   0   0   0   0   0  46  35   0   0   0   0   0   0   0   0   8  0.43 0.10
   67 V     1  -3  -3   1  -2  -3  -2  -3  -3   3   0  -3   0  -2  -3  -2  -1  -4  -2   4   13   0   0  10   0   0   0   0   0  14   0   0   0   0   0   0   0   0   0  63  0.41 0.12
   68 D    -2  -2   0   7  -4  -1   1  -2  -2  -4  -5  -2  -4  -4  -2   1  -2  -5  -4  -4    0   0   0  88   0   0   2   0   0   0   0   0   0   0   0  10   0   0   0   0  1.27 0.19
   69 V    -1  -3   1  -3  -2  -2  -3  -3  -3   1   0  -2   0  -2  -3  -1   2  -4  -2   4    0   0  10   0   0   0   0   0   0   0   4   0   0   0   0   0  19   0   0  67  0.44 0.13
   70 L    -1  -3  -3  -4  -2  -3  -3  -4  -3   1   4  -3   2   2  -3  -2   1  -2  -1   0    5   0   0   0   0   0   0   0   0   0  72   0   6   8   0   0  10   0   0   0  0.49 0.12
   71 A     5  -2  -2  -2  -1  -2  -2   2  -2  -2  -2  -2   0  -3  -2   1  -1  -3  -3  -1   74   0   0   0   0   0   0  19   0   0   0   0   2   0   0   4   0   0   0   0  0.61 0.14
   72 W    -2  -4  -4  -5   4  -3  -4  -2  -3  -3  -1  -4   0   1  -4  -3  -3  10   3  -3    4   0   0   0  13   0   0   2   0   0   5   0   3   3   0   0   0  60  10   0  1.75 0.21
   73 G    -1  -3  -1  -2  -4  -3  -3   7  -3  -5  -5  -3  -4  -4  -3  -1  -3  -4  -4  -4    0   0   0   0   0   0   0 100   0   0   0   0   0   0   0   0   0   0   0   0  1.53 0.20
   74 S     3  -1  -1  -1  -2  -1  -1  -1  -2  -3  -3   1  -2  -3  -2   4   1  -3  -2  -2   31   0   0   0   0   0   0   0   0   0   0  10   0   0   0  51   9   0   0   0  0.46 0.12
   75 I    -1  -3  -4  -4  -2  -3  -3  -4  -4   3   3  -3   1   1  -3  -3  -1  -3  -1   2    3   0   0   0   0   0   0   0   0  30  50   0   0   4   0   0   0   0   0  14  0.47 0.10
   76 G     1  -3  -1  -2  -3  -3  -3   6  -3   0  -3  -2  -3  -3  -3  -1  -2  -3  -4  -2   13   0   0   0   0   0   0  78   0  10   0   0   0   0   0   0   0   0   0   0  0.96 0.15
   77 H    -3  -2  -1  -2  -4  -1  -1  -3   9  -4  -3  -2  -2   2  -3  -2   0  -3   1  -4    0   0   0   0   0   0   0   0  84   0   0   0   0  10   0   0   6   0   0   0  1.48 0.24
   78 I     2  -2  -3  -3  -2  -2  -2  -3  -3   4   0   0   1  -1  -3  -1  -1  -3  -2   2   26   0   0   0   0   0   0   0   0  49   1  10   2   0   0   0   0   0   0  11  0.30 0.10
   79 V    -1  -3  -4  -4  -2  -3  -3  -4  -4   4   2  -3   1   0  -3  -2  -1  -3  -2   3    4   0   0   0   0   0   0   0   0  34  17   0   3   3   0   0   0   0   0  39  0.44 0.10
   80 A     3  -2  -1  -2  -2  -1  -2   4  -2  -3  -3   1  -2  -3  -2   0  -1  -3  -3  -2   49   0   0   0   0   0   0  38   0   0   0  10   0   0   0   3   0   0   0   0  0.56 0.12
   81 Y    -1  -3  -3  -3  -3  -3  -3   2   0  -1  -1  -3  -1   4  -4  -2  -2   0   6   0    3   0   0   0   0   0   0  21   0   0   0   0   0  25   0   0   0   0  43   7  0.63 0.12
   82 Y     0  -2  -2  -2  -2  -1   0   1   0   0   0  -2  -1   3  -3  -1  -1   1   5   0   12   0   0   0   0   0  12  11   0   4   5   0   0  14   0   3   0   1  32   6  0.26 0.07
   83 I     0  -3  -4  -4  -2  -3  -3  -4  -4   5   1  -3   0   0  -3  -2  -1  -3  -2   3    9   0   0   0   0   0   0   0   0  64   5   0   0   3   0   0   0   0   0  19  0.50 0.11
   84 L    -2  -3  -4  -4  -2  -3  -4  -4  -4   2   5  -3   1   0  -4  -3  -2  -2  -2   1    0   0   0   0   0   0   0   0   0   4  89   0   0   0   0   0   0   0   0   7  0.70 0.12
   85 A     4  -2  -2  -2  -1  -2  -2   3  -2  -2  -3  -2  -2  -3  -2   0  -1  -3  -3  -1   75   0   0   0   0   0   0  25   0   0   0   0   0   0   0   0   0   0   0   0  0.61 0.11
   86 T     0  -2  -1  -2  -2   0  -1  -2  -2   0   1  -1   0  -2  -2   1   4  -3  -2   0    7   0   0   0   0   7   0   0   0   4  20   0   0   0   0   6  52   0   0   5  0.30 0.08
   87 S     1   0   1  -1   0   2   0  -1   1  -2  -2   1  -1  -3  -2   2   1  -3  -2  -2   13   4   8   0   2  15   0   2   5   1   2   9   0   0   0  29  10   0   0   0  0.22 0.05
   88 S     1  -1   3  -1  -2  -1  -1  -1  -1  -3  -3  -1  -2  -3  -2   4   1  -4  -2  -2   11   0  17   0   0   0   0   0   0   0   0   0   0   0   0  70   3   0   0   0  0.57 0.11
   89 N     0  -1   5   0  -2  -1  -1  -1  -1  -2   0   1  -1  -2  -1   1   0  -4  -2  -2    5   0  52   0   0   0   0   0   0   0  19   9   0   0   2   9   4   0   0   0  0.36 0.07
   90 G     0  -3  -1  -2  -3  -1  -2   6  -3  -4  -4  -2  -3  -4  -3   0  -2  -3  -4  -4    0   0   0   0   0   3   0  94   0   0   0   0   0   0   0   3   0   0   0   0  1.23 0.12
   91 Y    -2  -2  -3  -4  -2  -2  -3  -4   0   1   0  -1   0   3  -3  -2  -2   1   6   2    0   0   0   0   0   0   0   0   0   5   0   3   2  12   0   0   0   0  50  27  0.55 0.08
   92 D    -1  -2   2   4  -3  -1   1  -2  -1   1   0  -1  -1  -2  -2  -1  -1  -4  -3  -1    4   0  16  46   0   0   3   0   1  21   7   0   0   0   0   0   2   0   0   0  0.36 0.05
   93 P    -1  -1  -2   1  -4  -2  -1  -3  -3  -3  -4  -1  -3  -4   8  -1  -2  -4  -4  -3    0   4   0   8   0   0   0   0   0   0   0   0   0   0  87   0   0   0   0   0  1.86 0.09
   94 K    -1   0   2   0  -3   3   0   1  -1  -1  -2   2  -1  -3  -1   1   0  -3  -2  -1    0   0  13   1   0  23   0  15   0   4   0  25   0   0   1  10   3   0   0   5  0.23 0.03
   95 F    -2  -3  -3  -4  -2  -3  -3  -4  -2   1   0  -3   0   6   2  -2  -2   0   2   1    0   0   0   0   0   0   0   0   0  13   0   0   0  57  13   0   0   0   1  15  0.52 0.06
   96 F    -2  -3  -3  -3  -2  -3  -3  -3  -2   1   0  -3   0   6  -3   0  -1   0   2   0    0   0   0   0   0   0   0   0   0  17   0   0   0  69   0  15   0   0   0   0  0.54 0.06
   97 G     0  -2   1  -1  -3  -2  -2   6  -2  -4  -4  -2  -3  -3  -2   0  -2  -3  -3  -3    3   0   9   0   0   0   0  87   0   0   0   0   0   0   0   0   0   0   0   0  0.94 0.03

                      K         Lambda
Standard Ungapped    0.1358     0.3191
Standard Gapped      0.0442     0.2670
PSI Ungapped         0.1445     0.3183
PSI Gapped           0.0442     0.2670
