
Last position-specific scoring matrix computed, weighted observed percentages rounded down, information per position, and relative weight of gapless real matches to pseudocounts
            A   R   N   D   C   Q   E   G   H   I   L   K   M   F   P   S   T   W   Y   V   A   R   N   D   C   Q   E   G   H   I   L   K   M   F   P   S   T   W   Y   V
    1 M    -1  -2  -3  -4  -1  -1  -3  -3  -2   1   3  -2   4   0  -3  -2  -1  -2  -1   1    0   0   0   0   0   0   0   0   0   0  50   0  50   0   0   0   0   0   0   0  0.35 0.00
    2 N    -2   0   6   1  -3   0   0   0   1  -3  -4   0  -2  -3  -2   1   0  -4  -2  -3    0   0 100   0   0   0   0   0   0   0   0   0   0   0   0   0   0   0   0   0  0.72 0.00
    3 R    -2   6  -1  -2  -4   1   0  -3   0  -3  -2   2  -2  -3  -2  -1  -1  -3  -2  -3    0 100   0   0   0   0   0   0   0   0   0   0   0   0   0   0   0   0   0   0  0.83 0.03
    4 R    -1   5  -1  -2  -3   3   0  -3  -1  -2   0   1   0  -2  -2  -1  -1  -3  -2  -2    0  59   0   0   0  21   0   0   0   0  20   0   0   0   0   0   0   0   0   0  0.41 0.02
    5 P    -1  -2   4   0  -3  -1  -1  -2  -1  -3  -3  -1  -3  -4   6   0  -1  -4  -3  -3    0   0  41   0   0   0   0   0   0   0   0   0   0   0  59   0   0   0   0   0  1.15 0.03
    6 T     0  -2  -1  -2   7  -1  -2  -2  -2  -2  -2  -1  -1  -3  -2   2   3  -3  -2  -1    0   0   0   0  41   0   0   0   0   0   0   0   0   0   0  27  31   0   0   0  0.51 0.02
    7 A     2  -2  -2  -2  -2  -1  -1  -1  -2  -3  -3  -1  -2  -3   7   0  -1  -4  -3  -2   31   0   0   0   0   0   0   0   0   0   0   0   0   0  69   0   0   0   0   0  1.28 0.02
    8 Y    -1   2  -2  -3   7  -1  -2  -3   0  -2  -2  -1  -1   0  -3  -1  -1   0   4  -2    0  27   0   0  41   0   0   0   0   0   0   0   0   0   0   0   0   0  31   0  0.52 0.02
    9 E     0   0   0   1  -3   3   4  -2   0  -3  -3   1  -2  -3  -1   2   0  -3  -2  -3    0   0   0   0   0  22  56   0   0   0   0   0   0   0   0  22   0   0   0   0  0.53 0.03
   10 A     3  -2  -1  -2  -1  -1  -1   3  -2  -2  -3  -1  -2  -3   3   2   0  -3  -3  -1   45   0   0   0   0   0   0  24   0   0   0   0   0   0  16  16   0   0   0   0  0.45 0.04
   11 V     0  -1  -1  -2   4   1  -1  -2   4  -1  -2  -1  -1  -2  -2   1   1  -3  -1   1    0   0   0   0  15  13   0   0  24   0   0   0   0   0   0  16  16   0   0  17  0.24 0.04
   12 A     2  -1   0  -1   4   1  -1  -1  -1  -2  -2  -1  -1  -3  -1   3   2  -3  -2  -1   17   0   0   0  16  13   0   0   0   0   0   0   0   0   0  39  15   0   0   0  0.33 0.05
   13 L    -1  -2  -3  -3  -1  -2  -3  -4  -3   1   4  -2   1   0  -3  -2   1  -2  -1   2    0   0   0   0   0   0   0   0   0   0  68   0   0   0   0   0  16   0   0  16  0.36 0.05
   14 P     1  -3  -2  -2  -3  -2  -2  -2  -3  -3  -3  -2  -2  -2   6  -1   1   7  -1  -2   14   0   0   0   0   0   0   0   0   0   0   0   0   0  53   0  12  21   0   0  1.19 0.09
   15 L     0   2  -2  -2  -2  -1  -1  -2  -2   1   2   1   1  -1  -2   0  -1  -3  -2   0   12  14   0   0   0   0   0   0   0  12  36  14   0   0   0  13   0   0   0   0  0.12 0.03
   16 S     2  -2  -1  -2  -1  -1  -2   1  -1   0   0  -1  -1  -1  -2   2   0  -2   2   1   23   0   0   0   0   0   0  10   0   0  11   0   0   0   0  26   0   0  12  18  0.14 0.04
   17 Y    -2  -3  -2  -3  -3  -2  -3   0  -1  -1  -1  -3  -1   5  -3   0  -2   6   4   0    0   0   0   0   0   0   0  10   0   0   0   0   0  36   0  11   0  12  23   9  0.52 0.08
   18 T     3  -2  -1  -2  -2  -2  -2   3  -2  -2  -1  -1  -1  -3  -2   0   2  -3  -2  -1   38   0   0   0   0   0   0  27   0   0   8   0   0   0   0   0  27   0   0   0  0.35 0.08
   19 G     1  -1  -1  -1  -3  -1   0   4  -2  -3  -3   1  -3  -4   4   0  -1  -3  -3  -3   10   0   0   0   0   0   9  39   0   0   0  11   0   0  23   8   0   0   0   0  0.57 0.07
   20 P     2  -2  -2  -2  -2  -1  -1   1  -2  -3  -3  -1  -2  -4   6   2  -1  -4  -3  -2   31   0   0   0   0   0   0   8   0   0   0   0   0   0  41  19   0   0   0   0  0.80 0.10
   21 P     1  -2  -1  -2  -2  -1  -1   1  -2  -2  -3  -1  -2  -3   5   2   0  -4  -3   0   11   0   0   0   0   0   0  10   0   0   0   0   0   0  39  31   0   0   0   9  0.68 0.09
   22 L    -1  -2   0  -3   2  -2  -3  -4  -3   2   3  -1   1  -1  -3  -2  -1  -3  -2   2    0   0   7   0   7   0   0   0   0   8  49   6   0   0   0   0   0   0   0  23  0.29 0.08
   23 E    -1   2   1  -1  -3   2   3   0  -1   0  -2   0  -1   0   1  -1  -1  -3  -2   0    0  14   7   0   0  16  25   7   0   9   0   0   0   6   8   0   0   0   0   8  0.20 0.07
   24 S     1   1   2  -1  -2  -1  -1  -2   4  -1   0   0  -1  -2  -2   1   0  -3  -1   0   15   7  15   0   0   0   0   0  16   0   9   7   0   0   0  18   0   0   0  14  0.15 0.06
   25 V    -1  -1   1   1  -2   1   1  -2  -1  -1   0   0   1   1  -2   1   0  -2   1   0    0   0   7   7   0   7   8   0   0   0   8   7   9   7   0  16   6   0   7  10  0.07 0.04
   26 N     1  -2   3  -1  -2  -1   0   0  -1   0  -2  -1  -1  -3  -2   1   0  -4  -2   2   16   0  26   0   0   0   7   8   0   0   0   0   0   0   0  15   0   0   0  29  0.20 0.08
   27 Q    -1   2  -1  -2  -3   1   1  -3  -1  -3  -2   0  -2   2   5   1  -1  -2   2  -2    0  14   0   0   0  10   7   0   0   0   0   0   0  15  29  16   0   0   7   0  0.48 0.09
   28 G     0  -3  -1  -2  -2  -2  -2   4  -3   0   0  -2  -1  -2  -3   1  -1  -3  -3   0    7   0   0   0   0   0   0  49   0   8  15   0   0   0   0  15   0   0   0   6  0.40 0.09
   29 A     1   2   3  -1  -2  -1  -1  -2   2   0   0  -1  -1  -2   2  -1  -1  -3  -2  -1   16  16  25   0   0   0   0   0   7   9  14   0   0   0  12   0   0   0   0   0  0.21 0.07
   30 T     1  -2  -2  -2  -2  -2  -2  -2  -1   0   0  -2  -1   2   1   1   1   4   3  -1   14   0   0   0   0   0   0   0   0   6   9   0   0  14   6  19  10   7  16   0  0.22 0.06
   31 S     1  -1  -1  -2   2  -1  -1  -2  -2  -1   0   1  -1   0   2   2   0  -3  -1   0   20   0   0   0   6   0   0   0   0   0  14  15   0   7  11  22   0   0   0   4  0.16 0.06
   32 R    -2   6  -1  -2  -4   1  -1   1  -1  -4  -2   2  -2  -4  -3  -2  -2  -4  -3  -3    0  74   0   0   0   6   0  11   0   0   4   6   0   0   0   0   0   0   0   0  0.86 0.18
   33 N    -1   1   3   0  -3   0  -1   2   1  -3  -3   1  -2  -3   1   1   1  -3  -2  -3    0  12  20   4   0   0   0  16   5   0   0  10   0   0   6  14   9   0   0   0  0.25 0.07
   34 R    -2   4  -1   1  -3  -1  -1  -1   3  -2  -1   0  -2   1  -3  -2  -2   5   1  -2    0  35   0  10   0   0   0   6   9   0   5   4   0   8   0   0   0  10   6   3  0.33 0.12
   35 S     0  -2   0  -1  -2  -1   0   1  -2   0   0  -1  -1   0   1   2   0  -2   0  -1    3   0   5   0   0   0   8  12   0  10  14   0   0   5   8  22   6   0   4   0  0.08 0.06
   36 P     1   0   0   0  -3   0  -1  -2  -2  -1  -3  -1  -2  -4   6  -1  -2  -4  -3  -1   13   5   5   4   0   3   3   0   0   5   0   0   0   0  53   0   0   0   0   3  0.94 0.18
   37 S     0   1   0  -2  -2   0  -1  -1   0   0  -1   0  -1   0   0   2   0  -3  -1   0    9  13   5   0   0   3   0   4   3   9   3   3   0   6   3  24   3   0   0  10  0.08 0.06
   38 G    -1   1  -2  -3  -3  -2  -2   3  -3  -1   0  -1  -2  -2   3  -1  -2   6  -2  -1    3  14   0   0   0   0   0  27   0   6  10   0   0   0  15   4   0  16   0   3  0.45 0.13
   39 R     0   4  -1  -1  -3   1   0  -1   2  -3  -2   2  -2  -3   1   0   0  -3   0  -3    6  37   0   3   0   5   4   4   6   0   3  12   0   0   7   3   5   0   3   0  0.35 0.12
   40 V     0   0   0   0   2   0   0   0   0   1   0  -1   1   1  -2   0   0  -2  -1   1    6   4   4   5   5   2  10   7   3   8   7   3   5   8   0   5   3   0   0  15  0.01 0.02
   41 G     0   0   1   1  -3   0   2   3  -1  -3  -3   0  -1  -3   1   1   0  -3  -3  -3    3   4   8   9   0   2  19  25   0   0   1   3   3   0   5   9   6   0   0   0  0.28 0.08
   42 G     1   0   0   2  -2   1   1   3   0  -2  -2   0  -2  -1  -2   0   0  -3  -2  -2   12   7   4  14   0   6   7  26   2   0   2   2   0   4   0   3   6   0   0   2  0.20 0.07
   43 M    -3  -3  -3  -6  -5  -4  -4  -5  -5  -1   0  -5  10  -3  -6  -4  -4  -5  -4  -2    1   2   1   0   0   0   1   0   0   2   3   0  88   0   0   1   0   0   0   1  2.58 0.84
   44 D     0  -1   2   2  -3   1   3   2  -1  -2  -3  -1  -2  -4  -1   2   0  -4  -3  -2    6   1  11  11   0   7  20  14   1   2   2   1   0   0   1  16   6   0   0   2  0.31 0.20
   45 L    -1  -4  -3  -5  -3  -3  -4  -4  -4   3   0  -4   7   2  -4  -2   0   2  -1   2    6   0   1   0   0   0   1   0   0  16   6   0  36   8   0   1   7   3   2  11  0.73 0.39
   46 L    -4  -5  -4  -7  -5  -4  -5  -6  -4   1   3  -5   9   0  -5  -4  -2   0  -3  -1    1   0   1   0   0   0   0   0   0   5  22   0  59   3   0   1   2   1   0   3  1.76 0.75
   47 Y    -2   0  -1  -2  -4   1   2  -2   1   0  -1   1  -1   2  -3   0   0  -1   4  -1    2   4   1   1   0   8  13   2   4   5   5   9   1   9   0   7   7   0  18   2  0.23 0.21
   48 T    -1  -3   2  -2  -3   0  -1  -1  -2   1  -2  -1  -2  -2  -3   1   4   0   1  -1    4   0  12   1   0   4   3   5   1  10   3   2   1   1   1   7  37   1   5   3  0.38 0.31
   49 L     0  -4  -5  -5  -3  -3  -5  -4  -5   4   3  -4   0   3  -4  -3  -1  -3  -2   3    7   0   0   0   0   1   0   0   0  26  24   0   1  16   0   1   3   0   0  21  0.63 0.34
   50 V    -2  -5  -6  -6  -2  -5  -5  -5  -5   3   5  -5   0   2  -5  -4  -3  -4  -3   2    2   0   0   0   1   0   0   0   0  15  57   0   1   7   0   1   1   0   0  16  0.94 0.44
   51 I    -2  -3  -2  -4  -2  -2  -4  -4  -3   3   4  -2   3  -1  -3  -2   2   0  -2   1    1   0   1   0   0   2   0   1   0  19  39   2   8   1   1   2  13   1   1   6  0.50 0.31
   52 L     0  -5  -4  -5  -2  -4  -4  -2  -5   4  -1  -4  -1   0  -4  -2   1  -3  -3   5    7   0   0   0   1   0   0   3   0  29   3   0   1   3   0   2  10   0   0  42  0.73 0.40
   53 F    -1  -4  -5  -5  -2  -2  -5  -4  -5   4   3  -4   0   2  -4  -3  -2  -4  -3   3    4   0   0   0   0   2   0   1   0  32  26   0   1   7   0   1   1   0   0  24  0.68 0.35
   54 Y    -3  -3  -1  -3  -4   3  -2  -5   8  -2   0  -3  -1   4  -5  -3  -3  -2   3  -3    1   0   2   1   0  13   1   0  41   2  10   0   1  16   0   0   1   0  10   1  1.15 0.53
   55 L     0  -4  -5  -5  -2  -4  -5  -4  -5   4   2  -4   0   0  -4  -3  -1  -2  -2   4    6   0   0   0   1   0   0   1   0  28  20   0   2   3   0   1   2   0   0  36  0.71 0.36
   56 G    -2  -5  -5  -5  -2  -4  -5  -4  -5   5   3  -5   2   1  -5  -4  -2  -4  -3   2    2   0   0   0   0   0   0   1   0  40  31   0   4   5   0   0   1   0   0  14  0.82 0.38
   57 V     1  -4  -3  -1  -1  -4  -3  -4  -4   3   1  -4   0  -1  -4  -1  -1  -4  -3   4   11   0   1   4   1   0   0   1   0  21  14   0   1   2   0   5   3   0   0  37  0.50 0.31
   58 A     4  -4  -4  -4   7  -4  -3  -1  -4  -2  -4  -4  -3  -5  -4   3  -1  -5  -4   0   36   0   0   0  27   0   1   3   0   2   0   0   0   0   0  23   2   0   0   6  1.01 0.50
   59 G    -1  -5  -5  -5  -2  -4  -5  -4  -5   5   3  -4   0   1  -4  -3  -2  -4  -3   3    6   0   0   0   0   0   0   1   0  34  27   0   1   6   0   1   1   0   0  23  0.73 0.37
   60 L     2  -4  -3  -4   0  -3  -3   1  -4   1   2  -3   0   2  -4   0  -1  -2  -2   1   25   0   0   0   2   0   0  10   0   8  25   0   1   8   0   6   2   0   0  12  0.30 0.24
   61 L    -3  -5  -6  -6  -4  -4  -5  -6  -5   3   5  -5   4  -2  -6  -4  -2  -5  -4   0    1   0   0   0   0   1   0   0   0  13  68   0  10   1   0   1   2   0   0   4  1.19 0.53
   62 V    -2  -5  -4  -6  -2  -5  -6  -5  -6   7  -1  -5   0  -3  -5  -3   0  -6  -4   4    2   0   0   0   1   0   0   1   0  60   1   0   2   0   0   1   6   0   0  25  1.27 0.57
   63 Y     1  -4  -3  -4   0  -3  -4   2  -4   2   1  -3   0   1  -3  -2   0  -2  -1   2   16   0   0   0   2   0   0  19   0  16  13   0   1   6   0   2   4   0   1  18  0.31 0.24
   64 L     0  -4  -4  -5  -1  -4  -4  -4  -5   3   3  -4   1   0  -4  -1  -1  -4  -3   4    9   0   0   0   1   0   0   1   0  17  26   0   2   4   0   5   4   0   0  31  0.55 0.33
   65 V    -3  -6  -6  -6  -1  -6  -6  -6  -6   5  -1  -6  -2  -4  -6  -5  -2  -6  -4   6    1   0   0   0   1   0   0   0   0  33   3   0   0   0   0   0   2   0   0  59  1.46 0.64
   66 L    -4  -5  -6  -7  -5  -5  -6  -5  -6   0   6  -6   3  -2  -6  -4  -3  -5  -3  -1    1   0   0   0   0   0   0   1   0   2  84   0   7   1   0   1   1   0   1   2  1.53 0.69
   67 V    -2  -4  -4  -6  -3  -1  -5  -4  -3   3   4  -4   5  -1  -2  -4  -3  -2  -3   1    2   0   0   0   0   2   0   1   0  15  49   1  17   2   2   1   1   0   1   6  0.84 0.46
   68 Q    -5  -3  -1  -4  -7   9  -2  -6   0  -7  -6  -1  -5  -7  -5  -3  -5  -6  -5  -6    0   0   2   0   0  92   0   0   2   0   0   2   0   0   0   2   0   0   0   0  2.64 1.11
   69 E     0   3   0   0  -3   2   1  -2   2  -4  -3   1  -2  -3   2   2   0  -4  -3  -2    7  18   3   3   0  12   9   1   5   0   1   9   1   1   9  16   4   0   0   2  0.35 0.28
   70 P    -1  -2  -2  -2  -4  -2  -2   5  -4  -4  -5  -1  -4  -5   0   4  -1  -5  -5  -5    2   2   1   2   0   1   1  45   0   1   0   3   0   0   4  35   3   0   0   0  0.93 0.54
   71 K    -2   1  -2  -1  -5   0   3  -1  -1  -5  -4   6  -4  -5  -3  -1  -2  -5  -4  -5    2   6   1   2   0   3  19   4   1   0   1  52   0   0   1   5   1   0   0   0  0.91 0.55
   72 Q    -1  -3  -2  -2  -4   1  -2   6  -2  -4  -4  -2  -2  -5  -4   2  -1  -5  -5  -3    4   1   1   1   0   6   2  56   1   1   1   1   1   0   0  18   3   0   0   2  0.95 0.54
   73 G     2  -4  -1  -1  -4  -2  -3   6  -4  -3  -3  -3  -1  -3  -3  -1  -3  -5  -5  -3   21   0   2   3   0   1   1  57   0   1   3   1   1   1   1   4   1   0   0   1  0.99 0.54
   74 A     2  -2  -2   0  -3  -2  -2   4  -3  -1   1  -3   1  -2  -3   0  -1  -4  -4  -1   17   2   1   5   0   2   2  37   0   2  15   0   5   1   1   5   3   0   0   3  0.41 0.32
   75 G     1  -4  -2  -2  -3  -2  -3   4  -4  -1   2  -3   1   0  -1   1  -1  -4  -3  -1   13   0   1   2   0   1   0  29   0   2  26   0   4   3   3  10   2   0   0   2  0.37 0.31
   76 D     2  -2  -2  -2  -3  -2  -2   4   0  -2  -1  -3  -1   3  -2   1  -1  -3  -1  -2   21   1   1   1   0   2   1  29   2   1   4   0   2  14   1  11   3   0   1   3  0.38 0.30
   77 L     1  -3  -1  -2  -3  -2  -2   3  -3   2   0  -3   2   0  -3   0   0  -3  -1   0   11   0   2   1   0   2   2  27   0  16   8   0   6   5   0   8   4   0   2   6  0.26 0.24
   78 M     1  -3  -2  -2  -3  -1  -3   4  -3  -1  -1  -3   2   3  -2   2   0   1  -1  -1   11   0   1   1   0   2   0  30   0   2   6   0   6  14   1  15   4   2   1   3  0.36 0.30
   79 G     0  -3  -2  -2  -4  -2  -3   6  -4  -3  -3  -4   0   1  -4   1  -2  -4  -4  -3    5   1   2   1   0   1   1  60   0   2   2   0   3   7   0  10   2   0   0   1  0.97 0.51
   80 G     0   0   1   0  -2   1   0   0  -2   0   0  -1   1   0   1   0   0  -3  -2   0    7   7   7   7   0   7   7   7   0   7   7   0   6   6   7   7   7   0   0   7  0.05 0.08
   81 S     3  -4  -1  -3  -5  -1  -3   4  -5  -4  -5  -4  -1  -4  -2   4  -2  -6  -5  -3   21   0   3   1   0   2   1  31   0   1   1   0   2   1   2  31   2   0   0   2  0.82 0.59
   82 A     0  -3   1   1  -5   3   2   4  -3  -4  -5  -3  -2  -4  -3   1  -2  -5  -5  -4    6   0   8   8   0  14  15  30   0   1   1   0   1   1   1  11   2   0   0   1  0.60 0.46
   83 D     0  -3   1   0  -4   2  -2   3  -1  -4  -4  -3  -2  -4  -3   2   4  -5  -3  -3    7   1   5   4   0   8   2  20   1   1   1   1   1   1   1  18  26   0   0   2  0.54 0.45
   84 L     0  -3  -3  -3  -3  -3  -4   0  -4   1   2  -3   2   2  -3  -1  -1  -3   2   2    9   1   1   1   0   1   0   8   0   6  23   1   6  10   1   5   3   0   6  18  0.29 0.27
   85 F    -2  -4  -3  -5  -5  -3  -4  -1  -3  -3  -1  -5   4   7  -5  -3  -3   5   1  -2    3   1   1   1   0   1   1   6   1   1   6   1  11  49   1   2   2   7   4   3  1.22 0.66
   86 S    -2  -3  -2  -4  -6  -3  -5   6  -3  -5  -5   0  -1  -2  -4   1   0  -6  -6  -5    3   1   1   1   0   1   0  60   1   1   1   6   2   2   1  13   7   0   0   1  1.18 0.68
   87 A     3  -1  -2  -3  -4  -1  -3   3  -4  -3  -4   0  -2  -3  -1   3   1  -5  -5  -1   26   2   1   1   0   2   1  21   0   1   1   5   1   1   3  23   7   0   0   4  0.52 0.43
   88 R    -1   6  -2  -3  -5   1  -1  -1  -1  -4  -3   2  -2  -3  -1   0   0  -6  -3  -3    4  47   2   1   0   5   3   5   1   1   2   9   1   1   3   7   7   0   1   1  0.80 0.53
   89 G    -2  -3  -2  -3  -5  -2  -3   6  -2  -4  -5  -3  -3  -4  -1   2   0  -6  -5  -3    2   2   1   1   0   1   1  59   1   1   1   1   1   1   3  16   5   0   0   2  1.14 0.64
   90 V     3  -2  -2  -4  -3  -2  -3  -1  -4  -1   0  -2   2   0   2   2   2  -2  -1  -1   25   1   1   0   0   1   1   5   0   3   8   2   7   5   8  14  12   1   2   3  0.27 0.30
   91 T     2  -2  -1   2  -4  -1   3   2  -2  -3  -3  -2  -1  -3  -2   0   0  -1  -3  -2   21   1   3  12   0   2  19  17   1   1   2   1   2   1   2   7   7   1   1   3  0.33 0.31
   92 G     0  -2   4   0  -4  -2  -1   2  -2  -3  -2  -1  -2  -5   0   1   2  -5  -4  -3    8   1  25   5   0   1   3  17   1   1   3   4   1   0   4  12  11   0   0   2  0.42 0.36
   93 G     0  -3  -3  -6  -4  -3  -5  -2  -2   1   1  -1   1   6  -3  -3  -2  -1  -1   2    9   1   1   0   0   1   0   4   1   7  13   5   3  37   1   1   1   1   1  13  0.66 0.45
   94 L    -4  -6  -7  -7  -5  -6  -6  -4  -6   0   6  -4   4   1  -3  -6  -5  -5  -4  -1    1   0   0   0   0   0   0   2   0   5  71   1  10   5   1   0   0   0   0   3  1.41 0.74
   95 Y     0  -2   0  -2  -4   0   0   1   1  -1  -3  -1  -1  -1  -4   2   4  -4  -1   1    8   1   5   1   0   4   5   9   4   3   1   3   1   2   0  15  25   0   2  10  0.28 0.31
   96 R    -4   5  -2  -5  -3  -2  -3  -6  -2  -4  -3   6  -3  -4  -6  -3  -3  -7  -3  -5    1  33   1   0   1   1   1   0   1   1   2  52   1   1   0   1   2   0   1   1  1.51 0.84
   97 L     2  -4  -4  -5  -2  -4  -4  -2  -4   2   2  -4   2   1  -4  -1   2   1  -2   2   19   0   0   0   1   0   0   2   0  14  20   0   6   7   0   4  12   2   1  12  0.39 0.31
   98 T    -3  -6  -5  -6  -6  -6  -6  -6  -7  -2  -6  -6  -6  -7  -2  -1   8  -8  -7  -5    2   0   0   0   0   0   0   0   0   2   0   0   0   0   2   3  91   0   0   0  2.50 1.13
   99 V     3  -1  -4  -4  -2  -2  -3  -1  -4   1  -3   1   0  -2  -4  -1   3   5  -1   1   26   3   0   0   1   1   1   5   0   8   1   8   2   1   0   3  20   9   2   8  0.46 0.38
  100 I     0  -5  -4  -6  -2  -5  -5   0  -5   5  -1  -5   0   1  -5  -3  -1   6   0   4    6   0   1   0   1   0   0   7   0  30   4   0   1   5   0   1   3  10   3  27  0.78 0.46
  101 L     0  -5  -6  -6   2  -5  -6  -4  -6   1   5  -5   1   2  -6  -2  -2  -5  -4   1    9   0   0   0   5   0   0   1   0   5  55   0   3   7   0   2   2   0   0   9  0.84 0.47
  102 G     6  -5  -5  -5  -2  -5  -5   2  -6  -3  -4  -5  -2  -3  -5   0  -2  -6  -6  -1   71   0   0   0   1   0   0  14   0   1   1   0   1   1   0   4   2   0   0   4  1.36 0.70
  103 V     2  -5  -4  -5  -1  -4  -5   0  -5   4  -1  -4  -1  -1  -4  -2   2  -5  -4   3   19   0   0   0   1   0   0   9   0  26   3   0   1   3   1   2  12   0   0  24  0.59 0.39
  104 V     1  -5  -5  -5   1  -4  -5   0  -5   3   3  -4   0  -1  -5  -2  -1  -4  -4   2   15   0   0   0   3   0   0   6   0  18  30   0   2   2   0   2   4   0   0  17  0.50 0.32
  105 F    -7  -7  -8  -8  -7  -8  -8  -8  -6  -2  -2  -8  -2   9  -8  -7  -7   1   0  -4    0   0   0   0   0   0   0   0   0   2   3   0   1  90   0   0   0   2   1   1  2.95 1.00
  106 A    -2  -6  -6  -6  -3  -5  -6  -4  -5   2   1  -6   6   6  -6  -4  -3  -4  -1   0    3   0   0   0   0   0   0   1   0  13  11   0  21  41   0   0   1   0   1   7  1.22 0.55
  107 A     1  -5  -5  -5   1  -4  -5  -2  -5   4   2  -4   0  -1  -5  -2  -2  -5  -3   4   14   0   0   0   3   0   0   4   0  21  18   0   1   2   0   1   2   0   0  33  0.63 0.36
  108 L    -2  -4   0  -4   0  -4  -4  -3  -5   1   3  -4   0  -1  -4   0   5  -5  -4  -1    1   0   5   0   2   0   0   1   0   9  26   0   2   2   0   5  45   0   0   3  0.76 0.46
  109 A     2  -4  -2  -4   3  -4  -4  -3  -5  -4  -4  -4  -3  -6  -4   6   2  -6  -5  -3   17   0   1   0   6   0   0   1   0   1   1   0   1   0   0  59  12   0   0   1  1.16 0.61
  110 L    -3  -5  -6  -6  -4  -5  -5  -5  -5   5   4  -5   2   2  -5  -4  -3  -2  -2   1    2   0   0   0   0   0   0   0   0  30  46   0   4   9   0   0   1   0   0   6  0.98 0.45
  111 V     2  -3  -3  -4  -2  -3  -3   1  -4   1   1  -3   0   0  -3   1   2  -1  -2   2   19   0   0   0   0   0   0  13   0   9  12   0   1   3   0  11  12   1   1  16  0.25 0.23
  112 I    -4  -5  -5  -6  -2  -4  -6  -6  -4   1   6  -5   2  -1  -6  -4  -3  -5  -2   0    1   0   0   0   1   1   0   0   0   7  79   0   4   1   0   1   1   0   1   3  1.33 0.58
  113 G     4  -3   2  -3  -2  -2  -3   1  -4  -3  -3  -3  -2  -4  -4   1   3  -3  -3   0   40   0  10   0   0   1   0  12   0   1   1   0   1   0   0  11  18   0   0   5  0.59 0.39
  114 L    -2  -3  -1  -5  -3  -4  -4  -5  -1   3   1  -2   0   2  -5  -3  -2   2   6   2    3   1   3   0   0   0   0   0   1  18  12   2   2   8   0   1   2   3  28  14  0.65 0.37
  115 W    -3  -5  -5  -6  -4  -4  -5  -5  -3   3   4  -5   4   3  -5  -4  -3   1   0   2    1   0   0   0   0   0   0   0   0  18  39   0  10  14   0   1   1   2   3  11  0.80 0.39
  116 P     4  -3   1  -3  -3   0  -3  -2  -1  -3  -3  -3  -2  -4  -1   4   1  -5  -3  -2   35   0   6   0   0   5   0   2   1   1   2   0   0   0   2  32   9   0   1   3  0.60 0.40
  117 R    -4   5  -3  -4  -6   2  -2  -4  -3  -5  -5   6  -4  -6  -4  -3  -3  -5  -4  -5    0  33   0   0   0   9   0   0   0   0   0  58   0   0   0   0   0   0   0   0  1.47 0.53

                      K         Lambda
Standard Ungapped    0.1420     0.3223
Standard Gapped      0.0516     0.2670
PSI Ungapped         0.1685     0.3180
PSI Gapped           0.0516     0.2670
