
Last position-specific scoring matrix computed, weighted observed percentages rounded down, information per position, and relative weight of gapless real matches to pseudocounts
            A   R   N   D   C   Q   E   G   H   I   L   K   M   F   P   S   T   W   Y   V   A   R   N   D   C   Q   E   G   H   I   L   K   M   F   P   S   T   W   Y   V
    1 M    -7  -7  -8  -9  -7  -6  -8  -9  -7   0  -4  -7  11  -6  -8  -7  -6  -7  -7  -5    0   0   0   0   0   0   0   0   0   4   0   0  96   0   0   0   0   0   0   0  3.96 1.36
    2 L    -4  -4   0  -5  -5  -4  -5  -6  -3   2   3  -3   7   2  -3  -1   2  -2  -3  -2    0   1   5   0   0   1   0   0   1  10  28   2  26   7   1   5  12   1   1   1  0.84 0.49
    3 R     0   1   3   2  -3   2   0  -3   1  -3  -3   2  -3  -1  -3   1   1  -5  -1  -3    6   8  16  10   0   9   5   1   3   1   2  11   0   2   1  13   9   0   2   1  0.32 0.26
    4 F    -1   0  -2  -2  -2  -1   0  -4  -1   0   0   0   3   3  -2   0   1   2   3  -1    5   4   1   2   1   2   5   0   1   4  10   8   9  15   2   7   9   3  10   2  0.20 0.20
    5 L    -4  -3  -4  -5  -4  -5  -6  -7  -3   3   5  -5   7   2  -6  -3  -2  -1  -3  -2    1   1   1   1   0   0   0   0   1  12  44   0  24   7   0   2   2   1   1   2  1.14 0.58
    6 N     0   1   3   0  -3   0  -1  -2   0  -1  -1   2  -1  -1  -2   1   1  -1   0  -1    8   6  17   4   0   4   1   2   2   3   5  14   2   2   1  10   9   1   3   6  0.18 0.19
    7 Q    -1   2   1  -1  -2   3   0  -3   1  -2  -1   1  -2  -2   0   2   0  -1   1  -3    4  13   7   3   1  14   4   2   3   2   5   8   1   1   4  16   4   1   5   1  0.25 0.25
    8 C    -3  -3  -2  -5   2  -4  -5  -5  -4   2   4  -4   3   3  -3  -2  -2   4   0  -2    2   2   2   1   4   0   0   0   0   9  43   1   7  12   1   3   2   6   3   2  0.74 0.44
    9 S     2   0   0  -2  -2   0  -3  -2  -2  -2   0  -1  -2   0   3   3   0  -4  -2  -2   18   6   3   2   1   5   0   3   1   2   9   3   0   5  12  21   6   0   1   1  0.26 0.27
   10 Q    -1   3   1  -1   0   1  -1  -2   0  -2  -1   0  -2  -2  -1   2   1  -2  -1  -3    4  18   7   3   2   7   3   3   3   2   5   6   1   1   4  19   9   0   2   1  0.23 0.24
   11 G     0   2   1  -2  -3   0   0   0   0  -3  -2   0  -3  -2   3   2   1  -3   1  -3    5  10   6   1   0   4   6   8   2   1   4   4   0   1  12  19   9   0   5   1  0.24 0.24
   12 R    -3   8  -2  -4  -6  -1  -4  -6  -2  -6  -5   2  -5  -6  -5  -3  -4  -2  -5  -6    2  72   2   1   0   3   1   1   1   0   1  11   0   0   1   1   1   1   0   0  1.96 0.93
   13 G    -1   1   0  -3  -3   1  -2  -1   0   0   1   0  -1   1  -1   1   1   4   0  -1    5   7   4   0   0   8   1   5   3   6  14   4   1   7   3  10   8   6   3   4  0.10 0.15
   14 A     1  -3  -3  -4  -1  -1  -4  -2  -3   2   3  -4  -1   2   0  -1  -1   4   0   1   13   1   1   0   1   2   0   4   0  11  29   0   1   8   5   4   4   6   3   7  0.31 0.26
   15 W    -1  -3   2  -5  -1  -2  -4  -4  -1  -1   2  -5  -1   5  -2  -2  -3   8   2  -3    6   1  10   0   1   2   1   1   1   3  19   0   1  20   3   2   1  19   6   1  0.83 0.48
   16 L     1  -4  -5  -6  -2  -4  -5  -1  -4   2   4  -4   0   4  -4  -2  -2   2   0   1   12   1   0   0   1   0   0   5   0  10  36   0   1  15   1   4   1   3   2   7  0.52 0.36
   17 L     1  -5  -4  -6  -2  -5  -5  -1  -5   2   4  -5   1   2  -2  -3  -1  -2  -3   0   12   0   0   0   1   0   0   4   0  11  47   0   3   7   2   2   3   1   1   6  0.64 0.42
   18 M     2  -5  -3  -5  -1  -4  -4   1  -5   3   3  -4   3  -1  -5  -2  -2  -3  -3   1   21   0   1   0   1   0   0  10   0  14  27   0   7   2   0   2   2   0   0  11  0.48 0.36
   19 A     3  -5  -5  -5   1  -5  -5   1  -5   0   1  -5  -1   5  -4  -1   0   2  -2   0   23   0   0   0   3   0   0   9   0   6  14   0   1  24   1   4   7   3   0   5  0.53 0.39
   20 F     1  -5  -6  -6  -2  -5  -5  -1  -6   3   4  -5   1   2  -6  -2  -2  -3  -3   2   11   0   0   0   1   0   0   5   0  18  38   0   2   8   0   2   2   0   0  11  0.67 0.42
   21 T     3  -5  -4  -5   2  -3  -4   1  -4   2   0  -4  -1   0  -4   0   1  -3  -2   2   23   0   0   0   4   0   0  13   0  15   8   0   1   5   0   7   8   0   1  13  0.35 0.31
   22 A     3  -6  -4  -5   7  -4  -5   1  -5  -1  -3  -5   0  -4  -1   3  -1  -4  -4  -1   20   0   0   0  24   0   0  10   0   4   2   0   3   1   3  23   3   0   0   5  0.90 0.55
   23 L     3  -5  -4  -5   0  -4  -5  -1  -4   2   3  -5  -1   2  -4  -1  -1  -2  -2   2   24   0   0   0   2   0   0   4   0  10  25   0   1  10   0   4   4   0   0  14  0.46 0.35
   24 A     3  -5  -4  -5  -1  -4  -4   2  -5   1   1  -4  -1   2  -4   0  -1  -3  -3   0   30   0   0   0   1   0   0  16   0   7  16   0   1  10   0   6   3   0   0   7  0.46 0.37
   25 L     2  -5  -5  -6  -2  -4  -5  -3  -5   1   4  -5   4   0  -4  -1   0  -3  -4   2   18   0   0   0   1   0   0   2   0   8  37   0   9   4   0   4   6   0   0  12  0.63 0.42
   26 E    -3  -5  -4  -5  -3  -4   1  -5  -5   3   4  -5   3  -1  -5  -2  -1  -3  -3   2    2   0   1   0   0   0   9   0   0  17  38   0   8   2   0   2   4   0   1  14  0.70 0.43
   27 L     3  -5  -4  -5   1  -5  -5   4  -5   0   1  -4  -1   0  -5  -1  -3   1  -3   0   24   0   0   0   3   0   0  32   0   6  15   0   2   4   0   4   1   2   1   6  0.61 0.41
   28 T     2  -5  -4  -5   0  -4  -4   3  -4   1  -1  -4  -1   3  -5   0   1  -3   1   1   18   0   0   0   2   0   0  24   0   8   4   0   2  11   0   7   7   0   4  11  0.43 0.33
   29 A     6  -5  -4  -6  -5  -1  -5  -1  -4  -4  -5  -5  -4  -5  -5   2  -3  -7  -4  -1   66   0   0   0   0   2   0   5   0   1   1   0   0   0   0  16   1   0   1   5  1.37 0.76
   30 L    -3  -5  -6  -7  -4  -5  -6  -6   1   0   5  -6   0   4  -7  -5  -4   4   4  -1    2   0   0   0   0   0   0   1   4   4  46   0   2  18   0   1   1   5  12   4  1.09 0.58
   31 W    -1  -5  -4  -6  -1  -3  -6  -1  -1   1  -2  -5  -3   4  -7  -3  -3   3   8   0    5   0   1   0   1   1   0   6   1   7   4   0   0  14   0   2   1   3  44   6  1.25 0.65
   32 F    -1  -6  -5  -5  -5  -4  -5  -5  -4   0   3  -6   4   6  -6  -1  -2  -1   1  -1    5   0   0   1   0   1   0   1   0   4  30   0  11  30   0   6   3   1   4   4  0.94 0.52
   33 Q    -5  -5  -5  -1  -8   8   5  -4  -5  -5  -7  -4  -3  -5  -6  -1  -3  -7  -7  -6    1   0   0   3   0  56  29   2   0   1   0   0   1   1   0   5   1   0   0   0  1.89 0.98
   34 H    -4   0   0  -4  -5  -1   2  -5   7  -2  -2  -3  -3   2  -4  -4  -2   0   6  -3    2   4   5   1   0   2  11   1  22   3   5   2   0   7   1   1   2   1  28   2  1.00 0.56
   35 V     0  -2  -3  -4  -3  -1  -3   1  -1   3   0  -3   0   2  -4  -2  -2   2   1   3    8   3   1   1   0   2   1  11   2  16   6   1   2   8   0   2   2   3   5  25  0.32 0.25
   36 M    -1  -2  -2  -2  -4  -1  -1   2  -2  -1   3  -1   4   3  -2  -3  -3   0  -1   0    4   2   1   2   0   2   5  14   1   2  28   3  11  11   2   1   1   1   2   6  0.31 0.24
   37 L    -2  -3   1   1  -5  -2  -1   6   2  -5  -3  -1  -2  -2  -4  -2  -3  -2   0  -4    2   1   6   7   0   2   5  51   6   1   4   4   1   2   1   3   1   0   4   1  0.83 0.44
   38 L    -4  -3  -4  -3  -3  -2  -2  -5  -2   0   5  -4   4   1  -4  -3  -3   1   4  -2    1   1   1   2   1   2   3   1   1   3  49   1   9   5   1   2   1   2  14   2  0.82 0.45
   39 K     1   0  -1   1  -3   1   2  -2   0   0  -1   0   0  -2   1   0  -1  -1  -1   0   14   5   2   6   0   7  18   1   2   6   6   5   2   1   5   5   4   1   3   7  0.11 0.14
   40 P    -2  -5  -4  -6  -6  -5  -5  -5  -4  -6  -5  -5  -4  -5   9  -3  -2  -7  -6  -3    4   1   1   0   0   0   0   1   1   0   1   0   1   1  81   2   2   0   0   2  2.51 1.02
   41 C    -5  -7  -6  -7  12  -6  -7  -6  -7  -6  -6  -6  -6  -6  -6  -5  -3  -6  -6  -5    1   0   0   0  90   0   0   1   0   0   1   0   0   0   0   1   2   0   0   0  3.89 1.26
   42 V     0  -1   1  -1  -4  -1   2  -3  -1  -1  -2   0  -1  -2   5  -1  -1  -2  -2   1    8   2   7   3   0   3  12   2   2   3   3   6   1   2  28   5   3   0   2   9  0.42 0.29
   43 L    -3  -4  -4  -6  -5  -2  -4  -6  -3  -1   6  -3   5  -2  -5  -4  -4   3  -3  -2    2   1   1   0   0   2   1   0   1   1  67   1  13   1   0   1   1   3   1   2  1.25 0.62
   44 C    -5  -3  -7  -7  12  -7  -7  -7  -7  -6  -6  -7  -6  -6  -7  -5  -5   2  -2  -3    0   2   0   0  88   0   0   0   0   0   1   0   0   0   0   0   0   2   2   2  3.79 1.27
   45 I    -3  -4  -4  -5  -4  -1  -4  -4  -1   4   3  -4   2   0  -5  -3  -2   4   1   2    1   1   1   0   0   3   1   2   1  28  25   1   4   3   0   1   2   6   5  15  0.62 0.36
   46 Y    -2  -2  -3  -3  -4  -1  -1  -4   0   1   1  -2   2   1  -3  -1  -1   6   4   1    3   1   1   1   0   2   4   1   2   7  16   2   5   6   1   4   3   9  17  11  0.39 0.27
   47 E    -3  -4  -3  -3  -6   8   1  -4  -2  -1  -6  -3  -2  -6  -5  -3  -3  -6  -5  -3    3   0   1   1   0  72   9   1   1   4   1   0   1   0   0   1   2   0   0   2  1.92 0.92
   48 R    -5   9  -5  -6  -7  -1  -4  -6  -5  -7  -6  -1  -5  -6  -6  -3  -3  -6  -6  -6    0  88   0   0   0   2   0   0   0   0   1   2   0   0   0   2   2   0   0   0  2.55 1.03
   49 C    -1  -3  -3  -2  -1  -2  -2  -2  -1   2   2  -3   0   2  -3  -3  -1   5   4   1    5   1   1   2   2   1   3   4   1  15  17   1   2   9   1   1   3   8  14  10  0.36 0.25
   50 A     3  -4  -4  -3   3  -2  -3  -1  -4  -1   0  -4  -1   2   4  -1  -2   2  -1  -1   24   0   0   1   6   1   1   4   0   4   9   0   2  11  22   4   1   3   1   4  0.46 0.39
   51 L    -2  -4  -3  -3  -1  -2  -4  -4   4   0   2  -4   3   3  -3  -3  -2   2   5   1    2   0   1   1   1   2   0   1  12   4  16   0   9  13   1   1   2   3  18  11  0.57 0.42
   52 F     1  -2  -4  -4   0  -2  -3  -2  -3   2   1  -3   2   3  -4  -2  -2   3   4   1   12   2   0   0   2   2   1   3   0  11  15   1   5  12   0   2   2   4  17   7  0.33 0.29
   53 G     2  -3  -2  -2   1  -3  -2   2  -3   1   1  -3   0   0   1  -1  -1   0  -1   1   20   0   1   1   3   0   1  14   0   8  18   0   2   5   6   3   3   1   2  10  0.17 0.22
   54 V     2  -3  -2  -2   0  -2  -2  -1  -2   3   1  -3   2   1  -2  -2   0   0  -1   2   17   0   1   3   2   2   1   4   1  17  16   0   5   7   1   2   4   1   2  13  0.18 0.21
   55 L     2  -2  -3  -4   1  -3  -3   2  -4   2   1  -3   1   0  -2  -1   0   0  -1   1   17   2   0   0   3   0   0  18   0  15  13   0   4   5   2   4   4   1   1   9  0.23 0.23
   56 G     1  -4  -4  -4  -1  -3  -3  -1  -2   2   2  -3   0   2   1  -2  -1  -1  -1   2   11   0   0   0   1   1   1   6   1  12  26   1   2   8   6   1   2   1   2  17  0.26 0.25
   57 A     1  -4  -2  -4   0  -3  -3   0  -4   3   2  -4   0   1  -3  -2  -1   0  -2   2   13   0   2   0   2   0   1   7   0  18  21   0   1   7   1   3   3   1   0  16  0.28 0.27
   58 A     3  -4  -1  -4   4  -3  -4   2  -4  -2   0  -3  -1   2  -3   1  -1  -1  -1  -2   28   0   3   0  10   0   0  16   0   2  10   0   1  11   1  10   3   1   2   2  0.38 0.35
   59 L     0  -4  -5  -5  -1  -4  -4   0  -4   1   4  -4   1   2  -3  -2  -2  -1  -2   1    9   0   0   0   1   0   1   8   0   7  47   0   2   7   1   2   2   1   1   8  0.50 0.39
   60 I     0  -5  -5  -5  -1  -8  -9  -2  -9   4   3  -9   2   0  -4  -2  -3  -1  -3   3    9   1   1   1   1   0   0   4   0  22  27   0   4   4   1   3   2   1   1  16  0.80 0.48
   61 G     5  -5  -1  -5  -1  -4  -5   3  -2  -2  -3  -5  -1  -2  -4  -1  -1   0  -2  -2   41   1   3   1   2   1   1  22   1   2   3   1   2   2   1   5   4   1   2   3  0.83 0.59
   62 A     3  -4  -3  -5   0  -3  -5  -3  -3   1   3  -5   2   3  -5  -2  -2   4   0   0   20   1   2   1   2   1   1   2   1   6  25   1   5   9   1   3   3   5   4   6  0.55 0.39
   63 I     0  -2  -4  -5  -1  -4  -5  -4  -2   3   3  -3   0   4  -4  -3  -3   1  -1   2    9   3   1   1   2   1   1   2   1  15  24   2   2  14   1   3   2   2   2  12  0.55 0.35
   64 A     1   0  -1  -4  -1  -2  -3   0   5  -1   1  -1   0   2  -2  -1   0   1  -1  -1   10   6   3   1   2   2   1   6  12   4  14   4   2   9   2   5   5   2   2   4  0.22 0.19
   65 P    -1   1   1  -2  -2  -2  -3   1  -1  -1  -2   1  -2  -2   5  -1  -3   1  -2  -3    6   8   7   2   1   2   2  10   2   4   4   8   1   2  28   5   2   2   2   2  0.52 0.43
   66 K    -1   3   1   0  -2   1  -3   1   0  -2  -4   2  -2  -2   3   1  -2   0  -2  -4    5  15   7   5   1   5   2  11   2   3   2  11   1   2  12   9   3   1   2   1  0.31 0.30
   67 T     0   5   2  -4  -3  -1  -4  -1  -2  -3  -2   1  -2   0   1   0   0   2   0  -2    7  23   8   1   1   3   1   6   1   2   5   9   1   5   6   6   6   2   3   3  0.35 0.31
   68 P     0   1  -1  -1  -2  -1  -2   1   0   0   0   1   0   0   1  -1   0   4  -1  -1    8   9   2   3   1   2   2   9   2   7   8   8   2   4   7   6   6   6   2   5  0.11 0.11
   69 L     0  -1  -1  -2   1  -1  -2   2   0   0   1  -1   1   0  -1  -1  -1   4   0   0    7   3   3   3   3   3   3  15   3   6  14   3   4   4   3   4   4   5   3   7  0.10 0.11
   70 R     0   3  -1  -2   1   0  -2  -1   2   1  -1   1   0  -1   0  -1  -1   3   0  -1    8  15   3   3   2   4   3   4   5   7   7   7   3   3   5   4   4   4   3   5  0.12 0.14
   71 Y    -1   4  -3  -3   0  -1  -4  -1   0   1   0   1   1   0  -2  -2  -1   4   2  -1    5  22   2   2   2   3   1   5   2   7   9   8   3   4   2   3   4   5   6   4  0.33 0.29
   72 V     0  -1  -3  -3   0  -3  -3  -1  -1   3   2  -2   0   1  -2  -2   0   2   1   1    9   4   2   1   2   1   2   4   1  13  19   2   2   6   3   3   5   3   5  11  0.22 0.17
   73 A     2  -4  -3  -8  -1  -3  -7   1  -1   0   2  -4   0   2  -4  -2  -2   2   5   0   14   1   2   0   2   1   0  11   2   5  16   1   2   8   1   3   3   3  16   6  0.49 0.36
   74 M    -1   0   0   0   2   0  -1  -1   2   0  -1   0   2   0   0  -1   0   4   1  -1    5   5   5   5   5   5   5   5   5   5   5   5   5   5   5   5   5   5   5   5  0.03 0.09
   75 V    -1   0   0   0   2   0  -1  -1   2   0  -1   0   2   0   0  -1   0   4   1  -1    5   5   5   5   5   5   5   5   5   5   5   5   5   5   5   5   5   5   5   5  0.03 0.09
   76 I     0  -3  -3  -8   1  -3  -4   0  -7   1   5  -4   0   1  -3  -3  -2   0  -1   0    9   2   2   0   3   1   2   6   0   8  40   2   2   5   2   2   3   2   2   6  0.58 0.39
   77 W     0  -2  -1  -5   2  -1  -2   0   0   1   0  -1   1   0  -1   0   0   5   0   1    9   3   4   0   4   3   3   7   3   9  10   4   3   4   3   6   5   7   3  10  0.13 0.13
   78 L     1  -2  -1  -2   1  -1  -2   0   0   1   1  -2   1   1  -1  -1   0   2   1   1   12   3   3   3   3   2   3   7   2   7  13   3   4   6   3   4   5   3   4   9  0.06 0.08
   79 Y     1  -5  -2  -5   1  -4  -5  -1  -5   2   3  -4   1   1  -1  -2   0   2   1   1   12   0   3   0   3   0   0   5   0  10  29   0   4   6   3   4   5   2   4   9  0.36 0.28
   80 S     1   0  -1  -1   1  -1  -2   0  -2   0   0  -2   1   0  -1   0   1   2   0   0   13   6   3   3   4   3   0   8   0   5  10   0   4   5   3   7  10   3   3   6  0.03 0.11
   81 A     3  -1  -1  -3   1  -1  -1   0  -3   0  -1  -2   1   1  -1   1   0   2   0  -1   29   4   3   0   3   3   3   6   0   5   5   0   5   6   3  10   4   3   3   4  0.14 0.25
   82 F     0  -4  -2  -3   2  -1  -3   1  -4   2   2  -3   0   1  -3  -1  -1   1   0   1   10   0   1   1   4   4   1  10   0  11  25   0   2   7   1   4   3   2   3  10  0.19 0.22
   83 R     1  -2  -2  -2   0  -2  -2   2  -1   2  -1  -2   0   1   0  -1  -1   5   0   0   13   2   2   2   2   2   2  15   2  12   5   2   2   7   5   4   4   7   3   7  0.14 0.18
   84 G     0  -2  -1  -1   0  -2  -3   6  -5  -2  -3  -2  -1  -2  -5   0  -2   1  -2  -2    7   2   3   3   2   2   2  51   0   2   2   2   2   2   0   7   3   2   2   3  0.79 0.53
   85 V     2  -2  -2  -2   1  -3  -4   1  -4   1   2  -4   1   1  -4   0   0   2   0   0   17   2   2   2   3   0   0  12   0   9  18   0   3   7   0   6   5   3   2   7  0.20 0.22
   86 Q     1  -1  -2  -2  -1  -1  -2   2  -1   1   0  -2   1   1  -3  -1  -1   2   2   1   14   3   1   2   1   3   2  16   2  10  10   2   4   5   1   4   3   3   7   8  0.14 0.17
   87 L     0  -3  -2  -3  -1  -2  -3  -2   1   3   3  -3   0   0  -6  -2  -1   0  -1   2    8   1   2   1   1   2   2   3   4  17  26   1   2   4   0   3   4   1   2  14  0.38 0.30
   88 T     5  -2  -2  -6  -1  -3  -4   1  -2  -3  -2  -4  -2  -3  -3   2  -1   1   0  -3   45   3   2   0   1   1   1   9   1   1   4   1   1   1   1  14   4   2   3   2  0.76 0.59
   89 Y     2  -3  -3  -4  -2  -2  -4   2   1   1   0  -3  -1   2  -3   0  -1   5   2   1   15   2   1   1   1   2   1  14   3   9   9   1   1   7   1   8   3   7   6   9  0.26 0.25
   90 E    -2   3  -3  -2  -7   0   1  -4   5  -2  -2  -1  -2   1  -6  -3  -3   4   5   0    4  17   1   2   0   4  10   1  11   3   3   4   1   5   0   2   1   6  17   6  0.63 0.48
   91 H     0   0   0   0  -3   1   0   0   2   0  -1   0   1   1  -3   0   0   3   1   0    6   6   5   6   0   5   6   6   5   6   6   6   5   5   0   6   6   5   5   6  0.06 0.10
   92 T     0   0   0  -1   0   0  -1   1   2   0   0  -1   0  -1  -3  -1   0   3   0   0    5   4   5   3   2   5   3  13   6   4  11   3   3   3   0   4   7   4   4   9  0.04 0.11
   93 M    -1  -1  -1   0  -1  -1   1   1   2  -1  -1   0   1   0  -2  -1  -1   5   2   0    4   3   2   6   2   3  10  11   4   4   7   6   3   4   2   3   2   8   7   8  0.14 0.16
   94 L    -1  -1  -2  -1  -4  -1   0  -2   1   2   2  -2   1  -1  -2  -2  -1   5   1   2    5   3   2   3   0   3   7   3   3  11  20   2   3   3   2   3   3   7   4  13  0.22 0.21
   95 Q    -2  -2  -1  -2  -6   5   1  -2   3  -1  -2  -1   0  -1  -2  -2  -1   5   2   0    4   2   2   2   0  28   8   3   6   4   4   3   2   3   2   3   3   6   6   7  0.52 0.45
   96 L     1  -1  -1  -1  -1   0   1  -1   2  -1   0  -1   0   2  -2  -1  -1   6   0  -2   13   3   3   3   1   3   9   6   4   4  10   5   3   7   2   6   3   8   3   2  0.19 0.17
   97 Y     0  -2   2  -1  -2  -1  -2   2   3  -2   1  -1  -1   0  -2  -1  -1   6   0  -2    9   2   9   4   1   3   2  13   7   3  11   4   2   4   2   4   4   8   3   3  0.25 0.21
   98 P    -1  -3  -2  -2  -2  -2  -3  -2  -2  -1  -3  -2  -1   1   6  -2  -2   6  -3  -3    7   2   2   3   1   2   2   4   1   3   3   3   1   6  38   4   3   9   1   2  0.95 0.67
   99 S     1  -4   0   1  -2  -1   0   0  -2  -2  -3  -3   1   2   0   3  -1   7  -3  -4   10   1   4   9   1   3   5   7   1   2   3   2   3   7   6  17   4  11   1   2  0.41 0.36
  100 P     0  -4  -3   0   0   2   1   2  -2  -2  -1  -3  -2   2   4  -1  -1   0  -3  -2    7   1   2   6   2   8  10  13   1   2   6   2   1   7  18   5   3   1   1   3  0.29 0.29
  101 F    -1  -4  -3  -1   3  -2  -2   1  -2   1   0  -3   1   3  -1   2  -2   1  -2   2    6   1   1   3   5   2   3  11   1   6   8   1   3  11   3  15   3   2   1  12  0.25 0.21
  102 A     1  -5   0  -2   5   0  -3   0  -2  -3  -4  -3  -1  -2   4   1   2  -2  -4  -2   12   1   4   3  11   5   2   8   1   2   3   2   1   2  20   9  10   1   1   3  0.51 0.42
  103 T     1  -5  -2   0   3  -1  -1   2  -3  -4  -4  -5  -2  -3  -3   4   3  -8  -3  -2   12   1   2   5   6   3   4  14   1   1   2   1   1   1   2  23  17   0   1   3  0.57 0.46
  104 C    -4  -5  -5  -2  10  -1  -5   0  -4   0  -2  -8  -2  -1  -5  -1  -1  -8  -4  -3    2   1   1   3  53   3   1   8   1   5   4   0   1   3   1   5   4   0   1   2  2.07 1.02
  105 D     0  -2  -2   2   6  -2  -1   2  -1  -3  -4  -3  -1  -4   1   2   2  -1  -4  -3    7   3   2  10  12   2   4  15   1   2   2   2   2   1   7  13  11   1   1   2  0.44 0.35
  106 F    -1   0   0   0   2   0  -1  -1   2   0  -1   0   2   0   0  -1   0   4   1  -1    5   5   5   5   5   5   5   5   5   5   5   5   5   5   5   5   5   5   5   5  0.03 0.09
  107 M     0  -2   0  -1   0  -1  -2   2  -1  -1   0  -2   0   2   2   0   0   1  -1  -1    9   2   5   4   2   3   3  13   2   3  10   2   3   8   9   7   5   2   2   5  0.08 0.11
  108 V     1  -2  -1   0   0   0   0   0   0  -1   0  -2   0   0   3  -1   0   1   0   0   12   2   2   5   2   4   6   6   2   3  10   3   2   3  13   5   5   2   3   7  0.08 0.12
  109 R    -1   0   1   2   1  -1   0   1   0  -1  -2  -2  -1   0   0   0   1   1   1  -2    5   4   7   9   3   3   5  12   3   3   3   3   2   4   6   7   8   2   5   3  0.09 0.12
  110 F    -1   0   0   0   2   0  -1  -1   2   0  -1   0   2   0   0  -1   0   4   1  -1    5   5   5   5   5   5   5   5   5   5   5   5   5   5   5   5   5   5   5   5  0.03 0.09
  111 P    -1   0   0   0   2   0  -1  -1   2   0  -1   0   2   0   0  -1   0   4   1  -1    5   5   5   5   5   5   5   5   5   5   5   5   5   5   5   5   5   5   5   5  0.03 0.09
  112 E    -1   0   0   0   2   0  -1  -1   2   0  -1   0   2   0   0  -1   0   4   1  -1    5   5   5   5   5   5   5   5   5   5   5   5   5   5   5   5   5   5   5   5  0.03 0.09
  113 W     0  -1   1   0  -5   0   0   0   1  -1  -2  -1   1   0  -1   0   2   4   1  -1    7   3   8   6   0   4   5   7   3   4   4   4   3   4   3   8  10   6   5   5  0.10 0.14
  114 L    -1  -2   0   0  -1  -1  -1  -2   0   0   2  -2   3   3  -2   0   0   2   0  -2    5   2   4   5   2   3   4   4   2   4  19   3   6  12   2   7   5   3   3   3  0.17 0.16
  115 P     1  -3  -1   0  -2  -2  -2   0  -2  -3  -3  -3  -1   0   5   1  -1   2  -3  -2   11   2   3   6   1   2   3   6   1   2   3   2   1   3  28  11   5   2   1   4  0.49 0.43
  116 L    -1  -4  -2  -1  -2  -2  -1  -1  -2   0   3  -3   1   1  -2  -3   0   5  -1  -1    6   1   3   4   1   2   5   6   1   6  28   2   3   5   3   3   6   7   3   4  0.31 0.24
  117 D     1  -2   0   3  -2   1   0   0   1  -2   0  -2   0   0  -3   0  -1   2  -2  -3   11   2   4  17   1   6   6   8   3   2  10   3   2   5   2   7   4   2   2   2  0.18 0.18
  118 K    -1   1  -1   2  -1   2   3  -3  -1  -2   2   0   1   0  -3  -1  -1  -6  -3  -3    5   6   3  11   1   9  15   3   1   2  15   6   4   3   1   5   4   0   1   2  0.23 0.22
  119 W     1  -2  -3  -4  -2  -2  -4  -3  -2   1   3  -3   2  -1  -5  -3  -2   7  -2   2   13   3   2   1   1   2   1   2   1   6  25   2   5   3   1   2   3  13   2  11  0.63 0.40
  120 V     1  -2   0   1  -3  -1  -1  -2  -2   2   2  -1   1   1  -3  -2  -2   2  -2   0   10   2   5   7   1   3   4   3   1   9  22   4   3   5   2   4   3   3   2   7  0.17 0.14
  121 P     0   1  -1   0  -7   3  -1  -2  -1  -2  -1   0  -1  -3   4   0  -1   0  -4  -4    8   6   3   5   0  12   5   3   2   3   6   6   2   2  20   8   4   1   1   1  0.36 0.34
  122 Q     0  -1  -2  -1  -2   1  -1  -2  -2   2   2  -1   4  -1  -1   0   0   3  -2  -1    7   3   2   3   1   5   4   3   1  11  19   5   8   2   3   7   6   4   1   3  0.21 0.17
  123 V     0  -4   1   0  -2  -1  -2  -3  -4   1   2  -3   5  -1  -1  -2  -1   0  -3   2    7   1   6   5   1   3   3   3   1   8  19   2  12   3   3   4   4   1   1  14  0.36 0.26
  124 F     0  -2   1  -3   1  -2  -3  -2  -2  -1   1  -2   1   6  -3  -1   0  -2  -2  -1    7   3   6   2   2   3   2   4   1   4  15   3   3  28   2   4   6   1   1   4  0.54 0.34
  125 V     2   1  -1  -2  -2   1   0  -1   0  -1  -2   1   1  -2  -1   0   2  -1  -3   0   14   7   3   2   1   6   6   5   2   3   5   9   3   2   3   8  12   1   1   6  0.13 0.15
  126 A     2   0  -3  -3  -4  -3  -5   4   0  -1  -5   0  -3  -5   4  -3  -3  -8  -4   0   15   5   2   2   0   2   1  27   2   3   1   5   1   1  21   3   2   0   1   6  0.72 0.52
  127 S    -1  -3  -1   0  -6  -3  -3  -1  -3   1  -1  -4  -1  -1   2   2   2  -2   0   2    6   2   3   6   0   1   2   6   1   7   7   1   2   3   9  15  13   1   3  13  0.24 0.24
  128 G     0  -6  -3  -6  -2  -5  -4   5  -5   1  -6  -2  -2  -6   2  -3  -1  -8  -5   4    9   1   2   1   1   1   2  32   0   7   1   3   1   1  10   2   4   0   0  24  0.87 0.56
  129 D    -2   3   1   3  -4  -2   1  -3  -5  -4  -1  -3   2  -1   1   2  -2  -8  -5  -4    3  16   6  17   0   2   7   2   0   1   7   1   4   3   7  16   3   0   0   2  0.47 0.40
  130 C    -7 -10 -10 -10  12  -6 -10 -10 -10 -10  -6  -6  -4 -10 -10  -5  -6 -10  -5  -6    1   0   0   0  91   1   0   0   0   0   1   1   1   0   0   2   1   0   1   1  4.63 1.98
  131 A     3  -6   0   5  -4  -4  -1   1  -5  -6  -6  -3  -1  -7  -6   2   1  -9  -5  -4   22   1   4  32   0   1   4   9   0   1   1   2   2   0   1  12   7   0   1   2  0.91 0.60
  132 E     0  -3  -2   3  -7   2   5  -4  -3  -4  -5   1  -3  -4  -5  -1   0  -4   2   0    8   1   2  14   0   7  31   1   1   1   2   7   1   1   1   4   5   0   7   6  0.65 0.50
  133 R     2  -2  -3  -2  -6  -4  -4  -5  -4   5  -3  -2  -2  -4   1  -4  -1  -7  -5   4   18   3   2   3   0   1   2   1   0  25   2   2   1   1   7   1   4   0   1  26  0.80 0.52
  134 Q     2  -3   1   2  -6   2  -2  -2  -1  -4  -3  -2  -3  -4   3   1   1  -3   0  -1   16   1   7  12   0  10   2   3   1   1   3   3   1   1  12  10   8   0   3   5  0.33 0.34
  135 W    -4  -6  -6  -4  -8  -5  -2  -3  -4  -4  -1  -6  -1   2   0  -5  -5  12   0  -2    2   1   1   2   0   1   3   2   0   1   6   1   1   7   5   1   1  58   3   3  2.65 1.32
  136 D    -2   3  -2  -2  -3   2   0  -4  -1  -1  -2   0   0  -3   0   2   3  -3   0  -1    3  14   2   2   1   9   6   2   1   3   4   5   2   1   5  15  17   0   4   4  0.31 0.32
  137 F    -5  -9  -7  -7  -8  -6  -7  -7  -5   2   3  -7   3   7  -6  -7  -6   2  -2   0    1   0   0   0   0   0   0   0   0  11  28   0   5  39   1   0   0   2   1   7  1.52 0.83
  138 L    -2  -7  -5  -6  -5  -8  -7   0  -3  -1   5  -6   2   5  -3  -4  -6   0  -3  -3    4   0   1   0   0   0   0   8   1   3  46   0   4  23   2   2   0   1   1   1  1.18 0.72
  139 G    -6  -6  -2   0  -9  -6  -6   7  -5  -7  -7  -5  -4   2  -4  -2  -2  -2  -2  -7    1   1   2   6   0   1   0  69   0   0   1   1   1   8   1   4   3   1   1   0  1.76 1.00
  140 L    -6  -6  -9  -7  -7  -3  -9  -4  -9   5   5  -6   1   1  -9  -7  -6  -2  -2   1    0   0   0   0   0   1   0   2   0  25  50   1   3   5   0   0   0   1   1  10  1.38 0.79
  141 E    -4  -6  -1  -4  -8  -4  -2  -4  -5  -5  -7  -5  -5  -9   0   7   4 -10  -5  -5    1   0   3   1   0   1   3   2   0   1   0   1   0   0   6  60  19   0   1   1  1.57 1.06
  142 M    -6  -8  -7  -9  -8  -6  -9  -8  -8   5   3  -5   8   2  -6  -5  -3  -8  -1  -2    1   0   0   0   0   0   0   0   0  25  24   1  33   7   1   1   2   0   2   2  1.68 0.93
  143 P     5  -8  -7  -6  -8  -8  -4  -6  -5  -5  -5  -8  -6  -7   7  -2  -2 -10  -5  -3   43   0   0   1   0   0   1   1   0   1   2   0   0   0  43   3   3   0   0   2  1.78 1.09
  144 Q    -1  -4   1  -3  -5   2   2   4  -2  -3  -2  -4   1   1  -3  -1  -1   0  -3  -1    6   1   6   1   0  11  15  26   1   2   4   0   3   7   1   5   3   1   1   5  0.39 0.37
  145 W    -3  -9 -10 -10  -3  -4  -9  -5  -9  -3   1  -7   2  -1  -7  -4  -4  12   3  -5    3   0   0   0   1   1   0   1   0   2  12   0   4   3   0   2   1  59  10   1  2.93 1.43
  146 L     1  -7   6  -5  -3  -5  -6  -3  -5  -4   0  -6   3  -5  -6   4   1  -8  -4  -3   12   0  30   0   1   0   0   2   0   1   8   0   6   0   0  27   8   0   1   2  1.00 0.73
  147 L     2  -4  -7  -8  -3  -2  -5  -2  -6   0   4  -6   2   3  -7  -4  -3  -3  -5   2   18   1   0   0   1   2   1   3   0   5  39   0   5  10   0   1   2   0   0  11  0.79 0.54
  148 G    -1  -6  -5  -6  -4  -4  -6  -1  -7   5   3  -5   0  -1  -5  -3  -1  -5  -4   3    5   0   0   0   0   1   0   5   0  26  29   1   2   3   1   2   3   0   1  19  0.83 0.52
  149 I     3  -7  -5  -6   1  -6  -7   0  -5   3   0  -6  -1   3  -4  -2  -2   5   1   0   25   0   0   0   3   0   0   7   0  17  10   0   1  12   1   3   2   7   4   5  0.66 0.48
  150 F    -3  -8  -5  -7   0  -7  -7  -5  -5  -5  -2  -8  -1   8  -9   4  -6  -2   0  -5    3   0   1   0   2   0   0   1   0   1   4   0   1  55   0  27   0   0   3   1  1.96 1.07
  151 I     2  -6  -5  -6  -2  -6  -6   0  -6   2   3  -6  -1   0  -5   0   0  -3  -2   3   19   0   0   0   1   0   0   6   0  12  22   0   2   4   0   8   5   0   1  18  0.53 0.42
  152 A     2  -6  -5  -3  -1  -5  -5   2  -6   2   2  -4  -1   1  -5  -1  -2  -4  -4   2   19   0   0   2   1   0   1  16   0  12  18   1   1   5   0   4   2   0   0  14  0.43 0.36
  153 Y    -2  -7  -4  -8  -1  -6  -6  -4  -5   3   4  -7   4   3  -5  -4  -3  -1   3   0    3   0   1   0   1   0   0   2   0  16  39   0   8  11   1   1   2   1   8   6  0.92 0.56
  154 L     4  -6  -5  -6   0  -6  -6   1  -6   1   2  -6   0   2  -6  -1   1  -4   0   0   30   0   0   0   2   0   0   9   0   6  17   0   2   9   0   5   9   0   3   6  0.55 0.45
  155 I     2  -5  -5  -5  -2  -5  -6   0  -6   3   3  -6  -1   0  -6  -2  -2  -4  -4   3   17   0   0   1   1   0   0   7   0  16  26   0   1   4   0   3   2   0   0  20  0.66 0.46
  156 V     1  -6  -4  -4   0  -5  -5  -2  -5   3   3  -6   1   2  -5  -3  -1   1  -1   3   11   0   1   1   2   0   0   4   0  15  27   0   3   8   1   2   3   2   2  17  0.54 0.38
  157 A     3  -6  -2  -6   2  -4  -5   1  -3  -1   1  -5   1   0  -3   2  -1   5  -3   0   23   0   2   0   4   0   0  11   1   4  14   0   3   3   2  14   4   7   0   7  0.44 0.39
  158 V     1  -7  -6  -7  -2  -4  -7  -1  -5   3   4  -6  -1   2  -5  -3  -1   4  -3   2   10   0   0   0   1   1   0   5   0  14  33   0   1   7   1   2   3   6   1  14  0.71 0.48
  159 L     0  -2  -5  -7  -1  -4  -6  -3  -3   2   2  -3   2   3  -5  -2  -2   5   4   1    8   3   0   0   2   1   0   3   0  11  18   1   4  11   1   3   3   8  11  11  0.52 0.38
  160 V     2  -3  -3  -5  -1   1  -4   0  -3   1   1  -3   2   0  -2  -1  -1  -1  -2   2   21   1   1   0   1   8   0   7   1   9  16   1   4   3   2   5   4   1   1  13  0.26 0.27
  161 V     2  -5  -4  -7  -2  -5  -6  -3  -4   2   4  -5   1   2  -5  -3  -1   3  -2   0   17   1   1   0   1   0   0   3   0  11  37   0   3   8   1   2   3   4   1   7  0.69 0.47
  162 I    -1   2  -5  -6  -2  -4  -5  -3  -4   2   3  -1   0   3  -2  -1  -2   5  -1   1    5  10   0   0   1   0   0   2   0  11  23   4   2  14   2   4   2   6   2  10  0.46 0.35
  163 S     1   6  -2  -6  -1  -2  -4  -2  -2  -3  -2   1  -3  -2  -4   2  -2  -3  -4  -3   12  39   2   0   1   2   1   3   1   2   5   9   1   2   1  13   2   0   1   2  0.80 0.57
  164 Q     0   4   0  -3  -4   3  -1  -2   0  -2  -1   2  -2  -4  -2   0  -1  -1  -1  -3    7  25   5   1   0  13   3   4   2   3   7  13   1   1   2   7   3   1   2   1  0.43 0.37
  165 P    -1   4  -2  -4  -3  -2  -3  -1  -1   1   1   0  -1   2   0  -1  -2   1  -1   0    5  24   1   1   1   1   1   5   1   7  17   5   1   9   5   4   2   2   2   7  0.29 0.27
  166 F    -2   5  -2  -3  -3  -1  -3  -3  -2   0   0   2  -2   2  -1  -2  -2   2  -2  -1    4  32   2   1   1   3   2   2   1   4   8  14   1  10   3   3   2   3   1   4  0.54 0.40
  167 K    -1   5  -1  -3  -4   0  -2  -1   0  -4  -4   4  -3  -4   0   1  -1  -4  -3  -4    4  28   3   1   0   4   2   5   2   1   1  25   1   1   4  11   4   0   1   1  0.72 0.50
  168 A     2   3  -1  -3  -3  -1  -2   0   0  -1  -2   2  -3  -2   2   1   0  -3  -3  -2   17  15   3   1   0   2   1   7   2   3   3  13   1   2   8  10   7   0   1   3  0.25 0.25
  169 K    -2   5   1  -4  -1  -1  -3  -2   1  -5  -2   4  -4  -2  -1  -1  -2  -2  -2  -3    2  30   6   1   2   3   1   3   3   1   5  26   0   2   3   5   3   1   2   2  0.68 0.46
  170 K    -2   5   1  -5  -7   2  -1  -4  -3  -5  -3   4  -4  -4  -1  -1  -1  -7  -4  -3    4  32   6   0   0  10   3   1   0   0   4  25   0   1   3   4   4   0   1   2  0.81 0.53
  171 R    -5   7   3  -3  -8   1  -1  -3   0  -8  -7   3  -4  -8  -3  -2  -3  -8  -6  -7    1  47  13   1   0   6   3   2   3   0   0  19   0   0   2   3   2   0   0   0  1.32 0.70
  172 D    -2   4   2   2  -6  -2  -3  -2   2  -3  -5  -2  -5  -3   5   2  -3  -2  -1  -6    4  19   8  10   0   1   0   3   5   2   0   1   0   1  25  17   0   1   2   0  0.73 0.49
  173 L    -3  -1  -2  -6  -4  -4  -5  -3  -1   2   4  -4   2   3  -5  -2  -2  -3   4   0    1   4   2   0   0   0   0   2   1  10  42   0   5  10   0   4   1   0  13   4  0.64 0.39
  174 F    -4   2  -4  -5  -5  -2  -5  -2  -3  -3  -3  -3  -4   7  -6   3  -4   4   1  -2    0  12   0   0   0   2   0   4   1   1   1   1   0  46   0  25   0   4   3   2  1.13 0.58
  175 G    -1  -2   2   0  -5  -3  -4   5  -4  -6  -6  -3  -5  -2  -4   3  -1  -5  -5  -5    2   2   9   5   0   0   0  50   0   0   0   1   0   2   0  27   2   0   0   0  1.01 0.47
  176 R    -3   5   1  -2  -6   1   4  -4  -2  -5  -5   4  -4  -5  -4  -2  -3  -5  -4  -5    0  34   6   0   0   5  30   0   0   0   0  25   0   0   0   0   0   0   0   0  0.99 0.39

                      K         Lambda
Standard Ungapped    0.1441     0.3329
Standard Gapped      0.0432     0.2670
PSI Ungapped         0.1410     0.3177
PSI Gapped           0.0432     0.2670
