
Last position-specific scoring matrix computed, weighted observed percentages rounded down, information per position, and relative weight of gapless real matches to pseudocounts
            A   R   N   D   C   Q   E   G   H   I   L   K   M   F   P   S   T   W   Y   V   A   R   N   D   C   Q   E   G   H   I   L   K   M   F   P   S   T   W   Y   V
    1 M    -3  -4  -5  -6  -4  -3  -4  -5  -4  -1   0  -4  10  -2  -5  -4  -3  -4  -3  -1    0   0   0   0   0   0   0   0   0   0   0   0 100   0   0   0   0   0   0   0  2.26 0.47
    2 I    -1   1   0  -2  -3  -2  -2  -4  -3   3   0   1   6  -2  -3  -1  -1  -4  -3   1    5   7   4   2   0   0   1   0   0  19   1  13  32   0   0   4   3   0   0   8  0.38 0.20
    3 N    -2   2   5   1  -4   2   1  -1   1  -4  -4   2  -3  -4   0  -1  -1  -4  -2  -4    0  11  34   7   0   8  10   3   4   0   0  16   0   0   3   2   2   0   1   0  0.53 0.20
    4 P     0   1   0  -1  -3   3   0  -3   0  -3  -2   2  -1  -2   3   0   1  -3  -1  -2    9   6   3   2   0  21   3   0   2   0   2  14   1   2  17   5   9   0   2   1  0.36 0.15
    5 N    -1  -1   3   0  -3   3   0   0   2  -2  -2   0  -2  -3   0   0   1   2  -1  -2    4   1  23   2   0  18   5   5   6   1   2   2   0   0   5   7  13   3   1   1  0.30 0.16
    6 P     0  -2  -1  -2  -3   0   0  -2   1  -3  -2   1  -2  -3   6   0   2  -4   0  -3    5   0   2   1   0   4   4   2   4   1   3   8   1   0  42   6  15   0   4   0  0.74 0.22
    7 K    -1   3   1  -2  -4   2  -1  -2  -1  -3  -4   5  -1  -4  -2  -2   0  -4  -3  -3    3  13   9   0   0   8   1   2   1   1   0  54   1   0   1   0   4   0   0   2  0.67 0.27
    8 R    -2   6   0  -2   1   2  -1  -4   1  -4  -3   2  -3  -2  -3  -2  -3  -4  -3  -4    2  59   3   1   3  11   0   0   4   0   1  11   0   2   1   2   0   0   0   1  0.91 0.31
    9 S    -1  -1  -1  -2  -2  -2  -2  -2   2  -4  -4   0  -3  -3   0   5   1  -4  -2  -3    1   3   0   0   0   0   1   1   7   0   1   4   0   1   4  69   8   0   1   0  0.79 0.33
   10 D    -2   0   4   4  -4  -1  -1  -2   3  -1  -2  -1  -2  -2   0  -1  -1  -2  -2  -1    1   4  30  26   0   1   1   1  10   6   4   2   1   1   4   3   1   0   0   3  0.43 0.18
   11 E    -1  -1   0   0  -4   0   5  -1  -2  -1  -4   1  -3  -4  -2   0  -1  -4  -3  -3    2   1   5   1   0   0  63   5   0   6   0   8   0   0   1   4   3   0   0   1  0.69 0.26
   12 P    -2  -1  -2  -3  -4  -3  -3  -2  -4  -4  -3  -1  -4  -5   8   0  -1  -5  -4  -4    2   3   1   0   0   0   0   2   0   0   2   4   0   0  75   8   3   0   0   0  1.74 0.36
   13 V    -1  -3  -4  -4  -2  -3  -4  -4  -3   3   2  -3   1   2   2  -2  -2  -1   0   3    1   0   0   0   0   0   0   0   0  28  16   0   3  10   9   1   0   1   2  29  0.42 0.16
   14 F    -1  -3  -4  -4  -2  -3  -3  -4  -3   2   1  -3   1   4  -4  -2   0   6   1   1    6   0   0   0   0   0   0   0   0  15  13   0   2  25   0   1   7  13   3  14  0.47 0.16
   15 W    -4  -3  -5  -6  -5  -1  -4  -3  -4   0  -4   0  -3  -2  -6  -5  -4  12   0  -4    0   1   0   0   0   2   0   1   0   7   0   8   0   0   0   0   0  80   0   0  2.89 0.53
   16 G     1  -3  -2  -3  -3  -2  -3   5  -3  -2   1  -2  -1   0  -3   1  -1  -3  -2  -2   10   0   0   0   0   0   0  47   0   1  19   0   1   5   0  12   3   0   0   1  0.48 0.18
   17 L    -2  -1  -4  -4  -3  -3  -4  -4  -4   1   5  -3   2  -1  -1  -3   0  -3  -2   0    1   4   0   0   0   0   0   1   0   3  71   0   6   1   3   0   9   0   0   2  0.61 0.23
   18 F    -4  -4  -4  -5  -4  -5  -5  -5   2   1  -1  -5  -2   8  -5  -4  -4  -1   2  -2    0   0   0   0   0   0   0   0   7   7   0   0   0  84   0   0   0   0   3   0  1.62 0.39
   19 G     2   0  -1  -2  -3  -2  -2   4  -2  -4  -4   0  -3  -3  -3   2  -1  -4  -3  -2   16   7   2   0   0   0   0  42   0   0   0   7   0   1   0  23   1   0   0   1  0.54 0.18
   20 A     5  -3  -1  -3  -2   0  -2   1  -1  -2   0  -2  -1  -3  -1   0  -1  -4  -3  -1   61   0   2   0   0   6   0  11   2   1   9   0   1   0   1   3   0   0   0   2  0.48 0.24
   21 G     0  -4  -2  -3  -4  -3  -4   7  -4  -5  -5  -3  -4  -5  -4   0  -3  -4  -5  -2    7   0   0   0   0   0   0  84   0   0   0   0   0   0   0   5   0   0   0   4  1.43 0.36
   22 G     0  -4  -2  -1  -4  -3  -3   6  -3  -1  -3  -3  -1  -1  -4  -1  -2   3  -3  -3    5   0   0   3   0   0   0  70   0   5   2   0   2   3   0   3   2   5   0   0  0.98 0.29
   23 M    -1   0  -3  -3  -2  -1  -1  -2  -3   0   1  -2   6   1  -3  -1   2  -3  -2   2    5   4   0   0   0   3   3   2   0   2   7   0  37   5   0   3  16   0   0  14  0.37 0.23
   24 W     0  -3  -4  -4   2  -3  -3  -3  -3   2   1  -3   1   0  -3  -2   0   7  -1   3    7   0   0   0   5   0   0   0   0  10  15   0   3   3   0   2   5  20   0  27  0.49 0.18
   25 S     2  -2  -2  -2   1  -2  -2   2  -2   0  -1  -2  -1   1  -2   1   1  -3  -1   1   29   0   0   0   3   0   0  15   0   4   4   0   0  10   0  14  10   0   0  11  0.19 0.12
   26 A     5  -1  -2  -3   1  -2  -2   1  -3  -2  -3  -2  -2  -3  -2   1   0  -4  -3  -1   68   4   0   0   4   0   0   9   0   0   0   0   0   0   0   7   5   0   0   4  0.59 0.25
   27 I     0  -2  -2  -3  -2  -2  -2  -2   3   1   1  -2   2   2  -2  -2  -1   5   0   1   12   1   0   1   0   0   1   1  11  12  12   1  11  12   1   1   1  11   0  12  0.23 0.10
   28 I     0  -3  -3  -3   2  -2  -3  -3   2   2   2  -3   1   3  -3  -1   0  -2  -1   1    6   0   0   0   6   0   0   0   9  14  18   0   5  15   0   5   6   0   0  13  0.21 0.15
   29 A     0  -2   0  -2  -2  -2  -2   0   2   1   1  -2   2   1  -2   0   1  -2   1   0   10   0   4   0   0   0   1   8   9   7  19   1   7   8   0   6   9   0   4   6  0.08 0.10
   30 P     2  -3  -3  -3  -3  -2  -2  -3  -3  -3  -3  -2  -3  -4   7   0   0  -4  -3  -1   18   1   0   1   0   0   1   1   0   1   1   1   0   0  59   5   6   0   0   5  1.26 0.33
   31 V     2  -3  -2  -3   1  -2  -2   0  -3   2   0  -2   1  -2   1   0  -1   1  -2   3   21   0   0   0   3   0   1   9   0  11   3   0   6   0   8   6   0   3   0  28  0.20 0.14
   32 M    -1  -3  -3  -4  -2  -2  -3  -4   3   2   3  -3   2   0  -2  -2   1   0  -1   2    3   0   0   0   0   1   0   1  10   9  39   0   5   3   2   1   9   1   1  13  0.37 0.22
   33 I    -1  -4  -4  -5  -3  -4  -4  -5  -4   5   2  -4   3  -1  -4  -3  -2  -4  -3   4    4   0   0   0   0   0   0   0   0  36  18   0   7   2   0   0   2   0   0  27  0.74 0.34
   34 L    -2  -4  -5  -5  -3  -4  -5  -4  -4   2   4  -4   0   4  -5  -4  -3   0   0   2    3   0   0   0   0   0   0   1   0  11  49   0   1  18   0   0   0   1   2  11  0.72 0.34
   35 L    -1  -4  -4  -5  -3  -4  -4  -5  -4   4   4  -4   1   0  -2  -2  -2  -4  -3   3    4   0   0   0   0   0   0   0   0  27  38   0   2   3   2   3   1   0   0  17  0.62 0.31
   36 V    -1  -3  -1  -3  -3  -2  -3  -3  -2   1   2  -3   1   2  -3  -1   4  -1  -1   1    4   0   3   1   0   2   0   1   1   9  23   0   4  10   0   2  29   1   1  12  0.36 0.25
   37 G     1  -3  -2  -3   0  -3  -3   5  -3  -1   1  -3  -2  -1  -3  -1  -1   0  -3  -2   14   1   2   1   2   0   1  48   0   4  14   1   0   2   1   3   3   1   0   2  0.59 0.30
   38 I    -1  -4  -4  -5  -3  -4  -4  -2  -4   4   3  -4   0   3  -4  -3  -2   0  -1   2    3   0   0   0   0   0   0   3   0  27  32   0   0  12   0   0   2   2   2  14  0.57 0.30
   39 L     3  -4  -4  -3  -1  -4  -4  -1  -4   1   4  -4   2  -1  -2  -3  -3  -4  -3   0   29   0   0   1   1   0   0   4   0   6  46   0   5   1   1   0   0   0   0   5  0.58 0.37
   40 L     1  -3  -3  -2  -2  -3  -3  -1  -3   2   2  -3   0   2   0  -2  -1   0   0   2   12   0   0   2   0   0   0   4   0  14  25   0   2  11   5   2   2   1   4  14  0.24 0.19
   41 P     0  -4  -4  -4  -4  -4  -4  -2  -2  -3  -1  -3  -4  -5   8  -1  -1  -1  -4  -3    9   0   0   0   0   0   0   2   1   2   6   0   0   0  66   5   3   1   0   2  1.59 0.59
   42 L     0  -3  -2  -4  -3  -2  -4  -1  -2  -1   4  -3   2   3   0  -1  -2   0   0  -1   10   0   1   0   0   1   0   6   1   1  44   0   5  14   4   4   2   1   2   2  0.39 0.27
   43 G    -2  -3  -2  -3  -5  -2  -2   6   1  -2  -1  -4   0  -3  -2  -2  -4   0  -4  -3    2   1   1   1   0   2   2  67   3   2   8   0   3   1   2   1   0   2   0   1  1.07 0.48
   44 L    -1  -1  -3  -2   0  -1  -3  -1   0   2   2  -1   1   0  -4  -3  -1   8   0   1    4   3   0   3   2   2   0   6   2  11  18   4   3   3   0   0   3  21   3  10  0.48 0.29
   45 F     0  -3  -3  -3  -2  -2  -1  -1  -3   2   2  -3   1   1   0  -1   0   4   1   1    7   0   0   0   0   0   4   4   0  13  19   0   5   7   4   4   4   7   6  14  0.19 0.16
   46 P     0  -1   0   1  -3   0   0   0   1  -3  -2  -2  -2  -1   5   0   0  -4  -2  -1    6   4   4  10   0   4   5   6   4   0   4   0   0   4  30   7   7   0   0   4  0.43 0.24
   47 G     2  -1  -1   0  -3  -1   0   1  -1  -2  -1  -1  -1  -2   4   0  -1   1  -2   0   17   3   2   7   0   3   6  10   2   2   4   2   2   2  20   8   3   2   0   6  0.25 0.18
   48 D     0  -1   0   4  -4  -1   3   1  -1  -4  -4  -1  -2  -2   3   0  -1  -4  -4  -2    6   2   2  25   0   2  18  10   1   0   1   4   1   2  14   6   3   0   0   4  0.45 0.31
   49 A     4  -2   0   0  -3  -1  -1  -1   0  -2   0  -2   0  -1   0   0   0  -3  -2   0   37   2   4   5   0   2   3   5   2   1   8   1   2   2   4   4   6   0   1   7  0.22 0.23
   50 L     0   0   0  -1  -2   0  -1  -1  -2   0   1   0   1   1   1  -1   0  -2  -1   0    8   5   5   4   0   4   4   4   0   4  21   4   5   8   7   4   4   0   0   8  0.05 0.09
   51 S     0   0   1   1  -3   0   0   0   2  -2  -1  -2  -2   2   0   2   1  -3  -1  -1    6   4   7   7   0   4   4   7   6   0   6   0   0  13   4  17  12   0   0   4  0.14 0.19
   52 Y    -2   0  -2   0  -3   1  -1   0   2   0   0  -1  -1   1   1  -2   0   4   2   0    1   8   0   8   0   7   0   8   7   8   8   0   0   7   8   1   8   7   7   8  0.13 0.15
   53 E     1  -2  -1   3  -4   0   4  -1   1  -1  -3  -2  -4  -3  -1   0  -1  -5  -4  -2   12   2   2  19   0   4  31   5   3   3   2   0   0   1   3   7   4   0   0   2  0.48 0.34
   54 R     0   5   1  -1  -4   0  -1  -2   3  -4  -3   0  -1  -2   0   0   0  -4   0  -2    7  33   7   2   0   4   2   3   8   0   2   3   2   2   5   7   6   0   4   3  0.43 0.32
   55 V     1  -4  -4  -5  -3  -4  -4  -4  -4   3   2  -4   3   1  -4  -1  -1   3  -3   3   12   0   0   0   0   0   0   0   0  18  21   0   9   6   0   5   3   4   0  20  0.52 0.34
   56 L     0   0  -3  -1  -3   0  -2  -2   4   1   2  -1   1   0  -4   0  -1   1   1   0    8   7   0   3   0   4   2   2  12   9  24   2   3   4   0   8   2   2   4   4  0.18 0.20
   57 A     3   0  -1  -1  -3   0  -1   1   0  -2  -1  -1   0  -2  -2   1   0   1  -3  -2   31   5   2   4   0   3   3  11   2   1   8   3   2   1   2  11   6   2   0   2  0.22 0.24
   58 F    -2  -1  -5  -5   2  -4  -5  -4   1   2   3  -4   1   5  -5  -3  -2   3   0   0    3   3   0   0   5   0   0   1   3  10  26   0   3  31   0   1   1   4   2   6  0.68 0.40
   59 A     3  -3  -2  -3   0  -3  -3  -2  -1   0   2  -3   0   0   0   0  -1   2   0   2   28   0   2   1   2   0   0   2   2   3  21   0   2   4   5   5   3   3   2  14  0.26 0.26
   60 Q     0   1   1  -1  -4   4  -1   0   3  -3  -3   1  -1   0  -1   1   0  -4   0  -3    8   7   6   3   0  22   2   8   9   1   2   7   1   4   2  10   6   0   2   0  0.27 0.26
   61 S    -1  -3   3   0  -1  -1  -1  -1   6  -4  -1  -2  -2  -2  -4   3   2  -1  -1  -4    3   0  15   4   1   2   3   3  21   0   6   1   1   1   0  24  11   1   1   0  0.59 0.44
   62 F    -2  -5  -3  -3  -5  -3  -1  -3  -2   0   0  -2  -1   1   5  -4  -3   7   1  -1    3   0   1   1   0   1   4   2   1   5  11   2   1   6  33   0   1  17   5   4  0.93 0.51
   63 I    -1  -1  -5  -5  -4  -2  -5  -4  -5   4   3  -4   0   2   2  -4  -2   3  -1   1    4   5   0   0   0   1   0   1   0  23  32   0   2   9   9   0   2   4   2   7  0.53 0.37
   64 G    -1  -5  -4  -4  -4  -4  -5   5  -5  -1  -3  -4  -1  -2   0  -1   1  -5  -5   2    4   0   0   0   0   0   0  52   0   3   2   0   2   2   5   3   8   0   0  19  0.87 0.48
   65 R     1   5  -3  -4  -2  -1  -2  -2  -3  -4  -1   4  -2   0  -4  -1   0  -5  -1  -3   11  33   0   0   1   2   1   3   0   0   8  27   1   4   0   2   5   0   2   1  0.61 0.40
   66 V     0  -5  -5  -6   0  -4  -5  -2  -5   3   4  -5   1   0  -3  -3  -2  -4  -3   1    7   0   0   0   2   0   0   3   0  20  49   0   2   3   1   1   1   0   0  10  0.72 0.40
   67 F     0  -3  -3  -3   3  -3  -3  -1   1   1   0  -3  -1   4  -3  -1   0  -1   3   1    8   0   0   0   7   0   0   6   5   7   7   0   0  26   0   5   5   0  11  14  0.26 0.15
   68 L     0  -3  -4  -4   2  -3  -3  -4  -3   2   3  -3   2   1  -3  -2   0   4  -1   1   10   0   0   0   6   0   0   0   0  14  35   0   8   7   0   0   6   7   0   8  0.37 0.17
   69 F     0  -3  -3  -4   1  -3  -4  -1  -3   2   2  -3   1   4  -4  -2  -1   2   0   0    7   0   0   0   3   0   0   7   0  11  30   0   3  28   0   2   2   3   0   4  0.35 0.17
   70 L     2  -3  -2  -3   0  -2  -3   3  -3   0   1  -2   0  -1  -3  -1   0  -3  -2   2   23   0   0   0   2   0   0  26   0   3  12   0   2   3   0   2   3   0   0  23  0.26 0.16
   71 M     0  -3  -3  -4   0  -3  -3  -3  -3   2   2  -3   3   1  -3  -1   1  -3  -1   3    6   0   0   0   2   0   0   0   0   9  25   0  10   6   0   3  11   0   0  27  0.30 0.16
   72 I     1  -3  -2  -3   3  -2  -3   1  -3   1   1  -2   2   1  -3   0   1  -2  -1   1   10   0   0   0  10   0   0  10   0  10  10   0  10  10   0  10  10   0   0  10  0.15 0.11
   73 V     2  -3  -2  -3   1  -2  -3   0  -3   1  -1  -2   0   1  -1   1   0  -3  -2   3   19   0   0   0   3   0   0   6   0   9   3   0   2   9   2  13   6   0   0  27  0.20 0.16
   74 L    -2  -4  -4  -5  -3  -3  -4  -2  -4   0   5  -4   2   2  -1  -2   0  -3  -2   0    3   0   0   0   0   0   0   3   0   3  64   0   5   9   4   2   5   0   0   3  0.58 0.27
   75 P     1  -3  -2  -3   2  -2  -3  -2  -3   0  -1  -2   1   0   5   1  -1   0  -1  -1   11   0   1   0   4   0   0   2   0   7   6   0   6   6  35  15   2   1   1   2  0.56 0.23
   76 L    -1  -3  -4  -5  -3  -3  -4  -4  -3   1   4  -3   4   1  -4  -1  -1   1   0   0    3   0   0   0   0   0   0   0   0   4  59   0  12   7   0   5   4   2   3   3  0.60 0.27
   77 W    -4  -5  -6  -6  -4  -5  -5  -5  -4  -1  -1  -5   1   6  -6  -5  -4  10   2  -1    0   0   0   0   0   0   0   0   0   3   3   0   5  33   0   0   0  49   4   4  2.07 0.53
   78 C     0  -3  -1  -4   4  -1  -3  -2   9  -3  -3  -2  -3  -2  -4  -1  -3  -4   1  -3    7   0   1   0   9   1   0   3  65   1   1   1   0   1   0   3   0   0   4   2  1.50 0.50
   79 G     3  -3  -3  -3   3  -2  -3   3  -3  -3  -3  -3  -3   0  -3   0  -1   6  -2  -2   34   0   0   0   8   1   0  29   0   0   0   0   0   4   0   5   3  15   0   2  0.70 0.29
   80 L     4  -3  -3  -4   2  -3  -3   0  -3   1   1  -3   3   0  -3  -1  -1  -3  -2   0   45   0   0   0   4   0   0   5   0   6  15   0  13   4   0   0   2   0   0   5  0.39 0.24
   81 H    -4  -3  -1  -2  -6   0  -1  -5  10  -5  -3  -2  -4  -1  -2  -3  -4  -5  -1  -5    0   0   2   2   0   2   2   0  84   0   3   2   0   2   2   0   0   0   0   0  2.19 0.60
   82 R    -4   8  -2  -4  -6   1  -2  -4   2  -5  -4   1  -3  -5  -4  -3  -3  -5  -4  -5    0  86   0   0   0   5   0   0   5   0   0   4   0   0   0   0   0   0   0   0  1.68 0.47
   83 M     1  -3  -2  -3  -2  -2  -3   1  -3   2   1  -2   2   2  -3  -1   1  -2  -1   1   12   0   0   0   0   0   0  12   0  12  13   0  12  13   0   0  12   0   0  12  0.15 0.08
   84 H    -1   3  -2  -3   1   0  -2  -1   5  -1  -1   0  -2   2  -4  -1  -2  -2   4  -1    5  22   0   0   4   4   0   4  18   4   5   4   0   8   0   4   0   0  15   4  0.37 0.22
   85 H     0  -3  -2  -4  -1  -2  -3  -4   7   0  -1  -2   0   3  -4   0   1  -3   3  -2    7   0   0   0   1   0   0   0  35   5   6   1   2  14   0   5  11   0  10   2  0.68 0.33
   86 A     1  -3  -2  -3   0  -3  -3   1  -3   2   1  -3   2  -1  -3   1   4  -4  -3   0    9   0   0   0   2   0   0  12   0  12  11   0   6   2   0   8  34   0   0   5  0.34 0.24
   87 M    -1  -4  -5  -5   1  -4  -4  -5  -4   0   5  -4   4   0  -4  -2  -1   1  -2   1    5   0   0   0   4   0   0   0   0   2  59   0  11   4   0   3   3   2   0   8  0.69 0.32
   88 H    -2  -2  -1  -2  -5   1   0  -4   8   0  -2  -2  -1   0  -2  -2  -2  -1   3  -1    3   1   1   1   0   6   7   0  46   5   3   1   1   3   2   1   2   1  11   4  0.89 0.39
   89 D    -4  -2   0   7  -6  -1   2  -2   4  -5  -4  -1  -5  -5  -4  -3  -3  -6  -4  -5    0   2   2  68   0   2   9   2  11   0   2   2   0   0   0   0   0   0   0   0  1.39 0.50
   90 L    -2  -3  -5  -5  -1  -4  -4  -2   0   1   4  -4   2   4  -5  -4  -3  -3   1   1    2   1   0   0   1   0   0   3   3   6  53   0   4  16   0   0   0   0   4   7  0.65 0.31
   91 K    -1   0   1  -2  -4   1  -2   5   1  -5  -3   4  -2  -4  -4  -1  -2   0  -2  -4    2   4   5   1   0   5   1  41   3   0   3  28   1   0   0   2   1   1   1   0  0.65 0.32
   92 I    -2   1  -3  -4  -2  -1  -3   0   1   4   2  -2   0   0  -3  -3  -2   1  -1   2    2   9   1   0   1   2   0   7   5  30  17   2   1   4   1   1   0   2   1  14  0.30 0.21
   93 H    -1   2  -2  -4  -4  -2  -2  -1   7  -2   0   0  -3   1   1  -2  -2  -3   3  -1    6  12   1   0   0   1   2   5  29   2   8   4   0   7   6   1   2   0  10   4  0.49 0.29
   94 V     0   0   0   1  -3  -1   0   0  -1   0  -1   0  -2  -2   3   0   0   0  -1   0    9   7   4  11   0   1   4   7   1   6   4   6   0   1  15   7   6   1   2  10  0.14 0.11
   95 P    -1   2  -2   0  -4   0  -1   2   2  -3  -1   1  -2  -3   4   0  -1   0  -4  -2    5  10   0   4   0   3   2  19   5   1   5  11   1   1  19   7   4   1   0   2  0.35 0.23
   96 A     2   2  -1   0  -2  -2  -1   0   0  -1   1   0  -1  -2  -2  -1   0  -2  -3   1   23  14   2   6   0   1   2   6   3   1  14   3   1   1   1   1   6   1   0  11  0.14 0.17
   97 G     0  -3   0  -2  -3  -1   0   3  -2   2   0  -2   0  -2  -4   0   1   0  -3   0    7   1   5   1   0   2   8  22   1  17  11   2   2   1   0   6   8   1   0   7  0.20 0.19
   98 K     3   2  -1  -2  -4   0  -1  -2  -1  -3  -1   4  -1  -3  -1  -1  -2   0  -4  -2   27   9   3   2   0   3   3   3   1   1   5  33   2   1   2   2   1   1   0   2  0.48 0.33
   99 W     0  -2  -3  -5  -4  -2  -4  -5  -5   2   2  -2  -1   0  -3  -3   0   6   0   3   10   3   1   0   0   1   0   0   0  11  21   2   1   3   1   1   5  12   3  26  0.55 0.32
  100 V     1  -5  -5  -6   3  -5  -5  -3  -5   2   4  -5  -1  -1  -5  -2  -2   2  -4   3   11   0   0   0   5   0   0   2   0  12  37   0   1   2   0   3   1   3   0  22  0.66 0.36
  101 F    -1  -6  -6  -6   9  -6  -6  -4  -6  -1   0  -6   0   4  -6  -2   2  -1  -4  -1    5   0   0   0  45   0   0   1   0   3   8   0   3  18   0   3  11   1   0   3  1.53 0.59
  102 Y    -6  -6  -3  -8  -7  -6  -7  -8   0  -2  -3  -7  -5   1  -8  -5  -6  -3  10  -2    0   0   1   0   0   0   0   0   2   3   2   0   0   4   0   1   0   0  84   3  2.82 0.96
  103 G     1  -6  -4  -5  -2  -5  -5   7  -5  -3  -2  -5  -3   0  -5  -1  -3  -2  -5  -4   11   0   0   0   1   0   0  72   0   2   4   0   1   4   0   4   1   0   0   1  1.49 0.59
  104 L     1  -4  -3  -4  -3  -3  -4   2  -4   2   2  -3   0   2  -3   0   0  -3  -1   1   12   0   0   0   0   0   0  18   0  14  22   0   1   8   0   6   7   0   2   9  0.28 0.22
  105 A     7  -5  -5  -5  -2  -4  -5  -2  -5  -3  -5  -4  -4  -6  -3  -1  -1  -6  -5  -2   87   0   0   0   1   0   0   1   0   2   0   0   0   0   1   3   3   0   0   2  1.69 0.70
  106 A     3  -4  -3  -4  -3  -3  -4  -1  -4   2   2  -3   1   2  -4  -1   1  -4  -2   1   25   0   1   0   0   0   0   4   0  14  21   0   3   9   0   4   9   0   0  10  0.35 0.25
  107 I     2  -4  -5  -5  -3  -4  -4  -3  -5   3   3  -4  -1   0  -4  -2  -1  -1  -3   3   23   0   0   0   0   0   0   2   0  15  29   0   0   4   0   1   2   1   0  24  0.57 0.32
  108 L    -1  -4  -4  -5   0  -4  -5   4  -4   1   2  -4   1   0  -5  -3  -3   5   0   0    5   0   0   0   2   0   0  38   0  10  18   0   3   4   0   1   1   8   3   7  0.61 0.31
  109 T    -1  -4  -3  -4  -4  -4  -4  -2  -4  -2  -4  -4  -4  -1  -2   5   6  -5  -4  -2    2   0   0   0   0   0   0   2   0   3   0   0   0   4   1  40  47   0   0   2  1.14 0.56
  110 V     2  -4  -5  -5  -2  -3  -4  -1  -5   2   2  -4   0  -1  -4  -3  -2  -4  -3   4   18   0   0   0   0   1   0   6   0  12  24   0   2   2   0   0   1   0   0  33  0.55 0.30
  111 V     2  -4  -4  -4  -2  -3  -4  -3   3   2   2  -4   1   0  -4  -2  -1   0  -2   3   18   0   0   0   0   0   0   1   8  12  23   0   4   4   0   1   2   1   1  25  0.40 0.26
  112 T     5  -4  -3  -4   1  -3  -4   0  -4  -2  -2  -3  -3  -4  -2   0   3  -5  -4   0   51   0   0   0   3   0   0   6   0   1   4   0   0   0   1   5  21   0   0   8  0.73 0.40
  113 L     2  -4  -4  -4  -2  -4  -4  -1  -4   3   3  -4   0   1  -3  -2  -1   1  -3   2   25   0   0   0   0   0   0   5   0  19  27   0   1   5   0   1   2   2   0  14  0.41 0.26
  114 I    -1  -4  -5  -5  -2  -4  -5  -1  -3   3   0  -4  -1   2  -5  -3  -2   5   5   2    4   1   0   0   0   0   0   5   0  18   6   0   1   9   0   1   2   8  27  19  0.69 0.33
  115 G     1  -3  -3  -4  -1  -3  -4   1  -3   2   2  -3   1   2  -4  -2  -1   2   2   1   15   0   0   0   1   0   0  11   0  11  23   0   2   9   0   2   3   3   7  12  0.25 0.18
  116 V    -1  -4  -5  -6  -3  -3  -5  -4  -5   2   5  -4   1  -2  -4  -4  -1  -4  -3   3    4   0   0   0   0   1   0   1   0   7  55   0   2   1   1   0   3   0   0  27  0.85 0.37
  117 V    -2  -5  -5  -6  -1  -4  -5  -5  -4   2   3  -5   0   5  -5  -4  -3   6  -1   1    4   0   0   0   1   0   0   0   0  11  35   0   2  25   0   0   0  10   0  11  0.81 0.34
  118 T     1   3   0  -3  -3   0  -2   0  -1  -2  -1  -1   3  -2  -2   1   3  -2  -3  -1   16  17   4   0   0   3   0   6   1   1   3   2  12   1   1   9  21   1   0   2  0.27 0.22
  119 I    -3  -5  -5  -6  -3  -4  -5  -6  -5   5   4  -5   1  -2  -5  -4  -3  -4  -3   2    0   0   0   0   0   0   0   0   0  44  44   0   3   0   0   0   0   0   0  10  1.03 0.36

                      K         Lambda
Standard Ungapped    0.1487     0.3327
Standard Gapped      0.0464     0.2670
PSI Ungapped         0.1516     0.3179
PSI Gapped           0.0464     0.2670
