
Last position-specific scoring matrix computed, weighted observed percentages rounded down, information per position, and relative weight of gapless real matches to pseudocounts
            A   R   N   D   C   Q   E   G   H   I   L   K   M   F   P   S   T   W   Y   V   A   R   N   D   C   Q   E   G   H   I   L   K   M   F   P   S   T   W   Y   V
    1 M    -1  -2  -3  -4  -2  -1  -3  -3  -2   1   2  -2   7   0  -3  -2  -1  -2  -2   1    0   0   0   0   0   0   0   0   0   5   0   0  91   0   0   0   0   0   0   3  0.69 0.10
    2 V    -1   0  -3  -4  -2  -2  -3  -4  -3   1   2  -2   6  -1  -3  -2   0  -3  -2   3    0   5   0   0   0   0   0   0   0   3   9   0  53   0   0   0   3   0   0  27  0.52 0.14
    3 N     2   0   5   0  -2  -1  -1  -1  -1  -3  -3  -1  -2  -4  -2   1   2  -4  -3  -2   22   3  54   0   0   0   0   0   0   0   0   0   0   0   0   2  18   0   0   0  0.59 0.15
    4 L    -2  -3  -4  -4  -2  -1  -3  -4  -3   2   3  -3   3   0  -3  -3  -1  -3  -1   3    0   0   0   0   0   3   0   0   0  11  40   0  11   4   0   0   0   0   0  32  0.44 0.12
    5 L    -2  -3  -4  -4  -2  -3  -4  -4  -3   2   4  -3   3   3  -4  -3  -1  -2   0   1    0   0   0   0   0   0   0   0   0  17  47   0   8  21   0   0   2   0   0   5  0.52 0.13
    6 Q    -2   1   1  -2  -4   4   0   3   4  -4  -3   0  -2  -3  -3  -1  -1   2  -2  -4    0   5   7   0   0  35   0  28  14   0   1   4   0   0   0   0   2   3   0   0  0.54 0.17
    7 I    -2  -1  -4  -4  -2  -3  -4  -4  -2   5   2  -3   1   2  -4  -3   0  -3  -1   1    1   4   0   0   0   0   0   0   1  54  21   0   1  10   0   0   5   0   0   3  0.50 0.17
    8 V    -1  -2   0   0  -2  -2  -2  -3  -3   1   0  -2   1  -2  -1   0   2   3  -1   3    1   0   6   6   0   0   0   0   0   6   4   2   5   0   3   4  16   5   1  40  0.22 0.11
    9 R    -2   5  -1  -2   2   2  -1  -2   1  -3  -2   4  -2  -4  -2  -1   0   1  -2  -3    0  40   0   0   6   7   0   1   3   0   2  30   0   0   1   0   8   3   0   0  0.57 0.18
   10 D    -2   2   2   4  -4   3   1  -2   0  -3  -3   0   0  -3  -1  -1  -2  -4  -1  -3    0  12   9  37   0  18   7   1   1   0   1   2   4   0   2   2   0   0   3   1  0.49 0.15
   11 H    -2  -2  -1  -1  -4   0  -2  -4   6  -2  -2  -2  -2   3  -4  -2  -3   4   6  -3    2   0   1   3   0   3   0   0  31   2   2   0   0   9   0   0   0   5  41   0  0.93 0.23
   12 W    -2  -2  -4  -5  -3  -2  -4  -4  -3   0   1  -4  -1   0  -4  -1  -3  10   1   1    3   1   0   0   0   2   0   0   0   4  17   0   0   1   0   5   0  53   3  10  1.44 0.26
   13 V     0  -3  -3  -4   1  -2  -3  -3  -3   0   1  -1   0  -1  -3  -2   0   7   0   3   10   0   0   0   3   0   0   0   0   0  16   4   0   1   0   0   5  21   3  37  0.52 0.15
   14 H     1  -1  -1  -3   0  -1  -2   0   6  -1   1  -2   1   1  -3   0  -1  -3   0   0   13   1   0   0   2   0   0   6  34   2  14   0   5   6   0   6   3   0   1   6  0.29 0.13
   15 V     1  -3  -3  -3  -2  -2  -3  -2  -3   3   0  -2   0  -2   0   0   0  -3  -2   3   15   0   0   0   0   0   0   2   0  20   3   0   1   0   5   7   5   0   0  41  0.29 0.12
   16 L    -1  -3  -4  -4  -2  -3  -3  -4   0   3   3  -3   1   3  -3  -3  -2  -2  -1   2    3   0   0   0   0   0   0   0   3  17  47   0   0  14   0   0   0   0   0  15  0.42 0.12
   17 V    -1  -3  -3  -3  -2  -3  -3  -1  -3   0   0  -2  -1  -3   6  -2   0  -4  -3   3    2   0   0   0   0   0   0   6   0   0   9   0   0   0  41   0   5   0   0  36  0.75 0.17
   18 P     0  -3  -3  -3  -3  -2  -3  -3  -3   1   1  -2   2   1   6  -2  -2  -3  -2   0    7   0   0   0   0   0   0   0   0   8  20   0   7   9  46   0   0   0   0   4  0.81 0.16
   19 M     2  -2  -2  -3  -2  -2  -2  -1  -3   2   0  -2   3   0  -2   0   1  -3  -2   2   25   0   0   0   0   0   0   4   0  12   2   0  13   4   0   5   8   0   0  28  0.21 0.10
   20 G     1  -3  -2  -2  -3  -2  -3   6  -3  -2  -2  -2  -2   0  -3  -1  -2  -3  -3  -2   15   0   0   0   0   0   0  68   0   4   4   0   0   5   0   0   0   0   0   0  0.80 0.16
   21 F    -1  -3  -3  -4   1  -3  -3  -3  -2   0   0  -3  -1   6  -4  -2  -2   0   3  -1    6   0   0   0   3   0   0   0   0   5   7   0   0  59   0   3   0   0  11   3  0.71 0.17
   22 V     0  -3  -3  -3  -2  -2  -3   0  -2   1   2  -2   2   2  -3  -2  -1  -2   2   3    9   0   0   0   0   0   0   7   0   0  18   0   7   9   0   0   0   0   8  37  0.22 0.10
   23 I    -2  -3  -3  -3  -2  -3  -3  -4  -3   3   2  -3   1   3  -3  -2   0  -2   0   3    0   0   0   0   0   0   0   0   0  27  21   0   1  16   0   0   5   0   0  26  0.36 0.10
   24 G    -1   0  -1  -2  -3  -2  -3   6  -3  -4  -4  -2  -3  -4  -3  -1  -2  -3  -4  -4    0   8   0   0   0   0   0  86   0   0   1   0   0   0   0   0   0   0   0   0  1.27 0.22
   25 C    -1   0  -2  -3   7  -1  -2  -3   4  -3  -2   2  -1  -1  -3  -1  -2   6   2  -2    2   3   0   0  30   0   0   0  14   0   1  17   1   0   0   3   0  15  11   0  0.68 0.17
   26 Y    -2  -2  -3  -3   1  -2  -3  -4   0  -2   0   0   0   3  -3  -2  -2   4   7  -1    0   0   0   0   3   1   0   0   0   0  10   9   2  11   0   0   0   5  53   3  0.73 0.18
   27 L    -2  -3  -4  -4  -2  -3  -3  -4  -3   1   5  -3   1   1  -3  -2  -2  -2   1   1    0   0   0   0   0   0   0   0   0   5  74   0   0   3   0   2   0   0   5   6  0.58 0.16
   28 D    -3  -2   1   7  -4  -1   1  -2  -2  -4  -4  -2  -4  -4  -2  -1  -2  -5  -4  -4    0   0   6  84   0   0   6   0   0   0   1   0   0   0   0   0   0   0   0   0  1.31 0.24
   29 R    -2   5   0   2  -2   0   0  -2   0  -3  -2   2  -2  -3  -2  -1   0  -3   1  -2    0  43   3  17   1   1   0   1   2   0   2  15   0   0   0   0   5   0   5   1  0.46 0.13
   30 K     0   1  -1  -2  -3   2   0  -2  -2  -1  -1   4   2  -3  -2   0  -1  -3  -2  -1    5   5   0   0   0  12   3   0   0   2   7  50   8   0   0   6   0   0   0   2  0.40 0.15
   31 S    -1  -1   3   1  -3   1   4  -2  -1  -4  -4   0  -3  -4  -2   2  -1  -4  -3  -3    3   0  22   6   0   5  43   0   0   0   0   0   0   0   0  20   1   0   0   0  0.60 0.17
   32 D    -2  -2   1   5  -3  -1   0  -2  -2  -3  -3  -1  -3  -4  -2   0   4  -4  -2  -2    0   0   3  50   0   0   1   0   0   0   0   3   0   0   0   3  37   0   2   2  0.73 0.20
   33 E    -1   0  -1   0  -4   1   5  -2  -2  -2   1   0  -1  -3  -2  -1  -2  -4  -3   0    4   3   1   0   0   2  61   3   0   0  18   1   0   0   0   0   0   0   0   7  0.53 0.18
   34 R    -2   5   0  -2  -4   2  -1  -3  -1  -4  -3   4  -2  -4  -3   0   0  -1  -3  -3    0  49   4   0   0   6   0   0   0   0   0  30   0   0   0   4   6   1   0   0  0.73 0.18
   35 L    -2  -3  -4  -4  -3  -2  -4  -4  -3   0   4  -3   7   0  -4  -2  -2  -2   1   0    0   0   0   0   0   0   0   0   0   0  44   0  45   2   0   2   0   0   7   0  0.78 0.22
   36 T     0  -1  -1  -2   0  -2  -2  -3  -3  -1  -2  -2  -2  -3  -2   2   6  -4  -3  -1    3   2   0   0   2   0   0   0   0   3   0   0   0   0   0  16  74   0   0   0  0.82 0.24
   37 A     2   1  -1   1  -2  -1  -1   0  -2  -1   0   0   2  -2  -2   0   1  -3  -2  -1   31  13   2  11   0   0   0   5   0   0   8   1  11   0   0   4  11   0   0   1  0.15 0.09
   38 F    -3  -4  -4  -4  -3  -4  -4  -4  -2   0   0  -4  -1   7  -4  -3  -3   4   4  -2    0   0   0   0   0   0   0   0   0   3   7   0   0  70   0   0   0   5  13   0  1.13 0.23
   39 R    -1   6  -2  -3  -4   1  -1  -3   0  -4  -3   1   0  -3  -3  -1  -2   4  -2  -3    3  69   0   0   0   5   0   0   2   0   0   5   4   0   0   3   0   7   0   0  0.88 0.21
   40 N    -2  -2   6   5  -4  -1   0   1  -1  -4  -4  -1  -3  -4  -3  -1  -2  -5  -3  -4    0   0  50  38   0   0   0   8   0   0   0   0   0   0   0   0   0   0   0   0  0.95 0.21
   41 K    -2   3  -1  -2  -4   0   0  -3  -2  -4  -4   6  -3  -4  -2  -1  -2  -4  -3  -3    0  12   0   0   0   0   0   0   0   0   0  85   0   0   0   0   0   0   0   0  1.07 0.25
   42 S     0  -2   0  -2  -2  -1  -1  -2  -2  -4  -4  -2  -3  -4  -2   6   2  -4  -3  -3    0   0   3   0   0   0   0   0   0   0   0   0   0   0   0  89   8   0   0   0  1.00 0.28
   43 M     3  -1  -2  -2   0  -1   0  -2  -2  -1   0   2   4  -2  -2  -1  -1  -3  -2   0   40   0   0   0   1   0   5   0   0   2   8  18  19   0   0   0   2   0   0   3  0.26 0.13
   44 L    -3  -3  -5  -5  -3  -3  -4  -5  -4   0   5  -4   2  -1  -4  -4  -2  -3  -2   0    0   0   0   0   0   0   0   0   0   0  96   0   4   0   0   0   0   0   0   0  1.02 0.24
   45 F    -3  -3  -4  -5  -4  -3  -4  -4   0  -2  -1  -4  -2   6  -5  -2  -3   1   7  -2    0   0   0   0   0   0   0   0   0   0   2   0   0  35   0   3   0   0  60   0  1.36 0.27
   46 K    -1   1  -1  -2  -4   0  -1   5  -2  -4  -4   4  -3  -4  -3  -1  -2  -4  -4  -4    2   4   0   0   0   3   0  54   0   0   0  37   0   0   0   0   0   0   0   0  0.82 0.19
   47 R    -2   7  -2  -3  -4   0  -1   0  -2  -4  -3   1  -3  -4  -2  -2  -2  -4  -3  -4    0  86   0   0   0   0   0   8   0   0   0   3   0   0   1   0   0   0   0   0  1.19 0.26
   48 E    -2   0   0   1  -4   0   5  -2  -1  -3  -3   1  -1  -4   1  -1   0  -4  -3  -1    0   4   3   5   0   0  61   1   0   0   0   8   2   0   6   0   5   0   0   5  0.64 0.19
   49 L    -2   0  -3  -3  -2  -2  -1  -2  -1   0   4  -2   1  -1  -2  -1  -2  -2   1   0    1   7   0   0   0   0   3   3   2   0  62   0   1   0   2   5   0   0   7   6  0.33 0.14
   50 Q    -1   4  -1  -2  -4   0  -1   1  -2  -4  -4   5  -3  -4  -1  -1  -2  -4  -3  -3    3  30   0   0   0   2   0  13   0   0   0  48   0   0   3   2   0   0   0   0  0.67 0.20
   51 P    -1  -1  -3  -2  -1  -1   2  -3  -3  -4  -4  -1  -4  -5   7  -1  -2  -5  -4  -4    2   3   0   1   2   1  14   0   0   0   0   2   0   0  72   3   0   0   0   0  1.66 0.28
   52 S     0  -2   2   0  -3  -2  -1   5  -1  -1  -3   0  -3  -4  -3   1  -1  -4  -3  -2    3   0  13   5   0   0   1  50   1   5   0   5   0   0   0  14   1   0   0   1  0.55 0.15
   53 E    -2  -1  -1   2  -5   2   6  -2  -1  -5  -4   0  -3  -4  -3  -1  -2  -4  -1  -4    0   1   0   9   0   5  79   2   0   0   0   2   0   0   0   0   0   0   2   0  1.09 0.27
   54 E    -1   1  -1   1  -4   1   3  -3  -1  -3  -3   2  -2  -3   4  -1  -1  -3   1  -3    2   6   0   6   0   5  32   0   0   0   0  17   0   0  19   1   1   0   8   0  0.50 0.14
   55 V    -1  -3  -3  -3   1  -3  -3  -3  -3  -1  -1  -2  -2  -3   7   0  -2  -4   1   2    3   0   0   0   3   0   0   0   0   0   3   0   0   0  54   6   0   0   6  25  1.06 0.22
   56 T     0  -2  -1  -2  -2  -2  -2  -2  -2  -3  -3  -2  -2  -4   4   4   4  -4  -3  -1    4   0   0   0   0   0   0   0   0   0   0   0   0   0  19  41  35   0   0   2  0.67 0.20
   57 W    -4  -5  -6  -6   2  -4  -5  -5  -4  -4  -4  -5  -3  -1  -6  -5  -4  12   1  -5    0   0   0   0   6   0   0   0   0   0   0   0   0   0   0   0   0  93   1   0  3.44 0.45
   58 K    -2   1  -2  -2  -4  -1  -1  -3  -2  -4  -4   4  -3  -4   6  -1  -2  -4  -3  -3    0   4   0   0   0   0   0   0   0   0   0  43   0   0  53   0   0   0   0   0  1.23 0.17

                      K         Lambda
Standard Ungapped    0.1394     0.3272
Standard Gapped      0.0487     0.2670
PSI Ungapped         0.1592     0.3169
PSI Gapped           0.0487     0.2670
