
Last position-specific scoring matrix computed, weighted observed percentages rounded down, information per position, and relative weight of gapless real matches to pseudocounts
            A   R   N   D   C   Q   E   G   H   I   L   K   M   F   P   S   T   W   Y   V   A   R   N   D   C   Q   E   G   H   I   L   K   M   F   P   S   T   W   Y   V
    1 M    -2  -2  -3  -4  -2  -1  -3  -4  -2   1   1  -2   8  -1  -3  -2  -1  -2  -2   0    0   0   0   0   0   0   0   0   0   0   0   0 100   0   0   0   0   0   0   0  0.96 0.14
    2 L    -1  -2  -2  -2  -2  -2  -2  -3  -3   0   3  -2   1  -1   4   1  -1  -3  -2  -1    0   0   0   0   0   0   0   0   0   0  45   0   4   0  29  22   0   0   0   0  0.47 0.07
    3 R     0   4  -1  -2  -3   0  -1   1  -1  -3  -2   1  -2  -3   0   1  -1  -3  -2  -2    6  50   0   0   0   0   0  14   0   0   4   5   0   0   3  19   0   0   0   0  0.39 0.07
    4 L    -1  -2  -2  -3  -2  -2  -3  -3  -3   1   3  -2   1  -1  -3  -1   3  -3  -2   0    0   0   0   0   0   0   0   0   0   8  54   0   2   0   0   0  35   0   0   2  0.41 0.11
    5 A     3  -1  -2  -2  -2  -2  -2   0  -3  -2  -2  -1  -2  -3   6   0  -1  -4  -3  -2   33   2   0   0   0   0   0   4   0   0   4   0   0   0  49   4   2   0   0   1  0.92 0.13
    6 P    -1   0  -2  -2   1   1  -1  -3  -2  -1   2  -1   0  -2   5  -1  -1  -3  -2   0    0   7   0   0   4  13   0   0   0   0  30   0   0   0  33   3   0   0   0   8  0.48 0.09
    7 T     1  -2  -2  -3  -1  -2  -2  -3  -3   1   3  -2   1  -1  -1  -1   2  -2  -2   1   17   0   0   0   0   0   0   0   0   5  49   0   0   0   2   0  18   0   0   8  0.25 0.07
    8 V    -1  -3  -3  -4   2  -3  -3  -4  -3   1   4  -3   1  -1  -2  -2   0  -3  -2   1    3   0   0   0   7   0   0   0   0   3  71   0   0   0   2   2   6   0   0   7  0.45 0.11
    9 R    -2   6  -1  -3  -4   0  -1  -3  -1  -2  -1   1   1  -3  -3  -1  -2  -3  -2  -1    0  77   0   0   0   0   0   0   0   0   7   0   5   0   0   4   0   0   0   6  0.79 0.16
   10 L    -1  -3  -2  -3  -2  -3  -3   4  -3  -1   3  -3   0  -2  -3  -1  -2  -3  -3  -1    0   0   0   0   0   0   0  50   0   0  48   0   0   0   0   2   0   0   0   0  0.55 0.12
   11 L    -2   0  -4  -4  -2  -3  -3  -4  -3   1   5  -2   1  -1   1  -3  -2  -3  -2   0    0   6   0   0   0   0   0   0   0   0  86   0   0   0   7   0   0   0   0   0  0.62 0.14
   12 Q    -1   1  -1  -2  -2   4   0  -2  -2  -2  -2   0  -1  -3  -1   0   4  -3  -2  -1    2   8   0   0   0  29   0   0   0   1   0   2   0   0   2   0  55   0   0   0  0.53 0.15
   13 A     3   1  -1  -2  -2  -2  -2   4  -2  -3  -3  -1  -2  -3  -1   0  -1  -3  -3  -2   38   9   0   0   0   0   0  48   0   0   0   0   0   0   2   2   1   0   0   0  0.59 0.12
   14 P    -1  -1  -2  -2  -3  -2  -2  -3  -3  -2   1  -2  -1  -3   7   1  -1   0  -3  -2    1   5   0   0   0   0   0   0   0   0  22   0   0   0  57  13   0   1   0   0  1.06 0.17
   15 L     3  -1  -2  -2  -1  -1  -1  -2  -2   0   1  -1   0  -2  -1   1   1  -3  -2   1   37   1   0   0   0   0   3   0   0   0  25   0   0   0   2  11  11   0   0  10  0.19 0.08
   16 R    -2   5  -1  -2  -4   0  -1   1  -1  -4  -3   2  -2  -3  -3   0   0   4  -2  -3    0  60   0   0   0   0   0  10   0   0   0  11   0   0   0   9   5   6   0   0  0.66 0.15
   17 G    -1   4  -1  -2   5   0  -2   1  -2  -2  -1   0  -2  -2  -3  -1   1  -3  -1  -2    3  41   0   0  17   3   0  13   0   0   6   0   0   2   0   2  10   0   2   0  0.38 0.13
   18 W     0  -1  -1  -3   0   0  -2  -3  -2   0   3  -2   0  -1  -3  -2   0   6  -1   0    7   3   5   0   3   7   0   0   0   0  50   0   0   0   0   0   8  14   0   3  0.35 0.12
   19 A     0  -3  -2  -1  -2  -2  -2  -3  -3   1   2  -2   0  -2   4   0  -1  -3  -2   2    5   0   0   5   0   0   0   0   0   4  26   0   1   0  28   7   0   0   0  24  0.42 0.10
   20 V     1  -3  -3  -3  -2  -3  -3  -2  -3   2   1  -3   1  -2  -3   0  -1  -3  -2   4    9   0   0   0   0   0   0   2   0   7   8   0   3   0   0   7   0   0   0  64  0.39 0.14
   21 P    -2  -2  -2  -2  -4   3  -1  -3  -1  -3  -1  -1  -2  -4   7  -1   0  -4  -3  -3    0   0   0   0   0  26   0   0   1   0   9   0   0   0  59   0   5   0   0   0  1.23 0.20
   22 K    -2   5  -1  -2   3   0  -1  -3   0  -3  -1   3  -2  -3   0  -1   0   1  -2  -3    0  51   0   0   9   0   0   0   1   0   6  23   0   0   3   0   4   2   0   0  0.58 0.16
   23 A     4   0  -2  -2  -1  -1  -1   0  -2  -2  -1  -1   0  -3   1   1  -1  -3  -2   0   65   4   0   0   0   0   0   3   0   0   2   0   4   0   6   7   0   0   0   5  0.40 0.13
   24 H    -1   1  -1  -1  -3   4   0  -1   5  -3  -3   1  -2  -1   1   0  -1  -2   0  -3    1   8   0   0   0  32   0   5  20   0   1  10   0   3   7   7   0   0   3   0  0.38 0.12
   25 I     0  -3  -3  -3  -2  -2  -3  -3  -3   4   1  -3   1  -1  -3  -1  -1  -3  -2   3    6   0   0   0   0   0   0   1   0  48   4   0   3   0   0   6   0   0   0  28  0.38 0.12
   26 T    -1   0   0   0  -3  -1  -1  -2   7  -1  -3  -1  -2  -1  -2   2   0  -2   2  -2    1   4   2   4   0   0   0   1  46   6   1   0   0   0   0  22   3   0   8   0  0.58 0.16
   27 A     2  -2  -1  -1  -2  -1  -1   0  -2  -3  -3  -1  -2  -1  -2   4   0  -3  -2  -2   24   0   0   2   0   0   0   3   0   0   1   0   0   4   0  63   0   0   0   0  0.50 0.16
   28 K     1   2  -1  -2  -3   0   1  -2  -2  -3  -1   5   1  -3  -2   0  -1  -4  -3  -2   11   5   0   0   0   0   5   0   0   0   4  61   7   0   0   6   0   0   0   0  0.48 0.16
   29 P    -1  -3  -3  -2  -4  -2   0  -3  -3  -4  -2  -2  -3  -5   8  -2  -2  -5  -4  -3    4   0   0   0   0   0   7   0   0   0   4   0   0   0  85   0   0   0   0   0  1.98 0.27
   30 A     3  -3  -3  -3  -3  -2  -2   0  -3  -3  -3  -2  -3  -4   7  -1  -2  -4  -3  -2   36   0   0   0   0   0   0   6   0   0   2   0   0   0  56   0   0   0   0   0  1.21 0.20
   31 K    -2   6  -1  -2  -4   1   2  -3  -1  -4  -3   3  -2  -4  -3  -1  -2   2  -2  -3    0  59   0   0   0   2  13   0   0   0   0  20   0   0   0   0   0   4   0   0  0.79 0.18
   32 T    -1   1   1   0  -3   2   3  -1  -1  -2  -3   0  -2  -3  -2   0   2  -3  -2  -1    0   6   9   0   0   8  36   4   0   0   0   3   0   0   0   2  25   0   0   7  0.34 0.12
   33 P    -1  -1  -2  -1  -4   3   2  -3  -2  -4  -3   2  -2  -4   5   0  -2   4  -2  -3    0   0   0   0   0  22  15   0   0   0   0  14   0   0  36   6   0   7   0   0  0.81 0.16
   34 T    -1  -2  -2  -3  -2  -2   0  -3  -3   1   3  -2   1  -1  -3   0   2  -3  -2   0    0   0   0   0   0   0   7   0   0   7  52   0   0   0   0   6  25   0   0   3  0.32 0.12
   35 S     0  -1  -1   1  -3  -2  -2   5  -2  -4  -4  -1  -3  -4  -2   3   0  -4  -3  -3    0   4   0   7   0   0   0  51   0   0   0   0   0   0   0  34   4   0   0   0  0.66 0.16
   36 P     1  -2  -1  -2  -2  -2  -2   0  -3   0   0  -2  -1  -2   3   0   3  -3  -2   0   15   0   2   0   0   0   0   7   0   9   8   0   0   0  18   1  35   0   0   5  0.33 0.10
   37 K     1  -1  -2  -3  -2  -1  -2   1  -2   0   1   1   5  -2  -2   0   1  -3  -2   0   13   0   0   0   0   0   0  10   0   0  14  11  31   0   0   2  14   0   0   5  0.20 0.11
   38 E    -2  -1   0   4  -4   2   4   1  -1  -1  -3   0  -2  -4  -2  -1  -2  -4  -3  -3    0   0   0  32   0  11  41  10   0   6   0   0   0   0   0   0   0   0   0   0  0.58 0.13
   39 Q    -1   0  -1  -2   0   3   0  -3  -1   1   0   2   0  -2  -2   0  -1  -3  -1   1    0   0   0   0   3  28   0   0   0  12   5  21   3   0   0  11   0   0   2  15  0.19 0.09
   40 A     3  -2  -2  -2  -2  -1   1  -1  -2   0  -1  -2  -1   2  -2   0   0  -2  -1   0   55   0   0   0   0   0  10   0   0   5   5   0   0  14   0   0   5   0   0   6  0.26 0.11
   41 I     0  -3   0  -3  -2  -2  -3  -3  -3   3   0  -2   0   2  -3  -1   1  -3  -1   3    5   0   9   0   0   0   0   0   0  37   0   0   0  10   0   0   8   0   0  30  0.27 0.08
   42 G     2  -3  -1  -2  -3  -2  -3   5  -3   0  -3  -2  -2  -3  -3  -1  -2  -3  -3  -2   19   0   0   0   0   0   0  71   0  10   0   0   0   0   0   0   0   0   0   0  0.83 0.13
   43 L    -2  -3  -4  -4  -2  -2  -3  -4  -3   2   4  -3   4   1  -4  -3  -2  -2  -1   1    0   0   0   0   0   0   0   0   0  14  62   0  19   5   0   0   0   0   0   0  0.56 0.12
   44 S     0  -2  -1  -1  -2  -1  -1   1  -2  -1  -2  -1  -1  -3   0   3   3  -3  -2   0    3   0   0   0   0   0   0  12   0   3   0   0   0   0   3  39  30   0   0   9  0.33 0.10
   45 V     1  -2  -1  -2  -1  -1  -2  -2  -2   0   0  -2   1   0  -2   3   1  -3  -2   3    8   0   0   0   0   0   0   0   0   0   4   0   5   3   0  41   4   0   0  35  0.24 0.10
   46 T    -1   0  -3  -4   7  -2  -3  -3  -3   1   0  -2   2   3  -3  -2   1  -2  -1   0    0   9   0   0  35   0   0   0   0  11   8   0  10  18   0   0  10   0   0   0  0.46 0.11
   47 F    -2   0  -3  -4  -3  -3  -3  -3  -2   0   0  -2   1   6  -4  -1   0  -1   1   0    0   9   0   0   0   0   0   0   0   4   0   0   5  65   0   5   9   0   0   4  0.62 0.15
   48 L     0  -2  -3  -3   2  -2  -3  -3  -3   2   3  -2   1   0  -3  -2   0  -3  -1   2    9   2   0   0   5   0   0   0   0   8  38   0   0   3   0   0   7   0   0  29  0.26 0.08
   49 S     1  -2  -1  -2   6  -2  -2   1  -1  -1  -2  -2  -2  -3  -2   2   1  -3  -2  -1   12   0   0   0  31   0   0  13   2   5   0   0   0   0   0  24  12   0   0   0  0.45 0.11
   50 F    -3  -3  -4  -4   3  -3  -4  -4  -2   1   1  -4   2   6  -4  -3  -2   0   2  -1    0   0   0   0   8   0   0   0   0   7   8   0  10  67   0   0   0   0   0   0  0.78 0.14
   51 L    -2  -3  -4  -4  -2  -3  -3  -4  -3   1   4  -3   4   2  -4  -3  -2  -2  -1   0    0   0   0   0   0   0   0   0   0   0  77   0  14   9   0   0   0   0   0   0  0.63 0.13
   52 L    -1  -3  -3  -3  -2  -2  -3  -1  -3   2   3  -3   1  -1  -3  -2   0  -3  -2   3    3   0   0   0   0   0   0   5   0   6  45   0   0   0   0   0   7   0   0  34  0.31 0.08
   53 P    -2  -3  -3  -2  -3  -2  -2  -3  -3  -1  -2  -2  -3  -4   8  -1  -2  -4  -4  -2    0   0   0   0   0   0   0   0   0   6   4   0   0   0  85   4   0   0   0   0  1.85 0.18
   54 A     4  -2  -2  -2  -1  -1  -1   0  -2  -2  -2  -1  -2  -3   3   2   0   0  -2  -1   60   0   0   0   0   0   0   2   0   0   2   0   0   0  14  21   0   2   0   0  0.49 0.11
   55 G     0  -3  -1  -2  -3  -3  -3   6  -3  -3  -4  -2  -3  -4  -3  -1  -2  -3  -4  -1    5   0   0   0   0   0   0  89   0   0   0   0   0   0   0   0   0   0   0   6  1.15 0.14
   56 W    -3  -4  -5  -5   2  -3  -4  -4  -3  -3  -3  -4  -2   0  -5  -4  -3  11   4  -4    0   0   0   0   6   0   0   0   0   0   0   0   0   0   0   0   0  82  13   0  2.60 0.24
   57 V    -1  -3  -4  -4  -2  -3  -3  -4  -4   4   1  -3   0  -1  -3  -3  -1  -3  -2   5    0   0   0   0   0   0   0   0   0  31   0   0   0   0   0   0   0   0   0  69  0.62 0.12
   58 L    -2  -3  -4  -4  -2  -2  -3  -4  -3   1   4  -3   4   1  -4  -3  -2  -2  -1   0    0   0   0   0   0   0   0   0   0   0  75   0  21   4   0   0   0   0   0   0  0.63 0.11
   59 Y     1  -1   0  -1  -2  -1  -1   0   3  -3  -3  -1  -2  -2  -2   4   1  -3   0  -2    9   0   0   0   0   0   0   4  10   0   0   0   0   1   0  69   3   0   4   0  0.47 0.11
   60 H    -3  -1   2  -2  -4  -1  -1  -3   9  -4  -4  -2  -3  -2  -1  -2  -2  -4   1  -4    0   0  10   0   0   0   0   0  87   0   0   0   0   0   3   0   0   0   0   0  1.43 0.19
   61 L    -2  -3  -4  -4  -2  -3  -3  -4  -3   1   5  -3   3   0  -4  -3  -2  -2  -2   1    0   0   0   0   0   0   0   0   0   0  87   0   8   0   0   0   0   0   0   5  0.67 0.11
   62 D    -2  -1   1   3  -4   1   5  -2  -1  -4  -4   1  -3  -4   1  -1  -1  -4  -3  -3    0   0   4  24   0   3  54   0   0   0   0   8   0   0   7   0   0   0   0   0  0.68 0.10
   63 N     0  -1   2   1  -2   0   1  -1   2  -2  -3  -1  -2  -3  -2   3   1  -3  -2  -1    0   0  12   7   0   4   7   0   8   0   0   0   0   0   0  52   5   0   0   6  0.35 0.08
   64 Y    -3  -3  -3  -4  -1  -3  -3  -4   1  -2  -2  -3  -2   3  -4  -3  -3   1   8  -2    0   0   0   0   2   0   0   0   0   0   0   0   0   9   0   0   0   0  90   0  1.43 0.19
   65 K    -2   4  -1  -2  -4   1   0  -2  -1  -4  -3   6  -2  -4  -2  -1  -1  -4  -3  -3    0  20   0   0   0   0   0   0   0   0   0  80   0   0   0   0   0   0   0   0  0.85 0.14
   66 K     0   3  -1  -2  -3   1   0  -2  -1  -3  -3   5  -1  -3  -2   0   0  -4  -2  -3    5  19   0   0   0   0   0   0   0   0   0  65   3   0   0   3   4   0   0   0  0.59 0.11
   67 S    -1   5   1  -1  -3   1  -1  -1  -1  -3  -1   1  -2  -3   0   2  -1  -3  -2  -3    0  48   6   0   0   6   0   4   0   0   5   3   0   0   5  22   0   0   0   0  0.42 0.08
   68 S     0  -1   0   0  -3   1   5  -2  -1  -3  -3   0  -2  -4   0   3   0  -3  -3  -3    2   0   0   0   0   0  60   0   0   0   0   0   0   0   4  34   0   0   0   0  0.60 0.09
   69 A     3   0  -1  -2  -1  -1  -1   2  -2  -1  -2  -1  -1  -3  -1   1   2  -3  -2  -1   44   9   0   0   0   0   0  22   0   5   0   0   0   0   0   0  20   0   0   0  0.26 0.02
   70 A     4  -2  -2  -2  -1  -1  -1   0  -2  -2  -2  -1  -1  -2  -1   1   0  -3  -2   0  100   0   0   0   0   0   0   0   0   0   0   0   0   0   0   0   0   0   0   0  0.46 0.02

                      K         Lambda
Standard Ungapped    0.1320     0.3197
Standard Gapped      0.0443     0.2670
PSI Ungapped         0.1447     0.3170
PSI Gapped           0.0443     0.2670
