
Last position-specific scoring matrix computed, weighted observed percentages rounded down, information per position, and relative weight of gapless real matches to pseudocounts
            A   R   N   D   C   Q   E   G   H   I   L   K   M   F   P   S   T   W   Y   V   A   R   N   D   C   Q   E   G   H   I   L   K   M   F   P   S   T   W   Y   V
    1 M    -1  -2  -2  -3  -2  -1  -2  -3  -2   1   2  -2   6   0  -3  -2  -1  -2  -1   1    0   0   0   0   0   0   0   0   0   0   0   0 100   0   0   0   0   0   0   0  0.46 0.03
    2 K     0   2   0  -1  -3   1   0  -1  -1  -3  -2   5  -1  -3  -1   0   0  -3  -2  -2   12   0   0   0   0   0   0   0   0   0   0  83   0   0   0   0   5   0   0   0  0.44 0.02
    3 W    -3  -3  -4  -5  -3  -2  -3  -3  -3  -3  -2  -3  -2   1  -4  -3  -3  11   2  -3    0   0   0   0   0   0   0   0   0   0   0   0   0   0   0   0   0 100   0   0  2.53 0.05
    4 K    -1   2   0  -1  -3   1   2  -2  -1  -3  -3   4  -1  -3  -1   0   1  -3  -2  -2    0   0   0   0   0   0  11   0   0   0   0  76   0   0   0   0  13   0   0   0  0.44 0.02
    5 A     3  -2  -2  -2  -1  -1   0  -1  -2   1  -1  -1   0  -2  -1   0   1  -3  -2   2   45   0   0   0   0   0   8   0   0   0   0   0   0   0   0   0  11   0   0  36  0.18 0.01
    6 L    -1  -2  -3  -3  -2  -2  -3  -3  -2   1   3  -2   4   1  -3  -1  -1  -2  -1   1    0   0   0   0   0   0   0   0   0   6  59   0  24   6   0   6   0   0   0   0  0.34 0.02
    7 F    -1  -3  -3  -4  -1  -3  -3  -4  -2   3   1  -3   0   3  -3  -2  -1  -1   1   3    0   0   0   0   0   0   0   0   0  22   0   0   0  21   0   0   0   0   6  52  0.34 0.03
    8 T     0  -2  -1  -2   2  -1  -1  -2  -2   2   0  -1   0  -1   1   2   1  -3  -2   1    0   0   0   0   6   0   5   0   0  35   4   0   3   0   7  28  12   0   0   0  0.14 0.02
    9 A     3  -2  -2  -2  -1   0  -1  -1  -2   1   0  -1   2   0  -2   0   0  -2  -1   1   56   0   0   0   0   5   0   0   0   6   7   0  11   5   0   0   0   0   0  11  0.19 0.03
   10 A     3  -2  -2  -3   3  -2  -2  -1  -2   0  -1  -2  -1  -2   0   0   0   3  -1   1   59   0   0   0   8   0   0   0   0   0   0   0   0   0   4   0   0   6   0  22  0.28 0.03
   11 I    -1  -3  -3  -3  -2  -2  -2  -3   0   3   1  -2   0   0   3  -1  -1   2  -1   2    0   0   0   0   0   0   0   0   5  34  11   0   0   5  21   3   0   3   0  18  0.31 0.03
   12 L    -1  -1  -3  -4  -2  -2  -3  -4  -3   1   4  -2   2   0  -3  -2  -1  -2   0   0    4   5   0   0   0   0   0   0   0   0  88   0   0   0   0   0   0   0   3   0  0.45 0.05
   13 Q    -1   0  -1  -1  -2   4   1  -3   0  -1   1   0   1   1  -2  -1   0  -2  -1  -1    0   0   0   0   0  48   3   0   3   0  17   3   5   8   0   0   9   0   0   4  0.25 0.04
   14 A     3  -2  -1  -2  -1  -1  -1   0  -2  -1   0  -1  -1  -2   1   2   1  -3  -2   0   42   0   0   0   0   0   0   3   0   0  15   0   0   0   7  19  12   0   0   3  0.22 0.03
   15 Q     0   1  -1  -2  -2   4   0  -2   1   0   1   0   0  -2   1   0  -1  -2  -2  -1    6   5   0   0   0  41   0   0   3   3  27   3   0   0   7   4   0   0   0   0  0.22 0.04
   16 L    -2  -3  -3  -4  -2  -3  -3  -3  -2   1   3  -3   1   5  -3  -2  -1  -1   1   1    0   0   0   0   0   0   0   0   0   0  38   0   0  43   0   0   3   0   0  13  0.39 0.04
   17 P     0  -2  -2  -2  -2  -1  -1  -2   0  -1   0  -1  -1  -2   6   0  -1  -3  -2  -1    6   0   0   0   0   0   0   1   3   0  19   0   0   0  57  10   0   0   0   0  0.93 0.05
   18 I     0  -1  -2  -2  -1  -2  -2   1  -2   2   0  -2   0   1  -1   0   0  -2  -1   2    3   3   0   0   0   0   0  13   0  20   1   0   2   7   3  10   0   0   0  36  0.10 0.01
   19 T     1  -1   0  -1  -1   0   1   0  -2  -1  -1  -1  -1  -2   1   1   4  -3  -2  -1    8   0   0   0   0   0  10   7   0   0   2   0   0   0   6   7  60   0   0   0  0.31 0.03
   20 E     1   0   0   1  -3   2   4   1  -1  -3  -3   0  -2  -3  -1   0  -1  -3  -2  -2   17   0   0   7   0  14  49  12   0   0   0   0   0   0   0   0   0   0   0   0  0.39 0.02
   21 A     4  -2  -2  -2  -1  -1  -1   2  -2  -2  -2  -1  -1  -3  -1   1   0  -3  -2  -1   87   0   0   0   0   0   0  13   0   0   0   0   0   0   0   0   0   0   0   0  0.44 0.03
   22 Q     0   1   0   0  -3   6   2  -2   1  -3  -2   1  -1  -3  -1   0  -1  -2  -1  -2    5   0   0   0   0  81   8   0   3   0   1   0   0   0   0   0   0   0   0   0  0.60 0.04
   23 S     2  -1   0   0  -1   0   0   0  -1  -2  -2  -1  -1  -2  -1   3   2  -3  -2  -1   20   0   0   3   0   0   0   0   0   2   0   0   0   0   0  62  10   0   0   0  0.34 0.03
   24 F     1  -2  -3  -3  -2  -2  -1  -2  -1   0   1  -2   0   5  -3  -1  -2   0   2  -1   18   0   0   0   0   0   4   0   0   0   9   0   0  62   0   0   0   0   3   0  0.40 0.03
   25 G     1  -2  -1  -1  -2  -2  -2   5  -2  -3  -3  -1  -2  -3  -2   1  -1  -3  -3  -2   15   0   0   0   0   0   0  74   0   0   0   0   0   0   0   8   0   0   0   0  0.74 0.02
   26 L    -1  -2  -3  -3  -1  -2  -3  -3  -3   2   4  -2   2   0  -3  -2  -1  -2  -1   1    1   0   0   0   0   0   1   1   0   8  81   0   4   0   0   1   0   0   0   1  0.39 0.02
   27 L    -1  -2  -2  -2  -1  -2  -2   1  -2   1   3  -2   1   0  -2  -1   0  -2  -1   0    3   0   0   0   0   0   1  15   0   0  62   0   0   0   0   4  11   0   0   1  0.18 0.01
   28 D    -2  -1   1   5  -4   1   3  -2  -1  -3  -4   0  -3  -4  -2   0  -1  -4  -3  -3    0   0   0  66   0   0  34   0   0   0   0   0   0   0   0   0   0   0   0   0  0.80 0.03
   29 P    -1  -2  -2  -2  -3  -2  -1  -2  -3  -3  -3  -1  -3  -4   8  -1  -1  -4  -3  -3    0   0   0   0   0   0   0   0   0   0   0   0   0   0 100   0   0   0   0   0  2.14 0.04
   30 K    -1   2   0  -1  -3   4   1  -2   0  -3  -3   4  -1  -3  -1   0  -1  -3  -2  -3    0   4   0   0   0  36   0   0   0   0   0  61   0   0   0   0   0   0   0   0  0.53 0.03
   31 L    -2  -2  -4  -4  -1  -2  -3  -4  -3   2   4  -3   2   0  -3  -3  -1  -2  -1   1    0   0   0   0   0   0   0   0   0  11  89   0   0   0   0   0   0   0   0   0  0.48 0.02
   32 C    -1  -4  -3  -4   9  -3  -4  -3  -3  -2  -2  -3  -2  -3  -3  -1  -1  -3  -3  -1    0   0   0   0 100   0   0   0   0   0   0   0   0   0   0   0   0   0   0   0  1.47 0.05
   33 Y    -2  -2  -2  -3  -3  -2  -2  -3   2  -2  -1  -2  -1   3  -3  -2  -2   2   7  -2    0   0   0   0   0   0   0   0   0   0   0   0   0   0   0   0   0   0 100   0  1.05 0.05
   34 L    -2  -3  -4  -4  -1  -3  -3  -4  -3   3   3  -3   2   0  -3  -3  -1  -2  -1   2    0   0   0   0   0   0   0   0   0  33  62   0   0   0   0   0   0   0   0   5  0.40 0.02
   35 L    -2  -2  -4  -4  -1  -2  -3  -4  -3   1   4  -3   3   0  -3  -3  -1  -2  -1   1    0   0   0   0   0   0   0   0   0   0  91   0   6   0   0   0   0   0   0   2  0.48 0.02
   36 D    -2  -2   1   6  -4  -1   1  -2  -1  -3  -4  -1  -3  -4  -2   0  -1  -5  -3  -4    0   0   0 100   0   0   0   0   0   0   0   0   0   0   0   0   0   0   0   0  1.05 0.04
   37 G     2  -2  -1  -2  -2  -2  -2   5  -2  -3  -3  -1  -2  -3  -2   1  -1  -3  -3  -2   29   0   0   0   0   0   0  64   0   0   0   0   0   0   0   6   0   0   0   0  0.66 0.02
   38 I    -1  -3  -4  -3  -1  -3  -3  -4  -4   5   2  -3   1   0  -3  -3  -1  -3  -2   3    0   0   0   0   0   0   0   0   0  91   4   0   0   0   0   0   0   0   0   4  0.46 0.03
   39 L    -2  -2  -4  -4  -1  -2  -3  -4  -3   1   4  -3   2   0  -3  -3  -1  -2  -1   1    0   0   0   0   0   0   0   0   0   0 100   0   0   0   0   0   0   0   0   0  0.53 0.03
   40 F    -2  -3  -3  -4  -3  -3  -4  -3  -2   0   1  -3   0   7  -4  -3  -2   1   3  -1    0   0   0   0   0   0   0   0   0   0   5   0   0  95   0   0   0   0   0   0  0.83 0.04
   41 I    -2  -3  -4  -4  -1  -3  -3  -4  -3   3   3  -3   2   0  -3  -3  -1  -2  -1   2    0   0   0   0   0   0   0   0   0  53  47   0   0   0   0   0   0   0   0   0  0.40 0.02
   42 Y    -2  -2  -2  -3  -3  -2  -2  -3   2  -2  -1  -2  -1   3  -3  -2  -2   2   7  -2    0   0   0   0   0   0   0   0   0   0   0   0   0   0   0   0   0   0 100   0  1.05 0.05
   43 G     0  -3  -1  -2  -3  -2  -2   6  -2  -4  -4  -2  -3  -3  -2   0  -2  -3  -3  -3    0   0   0   0   0   0   0 100   0   0   0   0   0   0   0   0   0   0   0   0  1.13 0.03
   44 V    -1  -3  -3  -3  -1  -3  -3  -4  -3   3   2  -3   1   1  -3  -2  -1  -2  -1   3    0   0   0   0   0   0   0   0   0  32  11   0   0  10   0   0   0   0   0  48  0.32 0.01
   45 I    -1  -3  -3  -3  -1  -2  -3  -3  -3   4   1  -2   1  -1  -3  -1   0  -3  -1   3    0   0   0   0   0   0   0   0   0  56   0   0   0   0   0  10   0   0   0  34  0.31 0.02
   46 L    -1  -3  -3  -4  -1  -3  -3  -4  -3   3   3  -3   1   0  -3  -2  -1  -2  -1   3    0   0   0   0   0   0   0   0   0  30  45   0   0   0   0   0   0   0   0  25  0.36 0.01
   47 T     0  -1   0  -1  -1  -1  -1  -2  -2  -1  -1  -1   1  -2  -1   1   5  -3  -2   0    0   0   0   0   0   0   0   0   0   0   0   0  10   0   0   0  90   0   0   0  0.48 0.03
   48 A     3  -2  -2  -2  -1  -1  -1  -1  -2   0   1  -1   0  -1  -2   1   0  -2  -2   1   55   0   0   0   0   0   0   0   0   0  29   0   0   0   0  10   0   0   0   6  0.20 0.01
   49 L    -2  -2  -4  -4  -2  -2  -3  -4  -3   1   4  -3   2   2  -3  -3  -1  -1   0   1    0   0   0   0   0   0   0   0   0   0  90   0   0  10   0   0   0   0   0   0  0.47 0.02
   50 F    -2  -3  -3  -4  -2  -3  -3  -3   0   0   0  -3   0   5  -3  -2  -2   1   5   0    0   0   0   0   0   0   0   0   0   0   0   0   0  52   0   0   0   0  38  10  0.65 0.03
   51 L    -1  -3  -3  -4   6  -3  -3  -3  -3   1   3  -3   1   0  -3  -2  -1  -2  -2   0    0   0   0   0  36   0   0   0   0   0  64   0   0   0   0   0   0   0   0   0  0.53 0.02
   52 R    -2   7  -1  -2  -4   1  -1  -3  -1  -4  -3   2  -2  -3  -3  -1  -2  -3  -2  -3    0 100   0   0   0   0   0   0   0   0   0   0   0   0   0   0   0   0   0   0  1.09 0.13
   53 V     3  -2  -2  -2  -1  -1   0  -1  -2   0   2  -1   1  -1  -2   0  -1  -3  -2   1   48   0   0   0   0   0   6   0   0   0  30   0   5   0   0   0   0   0   0  10  0.20 0.05
   54 K    -1   1   0  -1  -3   2   0  -2  -1  -3  -3   5  -2  -3  -1   0   1  -3  -2  -2    0   0   0   0   0   6   0   0   0   0   0  79   0   0   0   6   9   0   0   0  0.57 0.09
   55 F     0  -3  -3  -3  -2  -2  -3  -3  -2   1   1  -3   0   5  -3  -2  -1   4   1   1    9   0   0   0   0   0   0   1   0  13  12   0   0  45   0   1   0   7   0   9  0.35 0.05
   56 S     0   1   0  -1  -2   3   0   1  -1  -2  -2   0  -1  -3  -1   2   0  -2  -2  -1    1   9   0   0   0  29   0  13   0   0   1   0   0   0   0  37   0   0   0   7  0.27 0.05
   57 R    -1   5  -1  -2  -3   1  -1  -1  -1  -1  -2   1   0  -2  -2  -1   0  -3  -2   1    1  50   0   1   0   7   1   6   0   1   1   5   4   0   1   1   5   0   0  16  0.38 0.12
   58 S     0   3   0  -1   1   0   1   1  -1  -2  -2   0  -2  -3  -2   2   0  -3  -2  -2    1  24   0   1   4   0  13  14   0   2   1   1   0   0   1  31   5   0   0   1  0.26 0.09
   59 A     3   0  -1  -1  -2   1   0  -1  -2  -2  -2   3  -1  -3  -1   0   1  -3  -2  -1   49   1   0   1   0   5   3   1   0   1   1  27   0   0   1   1   9   0   0   1  0.32 0.12
   60 D     2   1   0   4  -2   0   1  -1  -1  -2  -1   1  -2  -3  -1   0  -1  -3  -2  -2   27   9   0  33   0   0  11   1   0   1   5   9   0   0   1   1   1   0   0   1  0.30 0.09
   61 A     3  -2  -1  -2  -1  -2  -2  -1  -2   0   0  -2   0  -2  -2   0   0  -3  -2   2   44   1   2   1   0   0   1   1   0   1   9   1   2   0   1   1   3   0   0  32  0.24 0.10
   62 P     1  -2  -2  -2  -2  -2  -2  -2  -2   0  -2  -1  -2  -2   6   0   0  -2   1  -1   13   1   0   1   0   0   1   1   0   7   1   1   0   0  49   9   5   0   7   4  0.79 0.13
   63 A     3  -1  -1  -1  -1   0   0  -1  -2  -1  -1  -1  -1  -2   1   2   0  -3  -2   0   43   3   0   1   0   2   8   1   0   1   5   1   0   0   8  17   4   0   0   6  0.24 0.08
   64 Y    -1  -2   0   0  -2  -1  -1  -2   2  -2  -2  -1  -2   0   2   1  -1   0   5   0    3   1   3   4   0   0   4   1   7   1   1   1   0   0  13  18   1   0  35   8  0.34 0.11
   65 Q     0   0  -1  -1  -3   4   1  -2  -1  -2  -1   1  -1  -2   2  -1  -1  -2   2  -2    9   2   0   1   0  38   7   1   0   1   8   8   0   0  12   1   1   0  10   1  0.33 0.11
   66 Q     0   1  -1  -1  -3   4   2  -2   0  -3  -2   2  -1  -3   0   0  -1  -3  -2  -2    9   3   0   1   0  38  12   1   2   1   1  20   0   0   4   7   1   0   0   1  0.41 0.11
   67 G    -1  -1   1   2  -3  -1  -1   4  -1  -3  -3   1  -2  -3  -2   1  -1  -3  -3  -3    1   1   8  16   0   0   1  39   0   1   1  14   0   0   1  15   1   0   0   1  0.42 0.10
   68 Q     1  -1   0   1  -2   1   1   1   3  -3  -3  -1  -2  -3   2   1   1  -3  -2  -2   11   1   0  11   0  10  11  11  10   1   1   1   0   0  11  11  11   0   0   1  0.24 0.10
   69 N    -1  -1   3   3  -2  -1   0   1  -1  -2  -2  -1  -2   1  -2   1   0  -2  -1  -2    1   1  24  26   0   1   1  12   0   1   2   1   0  11   1   9   6   0   1   1  0.27 0.06
   70 Q     0   1  -1  -1  -2   3   1   1  -1  -2   0   0  -1  -2   2  -1  -1  -2  -2  -1    6   9   1   1   0  27   6  14   0   1  14   1   0   1  13   1   1   0   1   1  0.21 0.06
   71 L    -1  -2  -2  -3  -1  -2  -2  -3   2   2   2  -2   1   0  -2  -2  -1  -2  -1   3    1   1   1   1   0   1   1   1   8  17  35   1   0   1   1   1   1   0   0  30  0.25 0.07
   72 Y    -2  -2  -2  -3  -2  -2  -2  -3   0  -1   1  -2  -1   3  -3  -2  -2   1   7  -1    1   1   1   1   0   1   1   1   0   1  16   1   0  11   1   1   1   0  61   1  0.75 0.15
   73 N    -1   0   3   0  -2   4   1  -2   1  -2  -2   0  -1  -3  -2   0   2  -2  -2  -2    1   1  25   1   0  31   7   1   4   1   1   1   0   1   1   1  23   0   0   1  0.38 0.10
   74 E    -1  -1  -1   0  -3   0   4   3  -1  -3  -3  -1  -2  -3  -2  -1  -2  -3  -3  -1    0   0   0   0   0   0  56  34   0   0   0   0   0   0   0   0   0   0   0   9  0.57 0.11
   75 L    -2  -3  -4  -4  -2  -3  -4  -4  -4   2   5  -3   1   0  -4  -3  -2  -2  -2   1    0   0   0   0   0   0   0   0   0   9  91   0   0   0   0   0   0   0   0   0  0.69 0.12
   76 N     0  -1   5   0  -2  -1  -1  -1  -1  -3  -4  -1  -2  -3  -2   3   0  -4  -3  -3    8   0  54   0   0   0   0   0   0   0   0   0   0   0   0  38   0   0   0   0  0.64 0.13
   77 L    -1  -2  -2  -3  -2  -2  -2  -3  -3   1   3  -2   1  -1   2  -1   2  -3  -2   1    0   0   0   0   0   0   0   0   0   7  49   0   3   0  11   0  23   0   0   7  0.32 0.07
   78 G    -1   4  -1  -2  -3   0  -1   4   3  -4  -3   0  -2  -3  -3  -1  -2  -3  -2  -3    0  38   0   0   0   0   0  50  12   0   0   0   0   0   0   0   0   0   0   0  0.61 0.06
   79 R     0   4   2  -1  -3   0  -1   1  -1  -3  -3   1  -2  -3  -2   0   0  -3  -2  -2   12  47  18   0   0   0   0  10   0   0   0   0   0   0   0   3   9   0   0   0  0.38 0.05
   80 R    -2   5  -1  -1  -4   4   1  -3   0  -3  -3   1  -1  -3  -2  -1  -1  -3  -2  -3    0  58   0   0   0  42   0   0   0   0   0   0   0   0   0   0   0   0   0   0  0.76 0.09
   81 E    -1  -1   0   3  -4   2   5  -3  -1  -4  -3   0  -3  -4  -2  -1  -1  -4  -3  -3    0   0   0  12   0   3  85   0   0   0   0   0   0   0   0   0   0   0   0   0  0.86 0.09
   82 E    -1  -1  -1   0  -3   1   4  -2  -1  -2  -3   0  -2  -3  -2   0   3  -3  -2  -2    0   0   0   0   0   0  58   0   0   0   0   0   0   0   0   0  42   0   0   0  0.56 0.08
   83 Y    -2  -2  -3  -4  -3  -2  -3  -4   1  -2  -2  -2  -2   3  -4  -2  -2   2   8  -2    0   0   0   0   0   0   0   0   0   0   0   0   0   0   0   0   0   0 100   0  1.32 0.13
   84 D     0  -1   0   4  -3   1   4  -2  -1  -3  -3   0  -3  -4  -2   0  -1  -4  -3  -3   14   0   0  36   0   0  50   0   0   0   0   0   0   0   0   0   0   0   0   0  0.63 0.06
   85 V    -1  -2  -2  -2  -1  -2  -2  -3  -3   2   0  -2   0  -1  -2   0   3  -3  -2   3    0   0   0   0   0   0   0   0   0  12   3   0   0   0   0   0  42   0   0  43  0.32 0.06
   86 L    -1  -3  -4  -4  -2  -3  -3  -4  -3   2   4  -3   2   0  -3  -3  -1  -2  -1   1    4   0   0   0   0   0   0   0   0  12  84   0   0   0   0   0   0   0   0   0  0.52 0.06
   87 D    -2   0   0   5  -4   2   1  -2  -1  -3  -3   3  -2  -4  -2  -1  -1  -4  -3  -3    0   0   0  55   0  12   3   0   0   0   0  30   0   0   0   0   0   0   0   0  0.64 0.07
   88 K    -1   2  -1  -2  -3   0   0  -2   5  -2   0   3  -1  -2  -2  -1  -1  -3   1  -2    0  14   0   0   0   0   0   0  26   0  12  44   0   0   0   0   0   0   4   0  0.38 0.06
   89 R    -1   5  -1  -1  -4   2   3  -3  -1  -3  -3   2  -2  -3  -2  -1  -1  -3  -2  -3    0  55   0   0   0   3  27   0   0   0   0  15   0   0   0   0   0   0   0   0  0.63 0.06
   90 R    -1   4  -1  -2  -4   1   0   1  -1  -3  -3   4  -2  -3  -2  -1  -1  -3  -2  -3    0  43   0   0   0   0   0  15   0   0   0  42   0   0   0   0   0   0   0   0  0.55 0.06
   91 G     1  -2  -1  -1  -2  -2  -2   5  -2  -3  -3  -2  -3  -3  -2   1  -1  -3  -3  -2    8   0   0   0   0   0   0  76   0   0   0   0   0   0   0  14   0   0   0   2  0.80 0.05
   92 R    -2   3  -2  -3  -2   0  -2  -3   0   0   3   0   1   1  -1  -2  -1   1  -1  -1    0  33   0   0   0   2   0   0   3   0  50   0   0   7   3   0   0   2   0   0  0.23 0.03
   93 D    -2  -2   1   6  -4  -1   1  -2  -1  -3  -4  -1  -3  -4  -2   0  -1  -5  -3  -4    0   0   0 100   0   0   0   0   0   0   0   0   0   0   0   0   0   0   0   0  1.05 0.05
   94 P    -1  -2  -2  -2  -3  -2  -1  -2  -3  -3  -3  -1  -3  -4   8  -1  -1  -4  -3  -3    0   0   0   0   0   0   0   0   0   0   0   0   0   0 100   0   0   0   0   0  2.14 0.05
   95 E    -1   0   0   1  -4   2   6  -2   0  -4  -3   1  -2  -4  -1   0  -1  -3  -2  -3    0   0   0   0   0   0 100   0   0   0   0   0   0   0   0   0   0   0   0   0  0.83 0.05
   96 M    -1  -2  -2  -3  -2  -1  -2  -3  -2   1   2  -2   6   0  -3  -2   0  -2  -1   1    0   0   0   0   0   0   0   0   0   7   0   0  89   0   0   0   2   0   0   2  0.47 0.06
   97 G     0  -3  -1  -2  -3  -2  -2   6  -2  -4  -4  -2  -3  -3  -2   0  -2  -3  -3  -3    0   0   0   0   0   0   0 100   0   0   0   0   0   0   0   0   0   0   0   0  1.13 0.04
   98 G     0  -3  -1  -2  -3  -2  -2   6  -2  -4  -4  -2  -3  -3  -2   0  -2  -3  -3  -3    0   0   0   0   0   0   0 100   0   0   0   0   0   0   0   0   0   0   0   0  1.13 0.04
   99 K    -1   2   0  -1  -3   1   1  -2  -1  -3  -3   5  -2  -3  -1   0  -1  -3  -2  -3    0   0   0   0   0   0   0   0   0   0   0 100   0   0   0   0   0   0   0   0  0.62 0.05
  100 P    -1   0  -1  -1  -2   3   0  -1  -1  -2  -2   0  -1  -2   6   0  -1  -2  -2  -2    2   1   1   1   0  33   2   2   1   1   2   1   1   1  44   2   1   0   1   2  0.74 0.02
  101 Q    -1   1   0   0  -3   6   2  -2   0  -3  -2   2  -1  -3  -1   0  -1  -2  -2  -2    1   0   0   1   0  84   1   1   0   0   1   7   0   0   1   1   1   0   0   1  0.62 0.04
  102 R    -1   6  -1  -2  -3   1   0  -2  -1  -3  -2   2  -2  -3  -2   0   0  -3  -2  -2    0  87   0   0   0   0   0   0   0   0   0   0   0   0   0   6   6   0   0   0  0.70 0.04
  103 R    -1   5  -1  -1  -3   1   0  -2  -1  -1  -2   3  -1  -3  -2   0  -1  -3  -2  -2    0  61   0   0   0   0   0   0   0   6   0  27   0   0   0   6   0   0   0   0  0.52 0.03
  104 K    -1   3   0  -1  -3   1   0  -2  -1  -2  -2   4  -1  -3  -1   0  -1  -3  -2  -1    0  16   0   0   0   0   0   0   0   0   0  71   0   0   0   6   0   0   0   6  0.44 0.03
  105 N     0  -1   6   1  -2   0  -1  -1   0  -2  -3   0  -2  -3  -2   1   0  -4  -2  -1    7   0  81   0   0   0   0   0   0   0   0   0   0   0   0   6   0   0   0   6  0.58 0.04
  106 P    -1  -2  -2  -2  -3  -1  -1  -2  -2  -3  -3  -1  -3  -4   8  -1  -1  -4  -3  -2    0   0   0   0   0   0   0   0   0   0   1   0   0   0  94   0   0   0   0   0  1.93 0.05
  107 Q    -1   1   0  -1   2   5   1  -2   4  -3  -2   1  -1  -3   1   0  -1  -2  -1  -2    1   7   0   0   6  59   0   0  17   0   1   0   0   0   6   0   0   0   0   0  0.43 0.03
  108 E    -1   0  -1   1  -3   1   5  -2   0  -3  -3   0  -2  -3   2   0  -1  -3  -2  -2    1   0   0   3   0   0  79   0   0   0   1   0   0   0  13   0   0   0   0   0  0.66 0.03
  109 G     0  -2  -1  -2  -2  -2  -2   3  -2   1   0  -2   0  -1  -2  -1   0  -2  -2   2    4   0   0   0   0   0   0  41   0   3  13   0   0   0   0   0   4   0   0  32  0.24 0.01
  110 L    -1  -2  -3  -3  -1  -2  -3  -3  -3   2   3  -2   1   0  -2  -2  -1  -2  -1   3    1   0   0   0   0   0   0   0   0   0  46   0   0   0   0   0   0   0   0  49  0.30 0.02
  111 Y    -2  -2  -2  -3   2  -2  -2  -3   1  -1   0  -2  -1   2  -3  -2  -2   2   7  -1    1   0   0   0   6   0   0   0   0   0   7   0   0   0   0   0   0   0  81   0  0.72 0.04
  112 N    -2   0   6   1  -3   2   0  -1   0  -3  -3   0  -2  -3  -2   0   0  -3  -2  -3    1   0  81   0   0  13   0   0   0   0   1   0   0   0   0   0   0   0   0   0  0.64 0.04
  113 E     3  -1  -1   0  -1   0   2  -1  -1  -1  -1   0  -1  -2  -1   1   0  -2  -2   0   48   1   1   1   0   1  24   1   0   1   2   1   0   1   1   8   1   0   1   7  0.20 0.01
  114 L    -1  -2  -2  -2  -1  -2  -2  -3  -2   1   4  -2   2   0  -2  -1  -1  -1  -1   0    1   1   1   1   0   1   1   1   0   1  78   1   0   1   1   8   1   0   1   1  0.27 0.02
  115 Q    -1   3   0  -1  -3   5   1  -2   0  -2  -2   1  -1  -3  -1   0  -1  -2  -1  -2    1  27   1   1   0  57   1   1   0   1   2   1   0   1   1   1   1   0   1   1  0.46 0.03
  116 K    -1   2   0  -1  -3   1   0   0  -1  -2  -2   4  -1  -3  -1   0  -1  -2  -2  -2    1   5   1   1   0   1   1   8   0   1   2  73   0   1   1   1   1   0   1   1  0.37 0.02
  117 D    -1  -1   1   5  -3   0   2  -1  -1  -3  -3  -1  -2  -3  -1   0  -1  -3  -2  -3    1   1   5  73   0   1   8   1   0   1   2   1   0   1   1   1   1   0   1   1  0.65 0.02
  118 K    -1   2   0  -1  -3   1   1  -1  -1  -2  -2   5  -1  -3  -1   0  -1  -2  -2  -2    1   1   1   1   0   1   1   1   0   1   2  84   0   1   1   1   1   0   1   1  0.44 0.03
  119 M    -1  -1  -2  -2  -1  -1  -2  -2  -2   1   2  -1   6   0  -2  -1  -1  -1  -1   0    1   1   1   1   0   1   1   1   0   1  10   1  75   1   1   1   1   0   1   1  0.33 0.04
  120 A     4  -1  -1  -1  -1   0   0   0  -1  -1  -1  -1  -1  -2  -1   1   0  -2  -2   0   78   1   1   1   0   1   7   1   0   1   2   1   0   1   1   1   1   0   1   1  0.30 0.02
  121 E    -1   0   0   2  -3   2   5  -2   0  -3  -2   1  -2  -3  -1   0  -1  -2  -2  -2    1   1   1   4   0   1  81   1   0   1   2   1   0   1   1   1   1   0   1   1  0.58 0.03
  122 A     4  -1  -1  -2  -1  -1  -1   1  -2  -1  -1  -1  -1  -2  -1   1   0  -2  -2   0   78   1   1   1   0   1   1   7   0   1   1   1   0   0   1   1   1   0   0   6  0.31 0.02
  123 Y    -2  -1  -2  -3  -2  -1  -2  -3   1  -1   0  -1  -1   2  -2  -2  -1   2   7  -1    1   1   1   1   0   1   1   1   0   1   7   5   0   0   1   1   1   0  77   1  0.64 0.04
  124 S     1  -1   0   0  -1   0   1  -1  -1  -2  -2   0  -1  -2  -1   4   1  -2  -2  -2    1   1   1   1   0   1   7   1   0   1   1   1   0   0   1  78   5   0   0   1  0.37 0.03
  125 E    -1   0   0   1  -3   2   5  -2   0  -3  -3   1  -2  -3   1   0  -1  -3  -2  -2    1   1   1   1   0   1  84   1   0   1   1   1   0   0   5   1   1   0   0   1  0.63 0.03
  126 I    -1  -2  -2  -2  -1  -2  -2   0  -3   4   1  -2   1   0  -2  -2  -1  -2  -1   2    1   1   1   1   0   1   1   8   0  67   6   1   0   1   1   1   1   0   1   8  0.22 0.02
  127 G     0   0   0  -1  -2  -1  -1   5  -2  -3  -3   0  -2  -3  -2   0  -1  -2  -2  -2    1   6   1   1   0   1   1  71   0   1   1   3   0   1   1   8   1   0   1   1  0.62 0.03
  128 M    -1   0  -2  -2  -1  -1  -2  -2  -2   2   1  -1   4   0  -2  -1   1  -2  -1   1    1   8   1   1   0   1   1   1   0  16  10   1  33   1   1   1  11   0   1  12  0.13 0.02
  129 K    -1   2   0  -1  -3   2   1   0  -1  -2  -2   4  -1  -3  -1   0  -1  -2  -2  -2    1   1   1   1   0   8   1   8   0   1   1  71   0   1   1   1   1   0   1   1  0.37 0.03
  130 G     0   0   1  -1  -2  -1  -1   5  -1  -3  -3  -1  -2  -3  -2   1  -1  -3  -2  -3    1   8   8   0   0   0   0  62   0   0   1   0   0   0   0  17   0   0   0   0  0.56 0.03
  131 E     0   0   0   2   2   2   4  -2   0  -3  -2   0  -2  -3  -1   0  -1  -3  -2  -2    8   0   0   8   7  15  57   1   0   0   1   0   0   0   0   1   0   0   0   0  0.45 0.03
  132 R    -1   5  -1  -2  -3   1   0   0  -1  -3  -2   2  -2  -3   1  -1  -1  -2  -2  -2    1  74   1   1   0   1   1   8   0   1   1   1   0   0   8   1   1   0   0   1  0.54 0.03
  133 R    -1   5   0  -1  -3   1   0   0   2  -3  -2   2  -1  -2  -2  -1  -1  -2  -1  -2    1  74   1   1   0   1   1   8   7   1   1   1   0   0   1   1   1   0   0   1  0.53 0.04
  134 R    -1   6  -1  -2  -3   1   0  -2   0  -3  -2   2  -1  -3  -2  -1  -1  -2  -2  -2    1  88   1   1   0   1   1   1   0   1   1   1   0   0   1   1   1   0   0   1  0.70 0.04
  135 G     1  -2  -1  -1  -2  -2  -2   5  -2  -2  -1  -1  -2  -2  -2   0  -1  -2  -2  -2   11   1   1   1   0   1   1  71   0   1   8   1   0   0   1   1   1   0   0   1  0.62 0.03
  136 K    -1   2   0  -1  -3   1   0   0  -1  -2  -1   4  -1  -2  -1   0  -1  -2  -2  -2    1   1   1   1   0   1   1   8   0   1   8  74   0   0   1   1   1   0   0   1  0.34 0.03
  137 G     0  -2   0  -1  -2  -2  -2   5  -2  -3  -3  -1  -2  -3  -2   0   0  -2  -3  -2    1   1   1   1   0   1   1  81   0   1   1   1   0   0   1   1   8   0   0   1  0.79 0.03
  138 H    -1   0   1  -1  -3   2   0   0   7  -3  -3  -1  -2  -2  -1  -1  -2  -3   1  -3    0   0   6   0   0  12   0   7  68   0   0   0   0   0   2   0   0   0   0   0  0.65 0.05
  139 D    -2  -2   1   5  -3   0   2  -2  -1   0  -2  -1  -2  -3  -2  -1  -1  -4  -3  -1    0   0   0  70   0   0  11   0   0  14   0   0   0   0   0   0   0   0   0   0  0.60 0.04
  140 G     0  -2  -1  -1   4  -2  -2   5  -2  -2  -3  -2  -2  -3  -2   0  -1  -3  -3  -1    3   0   0   4  14   0   0  68   0   0   0   0   0   0   0   0   4   0   0   5  0.62 0.03
  141 L    -1  -2  -3  -3  -1  -2  -3  -3  -3   1   4  -3   2   2  -3  -2  -1  -1   0   1    0   0   0   0   0   0   0   0   0   0  72   0   0  14   0   0   0   0   0  10  0.36 0.03
  142 Y    -2  -2  -2  -3  -3  -1  -2  -3   4  -2  -1  -2  -1   2  -3  -2  -2   2   7  -2    0   0   0   0   0   0   0   0  14   0   0   0   0   0   0   0   0   0  81   0  0.84 0.06
  143 Q    -1   1   1   0  -3   6   2  -2   0  -3  -2   1  -1  -3  -2   0  -1  -2  -2  -2    0   0   8   0   0  88   0   0   0   0   0   0   0   0   0   0   0   0   0   0  0.68 0.06
  144 G     0  -2   0  -1  -3  -2  -2   6  -2  -4  -4  -2  -3  -3  -2   0  -2  -2  -2  -3    0   0   3   0   0   0   0  92   0   0   0   0   0   0   0   0   0   0   2   0  0.99 0.04
  145 L    -2  -2  -3  -3  -1  -2  -3  -4  -3   1   4  -2   2   0  -3  -2  -1  -2  -1   1    0   0   0   0   0   0   0   0   0   0  94   0   0   0   0   0   0   0   0   0  0.47 0.04
  146 S     1  -1   0  -1  -1   0   0  -1  -1  -2  -3   0  -2  -1  -1   4   1  -3  -2  -2    0   0   0   0   0   0   0   0   0   0   0   0   0   3   0  94   0   0   0   0  0.48 0.05
  147 T     1  -1   0  -1  -1  -1  -1  -1  -2  -1  -2   0  -1  -2   0   1   4  -3  -2   0    9   0   0   0   0   0   0   0   0   0   0   5   0   0   3   7  72   0   0   0  0.38 0.04
  148 A     4  -1  -2  -2  -1  -1  -1   0   1  -2  -2  -1  -1  -2  -1   1   0  -3  -2   0   90   0   0   0   0   0   0   0   5   0   0   0   0   0   0   0   0   0   0   0  0.41 0.04
  149 T     0  -1   0  -1  -1  -1  -1  -2  -2  -1  -1   0  -1  -2  -1   1   5  -3  -2   0    0   0   0   0   0   0   0   0   0   0   0   5   0   0   0   0  90   0   0   0  0.50 0.05
  150 K    -1   2   0  -1  -3   2   1  -2  -1  -3  -3   5  -1  -3  -1   0  -1  -3  -2  -2    0   0   0   0   0   5   0   0   0   0   0  90   0   0   0   0   0   0   0   0  0.55 0.05
  151 D    -2  -2   1   6  -4   0   1  -1  -1  -3  -4  -1  -3  -4  -2   0  -1  -4  -3  -3    0   0   0  95   0   0   0   0   0   0   0   0   0   0   0   0   0   0   0   0  0.97 0.05
  152 T     0  -1   0  -1  -1  -1  -1  -2  -2  -1  -1  -1  -1  -2  -1   1   5  -3  -2   0    0   0   0   0   0   0   0   0   0   0   0   0   0   0   0   5  90   0   0   0  0.52 0.05
  153 Y    -2  -2  -2  -3  -2  -1  -2  -3   1  -1  -1  -2  -1   3  -3  -2  -2   2   7  -1    1   1   1   1   0   1   1   1   0   1   1   1   0   0   1   1   1   0  88   1  0.83 0.05
  154 D    -1  -2   1   6  -3   0   1  -1  -1  -3  -3  -1  -3  -3  -1   0  -1  -3  -3  -3    7   1   1  83   0   1   1   1   0   1   1   1   0   0   1   1   1   0   0   1  0.74 0.04
  155 A     4  -1  -1  -2  -1  -1  -1   0  -2  -1  -1  -1  -1  -2  -1   1   0  -2  -2   0   89   1   1   1   0   1   1   1   0   1   1   1   0   0   1   1   1   0   0   1  0.39 0.03
  156 L    -1  -2  -3  -3  -1  -2  -3  -3  -3   1   4  -2   2   0  -3  -1  -1  -2  -1   1    0   0   0   0   0   0   0   0   0   0  88   0   0   0   0   7   0   0   0   0  0.38 0.03
  157 H    -2   0   0  -1  -3   0   0  -2   8  -4  -3  -1  -2  -2  -3  -1  -2  -3   1  -4    0   3   0   0   0   0   0   0  97   0   0   0   0   0   0   0   0   0   0   0  1.07 0.07
  158 M    -1  -2  -3  -4  -2  -1  -3  -3  -2   1   2  -2   6   2  -3  -2  -1  -1   0   0    0   0   0   0   0   0   0   0   0   0   3   0  85  12   0   0   0   0   0   0  0.47 0.06
  159 Q    -1   1   0  -1  -3   6   2  -2   0  -3  -3   1  -1  -4  -2   0  -1  -2  -2  -3    0   0   0   0   0 100   0   0   0   0   0   0   0   0   0   0   0   0   0   0  0.81 0.07
  160 A     2  -2  -1   0  -1  -1  -1  -1  -2  -1  -2  -1  -1  -3   2   1   3  -3  -2  -1   38   0   0   6   0   0   0   0   0   0   0   0   0   0   9   2  45   0   0   0  0.32 0.03
  161 L    -2  -2  -4  -4  -1  -2  -3  -4  -3   2   4  -3   2   0  -3  -3  -1  -2  -1   1    0   0   0   0   0   0   0   0   0   6  88   0   0   0   0   0   0   0   0   6  0.47 0.03
  162 P    -1  -2  -2  -2  -3  -2  -1  -2  -1  -3  -3  -1  -3  -4   8  -1  -1  -4  -3  -3    3   0   0   0   0   0   0   0   2   0   0   0   0   0  94   0   0   0   0   0  1.97 0.06
  163 P    -1  -2  -2  -1  -3  -1   0  -2  -2  -3  -3  -1  -3  -4   8  -1  -1  -4  -3  -3    0   0   0   0   0   0  10   0   0   0   0   0   0   0  90   0   0   0   0   0  1.86 0.05
  164 R    -2   6  -1  -2  -4   1   0  -3   0  -3  -2   3  -2  -3  -2  -1  -1  -3  -2  -3    0  90   0   0   0   0   0   0   0   0   0  10   0   0   0   0   0   0   0   0  0.80 0.05

                      K         Lambda
Standard Ungapped    0.1378     0.3189
Standard Gapped      0.0393     0.2670
PSI Ungapped         0.1283     0.3175
PSI Gapped           0.0393     0.2670
