
Last position-specific scoring matrix computed, weighted observed percentages rounded down, information per position, and relative weight of gapless real matches to pseudocounts
            A   R   N   D   C   Q   E   G   H   I   L   K   M   F   P   S   T   W   Y   V   A   R   N   D   C   Q   E   G   H   I   L   K   M   F   P   S   T   W   Y   V
    1 M    -5  -6  -7  -8  -6  -5  -7  -7  -6   2   1  -6  10  -4  -7  -6  -5  -6  -5   1    0   0   0   0   0   0   0   0   0  11  12   0  68   0   0   0   0   0   0   9  2.40 0.96
    2 N    -4  -4   7   2  -6  -1   2   1  -3  -7  -6  -3  -6  -6   0   1  -3  -7  -4  -6    0   0  49   9   0   2  12   9   0   0   1   0   0   0   4  12   1   0   0   0  1.18 0.62
    3 L    -5  -6  -3  -6  -5  -6  -6  -7  -5   7   3  -6   0   3  -5  -5  -4  -4  -4   0    0   0   2   0   0   0   0   0   0  55  28   0   1  10   1   1   0   0   0   3  1.40 0.64
    4 N    -5  -5   7   2  -6  -4  -4  -3  -3  -4  -6  -4  -6  -5  -3   1   3  -1  -6  -5    0   0  59  10   0   0   0   2   0   1   0   0   0   0   1   8  16   1   0   1  1.57 0.79
    5 A     3  -5  -4  -5  -5  -4  -5   5  -5  -2   0  -4  -2  -2  -3  -1  -4   6   0  -3   20   0   0   0   0   1   0  46   0   2   8   1   1   2   1   3   0  10   3   1  1.00 0.58
    6 T    -4  -4   0   2  -5  -3  -1  -5  -4  -3   3  -4  -2  -3  -5  -1   5  -6  -3  -3    0   0   4  11   0   1   4   0   0   1  32   0   1   1   0   3  39   0   1   1  0.86 0.59
    7 I    -3  -6  -6  -7  -4  -6  -6  -6  -6   4   4  -6   3   4  -6  -4  -2  -4  -2   1    1   0   0   0   0   0   0   0   0  26  38   0   7  17   0   1   2   0   1   6  1.06 0.57
    8 L    -4  -6  -7  -7  -5  -6  -7  -7  -6   5   2  -6  -2   5  -6  -6  -4  -3  -3   3    1   0   0   0   0   0   0   0   0  34  21   0   0  25   0   0   0   0   0  17  1.23 0.64
    9 G     2  -6  -6  -7  -5  -5  -6   2  -6   0  -2  -6  -1   3  -4  -3  -2  10  -1   1   14   0   0   0   0   0   0  14   0   6   3   0   1  11   1   2   2  34   1  10  1.34 0.70
   10 Q    -2  -4  -2  -4  -6   7  -1   0  -2  -4  -5  -3   3  -5  -5   0   3  -5  -1  -3    3   0   1   0   0  46   2   7   1   1   0   0   7   0   0   7  19   0   2   2  1.11 0.74
   11 A     1  -5  -5  -5  -2  -4  -5  -3  -5   4   3  -5   3   0  -5  -1   1   0  -4   1   14   0   0   0   1   0   0   2   0  22  29   0   7   3   0   4   9   1   0   8  0.56 0.40
   12 I    -2  -6  -6  -7  -1  -6  -6  -4  -7   6   2  -6  -1   0  -6  -5  -3  -6  -5   4    3   0   0   0   1   0   0   1   0  42  16   0   1   3   0   0   1   0   0  30  1.20 0.64
   13 A     3  -4   4  -3   1  -3  -4  -2  -3   1  -2  -4  -1  -3  -4   2   2  -3  -4   2   21   0  22   0   3   0   0   2   0   8   2   0   1   1   0  14  12   0   0  12  0.51 0.43
   14 F    -7  -8  -8  -9  -7  -8  -8  -8  -6  -3   0  -8  -1   9  -9  -7  -2  -3  -2  -2    0   0   0   0   0   0   0   0   0   1   7   0   1  85   0   0   3   0   0   2  2.79 1.18
   15 V     2  -5  -5  -5  -2  -5  -5   1  -5   2   3  -5  -1   2  -5  -2  -2  -4  -3   2   17   0   0   0   1   0   0   9   0  14  31   0   1   8   0   3   2   0   0  14  0.52 0.39
   16 L    -2  -6  -7  -7  -3  -6  -7  -4  -7   6   2  -6  -1  -1  -6  -5  -2  -6  -5   3    3   0   0   0   0   0   0   2   0  49  19   0   1   2   0   1   2   0   0  21  1.24 0.65
   17 F    -4  -6  -7  -7  -5  -4  -6  -6  -6   1   5  -6   0   4  -7  -5  -4  -5  -3   3    1   0   0   0   0   1   0   0   0   6  54   0   2  17   0   0   1   0   0  17  1.21 0.66
   18 V     0  -5  -5  -6  -2  -5  -6  -4  -5   1   3  -5   2   4  -6  -4  -3   1   2   3    7   0   0   0   1   0   0   1   0   7  29   0   5  17   0   0   1   2   7  23  0.75 0.47
   19 L     0  -5  -6  -7  -5  -5  -6  -1  -5   1   2  -6  -1   5  -5  -5  -4   8   1   1    8   0   0   0   0   0   0   5   0   7  18   0   1  25   0   0   1  19   3  10  1.06 0.60
   20 F    -2  -6  -7  -7  -4  -6  -6  -6  -6   4   3  -6  -1   5  -6  -5  -4  -5  -3   3    3   0   0   0   0   0   0   0   0  24  27   0   1  23   0   0   0   0   0  21  1.08 0.60
   21 C    -4  -6  -6  -7   5  -6  -6  -6  -6   1   5  -6   3   1  -6  -5   1  -5  -3   0    1   0   0   0  10   0   0   0   0   6  56   0   6   6   0   0   8   0   0   7  1.14 0.65
   22 M     1   2  -1  -5  -4  -2  -4  -1  -2  -3  -3   4   5  -3  -5   0  -2   5   2  -2   10  13   2   0   0   1   0   5   1   1   1  24  16   1   0   6   2   9   6   3  0.64 0.50
   23 K    -2   3  -4  -5  -7  -3  -4  -6   2  -3  -4   7  -4  -3  -6  -3  -4   1  -2  -4    3  13   0   0   0   1   0   0   4   1   1  68   0   1   0   1   1   2   2   1  1.64 0.90
   24 Y    -4  -6  -6  -8  -6  -5  -7  -6  -4  -2   0  -1  -2   8  -8  -6  -4   3   5  -1    1   0   0   0   0   0   0   0   0   1   7   4   1  54   0   0   1   3  21   5  1.78 0.87
   25 V     4  -6  -6  -6  -3  -5  -5   0  -6   1   2  -5  -3   0  -5  -4  -4  -4  -4   4   41   0   0   0   0   0   0   6   0   6  17   0   0   4   0   0   0   0   0  24  0.85 0.59
   26 W    -6  -6  -8  -9  -7  -6  -8  -7  -5  -3   0  -6  -3   5  -9  -7  -6  11   4  -2    0   0   0   0   0   0   0   0   0   2   7   0   1  19   0   0   0  53  13   3  2.77 1.20
   27 P    -4  -1  -1  -2  -7  -2  -2   2  -5  -6  -7   5  -6  -7   6  -4  -4  -7  -6  -6    1   3   2   2   0   1   2  15   0   0   0  31   0   0  39   1   1   0   0   0  1.34 0.78
   28 P    -2  -1  -2  -6  -7  -3  -5  -5  -3  -5  -5   1  -3  -6   8  -3  -3  -6  -5  -2    4   4   2   0   0   1   0   1   1   1   1   7   1   0  71   2   1   0   0   3  2.04 1.03
   29 L    -4  -7  -7  -7  -5  -6  -7  -7  -7   6   3  -6   1   1  -7  -6  -4  -6  -3   3    1   0   0   0   0   0   0   0   0  45  28   0   3   6   0   0   0   0   1  16  1.32 0.69
   30 M    -2  -2   0  -3  -3   0  -1  -4  -3   2   3  -1   4  -1  -5  -1   2  -4  -3   1    3   2   6   1   0   4   3   1   1  10  28   4  13   2   0   3  12   0   0   7  0.37 0.34
   31 A     1   1   2   1  -5   1   1   1  -2  -4  -4   4  -4  -5  -4   0  -1  -6  -4  -4   11   5  10   6   0   6   7  11   1   1   1  30   0   0   0   7   3   0   0   0  0.50 0.41
   32 A     4  -4  -4  -5  -4  -4  -5  -2  -4   2  -1  -3   5   0  -5   0   0  -4  -3   2   34   0   0   0   0   0   0   2   0  12   4   1  16   4   0   5   6   0   1  12  0.64 0.50
   33 I    -5  -6  -7  -7  -5  -5  -6  -7  -5   3   5  -5   6  -1  -7  -6  -4  -5  -1   1    0   0   0   0   0   0   0   0   0  17  47   0  21   2   0   0   0   0   2  10  1.30 0.71
   34 E    -1  -1   2   5  -7   1   5  -4  -1  -6  -6   1  -5  -6  -5  -2  -2  -7  -5  -5    6   3   8  28   0   5  34   0   1   0   0   8   0   0   0   2   2   0   0   0  0.97 0.63
   35 K     1  -2  -1   2  -7   2   6  -4  -3  -6  -6   2  -5  -7  -5  -1  -2  -7  -6  -5   10   1   2  11   0   8  46   1   0   0   0  13   0   0   0   3   3   0   0   0  1.02 0.67
   36 R    -7   9  -6  -7  -9  -4  -6  -8  -6  -9  -8  -3  -7  -9  -8  -6  -7  -8  -7  -8    0  99   0   0   0   0   0   0   0   0   0   1   0   0   0   0   0   0   0   0  3.26 1.46
   37 Q     1   2  -2  -2  -5   4   4  -4  -3  -6  -6   2  -4  -6  -5   0   0  -6  -5  -4   12  12   2   1   0  19  30   0   0   0   0  11   0   0   0   5   6   0   0   1  0.82 0.59
   38 K     1   1   1   2  -5   3   3  -3  -2  -5  -5   4  -4  -6  -4  -1  -1  -6  -4  -4   10   6   8   9   0  12  23   1   1   0   1  23   0   0   0   3   3   0   0   1  0.63 0.48
   39 E     0   2  -1  -1  -4   0   0  -1   0  -3  -1   4   0  -1  -4   0   0  -4   0  -3    9  11   2   3   0   3   6   5   3   1   5  30   2   2   0   8   5   0   4   0  0.34 0.32
   40 I    -4  -8  -8  -8  -6  -7  -7  -9  -8   8  -2  -8  -3  -4  -8  -7  -5  -8  -6   1    1   0   0   0   0   0   0   0   0  87   2   0   0   0   0   0   0   0   0   7  2.52 1.16
   41 A     3   1  -1   1  -5   2   3  -4  -3  -3  -4   2  -3  -5  -4   0  -2  -6  -5  -3   29   8   3   7   0   8  22   0   0   1   1  11   0   0   0   6   2   0   0   1  0.57 0.48
   42 D    -1  -2   2   4  -6   1   3   1  -1  -5  -5   1  -4  -5  -4   1  -1  -6  -5  -5    4   2  10  25   0   5  20  12   1   0   0   8   0   0   0   8   3   0   0   0  0.63 0.46
   43 G     2  -3   0   2  -5   0   0   4  -4  -5  -5  -2  -3  -6  -4   3  -2  -6  -5  -5   15   1   3  10   0   5   7  33   0   0   0   1   0   0   0  20   2   0   0   0  0.71 0.52
   44 L    -5  -4  -7  -7  -5  -5  -6  -8  -6   4   6  -6   2   0  -6  -6  -5  -4  -2  -1    0   1   0   0   0   0   0   0   0  22  63   0   5   3   0   0   0   0   1   2  1.42 0.77
   45 A     3  -1   1   3  -5   0   3  -3  -2  -3  -3   1  -4  -5  -3   0  -2  -6  -4  -4   23   3   5  18   0   4  23   1   1   1   2   9   0   0   1   6   2   0   0   1  0.55 0.45
   46 S     3   0   1   2  -4   1   1  -2  -1  -4  -3   1  -2  -3  -4   2  -1  -4  -2  -4   28   4   6  10   0   7  10   2   1   0   2  10   1   1   0  13   2   0   2   0  0.39 0.38
   47 A     7  -6  -6  -7  -5  -6  -6  -3  -7  -2  -5  -4  -5  -6  -6  -1  -3  -8  -6  -4   88   0   0   0   0   0   0   2   0   2   1   1   0   0   0   4   1   0   0   1  2.03 1.10
   48 E    -1   0  -1   3  -6   1   6  -5  -1  -6  -7   2  -5  -7  -5  -3  -3  -7  -5  -6    5   4   2  14   0   5  55   0   1   0   0  10   0   0   0   2   1   0   0   0  1.27 0.78
   49 R     0   3   1  -1  -5   2   2  -4  -2  -3  -3   4  -3  -5  -4  -1  -1  -6  -4  -3   10  16   6   3   0   9  15   0   1   1   2  28   0   0   0   3   3   0   0   1  0.61 0.47
   50 A     5  -3  -1  -1  -4  -2  -1   1  -3  -1  -3  -1  -1  -5  -4   0  -1  -6  -4  -1   52   1   3   4   0   1   4   9   1   4   3   3   2   0   0   7   4   0   0   4  0.67 0.53
   51 H    -1   5   0  -2  -6   3   1  -4  -1  -5  -4   5  -3  -6  -5  -2  -3  -6  -5  -4    4  28   4   1   0  13   8   1   1   0   2  31   0   0   0   3   1   0   0   1  0.94 0.62
   52 K     2   1  -1  -1  -5   2   3  -4   1  -2  -2   3  -2  -5  -4  -1  -1  -4  -4  -2   17   6   3   3   0  10  20   0   3   2   4  20   1   0   0   4   4   0   0   2  0.43 0.39
   53 D    -1  -1  -1   3  -7   2   6  -5  -4  -6  -5   2  -4  -6  -5  -2  -4  -2  -5  -6    5   3   2  14   0   9  50   0   0   0   1  11   0   0   0   2   1   1   0   0  1.16 0.74
   54 L     5  -2  -5  -6  -4  -2  -4  -4  -4  -1   3  -3   4  -2  -5  -2  -3  -3  -4  -1   44   3   0   0   0   2   0   1   0   2  29   1  10   1   0   3   1   0   0   3  0.86 0.62
   55 D     3  -1  -1   1  -5   2   5  -4  -2  -3  -3   1  -2  -5  -3  -1  -2  -6  -4  -3   22   2   2   6   0  10  36   1   0   1   2   7   1   0   1   4   1   0   0   2  0.70 0.54
   56 L     1   2   1   0  -4   2   2  -3  -1  -2   0   2  -1  -3  -4   0  -1  -5  -3  -2   13   9   8   4   0  10  14   1   1   1  12  14   2   0   0   5   2   0   0   2  0.26 0.29
   57 A     4  -4  -4  -4  -4  -2  -3  -4  -4   1   3  -3   2  -2  -5  -1  -1  -5  -1   0   32   1   0   1   0   2   1   0   0   8  32   1   4   1   0   4   4   0   2   4  0.55 0.45
   58 K    -1   1   0  -2  -5   3   2  -4  -1  -3   1   4  -1  -4  -4  -2  -1  -5  -3  -2    5   7   3   1   0  16  15   0   1   1  17  23   1   0   0   3   3   0   0   2  0.48 0.43
   59 A     3   0  -1  -1  -5   2   3  -3  -1  -2  -3   2  -3  -4  -4   0  -1  -4  -4  -2   25   4   3   3   0   8  22   1   1   2   3  15   0   0   0   6   3   0   0   2  0.45 0.41
   60 S    -2   1   0   2  -7   3   5  -4  -2  -6  -5   3  -4  -6  -5  -1  -2  -4  -5  -5    3   8   3  11   0  12  37   1   1   0   1  16   0   0   0   3   2   0   0   0  0.89 0.61
   61 A     2   0   3  -4  -4   1  -2  -2   1  -1  -3  -2  -2  -1  -5   0  -2  -2   6   0   16   6  15   0   0   7   1   2   3   4   2   1   1   1   0   7   1   0  25   7  0.51 0.45
   62 T     0   1   0   1  -6   3   5  -4  -2  -4  -4   2  -3  -6  -5  -1  -1  -6  -5  -4    8   7   3   7   0  13  36   1   1   1   2  13   1   0   0   3   4   0   0   1  0.72 0.54
   63 D     2   1  -1   1  -4   3   3  -3  -2  -4  -3   3  -3  -5  -4   0  -1  -6  -4  -3   18   7   3   7   0  11  23   2   0   1   2  16   0   0   0   5   3   0   0   1  0.49 0.43
   64 Q     0   0  -2  -2  -3   3   2  -4  -2   2   1   2   1  -3  -4  -2  -1  -4  -2   0    7   4   2   1   0  16  12   0   1  15  15  11   4   0   0   2   2   0   1   5  0.30 0.32
   65 L    -5  -3  -7  -7  -5  -5  -5  -7  -6   3   6  -5   3  -3  -7  -6  -4  -5  -5   0    1   1   0   0   0   0   1   0   0  17  67   0   6   0   0   0   0   0   0   4  1.44 0.79
   66 K     3   2   0   0  -5   2   1  -3  -1  -3  -3   3  -2  -5  -4   0  -1  -5  -4  -2   26   9   5   4   0   9   8   1   1   1   3  20   1   0   0   6   3   0   0   2  0.42 0.39
   67 K     0  -1   1   2  -5   3   5  -2  -2  -5  -5   2  -4  -6  -5  -1  -2  -5  -5  -4    7   2   5  11   0  11  37   3   1   0   1  13   0   0   0   4   3   0   0   1  0.76 0.55
   68 A     7  -6  -5  -6  -4  -4  -5  -2  -6  -1  -4  -5  -4  -4  -5   0  -1  -7  -5  -2   79   0   0   0   0   1   0   2   0   4   1   0   0   1   0   7   3   0   0   2  1.66 0.96
   69 K    -4   6  -1  -1  -6   1   0  -5   1  -6  -5   5  -5  -6  -6  -3  -4  -5  -4  -6    1  45   2   3   0   6   5   1   3   0   1  29   0   0   0   2   0   0   1   0  1.33 0.78
   70 A     2   1   0   0  -4   2   3  -2   0  -1  -2   2  -2  -4  -3   0   0  -5  -4  -1   19   6   4   4   0  11  17   2   2   3   3  11   1   0   1   5   6   0   0   5  0.26 0.29
   71 E    -4  -2  -3   0  -8   3   7  -6  -3  -6  -7   2  -4  -8  -6  -3  -3  -7  -6  -6    1   2   1   4   0  14  63   0   0   0   0  10   0   0   0   1   1   0   0   0  1.60 0.94
   72 A     6   2  -4  -6  -4  -1  -4   0  -4  -3  -4  -2  -3  -5  -5   0  -3  -7  -4  -2   61  11   1   0   0   3   0   7   0   1   1   2   0   0   0   7   1   0   1   2  1.11 0.74
   73 Q     3   1   1   2  -5   4   1  -2   0  -4  -4   1  -2  -5  -4   1  -1  -5  -3  -3   23   6   7   9   0  19   8   3   2   0   1   6   1   0   0   8   3   0   1   1  0.43 0.40
   74 V     1   2   0   0  -4   2   4  -2  -1  -3  -3   3  -2  -4  -4  -1  -1  -5  -4  -2   13  10   3   5   0  10  25   3   1   1   2  15   1   0   0   5   4   0   0   2  0.44 0.39
   75 I    -5  -1  -6  -7  -6  -5  -6  -8  -5   7   2  -3   4  -3  -7  -6  -3  -5  -5   0    1   4   0   0   0   0   0   0   0  64  14   1   8   1   0   0   1   0   0   4  1.60 0.84
   76 I    -4   2  -6  -6  -5  -5  -6  -7  -5   6   3  -4   1  -3  -6  -5  -2  -6  -4   3    1  10   0   0   0   0   0   0   0  38  26   0   4   0   0   0   2   0   0  17  1.05 0.62
   77 E     2   0   0   2  -5   1   4  -3  -2  -4  -4   2  -3  -6  -4   0  -2  -6  -5  -3   16   5   5  11   0   5  28   2   0   0   1  14   0   0   0   6   2   0   0   1  0.56 0.46
   78 Q    -1   1   1   2  -6   4   4  -4  -2  -5  -4   2  -3  -6  -5  -1  -2  -6  -4  -5    5   5   6  12   0  20  30   1   1   1   1  10   0   0   0   3   3   0   0   1  0.74 0.55
   79 A     7  -5  -4  -6  -5  -4  -5  -1  -5  -5  -6  -5  -4  -5  -6   0  -2  -7  -3  -4   83   0   1   0   0   0   0   5   0   0   0   0   0   0   0   5   2   0   1   1  1.86 1.03
   80 N    -2   5   2  -2  -5   2   1  -4   0  -2  -4   4  -2  -5  -5  -2   0  -6  -3  -2    3  27  10   1   0   8   9   1   2   2   1  23   1   0   0   2   5   0   1   3  0.67 0.50
   81 K     1   1  -1   0  -5   2   3  -3  -1  -3  -3   4  -3  -5  -4  -1  -1  -5  -4  -2   11   7   2   5   0   9  20   1   1   2   2  29   0   0   0   4   4   0   0   3  0.54 0.45
   82 R     0   4  -1   1  -3   3   2  -4  -1  -1  -2   1   0  -4  -4  -1   1  -5  -2  -2    8  21   3   6   0  14  12   0   1   5   4   6   3   0   0   4   9   0   1   2  0.35 0.34
   83 R     5   0  -3  -5  -4  -3  -4   3  -4  -5  -5   1  -4  -6  -5   0  -3  -7  -5  -4   54   6   1   0   0   1   1  19   0   0   0  10   0   0   0   6   1   0   0   1  1.05 0.71
   84 S     1  -1   2   2  -5   2   4  -3  -2  -4  -4   1  -2  -4  -4   0  -1  -6  -4  -3   13   2  10  12   0   9  27   2   1   1   2   8   1   0   0   7   4   0   0   2  0.50 0.42
   85 Q     1   2  -1  -1  -5   4   2  -2  -1  -3  -3   3  -3  -5  -4  -1  -1  -5  -3  -2   11   9   3   3   0  19  14   2   1   2   2  21   0   0   0   4   3   0   1   3  0.49 0.42
   86 I    -2  -1  -2  -4  -5   2   0  -5  -4   5   2  -2   3  -1  -5  -3  -2  -5  -2   1    2   3   2   0   0   9   7   0   0  36  17   2   8   2   0   1   2   0   1   7  0.62 0.46
   87 L     0   2  -3  -4  -3  -1  -1  -2  -1   3   0   2  -1  -3  -4  -1  -2  -5   0   2   10  14   1   0   0   2   3   3   1  20   6  13   1   0   0   4   1   0   3  18  0.30 0.31
   88 D     2  -1   1   3  -6   2   5  -3  -1  -5  -5   0  -4  -5  -5   0  -2  -5  -4  -4   16   3   5  14   0   7  36   1   1   0   1   4   0   0   0   5   2   0   0   1  0.71 0.54
   89 E    -1   0  -2   3  -7   2   6  -4  -3  -6  -5   1  -4  -7  -5  -2  -2  -7  -5  -4    5   4   1  15   0  10  45   1   0   0   1   9   0   0   0   3   3   0   0   1  0.99 0.67
   90 A     4  -3  -4  -5  -4  -2  -2  -4  -4   4   0  -3   2  -4  -5  -2  -2  -6  -5  -1   40   1   1   0   0   2   3   0   0  28  10   2   6   0   0   3   2   0   0   3  0.80 0.58
   91 K    -3   3  -4  -4  -5   0  -1  -5  -2   2   1   5   0  -5  -5  -3  -2  -6  -4   1    1  14   0   0   0   4   4   0   1  13  13  32   2   0   0   1   3   0   0  10  0.60 0.47
   92 A     2  -1   0   1  -4   2   3  -2  -1  -3  -3   1  -2  -5  -4   0   0  -5  -3  -2   21   2   5   9   0   8  22   3   1   2   2   8   1   0   0   6   6   0   0   3  0.36 0.35
   93 E     0   1   0   2  -5   3   4  -4  -2  -4  -4   3  -4  -6  -4  -1  -1  -6  -5  -4    9   5   4   9   0  13  27   0   0   1   1  20   0   0   0   3   4   0   0   1  0.67 0.51
   94 A     7  -6  -5  -6  -5  -5  -6  -1  -5  -3  -5  -6  -3  -7  -6  -1  -1  -8  -7  -4   86   0   0   0   0   0   0   4   0   1   1   0   1   0   0   3   4   0   0   1  1.95 1.08
   95 E    -2   4   1  -1  -6   4   2  -3   1  -2  -4   4  -3  -5  -5  -1  -1  -6  -3  -3    3  22   6   2   0  16  10   1   3   2   1  22   1   0   0   4   4   0   1   2  0.64 0.48
   96 Q     2   0   0   0  -4   2   3  -3  -2  -1  -2   2  -2  -4  -3   0   0  -5  -4   0   20   5   3   4   0   8  22   1   1   3   3  11   0   0   0   4   6   0   0   6  0.32 0.33
   97 E    -3  -2  -4   1  -8   3   7  -6  -3  -5  -5  -1  -4  -8  -6  -3  -4  -8  -7  -4    3   2   0   6   0  10  69   0   0   1   1   4   0   0   0   2   1   0   0   1  1.68 0.97
   98 R     5   0  -4  -5  -3  -3  -4   1  -4   0  -3  -1  -3  -5  -5   1  -2  -6  -2  -1   55   5   0   0   0   1   0  12   0   5   1   3   0   0   0   8   2   0   1   4  0.85 0.62
   99 T     2  -1   1   3  -5   2   4  -2  -2  -4  -4   1  -4  -5  -4   0  -1  -6  -4  -3   17   3   7  14   0   9  27   3   1   1   1   7   0   0   0   5   3   0   0   1  0.53 0.44
  100 K     0   5  -1  -1  -5   2   0  -2  -2  -3  -3   4  -3  -5  -5  -1  -2  -6  -4  -4    7  35   3   3   0   8   6   2   1   1   3  23   0   0   0   4   2   0   1   1  0.76 0.54
  101 I    -3  -4  -6  -6  -5  -1  -2  -7  -5   6   2  -3   5  -2  -6  -5  -3  -6  -3   1    2   1   0   0   0   3   3   0   0  47  20   2  12   1   0   0   1   0   1   6  1.14 0.66
  102 V    -3   1  -4  -5  -5  -2  -4  -5  -4   4   2   3   2  -3  -5  -4  -1  -4  -4   2    1   8   0   0   0   1   0   0   0  28  19  17   5   1   0   0   3   0   0  14  0.63 0.46
  103 A     3  -2  -1   1  -5   1   4  -3  -3  -3  -3   0  -3  -6  -4   0   0  -5  -4  -2   26   2   2   8   0   6  31   1   0   1   2   6   0   0   0   6   5   0   0   3  0.58 0.49
  104 Q     1   2   1   1  -5   4   1  -2  -1  -4  -3   3  -3  -5  -4   1  -1  -5  -4  -4   14  12   6   7   0  17   8   3   1   1   2  16   1   0   0   9   3   0   0   1  0.43 0.39
  105 A     7  -5  -5  -6  -5  -5  -5   0  -6  -5  -6  -5  -5  -6  -6  -2  -1  -7  -7  -3   83   0   0   0   0   0   0   7   0   0   0   0   0   0   0   2   3   0   0   1  1.87 1.04
  106 Q    -2   4   0  -3  -6   4   1  -5   3  -4  -2   4  -2  -5  -5  -2  -2  -6  -3  -3    2  22   3   1   0  18   8   0   6   1   4  26   1   0   0   2   2   0   1   2  0.77 0.55
  107 A     3   1  -1  -1  -4   1   2  -2  -2  -2  -2   2  -2  -4  -4   0  -1  -5  -4  -1   29   8   2   3   0   7  15   1   1   2   4  13   1   1   0   6   3   0   0   4  0.38 0.37
  108 E     0  -2  -1   3  -6   4   5  -5  -3  -5  -6  -2  -4  -6  -5  -1  -1  -7  -4  -4    8   2   2  17   0  18  39   0   0   1   0   2   0   0   0   5   3   0   1   1  0.95 0.66
  109 I     0  -6  -6  -7  -6  -7  -7  -7  -7   8   0  -7   0  -3  -7  -4  -4  -7  -6   1    9   0   0   0   0   0   0   0   0  72   8   0   2   1   0   1   1   0   0   6  1.80 0.91
  110 E     1  -1   0   2  -6   3   6  -4  -2  -4  -4  -1  -3  -7  -5  -2  -2  -7  -6  -3   11   3   3  10   0  12  48   1   1   1   1   2   0   0   0   2   2   0   0   2  0.99 0.67
  111 A     2   2   1  -3  -5   4  -1  -3  -1  -1  -1   0  -1  -4  -4   1  -1  -5  -3  -2   20  13   6   1   0  23   3   1   1   3   8   4   1   1   0   8   4   0   1   3  0.41 0.41
  112 E     0  -4  -3   1  -8   3   7  -6  -4  -6  -6  -2  -2  -7  -5  -2  -5  -7  -6  -6    7   0   1   6   0  10  70   0   0   0   1   1   1   0   0   2   0   0   0   0  1.71 0.98
  113 R    -2   5  -4  -5  -5  -1  -3  -6  -1  -1  -3   6  -2  -4  -5  -3  -1  -4  -3   0    3  31   0   0   0   2   0   0   1   4   2  41   1   1   0   1   3   0   1   7  1.08 0.69
  114 K     0   1   3   2  -4   3   3  -3  -1  -2  -3   2   0  -4  -4  -1  -1  -5  -4  -2    8   6  14   9   0  15  19   1   1   2   2  10   2   1   0   3   3   0   0   3  0.43 0.38
  115 R     2   4  -1  -1  -5   3   0  -3  -1  -3  -4   4  -3  -6  -4  -1  -2  -6  -4  -4   17  22   3   3   0  14   6   1   1   1   1  24   1   0   0   4   2   0   0   1  0.65 0.50
  116 A     6  -6  -6  -6  -4  -5  -5  -5  -6  -1  -2  -5   3  -5  -6  -3  -2  -7  -6   0   74   0   0   0   0   0   0   0   0   4   4   0   7   0   0   1   2   0   0   7  1.55 0.91
  117 R    -2   3  -4  -5  -3  -1  -1  -5  -4   3   2   2   4  -1  -5  -3  -3  -3  -2   1    3  16   0   0   0   3   3   0   0  17  22  11   9   2   0   1   1   0   1  11  0.46 0.38
  118 E     2   0   1   1  -4   1   3  -2  -1  -2  -3   1  -2  -4  -4   1   0  -5  -3  -1   19   5   7   7   0   6  22   2   1   2   2   7   1   0   0   8   5   0   1   4  0.30 0.31
  119 E     1  -3  -1   3  -5   2   5  -2  -2  -5  -6  -1  -4  -6  -5   1  -2  -7  -6  -4   10   0   2  16   0   8  43   3   1   0   0   3   0   0   0   9   3   0   0   1  0.91 0.63
  120 L    -1  -6  -7  -7  -5  -6  -7  -7  -7   3   5  -6   2  -3  -7  -5  -4  -6  -5   2    5   0   0   0   0   0   0   0   0  17  62   0   3   1   0   0   0   0   0  11  1.35 0.73
  121 R    -4   7  -3  -5  -6   1  -3  -6   0  -7  -6   5  -3  -6  -6  -4  -4  -5  -4  -6    1  53   1   0   0   5   1   0   2   0   0  32   1   0   0   1   1   0   1   0  1.73 0.92
  122 K     1   1   3   1  -4   2   1   0  -1  -4  -4   2  -3  -5  -3   1   0  -5  -4  -3   11   7  14   8   0   8   9   8   1   1   1  13   0   0   0  11   6   0   0   1  0.34 0.31
  123 Q    -4  -2  -2   2  -7   6   5  -6   0  -6  -4  -1  -3  -6  -5  -2  -2  -5  -2  -5    1   2   1   9   0  35  38   0   2   0   1   4   0   0   0   3   2   0   1   1  1.27 0.80
  124 V     0  -6  -7  -7  -5  -6  -6  -6  -7   4  -1  -6   1   0  -6  -3  -1  -6  -4   6    6   0   0   0   0   0   0   0   0  17   5   0   4   3   0   2   3   0   0  58  1.31 0.73
  125 A     5  -5  -4  -5  -4  -5  -5   3  -6  -1  -4  -4  -4  -5  -5   2  -2  -6  -6   2   49   0   0   0   0   0   0  18   0   3   1   0   0   0   0  12   2   0   0  14  0.99 0.66
  126 I     1   0   1   4  -4   0   2   0  -2  -3  -3  -1  -2  -5  -3   1   1  -5  -4  -2   11   4   5  21   0   4  15   7   1   1   2   4   1   0   0  13   9   0   0   3  0.34 0.31
  127 L    -5  -6  -5  -7  -6  -5  -7  -8  -6   3   6  -7   2  -2  -7  -6  -4  -6  -4  -2    0   0   1   0   0   0   0   0   0  12  77   0   4   1   0   0   1   0   0   2  1.66 0.85
  128 A     5  -6  -5  -5  -5  -5  -5  -4  -6  -2  -5  -5  -5  -6  -5   4   0  -7  -6   2   47   0   0   0   0   0   0   0   0   2   0   0   0   0   0  34   4   0   0  13  1.24 0.80
  129 V    -2  -5  -6  -7  -4  -5  -6  -6  -6   5   2  -6   2  -2  -6  -3   0  -6  -5   5    2   0   0   0   0   0   0   0   0  29  15   0   5   1   0   1   6   0   0  38  1.08 0.62
  130 A     2  -2  -1   2  -3   2   2  -2  -2  -2   1   0   1  -4  -4   0   0  -5  -4  -2   19   2   2  11   0   8  17   3   0   2  13   5   4   0   0   6   4   0   0   2  0.26 0.29
  131 G     3  -5  -5  -5  -3  -5  -5   2  -5   4   1  -5   1  -4  -5  -2  -1  -5  -5   1   25   0   0   0   0   0   0  17   0  25  15   0   3   0   0   2   3   0   0   9  0.63 0.46
  132 A     7  -6  -5  -6  -4  -5  -6  -5  -6  -5  -4  -5  -4  -6  -6   0   1  -7  -6  -2   81   0   0   0   0   0   0   0   0   0   1   0   0   0   0   5   9   0   0   3  1.83 1.00
  133 E    -1  -2  -2  -3  -5   0   6   1  -4  -6  -6  -2  -4  -7  -5   3  -2  -7  -6  -6    5   1   1   0   0   3  53  11   0   0   0   2   0   0   0  19   3   0   0   0  1.17 0.76
  134 K    -4   3  -4  -5  -8   1  -3  -4  -3  -7  -7   7  -4  -8  -6  -4  -4  -8  -6  -7    1  14   0   0   0   6   1   1   1   0   0  73   0   0   0   1   1   0   0   0  1.96 1.00
  135 I    -2  -7  -7  -7  -5  -6  -7  -7  -7   6   2  -6  -1  -3  -7  -6  -4  -7  -5   5    2   0   0   0   0   0   0   0   0  44  15   0   1   0   0   0   0   0   0  36  1.50 0.75
  136 I    -4  -6  -7  -7  -4  -6  -7  -7  -7   5   4  -6   1  -3  -6  -5  -2  -6  -5   3    1   0   0   0   0   0   0   0   0  31  44   0   3   0   0   1   2   0   0  18  1.28 0.67
  137 E    -1   3   0  -1  -5   2   3   3  -1  -5  -5   2  -2  -6  -4  -1  -3  -6  -5  -5    4  16   4   3   0   9  18  23   1   0   1  13   1   0   0   4   1   0   0   0  0.59 0.43
  138 R    -1   4  -1  -1  -5   2   3  -3  -1  -6  -6   5  -4  -6  -5  -1  -2  -6  -5  -5    5  21   2   3   0   7  20   2   1   0   0  31   0   0   0   5   2   0   0   0  0.87 0.57
  139 S    -2  -2   3   0  -6   1   5  -4  -1  -4  -5   1  -4  -6  -4   3   0  -6  -5  -3    3   2  12   3   0   6  35   1   1   1   0   9   0   0   0  19   5   0   0   2  0.73 0.54
  140 V    -4  -6  -6  -7  -5  -5  -6  -7  -7   4   5  -5   2  -1  -6  -5  -4  -6  -4   2    1   0   0   0   0   0   0   0   0  22  54   0   5   2   0   0   0   0   0  14  1.26 0.67
  141 D    -4  -4   3   7  -5  -3  -2  -4  -4  -7  -7  -2  -7  -7  -5   2   1  -8  -6  -7    1   1  15  57   0   1   1   1   0   0   0   3   0   0   0  14   7   0   0   0  1.55 0.84
  142 E     2  -1  -1   2  -5   1   3  -2  -1  -3  -4   2  -3  -5   0   0  -1  -6  -4  -2   16   2   2  13   0   5  23   3   1   1   1  14   0   0   5   6   3   0   0   2  0.43 0.36
  143 A     2  -2   1   3  -5   2   3  -2  -3  -5  -5   3  -4  -6  -3   0  -1  -6  -5  -4   16   1   6  15   0   7  18   2   0   0   0  20   0   0   1   8   3   0   0   1  0.54 0.44
  144 A     2   1  -1   3  -4   0   1  -2  -3  -2  -3   3  -2  -5  -4   0   0  -5  -4  -1   20   8   2  19   0   3   8   2   0   2   2  18   1   0   0   5   6   0   0   5  0.39 0.35
  145 N    -3  -1   3   1  -7   6  -3  -5   8  -7  -7  -2  -6  -6  -6  -2  -4  -7  -3  -6    2   3  13   8   0  35   1   0  32   0   0   2   0   0   0   3   0   0   1   0  1.63 0.89
  146 S     1   3   0   0  -5   2   2  -3   0  -4  -3   3   0  -5  -4   1  -1  -5  -4  -4   10  18   4   5   0  10  12   1   3   1   2  17   3   0   0   9   3   0   0   1  0.43 0.36
  147 D     1   3  -1   2  -5   2   2  -2  -2  -5  -5   3  -4  -5  -4   0  -2  -5  -4  -4   15  17   3  14   0   8  15   3   0   0   0  17   0   0   0   5   2   0   0   1  0.54 0.42
  148 I    -4  -6  -6  -7  -5  -5  -6  -7  -5   3   5  -5   3   0  -6  -5  -1  -5   0   0    1   0   0   0   0   0   0   0   0  13  61   0   8   3   0   0   4   0   3   6  1.20 0.66
  149 V    -1  -6  -5  -7  -5  -4  -6  -7  -6   6   2  -5  -1  -3  -6  -4  -3  -6  -1   5    5   0   0   0   0   1   0   0   0  41  15   0   1   1   0   1   1   0   2  32  1.23 0.67
  150 D    -1  -2   3   6  -6   0   3  -3  -2  -6  -5   1  -3  -7  -5   0  -2  -7  -6  -5    5   2  12  37   0   4  21   2   1   0   1   7   1   0   0   5   2   0   0   0  0.94 0.59
  151 K    -2   3   0   2  -6   3   3  -3  -2  -6  -5   3  -4  -6  -4   1  -2  -6  -5  -5    3  15   4  13   0  12  22   1   1   0   0  18   0   0   0   8   2   0   0   0  0.71 0.50
  152 L     0  -5  -5  -5  -3  -4  -4  -5  -4   0   3  -4   2   5  -6  -1  -1  -2   4  -1    8   0   0   0   0   0   0   0   0   5  25   0   5  28   0   6   5   0  12   4  0.73 0.48
  153 V     0  -5  -5  -6  -5  -4  -4  -6  -6   5   4  -1   0  -2  -6  -3  -3  -6  -4   2    8   0   1   0   0   0   1   0   0  31  40   4   2   1   0   1   1   0   0  11  0.92 0.55
  154 A     2   0   1   3  -5   1   2  -2  -3  -5  -5   3  -4  -6  -4   1  -1  -6  -5  -4   20   3   6  15   0   5  13   3   0   0   0  21   0   0   0   9   4   0   0   0  0.52 0.42
  155 E    -4  -1  -1   3  -7   2   6  -1  -3  -7  -7   2  -5  -7  -5  -1  -3  -7  -6  -6    1   2   2  15   0   9  50   4   0   0   0  12   0   0   0   3   1   0   0   0  1.18 0.71
  156 L    -5  -6  -7  -7  -5  -6  -7  -7  -7   4   5  -6   2  -4  -7  -6  -4  -6  -5   4    0   0   0   0   0   0   0   0   0  18  51   0   5   0   0   0   0   0   0  27  1.37 0.69

                      K         Lambda
Standard Ungapped    0.1266     0.3147
Standard Gapped      0.0670     0.2670
PSI Ungapped         0.2189     0.3178
PSI Gapped           0.0670     0.2670
