
Last position-specific scoring matrix computed, weighted observed percentages rounded down, information per position, and relative weight of gapless real matches to pseudocounts
            A   R   N   D   C   Q   E   G   H   I   L   K   M   F   P   S   T   W   Y   V   A   R   N   D   C   Q   E   G   H   I   L   K   M   F   P   S   T   W   Y   V
    1 M    -1  -2  -3  -4  -2  -1  -2  -3  -2   1   2  -2   7   0  -3  -2  -1  -2  -1   0    0   0   0   0   0   0   0   0   0   0   0   0 100   0   0   0   0   0   0   0  0.57 0.06
    2 A     4  -2  -1  -2  -1  -1  -1   0  -2  -2  -2  -1  -1  -3  -1   3   0  -3  -2  -1   73   0   0   0   0   0   0   0   0   0   0   0   0   0   0  27   0   0   0   0  0.45 0.05
    3 A     4  -2  -1  -2  -1  -1  -1   1  -2  -2  -2  -1  -2  -3  -1   3   0  -3  -2   0   54   0   0   0   0   0   0   9   0   0   0   0   0   0   2  28   0   0   0   8  0.41 0.11
    4 G     2   0  -1  -2  -2  -2  -2   5  -2  -4  -4  -1  -3  -4  -2   0  -1  -3  -3  -3   25   7   0   0   0   0   0  62   0   0   0   0   0   0   0   6   0   0   0   0  0.76 0.13
    5 L    -2   0  -3  -4  -2  -2  -3  -4  -3   2   4  -2   4   1  -3  -3  -2  -2  -1   1    0   7   0   0   0   0   0   0   0  13  57   0  18   4   0   0   0   0   0   1  0.47 0.11
    6 F    -2  -3  -3  -4  -2   0  -3  -4  -2   0   3  -3   2   4  -4  -3  -2  -1   2   0    0   0   0   0   0   7   0   0   0   0  48   0   7  30   0   0   0   0   8   0  0.49 0.12
    7 G    -1   2  -1  -2   2  -2  -2   5  -2  -4  -4  -1  -3  -4  -3   0  -2  -3  -3  -4    0  18   0   0   7   0   0  69   0   0   0   0   0   0   0   7   0   0   0   0  0.85 0.15
    8 L    -2   2  -3  -4  -2  -2  -3  -4  -3   1   4  -2   1   1  -4  -3  -2   0  -1   1    0  15   0   0   0   0   0   0   0   0  73   0   0   5   0   0   0   1   0   6  0.49 0.13
    9 S     0  -2   2  -1   6  -1  -2  -2  -2  -2  -2   0  -2  -2  -2   1   2   0   0  -1    8   0  13   0  29   0   0   1   0   0   1   4   0   0   0  15  22   2   4   0  0.39 0.10
   10 A     2  -2  -1  -1  -1  -1  -1   1  -2  -1   0  -1  -1  -2  -1   3   0  -3  -2  -1   25   1   1   1   0   0   1  13   0   1  14   1   0   0   1  39   1   0   0   2  0.24 0.08
   11 R    -2   6  -1  -2  -4   2  -1  -1   1  -3  -1   1  -2  -3  -3  -1  -2  -3  -2  -3    1  68   0   0   0  13   0   4   4   0   6   0   0   0   0   0   0   0   0   0  0.75 0.16
   12 R     1   5  -1  -2   0   0  -1  -3  -1  -1  -2   1  -2  -3  -3   0   0  -4  -3  -2   15  61   0   0   2   0   0   0   0   7   0   6   0   0   0   3   7   0   0   0  0.57 0.15
   13 L    -2  -3  -1  -3  -2  -3  -3  -4  -3   2   4  -3   1   0  -3  -1  -1  -3  -2   1    0   0   5   0   0   0   0   0   0  10  69   0   0   1   0   6   0   0   0   8  0.48 0.13
   14 L     0  -3  -3  -4  -2  -2  -3  -3  -3   2   3  -3   1   0  -1  -1  -1   3  -1   2   11   0   0   0   0   0   0   0   0  10  37   0   0   4   3   4   0   4   0  28  0.28 0.09
   15 A     2   0   0  -2  -2   1  -1   2  -2  -1  -1   0   0  -2  -2   1  -1  -3  -2   0   26   5   6   0   0   7   0  18   0   3   6   6   3   0   0  14   0   0   0   7  0.16 0.06
   16 A     2   0   2  -1  -2   1  -1   0  -1  -1   0   1  -1  -2   1   0   0  -3  -2   0   28   5  13   0   0  10   0   6   0   0   9   9   0   0   6   0   4   0   0   8  0.13 0.06
   17 A     2   1   0  -2   2   1  -1  -1  -2   0  -1   0  -1  -2  -1   1   0  -3  -2   0   35   8   3   1   5   6   1   3   0   7   3   6   0   0   1  11   2   0   0   8  0.13 0.06
   18 A     4   0  -1  -2  -1   0  -1   0  -2  -1   0  -1  -1  -2  -1   2   0  -3  -2   0   52   4   1   1   0   3   1   4   0   1   8   1   0   1   1  14   1   0   0   7  0.27 0.10
   19 T     0   0  -1  -2   2   0  -1  -1  -2   0   0  -1   0   0  -2   0   2  -2   0   1    8   5   1   1   7   4   1   4   0   1   8   1   3   6   1   6  26   0   3  14  0.09 0.05
   20 R     0   5  -1  -2  -3   1  -1  -2  -1  -2  -1   2   0  -3   0  -1  -1  -3  -2  -1    8  54   1   1   0   5   1   1   0   1   6   8   3   0   4   3   1   0   0   3  0.47 0.12
   21 G     0   2  -1  -2  -2  -1  -2   3  -2  -1   0  -1  -1  -2   0   1   0  -3  -2  -2    6  17   0   0   0   1   0  35   0   6  11   0   0   0   3  14   3   0   0   0  0.26 0.08
   22 L    -1   0   0  -3  -2  -2  -2  -3   1   2   3  -2   1   1  -3  -1  -1  -2  -1   1    3   9   5   0   0   0   0   0   7  11  46   0   0   6   0   5   2   0   0   6  0.20 0.08
   23 P    -1   0  -2  -2  -3   1  -1  -3   0  -1  -1   0  -2   0   6  -1  -1  -3  -2  -2    3   6   0   0   0  10   0   0   2   6   8   4   0   5  51   2   3   0   0   0  0.86 0.15
   24 A     4  -2   1  -2   0  -1  -2  -1  -2  -2  -2   0  -2   0   0   1  -1  -3  -2   0   61   0  10   0   2   0   0   0   0   0   0   5   0   6   4   6   0   0   0   7  0.37 0.15
   25 A     3  -1   0  -2   1  -1  -1   0  -2  -2  -1   0  -1  -3   1   2   0  -3  -2   0   42   2   4   0   4   0   0   6   0   0   6   5   0   0   5  17   4   0   0   5  0.25 0.10
   26 R     0   5   0  -2  -3   0  -1  -2   3  -2   0   0  -1   0  -1  -1  -1  -3  -1  -2    9  46   3   0   0   3   0   2   9   0  13   0   0   5   3   2   2   0   0   0  0.36 0.13
   27 V    -1  -1  -3  -3  -2  -2  -3  -4  -3   3   2  -1   0  -1  -3  -2   1  -3  -2   3    1   2   0   0   0   0   0   0   0  27  21   6   0   0   0   0   9   0   0  34  0.36 0.12
   28 R    -2   6   0  -2  -4   1  -1  -3   1  -3  -1   2  -2  -3  -3   0  -2  -3  -2  -3    0  60   5   0   0   6   0   0   4   0   7  10   0   0   0   5   0   0   0   0  0.69 0.18
   29 W    -2   0  -3  -3   3   0  -2  -3   1  -1  -1  -2  -2   2   1  -2   1   9   0  -2    2   5   0   0   7   5   0   0   5   3   3   0   0  13   6   0  14  34   0   0  0.79 0.18
   30 E     0   0  -1   0   0   1   3  -2  -1   0  -1   1  -2  -3   0   2  -1  -3  -2  -2    4   2   0   1   2   5  30   0   0   9   6  11   0   0   5  25   0   0   0   0  0.26 0.11
   31 S     0   1   0  -2  -2  -1  -1  -2  -2  -1  -2   0  -2  -3   0   4   1  -3   0  -2    4   9   2   0   0   0   0   0   0   5   4   4   0   0   5  57   6   0   3   0  0.41 0.18
   32 S     0   1   1  -1   2  -1  -1  -1  -2  -2  -3   1  -2  -3  -2   3   3  -4  -3  -1    2   7   8   0   5   0   0   3   0   0   0  12   0   0   0  37  22   0   0   4  0.35 0.15
   33 F     0  -1   0  -2  -2   0  -1  -2   1   0   0   0  -1   3  -1   2   0  -1   1  -1    5   1   5   1   0   3   1   1   4   8   9   5   0  19   3  25   3   0   6   1  0.11 0.07
   34 S     1   0   1   0   1   0  -1  -1  -2  -3  -3   1  -2  -3  -2   4   1  -3  -3  -2    8   4   5   5   4   2   0   2   0   0   0   7   0   0   0  55   6   0   0   0  0.43 0.17
   35 R    -2   5   1   0   2   0   0  -2  -1  -4  -3   2  -2  -4  -3  -1   0  -4  -3  -3    0  52   5   4   6   0   4   2   0   0   0  16   0   0   0   2   8   0   0   0  0.62 0.19
   36 T     2   0   1  -2  -2  -1  -1   0  -2  -2  -1   0  -2  -3   1   1   3  -3  -2  -1   28   4   6   0   0   0   0   4   0   0   4   6   0   0   6   7  31   0   0   2  0.28 0.13
   37 V    -1  -3   1  -2   2  -2  -1  -3  -3   3   1  -2   0  -2  -1  -2   0  -3  -2   3    0   0  10   0   5   0   4   0   0  19  10   0   0   0   3   0   4   0   0  41  0.29 0.13
   38 V     0   0  -2  -2  -2   0  -1  -2  -2   3   1   1   0  -1  -2   0  -1  -2   1   1   11   3   0   0   0   5   0   1   0  27   9  11   0   0   0  11   0   0   8  12  0.11 0.08
   39 A     2  -1   0   1   1  -1   0  -1  -2  -1  -2   0  -1  -2  -1   1   2  -2   0   0   34   1   5   8   4   0   3   1   0   1   1   8   0   0   2   5  14   0   4   8  0.16 0.09
   40 P     0   0  -2   0  -3  -1  -1  -2  -2  -1  -3   0  -2  -3   6   1   0  -3  -3  -2    5   5   1   4   0   1   1   1   0   4   1   5   0   1  50  12   7   0   1   1  0.88 0.16
   41 S     1   1   1   1  -2  -1   0   1  -1  -2  -2   0  -2  -3   2   2   0  -3  -2  -1   14   9   8   8   0   0   4   9   0   1   1   4   0   0  13  21   2   0   0   4  0.23 0.07
   42 A     2   0  -1   0  -2  -1   0   0   1  -1  -2   1  -1  -2  -2   1   2  -2   0   0   22   5   0   4   0   0   4   7   4   4   1  11   0   0   0   9  17   0   4   6  0.12 0.07
   43 V     0  -2   0  -2  -2  -2  -1  -1  -2   2   1  -1   0  -1  -2  -1   0  -3  -2   3    7   0   7   0   0   0   3   4   0  20  13   4   1   0   0   5   4   0   0  31  0.15 0.08
   44 A     2  -1  -1  -1  -2  -1   0   1   1  -2  -2   0  -1  -1  -1   2   0  -2  -1   0   28   1   1   1   0   1   3  10   4   1   2   8   0   4   1  23   5   0   0   7  0.18 0.08
   45 G     0   0   0   1  -2  -1   0   3   2  -2  -2   0  -2  -3   1   0   1  -3  -2  -1    4   7   3  11   0   1   4  25   8   1   1   2   0   1   8   5  14   0   0   5  0.21 0.07
   46 K     0   1   1  -1  -2   0   0  -2   1  -2  -2   4  -2  -3   0   1   1  -3  -2   0    4   3   5   1   0   1   3   1   4   1   1  42   0   1   3  11  11   0   0   8  0.27 0.11
   47 R    -1   4  -1  -1  -3   1   0  -2   1  -1  -2   3  -2  -3   0   0  -1   2  -2  -1    3  33   0   3   0   7   4   1   4   5   1  21   0   0   4   4   1   4   0   4  0.33 0.11
   48 P     0  -2   1  -2  -3   0  -1  -2  -2  -2  -3   0  -1  -3   6  -1   1  -4  -3  -1    9   0  10   0   0   6   1   1   0   0   1   4   1   0  47   1  12   0   0   7  0.84 0.17
   49 P     0   1  -1   1  -3  -1  -1  -2   0  -1  -2   1   0  -3   5   0   0   1  -2  -2    6   8   0   8   0   0   0   0   3   5   1  14   4   0  33   9   4   2   0   0  0.49 0.12
   50 E    -1  -1   0   1  -3   2   4  -1  -1  -3  -3   1  -2  -4   1   1   0  -3  -3  -3    3   0   4   6   0   8  45   4   0   0   0   6   0   0   5  10   7   0   0   0  0.46 0.14
   51 P     0  -2  -2  -2  -3  -1   2  -3  -1  -2  -1   0  -2  -3   6  -1   0  -4  -3  -1    9   0   0   0   0   0  16   0   2   0   5   4   0   0  48   0   7   0   0   6  0.84 0.17
   52 T    -1  -2  -1  -2  -2  -2  -1  -3  -3   0  -2  -1  -2  -3  -2   1   5  -3   0   1    1   0   1   0   0   0   2   0   0   6   0   3   0   0   0   7  64   0   4  11  0.64 0.24
   53 T     0  -2  -1  -2  -2  -1  -1  -1  -3   0   0  -1   1  -2  -2   1   4  -3  -2   1    7   0   2   0   0   0   4   3   0   4   8   4   4   0   0   6  43   0   0  15  0.29 0.15
   54 P     0   2  -1  -1  -3   0   2  -2   1  -1  -2   0  -2  -3   4   0  -1  -3  -2  -1    5  14   0   0   0   3  20   2   4   5   2   0   0   0  25   8   3   0   0   6  0.39 0.12
   55 W     0  -3  -1   1   2  -2  -1   0  -2  -1  -1  -1  -2  -1  -3  -1  -1   8   1  -1   10   0   2  12   5   0   3   7   0   4   7   3   0   0   0   4   3  29   5   6  0.55 0.16
   56 Q     0   1  -1  -1  -3   4   0  -2  -1  -2  -1   1  -1   0   0   0  -1  -2   0   0    6   8   0   2   0  36   3   1   0   0   3   9   0   7   3   3   3   0   3  12  0.27 0.13
   57 E     0  -1  -1   1  -3   0   3  -2   1  -1  -2   2  -2  -2  -2   0   1  -2   1  -2    7   1   1   6   0   1  32   1   3   5   1  18   0   0   1   5   9   0   7   1  0.27 0.11
   58 D    -1  -1   3   5  -3   1   1  -1  -1  -3  -2   0  -2  -3  -2   0  -1  -4  -3  -2    3   1  14  46   0   5   5   3   0   0   6   7   0   0   0   5   0   0   0   3  0.52 0.16
   59 P    -1  -2  -2  -1   0  -2   1  -1  -2  -1  -2  -1  -2  -3   6  -1   0  -3   0  -2    4   0   0   2   3   0   9   5   0   5   3   3   0   0  51   1   8   0   5   0  0.90 0.20
   60 E    -1   0   0   2  -3   0   3  -2  -2  -1  -1   1   0  -3  -1   1   0  -3  -3  -1    3   3   2  15   0   0  32   2   0   3   4  10   4   0   1   9   5   0   0   6  0.26 0.11
   61 P    -1  -2  -2  -2  -1  -1  -1  -3  -1   0  -1   2  -2  -3   6  -1   1  -4  -3  -1    4   0   0   0   2   0   3   0   1   9   6  18   0   0  43   1  10   0   0   1  0.75 0.19
   62 E    -1  -1   0   1  -3   0   5  -2   0  -2  -2   2  -2  -1  -2   0   0  -3  -2   0    1   1   5   3   0   1  51   2   2   1   3  12   0   3   1   4   4   0   0   7  0.45 0.16
   63 D    -1  -2   2   4   1   0   2  -2  -1  -2  -2  -1  -2   0  -2   0   0  -3  -2  -2    4   1   8  38   4   3  13   1   0   1   2   2   0   5   1   6   8   0   0   2  0.39 0.12
   64 E     0  -1  -1   2  -3   0   4  -2  -1  -2  -3   2  -2  -3  -2   1   2  -3  -2  -1    6   1   1   9   0   1  37   1   0   1   1  13   0   0   1  11  15   0   0   3  0.38 0.14
   65 N    -1   0   4   1  -2   0   0   0  -1  -1  -2   0  -2   0  -2   0   0  -3  -1  -1    2   5  34   9   0   2   4   4   0   4   2   6   0   7   1   7   4   0   1   6  0.24 0.10
   66 L    -1  -2  -2  -1  -2  -1   0  -2  -2   0   3  -2   0   1   1  -1  -1   2  -1   0    4   1   1   3   0   1   7   2   0   1  46   1   0   6   8   5   1   3   1   5  0.19 0.09
   67 Y    -1  -1   0  -1   0   0   0  -2   0  -1  -1   0  -1   1  -1   0   0   0   4   0    5   1   6   3   2   4   7   2   1   3   3   6   1   5   1   8   6   0  27  11  0.15 0.07
   68 E    -1   0  -1   2  -3   1   4  -2   0  -3  -3   3  -2  -3   1   0  -1  -3  -2  -2    3   1   1  10   0   4  36   2   1   1   2  22   0   1   5   6   3   0   1   1  0.42 0.13
   69 K    -2   2   0  -2  -4   0   0  -3  -2  -2  -4   6  -3  -4  -3  -1  -1  -4  -3  -3    0  10   3   0   0   2   4   0   0   3   0  70   0   0   0   3   2   0   0   0  0.91 0.29
   70 N    -3  -2   7   0  -4  -1  -2  -1   2  -5  -5   2  -4  -4  -3  -1  -2  -5  -3  -4    0   0  71   2   0   1   0   3   5   0   0  14   0   0   0   2   0   0   0   0  1.22 0.34
   71 P    -1  -1  -4  -5  -4  -3  -4  -4  -4  -4  -2  -4  -3  -2   5  -2  -3  11   0  -4    5   4   0   0   0   0   0   0   0   0   4   0   0   0  28   2   0  54   2   0  2.04 0.41
   72 D    -2  -2  -1   3  -3   1   1  -3  -3   3  -1  -1   2  -2  -3  -2   0  -4  -3   3    0   0   2  21   0   7   8   0   0  21   0   3   6   0   0   0   3   0   0  27  0.29 0.16
   73 S    -1  -3   0  -2  -3  -2  -1  -2  -3  -4  -4  -2  -3  -3   0   6   1  -4  -3  -3    1   0   4   0   0   0   3   0   0   0   0   0   0   1   4  78   7   0   0   0  1.05 0.38
   74 H    -4  -4  -3  -5  -5  -3  -4  -5   6  -4  -4  -2  -3   3  -5  -4  -4   1   8  -4    0   0   0   0   0   0   0   0  25   0   0   2   0  10   0   0   0   1  62   0  1.82 0.47
   75 G    -2  -5  -3  -4  -5  -4  -5   7  -4  -6  -6  -4  -5  -1  -5  -3  -4  -5  -5  -6    0   0   0   0   0   0   0  97   0   0   0   0   0   3   0   0   0   0   0   0  2.03 0.49
   76 Y    -2  -5  -5  -6  -5  -4  -5  -5   0  -3  -2  -5  -3   7  -6  -4  -4   1   7  -3    3   0   0   0   0   0   0   0   2   0   0   0   0  52   0   0   0   1  42   0  1.76 0.46
   77 D    -3  -3  -1   7  -5  -1   2  -2   1  -5  -5  -2  -5  -5  -3   1  -3  -6  -2  -5    0   0   1  66   0   1  15   2   3   0   0   0   0   0   0  11   0   0   1   0  1.25 0.37
   78 K    -2   2   0   0  -4   1   3  -3   1  -4  -2   4  -3  -4  -3  -1   1  -4  -1  -2    0  11   2   5   0   3  23   0   3   0   3  36   0   0   0   1  10   0   2   1  0.52 0.23
   79 D    -3  -3   2   7  -5  -2   1  -1  -3  -5  -6  -2  -5  -5  -4   0  -1  -6  -5  -5    0   1  11  70   0   0   7   4   0   0   0   0   0   0   0   5   2   0   0   0  1.35 0.39
   80 P    -2  -1   1  -1  -4   1   3  -3  -2  -4  -4   1  -3  -3   5   0  -2   0   2  -4    0   2   7   1   0   7  24   0   0   0   0   8   0   0  31   8   0   1  10   0  0.71 0.26
   81 V     1  -1   0   1  -2   1   2  -2  -1   0  -1   1  -1   0  -2  -1   1  -3   0   1   14   0   4   8   0   5  15   0   1   4   5  11   0   5   0   0  10   0   4  13  0.10 0.09
   82 L    -2  -1  -1   0  -3   1   2  -2  -1   1   1   1   1  -2  -3  -1  -1   2   0   1    0   1   3   3   0   5  23   1   0   8  13   9   6   0   0   3   3   3   4  15  0.14 0.12
   83 D    -4  -4   0   8  -6   0   1  -4  -3  -5  -6  -3  -5  -6  -4  -3  -3  -6  -5  -5    0   0   1  89   0   3   6   0   0   0   0   0   0   0   0   0   0   0   0   0  1.93 0.50
   84 V    -1   4   0   1  -3  -1  -1  -3   0  -1   1   1  -1  -3  -3  -1   0  -3  -2   1    3  33   4   8   0   0   2   0   2   2  16  10   0   0   0   1   7   0   1  11  0.27 0.16
   85 W    -2   0   1   1  -4  -1  -1  -3   3  -2  -2   0  -2   3  -3   0  -1   8   1  -2    2   6   8   9   0   2   2   0  10   1   3   6   0  13   0   7   4  23   2   2  0.55 0.21
   86 N     2  -1   4   0  -3   0   0  -2  -1   0  -1  -1   0  -1  -3   1   0   0   0  -1   20   1  28   3   0   4   3   0   1   6   3   1   2   2   0  14   2   2   4   3  0.23 0.15
   87 M    -1  -2  -3  -2  -3  -1  -3  -4   4   0   1  -1   7  -1  -4  -2   0  -3   3  -1    6   1   0   2   0   2   0   0  14   5   8   3  40   0   0   1   6   0  10   1  0.59 0.28
   88 R    -3   4   1  -1  -5  -1  -2  -4   8  -4  -4   1   0  -3  -4  -2  -3  -4   0  -4    0  26   7   2   0   0   0   0  49   0   0   8   3   0   0   1   0   0   2   0  1.17 0.34
   89 L     1  -2   0  -2  -1   0  -2  -2   1   1   1  -2   2   0  -2   0   1  -3  -1   2   13   0   5   0   1   6   0   0   4   5  15   0   6   4   0   9  11   0   1  19  0.11 0.09
   90 V     0  -3  -2  -3  -2  -2  -3  -3  -1   2   1  -2   1   1  -3   1   2   0  -1   3    6   0   0   0   0   0   0   0   1  15   8   0   3   8   0  11  17   2   0  27  0.24 0.14
   91 F    -2  -3  -4  -4  -3  -3  -4  -2  -3   0   1  -4   5   6  -4  -2  -1   4   1  -1    3   0   0   0   0   0   0   2   0   3  11   0  22  44   0   2   4   5   1   2  0.75 0.26
   92 F    -4  -5  -5  -5   0  -5  -5  -5  -3  -2  -1  -5   1   8  -5  -4  -4   3   2  -3    0   0   0   0   2   0   0   0   0   0   3   0   3  82   0   0   0   4   2   0  1.72 0.42
   93 F    -2  -4  -4  -4   2  -2  -4  -2  -3   0   1  -4   1   6  -4  -3   0  -1   0   0    2   0   0   0   4   2   0   4   0   4   9   0   4  52   0   0   8   0   0   8  0.68 0.24
   94 G     0  -3  -1  -2   2  -2  -3   4  -3  -3  -1  -2  -1  -2  -3   2   1   3  -1  -2    5   0   3   0   6   0   0  38   0   0   9   0   2   0   0  16  10   6   3   1  0.43 0.17
   95 V    -3  -4  -4  -5  -3  -4  -4  -5  -4   4   1  -4  -1   5  -4  -3  -1  -2   0   3    0   0   0   0   0   0   0   0   0  35   6   0   0  28   0   0   2   0   2  28  0.75 0.26
   96 S    -1  -3  -2  -3  -3  -2  -2  -3  -1  -1  -3  -2   0  -4  -3   4   5  -4  -3   0    0   0   0   0   0   0   0   0   2   4   0   0   2   0   0  40  46   0   0   6  0.80 0.33
   97 I    -2  -4  -4  -4   0  -4  -4  -5  -4   4   3  -4   1   2  -4  -3   0  -3  -2   2    0   0   0   0   2   0   0   0   0  35  30   0   3   8   0   0   5   0   0  17  0.57 0.20
   98 I     0  -4  -3  -4   6  -3  -4   1  -4   2   0  -3   0  -1   0  -2  -1  -3  -1   3    4   0   0   0  22   0   0  12   0  13   4   0   1   2   5   1   2   0   2  30  0.44 0.19
   99 L    -1  -3  -4  -4   0  -3  -4  -4  -4   2   4  -3   2   2  -4  -3  -1  -3  -1   2    5   0   0   0   2   0   0   0   0  13  47   0   6  12   0   0   3   0   0  11  0.50 0.19
  100 V    -1  -4  -4  -5   4  -4  -4  -2  -5   3  -1  -4   0  -1  -4  -3  -1  -4  -3   5    3   0   0   0  11   0   0   4   0  13   0   0   1   1   0   0   1   0   0  66  0.85 0.30
  101 L    -2  -4  -4  -4   2  -3  -4   0  -3   1   3  -4   0   4  -4  -3  -2   4   1   1    2   0   0   0   5   0   0   7   0   9  34   0   0  23   0   0   1   7   2  11  0.46 0.18
  102 G    -1  -2  -2  -3   1  -3  -3   6  -2  -2  -2  -3   0   0  -3   0  -1  -4  -3  -2    0   2   0   0   3   0   0  69   1   3   3   0   3   4   0   6   3   0   0   1  0.94 0.27
  103 S     1  -3  -1  -1   1  -2  -2   2  -3  -1  -3  -2  -2  -1   1   3   2  -4  -3  -1   11   0   0   1   4   0   0  19   0   4   0   0   0   3   8  31  13   0   0   5  0.33 0.17
  104 T     0  -2  -3  -4  -3  -3  -3  -3  -2   0   0  -3   0   5  -3  -2   3  -1   3   0   11   2   0   0   0   0   0   0   0   4   4   0   1  37   0   0  27   0  10   4  0.56 0.23
  105 F    -1  -4  -4  -4  -1  -3  -4  -3  -2   2   1  -4   1   5  -4  -3  -2   2   3   1    5   0   0   0   1   0   0   1   0  14  13   0   5  37   0   1   0   2  10  11  0.56 0.20
  106 V    -2  -3  -1  -4  -3  -3  -4  -4  -3   1   2  -3   3   2  -4  -3  -1   6   2   3    1   0   4   0   0   0   0   0   0   7  21   0  10   8   0   0   2  14   8  26  0.51 0.19
  107 A     4  -2  -3  -3   0  -2  -2  -1   1  -1  -1  -2   3   0  -3   0   0  -2   2   0   45   1   0   0   2   0   0   3   4   3   2   0  13   4   0   6   3   0  10   4  0.35 0.20
  108 Y    -4  -4  -4  -5  -5  -4  -4  -5  -1  -4  -4  -4  -3   2  -5  -2  -4   0   9  -4    0   0   0   0   0   0   0   0   0   0   0   0   0   3   0   4   0   0  93   0  2.38 0.56
  109 L     1  -1  -3  -4  -1  -1  -3  -1  -3   1   3  -1   2   0  -3  -2  -1  -2   0   0   13   4   0   0   1   3   0   5   0   4  49   2   7   2   0   2   1   0   5   1  0.29 0.16
  110 P    -2  -4  -1  -4  -5  -4  -3  -4  -4  -5  -5  -3  -5  -6   8  -1  -3  -6  -5  -5    2   0   4   0   0   0   0   0   0   0   0   0   0   0  91   3   0   0   0   0  2.53 0.52
  111 D    -1  -4   0   7   0  -2   0  -2  -3  -4  -5  -3  -1  -5  -4  -1  -3  -6  -5  -3    5   0   3  82   2   0   1   1   0   0   0   0   2   0   0   1   0   0   0   2  1.49 0.40
  112 Y    -2  -1  -1  -1   1  -1  -2  -3   3  -1  -1  -1  -1   3   1  -1   0   0   4   0    0   2   3   3   3   3   0   1  11   3   4   3   1  13   6   3   8   0  22  11  0.25 0.14
  113 R    -1   4   2   0  -4   1  -1   0   0  -2  -1   2  -1  -2  -3  -1   0  -4  -2  -3    2  30  10   5   0   6   0   6   3   1   8  18   1   1   0   3   5   0   0   0  0.32 0.15
  114 M    -2  -1   1   1   3  -1  -2   0  -2   0   2  -2   5  -1  -3  -2  -2  -3   0  -1    1   5   7  10   9   1   0   9   0   1  24   0  27   2   0   0   0   0   3   0  0.29 0.16
  115 K    -1   5  -1  -2  -4   3   0  -3   1   0  -2   3  -2  -3  -3  -2  -1  -4  -2  -1    3  37   2   0   0  15   4   0   4   7   1  20   0   0   0   0   1   0   0   6  0.51 0.17
  116 E    -2  -2   0   5  -5   0   4  -3   0  -4  -5   0  -4  -4  -3   0  -2  -4  -1  -4    1   0   3  47   0   1  36   0   2   0   0   3   0   0   0   4   0   0   3   0  0.93 0.24
  117 W    -5  -2  -6  -7  -5  -4  -5  -3  -5  -5  -4  -5  -4  -2  -6  -5  -5  12   0  -5    0   3   0   0   0   0   0   2   0   0   0   0   0   0   0   0   0  95   0   0  3.85 0.58
  118 S     3   0   0   1  -1  -2  -1  -1  -2   0  -2  -1  -2  -2  -2   2   0  -4  -2  -1   44   5   4   9   1   0   0   2   0   9   1   0   0   2   0  17   3   0   1   2  0.27 0.14
  119 R    -1   3  -1  -2  -4   4   2   1   2  -3  -1   0  -1  -4  -3  -1  -2  -4  -3  -3    3  24   0   0   0  33  14  10   5   1   5   0   1   0   0   3   0   0   0   1  0.49 0.18
  120 R    -1   7  -2  -3  -4   0  -2  -4  -2  -4  -2   1  -3  -3  -4   0  -2  -4   1  -4    3  75   0   0   0   1   0   0   0   0   3   2   0   0   0   9   0   0   5   0  1.13 0.30
  121 E    -3  -2  -2   0  -5   1   7   0  -2  -5  -5  -1  -4  -5  -3  -2  -3  -5  -4  -4    0   0   0   0   0   2  89   9   0   0   0   0   0   0   0   0   0   0   0   0  1.42 0.36
  122 A     6  -3  -3  -3  -2   1  -2   1  -3  -3  -3  -2  -3  -4  -3  -1  -2  -4  -3  -2   83   0   0   0   0   9   0   8   0   0   0   0   0   0   0   0   0   0   0   0  0.97 0.30
  123 E    -3   0  -3  -2  -4  -1   2  -4   1   0   0   1  -2   4  -3  -2  -2  -1   5  -2    0   4   0   0   0   0  18   0   3   5   7   9   0  18   0   1   0   0  33   0  0.53 0.19
  124 R    -2   2  -3  -3  -3   1  -1  -4  -3   1   4  -1   0  -1  -4  -3  -1  -3  -1   0    0  17   0   0   0   9   2   0   0   5  58   2   0   0   0   0   3   0   1   2  0.45 0.18
  125 L    -2   0  -2   0  -3   2   4   0  -2  -1   2  -1  -1  -3  -3  -2  -2  -4  -3   1    0   4   0   3   0   9  39   9   0   0  24   0   0   0   0   0   0   0   0  11  0.35 0.17
  126 V    -3  -4  -5  -5  -3  -3  -4  -5  -4   1   5  -4   1  -1  -4  -4  -2   5  -2   2    0   0   0   0   0   0   0   0   0   4  66   0   2   0   0   0   0   9   0  19  0.81 0.23
  127 K    -1   5   0   1  -4   1   3  -3   1  -4  -4   3  -3  -4  -3  -1  -2  -4  -1  -3    5  37   4   5   0   3  20   0   3   0   0  19   0   0   0   0   0   0   3   0  0.59 0.18
  128 Y    -3   5  -2  -3  -4   0   1  -4   1  -2   0   1  -2  -1  -3  -2  -2  -2   4  -3    0  44   0   0   0   2  13   0   2   1  10   5   0   0   0   0   0   0  24   0  0.65 0.22
  129 R    -3   7  -1  -3  -5  -1  -2  -4  -2  -5  -4   2  -3  -5  -4  -2  -3  -5  -4  -4    0  86   3   0   0   0   0   0   0   0   0  12   0   0   0   0   0   0   0   0  1.57 0.36
  130 E    -3   1  -2   0  -5   1   7  -4  -2  -5  -4  -1  -1  -5  -3  -2  -3  -5  -4  -4    0   7   0   0   0   3  87   0   0   0   0   0   2   0   0   0   0   0   0   0  1.40 0.35
  131 A     3   1  -1  -1  -3   1   1  -2  -2  -3  -2   3  -2  -4  -2   0   1  -4  -3  -2   35   5   0   2   0   6  12   0   0   0   1  25   0   0   0   1  12   0   0   1  0.37 0.16
  132 N     2  -2   3  -1  -3   0   0  -2   4  -2   1   0  -1  -3  -3  -1  -1  -4  -2  -2   29   0  22   1   0   4   5   0  13   0  19   4   1   0   0   1   1   0   0   0  0.29 0.15
  133 G    -2   1  -1  -3  -4  -3  -3   7  -3  -5  -5  -2  -4  -5  -4  -2  -3  -4  -5  -5    0  10   2   0   0   0   0  88   0   0   0   0   0   0   0   0   0   0   0   0  1.54 0.31
  134 L    -1  -3   1  -3  -3  -1  -2  -3  -3   0   5  -2   0  -1  -4  -3  -2  -3  -2   0    4   0  10   0   0   4   3   1   0   0  71   2   0   1   0   0   0   0   0   5  0.54 0.20
  135 P    -3  -4  -3   1  -5  -3  -1  -4  -4  -4  -2  -1  -4  -5   8  -3  -3  -5  -5  -4    0   0   0   8   0   0   4   0   0   0   4   2   0   0  81   0   0   0   0   0  2.03 0.35
  136 I    -2  -3  -4  -4  -2  -3  -3  -4  -1   2   3  -2   0  -1   3  -3  -2  -3  -1   2    1   0   0   0   0   0   0   0   2  15  45   3   0   0  19   0   0   0   2  13  0.50 0.15
  137 M    -2  -4  -4  -4  -2  -3  -4  -5  -4   5   1  -4   4  -1  -4  -3  -2  -4  -2   3    0   0   0   0   0   0   0   0   0  54   5   0  16   0   0   0   0   0   0  25  0.76 0.19
  138 E    -2  -2   1   6  -4  -1   3  -2  -2  -4  -5  -1  -4  -5  -3   2  -2  -5  -4  -4    0   0   5  60   0   0  18   0   0   0   0   0   0   0   0  17   0   0   0   0  0.99 0.21
  139 S    -1   1  -2  -2  -4  -1  -1  -2  -3  -4  -4   2  -2  -4   6   2  -1  -4  -4  -3    2   9   0   0   0   0   1   1   0   0   0  16   1   0  50  20   0   0   0   0  1.05 0.20
  140 N    -3  -2   7   3  -4  -1   0  -2   0  -5  -5  -2  -4  -4  -3  -1  -2  -5  -1  -4    0   0  74  17   0   0   5   0   2   0   0   0   0   0   0   0   0   0   2   0  1.22 0.26
  141 C    -2  -2  -3  -4   4  -3  -3  -4  -1   0   2  -3  -1   3  -4  -3  -2   0   6  -1    0   1   0   0  12   0   0   0   0   2  25   0   0  12   0   0   0   0  43   2  0.72 0.18
  142 F    -1  -4  -4  -4  -2  -4  -4  -4  -4   4   1  -4   0   4  -4  -3  -1  -2  -1   3    2   0   0   0   0   0   0   0   0  42   3   0   0  22   0   0   2   0   0  29  0.59 0.17
  143 D    -1  -3   1   6  -4  -1   0  -2  -2  -4  -5  -1  -4  -5   3   0  -2  -5  -4  -4    3   0   5  68   0   2   1   0   0   0   0   2   0   0  13   7   0   0   0   0  1.04 0.22
  144 P    -2   0  -3  -3  -4  -2  -1  -4  -3  -2  -1  -2  -3  -4   8  -2  -2  -5  -4  -1    2   6   0   0   0   0   3   0   0   2   6   0   0   0  76   0   0   0   0   6  1.68 0.27
  145 S     2  -1   0   2  -2   0   1  -1   0  -3  -3   0  -2  -4  -2   4   0  -4  -3  -2   20   0   1  13   0   1  10   0   2   0   0   7   0   0   0  46   2   0   0   0  0.44 0.15
  146 K    -2   2   0   0  -3   2   0  -3  -2  -3  -1   5   0  -3  -2   0   0  -4  -3  -3    0  10   3   3   0   9   0   0   0   0   7  51   2   0   0   8   7   0   0   0  0.46 0.15
  147 I    -2  -4  -4  -4  -2  -4  -4  -5  -4   6   1  -4   2   0  -4  -2  -2  -3  -2   2    0   0   0   0   0   0   0   0   0  68   9   0   7   3   0   2   0   0   0  11  0.75 0.20
  148 Q    -1   0   0  -1  -2   3   1  -3  -2   2  -1   0   0  -2  -2   0   1  -3  -1   2    1   2   6   1   0  22   7   0   0  15   0   6   1   1   1   5   8   0   1  24  0.18 0.09
  149 L    -3  -4  -5  -5  -3  -4  -4  -5  -4   0   6  -4   1  -1  -4  -4  -3  -3  -2   0    0   0   0   0   0   0   0   0   0   0 100   0   0   0   0   0   0   0   0   0  1.13 0.25
  150 P    -2  -4  -4  -3  -4  -3  -3  -4  -4  -4  -4  -3  -4  -5   8  -1  -2  -5  -5  -4    0   0   0   0   0   0   0   0   0   0   1   0   0   0  96   2   1   0   0   0  2.51 0.33
  151 E     0  -2   0   1  -3  -1   3  -2  -2  -3  -3  -1  -3  -4   1   4   2  -4  -3  -3    1   0   2   7   0   0  22   0   0   0   0   1   0   0   5  44  17   0   0   0  0.50 0.15
  152 D    -3  -2   0   6  -5  -1   4  -3  -2  -5  -5  -1  -4  -5  -3  -2  -2  -5  -4  -4    0   0   0  68   0   0  32   0   0   0   0   0   0   0   0   0   0   0   0   0  1.30 0.25
  153 E    -2  -2  -1   3  -5   0   6  -3  -2  -5  -4   0  -4  -5  -3  -2  -2  -5  -4  -4    0   0   0  13   0   0  85   0   0   0   0   2   0   0   0   0   0   0   0   0  1.28 0.26

                      K         Lambda
Standard Ungapped    0.1349     0.3177
Standard Gapped      0.0410     0.2670
PSI Ungapped         0.1349     0.3177
PSI Gapped           0.0410     0.2670
