
Last position-specific scoring matrix computed, weighted observed percentages rounded down, information per position, and relative weight of gapless real matches to pseudocounts
            A   R   N   D   C   Q   E   G   H   I   L   K   M   F   P   S   T   W   Y   V   A   R   N   D   C   Q   E   G   H   I   L   K   M   F   P   S   T   W   Y   V
    1 M    -5  -6  -6  -7  -5  -4  -6  -7  -6  -1   0  -6  11   0  -7  -6  -5  -5  -5   1    0   0   0   0   0   0   0   0   0   2   4   0  82   4   0   0   0   0   0   8  2.64 0.97
    2 S     2  -2   1  -1  -4  -3  -1  -3  -4  -5  -5   0  -4  -6  -3   6   1  -6  -4  -3   14   2   5   3   0   0   3   0   0   0   0   4   0   0   1  57   8   0   0   1  0.94 0.59
    3 N    -2  -1   5   3  -5   0   1  -3   4  -5  -5   1  -4  -6  -4   2   0  -6  -4  -3    2   2  29  15   0   4   7   1  10   0   0   7   0   0   0  15   5   0   0   2  0.68 0.43
    4 A     3  -1   0   0  -3   0   0  -1   0  -2  -2   0  -2  -4  -1   2   2  -4  -1  -2   26   2   5   6   0   4   6   5   2   1   2   5   1   0   3  16  12   0   2   2  0.25 0.25
    5 E    -2   1  -1   2  -5   1   5  -2  -1  -4  -5   1  -4  -6   0   0   0  -6  -4  -3    3   6   3  11   0   6  37   3   1   1   0   9   0   0   5   6   5   0   0   1  0.60 0.42
    6 D    -2  -2   1   5  -5  -1   2  -1   0  -3  -4   0  -3  -5  -1   1  -1  -6  -5  -1    2   1   6  37   0   3  13   4   3   1   2   5   0   0   2   9   4   0   0   6  0.61 0.41
    7 H    -1   0   2   0  -4   1   2  -2   5  -1  -4   1  -2  -4  -1   1   0  -5  -2  -1    3   4  11   6   0   5  12   3  18   3   0   7   1   0   3  11   6   0   1   4  0.34 0.29
    8 A     2   1   0   2  -3   1   1   0  -1  -2  -3   0  -2  -3  -1   1   0  -4  -2  -2   21   8   4  10   0   7   9   6   2   2   1   4   1   1   3  11   5   0   1   3  0.20 0.20
    9 G     0   1   0   2  -3  -1   0   3  -1  -2  -1   0  -1  -2   2   1  -1  -4  -3  -1    6   8   4  11   0   2   5  22   1   1   5   5   2   2  10   9   3   0   0   4  0.21 0.18
   10 T    -1   0   1  -2  -3  -1  -1  -1  -3  -2  -4   0  -3  -5  -2   4   4  -5  -3  -1    4   6   6   2   0   3   4   4   0   2   1   4   0   0   2  29  27   0   1   4  0.53 0.44
   11 R    -5   8   0  -5  -8  -3  -4  -5  -4  -6  -4   2  -3  -6  -4  -3  -3  -8  -6  -5    1  74   4   0   0   1   1   1   0   1   2  10   1   0   1   2   1   0   0   1  2.04 1.04
   12 R    -5   9  -3  -4  -9  -2  -6  -8  -4  -9  -5   0  -5  -5  -4  -5  -5  -8  -5  -7    1  85   1   1   0   1   0   0   0   0   1   5   0   1   1   1   0   0   0   0  2.56 1.24
   13 D     0   2   1   5  -3   2  -1  -2   0  -4  -3   1  -3  -4  -2   0   0  -3  -2  -3    8  13   6  28   1   8   3   3   2   1   2   7   1   1   2   5   5   0   2   2  0.44 0.36
   14 F    -3  -4  -4  -8  -2  -4  -7  -5  -3  -2   0  -7   0   8  -8  -6  -4   3   1   0    3   1   1   0   1   1   0   1   1   2  10   0   2  62   0   0   1   4   3   6  1.75 0.88
   15 L    -2  -6  -5  -7  -4  -4  -6  -6  -4   2   5  -6   3   0  -6  -1   0  -2  -2  -1    4   0   1   0   0   1   0   0   0  10  58   0   6   3   0   5   5   1   1   3  1.04 0.63
   16 Y    -2  -3   1  -4  -2  -2  -4  -1   1   1  -1  -2  -2   0  -4  -1   2  -2   7   0    3   1   6   0   1   2   0   6   3   8   6   3   1   4   1   4  13   0  32   6  0.61 0.47
   17 Y     0  -1  -3  -4  -4  -2  -4  -1  -3   1   1  -1   2   3  -4  -2   0  -1   4   1    8   3   1   0   0   1   0   6   0   9  15   3   5  12   0   3   6   1  16   9  0.31 0.27
   18 A     4  -5  -4  -6  -2  -4  -5  -1  -4   0   1  -4   4  -2  -5   0   1  -6  -5   1   38   0   0   0   1   0   0   5   0   5  12   1   9   2   0   7  10   0   0  10  0.61 0.49
   19 T     1  -5  -3  -5  -1  -4  -5  -3  -6   0   0  -5   0  -2  -5   1   6  -2  -3   1   10   0   1   0   1   0   0   3   0   5  11   0   2   2   0   8  46   1   1  10  0.86 0.63
   20 A     3  -4  -3  -4   1  -2  -5   4  -5  -2  -2  -2  -3  -2  -5   1   1  -2  -2   0   24   1   1   1   3   1   0  29   0   2   5   2   1   2   0  12   8   1   2   8  0.54 0.44
   21 G     3  -6  -5  -6  -2  -5  -5   4  -4  -2  -3  -5   0  -1  -6   1   0  -2  -3   2   26   0   0   0   1   0   0  33   0   2   2   0   2   2   0  10   6   1   1  13  0.76 0.56
   22 A     3  -4  -4  -6  -2  -4  -5   0  -5   0   0  -3   3   1  -5   0   1  -1  -1   3   25   0   1   0   1   0   0   7   0   4   8   1   7   7   0   6   8   1   2  22  0.47 0.41
   23 G     2  -2  -3  -5  -3  -4  -6   6  -7  -2  -3  -5  -1  -2  -7  -1  -2  -7  -3   0   15   2   1   0   1   1   0  55   0   3   3   1   2   2   0   4   2   0   1   6  1.13 0.69
   24 A     5  -4  -6  -5   1  -5  -6   2  -6  -1  -1  -4  -1   0  -5   0   0  -7  -3   1   44   1   0   0   2   0   0  15   0   3   6   1   2   4   0   6   6   0   1   8  0.72 0.55
   25 V     1  -6  -4  -7  -2  -5  -6  -2  -7   2   1  -5   1  -1  -5  -1   0  -4   0   5   11   0   1   0   1   0   0   3   0   9  13   1   3   2   0   4   5   0   3  42  0.79 0.53
   26 A     3  -5  -6  -6   0  -6  -6   5  -3  -2  -2  -5   2  -4  -3  -1   0  -1  -1   0   22   1   0   0   2   0   0  43   1   2   4   1   4   1   2   4   5   1   2   7  0.88 0.60
   27 T     5  -5  -6  -7  -1  -6  -6   0  -7   0  -2  -5   0  -3  -6   0   3  -4  -2   2   38   1   0   0   1   0   0   8   0   4   5   1   2   1   0   6  17   0   1  15  0.77 0.58
   28 G     3  -2  -4  -6   1  -4  -5   4  -4  -1  -1   2  -3  -2  -4  -1  -2  -6  -3   1   24   2   0   0   3   1   0  29   0   4   5  10   0   2   1   5   2   0   1  10  0.56 0.44
   29 A     4  -4  -3  -5   0  -3  -3   2  -3  -3   0  -2   0   2  -4   1  -1  -2   2  -2   35   1   1   0   2   1   1  13   0   2   8   2   2   9   1   9   3   0   6   3  0.51 0.42
   30 A     4  -1  -3  -5   0  -4  -4  -2  -1   1   0  -4   1  -1  -4   0   1  -1  -1   2   32   4   1   0   2   0   1   3   1   6   9   1   3   3   1   7   9   1   2  13  0.40 0.36
   31 V     3  -4  -5  -6  -1  -5  -6  -2  -6   1   2  -1  -1  -2  -4  -2  -2  -6  -2   4   24   1   0   0   1   0   0   3   0   8  20   4   1   2   1   3   2   0   2  28  0.65 0.48
   32 W    -3  -3  -5  -5  -1   0  -4  -3  -1   0   0  -4  -2   0  -5  -3   0   9   4   2    3   2   1   1   1   4   1   3   1   4   9   1   1   4   1   2   6  28  13  14  1.10 0.66
   33 P    -2  -5  -4   0  -8  -2  -3   0  -2  -5  -5   0  -4  -3   8  -4  -1  -2  -5  -3    4   1   1   5   0   2   2   9   1   1   1   5   1   2  58   1   4   1   0   2  1.52 0.92
   34 L    -3  -4  -7  -8  -3  -7  -4  -7  -4   0   3  -4   5   7  -5  -5  -4  -3  -1   0    3   1   0   0   1   0   2   0   0   5  25   2  11  38   1   1   1   0   1   7  1.25 0.72
   35 I    -1  -5  -5  -5  -3  -6  -6  -4  -7   5   2  -1   0  -1  -3  -5  -1   1  -3   4    5   1   1   1   0   0   0   2   0  26  18   4   2   2   1   1   4   2   1  30  0.84 0.53
   36 N     1   1   3   2  -2   0  -1   0   0  -4  -2   1  -2  -4  -3   2  -1  -1  -1  -2    9   7  13  10   1   3   3   8   2   1   4  10   1   1   1  17   2   1   2   3  0.24 0.26
   37 Q    -1  -2   0  -4  -3   4  -3  -2  -2  -4  -4  -2  -1   1  -3   4   1  -5   2  -2    5   2   5   1   0  18   1   3   1   1   2   3   2   6   2  32   7   0   8   3  0.61 0.53
   38 M    -2  -3  -3  -4  -3  -5  -4  -3  -3  -1   3  -2   7   3  -6  -3  -2   7  -2  -2    4   2   1   1   1   0   1   2   1   3  26   3  24  10   0   3   3  12   1   2  0.97 0.62
   39 N     0   0   5  -1  -3   0  -2   0  -2  -2  -1   0   0  -2  -3   2  -1   1  -3  -3    9   5  25   4   1   5   2   6   1   3   6   5   2   2   1  14   4   2   1   2  0.34 0.33
   40 P     1  -3  -6  -4  -7  -2  -4  -1  -3  -3  -5  -4  -1  -5   8  -3  -4  -1  -4  -4   10   2   0   1   0   2   1   4   1   2   1   1   2   1  66   2   1   1   1   1  1.83 1.03
   41 S     1  -1   0   1  -5  -1  -2  -3  -3  -4  -3  -3  -5  -3   1   5   1   1  -2  -3   13   3   5   8   0   3   2   2   1   1   4   1   0   1   7  35  10   2   1   1  0.52 0.48
   42 A     5  -1  -1  -1  -2  -1   0  -2  -5  -2  -3   1  -1  -2  -1   0  -2  -6  -5  -2   44   4   3   4   1   2   7   3   0   2   2  10   2   2   4   6   2   0   0   3  0.56 0.46
   43 D     0   1   0   5  -3  -1   0  -3  -2  -4  -4   1  -2  -3  -3   1   0  -6  -2  -3    8   8   4  33   1   2   6   2   1   1   2   8   1   2   1  12   5   0   2   2  0.56 0.44
   44 V     2  -2  -3  -4  -2  -1  -1  -2  -3   1   0  -2   1  -3  -2  -2   1  -5  -2   4   20   2   1   1   1   3   4   2   1   7   7   2   3   1   2   3  10   0   2  29  0.40 0.35
   45 Q    -1   2  -2   0  -4   2   1  -2   0  -1   2   1   0  -2  -2   0  -1  -5  -1  -1    6  10   2   5   0   8   8   3   2   3  22  10   2   1   2   6   3   0   2   3  0.16 0.21
   46 A     5  -1  -3  -2  -5   0  -1  -1   0  -2  -3  -2  -2  -6  -3  -1  -1  -1  -3  -2   47   3   2   2   0   4   4   5   2   2   3   3   1   0   2   5   4   1   1   3  0.63 0.54
   47 L     2   0  -1   0  -1   0  -1   0   2  -2   2  -3   2   0  -2  -2  -2   1  -1  -2   16   5   3   5   1   4   4   7   5   3  19   2   5   4   2   3   2   2   3   3  0.13 0.16
   48 A     3   0  -1  -2   1  -1  -1   2  -1  -2  -3  -1   0  -2  -2   2  -1  -5   0  -2   27   6   2   2   3   2   4  13   2   3   3   3   2   2   2  13   3   0   3   2  0.22 0.29
   49 S     0   0   1   1  -4   0  -1  -2   0  -2  -3   1  -1   0   3   1   1  -4   0  -1    6   4   6   6   0   4   4   3   2   2   3   8   2   4  12  12  10   0   3   4  0.12 0.21
   50 I    -1   0   0   0   2   0  -1  -1   2   0  -1   0   2   0   0  -1   0   4   1  -1    5   5   5   5   5   5   5   5   5   5   5   5   5   5   5   5   5   5   5   5  0.03 0.09
   51 F    -2   0  -3   0  -5  -1   5  -4  -3   0  -2   1  -3   2  -2  -2   1  -2  -1  -1    2   5   1   5   0   2  38   1   0   7   3   7   0   8   2   3   8   1   2   3  0.50 0.44
   52 V    -1  -4  -4  -5  -3  -3  -4  -4  -6   3   0  -3  -1  -1  -1  -4  -1  -5  -2   6    6   1   1   1   0   1   1   1   0  17   8   1   1   3   3   1   3   0   1  49  0.90 0.58
   53 D    -3  -2   2   7  -6  -3   0  -4  -2  -5  -4   0  -6  -5   0  -2  -3  -7  -4  -4    2   2   8  56   0   1   6   1   1   1   2   6   0   1   4   3   1   0   1   2  1.27 0.77
   54 V    -3  -2  -2  -4  -3  -3  -4  -3  -5   4   3  -1   1  -2  -1  -4  -2  -5  -3   3    2   3   2   1   0   1   1   2   0  24  30   3   2   1   3   1   2   0   1  20  0.60 0.43
   55 S     1  -1  -1   0  -5  -2  -1   0  -2  -4  -5  -1  -3  -4  -3   6   0  -6  -6  -4    9   3   3   5   0   1   3   7   1   1   1   3   1   1   1  53   6   0   0   1  0.89 0.68
   56 S     1   0   1   1  -4   0  -1   1   0  -3  -3   3  -3  -5   1   2   0  -5  -3  -3   12   4   7   8   0   4   3  10   2   2   2  17   1   0   6  13   5   0   1   1  0.24 0.27
   57 V    -2  -4  -4  -4   0  -5  -4  -3  -6   5   3  -4   2  -2  -1  -4  -3  -1  -1   3    3   1   1   1   2   0   1   3   0  29  27   1   4   1   4   1   2   1   2  16  0.68 0.46
   58 E     1  -1  -1  -1  -2   2   4  -1  -2  -3  -3   1  -3  -4   3  -1  -2   0   1  -3   11   3   3   3   1   9  23   4   1   1   2   9   1   1  13   4   2   1   5   1  0.36 0.36
   59 P     0  -3  -3  -1  -2  -1   3  -2  -2  -2  -3  -1  -2  -3   6  -2  -1  -6  -3   0    7   1   1   3   1   2  20   3   1   2   3   3   1   1  37   2   3   0   1   6  0.79 0.57
   60 G    -1  -4   0  -1  -6  -3  -3   7  -6  -6  -4  -4  -3  -6  -6  -3  -3  -6  -6  -5    4   1   4   3   0   1   2  73   0   0   2   1   1   0   0   2   2   0   0   1  1.65 0.88
   61 V    -1  -1  -2  -1  -5   5   2   0  -1  -1  -1   1   0  -3  -4  -1   0  -5  -3   0    5   2   2   3   0  27  14   7   1   4   5   7   3   1   0   4   6   0   1   6  0.39 0.39
   62 Q     0   0   1  -1  -1   2   0  -1  -1   0   0   0   3  -1  -2   0   0  -1   1   0    9   5   7   2   1  10   4   5   1   5  10   4  10   3   2   6   4   1   5   5  0.07 0.14
   63 L    -1   0  -2  -3  -3  -2  -2  -3  -1   4   2  -1   3  -1  -2  -2  -1  -4  -2   2    4   5   2   1   0   2   3   2   2  21  18   4   8   2   2   3   2   0   1  16  0.29 0.27
   64 T     0   0  -2  -2  -4  -1  -2  -3  -2   1  -2   1  -1  -2   0   0   4  -4  -2   2    8   6   1   2   0   3   2   2   1   8   3   7   1   2   4   5  29   0   1  13  0.30 0.33
   65 V     1  -3  -2  -3  -1  -2  -3  -3  -2   2   0  -1   0   1  -2  -1   0  -4   0   5   11   1   2   1   1   2   1   1   1   9   6   4   2   6   2   4   5   0   3  37  0.39 0.34
   66 K    -1   1   0   0  -4   0   1  -2   1  -1  -1   3   1  -2  -1  -1   0   1  -3  -1    6   9   5   5   0   3  10   3   3   3   8  20   4   2   3   4   5   2   0   4  0.14 0.19
   67 F    -3  -3  -3  -3  -1  -6  -4  -4  -1  -1  -2  -3  -1   5  -6  -3  -3  10   2  -2    2   2   2   2   1   0   2   2   1   3   5   2   2  21   0   2   2  40   6   4  1.70 0.87
   68 L    -2   5  -1   0  -5   1  -2  -2   1   0   1  -1   0   0  -2  -2  -2  -4  -1   0    3  32   3   5   0   6   2   3   3   4  12   3   2   4   2   2   2   0   2   6  0.34 0.34
   69 G     0  -1   0   0  -4  -1  -1   4   1  -1  -2  -1   1  -1  -1   0  -1  -5  -4  -1    6   4   4   5   0   3   3  36   3   4   4   4   3   3   3   5   3   0   0   4  0.36 0.30
   70 K    -1   0   0   0  -3   0   0  -1   1   0  -1   0   1   0   0   0   0   3   1  -1    5   5   5   5   0   5   5   5   5   5   5   5   5   5   5   5   5   5   5   5  0.02 0.09
   71 P     0   0   0   0  -2   1   0   0   2   0  -1   0  -1   0   1   0   0  -2   1   0    6   6   6   6   0   6   6   6   6   6   6   6   0   6   6   6   6   0   6   6  0.04 0.06
   72 I    -1  -1  -1  -1   1  -3  -2  -2   0   2   0  -1   1   0  -1   0   0   2   0   3    4   3   3   3   3   0   3   3   3  12   9   3   4   3   3   7   4   3   4  24  0.16 0.20
   73 F    -1   0   0   0   2  -2   0  -1   1   0  -1   0   1   0   0   0   0   3   1  -1    5   5   5   5   5   0   5   5   5   5   5   5   5   5   5   5   5   5   5   5  0.02 0.10
   74 I    -3  -2  -8  -8   0  -2  -4  -2  -7   6  -1  -2   0  -1  -3  -3  -3   1   0   5    3   3   0   0   2   2   2   3   0  32   5   3   2   3   2   3   2   2   3  28  0.94 0.51
   75 R    -1   5  -2  -3  -1  -2   0  -1   0  -1   0   1   0  -1  -1  -2  -2   1   0   1    5  25   2   2   1   2   6   5   2   3   8   9   3   3   3   4   3   2   3   9  0.34 0.26
   76 R    -2   3   1  -1   1   1   0  -2   3  -1  -2   3   1  -1  -1  -2  -2   2   0  -2    4  15   6   3   2   6   5   3   7   4   4  15   3   3   3   4   3   2   3   3  0.25 0.22
   77 R     0   0   0   0  -2   0   0   0   1   0  -1   0   1   0   0   0   0  -2   1   0    5   5   5   5   0   5   5   5   5   5   5   5   5   5   5   5   5   0   5   5  0.00 0.06
   78 T     0   0   0   0   2   0   0   0  -2   0  -1   0   1   0   1   0   0  -2   1   0    6   6   5   6   5   5   6   6   0   6   6   6   5   5   6   6   6   0   5   6  0.03 0.06
   79 E     0  -1  -2   1  -5   2   3  -2  -1  -3  -2   2  -1  -2   3  -1  -2   1  -1  -2   10   3   2   7   0  10  19   2   1   2   4  11   1   1  13   4   2   2   2   3  0.30 0.32
   80 A     1  -1   0   0  -4   1   2  -1   1  -1  -2   0   1  -1   0   0   0   2  -3  -1   13   3   4   6   0   6  17   4   3   3   3   5   4   3   4   6   5   3   0   4  0.12 0.20
   81 D    -1  -1   0   1  -4   1   4  -2   0  -1  -1  -1   3  -1  -1  -1   0   2   0  -1    4   3   4   7   0   5  26   3   3   3   5   4   7   3   3   4   5   3   3   3  0.22 0.28
   82 I    -1   0   0   0   2   0  -1  -1   2   0  -1   0   2   0   0  -1   0   4   1  -1    5   5   5   5   5   5   5   5   5   5   5   5   5   5   5   5   5   5   5   5  0.03 0.09
   83 E    -1   0   0   0   2   0  -1  -1   2   0  -1   0   2   0   0  -1   0   4   1  -1    5   5   5   5   5   5   5   5   5   5   5   5   5   5   5   5   5   5   5   5  0.03 0.09
   84 L    -1   0   0   0   2   0  -1  -1   2   0  -1   0   2   0   0  -1   0   4   1  -1    5   5   5   5   5   5   5   5   5   5   5   5   5   5   5   5   5   5   5   5  0.03 0.09
   85 G     3  -1   0  -1   0  -1   0   1  -1  -1   1  -1   0  -1  -1  -1  -1  -4  -1  -1   25   3   5   3   2   3   6   9   2   3  13   3   2   2   3   4   3   0   2   4  0.10 0.19
   86 R    -1   2   2   0  -4   1   1  -1   1  -1  -1   2   0  -3   0   0  -1   2   0  -1    5  12   9   5   0   6   9   3   3   3   6  11   3   0   4   5   4   3   3   3  0.11 0.17
   87 S     0   0   0   0   2   0   0  -1   1   0  -1   0   1   0   0   0   0  -2   1   0    5   5   5   5   5   5   5   5   5   5   5   5   5   5   5   5   5   0   5   5  -0.00 0.06
   88 V     0   0   0   0   2   0   0  -1   1   0  -1   0   1   0   0   0   0  -2   1   0    5   5   5   5   5   5   5   5   5   5   5   5   5   5   5   5   5   0   5   5  -0.00 0.06
   89 Q    -2  -2   1   4   0   1   0  -2   3  -1  -2   0   1  -1   0  -1  -1   2  -1  -2    4   3   7  21   2   6   6   3   5   4   4   6   3   2   5   4   4   2   2   4  0.26 0.25
   90 L    -1   0   0   0   2   0  -1  -1   2   0  -1   0   2   0   0  -1   0   4   1  -1    5   5   5   5   5   5   5   5   5   5   5   5   5   5   5   5   5   5   5   5  0.03 0.09
   91 G     0   0   0   0   2   0   0   0   1   0  -1   0   1   0   0   0   0  -3  -2   0    5   5   5   5   5   5   5   5   5   5   5   5   5   5   5   5   5   0   0   5  0.00 0.07
   92 Q    -1   0   0   0   2   0  -1  -1   2   0  -1   0   2   0   0  -1   0   4   1  -1    5   5   5   5   5   5   5   5   5   5   5   5   5   5   5   5   5   5   5   5  0.03 0.09
   93 L    -1   0   0   0   2   0  -1  -1   2   0  -1   0   2   0   0  -1   0   4   1  -1    5   5   5   5   5   5   5   5   5   5   5   5   5   5   5   5   5   5   5   5  0.03 0.09
   94 V     0   0   0   0   0  -1   0  -2   0   0   0   0   1  -1   1  -1  -1   2   0   1    6   6   4   6   2   3   5   3   2   6  10   5   4   3   7   4   3   3   4  11  0.02 0.05
   95 D     0   0   0   0  -2   0   0   0   1   0  -1   0   1   0   0   0   0  -2   1   0    5   5   5   5   0   5   5   5   5   5   5   5   5   5   5   5   5   0   5   5  0.00 0.06
   96 T    -1   0  -1   1  -1   0  -2  -2   0  -1  -2   0   0  -2   5  -1   1   1  -2  -2    5   5   3   6   1   4   3   4   2   3   5   6   3   2  24   6  10   2   2   4  0.35 0.30
   97 N    -1  -1   2   0  -6   3   1  -1   3  -1  -1   0   1  -1   0  -1  -1   2   0  -2    5   3  11   6   0  11   9   4   6   3   6   7   3   3   4   5   5   3   3   4  0.18 0.18
   98 A    -1   0   0   0   2   0  -1  -1   2   0  -1   0   2   0   0  -1   0   4   1  -1    5   5   5   5   5   5   5   5   5   5   5   5   5   5   5   5   5   5   5   5  0.03 0.09
   99 R    -2   4  -1   2  -3   1   2  -2  -1  -4  -2   2  -1  -4  -2  -1  -2  -2  -3  -3    3  21   3  12   1   6  14   3   1   1   5  11   1   1   3   5   3   1   1   3  0.43 0.32
  100 N    -1   1   4   2  -5  -1   0  -1   1  -2  -2  -1  -2  -3   1   0  -2  -2  -3   0    5   7  20  11   0   3   7   5   3   2   4   4   1   1   6   8   3   1   1   6  0.30 0.25
  101 A     3  -1  -2   1  -2  -1   0  -2  -2  -2  -2   0  -1  -2   3   0  -1  -2  -3   0   20   4   2   7   1   3   7   3   1   3   4   6   1   2  16   7   4   1   1   6  0.27 0.25
  102 N    -1   1   4   2  -2   2   1  -2  -1  -3  -2  -1  -2  -3  -1   1  -2  -2  -2  -2    6   8  17   9   1  10   8   4   2   2   5   5   1   1   3  10   3   1   2   3  0.29 0.25
  103 I    -1  -2  -2  -2  -1   2  -1  -3  -1   1   1  -2   1  -1   1   0   0  -1   0   1    6   2   2   3   1  10   5   3   1   9  14   3   4   3   8   6   6   1   3  11  0.15 0.13
  104 D    -1  -2  -1   4  -6   2   1  -3  -1  -3  -2   0  -2  -2   3  -2  -2  -1  -3  -2    5   2   3  23   0   8  10   3   1   2   4   6   1   2  14   4   3   1   1   4  0.45 0.35
  105 A     2  -2  -2   0  -1   2   0  -1  -1  -3  -2  -2   0  -2   3   1   0  -1  -1  -1   14   3   2   5   1  10   7   5   1   2   5   3   2   2  15   9   5   1   3   5  0.21 0.23
  106 G    -1  -2  -1   1  -1   2   0   2   0  -2  -3  -1  -1  -2   3  -1  -1   0   1  -3    6   3   3   8   1  10   6  15   2   3   3   5   2   2  13   5   5   1   5   2  0.24 0.22
  107 A     2  -1  -1  -1  -1   1   0  -1   0  -1  -1  -1   0  -1   1   0  -1   1   1   0   17   4   2   4   2   7   6   5   3   3   5   4   2   3   8   8   4   2   5   6  0.11 0.13
  108 E     0   0  -1   1   0   1   2  -3   0  -2  -1   0   0  -1   3  -1  -2   1   3  -1    7   5   3   7   2   6  12   3   2   3   6   5   2   2  13   4   3   2   9   4  0.20 0.20
  109 A     2  -1   0  -1   2   0   0  -1   1  -1  -2   0   0  -1   0  -1  -1   2   1   0   19   4   5   3   4   4   5   5   3   3   4   6   3   3   4   4   4   2   5   7  0.09 0.12
  110 T    -1   0   0   0   2   0  -1  -1   2   0  -1   0   2   0   0  -1   0   4   1  -1    5   5   5   5   5   5   5   5   5   5   5   5   5   5   5   5   5   5   5   5  0.03 0.09
  111 D     0  -3   3   6   0  -1   0  -3  -2  -3  -3  -2  -2  -2  -1  -2  -2  -2   0  -4    7   2  13  35   2   3   6   3   1   2   4   3   1   2   4   3   2   1   3   2  0.70 0.47
  112 Q     0   1  -1  -1  -3   4   3  -4   0  -3  -2   1  -2  -3   0  -1  -2   1  -1  -2    9   8   3   4   1  17  17   2   2   2   5   8   1   1   6   5   3   2   2   3  0.35 0.33
  113 N    -1  -1   6   2  -1   0   0  -1   0  -2  -5  -2  -3  -2   0  -1  -1   0   0  -3    6   4  28  10   1   4   7   4   2   2   2   3   1   2   5   6   5   1   3   2  0.50 0.39
  114 R    -2   7  -2  -3  -2  -2   0  -3  -1  -2  -4  -1  -2  -3   0  -2  -3   0   1  -2    4  46   2   2   1   2   7   3   2   3   3   4   1   1   4   3   2   1   4   4  1.01 0.63
  115 T     0  -1  -1  -2  -1  -2  -1  -3   0  -1  -1  -1  -1  -1  -2   2   3   0   1   2    9   3   3   2   2   2   4   2   2   4   6   4   1   3   2  15  16   1   5  12  0.20 0.21
  116 L     0   2  -1  -2   0   0  -1  -2  -1   2   1   0   1  -1   0  -1  -1   1  -1   1    8  15   2   2   2   3   2   2   2  12  13   7   3   2   4   3   3   2   2   9  0.09 0.14
  117 D     0   0   0   2  -3   0   1  -1   0  -1  -2   0   0  -1   1   1   0  -3   0  -1    6   4   5  15   0   3   7   4   3   3   4   6   3   3   7  14   4   0   3   4  0.10 0.15
  118 E     0   0   0   0  -2   0   0   0   1   0  -1   0   1   0   0   0   0  -2   1   0    5   5   5   5   0   5   5   5   5   5   5   5   5   5   5   5   5   0   5   5  0.00 0.06
  119 A     1   0   0   1  -3   0   0   0   2  -2  -2   2  -1  -2  -1   1   0  -3  -1  -1   13   6   5   9   0   4   5   7   5   3   3  13   1   1   3   9   4   0   2   3  0.11 0.14
  120 G    -1  -1   0   0  -1  -1   0   5  -1  -2  -3   0  -2  -4   2  -1  -2  -4  -4  -3    5   3   4   6   1   3   5  36   1   3   3   5   1   1  12   4   3   0   0   2  0.47 0.34
  121 E    -2  -1   0   1  -5   1   5  -2   0  -3  -4   0  -2  -3  -1  -1   1  -5  -2  -2    4   3   4   7   0   5  36   3   2   2   2   6   1   1   4   4   8   0   1   3  0.51 0.44
  122 W     0  -2  -2  -3  -1  -2  -3  -3  -1   1   1  -2   0   2  -3  -2  -1   7   4   0    7   3   2   2   1   2   2   2   1   9  13   2   2   9   2   3   5  14  12   6  0.47 0.34
  123 L    -2  -1  -2  -2   0  -1  -2  -2   4   1   3  -2   1   2  -4  -2  -1   1   1   0    3   3   2   2   2   2   2   3  12   9  25   3   3  10   0   3   3   2   4   6  0.27 0.26
  124 V     0   0  -1  -1   1  -1  -1  -1   2   2  -1  -1   0  -1  -1  -1  -1  -4   0   3    9   6   3   3   3   3   4   4   5  11   3   3   3   3   3   3   3   0   3  27  0.17 0.21
  125 M    -1   0   0   0   2   0   0  -1   2   0  -1  -2   1   0   0   0   0   3   1  -1    5   5   5   5   5   5   5   5   5   5   5   0   5   5   5   5   5   5   5   5  0.03 0.12
  126 W    -1  -1   1   0  -4  -1  -1  -1   0   1  -1  -1   0   0  -4   2  -1   6   2   1    4   3   6   5   0   3   3   4   3   9   4   3   3   3   0  14   4   9   6  10  0.18 0.23
  127 G    -1   0   0   0   2   0   0  -1   1   0  -1   0   1   0   0   0   0   3  -2   0    5   5   5   5   5   5   5   5   5   5   5   5   5   5   5   5   5   5   0   5  0.05 0.09
  128 V    -1   0   0   0  -3   0   0  -1   2   0  -1   0   1   0   0   0   0   3   1   0    5   5   5   5   0   5   5   5   5   5   5   5   5   5   5   5   5   5   5   5  0.06 0.08
  129 C    -3  -5   1  -4   9  -4  -4   0  -4  -4  -4  -4   1   0   1   2  -3  -4  -4  -1    1   0   7   0  46   0   0   8   0   0   1   0   3   5   6  13   0   0   0   4  1.26 0.59
  130 T    -1  -1   0  -3  -3  -1  -1  -4   1  -3  -2  -1   0  -1   0   1   6  -4  -3   0    4   3   5   0   0   2   3   0   3   0   3   3   2   3   5   7  50   0   0   5  0.61 0.48
  131 H    -1  -3   0  -1   0  -1  -1  -2   9  -4  -1  -1  -3   0   2  -2  -1   1  -2  -4    4   0   3   3   2   2   2   4  46   0   6   3   0   4   9   3   3   2   0   0  0.97 0.58
  132 L    -1   0  -3  -1   0  -1  -1  -4  -2   1   3  -1   2   0   0  -1  -1  -3   1   0    2   7   0   3   2   3   5   0   0   7  35   2   4   3   4   4   3   0   7   5  0.17 0.21
  133 G     0  -2   1   0   3   1  -1   0  -2   0  -2   0  -2   1   1   0   0   4   1  -2    7   0   7   7   7   7   0   7   0   7   1   7   0   7   7   7   7   7   7   0  0.14 0.16
  134 C    -2  -1  -3  -1   8  -3  -3  -1   1   0   0   0  -2  -3  -4  -1  -2  -3   0   0    1   4   0   4  41   0   0   4   4   4   8   6   0   0   0   4   0   0   4   8  0.77 0.40
  135 V     0   0  -1  -1  -2  -1  -1  -3   2   1   0  -1   0  -2  -1   0   1  -3  -1   3    7   4   3   4   0   2   3   1   5   8   7   2   2   0   2   9   7   0   2  28  0.12 0.17
  136 P    -1  -2  -2  -2  -3  -1  -1  -2  -1   1   1  -2  -2  -2   5  -2  -1  -3   2   1    4   2   2   2   0   2   3   2   2   9  12   2   0   1  30   3   4   0   8  11  0.43 0.26
  137 I    -1  -1   0  -1  -1   1   0  -2   0   1   1  -1   0   0   0  -1   0   4   1   0    5   2   5   2   1   7   4   2   2   8  20   4   2   3   3   4   6   6   4   8  0.06 0.09
  138 G     0   1   0   0  -1   0  -1   2  -1  -2  -1  -1  -1  -1   0   0  -1   4   0  -1    9   8   5   5   1   4   4  19   1   2   7   3   1   3   5   5   2   6   4   4  0.13 0.13
  139 G    -1   0   0   0  -3   0   0  -1   1   0  -1   0   1   0   0   0   0   3   1  -1    5   5   5   5   0   5   5   5   5   5   5   5   5   5   5   5   5   5   5   5  0.02 0.09
  140 V     1  -1   0  -1   0  -1  -1  -1   0  -1   0   0   0   0   1  -1  -1   3   2   2   10   3   6   4   2   3   4   4   2   4   8   5   3   4   6   5   4   4   6  13  0.06 0.08
  141 S    -1   0   0   0   2   0  -1  -1   2   0  -1   0   2   0   0  -1   0   4   1  -1    5   5   5   5   5   5   5   5   5   5   5   5   5   5   5   5   5   5   5   5  0.03 0.09
  142 G     0  -2   1   1  -5  -1   0   3   0  -2  -3   0  -1   0   1  -1  -1   3  -1  -2    7   2   5   8   0   3   6  26   2   2   3   5   2   4   7   5   3   4   2   3  0.23 0.25
  143 D    -2  -1   1   5  -5   0   2  -1   0  -1  -3   0  -1  -2  -2  -1  -1   3  -1  -1    4   3   6  27   0   4  11   4   2   4   2   7   2   2   2   4   4   4   2   4  0.34 0.34
  144 F    -1   0   0   0   2   0  -1  -1   2   0  -1   0   2   0   0  -1   0   4   1  -1    5   5   5   5   5   5   5   5   5   5   5   5   5   5   5   5   5   5   5   5  0.03 0.09
  145 G    -1   0   1   0   1   0  -1   3   2  -2  -3   2   0  -1   0  -1  -2   2  -1  -2    6   5   8   5   2   5   4  18   5   3   3  10   3   3   4   4   3   3   3   3  0.16 0.16
  146 G    -1   0   0   0  -3   0   0  -1   1   0  -1   0   1   0   0   0   0   3   1  -1    5   5   5   5   0   5   5   5   5   5   5   5   5   5   5   5   5   5   5   5  0.02 0.09
  147 W    -2  -1  -5  -5   1  -1  -5  -2  -4   1   0  -2   1   5  -5  -2  -1   7   2  -1    4   3   0   0   3   3   0   3   0   9   9   3   3  23   0   3   3  13   7   4  0.63 0.42
  148 F    -1  -1   0   0  -1   0  -1  -3   1   0   0  -1   1   4  -4  -1   0   1   3   0    5   2   5   5   2   4   3   2   3   6   9   4   3  20   0   3   5   2   9   6  0.20 0.22
  149 C    -3  -1  -8  -2  11  -8  -3  -8  -8  -7  -3  -8  -7  -8  -8  -2  -7  -8  -1  -7    3   4   0   3  74   0   3   0   0   0   3   0   0   0   0   4   0   0   3   0  3.12 1.25
  150 P     0   1   1  -2  -2   1  -1   0   2   0   0  -1   1  -2   1   0   0  -3  -2   0    8   8   7   0   0   7   0   8   7   8   8   0   7   0   8   8   8   0   0   8  0.08 0.11
  151 C    -2   0   1  -3   9   1  -3  -4   2  -3  -1  -3  -3  -4  -4   0  -2  -4  -3  -3    1   7   6   0  50   6   1   1   6   0   7   1   0   0   0   6   1   0   0   1  1.13 0.42
  152 H     0   1  -1   1   3   1  -1   1   3  -2  -2  -1  -2  -1  -2  -1   1  -2   2  -2   10  10   0  10   9   9   1  10   9   0   1   1   0   0   0   1  10   0   9   1  0.10 0.12
  153 G     0  -1   1   0  -3   0  -1   4   1  -1  -2  -1  -2  -1  -3   0  -1  -3  -3  -1    8   4   8   4   0   4   4  36   3   4   5   4   0   3   0   6   4   0   0   4  0.29 0.18
  154 S     1   1  -1  -2  -2  -2  -2   1  -2  -1  -2  -1  -2  -3   0   4   2  -3  -3   0    9   7   0   0   0   0   1  11   0   4   1   1   0   0   4  40  11   0   0   9  0.32 0.23
  155 H    -1   2  -1  -2  -1   1  -1  -2   7  -2  -2   0  -1   0  -3   0   1   0   0  -1    3  13   2   1   1   4   3   2  30   2   3   6   2   5   0   6   9   1   2   4  0.42 0.25
  156 Y    -1  -2  -1  -2   4  -1  -2  -2   4  -1   0  -2   2   3  -2  -1  -1   0   3  -1    1   1   1   1  17   1   1   1  17   1   2   1  17  17   1   1   1   0  17   1  0.27 0.06
  157 D    -1  -1   1   5   1   0   0  -1   1  -3  -3  -1   0  -3  -3   0   1  -3   0  -1    4   4   4  35   3   3   4   4   3   1   1   4   3   0   1   4  12   0   3   4  0.36 0.20
  158 S     1  -1  -1  -1   0  -1  -1  -1  -1   0   0   0   1   0   2   0   1   0   0   0   15   3   3   2   2   2   2   3   2   7  11   6   3   4  10   5   8   2   3   4  0.05 0.07
  159 A     2  -2   0   2  -1   0  -1  -3  -1  -3  -3  -2  -1  -2  -5   4   1   1  -1  -3   16   2   4  12   1   4   4   2   2   2   2   2   1   2   0  30   7   2   2   2  0.44 0.32
  160 G    -1  -1  -4  -1   1  -5  -5   7  -5  -6  -6  -5  -6  -6  -5  -1  -5  -6  -6  -6    5   3   0   3   3   0   0  77   0   0   1   0   0   0   0   4   0   0   0   1  1.79 0.66
  161 R    -2   6  -1  -1  -2  -1   1  -3   1  -4  -4   2  -2  -3  -3  -1  -1  -6  -3  -3    3  46   3   3   1   2   8   2   3   1   2  10   1   1   1   5   4   0   1   2  0.90 0.45
  162 I    -1  -2   0  -5  -2  -3  -4  -6  -2   4  -2  -3  -1  -2  -2  -5  -3  -1   1   6    6   2   4   0   1   1   1   0   1  21   2   2   1   1   2   0   1   1   4  47  0.91 0.47
  163 R    -2   5  -3  -4  -5  -2  -2  -5  -1   2   1  -1  -1   1  -3  -3   0  -1   1   2    3  30   1   1   0   2   2   0   1  14  11   2   1   7   1   1   6   1   5  12  0.49 0.32
  164 K    -1   3   0   0  -5   2   1   0   2  -4  -3   4  -3  -2  -3  -1  -2  -5  -3  -3    6  14   4   5   0   8   9   6   5   1   2  27   1   2   1   5   1   0   1   1  0.43 0.32
  165 G    -2  -5  -1  -4  -3  -4  -5   7  -3  -8  -6  -3  -2  -8  -4  -2  -4  -8  -8  -4    3   1   3   1   1   1   1  81   1   0   1   2   1   0   1   2   1   0   0   2  1.97 0.88
  166 P    -5  -5  -5  -7  -8  -4  -7  -5  -8  -5  -6  -5  -8  -9   9  -4  -4  -9  -4  -5    1   1   1   0   0   1   0   1   0   1   1   1   0   0  89   1   1   0   1   1  2.99 1.22
  167 A     7  -6  -6  -3  -5  -3  -6  -3  -7  -3  -5  -6  -6  -7   1  -2  -2  -7  -7  -3   80   0   0   1   0   1   0   2   0   2   1   0   0   0   8   2   2   0   0   2  1.76 0.85
  168 P    -3  -3  -3  -2  -7  -2  -4  -5  -3  -3  -4  -2  -3  -5   8  -1  -2  -8  -4  -3    2   2   2   2   0   2   1   1   1   1   2   3   1   1  70   5   3   0   1   2  1.93 0.86
  169 E    -1   3  -2  -1  -3   0   1  -4   0  -2   2   2  -2  -3  -2  -1   2  -2   0  -3    4  19   1   3   0   4   8   1   2   1  20  12   1   1   1   3  12   1   4   1  0.29 0.26
  170 N    -2  -2   8   0  -6  -4  -3  -2  -2  -5  -6  -4  -6  -6   3   1  -2  -7  -4  -5    3   2  56   5   0   0   1   3   1   1   0   0   0   0  12   9   3   0   1   1  1.44 0.71
  171 L    -5  -2  -6  -7  -5  -6  -6  -7  -6  -2   6  -4   3  -1  -3  -6  -5  -5  -3  -4    0   2   0   0   0   0   0   0   0   1  80   1   6   2   1   0   0   0   1   0  1.72 0.74
  172 P     0  -3  -3   1  -4  -2   4  -3   0  -3  -3  -2  -2  -3   5  -2  -1  -3  -3   1    9   1   1   8   0   2  24   1   3   1   3   2   1   1  27   2   3   0   1   9  0.64 0.41
  173 I    -2  -2  -5  -3  -4  -3  -4  -6  -6   4   2  -3   0  -2  -4  -4  -3  -2  -3   5    2   3   1   2   0   1   1   0   0  20  17   2   2   1   1   1   1   1   1  44  0.90 0.46
  174 P    -2  -4  -5  -4  -4  -5  -3  -7  -3  -1  -3  -3  -4   0   8  -4  -4  -3  -3  -3    4   1   0   1   0   0   2   0   1   4   3   2   1   4  70   1   1   0   1   2  1.96 0.88
  175 L    -1   0  -2  -1  -5  -2  -1  -4   2  -1   1  -1  -3  -2   6  -2  -2  -6  -2   0    5   5   2   4   0   1   5   1   6   3  15   4   0   2  36   3   3   0   1   6  0.65 0.40
  176 A     2  -4  -3  -4  -2  -4  -4  -5   5  -2  -3  -2  -2   2  -1  -2  -2  -2   7   0   15   1   1   1   1   1   1   1  11   2   2   3   1   6   3   2   3   0  36   7  0.95 0.53
  177 K     0   2  -2   0  -4   1   2  -3   2  -3  -4   3   1  -1  -2   0   0  -3   0  -1    6  10   1   5   0   7  14   1   5   1   1  20   4   3   1   6   7   0   3   5  0.29 0.26
  178 F    -4  -4  -6  -5  -4  -3  -4  -5  -3   0  -1  -3  -1   7  -3  -4  -3   0   5   1    1   1   0   1   0   1   1   1   0   5   6   2   2  45   2   1   2   1  19   8  1.31 0.61
  179 I    -1  -3  -2  -1  -4  -1   0  -3  -2   3   2  -1  -1  -2   0  -2   1  -2  -2   2    4   1   2   4   0   3   7   2   1  18  20   3   1   1   4   3   8   1   1  16  0.24 0.21
  180 D    -3  -3   0   6  -7  -2   1  -1  -5  -4  -6  -2  -6  -6  -4   4   0  -8  -4  -4    2   1   4  40   0   1   8   5   0   1   0   2   0   0   1  26   5   0   1   1  1.01 0.60
  181 E    -2  -2   0   6  -8  -1   4   1  -1  -8  -6  -3  -7  -8  -1  -2  -4  -4  -4  -6    3   2   4  41   0   3  25  10   2   0   0   1   0   0   4   3   1   0   1   0  1.10 0.62
  182 T    -2  -3   4   2  -3  -2  -2   1   0  -2  -3  -1  -2  -4  -5   1   5  -6  -4  -2    2   1  16  10   0   2   2   9   2   2   3   4   1   1   0   9  31   0   0   3  0.56 0.42
  183 T    -3   1  -1  -4  -5   0  -2  -4  -2   1   0   2  -1  -4  -4   0   4  -6  -3   2    1   8   2   0   0   4   2   1   1   8   9  15   1   0   1   7  27   0   1  13  0.44 0.37
  184 I    -4  -7  -7  -4  -6  -4  -7  -8  -7   6   4  -4  -2  -3  -7  -6  -5  -7  -6   4    1   0   0   1   0   1   0   0   0  37  30   1   1   1   0   0   0   0   0  26  1.34 0.64
  185 Q    -2   2  -3  -3  -4   2  -1  -5  -3   2   1   1  -1  -3  -5  -2   0  -4  -2   3    2  13   1   1   0  11   4   0   0  10  13  10   1   0   0   2   5   0   1  23  0.36 0.29
  186 L    -4  -5  -4  -7  -5  -6  -7  -8  -7   6   3  -6  -2  -1  -7  -6  -4  -6  -5   3    1   1   1   0   0   0   0   0   0  45  29   0   0   3   0   0   1   0   0  18  1.33 0.62
  187 G    -3  -7  -2  -6  -8  -7  -7   8  -7  -9  -9  -6  -8  -8  -7  -5  -7  -8  -8  -8    2   0   2   0   0   0   0  97   0   0   0   0   0   0   0   0   0   0   0   0  2.73 0.97

                      K         Lambda
Standard Ungapped    0.1365     0.3191
Standard Gapped      0.0410     0.2670
PSI Ungapped         0.1365     0.3191
PSI Gapped           0.0410     0.2670
