
Last position-specific scoring matrix computed, weighted observed percentages rounded down, information per position, and relative weight of gapless real matches to pseudocounts
            A   R   N   D   C   Q   E   G   H   I   L   K   M   F   P   S   T   W   Y   V   A   R   N   D   C   Q   E   G   H   I   L   K   M   F   P   S   T   W   Y   V
    1 M    -4  -5  -5  -6  -4  -4  -5  -6  -5   2   0  -4  10  -3  -6  -5  -4  -5  -4   0    0   0   0   0   0   0   0   0   0   8   4   0  82   0   0   0   0   0   0   6  2.18 0.64
    2 R    -1   3  -2  -3  -5   1  -2  -4  -3  -2  -3   6  -3  -2  -2  -2  -3  -1  -4  -3    4  14   0   0   0   3   0   0   0   2   2  67   0   2   2   1   0   1   0   2  1.02 0.41
    3 P    -1  -2  -4  -4  -1  -3  -3  -4  -3  -4  -4  -2  -1  -5   8  -3  -1  -5  -5  -3    5   2   0   0   2   1   0   0   1   0   1   2   2   0  77   1   3   0   0   1  1.98 0.53
    4 V    -3  -5  -5  -5  -1  -4  -5  -5  -5   3   2  -5   3   3  -5  -4  -3  -1  -2   4    0   0   0   0   1   0   0   0   0  18  21   0   8  16   0   1   0   1   0  35  0.78 0.34
    5 V    -3  -6  -6  -6   8  -5  -6  -6  -6   2  -2  -5  -1   2  -5  -4  -3  -5  -4   5    0   0   0   0  36   0   0   0   0   8   1   0   1   8   0   0   0   0   0  46  1.49 0.54
    6 S    -2  -4  -2  -4  -5  -4  -4   6  -2  -6  -5  -3  -5  -6  -2   5  -2  -6  -5  -5    1   0   1   0   0   0   0  53   1   0   1   1   0   0   2  40   1   0   0   0  1.34 0.56
    7 T     2  -2  -3  -3  -4  -1  -3  -3  -2  -1  -2   0  -2  -3   6  -1  -1  -5  -3  -1   23   2   1   1   0   2   0   1   1   3   3   5   1   1  44   4   4   0   1   5  0.91 0.40
    8 G    -1   0  -2  -3   3  -1  -2   3  -3  -3  -1   4   2   1   0  -1  -1  -2  -3  -2    2   2   1   0   7   1   1  22   0   1   5  29   8   7   4   3   3   1   0   1  0.37 0.27
    9 K    -2  -4   2  -4   8   1  -4  -2   1  -2   2  -1  -1  -2  -5  -1  -1  -4  -1  -2    2   0  13   0  32   6   0   2   3   1  24   4   1   1   0   3   3   0   2   1  0.77 0.39
   10 A     6  -4  -4  -4  -1  -3  -4  -2  -4  -4  -4  -3   0  -5  -3   4  -1  -5  -5  -2   61   0   0   0   1   0   0   1   0   1   0   0   2   0   1  29   3   0   0   1  1.13 0.54
   11 W     0  -3  -2  -4  -3  -2  -3   1  -1   1   1  -3   1  -1  -2   0   1   8   0   0    9   0   1   0   0   1   0  10   2  10  13   1   5   1   1   6  10  20   3   7  0.46 0.25
   12 C    -2  -5  -4  -5   9  -2  -4  -4  -4  -1  -2  -4  -1   4  -5   1   0  -3   0  -2    3   0   0   0  42   2   0   1   0   3   3   0   2  19   0  12   6   0   3   2  1.20 0.47
   13 C    -4  -6  -5  -6  11  -5  -6   1  -5  -3  -1  -5  -1  -1  -5  -4  -3   2  -1  -3    0   0   0   0  69   0   0  10   0   1   6   0   2   2   0   1   1   2   2   1  2.31 0.71
   14 T     0  -3  -2  -3  -1  -1  -3  -2  -3   1   1  -3   3   0  -3   0   4  -4  -3   1    8   0   1   0   1   3   0   3   0  10  14   0   8   5   0   8  31   0   0   7  0.34 0.25
   15 V    -2  -4  -4  -5   0  -4  -4  -1  -3   4   1  -4   1   2  -4  -4  -1  -4  -2   5    1   0   0   0   2   0   0   5   1  24  11   0   2   9   0   0   2   0   0  40  0.67 0.32
   16 L    -3  -4  -5  -5  -3  -4  -5  -5  -4   4   4  -4   3   2  -5  -4   0  -4  -2   1    0   0   0   0   0   0   0   0   0  29  36   0   8  10   0   0   5   0   0   9  0.78 0.34
   17 S     0  -4  -2  -4  -2  -3  -4  -1  -4  -5  -5  -4  -5  -5  -4   7  -2  -6  -5  -5    5   0   1   0   1   0   0   3   0   0   0   0   0   0   0  87   0   0   0   0  1.76 0.72
   18 A     1  -4  -4  -4   0  -4  -3  -2  -4   3   2  -4  -1   1  -4  -2  -2  -4  -2   4   15   0   0   0   2   0   1   4   0  20  16   0   1   7   0   1   1   0   0  31  0.49 0.27
   19 F    -2  -6  -6  -6   1  -5  -6  -5  -5   0  -2  -6  -1   7  -6  -3  -3   9  -1  -2    4   0   0   0   3   0   0   1   0   5   3   0   2  44   0   2   1  31   1   2  1.86 0.65
   20 G     3  -5  -4  -4  -5  -4  -5   7  -5  -3  -6  -4  -5  -6  -5  -2  -4  -5  -6  -5   22   0   0   0   0   0   0  71   0   2   0   0   0   0   0   2   0   0   0   0  1.63 0.61
   21 V     0  -5  -5  -5  -1  -4  -5  -3  -5   6   0  -4   0   0  -5  -3   0  -5  -3   4    6   0   0   0   1   0   0   2   0  43   4   0   2   4   0   1   6   0   0  29  0.84 0.40
   22 V    -3  -5  -6  -6  -1  -5  -5  -4  -6   5   1  -5  -2   1  -4  -5  -3   0  -4   5    1   0   0   0   1   0   0   1   0  40  13   0   0   5   1   0   1   1   0  35  1.06 0.47
   23 I    -4  -5  -5  -5  -2   2  -5  -2   1   5  -1  -5   5   6  -5  -4  -4  -4  -2  -1    0   0   0   0   1  10   0   4   3  31   2   0  14  31   0   1   0   0   0   2  1.03 0.51
   24 L    -5  -5  -6  -7  -1  -3  -6  -4  -6  -2   6  -4   2  -2  -6  -6  -5  -5  -5  -3    0   0   0   0   1   1   0   1   0   0  88   1   5   1   0   0   0   0   0   0  1.73 0.70
   25 S     1  -4  -2  -4  -1  -3  -3   2  -4   1   1  -3  -2  -1  -2   3   0  -4  -4   1    9   0   1   0   1   0   0  16   0   7  15   0   0   3   1  30   5   0   0  11  0.36 0.30
   26 V     0  -5  -5  -5   0  -4  -4  -3  -5   4   3  -4   0  -1  -2  -2  -1  -5  -3   4    8   0   0   0   2   0   1   2   0  24  23   0   1   2   2   3   4   0   0  29  0.62 0.35
   27 I    -5  -5  -6  -7  -5  -5  -5  -7  -6   3   5  -6   6   2  -6  -5  -3   0  -2  -1    0   0   0   0   0   0   1   0   0  18  47   0  20   9   0   0   1   2   1   2  1.19 0.56
   28 A     1  -6  -4  -5   0  -3  -6   7  -6  -7  -7  -5  -6  -7  -6  -1  -5  -7  -7  -7   12   0   0   0   2   1   0  81   0   0   0   0   0   0   0   4   0   0   0   0  2.00 0.80
   29 H     1  -2  -3  -4  -1  -3  -4   1   0   3   1  -3   0   1  -4   1  -2   0   2   1   10   2   0   0   1   0   0  13   2  20  10   0   3   5   0  12   1   1   8  12  0.26 0.23
   30 L     0  -5  -6  -6   0  -5  -6  -2  -5   0   4  -6   3   5  -6  -4  -3  -4  -3  -1    7   0   0   0   2   0   0   4   0   4  46   0   7  23   0   1   1   0   0   3  0.94 0.51
   31 F    -3  -7  -7  -8  -6  -7  -7  -7  -5   0   1  -7   2   8  -7  -6  -4   0   5  -3    3   0   0   0   0   0   0   0   0   4  12   0   4  58   0   0   1   1  16   1  1.79 0.77
   32 N     0   1   1   0  -5   1  -1  -1   2  -3  -3   3  -2  -1  -4   1  -2   0   4  -2    6   8   7   5   0   6   2   4   4   1   1  19   1   2   0  13   1   1  16   3  0.34 0.31
   33 T     1   0   2  -1  -3  -1  -1  -2   1   1   0   0   0   0  -3   2   1  -4  -1   1   11   4  13   2   0   1   2   2   4  11   6   4   2   4   0  16   7   0   1   9  0.13 0.18
   34 N    -4   1   4   0  -6   3   1   2   4  -6  -6   2  -5  -5  -3  -2  -4  -6  -1  -6    0   8  22   4   0  16   9  15  11   0   0  10   0   0   1   2   0   0   2   0  0.71 0.47
   35 H     2  -3   1  -2  -1  -3  -3  -2   5  -2  -3  -2  -3  -2  -4   3  -1   3   3   0   17   0   5   1   1   0   0   2  16   2   1   2   0   2   0  25   4   4  11   6  0.56 0.43
   36 E    -1  -1  -1  -2  -4   0   3  -3   4  -1  -2  -1  -2  -4   3  -2  -2  -5  -2   2    6   3   2   1   0   5  20   1  12   4   3   3   1   0  15   2   2   0   1  19  0.42 0.34
   37 S     3  -2  -2  -2  -3   0   1   1  -1  -2  -2   0   0  -2  -1   1   1   1   0   0   26   0   1   1   0   3  10   9   1   2   2   5   3   2   2  13   9   2   3   6  0.20 0.22
   38 F    -2  -4  -2  -5  -4  -4  -3  -3  -4   1   4  -3   4   5  -5  -4  -2  -3   1  -1    3   0   3   0   0   0   1   2   0   5  39   2  10  23   0   0   2   0   5   3  0.75 0.44
   39 V     0  -2  -3  -3  -1  -2   0  -2  -3   2   1  -3   3   2  -3  -2   1  -3   0   2    6   2   0   0   1   2   7   3   0  16   9   0  11   9   0   2  11   0   3  15  0.24 0.23
   40 G    -1  -2  -2   0  -5  -1   4   4   2  -2  -3  -1  -1  -5   0  -1  -2  -5  -4  -3    3   2   1   4   0   1  28  33   4   2   2   3   2   0   5   4   2   0   0   2  0.58 0.41
   41 S    -1  -3   0   5  -5  -3   0   1  -1  -3  -4  -2  -1  -2  -4   3  -1  -5  -4  -3    4   1   3  39   0   0   5  11   2   1   2   2   1   2   0  20   4   0   0   1  0.70 0.47
   42 I    -1  -2  -2  -1  -3  -2   1  -3   1   2   2  -1   0  -1  -1  -1   1   1  -1   1    3   2   2   2   0   0  10   1   3  12  26   4   2   2   2   3  11   2   2  10  0.17 0.20
   43 N    -1  -2   1   1  -5   0   3  -1   3  -2  -4   1  -1  -4   4   0  -1  -5  -2  -2    4   1   5   7   0   3  23   4   9   2   1   9   1   0  18   5   4   0   1   2  0.43 0.33
   44 D    -1  -2   0   4  -4  -1   1  -2   0   0  -1   1  -1   0   0   0   0   0  -3  -1    5   1   4  30   0   1   6   3   2   5   8   9   1   5   4   5   5   2   0   3  0.26 0.25
   45 P     0  -4   0   0  -4  -3   1   0   0  -1  -3  -1   1  -1   6  -1   0  -5  -4  -1    6   0   5   6   0   0   8   8   2   3   2   3   4   2  36   5   5   0   0   5  0.62 0.41
   46 E     0   0   0   0  -3   1   0   0   1   0  -1   0   1   0   1   0   0   3  -1   0    6   6   5   6   0   5   6   6   5   6   6   6   5   5   6   6   6   5   0   6  0.06 0.09
   47 D    -1   0   1   5  -4   0   0  -1   1  -4  -2   0   1  -1  -1   0   0  -5  -3  -2    6   5   8  30   0   3   5   4   3   0   4   5   4   3   3   8   4   0   0   3  0.35 0.29
   48 G     0   0   1   0   2   1   0   0   2   0  -2   0   1   1   1   0   0  -3   1  -2    6   6   6   6   6   6   6   6   6   6   0   6   6   6   6   6   6   0   6   0  0.09 0.15
   49 P     1   0   0   1  -3   0   1   0   2  -1  -2   1   0  -1   1   0   0   3   1  -1   13   3   3   9   0   4   8   6   6   3   3   9   3   3   6   5   4   5   5   3  0.11 0.13
   50 A     3  -1   0   0   1   2   1  -1   0  -3  -2   0   0  -1  -1   0   0  -4  -1  -1   29   3   4   6   3   9   9   3   2   0   4   5   3   2   3   4   4   0   2   4  0.20 0.24
   51 V     1  -1   2  -4  -2  -2  -3  -3  -2   1  -1   0   0  -4  -4  -1   0  -5  -4   5   12   3   9   0   1   1   1   2   1   6   3   5   2   0   0   4   5   0   0  45  0.57 0.37
   52 A     6  -3  -4  -4  -4  -4  -2   1  -5  -4  -5  -4  -2  -5  -2   1  -2  -5  -5  -2   66   2   0   0   0   0   2  10   0   0   1   0   1   0   2   9   2   0   0   3  1.17 0.57
   53 H     1   1   0  -2  -3   0  -1   0   1  -1  -1   2   0  -1  -2   0   0   0   2  -1   12   6   5   1   0   3   3   8   4   5   5  17   2   2   1   7   7   1   8   4  0.10 0.12
   54 T     0  -1   5  -2  -4   0  -2  -3  -3  -2  -2  -1   0  -4  -3   1   4  -4  -2  -2    8   3  26   1   0   5   2   1   0   2   4   2   2   0   1   9  28   0   1   3  0.57 0.35
   55 V    -2  -5  -5  -6  10  -5  -6  -4  -5   2   1  -5  -1  -2  -5  -2  -4  -5  -5   1    3   0   0   0  53   0   0   2   0  12  12   0   1   2   0   3   0   0   0   9  1.77 0.64
   56 Y    -5  -6  -6  -7  -6  -6  -6  -2  -4  -2  -1  -6   1   6  -6  -3  -3   9   5  -3    0   0   0   0   0   0   0   3   0   2   6   0   3  33   0   2   2  26  20   2  1.77 0.68
   57 L     0  -3  -1  -4  -4  -2  -3   0  -4   5  -1  -3   0  -1  -4  -1   1   2   0   2    8   1   3   0   0   1   2   9   0  36   4   1   2   2   0   4  11   3   3  11  0.43 0.29
   58 A     6  -5  -1  -5   2  -4  -4   0  -5  -2  -5  -4  -4  -5  -4   0   2  -6  -5  -2   64   0   3   0   5   0   0   7   0   2   0   0   0   0   0   4  11   0   0   3  1.15 0.58
   59 A     6  -5  -5  -5   1  -4  -5  -2  -5   0  -4  -4  -1  -5  -5  -2  -2   2  -5   3   57   0   0   0   3   0   0   3   0   4   0   0   1   0   0   2   2   3   0  23  1.10 0.56
   60 L     1  -4  -4  -4   2  -4  -4   3  -4   3   1  -4   1   2  -4  -2  -2  -1  -3   1   11   0   0   0   4   0   0  26   0  21  14   0   3   9   0   1   1   1   0   8  0.47 0.29
   61 V    -2  -4  -3  -5  -1  -4  -5  -3  -5   5   2  -4   2   0  -4  -3  -3  -4  -3   4    3   0   1   0   1   0   0   2   0  32  18   0   4   4   0   2   0   0   0  31  0.75 0.35
   62 Y    -5  -5  -3  -6  -6  -5  -5  -6   0  -5  -5  -5  -5   0  -6  -3  -5  -2  10  -5    0   0   2   0   0   0   0   0   1   0   0   0   0   2   0   3   0   0  88   0  2.87 0.94
   63 L     3  -4  -3  -4  -1  -3  -3   2  -4   2   1  -3   0   1  -3  -2  -1  -4  -3   2   28   0   0   0   1   0   0  14   0  11  15   0   2   6   0   1   4   0   0  15  0.34 0.23
   64 V     2  -4  -3  -2   1  -3  -3   2  -4   2   0  -3  -1   0  -3  -2  -1  -4  -3   3   17   0   0   2   4   0   1  20   0  10   9   0   1   5   0   0   2   0   0  28  0.36 0.24
   65 F    -3  -4  -5  -5   0  -5  -5  -5  -3   1   1  -5   0   6  -5  -2   3  -3   0   1    1   1   0   0   2   0   0   0   0   6  12   0   2  43   0   2  18   0   2  10  0.90 0.43
   66 F    -1  -3  -5  -5   1  -4  -5  -1  -4   1   3  -4   2   5  -5  -2  -2  -1  -1   0    5   1   0   0   3   0   0   7   0   6  37   0   4  27   0   2   1   1   0   6  0.60 0.32
   67 V     1  -4  -3  -5   0  -4  -4  -1  -5   3   2  -4  -1   0  -3  -3  -2  -4  -3   4   14   0   1   0   2   0   0   5   0  20  15   0   0   4   1   1   1   0   0  36  0.54 0.31
   68 F    -2  -4  -5  -5   1  -4  -5   0   0   1   2  -4   0   6  -5  -4  -3   0   0   1    3   0   0   0   3   0   0   7   3   8  23   0   1  39   0   0   0   1   1  10  0.70 0.35
   69 C     0  -5  -4  -5   9  -4  -5  -3  -5  -3  -3  -5  -4  -3  -5   4  -2  -5  -3  -1    6   0   0   0  51   0   0   1   0   1   2   0   0   1   0  31   1   0   1   4  1.71 0.63
   70 G     1  -4  -2  -3   0  -3  -3   5  -3   0   0  -3   0   2  -4   0  -1  -3  -1   0   10   0   1   1   2   0   0  43   0   6   8   0   2   9   0   7   3   0   2   7  0.46 0.25
   71 F    -1  -4  -4  -4   5  -1  -4  -2   1   1   1  -4   0   4  -4  -1  -2   6   0   0    4   0   0   0  16   3   0   3   5  11  15   0   1  18   0   4   1  10   1   7  0.49 0.26
   72 Q    -2   0   0  -3   0   7  -1  -3  -2  -4  -3  -1  -1  -4  -2  -1  -2  -4   0  -2    3   4   4   0   2  66   0   1   0   0   1   2   2   0   1   4   2   0   4   3  1.23 0.55
   73 V     1  -2   0  -3   0  -2  -3   0  -2   1   1  -2   1   2  -3  -1  -1  -1   1   1   15   1   5   0   3   2   0   7   0   9  17   1   4  12   0   3   3   1   6  12  0.14 0.13
   74 Y    -1   1  -3  -4   1  -2  -3   0   0  -1   0   0   1   2  -4  -2  -3   6   5  -1    4   9   1   0   4   1   0   6   2   3  11   6   5   8   0   1   0  10  24   5  0.46 0.28
   75 L    -1  -3  -3  -3  -2  -1  -2  -5  -3   1   3  -4   3   0  -4  -3  -2   2   2   2    5   1   1   2   1   3   2   0   0   6  38   0   8   3   0   1   1   3  10  16  0.46 0.27
   76 A    -2   1   5  -2  -5  -2  -2  -3   8  -1  -5  -1  -3  -4  -5  -2  -2  -5   0  -4    3   8  32   1   0   1   2   2  37   4   0   2   0   0   0   2   2   0   2   1  1.18 0.52
   77 R     0   3   1  -3  -3   0  -2  -2  -2   0   0   2   0  -1  -3   1   0  -4  -1   0    7  17   6   0   0   5   0   2   0   7   8  17   3   2   0  12   3   0   1   9  0.18 0.17
   78 R    -2   7  -2  -5  -6  -1  -3  -5  -3  -6  -5   3  -2  -2  -5  -2  -3  -6  -1  -4    2  71   1   0   0   1   0   0   0   0   0  16   1   2   0   2   1   0   3   1  1.63 0.64
   79 K     0   3   1   0  -4   3   2  -3   3  -4  -3   2  -3  -3  -3   0  -2   0   1  -3    9  15   7   5   0  14  16   1   7   0   1  12   0   0   0   5   1   1   6   0  0.39 0.25
   80 P     0   1   4  -1  -4   1  -1   0  -2  -5  -5   0  -4  -5   3   3   0  -5  -4  -4    9   7  22   2   0   7   2   6   0   0   0   3   0   0  13  26   3   0   0   0  0.52 0.31
   81 S    -1   7  -1  -2  -5   0   0  -3  -3  -5  -5   2  -4  -5  -3   1  -1  -5  -4  -5    4  61   2   2   0   2   5   1   0   0   0   8   0   0   1  10   3   0   0   0  1.14 0.48
   82 I     0   1   1  -1  -3   1  -1   0  -2   3   0  -2   0  -2  -2  -1  -1  -4  -1   1    5  10   7   2   0  10   2   8   0  26   6   0   1   0   1   4   2   0   2  11  0.14 0.15
   83 E     2   1  -2  -1  -4   4   3  -1   1  -4  -4   0  -3  -4  -3   2  -1  -4   0  -3   18   9   0   1   0  22  22   3   4   0   0   2   0   0   0  14   2   0   3   0  0.47 0.26
   84 L    -2   0  -4  -4  -3  -1  -3  -4  -4   3   3   1   2  -2  -4  -2  -1  -4  -3   1    0   4   0   0   0   2   0   0   0  23  42  12   4   0   0   2   2   0   0   9  0.45 0.22
   85 R    -3   6   1  -2  -5   4   1  -4   0  -5  -4   1  -3  -5  -4  -2  -3  -4  -3  -4    0  61   5   0   0  21   8   0   2   0   0   3   0   0   0   0   0   0   0   0  1.10 0.34

                      K         Lambda
Standard Ungapped    0.1412     0.3299
Standard Gapped      0.0566     0.2670
PSI Ungapped         0.1849     0.3173
PSI Gapped           0.0566     0.2670
