
Last position-specific scoring matrix computed, weighted observed percentages rounded down, information per position, and relative weight of gapless real matches to pseudocounts
            A   R   N   D   C   Q   E   G   H   I   L   K   M   F   P   S   T   W   Y   V   A   R   N   D   C   Q   E   G   H   I   L   K   M   F   P   S   T   W   Y   V
    1 M    -3  -3  -4  -5  -3  -2  -4  -5  -3   0   1  -3  10  -2  -4  -3  -2  -3  -3  -1    0   0   0   0   0   0   0   0   0   1   1   0  98   0   0   0   0   0   0   0  1.73 0.38
    2 S     4  -2   0  -2  -2  -2  -2   0  -2  -3  -3  -2  -2  -3  -2   3   0  -4  -3  -2   60   0   4   0   0   0   0   5   0   0   0   0   0   0   0  30   1   0   0   0  0.60 0.19
    3 S     0  -2   3  -1  -3   1  -1   1  -2  -4  -4  -1  -3  -4  -2   5   0  -4  -3  -3    3   0  15   0   0   7   0  11   0   0   0   1   0   0   0  61   2   0   0   0  0.66 0.24
    4 F     0  -3  -2  -3  -3  -3  -3   5  -3   0   0  -3  -2   2  -2   0  -2   3  -1  -1    5   0   0   0   0   0   0  49   0   6   8   0   0  12   1   9   0   5   1   3  0.49 0.16
    5 Y    -2  -3  -3  -4  -3  -3  -4  -4  -2  -1   0  -3  -1   4  -2  -2  -3   8   5   0    3   0   0   0   0   0   0   0   0   1  11   0   0  15   3   4   0  27  29   6  0.99 0.24
    6 T     1  -2   1  -2  -2  -2  -2  -2  -1  -1  -2  -2  -2  -3   3   3   3  -4  -3   0    8   0   7   0   0   0   0   0   1   5   3   0   0   0  16  26  30   0   0   5  0.42 0.17
    7 V    -1  -4  -4  -4  -2  -3  -4  -2  -4   4   1  -3   0  -1  -3  -2   0  -4  -2   4    1   0   0   0   0   0   0   3   0  27  11   0   0   1   0   0   5   0   0  51  0.59 0.21
    8 V    -2  -4  -4  -4  -2  -4  -4  -5  -4   4   2  -4   0   3  -4  -3  -1   0  -1   3    0   0   0   0   0   0   0   0   0  39  17   0   0  15   0   1   2   1   1  24  0.56 0.20
    9 G     0  -3  -3  -4  -3  -2  -3   3  -2   2   0  -3  -1   2  -3  -2  -2   6   0   1    8   0   0   0   0   1   0  25   1  20   4   0   0  13   0   0   1  12   1  13  0.39 0.16
   10 V     0  -3  -3  -3  -2  -3  -3   1  -3   2   2  -3   1   0  -3   0   0  -3  -2   3    4   0   0   0   0   0   0  16   0   8  23   0   4   2   0   6   3   0   0  33  0.26 0.13
   11 F    -1  -3  -4  -4  -3  -3  -4   0  -3   2   3  -3   1   4  -4  -2  -2   0   0   1    2   0   0   0   0   0   0  10   0  13  37   0   2  27   0   2   0   1   0   6  0.41 0.17
   12 I     0  -4  -4  -4  -1  -3  -4  -4  -4   4   2  -3   0   2  -4  -3  -2  -3  -1   3    9   0   0   0   1   0   0   0   0  30  23   0   0  12   0   0   0   0   0  24  0.46 0.18
   13 V     0  -4  -4  -4   0  -3  -4  -3  -4   4   1  -3   0   1  -4  -2  -1  -3  -2   4    7   0   0   0   2   0   0   2   0  24   7   0   0   7   0   1   2   0   0  49  0.53 0.22
   14 V     1  -3  -3  -4   0  -3  -3  -2  -4   3   1  -3   0   0  -3  -2   0  -3  -1   4   11   0   0   0   2   0   0   2   0  18  13   0   0   3   0   1   7   0   1  41  0.36 0.17
   15 S     3  -3  -3  -3  -1  -2  -2   0  -3   2   1  -2   0  -1  -2   0  -1  -3  -2   2   34   0   0   0   1   0   0   9   0  11  14   0   1   2   0   4   0   0   0  22  0.23 0.14
   16 A     3  -3  -3  -3   1  -2  -3   2  -3   0   1  -2   0  -2  -3  -1  -1  -3  -3   1   39   0   0   0   3   0   0  21   0   6  18   0   1   1   0   1   0   0   0  10  0.33 0.17
   17 M     1  -3  -3  -3   1  -2  -3  -2  -3   2   3  -3   3   2  -3  -2  -1  -2  -1   1   12   0   1   0   3   0   0   2   0   9  40   0   8   9   0   2   1   0   0  10  0.29 0.13
   18 S     1  -2  -1  -2   4  -2  -2   2  -2  -2  -2  -2   2  -3  -2   4   0  -3  -3  -2   11   0   2   0  10   0   1  15   0   1   3   0   9   0   0  40   5   0   0   1  0.38 0.19
   19 V     2  -3  -2  -3   0  -2  -2   0  -3   1   0  -2  -1   0  -2   0   0   2  -1   3   25   0   0   0   1   0   0   8   0   6   4   0   0   4   0   5   6   3   1  34  0.22 0.13
   20 L     3  -3  -3  -3   2  -2  -2   2  -3   1   1  -2   0   0  -2  -1  -1  -3  -2   1   34   0   0   0   4   0   0  16   0   6  17   2   3   3   0   1   0   0   0  13  0.22 0.13
   21 F     3  -3  -2  -3   0  -2  -2   1  -2  -2  -2  -2  -2   3  -2   2   0   0   1  -1   38   0   0   0   2   0   0  12   0   1   2   0   0  15   0  15   5   1   4   3  0.30 0.16
   22 W    -2  -3  -5  -5  -4  -4  -4  -4  -2  -2  -2  -4  -2   2  -5  -4  -2  11   4  -4    4   1   0   0   0   0   0   0   0   3   2   0   1   7   0   0   2  63  15   0  2.23 0.43
   23 I    -2  -2  -3  -4  -3  -3  -3  -3  -3   2   1  -2   0   5  -2  -2  -1  -1   1   2    1   2   1   0   0   0   0   2   0  16  12   3   2  40   2   1   3   0   3  14  0.44 0.17
   24 M     0  -2  -3  -4  -2  -2  -3  -3  -2   0   2  -2   0   5  -3  -1   0  -1   1   1    8   2   0   0   0   1   0   1   0   2  21   2   1  36   0   5   4   0   2  13  0.33 0.15
   25 A     2  -2  -1  -2  -2  -1  -2  -1  -2  -1  -2  -1  -1  -3   0   3   2  -4  -3   0   23   1   1   0   0   0   0   1   0   2   0   1   2   0   4  38  18   0   0   8  0.38 0.18
   26 P    -2  -2  -3  -2  -5  -3  -3  -3  -4  -4  -3  -1  -4  -5   8  -2  -3  -5  -5  -4    1   2   0   2   0   0   0   1   0   0   2   4   0   0  86   1   0   0   0   0  2.15 0.39
   27 K    -2   1  -2  -1  -5   0   0  -1  -2  -4  -4   7  -3  -5  -1  -1  -2  -4  -3  -4    0   4   0   2   0   1   1   4   0   0   0  84   0   0   3   2   0   0   0   0  1.07 0.32
   28 N    -1  -2   1   1  -4  -1   1   6  -1  -5  -5  -2  -4  -4  -2  -1  -2  -4  -4  -4    0   2   5   8   0   2   9  68   2   0   0   1   0   0   1   1   0   0   0   0  0.94 0.23
   29 N    -2  -2   6   3  -4   1   2  -2   1  -4  -5  -1  -3  -4  -2   0  -1  -5  -3  -4    2   0  58  13   0   4  14   1   3   0   0   1   0   0   1   2   1   0   0   0  0.87 0.25
   30 Q    -2   1   0  -2  -4   7   0  -3   0  -2  -2   0  -2  -4  -2  -1   1  -3  -3  -3    1   8   3   0   0  66   1   0   2   2   2   1   0   0   1   1  10   0   0   0  0.87 0.28
   31 A     0  -1  -1  -2  -2   1  -1  -1  -2   0   0  -1  -1  -2  -2   0   4  -3  -2   2    4   2   2   0   0   7   2   3   0   3   6   1   1   0   1   3  47   0   0  17  0.30 0.14
   32 V    -1  -3  -3  -3   1  -3  -3  -3  -3   2   2  -3   1  -1  -3  -2   1  -3  -2   4    1   0   0   0   4   0   1   1   0   6  27   0   1   0   0   1   8   0   0  49  0.39 0.14
   33 W    -2  -3  -3  -3  -2   0  -3  -1  -1   3  -1  -3  -1   1  -3  -2  -1   9   0   0    1   1   1   1   0   6   1   6   1  24   4   1   0   4   1   1   3  37   2   7  0.85 0.18
   34 R    -1   6   0  -2  -4   2  -1  -3  -1  -4  -3   1  -2  -3  -3  -2  -2  -3  -1  -3    5  72   5   0   0  10   0   0   0   0   0   1   0   0   0   0   1   0   3   1  0.95 0.25
   35 S     0  -2  -1  -1  -2   1   0  -2  -2  -2  -2  -1   0  -2  -2   4   4  -1  -2  -1    3   0   1   0   0   6   5   0   0   0   2   0   2   1   0  44  33   1   0   2  0.46 0.18
   36 T     1  -2  -1  -2   2  -1  -2  -1  -2  -2  -2  -1   0  -2  -2   4   4  -3   0  -1    6   0   0   0   4   0   0   2   0   1   1   0   4   0   0  42  33   0   4   3  0.42 0.16
   37 V    -1  -3  -3  -3  -1  -3  -3  -3  -3   2   3  -3   1   1   0  -2   0  -2  -1   2    5   0   0   0   1   0   0   0   0  19  40   0   0   7   4   2   6   0   0  14  0.29 0.09
   38 I    -1  -3  -3  -4  -1  -3  -3  -4  -3   4   2  -3   3   0   0  -2  -1  -3  -2   2    2   0   0   0   1   0   0   0   0  46  12   0   9   4   5   3   1   0   0  16  0.39 0.13
   39 L    -1  -3  -4  -4  -2  -3  -3  -4  -3   2   5  -3   2   1  -3  -3  -2  -2  -1   0    3   0   0   0   0   0   0   0   0   7  73   0   6   5   0   0   0   0   0   2  0.57 0.16
   40 T     1   0  -1  -2  -2  -1  -1   0  -2  -2  -2  -1  -2  -3  -2   3   4  -3  -2  -1   14   5   0   0   0   0   0   4   0   0   1   0   0   0   0  34  34   0   0   3  0.38 0.14
   41 L    -1  -3  -3  -3   2  -3  -3  -2  -3   2   3  -3   1   3  -3  -2  -1  -2   0   0    6   0   0   0   5   0   0   2   0  12  42   0   3  21   0   2   3   0   0   2  0.29 0.10
   42 A     3  -2  -2  -2   0  -1  -2   0  -2   0  -1  -2   0  -1  -2   1   1   0  -2   1   36   0   0   0   1   0   0   6   0   5   1   0   3   2   0  13  12   2   0  17  0.20 0.09
   43 M     1  -2  -2  -2   7  -2  -2  -2  -2   0  -1  -2   2  -1  -2   3   0  -3  -2  -1   10   0   0   0  33   0   1   1   0   5   1   0  10   2   0  31   1   0   0   2  0.53 0.16
   44 M    -2  -4  -3  -4   9  -3  -4  -1  -4  -1   0  -3   3  -1  -4  -2  -1  -3  -3  -1    0   0   0   0  63   0   0   5   0   1   7   0  14   2   0   0   3   0   0   1  1.23 0.25
   45 F    -3  -3  -1  -4  -3  -2  -3  -4   2  -2  -2  -3  -2   3  -4  -3  -3   4   8  -2    0   0   4   0   0   0   0   0   5   0   1   0   0   9   0   0   0   6  72   0  1.28 0.26
   46 L    -2  -3  -3  -3  -2  -2  -1  -4  -3   2   4  -3   2  -1  -3  -3   0  -3  -2   1    0   0   0   0   0   0   5   0   0  14  68   0   3   0   0   0   5   0   0   2  0.49 0.15
   47 M    -2  -2  -3  -4  -2  -1  -3  -4  -3   1   2  -2   8   0  -3  -2  -1  -2  -2   0    0   0   0   0   0   0   0   0   0   1   6   0  86   1   0   0   2   0   0   2  0.96 0.20
   48 W    -4  -4  -5  -5  -4  -3  -4  -4  -3  -4  -3  -2  -3   0  -5  -4  -4  12   1  -4    0   0   0   0   0   0   0   0   0   0   0   3   0   0   0   0   0  94   0   0  3.00 0.27
   49 A     4  -2  -2  -2  -1  -1  -2   2  -2  -2  -1  -1   2  -1  -2   1  -1  -3  -2  -1   65   1   0   0   0   0   0  13   0   0   1   0  11   3   0   3   1   0   0   2  0.39 0.10
   50 I    -1  -3  -3  -3   0  -3  -3  -4  -3   5   1  -3   2   0  -3  -2   0  -3  -2   3    0   0   0   0   2   0   0   0   0  60   6   0   8   2   0   0   3   0   0  14  0.41 0.09
   51 T     0  -2   1  -2   2  -1  -2  -2  -2   0  -1  -1   0  -2  -1   0   5  -3  -2   0    2   0   8   0   5   0   0   0   0   3   1   0   3   0   1   0  68   0   0   7  0.46 0.11
   52 F    -2  -3  -3  -4  -3  -3  -3  -4   0  -1   0  -3  -1   5  -4  -3  -2   1   7  -1    0   0   0   0   0   0   0   0   0   2   4   0   0  35   0   0   0   0  54   0  0.92 0.14
   53 L    -2  -2  -3  -4  -2  -2  -3  -4  -3   1   4  -3   4   0  -3  -3  -2  -2  -2   1    0   0   0   0   0   0   0   0   0   2  76   0  15   0   0   0   0   0   0   2  0.56 0.11
   54 C     5  -2  -2  -2   2  -1  -1  -1   0  -2  -2  -1  -2  -3  -1   1   0  -3  -2  -1   81   0   0   0   4   0   0   0   3   0   1   0   0   0   0   4   2   0   0   2  0.53 0.12
   55 Q    -2   0  -1  -1  -4   7   1  -3  -1  -4  -3   0  -2  -4   1  -1  -2  -3  -3  -3    0   0   0   0   0  92   0   0   0   0   0   0   0   0   8   0   0   0   0   0  1.15 0.21
   56 L    -2  -3  -4  -4  -2  -3  -4  -4  -3   2   4  -3   1   0  -4  -3  -2   7  -1   1    2   0   0   0   0   0   0   0   0   9  59   0   2   0   0   0   0  22   0   6  0.70 0.11
   57 H    -3  -1   2  -2  -4  -1  -1  -3   9  -4  -4  -2  -3  -2  -3  -2  -3  -3   2  -4    0   0  11   0   0   0   0   0  85   0   0   0   0   0   0   0   0   0   4   0  1.44 0.21
   58 P    -2  -3  -3  -3  -4  -2  -2  -3  -3  -4  -4  -2  -4  -5   8  -2  -2  -5  -4  -4    0   0   0   0   0   0   0   0   0   0   0   0   0   0 100   0   0   0   0   0  2.44 0.22
   59 L    -2  -3  -4  -4  -2  -3  -3  -4  -3   1   5  -3   2   0  -3  -1  -1  -2  -2   1    0   0   0   0   0   0   0   0   0   4  84   0   2   0   0   8   0   0   0   2  0.56 0.12
   60 V    -1  -3  -3  -3  -2  -2  -1  -4  -3   5   1  -3   1  -1  -3   0  -1  -3  -2   3    1   0   0   0   0   1   6   0   0  60   3   0   1   1   0   8   1   0   0  18  0.40 0.11
   61 A     2   1   0  -1  -1   1   0  -1  -1  -1  -2   0  -1  -1  -1   1   2  -3  -1   1   22   8   2   0   1   6   7   3   1   0   0   6   1   2   2  11  15   0   1  13  0.12 0.05
   62 P    -2  -3  -3  -3  -4  -3  -1  -4  -4  -4  -4  -2  -4  -5   8  -2  -1  -5  -4  -4    0   0   0   0   0   0   3   0   0   0   0   0   0   0  93   0   2   0   0   0  2.35 0.28
   63 R    -2   5  -1  -2  -4   2   1  -3   0  -1  -2   3  -1  -3  -3  -1  -1  -4  -1  -2    1  40   1   0   0   7   7   0   1   5   1  28   1   0   0   2   4   0   1   2  0.53 0.14
   64 R    -2   7  -1  -2  -3   0   1  -4   0  -4  -4   2  -2  -4  -3  -1  -1  -4  -3  -3    2  72   1   0   1   0   7   0   2   0   0  11   1   0   0   1   2   0   0   1  1.04 0.23
   65 S     2  -2   2  -1  -1  -1  -2   2   0  -2  -3  -1  -2  -3  -2   4   1  -4  -2  -2   16   0   9   1   1   0   0  15   3   1   0   1   0   0   0  45   6   0   1   2  0.41 0.15
   66 D    -2  -2   2   6  -4   0   0   1  -1  -4  -5  -1  -4  -4  -2  -1  -1   0  -4  -4    1   0  12  63   0   3   3   9   1   0   0   3   0   0   1   2   1   2   0   1  0.91 0.20
   67 L    -2  -2  -4  -5   0  -3  -4  -5  -4   2   5  -3   2   0  -4  -3  -2  -3  -1   1    0   2   0   0   2   0   0   0   0  11  70   1   2   1   0   0   0   0   1  10  0.63 0.15
   68 R    -3   7  -2  -3  -5   1  -1  -4  -2  -4  -4   2  -3  -4  -3  -1  -2  -4  -3  -4    0  82   0   0   0   4   2   0   0   0   0   9   0   0   0   3   0   0   0   0  1.26 0.24
   69 P    -1  -2  -3  -2  -4  -1   0  -3  -1  -2  -2  -1  -1  -2   7  -2  -2  -4  -2  -2    3   1   0   1   0   1   7   0   1   3   4   4   1   2  66   1   1   0   1   2  1.30 0.19
   70 E    -1  -1  -1   2  -4   1   5   0   3  -4  -4   0  -3  -4  -1   0  -2  -4  -3  -4    4   1   0  10   0   4  61   6   8   0   0   1   0   0   2   4   0   0   0   0  0.73 0.17
   71 F    -2  -3  -3  -1  -3  -2  -2  -3   4   0   0  -3   0   5  -4  -3  -2   0   5   0    1   0   0   4   0   0   1   1  13   2   6   0   2  35   0   0   1   0  27   8  0.60 0.13
   72 A     3  -2   0   0  -2  -1   0  -1   1   0   1  -1  -1  -2  -2   1  -1   1  -2   0   36   0   7   4   0   2   4   1   6   3  16   3   0   0   0   7   1   2   0   9  0.12 0.06
   73 E    -2   0  -1   3  -4   2   5  -3   3  -4  -4   1  -3  -4  -2   0  -2  -4  -2  -4    0   2   0  15   0   7  52   0  12   0   0   8   0   0   0   4   0   0   0   0  0.70 0.13

                      K         Lambda
Standard Ungapped    0.1367     0.3335
Standard Gapped      0.0410     0.2670
PSI Ungapped         0.1367     0.3335
PSI Gapped           0.0410     0.2670
