
Last position-specific scoring matrix computed, weighted observed percentages rounded down, information per position, and relative weight of gapless real matches to pseudocounts
           A  R  N  D  C  Q  E  G  H  I  L  K  M  F  P  S  T  W  Y  V   A   R   N   D   C   Q   E   G   H   I   L   K   M   F   P   S   T   W   Y   V
    1 M   -1 -2 -3 -4 -2 -2 -3 -4 -3  3  3 -2  5  0 -3 -2 -1 -2 -1  2    0   0   0   0   0   0   0   0   0  20  28   0  40   0   0   0   0   0   0  12  0.39 0.04
    2 N    0 -1  2 -1 -2 -1 -1 -2 -1 -1 -2  0 -1 -3  1  2  3 -3 -2  0    0   0  16   0   0   0   0   0   0   4   0   4   0   0   7  26  37   0   0   7  0.31 0.05
    3 K    0  4 -1 -1 -3  2  0 -1 -1 -3 -3  2 -2 -3 -2  1  0 -3 -2 -2    5  40   0   0   0   7   3   3   0   0   0  18   0   0   0  18   7   0   0   0  0.41 0.06
    4 E   -1 -1  0  0 -3  1  3 -3 -1 -1  2  1  2 -1 -2  0  0 -2  0 -1    0   0   3   3   0   2  30   0   0   0  28  11   9   0   0   7   3   0   4   0  0.18 0.05
    5 S    0 -2 -1  0 -2  1  0 -2 -2 -1 -2 -1  1 -3  5  1  0 -3 -3 -1    8   0   0   6   0  10   5   0   0   4   0   0   7   0  34  18   5   0   0   4  0.50 0.06
    6 K   -1  1  1 -1 -3  0 -1 -1 -2 -3 -2  2 -2 -3  5  2  1 -4 -3 -2    0   6   6   0   0   2   0   3   0   0   3  18   0   0  29  24   8   0   0   0  0.49 0.06
    7 D   -1  1  0  4 -3  1  1 -2  0 -3 -3  3 -2 -4 -2  2  0 -4 -3 -3    0   3   0  29   0   4   8   0   3   0   0  26   0   0   0  23   3   0   0   0  0.42 0.08
    8 D   -1  0  2  3 -3  1  2 -2 -1 -3 -3  1 -2 -4  1  2  0 -4 -3 -3    0   3  12  19   0   6  16   0   0   0   0   7   0   0   6  29   3   0   0   0  0.39 0.07
    9 D    1  0  2  0  0  0  0 -1  0 -3 -2  0 -2 -3  3  1  0  1 -1 -2   20   3  15   5   2   5   3   1   2   0   2   3   0   0  14  15   2   2   2   2  0.24 0.07
   10 M   -2 -1 -3 -3 -3 -2 -3 -4 -1  0  2 -3  6  2  0  0 -2 -2  2 -1    0   3   0   1   0   0   0   0   1   2  21   0  38  12   5  11   1   0   6   0  0.52 0.20
   11 S    1 -1  2  0 -2 -1  0  1 -1 -2 -1  1 -2 -2  0  2  1 -3  0 -1   15   0  12   3   0   0   3  11   0   2   5  10   0   0   3  16  13   0   5   1  0.15 0.07
   12 L   -1 -2 -1 -3  0 -1 -2 -1 -1  1  1 -2  3  1  1  0 -1 -2  2  1    4   1   2   0   2   3   0   5   1   9  15   1  12   4   8   7   3   0  11  11  0.11 0.09
   13 G    0  0  0 -2 -3 -1 -1  3 -2  0 -2 -1  0 -2  2  1  0 -3  0 -1    7   5   5   0   0   2   3  28   0   7   3   0   3   0  13  13   4   0   4   3  0.25 0.12
   14 K   -1  4  0 -2  3 -1 -2  0 -1 -1 -2  2  0 -1 -2 -1 -1  3  2 -2    3  27   4   1   7   0   0   9   1   3   2  15   3   2   1   2   1   5   9   2  0.28 0.17
   15 F   -1 -2 -1 -4 -1 -2 -3 -2 -1 -1 -1 -1  4  1  2  0  0 -1  6 -2    5   1   4   0   1   1   0   3   0   3   2   3  13   4   9   6   6   0  38   1  0.56 0.29
   16 S    0 -2  0 -2 -3  1 -1 -1 -2  0 -2 -1 -2  1 -2  3  1 -3  2  0    6   0   5   0   0   8   1   3   0   6   3   2   0   7   0  35   9   0   7   6  0.25 0.20
   17 F   -2 -2 -3 -4 -3 -3 -1 -3 -1  2  3 -1  0  1  0 -2  0  0  3  1    2   1   0   0   0   0   3   1   1  11  35   3   0   7   4   1   8   1  12  10  0.27 0.18
   18 S    0  0  0 -2 -2  0 -2  0 -1 -1  0  0  0  0 -1  1  2  0  1 -1    8   6   3   1   0   3   0   7   1   3  11   7   3   3   3  15  17   1   8   1  0.09 0.11
   19 H   -1  0 -1 -4 -4  1 -3  0  4 -2 -3 -1 -3  0 -4  0 -1  0  7 -3    5   5   3   0   0   8   0   6  12   2   1   4   0   1   0   8   3   1  41   1  0.74 0.36
   20 F    0 -3 -3 -4 -3 -2 -3 -2 -2  1  0 -3 -2  2  1  0  1  3  5  1    7   0   0   0   0   1   0   3   0  10   8   1   0   7   7   6  13   4  25   9  0.35 0.23
   21 L   -1 -3 -3 -4 -2 -3 -3  0 -3  2  2 -3  1  2  0  0  2 -2  0  2    3   0   0   0   1   0   0   7   0  10  21   0   4  10   4   6  15   0   2  18  0.22 0.17
   22 Y    1 -1 -2 -3 -2 -2 -3 -1 -2  1  1 -1  0  2 -2  1  1 -1  3  1   13   2   1   0   0   1   0   5   0   8  12   2   1   8   1  11  10   0  15   8  0.15 0.14
   23 Y   -1 -3 -3 -3 -1 -3 -3  4 -2 -1 -1  0 -3  0 -4  1 -1  3  4 -2    4   0   0   0   1   0   0  32   0   4   7   6   0   4   0  14   3   5  19   2  0.45 0.26
   24 L    0 -3 -4 -4 -1 -3 -4 -1 -4  2  3 -2  0  0 -4  0  1 -3 -1  1    8   0   0   0   1   0   0   5   0  15  40   2   1   4   0   6   9   0   2   7  0.34 0.22
   25 V    1 -3 -2 -3 -2 -3 -3 -1 -3  2  1 -3  0  2  1  1  1  1  0  1   11   0   0   0   0   0   0   3   0  12  14   0   3   9   7  14  11   2   2  11  0.18 0.16
   26 L    1 -3 -3 -3 -2 -3 -3 -1 -3  1  2 -2  0 -1 -3  1  3  1 -2  2   10   0   0   0   0   0   0   4   0   8  21   2   2   2   0  12  22   2   1  13  0.26 0.21
   27 I    1 -3 -3 -4  0 -3 -3 -2 -3  2  1 -3 -1  3 -1  0  2 -3  0  0   16   0   0   0   2   0   0   3   0  14  15   0   0  16   3   8  17   0   3   4  0.26 0.21
   28 V    1 -4 -3 -4 -1 -3 -4 -2 -3  2  2 -3  0  3 -4 -1  1 -3  0  2   17   0   0   0   1   0   0   2   0  16  19   0   1  15   0   4   9   0   2  14  0.32 0.21
   29 V    2 -3 -4 -4 -1 -2 -4 -1 -4  2  2 -3  0  2 -4 -1  0 -2 -2  2   21   0   0   0   1   1   0   4   0  15  22   0   1  10   0   2   6   0   0  15  0.30 0.21
   30 I    0 -3 -3 -3  0 -3  0 -2 -4  3  1 -3 -1 -1 -3  0  2 -4 -2  3    6   0   0   0   1   0   6   3   0  17  16   0   0   2   1   8  15   0   0  24  0.29 0.22
   31 V    0 -4 -4 -4  0 -4 -4  0 -4  2  1 -4 -1  0 -3 -1  1 -1  0  4    6   0   0   0   2   0   0   7   0  12  14   0   0   3   0   6   9   1   3  38  0.40 0.25
   32 Y   -1 -2 -4 -4 -1 -3 -4 -4 -3  3  2 -3  0  1 -2 -1 -1  1  2  3    3   3   0   0   1   0   0   0   0  20  18   0   1   6   2   5   3   2   7  28  0.39 0.23
   33 G    3 -3 -3 -4 -1 -3 -4  4 -4  1 -1 -3 -2 -1  0  0 -2 -2 -4  0   26   0   0   0   1   0   0  34   0  10   7   0   0   2   4   7   1   0   0   6  0.48 0.28
   34 L    0 -4 -5 -5  1 -4 -5 -1 -4  1  5 -4  0  0 -5 -2  0 -4 -3  1    7   0   0   0   3   0   0   5   0   5  62   0   1   3   0   2   5   0   0   7  0.74 0.36
   35 Y   -1 -3 -3 -5  2 -4 -5 -4  1 -2 -3 -4 -1  3 -6 -4 -3  2  8 -3    4   1   1   0   5   0   0   1   2   3   2   0   1   9   0   1   2   2  63   1  1.62 0.60
   36 K   -1 -3 -1 -3 -3 -2 -3  0  0  0  2 -2  4  1 -1 -2  0 -1  4 -1    5   0   4   1   0   1   0   7   2   3  25   2  15   4   3   1   6   1  18   2  0.32 0.24
   37 L   -2 -3 -3 -5  0 -3 -3 -5 -1  3  4 -3  4 -1 -3 -2  0 -4 -3  1    3   0   1   0   2   0   1   0   1  15  44   1  12   2   1   2   6   0   0  10  0.57 0.29
   38 F   -3 -5 -5 -5 -1 -3 -5 -3 -4  2  3 -3  1  7 -5 -1 -4 -2  0 -1    1   0   0   0   1   1   0   2   0  10  25   2   3  46   0   5   0   0   2   3  0.93 0.40
   39 T   -1 -3  0 -3 -2 -1 -2 -3  0 -2 -2 -3 -3 -1 -3  1  6 -2 -2  0    3   1   4   0   1   3   1   2   2   1   4   0   0   3   0  11  56   1   1   6  0.81 0.42
   40 G    0  0  1  1 -4 -2  0  5 -1 -3 -3 -3 -1 -3 -1 -1 -3 -4 -3 -4    5   5   5   8   0   1   5  52   1   1   2   0   2   1   2   4   0   0   1   0  0.71 0.31
   41 H    0  0  1  1 -3  3  1 -2  0 -3 -2  2  0 -2  1  2  0 -4 -2 -2    5   3   7   6   0  16   6   1   2   1   2  13   3   1   7  20   4   0   1   2  0.28 0.20
   42 G   -1 -4 -3 -3 -1 -3 -4  6 -4 -1 -1 -3 -1 -3 -2  1 -1 -4 -2 -3    3   0   0   1   1   0   0  60   0   3   7   0   1   1   2  12   3   0   1   1  0.92 0.38
   43 S   -1 -1  1  1 -2  0  5 -3  2 -4 -3 -1 -2 -2 -1  1  0 -3  1 -3    5   2   5   5   1   3  42   1   5   0   2   2   1   2   2  11   6   0   6   1  0.51 0.30
   44 D    1  3  1  1 -3  2  0 -2 -1 -3 -2  0 -2 -3 -2  1  1  1  0 -2   13  19   6   9   0   9   6   1   1   1   3   2   1   1   0  14   8   2   3   2  0.25 0.19
   45 I   -1 -4 -4 -3 -4 -3 -3 -4 -1  2  1 -4  3  6 -4  0  0 -2  1 -1    4   0   0   1   0   1   1   1   1  11  13   0  10  35   0   9   5   0   3   2  0.60 0.31
   46 N   -2 -2  5  4 -2 -1 -1 -2 -1 -3 -5 -2 -4 -5 -2  3  1 -5 -4 -4    2   1  31  22   1   2   2   3   1   2   0   1   0   0   2  21   8   0   0   0  0.75 0.38
   47 F   -3 -4 -3 -4 -2 -4 -3 -5 -2  2  1 -3  0  3 -2 -3 -2  7  1  3    1   1   1   1   1   0   2   0   1  14  14   1   2  14   2   1   2  17   4  22  0.69 0.32
   48 G    1 -1 -1 -2 -4 -3 -2  5 -3 -2 -2 -2 -1 -2 -2  2  0  0 -3 -3    9   4   2   1   0   1   2  45   0   2   4   2   1   2   2  15   5   1   1   1  0.58 0.31
   49 K   -1  1 -1  1 -3  1  3 -2  1 -3 -3  1  0 -2 -1  0 -1  6  0 -3    4   9   2   9   1   5  21   2   4   1   2  10   2   1   3   5   4  13   4   1  0.42 0.25
   50 F   -1 -3 -1 -3 -1 -3 -3 -4 -3  0  1 -4 -1  6  0 -3 -1 -1  2 -1    6   1   3   1   1   0   2   1   0   4  15   0   1  42   5   1   5   0   7   5  0.69 0.35
   51 L   -2 -2  1 -2  3 -3 -3 -4 -4  1  4 -4  1  2 -3 -2 -2 -3 -2 -1    2   3   9   2   6   0   1   1   0   7  48   0   2  10   1   3   2   0   0   3  0.51 0.32
   52 L   -1 -2 -1  0  4  0  2 -1 -1  0  0 -1  0 -2  2  0  1 -3  0  0    4   2   1   4  10   4  14   4   1   4  10   1   2   1  11   7  12   0   3   5  0.15 0.15
   53 R   -1  0  1  1 -3  1  3 -2  0 -1 -2  0 -2 -2  3  0  0 -4 -2 -1    5   3   7   9   0   4  21   2   2   5   3   5   1   1  14   6   5   0   1   5  0.24 0.17
   54 T   -1 -2  2 -2 -2 -1  0 -2 -1  2  0 -1  0  0 -1  0  2 -1  2  1    4   1  13   0   0   1   5   3   1  13   6   2   2   3   3   7  15   1   9  11  0.13 0.16
   55 S    1 -3  1 -2  1 -2 -2  1  1 -3 -3 -2 -2  0  0  4  1 -2  2 -3    9   1   5   1   3   1   1   9   4   1   2   0   1   3   5  38   6   0   9   1  0.40 0.31
   56 P    2 -4 -4 -3 -5 -2 -3  0 -3 -2 -4 -4 -4 -5  7 -2 -1 -5 -5 -3   15   1   0   1   0   1   1   8   1   2   2   0   0   0  62   1   3   0   0   1  1.55 0.60
   57 Y   -2 -2 -3 -4 -3 -3 -3 -3  1 -2  0 -1  1  4  5 -2 -2 -1  5 -1    2   1   1   0   0   1   1   2   3   2   8   3   4  16  26   3   2   0  21   3  0.67 0.36
   58 M    1 -4 -1 -4 -2 -1 -4 -3 -2  0  1 -3  3  6 -4 -2 -1 -1  1  0   12   0   4   0   1   3   0   1   1   4  12   0  10  37   0   2   3   0   3   7  0.56 0.33
   59 W   -1 -2 -5 -5 -3 -5 -5 -2 -4 -2  0 -5 -1  7 -3 -4 -3  9  1 -3    5   2   0   0   1   0   0   3   0   2   6   0   1  42   1   1   1  29   2   1  1.53 0.60
   60 A    3  0 -2 -3 -1 -2 -3  4 -1 -3 -4 -3 -2 -3  0  1 -1 -4 -4 -2   29   6   1   0   1   1   0  36   1   1   1   0   1   1   4  12   3   0   0   2  0.62 0.37
   61 N    1 -3  1 -1 -1 -2 -2 -1  0 -1  0 -3  2  4 -2  1 -1 -2  2  0   15   0   7   3   1   1   1   4   2   2   9   0   6  19   2  10   2   0   8   7  0.18 0.19
   62 L    1  0 -2 -4 -1 -2 -3 -3 -3  1  2 -2  4  2 -3 -1  0 -3 -1  1   12   5   2   0   1   0   1   1   0   8  24   0  15  10   0   2   6   0   1   9  0.27 0.22
   63 G   -2 -2  0 -1 -1 -4 -4  7 -4 -5 -4 -4 -5 -2 -4  0 -4  0 -5 -5    1   3   5   2   2   0   0  74   0   0   1   0   0   2   0   7   0   2   0   0  1.39 0.58
   64 I    2 -4 -3 -4  5 -1 -3 -2 -4  4  0 -3  1  0 -4 -1 -1 -4 -3  3   16   0   1   0  12   3   1   2   0  25   5   0   3   4   0   5   2   0   0  19  0.40 0.29
   65 A    4 -3 -2 -1 -1 -2 -3  2 -2 -1 -1 -3 -1 -1 -1  1  1 -4 -2  0   37   0   0   4   1   1   0  14   1   2   4   0   1   3   2  12   8   0   1   7  0.33 0.28
   66 L    1 -1  0 -3  3 -2 -3  0 -1  1  2 -2  1  1 -1  1 -1 -3 -1  0   13   3   5   0   8   0   0   5   2   8  23   0   3   6   2  15   3   0   1   3  0.15 0.18
   67 C    4 -4 -2 -3  7 -1 -4 -2 -4 -1 -3 -4 -2  0 -2  1  0 -5 -4 -2   39   0   1   1  23   3   0   3   0   3   2   0   1   5   2  11   4   0   0   1  0.80 0.48
   68 V   -2 -1 -4 -2 -1 -2 -2 -5  0  3  2 -3  4  0 -3 -2  0 -4 -1  2    3   3   0   3   1   1   3   0   3  21  21   0  15   4   1   2   6   0   2  13  0.38 0.28
   69 G    0 -1 -2  0  0 -1 -2  2 -3  2 -1 -1 -1 -1 -2 -1  0  1 -3  2    6   3   1   5   2   2   1  21   0  12   3   5   1   3   1   5   5   2   0  22  0.17 0.18
   70 L   -1 -2 -3 -4  1 -3 -2 -3  1  0  3 -2  2  5 -2 -2 -2 -2  0 -1    5   2   1   0   3   0   3   2   4   3  28   3   4  33   2   2   1   0   1   4  0.52 0.33
   71 S    0  0  0 -2  2  0 -1  0 -3 -1 -3 -2 -3 -2  0  4  2 -4 -3 -2    7   5   5   1   5   4   3   7   0   4   2   0   0   2   4  34  16   0   0   1  0.38 0.31
   72 V    1  0  0 -1  4 -1  0  0 -1  1  0 -1  0 -1 -2  0  0 -3 -1  1   12   6   5   2  10   2   6   8   2   8   7   0   1   2   0   9   4   0   2  13  0.08 0.10
   73 V    0 -1 -3 -1  0 -2 -2 -2 -3  2  2 -1  1  0  1 -1 -1  1  1  2    6   3   0   3   2   0   0   3   0  13  23   4   5   4   7   2   3   2   4  16  0.14 0.13
   74 G    0  0 -2 -3  2 -2 -3  4 -2 -3 -3 -2 -3 -2 -3  0  1  3  2  0    6   7   0   0   5   0   0  43   0   0   1   0   0   0   0   6   9   5   9   8  0.49 0.26
   75 A    2  0  0  0  2 -1  0  0 -2 -2 -1 -1 -2 -3  0  2  1 -3 -2  0   21   4   5   5   5   0   8   6   0   0   5   0   0   0   5  16  10   0   0   8  0.15 0.15
   76 A    0 -2 -2 -3  3  1 -2  0 -2  0  0 -2  2 -1  1  0  0  4  1  0    8   0   0   0   7   7   0   8   0   8   8   0   7   0   8   8   8   7   7   8  0.15 0.15
   77 W    0  0  0 -3  2  0 -2  0  2  0  0  0  1  1 -3  0  0  4  1  0    6   6   6   0   6   6   0   6   6   6   6   6   6   6   0   6   6   6   6   6  0.09 0.14
   78 G   -1 -2 -1 -4 -5 -4 -2  7 -4 -5 -5 -4 -5 -5 -4 -1 -4  3 -1 -5    4   2   2   0   0   0   2  74   0   0   1   0   0   0   0   3   0   4   2   0  1.44 0.57
   79 I   -1 -3 -1 -3  0 -2 -3 -2 -3  4  0 -3  3 -2 -3 -1  3 -3  1  2    4   0   3   0   1   2   1   2   0  26   6   1   8   0   0   3  23   0   7  12  0.37 0.27
   80 F    2 -2 -2 -2  2  0 -2  2  0 -1 -1 -1 -1  1 -2  1  0  1  1 -1   22   2   0   2   5   4   1  17   3   2   5   2   2   9   0   9   6   2   4   4  0.15 0.15
   81 I    0  0 -1 -2  0  0 -1 -2 -2  2 -1  3  0  0 -3 -1  0  3  1  0    6   3   2   0   2   3   3   3   0  15   5  28   3   3   0   4   7   5   6   3  0.16 0.19
   82 T    2 -2  0 -2  1 -1 -2  0 -2  0 -2 -1  0 -2  0  2  1 -3  0  0   19   0   4   0   4   0   0   6   0   6   1   0   4   0   4  25  11   0   5   5  0.15 0.17
   83 G    0  1  1  1  3 -1 -1  0 -2 -2  0 -1  2 -2 -2  1  1  4 -2 -2    9   9   9   9   8   0   1   9   0   0   9   0   9   0   0   9   9   8   0   1  0.16 0.14
   84 S    0  0  0 -2  3  1  0 -1 -2  0 -1  0  0 -3 -1  2  0 -3 -2  1    6   5   3   0   7   7   5   3   0   7   5   6   3   0   2  18   5   0   0  17  0.11 0.14
   85 S    2 -1 -1 -1 -2  0 -2  2 -2 -1 -1 -2 -2 -3  0  2  1 -3  0  0   23   3   0   3   0   4   0  19   0   3   4   0   0   0   3  18   7   0   3   7  0.21 0.18
   86 M    1 -3  0 -2  2 -2  0 -1 -3  3  1 -2  1 -2 -3  0  0 -3 -2  1   16   0   4   0   4   0   8   5   0  27   9   0   5   0   0   5   5   0   0   9  0.18 0.18
   87 I    0  0  1  0  2 -1  0  0 -2  0  0 -1  1  1 -2  0  0 -3 -2  0    7   7   7   7   7   0   7   7   0   7   7   0   7   7   0   7   7   0   0   7  0.04 0.09
   88 G    2 -2  0 -3 -1 -1 -3  5  2 -3 -3 -1 -2 -5 -4  1 -1 -5 -3 -3   18   2   4   1   1   2   1  43   4   1   3   3   1   0   0  10   3   0   1   2  0.67 0.42
   89 A    2 -1 -1 -2 -1 -1 -3  1 -3  1  1 -3  4 -3 -3  0  0 -4 -3  2   18   3   3   2   1   2   0  10   0   6  13   0  15   0   0   8   4   0   0  14  0.26 0.26
   90 G    1 -3 -3 -2  1 -3 -3  5 -4 -2 -1 -3  0 -2 -3  1  0 -4 -1 -2   13   1   0   2   3   0   1  43   0   3   6   0   2   2   1  12   5   0   2   3  0.60 0.39
   91 V   -1 -4 -1 -2  1 -1 -3 -3 -2  3 -1 -1 -1 -1 -3 -1  2 -4 -3  4    5   0   3   2   3   2   0   1   1  18   4   4   1   2   1   4  13   0   0  34  0.43 0.33
   92 R   -2  1 -1 -1 -4  0  1 -2 -1  1  0  2  4  1 -3 -1 -1 -1  0 -1    2   8   2   3   0   4  12   2   1   9  10  13  12   7   0   5   3   1   4   3  0.16 0.19
   93 A    1  4  1  0 -1  1 -1 -2  4 -4 -3  1 -2 -3 -2  1 -1 -1 -2 -2   13  22   6   6   1   6   3   2  10   0   2   9   1   1   1  10   4   1   1   2  0.34 0.28
   94 P   -2 -1 -5 -3 -6 -2 -5 -4 -1 -3 -4 -3 -6 -6  8 -1 -3 -7 -6 -2    4   3   0   1   0   2   0   2   1   1   2   2   0   0  71   4   2   0   0   3  1.96 0.90
   95 R   -2  4  0  3 -5  2  3 -2  0 -5 -3  0 -4 -5 -4  0 -1  0 -2 -4    3  21   5  19   0   7  22   3   2   0   2   4   0   0   0   7   2   1   2   0  0.55 0.39
   96 I   -2  1 -2 -1  2 -1 -3 -3 -1  3  2  1  1 -1 -2 -2 -1  2 -1  0    2   9   2   5   4   2   0   2   2  20  20  11   3   2   2   2   2   3   1   5  0.19 0.21
   97 T   -1  0 -1 -3  0 -1 -3 -2  1  2  0 -1  2  3 -3  0  0  2  2  1    4   5   2   0   2   2   0   3   4  13   7   3   6  16   0   7   6   3   7   8  0.16 0.18
   98 T   -1 -2  0  0 -2  0 -2  2 -2  1  0  0  2  0  0  0  0  2  0  0    4   0   3   5   0   4   1  18   0   8   5   5  10   3   4   7   6   4   4   9  0.09 0.14
   99 K    0  1  1  1  2  1  0  0  2 -2 -1  0 -2 -2  1  0  0 -3  1 -2    7   7   7   7   6   7   7   7   6   0   7   7   0   0   7   7   7   0   6   0  0.11 0.12
  100 N    0 -3  4 -1  2 -1 -2  0  0 -1  0 -1 -1 -2 -2  2  0 -4 -2 -1    8   0  21   2   6   2   0   7   2   3   9   3   2   2   2  21   3   0   1   4  0.24 0.26
  101 L   -1  0  0 -1  1 -2 -3 -4 -3  2  2 -3  2  1 -3  0  1 -3  0  1    3   5   5   3   3   0   0   0   0  14  25   0   7   5   0   6  10   0   4   8  0.21 0.21
  102 I   -1 -1 -3 -1  1 -3 -3 -2 -3  3  1 -1  3  0 -1 -1 -1 -3  1  2    4   3   0   4   3   0   0   4   0  21   9   3   8   4   3   4   4   0   6  17  0.20 0.21
  103 S    0  0  0  0  2  0 -2  0  2  0  0 -2  1  1  1  0  0 -2  1  0    6   6   6   6   6   6   0   6   6   6   6   0   6   6   6   6   6   0   6   6  0.04 0.11
  104 I    0  0 -2  0  2  0  0  0 -2  0  0 -1  1  1  1  0  0 -2  1  0    6   6   0   6   6   6   6   6   0   6   6   0   6   6   6   6   6   0   6   6  0.04 0.10
  105 I    0 -2  1 -2  2 -1  0  0  2  0  0  0  1  1 -2  0 -1 -2  1  0    7   0   7   0   7   0   7   7   7   7   7   7   7   7   0   7   0   0   7   7  0.06 0.12
  106 F   -1 -3  1 -3 -3 -2 -3 -1 -2  0  1 -1  5  3 -1 -1 -1  2  2 -1    4   0   8   0   0   0   0   6   0   5  13   3  21  15   4   4   2   3   6   3  0.23 0.25
  107 C    2 -2 -2 -1  5 -2 -2 -1 -3  0 -1  0  1 -1  2  1 -1 -3 -2  0   18   0   0   4  14   0   0   4   0   4   4   6   5   3  10  14   0   0   0   8  0.21 0.22
  108 E    0  0 -1  0  2  1  0  0  2 -1  0 -1  1 -2  1  0  0 -3 -2  0    7   7   0   7   7   7   7   7   7   0   7   0   7   0   7   7   7   0   0   7  0.09 0.13
  109 V    2 -1 -2 -3 -2 -2 -2 -1  0  2  0 -2  1  0 -2  0  1 -3 -2  2   25   3   0   0   0   0   0   3   3  15   5   0   3   4   0   5  12   0   0  18  0.18 0.19
  110 V   -1  0  1 -2  2  0 -2 -1  1  1  1 -2  0  0  0 -1  0 -3 -2  1    5   5  11   0   6   5   0   5   4  13  19   0   0   4   4   1   4   0   0  10  0.07 0.11
  111 A    1 -2 -2 -2  3 -1  0  1 -2 -1  0 -1 -1  1  2  1  1 -2 -1  0   10   0   0   0   9   0  10  10   0   0  10   1   0   9  10  10  10   0   0  10  0.11 0.09
  112 I   -1 -2 -2  0  2 -2 -2 -3 -3  2  1 -1  1  0  2  0  1 -3 -2  1    1   0   0   5   5   0   0   1   0  22  12   5   6   5  10  10   9   0   0   9  0.15 0.14
  113 Y    0 -2 -1  0  2 -1 -1  0  2  0  0  0 -1  1 -2  0  0 -2  1  0    7   0   0   7   7   0   0   7   7   7   7   7   0   7   0   7   7   0   7   7  0.01 0.11
  114 G    0  0 -2  0  4 -2  0  4 -3 -1 -3 -2 -2 -3 -3  0  1 -3 -3 -1    7   5   0   5  11   0   6  36   0   5   1   0   0   0   0   7   9   0   0   5  0.38 0.22
  115 L    0 -2 -1 -3 -2 -1 -3 -1 -2  2  3 -2  1  2 -3 -2 -1 -2  1  1    7   2   4   0   0   2   1   6   0  10  39   1   3   9   0   1   3   0   4   8  0.22 0.17
  116 I   -1  0 -3 -2  2 -3 -3 -2 -3  4  1 -2 -1 -2 -3 -1 -1 -3 -2  4    3   7   0   3   4   0   1   3   0  31   8   1   0   0   0   5   1   0   0  32  0.39 0.25
  117 I    0  0  1 -2  2 -2 -2  0  2  0  0 -2  1  1 -3  0  0 -2  1  0    7   7   7   0   7   0   0   7   7   7   7   0   7   7   0   7   7   0   7   7  0.07 0.12
  118 A    4 -3 -1 -2  2 -3 -3  1  0 -3 -2 -3  0  0 -2  3 -1  3 -3 -1   33   0   2   2   4   0   0  11   3   0   4   0   3   4   2  22   2   4   0   3  0.42 0.34
  119 I   -2 -4 -2 -2  0 -2 -4 -4 -1  4  1 -4  1  3 -1 -2 -1  1  0  3    2   0   2   2   2   2   0   1   2  26   9   0   4  12   4   2   3   2   2  22  0.43 0.29
  120 V   -1 -3 -4 -4  1 -1 -3 -2 -4  3  2 -2  2  0 -4 -2 -1 -3  0  3    3   0   0   0   3   3   0   3   0  21  23   3   5   4   0   3   3   0   3  22  0.39 0.27
  121 F   -1 -1 -1 -1  1 -1 -3 -2 -3  4  2 -3  2  2 -4 -1 -1 -3  0  1    4   3   3   4   3   4   0   4   0  25  18   0   6   8   0   4   4   0   4   7  0.27 0.24
  122 S    0 -1  0 -3  1  1 -1 -1  2  0  0 -1  2  1 -3  2  0  2  1  0    8   3   4   0   3   8   3   3   6   6   7   3   6   6   0  18   4   3   4   5  0.11 0.17
  123 S    0  0  0  0 -3  1  0  0  1  0 -1  0  1  0  1  0  0 -2  1  0    6   6   5   6   0   5   6   6   5   6   6   6   5   5   6   6   6   0   5   6  0.03 0.06
  124 K   -1  0  1  0  1  1  0  0 -1 -1 -2  3  0 -2 -2  1 -1 -4 -1 -1    4   5   8   6   3   6   4   9   2   3   2  23   3   2   2   9   3   0   2   4  0.19 0.21
  125 L    0 -1 -1 -1  1 -1 -1 -2  0  2  2 -1  3  0 -3 -1  0 -3  0  1    7   3   3   3   3   3   3   3   3  15  18   3   8   3   0   4   4   0   3   9  0.12 0.14
  126 T   -1  0  0  0 -3  0  0 -1  2  0 -1  0  1  0  0  0  0  3  1  0    5   5   5   5   0   5   5   5   5   5   5   5   5   5   5   5   5   5   5   5  0.06 0.08
  127 V   -1 -1  0 -1  1  1  0 -2  1 -1 -2  0  1  0  3  0  0  2  1 -1    6   4   5   4   3   7   5   4   3   4   5   5   3   4  15   6   5   3   5   5  0.14 0.14
  128 A    0 -1 -1 -1  1 -1 -2  0  0  0 -1 -1  0  2  2 -1  0  1  1  2    7   3   4   3   3   2   3   7   2   4   7   5   2   8   9   5   6   2   4  13  0.08 0.08
  129 T   -1 -2  0  1 -1 -1  0  0 -1 -1 -1  0  0 -1  2  1  2  0 -2 -1    6   2   5   7   2   2   7   7   2   3   5   7   3   3  11  10  11   1   2   4  0.12 0.13
  130 A    1 -2  0  1 -1 -1  1  2 -1  0 -2 -2 -1 -2  1  1  0  0 -2 -2   12   3   5   9   2   3   8  13   2   5   4   3   1   2   8  10   5   1   2   3  0.13 0.12
  131 E    0 -1  1  2  2  1  0  0  1 -1 -2  0  0  0  0  0  0  2  0 -1    6   3   6  10   4   5   7   6   3   4   4   5   3   3   5   8   6   3   3   4  0.08 0.08
  132 N   -1 -1  2  1  2  1  1  0  1 -1 -2  0  1 -1  1  0  1 -5  0 -1    5   4   8   7   4   5   8   7   3   4   4   6   3   3   8   7   7   0   3   4  0.09 0.09
  133 M   -1  0  0  0  2  0  0 -1  2  0 -1  0  2  1  0 -1  0  4  1 -1    5   5   5   5   5   5   5   5   5   5   5   5   5   5   5   5   5   5   5   5  0.09 0.08
  134 Y   -1 -1  0  0  1 -1 -1 -2  2  0 -1  0  1  1  0 -1 -1  3  4  0    5   3   4   6   3   3   4   3   4   6   6   5   4   6   5   5   4   4  13   7  0.16 0.13
  135 S   -1  0  0  0  2  0 -1 -1  2  0 -1  0  2  0  0 -1  0  3  1 -1    5   5   5   5   5   5   5   5   5   5   5   5   5   5   5   5   5   5   5   5  0.03 0.09
  136 K    1  0  1  0 -4  0  0  0  0 -1 -2  1  0 -1  1  0  0  0  0 -2   11   6   8   6   0   5   5   7   3   4   4  10   2   2   8   8   5   1   3   2  0.10 0.11
  137 S   -2 -1  1 -2  0  1 -1 -3  0 -1 -2 -1  3  0 -2  0 -2  1  6 -2    4   3   5   3   2   7   5   3   2   3   4   4   7   4   3   8   3   2  24   4  0.50 0.36
  138 N    0 -1  3 -1 -6 -1 -2 -2  1 -2 -2 -2  0  0  0  3  2  2  0 -2    7   3  14   3   0   3   3   3   3   3   5   3   3   4   6  18  11   3   3   3  0.28 0.26
  139 L   -1  0  0  0  2  0  0 -1  2  0 -1  0  2  1  0 -1  0  4  1 -1    5   5   5   5   5   5   5   5   5   5   5   5   5   5   5   5   5   5   5   5  0.09 0.08
  140 Y   -1  0  0  0  2  0  0 -1  2  0 -1  0  2  1  0 -1  0  4  1 -1    5   5   5   5   5   5   5   5   5   5   5   5   5   5   5   5   5   5   5   5  0.09 0.08
  141 T    1  0  0  0  0  2  0 -1  0 -1 -2  0  0 -1  0  1  1 -3 -1 -1   13   6   3   4   2  11   5   5   2   4   3   6   2   2   4   9  13   0   2   2  0.08 0.12
  142 G    0 -1  0  0  1  0 -2  4  1 -3 -2 -2  1 -3  0  1  0 -4 -3 -3    8   4   5   4   4   4   0  39   4   0   4   0   4   0   4   9   4   0   0   0  0.39 0.25
  143 Y   -1 -3  1 -3  1  0 -3 -3  1  0  0 -3  1  4 -3 -1  0  3  4 -1    4   0   7   0   4   4   0   0   4   4   8   0   4  22   0   4   7   5  18   4  0.37 0.26
  144 S    2 -1 -1 -3  0  0 -2 -1 -1  0  0 -1  2 -1 -2  0  0  2  2  1   21   2   2   0   2   4   2   4   1   6   9   3   6   1   0   7   7   3   9  10  0.11 0.15
  145 L   -1 -1 -1 -2 -1  1 -1 -2  4  1  1 -2  2 -1 -2 -1  0  1  1  0    5   3   2   1   1   8   2   3  14  10  17   0   8   1   2   2   6   2   6   4  0.16 0.17
  146 F   -1 -3 -4 -4  0 -1 -3 -2 -3  0  3 -2  1  6 -4 -3 -1 -2  1 -1    5   0   0   0   2   3   0   2   0   3  30   2   3  38   0   1   5   0   2   3  0.54 0.31
  147 W    1 -2 -1 -2  1 -2 -1  3 -2 -1 -1 -2  0  0 -3  1  0  5 -2 -1   17   2   3   0   3   0   5  26   0   3   5   0   3   5   0   9   6   8   0   2  0.27 0.19
  148 A    4 -2  0 -2  1 -2 -2  1  1  0 -2 -2 -2 -1 -2  2  1  1 -2 -1   41   0   5   0   3   0   0   9   4   5   2   0   0   3   0  14   7   3   0   3  0.31 0.25
  149 G    0 -2 -2 -3  4 -1 -1  5 -3 -1 -3 -3 -3  0 -3  0 -1 -3 -3 -2    5   2   0   0  10   2   4  55   0   4   1   0   0   4   0   5   3   0   0   2  0.72 0.34
  150 I   -1 -2 -3 -4  0 -2 -3 -1 -3  2  4 -3  2  0 -1 -2 -1 -3 -2  1    2   2   0   0   2   2   0   5   0   9  53   0   5   2   3   2   3   0   0   8  0.41 0.26
  151 T    1  0  0 -1  2 -2 -2 -1 -2  0  0 -1  1 -1  2  1  2 -3 -2  0   14   7   4   4   5   0   0   4   0   7   6   0   4   4  10   8  14   0   0   8  0.11 0.13
  152 V    0  0  1 -2  3  1 -2  0 -2  0  0 -1  2  1 -2  0  0 -2 -1  0    8   8   7   0   7   7   0   8   0   8   8   0   7   7   0   8   8   0   0   8  0.06 0.11
  153 G    1 -1 -3 -2 -4 -3 -2  6 -4 -1 -4 -3  0 -4 -4 -1 -2 -4 -4 -3   10   5   0   2   0   0   2  65   0   4   1   1   3   0   0   3   2   0   0   2  1.06 0.46
  154 A   -1 -3 -3 -4  0 -3 -3 -3 -3  2  3 -3  2  3 -2  0  0  0 -1  0    4   0   0   0   2   0   0   2   0  12  37   0   5  15   1   8   5   1   0   6  0.38 0.25
  155 S    2 -1 -2 -3  6  0 -3  0 -3 -1 -3 -2 -2 -4 -1  2  2 -4 -3  0   21   4   0   0  18   4   0   5   0   4   1   0   0   0   2  19  12   0   0   8  0.45 0.31
  156 N   -1  0  4 -1  2 -2 -2  4 -2 -3 -3 -2 -3 -2 -3  0  0  0 -2 -2    3   7  22   2   4   1   1  37   0   1   2   1   0   2   0   5   6   2   1   3  0.52 0.31
  157 L   -1 -4 -5 -5  2 -4 -1 -5 -4  0  3 -4  3  1 -1 -4 -1  7  2  0    4   0   0   0   4   0   5   0   0   5  33   0   7   5   4   0   4  15   6   5  0.71 0.40
  158 I    2 -1 -3 -1  1 -1 -1  0 -3  0 -1 -1  2  1 -1  0 -1  2  1  1   21   4   0   3   3   3   3   5   0   4   4   4   7   8   3   7   3   3   5   9  0.10 0.14
  159 C    3 -3 -3 -3  6 -3 -3 -1 -4 -3 -2 -3 -3  0 -1  3 -1  2 -3 -1   25   0   0   0  21   0   0   3   0   0   3   0   0   4   3  26   3   3   0   3  0.61 0.41
  160 G    0  1  1  1  3 -1  1  1 -1 -1 -2 -1 -2  1 -2  0 -1 -2 -1  0    9   9   9   9   8   0   9   9   0   0   1   0   0   9   0   9   0   0   0   9  0.05 0.10
  161 I    0  0 -2 -2  2 -2  0 -1  2  0 -1  0  1  1  0  0  0  3  1  0    6   6   0   0   5   0   6   6   5   6   6   6   5   5   6   6   6   5   5   6  0.04 0.14
  162 A    3 -1  0 -3  4 -1 -3 -1  1 -1 -1 -3  0  0  0  0  0  3  2 -1   27   3   4   0   8   3   0   3   4   3   5   0   3   3   4   6   6   4   7   3  0.21 0.29
  163 V   -1 -1 -4 -4 -4  5 -3 -2 -4  4 -1 -3  1 -3 -4 -1  0  2 -3  3    3   4   0   0   0  27   0   4   0  23   4   0   3   0   0   3   5   3   0  18  0.58 0.44
  164 G   -1 -1 -3 -2  0 -1 -2  6 -4 -5 -5 -4 -5 -5 -5  1 -2 -5 -5 -2    4   3   0   3   2   3   3  65   0   0   0   0   0   0   0   9   3   0   0   3  1.22 0.56
  165 I    0  0 -1 -1  1  0  0 -2  1  3  0  0  1  0 -3 -1 -1 -3  0  1    7   6   3   3   3   3   7   3   5  24   5   7   4   3   0   3   3   0   3   8  0.11 0.14
  166 T    0 -4  0 -4  4 -3 -1 -4  2  2 -1 -4  1 -3 -4 -1  1  3 -3  4    7   0   5   0   8   0   5   0   5   9   5   0   4   0   0   6   7   4   0  34  0.49 0.33
  167 G    0  1  1 -1  3  1  0  0 -2 -1 -1 -1 -1 -2 -2  0  1  4 -2  0    8   8   8   0   8   8   8   8   0   0   8   0   0   0   0   8   8   8   0   8  0.13 0.13
  168 A    0  0  1  0  2  1  0  0  2 -2 -1  0  1  0 -2  0  0 -3 -1  0    6   6   6   6   6   6   6   6   6   0   6   6   6   6   0   6   6   0   0   6  0.05 0.10
  169 T    2 -1 -1 -3  1 -1 -1  0  1 -1 -1 -1  0 -1  0  1  0  2  0 -1   22   3   3   0   3   3   4   8   4   4   7   3   3   3   4  10   5   4   4   5  0.12 0.16
  170 A    2 -1 -1 -2  3 -3 -3  4  1 -1 -2 -3  0 -2 -1  0 -1 -4 -4  0   19   4   2   2   7   0   0  31   4   4   3   0   2   2   2   7   2   0   0   6  0.37 0.33
  171 A    2 -4 -2 -1  4 -3 -3 -2  0  1 -1 -2  1 -1 -2  0  0 -4 -3  3   21   0   2   3   8   0   0   3   3   8   5   2   4   2   2   6   4   0   0  27  0.35 0.31
  172 I   -2  4 -2 -4 -1  2 -1 -2  0  0  1  0  1 -1 -1 -1 -2  0 -1  0    2  29   2   0   1   9   3   2   2   6  15   3   3   2   4   3   2   1   2   6  0.32 0.30
  173 S    0  0  0  0  2  0  0 -1  1  0 -1  0  1  0  0  0  0 -2  1  0    5   5   5   5   5   5   5   5   5   5   5   5   5   5   5   5   5   0   5   5  0.03 0.05
  174 D    0 -1  0  2  1 -2 -1 -2  1  0  0 -1  1  2 -3  0  1 -3  1  0    6   3   4  15   4   0   3   3   3   6   8   3   3  10   0   6  11   0   5   6  0.12 0.16
  175 A    4 -4 -1 -2  3 -1 -2  0  1 -2 -1 -3  3 -1 -1  0 -1 -4 -4 -1   39   0   2   2   6   2   3   8   3   2   4   0   9   3   3   6   4   0   0   3  0.42 0.38
  176 A    0  1 -1 -2 -5  4  0  0  3 -2 -2  2 -1 -2  0 -1 -1 -4  0 -2    7   6   2   2   0  25   4   8   7   2   5  12   2   2   4   3   4   0   3   2  0.33 0.31
  177 D   -1  0  2  2 -1  6  1 -3  0 -3 -3  0 -4 -5 -4 -1  0 -5 -1 -5    4   4   8  13   1  40   8   2   2   1   2   4   0   0   0   3   5   0   2   0  0.79 0.56
  178 S    0 -2  1 -1 -5 -1 -1 -1  0 -5 -3 -1 -5 -6  6  3 -1 -6 -5 -5    6   2   6   4   0   2   4   4   2   0   2   3   0   0  40  19   4   0   0   0  0.89 0.54
  179 A   -1  4  0  1 -5  1  2 -3 -3 -3 -3  3 -2 -5 -2  1  0 -5 -4 -3    5  28   3   6   0   4  12   2   0   1   1  20   1   0   1   9   4   0   0   1  0.54 0.39
  180 L   -2 -4 -3 -3 -4 -2 -2 -4  0  1  5 -3  2  0 -5 -2 -2 -4 -3  1    3   0   2   2   0   2   2   1   3   8  56   1   5   3   0   2   2   0   0   9  0.71 0.45
  181 F   -3 -3 -1 -6 -2 -3 -4 -5 -4 -2 -1 -3  0  8 -6 -3 -3 -3  3  0    2   1   3   0   1   1   1   1   0   1   5   1   2  62   0   2   2   0   8   5  1.47 0.72
  182 V   -1 -5 -3 -5  1 -4 -3  0 -5  1 -2 -4  2  0 -2 -1  1 -5 -2  5    4   0   1   0   3   0   1   7   0   6   1   0   5   3   2   5   8   0   1  52  0.72 0.49
  183 K   -1  0  0 -2 -2 -2 -3  4 -4 -4 -3  5 -2 -5 -2  0 -2 -5 -3 -3    5   5   4   2   1   1   0  31   0   1   3  34   1   0   2   7   2   0   1   1  0.64 0.44
  184 I    0 -4 -2 -5 -2 -3 -5  1 -5  3  0 -2  7 -1 -4 -3 -1  0 -2  0    8   0   2   0   1   1   0  10   0  18   8   2  36   2   1   1   3   1   1   5  0.80 0.53
  185 L   -2 -3 -5 -5  0 -4 -3 -4 -5  4  3 -4  3 -1 -5 -4 -2 -5 -3  4    2   2   0   0   2   0   2   1   0  28  25   0   7   2   0   0   1   0   0  26  0.76 0.44
  186 V   -3 -4 -5 -5 -4 -4 -5 -5 -5  4  4 -4  1  0 -5 -2  0 -1 -3  2    1   1   0   0   0   0   0   0   0  29  38   0   2   4   0   2   6   1   0  15  0.79 0.43
  187 I   -3 -4 -1 -5 -2 -4 -5 -4 -4  5  1 -4  4  1 -4 -2 -1 -4  3  2    1   0   3   0   1   0   0   1   0  38  12   0  10   5   1   3   3   0   9  12  0.67 0.41
  188 E    1 -1 -4 -3 -4  0  3 -3 -3 -1  3 -1  0 -2 -2 -1 -2  0 -3 -1   12   2   0   0   0   5  21   1   0   3  39   3   2   1   2   4   2   2   0   2  0.40 0.35
  189 I    1 -5 -3 -5  2 -5 -5 -4 -5  6  0 -5 -2 -1 -5 -3 -2 -5 -4  2   12   0   1   0   4   0   0   1   0  55   6   0   0   2   0   1   2   0   0  14  0.99 0.52
  190 F   -5 -5 -6 -6 -2 -5 -6 -6 -5 -1  0 -6  5  8 -6 -3 -4  2  0 -3    0   0   0   0   1   0   0   0   0   3   9   0  14  64   0   2   1   2   2   0  1.76 0.73
  191 G    3 -4 -3 -3  1 -3 -2  3 -4 -1 -2 -3 -2 -4  0  1 -1 -4 -1  2   32   0   0   0   3   0   2  20   0   2   2   0   1   0   4  11   2   0   2  17  0.46 0.34
  192 S   -1 -3 -3 -2 -5  0  6 -1 -3 -5 -5 -1 -5 -6 -4  3 -1 -5 -5 -5    4   0   0   1   0   3  59   4   0   0   0   2   0   0   0  22   3   0   0   0  1.19 0.61
  193 I    3 -4 -2 -4 -2 -3 -4 -2 -4  1 -1 -3  1  0 -4 -1  2 -4 -3  4   26   0   2   0   0   0   0   2   0   6   4   1   3   3   0   3  15   0   0  34  0.52 0.36
  194 L   -4 -3 -5 -6 -4 -3 -5 -6 -4  3  5 -5  0  0 -4 -4 -3 -1  4  1    0   1   0   0   0   1   0   0   0  15  52   0   2   2   1   1   1   1  17   6  0.90 0.46
  195 G    4 -3 -3 -1 -2 -4 -4  6 -4 -5 -5 -4 -5 -5 -3 -1 -3 -5 -5 -3   35   1   0   3   1   0   0  55   0   0   0   0   0   0   1   3   1   0   0   1  1.25 0.56
  196 L   -4 -4 -5 -5 -4 -4 -5 -5 -5  4  5 -4  1 -2 -3 -4 -3 -4 -3  1    0   0   0   0   0   0   0   0   0  21  65   1   2   1   1   0   1   0   0   6  1.08 0.47
  197 L   -4 -5 -3 -6 -1 -3 -5 -6 -1  0  2 -5  0  5 -6 -2 -4 -2  7 -2    0   0   1   0   1   1   0   0   1   5  21   0   2  23   0   3   0   0  40   1  1.19 0.53
  198 G    0 -4 -3 -1 -5 -4 -4  7 -5 -5 -6 -2 -6 -6 -4 -1 -4 -6 -6 -6    7   1   0   3   0   0   1  80   0   0   0   3   0   0   1   5   0   0   0   0  1.68 0.64
  199 L   -4 -5 -6 -6 -4 -4 -5 -5 -5  0  5 -5  2  4 -5 -5 -3 -4 -2  1    0   0   0   0   0   0   0   0   0   3  66   0   5  16   0   0   1   0   0   7  1.11 0.49
  200 I   -2 -6 -6 -6 -4 -5 -6 -3 -6  7  1 -5  1 -2 -5 -4 -2 -5 -4  3    2   0   0   0   0   0   0   2   0  66  10   0   3   0   0   0   1   0   0  14  1.30 0.53
  201 V   -1 -5 -5 -5 -1 -5 -4 -5 -5  4  0 -5  1 -2 -5 -3 -1 -5 -4  6    5   0   0   0   1   0   0   0   0  21   5   0   4   1   0   1   4   0   0  59  1.02 0.46
  202 G    4 -4 -3 -2 -1 -3 -3  4 -2 -5 -4 -3 -4 -5 -4  3 -2 -2 -5 -4   35   0   0   1   1   0   0  35   1   0   1   0   0   0   0  25   1   0   0   0  0.90 0.45
  203 L   -3 -5 -4 -6 -2 -4 -5 -6 -5  4  4 -5  1  3 -5 -5 -2 -4 -2  0    0   0   1   0   0   0   0   0   0  31  48   0   2  12   0   0   1   0   1   4  0.94 0.41
  204 L   -3 -3 -5 -5 -3 -4 -5 -6 -4  5  4 -4  2  2 -5 -3 -3 -3  0  1    1   1   0   0   0   0   0   0   0  35  36   0   4   9   0   1   0   0   4   8  0.77 0.35
  205 M   -3 -4 -5 -5 -2  0 -4 -5 -3  2  4 -4  6 -1 -4 -3 -2 -4 -3  1    1   0   0   0   1   4   0   0   0   8  46   0  28   2   1   1   1   0   0   7  0.91 0.43
  206 A    0 -2  3 -2 -1 -1 -2 -2 -1  1 -1 -1  0 -2 -1  2  1 -1  0  1    8   1  18   0   1   2   0   2   1  10   5   3   3   1   2  22  10   1   3   9  0.19 0.19
  207 G    0 -2  1 -2 -3  1 -1  2 -2 -1 -2 -2 -1 -3 -2  3  4 -4 -3 -2    4   1   7   1   0   7   3  16   0   4   2   0   1   1   1  24  27   0   0   1  0.40 0.29
  208 K   -2  4  1 -3 -5  2 -2 -2 -1 -5 -4  6 -3 -3 -3  0 -1 -5 -4 -4    2  20   7   0   0   8   0   2   1   0   0  48   0   1   0   5   2   0   0   0  0.87 0.41
  209 A    4 -3 -2 -3 -2 -3 -3  0 -4  1 -2 -2 -3 -3 -2  2  0 -1 -4  1   48   0   1   0   0   0   0   5   0  10   1   2   0   0   1  16   5   1   0   9  0.54 0.32
  210 S    1 -1  1  0 -3  1 -1  1 -2 -2 -3  2 -2 -3  2  2  1 -4 -3 -2   10   1   6   4   0   7   2   9   0   2   1  16   0   0  10  18  10   0   0   2  0.26 0.17
  211 E   -2 -1  2  3 -4  2  3 -2 -2 -2 -2  0 -1 -3  0  1 -1 -4 -2 -2    1   2  12  22   0  10  20   0   0   2   2   4   2   1   5  11   1   0   1   4  0.37 0.19
  212 F   -2 -4 -4 -5  2 -4 -2 -5 -3  0  1 -4  3  7 -5 -3 -3  0  2 -1    1   0   0   0   6   0   2   0   0   5  10   0  10  55   0   0   0   1   6   3  0.90 0.28
  213 Q   -1  1  3  1 -4  3  2 -2 -1 -4 -4  3 -2 -4  0  1 -1 -4 -3 -3    0   3  15   7   0  17  12   0   0   0   0  26   0   0   4  16   0   0   0   0  0.45 0.14

                      K         Lambda
Standard Ungapped    0.1415     0.3261
Standard Gapped      0.0391     0.2670
PSI Ungapped         0.1277     0.3175
PSI Gapped           0.0391     0.2670
