
Last position-specific scoring matrix computed, weighted observed percentages rounded down, information per position, and relative weight of gapless real matches to pseudocounts
            A   R   N   D   C   Q   E   G   H   I   L   K   M   F   P   S   T   W   Y   V   A   R   N   D   C   Q   E   G   H   I   L   K   M   F   P   S   T   W   Y   V
    1 M    -4  -5  -6  -7  -4  -4  -6  -6  -5   2   1  -5   9  -3  -6  -5  -4  -5  -4   3    0   0   0   0   0   0   0   0   0   9  10   0  60   0   0   0   0   0   0  21  1.82 0.67
    2 S     1   4  -1  -4  -5  -2  -3  -2  -2  -5  -5   0  -4  -6  -3   5   2  -6  -5  -4   12  20   2   0   0   1   0   3   1   0   0   5   0   0   1  45  10   0   0   1  0.85 0.51
    3 V     2   1   1  -1   0  -1  -2  -2   0  -2  -2  -1   3  -4   1   2   2  -5  -2  -1   15   7   6   2   2   2   1   2   2   2   3   3   9   0   6  17  15   0   1   5  0.23 0.23
    4 A     3  -4   0  -3   4  -3  -4   3  -3  -2   0  -3  -3  -2  -1   0   0  -5  -3   0   27   0   6   1   8   1   0  22   0   1   9   1   0   2   3   6   6   0   1   6  0.43 0.31
    5 V    -2  -3  -6  -7   5  -4  -6  -5  -5   2   5  -6   0  -1  -6  -3  -3  -6  -5   2    4   2   0   0  10   1   0   1   0   8  52   0   2   2   0   2   1   0   0  16  1.02 0.51
    6 E    -2   2  -1  -4  -6   6   1  -6   0  -4  -1   3   2  -4  -1  -2   0  -6  -3  -3    2   9   2   0   0  36   8   0   2   1   8  14   4   1   4   2   5   0   1   1  0.78 0.50
    7 T    -1  -4  -3  -6  -1  -4  -5  -4  -5   4   3  -3   0   1  -4  -2   1  -5   1   3    4   1   2   0   1   0   0   1   0  22  23   1   2   5   1   3   9   0   4  20  0.57 0.34
    8 F     2  -6  -6  -6  -1  -5  -6  -4  -6   3   3  -5   0   1  -2  -2   0   0  -4   3   16   0   0   0   1   0   0   1   0  18  27   0   2   7   2   2   6   1   0  17  0.63 0.38
    9 G     4  -4  -4  -6  -1  -4  -6   5  -6  -3  -5  -4  -4  -5  -6   1  -2  -3  -4  -4   29   1   1   0   2   1   0  47   0   2   1   1   0   1   0  11   3   0   1   1  1.24 0.65
   10 F    -3  -6  -5  -7   2  -5  -6  -4  -6   2   3  -6   2   6  -7  -2   0   0   0   0    2   0   0   0   4   0   0   1   0  12  25   0   4  32   0   4   6   1   3   6  0.95 0.48
   11 F     0  -6  -6  -6   0  -6  -6  -2  -6   3   1  -6   2   4  -6  -1  -1  -1  -3   4    8   0   0   0   2   0   0   4   0  18  15   0   5  14   0   5   3   1   1  24  0.66 0.38
   12 M    -2  -6  -5  -5   5  -6  -7  -2  -7   0   4  -6   3   3  -3  -3  -1  -6  -5   2    4   0   0   1  12   0   0   3   0   4  39   0   6  11   1   2   4   0   0  11  0.87 0.48
   13 S     3  -5  -2  -4  -1  -3  -4   2  -1  -1   0  -4   0  -1  -5   2   1  -3  -3   1   23   0   2   0   1   1   1  16   2   3  10   0   2   3   0  17   8   0   1   9  0.40 0.32
   14 A     0  -6  -5  -6   0  -5  -6  -2  -1   3   3  -6   0   4  -2  -2   0   0   0   2    7   0   0   0   2   0   0   4   2  13  26   0   2  15   2   3   6   1   2  15  0.53 0.33
   15 L     1  -7  -7  -7   2  -6  -7  -4  -7   4   4  -6  -1   1  -7  -2  -3  -6  -5   2   10   0   0   0   5   0   0   2   0  23  33   0   1   6   0   4   2   0   0  15  0.89 0.47
   16 G     4  -7  -4  -7   0  -6  -6   5  -5  -4  -6  -6  -7  -4  -5   2   0  -8  -4  -1   30   0   1   0   2   0   0  41   0   1   1   0   0   1   0  13   5   0   1   5  1.17 0.65
   17 L    -1  -6  -3  -6   0  -5  -6  -6  -7   1   3  -6   1   4  -8  -3   2   8  -3   1    5   0   2   0   2   0   0   0   0   7  22   0   3  17   0   2  11  19   0   8  1.06 0.56
   18 L     0  -7  -7  -7   0  -7  -7   0  -7   5   2  -7  -1   0  -6  -1  -3  -7  -6   4    9   0   0   0   2   0   0   7   0  27  16   0   1   3   0   4   1   0   0  29  0.93 0.49
   19 M    -2  -7  -2  -6   4  -7  -7   1  -7   1   4  -7   4   3  -7  -3  -2  -6  -4  -2    3   0   2   0   7   0   0  13   0   7  40   0   9  10   0   3   2   0   0   3  0.88 0.49
   20 L     0  -5  -1  -2   1  -1  -4  -2   1   2   2  -4   3   0  -5   1   1  -2   0   1    8   0   3   2   3   3   0   4   4  10  18   0   9   4   0   9  10   1   3   9  0.27 0.22
   21 G    -2  -7  -7  -8   2  -7  -7  -1  -7   5   3  -7   0   3  -7  -3   0  -1  -4   2    4   0   0   0   4   0   0   5   0  28  23   0   2  13   0   2   6   1   0  12  0.88 0.46
   22 L     1  -7  -7  -5  -4  -7  -5  -5   1   4   0  -7   0   0  -6  -2   1  -2  -2   5   10   0   0   1   0   0   1   1   4  21   9   0   2   3   0   4   9   1   1  34  0.86 0.48
   23 T     5  -7  -7  -7   3  -7  -7   1  -8   0  -3  -7  -4  -8  -7   3   2  -9  -8  -2   38   0   0   0   6   0   0  10   0   5   3   0   1   0   0  22  11   0   0   3  1.06 0.64
   24 L    -2  -7  -3  -7   3  -5  -6  -6  -7   2   3  -7   2   4  -7  -4   4  -6  -2   1    3   0   2   0   5   1   0   0   0   9  22   0   5  16   0   1  25   0   1   8  0.89 0.50
   25 S     3  -5  -6  -5   3  -6  -6   1  -4   1   0  -5  -2  -1  -2   3  -1   1  -1   1   26   1   0   0   5   0   0   9   0   8   9   0   1   3   3  18   4   2   2  10  0.48 0.36
   26 N     1  -3  -3  -5  -3  -4  -5  -2  -1  -2   2  -6   0  -4  -5   2   6   0  -4  -4   11   1   1   1   0   1   0   3   2   2  17   0   2   1   0  14  40   2   1   1  0.93 0.60
   27 S     0   0   3   3  -8  -4  -5  -6  -4  -6  -7  -4  -4  -9   7  -1  -1  -9  -8  -2    8   5  11  14   0   1   1   1   0   0   1   1   0   0  45   4   5   0   0   4  1.31 0.75
   28 Y    -1  -4   2   0   0   2   0  -1   3  -5  -1  -4   0   2  -5   1  -2   0   5  -2    6   1  10   5   2   8   7   4   5   0   6   1   2   8   0  10   2   1  17   3  0.41 0.31
   29 W   -11  -5 -12 -12 -11 -10 -11 -11 -11 -11  -2 -11  -3  -3 -12 -11 -11  13  -7 -11    0   1   0   0   0   0   0   0   0   0   4   0   1   1   0   0   0  92   0   0  5.23 2.00
   30 R    -1   3  -5  -5  -1   1  -3  -3  -3  -2   2   2   2   1  -5  -1  -2  -3  -1   1    5  18   0   0   1   7   1   2   0   2  18  13   4   7   0   4   2   0   2  11  0.39 0.28
   31 V    -4   0  -1  -5  -4   0  -1  -6   0   2  -1  -2  -2  -4  -4  -3   2  -1   0   5    2   6   4   1   0   5   4   1   2   9   5   3   1   1   1   2  11   1   3  38  0.68 0.39
   32 S     1  -3   1  -3  -5  -1  -3  -2  -2  -1   0  -3  -4  -1  -3   3   3   5   1   0   11   1   8   2   0   2   1   3   1   3   8   1   0   3   2  20  14   8   4   6  0.41 0.30
   33 T     0  -1   1   3  -1  -1   0  -2   0  -2  -3  -1  -2  -2  -1   2   2  -1   2  -2    8   3   6  16   1   2   7   3   3   3   2   4   1   2   3  13  13   1   8   3  0.27 0.22
   34 V    -1  -2   0   0  -2   0  -1   1  -1   1   0  -2   1   2   0  -1   0  -1   1   1    5   2   4   5   1   4   3  10   2   7  11   2   4   9   5   5   4   1   5  12  0.07 0.07
   35 H    -1   0   1   2  -2   0   1   0   1   0  -2  -1  -2   0   0   1  -1  -1   1  -1    4   5   7  13   1   3   8   8   4   5   3   4   1   4   4  10   4   1   6   5  0.11 0.10
   36 G     0  -2   2   1  -4  -1   0   3   1  -3   0  -2  -2  -2  -2   2   0  -2  -3  -2    6   3  11   7   0   3   6  18   4   1   9   2   1   2   2  15   5   1   1   2  0.24 0.18
   37 N     0   0   4   2  -3   0  -1  -2   0  -3  -2  -1  -2  -2  -2   2   1  -2  -1  -3    7   5  20  10   1   4   4   3   2   2   4   4   1   2   3  14  10   1   2   2  0.34 0.24
   38 V    -1   0   0  -1  -1   1   0  -1   0   3  -2  -1  -1  -2  -1   1   0   4  -1   1    3   5   4   3   1   6   7   5   2  15   3   4   2   1   3  13   6   6   2   9  0.16 0.14
   39 I    -1  -1  -2  -1  -3  -2  -1  -2  -2   3   2  -3   3  -1   1  -2  -1   3  -2   1    4   3   2   3   0   2   4   4   1  15  22   2   8   3   6   3   4   3   1   9  0.26 0.17
   40 T    -1  -1  -1   0  -1  -1   1  -1   0  -1  -2   0   1  -1   2  -1   2  -4  -2   1    5   3   3   4   2   3  11   6   3   4   3   5   3   3  10   3  16   0   1  12  0.16 0.15
   41 T     2  -1   1   0  -1  -2  -1   1  -1  -2  -2  -1  -1   1  -1   1   2  -4   0  -1   17   3   8   5   1   2   3  10   2   2   4   3   1   6   3  12  13   0   3   3  0.17 0.15
   42 N    -1   1   1   0   0   2   1   0   0   0  -2   0  -1   0  -1   0  -1   3  -1   0    4   7   7   6   2  11   9   8   2   5   3   4   1   4   3   5   3   5   2   9  0.11 0.10
   43 T    -1   0   0  -1   1   0   0   1  -1   0   0   0  -1   0  -2   1   2   2  -1   0    3   4   5   4   3   3   5  11   1   6   9   5   1   4   2   9  13   3   2   9  0.06 0.07
   44 I     0  -1  -2  -1  -1  -1  -2  -2   1   1   0   0   1   1  -2  -1   0   3   2   2    9   3   2   4   1   3   2   3   4   9   9   5   4   8   1   3   6   4   7  14  0.09 0.09
   45 F    -3   1  -1   0   4  -1  -2  -3   5  -1  -2  -2   0   3  -3   0  -1   6   3  -2    2   9   2   5   7   3   2   2  12   3   3   2   2  11   2   7   4  11   9   3  0.50 0.26
   46 E     0   0  -1  -1  -1   1   2  -2  -1   1  -1   0   1   0  -2   1   1  -1  -1   0    7   3   1   3   1   8  16   2   1   9   6   5   4   4   1  12   8   1   2   6  0.08 0.10
   47 N    -3  -4   1   0  -5  -4  -1   7  -4  -5  -5  -4  -5  -5  -4  -1  -4  -5  -5  -5    1   0   6   5   0   0   4  76   0   0   1   0   0   0   0   4   0   0   0   0  1.54 0.53
   48 L    -3  -4  -5  -5  -4  -4  -3  -2  -4   1   5  -4   2   0  -2  -4  -3  -4  -1   0    1   0   0   0   0   0   2   4   0   5  68   0   5   3   2   0   0   0   2   5  0.92 0.40
   49 W    -5  -5  -6  -6  -5   0  -5  -3  -1  -2  -2  -6  -4   2  -6  -5  -3  12   1  -3    0   0   0   0   0   4   0   2   2   2   5   0   0   9   0   0   2  67   3   2  2.81 0.83
   50 Y    -1   2  -1   0  -4   1   1  -2   0  -1  -1   0   2   0   1  -1  -1   2   1   0    3  12   2   6   0   5  10   3   2   3   4   7   8   4   8   3   4   3   6   7  0.14 0.15
   51 S     1  -1   0  -1  -3   0  -1  -1   1  -1  -2   0   0   0  -3   3   0   2   1   0   10   3   3   3   0   5   3   3   3   4   3   6   3   4   0  26   3   3   4   7  0.14 0.17
   52 C     0   1  -2  -2   3   0   1  -2  -2   0   0   1  -1   1  -2  -1  -1  -2  -1   0   12  12   0   1  11   0  12   1   0   1  12  12   0  12   1   1   1   0   0  12  0.09 0.07
   53 A    -1   0  -2  -3   1   0  -2  -2   0   2  -2  -3   0   3  -4  -2   2   2   1   3    5   5   2   2   3   4   2   3   2  11   4   2   2  12   1   3  11   3   5  18  0.34 0.22
   54 T    -3   1   1   0   0   1   1  -2  -1  -1  -2  -1  -1   0  -4   1   2   3   2  -1    2   8   6   5   2   6   8   3   1   4   5   4   2   4   1  10  13   4   6   5  0.19 0.17
   55 D    -2   0   3   1  -7   4   1  -1   1  -2  -2  -3  -2  -3  -1   1  -2  -7   2  -1    3   5  12   9   0  16  10   5   3   3   4   2   1   2   3   9   2   0   6   4  0.35 0.30
   56 S     0  -1   0   1  -1  -2   1   0   1  -2  -2  -1   0   0   1   3   0   0   1  -2    7   4   5   8   1   1   8   8   4   3   4   4   2   3   6  18   5   1   4   3  0.15 0.16
   57 L     0   0   2   1   1  -1   1  -1  -2  -2  -2  -2   0  -1   1   1   3  -6   0  -2    6   5   8   7   3   3  10   5   1   3   4   3   2   3   7  10  15   0   3   3  0.16 0.17
   58 G    -2   0   0   0  -2  -1  -1   4  -2  -1  -3  -2  -1  -1   0   0   0  -6  -2   1    4   6   5   5   1   3   4  28   1   3   3   3   2   3   6   6   7   0   1   9  0.32 0.24
   59 V    -1   0   0  -1   2   1   0   0   0   1  -1   0   1   1   0   0   1   0   0   0    5   6   4   3   5   6   5   6   2   8   4   5   4   6   5   7   7   2   3   7  0.04 0.05
   60 S    -3   0  -2  -3   2   0  -1  -1   3   0  -2  -2   2   2   1  -1   2   3   2  -1    2   6   2   2   4   4   4   6   6   6   4   3   5   8   6   5  13   4   7   5  0.23 0.19
   61 N    -1   0   3   0   0   2   0   0   2  -2  -1  -1   1  -1  -1   0   0   1  -1  -1    6   5  15   5   2   8   5   7   4   3   6   4   4   2   3   7   5   2   2   5  0.15 0.14
   62 C    -2  -7  -1  -2   9  -1  -2  -2   2   0  -2  -2   1   0   0  -2  -2   2   0  -1    4   0   3   3  35   3   3   4   5   5   4   3   4   4   5   4   3   3   4   4  1.12 0.59
   63 W     0  -1  -1  -1   3   1  -1  -2   2   0  -2   0   0   1   0  -1  -1   6   2  -2    7   4   3   4   6   7   4   4   4   6   4   6   3   5   5   4   5   9   7   3  0.26 0.20
   64 D    -2   0   1   3  -2   1   0  -1   0  -2  -1  -1   0  -2   1   0  -1   4   2  -1    4   5   6  14   1   7   7   6   2   2   6   3   2   2   6   6   3   6   7   5  0.20 0.19
   65 F    -3  -3  -1  -3   1  -2  -3   0  -1   3  -1  -2   0   3   1  -2   0   0   5  -1    3   2   3   2   3   2   2   6   2  14   5   3   2  12   6   3   5   1  18   4  0.46 0.32
   66 P    -3  -1   0   5   3  -2   0  -2  -1  -3  -3  -3  -2   2   2   1  -2   0   0  -3    3   3   4  25   5   2   7   4   2   2   3   2   1   8   9   9   3   1   4   2  0.45 0.36
   67 S    -2  -2  -1   1   0  -1   0  -1   3  -2  -2  -2  -1   0   1   3   0  -6   3  -2    4   3   2   8   2   3   6   6   6   3   4   2   2   4   6  19   6   0   8   3  0.21 0.23
   68 M    -1  -1   0   0   2   0   1  -1   1   0  -1  -1   1   2   1   0   0   2   1   0    4   4   4   5   4   3   8   4   3   7   6   4   3   9   6   6   5   3   4   6  0.07 0.07
   69 L    -1   0   0   0   2   0   0  -1   2   0  -1   0   2   1   0  -1   0   4   1  -1    5   5   5   5   5   5   5   5   5   5   5   5   5   5   5   5   5   5   5   5  0.09 0.08
   70 A    -1   0   0   0   2   0   0  -1   2   0  -1   0   2   1   0  -1   0   4   1  -1    5   5   5   5   5   5   5   5   5   5   5   5   5   5   5   5   5   5   5   5  0.09 0.08
   71 L    -2  -1   1   1   2   0   0   0   1   0   2  -2   0   0  -1  -1   0   2   2  -1    4   3   6   7   4   4   6   7   3   4  18   2   3   4   4   5   5   2   6   3  0.09 0.09
   72 S    -1  -1   0  -1   2   0   0  -4   2  -1  -2  -2  -1  -1   4   1   0  -1   2  -2    5   3   4   4   4   5   6   2   4   4   5   3   2   3  20   8   5   1   7   3  0.28 0.29
   73 G     1  -1  -1   2  -1  -1   0   1   0   0  -2  -2  -1  -2   2   0   1   2  -1  -2    9   3   2  11   1   3   6   9   2   6   5   2   2   2  11   7   7   3   2   4  0.08 0.15
   74 Y    -1   0   0   0  -5   0   0  -2   2  -2  -2  -1   1   1  -1  -1  -1   6   3  -1    5   5   4   5   0   4   7   3   4   2   3   4   4   7   4   4   4  10  12   4  0.24 0.28
   75 V    -2  -1  -5   0  -6   0  -2  -2   1   2   1  -1   2   1   0  -1  -2   3   1   0    4   3   0   5   0   4   3   3   3  12  14   4   4   6   5   4   3   4   5   8  0.13 0.15
   76 Q    -1   0   0   0   2   0  -1  -1   2   0  -1   0   2   0   0  -1   0   3   1  -1    5   5   5   5   5   5   5   5   5   5   5   5   5   5   5   5   5   5   5   5  0.03 0.09
   77 G     2   0  -1  -1   1   0  -1   0   0   0  -1  -1   0  -1  -1   0   0   2   1   0   18   4   3   4   3   3   3   6   3   6   6   3   2   3   3   6   5   3   4   8  0.01 0.10
   78 C     0  -3  -1  -1   2   0   0  -1   0  -1  -1  -1   0   1   0   1   1   2   0   0    9   0   3   4   6   5   6   3   3   3   4   3   3   8   4  10   9   3   3   8  0.04 0.15
   79 R     0   3  -1  -1   0   3  -1  -1   2  -1  -2   0   0   0   1  -1  -1  -4   0  -2    6  20   3   3   3  12   4   4   4   4   4   3   3   4   7   5   3   0   3   3  0.17 0.25
   80 A     4  -3   0  -2  -3  -2  -2   1  -2   0  -2  -3  -2   1  -1   0   1  -1  -1   0   35   1   4   2   0   1   2   9   1   7   4   1   0   6   3   5   9   1   2   6  0.32 0.32
   81 L    -3  -4  -5  -4   0  -2  -4  -5  -1  -1   4  -4   3   5  -1  -2  -1   1   0  -2    2   0   0   1   2   2   1   1   2   3  35   1   8  24   4   3   5   2   3   2  0.70 0.46
   82 M     0  -3  -2  -3   2  -1  -1  -1  -3   0   1  -4   7   1  -1  -1  -1   0  -1  -1    9   1   2   2   5   2   3   4   1   5  14   1  26   6   4   5   3   1   2   4  0.44 0.36
   83 I    -2  -2  -4  -3   3  -3  -4  -2   0   5   1  -3   0   1  -3  -2   0  -4  -2   3    3   2   0   1   5   1   1   3   2  31  10   1   2   7   1   3   5   0   1  19  0.52 0.35
   84 T     1  -2  -3  -4  -1  -3  -3  -1  -1   3   2  -3   0   1  -4  -1   1  -2  -1   2   12   2   1   1   1   1   1   4   1  17  24   1   2   6   0   3   8   1   2  12  0.28 0.25
   85 A     3  -3  -2   0   2  -3  -2   1   0  -3  -3  -3  -3  -3  -3   3   1  -4  -1  -2   29   1   1   5   4   0   1  12   2   1   2   1   1   1   1  22   9   0   3   3  0.44 0.41
   86 I     0  -2  -1  -2   3   0  -2  -2  -1   1   2  -3   1   1  -2   1   0  -3  -2   1    6   2   3   1   7   5   2   3   1  10  19   1   3   7   1  11   5   0   1   8  0.11 0.20
   87 L     0  -1  -4  -3  -2  -3  -3  -1  -3   3   2  -4   0   2  -2  -1   0   0  -1   2    6   3   0   1   1   1   1   5   1  22  18   0   2   9   2   3   5   1   1  13  0.25 0.28
   88 L    -1  -5  -4  -5   1  -4  -5  -3  -2   1   3  -3   1   4  -3  -2  -1   3  -2   1    6   0   1   0   3   0   0   2   1   7  32   1   3  17   1   3   4   4   1   8  0.47 0.41
   89 G     1  -2  -1  -1   2  -1  -2   2   0   0   0  -2   0   1   0   1  -1   0   0  -1   10   2   1   4   5   2   1  15   2   4  10   2   3   6   4  10   4   1   4   3  0.04 0.13
   90 F     0  -4  -3  -4   0  -3  -4  -1  -1   1   2  -4   0   4  -2  -1   1  -1  -1   1    8   0   1   0   2   1   0   5   1   7  20   0   2  18   2   5   8   1   1  11  0.25 0.30
   91 L     0  -3  -4  -4   0  -3  -4  -2  -4   3   3  -3   1   2  -2  -2  -2   1  -2   2    7   1   0   1   2   1   0   4   0  19  25   1   3   8   1   2   2   2   1  15  0.34 0.33
   92 G     3  -2  -2  -4   1  -3  -3   4  -4  -2  -2  -2  -2  -1  -2   1  -1  -4  -3  -2   26   2   1   0   3   1   1  29   0   2   3   1   1   2   2  11   4   0   1   3  0.44 0.42
   93 L    -1  -1  -3  -3   0  -1  -2  -3  -2   1   3  -1   2   3  -4  -1   0   1  -1   1    5   3   1   1   2   3   1   2   1   8  27   3   6  12   0   4   5   2   1   7  0.19 0.24
   94 F     0  -4  -3  -4   1  -3  -4  -2  -2   3   2  -2   0   2  -2  -2   0  -1  -2   1   10   0   1   0   3   1   0   4   1  17  23   2   2  11   2   2   5   1   0  11  0.27 0.28
   95 L     0  -4  -2  -4   2  -2  -2  -3  -4   1   3  -3   2   1  -2   0   0  -1   0   1    6   0   2   0   4   2   2   2   0   9  29   0   4   7   2   6   6   1   3  11  0.23 0.26
   96 G     1  -3   0  -2   0  -1  -2   2  -1   0   0  -2   0   1  -2   2   1  -3  -1  -1   14   0   4   1   2   2   1  15   1   7   8   1   2   7   1  16  10   0   2   4  0.12 0.22
   97 M    -1  -2  -2  -3   1  -3  -3   0  -4   3   2  -2   0   1  -2  -1  -1   0  -2   2    4   1   2   1   3   0   1   7   0  18  20   2   2   7   2   4   4   1   0  17  0.23 0.25
   98 V    -1  -3  -3  -4   1  -4  -4  -2  -4   2   2  -3   1   4  -3  -2  -2   0   0   2    6   1   1   0   3   0   0   3   0  11  23   1   3  18   1   2   2   1   3  13  0.34 0.31
   99 G     1  -2  -2  -3  -2   0  -2   4  -1   0  -2  -2  -1  -1  -1   0  -1  -1   1  -1   14   2   2   1   1   5   1  33   1   5   3   1   1   3   2   7   3   1   5   4  0.31 0.30
  100 L    -1  -5  -5  -4   0  -4  -4  -2  -3   0   4  -5   5   1  -5  -1  -2  -1  -2  -1    5   0   0   1   2   1   1   4   1   5  41   1  15   5   1   5   3   1   1   3  0.70 0.48
  101 R    -1   2  -1   0   3   0  -1  -2  -1   0   0   1  -1   2  -2  -1  -1   1   0  -1    4  11   3   5   8   4   3   2   2   7   9   9   1  11   2   4   2   2   2   4  0.09 0.14
  102 C    -2   0   0  -3   9  -2  -4  -2  -1  -1  -2  -3   0   0  -3  -2  -1   2   1  -1    3   5   5   2  38   2   1   3   2   4   4   2   2   4   2   4   3   2   4   4  1.04 0.56
  103 T    -1  -1  -2  -3   0  -2  -2  -3  -1   2   0  -2   1   2  -2   0   2   2   0   2    5   3   1   1   2   1   2   2   1  11  10   2   3   8   2   7  16   3   3  12  0.16 0.19
  104 N     0   3   1  -2   2   1  -2  -2  -2  -1   0   0  -1  -1  -2   0   0   1   1  -1    6  15   6   2   4   7   2   3   1   3   8   7   1   3   2   8   6   2   5   5  0.07 0.14
  105 V    -1  -1  -1  -2   6  -1  -3  -2   0   2   1  -2   2   2  -3  -2  -1  -1   0   0    4   3   3   2  15   3   2   3   3  10  12   3   6   8   1   3   3   1   3   7  0.26 0.21
  106 G     1  -1  -1  -2   2  -2  -2   2   1   0   0  -1   1   0  -2   0   0  -2   0   1   11   3   2   1   4   1   2  18   3   4   8   4   3   4   2   6   5   1   4  12  0.10 0.11
  107 N    -1   0  -1   0   2   1   2   1   1   0  -2   0  -1  -1   1   1  -1  -4  -1  -1    5   5   2   5   4   6  12  13   3   6   4   5   1   2   7  10   4   0   3   4  0.11 0.11
  108 M    -1   2   0   1   1   0  -1  -1   1  -1  -1  -1   1   0   1   1  -1  -2   0  -1    5  13   4   7   3   3   3   4   3   4   7   4   4   5   8  13   3   1   3   4  0.12 0.12
  109 D    -2   2   1   3  -2   1   1  -1  -1  -2  -2   0  -1  -1   1   0  -1  -1   0  -1    4  11   7  17   1   6   8   5   2   3   5   4   2   3   6   6   3   1   3   4  0.18 0.15
  110 L    -2   1  -1   0  -2   2   1  -1   3  -1  -1   1  -1  -2   3  -1   0   2   0  -2    3   7   3   4   1  10   7   6   6   4   7   8   1   2  13   5   5   3   3   3  0.17 0.16
  111 S    -2   2   1   2  -2   0   1  -2   1  -2  -2   2   0  -1   0   0  -1  -2   0   0    4  11   6  10   1   3   9   4   3   2   3  14   2   3   4   8   4   0   3   6  0.17 0.15
  112 K     1   2  -1  -1  -1   0  -1  -2   1   0   0   0  -1   1  -1   0   1  -1  -1  -1   13  11   2   3   1   4   4   3   4   5   9   6   1   6   3   8   9   1   2   5  0.08 0.10
  113 K    -2   2  -3  -4  -6  -3  -2  -4  -3  -2  -3   6  -5   0  -1  -1   0  -2   2  -4    4  12   1   1   0   1   2   2   1   2   3  45   0   5   3   4   5   1   6   2  0.96 0.55
  114 A     1   2   0  -2   0  -1  -1   0   0   0  -1   1   0   0  -2   0   0  -1   2   0   10  10   5   3   2   3   3   8   2   6   5   7   2   4   2   6   5   1   8   7  0.07 0.07
  115 K    -1   3   2  -5   1  -1  -3  -2   1   1  -1   3   0  -1  -3  -1  -1   2   1  -1    5  16   9   0   3   2   2   4   3   7   7  16   2   3   2   4   4   3   5   4  0.31 0.22
  116 L    -2   0  -1  -6   3  -2  -6  -2  -1   2   3  -3   2   3  -1  -2  -1   2   2   0    4   5   3   0   6   2   0   4   2  11  22   2   5   9   3   3   4   3   6   6  0.37 0.21
  117 L     1  -2  -2  -3   1  -2  -3  -2   1   1   1  -2   3   3   0  -2  -1   0   4  -1   13   2   2   2   3   2   2   3   3   7  11   2   6  11   5   4   5   1  11   5  0.27 0.18
  118 A    -2   3  -1  -2   2  -1  -2  -1   1   1   1   0   1   1  -2  -2  -1   2   0   0    4  15   3   3   4   3   3   4   3   7  12   6   3   6   3   3   4   3   4   8  0.13 0.11
  119 I     0  -1  -1  -6   1  -6  -6  -2  -6   2   1  -2   1   1  -1   0   2   3   0   1    9   3   3   0   3   0   0   4   0  11  15   3   3   6   3   8  11   3   3  10  0.27 0.19
  120 A     0   0   0  -2   2   0   0   0   2   0  -1   0   1   0   0   0   0  -2   1   0    6   6   5   0   5   5   6   6   5   6   6   6   5   5   6   6   6   0   5   6  0.04 0.08
  121 G     1  -1   0  -1   1  -2  -1   3  -3  -1  -1  -1   0  -1  -1   0   0   2   0  -1   13   3   4   3   3   0   3  28   0   4   5   3   3   3   3   5   5   3   3   5  0.20 0.21
  122 T     1  -4  -1  -4   2  -3  -2   0  -3   3   0  -3   1   1  -4   0   1   2   2   2   10   0   3   0   4   0   3   7   0  16   6   0   3   4   0   5  11   3   8  14  0.24 0.24
  123 L    -1  -2  -2  -2   2  -3  -3  -3  -3   2   2  -2   1   2  -1  -1   0   1  -2   2    3   2   2   2   6   0   0   2   0  12  27   2   4  12   3   3   6   2   0  13  0.26 0.22
  124 H     0  -3  -1  -2   0   0  -2  -2   1   0   2  -2   3   3  -2   0  -1   3   1  -1    8   0   3   1   2   5   2   2   5   4  20   1   8  15   1   7   3   4   5   4  0.18 0.20
  125 I     0  -3  -1  -3   1  -2  -2  -1  -3   2   2  -2   1   2  -3   0  -1   2   0   1    7   0   2   0   3   0   3   5   0  16  22   3   3   9   0   7   3   4   2  10  0.15 0.15
  126 L     0  -3  -1  -3   1  -2  -2  -1   0   1   2  -2   1   1  -1   0   0  -2   0   1    8   0   2   0   4   0   2   4   2   9  27   0   3   5   3   6   6   0   3  14  0.13 0.15
  127 A     3  -3   0  -1   2  -2  -1   0  -3   0  -1  -2  -2  -1   1   2   1  -4  -3  -1   32   0   3   3   4   0   3   5   0   5   5   0   0   3   6  17   8   0   0   4  0.27 0.26
  128 G     0  -1  -1  -1   2  -2  -1   3   0  -1  -1  -2   0   0   0   0   0   2   0   0    9   3   3   3   4   0   3  23   3   3   6   0   3   4   5   7   4   3   3   9  0.14 0.15
  129 A     0  -2   0  -2   2  -1   0   0  -2   0   0   0   1   1  -2   0   0  -2   1   0    7   0   7   0   7   0   7   7   0   7   7   7   7   7   0   7   7   0   7   7  0.05 0.10
  130 C     0  -3  -1  -3   5  -3  -3  -1   0   0   1  -1   1   2  -1   0   1   2  -2   0    6   0   3   0  16   0   0   5   2   4  15   4   3  11   4   9   8   3   0   6  0.23 0.22
  131 G     0  -2  -1  -1   1  -1  -1   2  -2   1   0  -2   1  -1  -1   0   0   1  -1   1    7   0   3   2   4   3   5  17   0  10  10   0   3   2   2   7   8   2   2  10  0.07 0.11
  132 M     0  -1  -1  -3   1  -2  -3  -1  -3   1   3  -1   2   1  -2  -1   0   1  -2   1    7   3   3   0   3   2   0   5   0  10  30   3   5   6   2   3   6   2   0   8  0.15 0.18
  133 V     0  -1  -3  -4   0  -2  -3  -2   0   4   0  -3   1   0  -2   0   0   0  -3   3    7   4   0   0   2   1   0   3   2  31   8   0   3   3   2   6   5   1   0  21  0.34 0.29
  134 A     3  -3  -2  -3   1  -2  -2   2  -3   0  -1  -2   1  -1   3   1   0  -4  -2   0   25   0   1   0   3   1   2  17   0   6   5   2   4   2  13   9   5   0   1   5  0.28 0.26
  135 I     0  -3  -2  -2   2  -2  -3  -2   0   2   2  -2   1   2  -3   0   0  -3  -1   3    6   0   2   2   5   1   0   2   2   9  18   1   3   9   1   7   4   0   1  25  0.23 0.23
  136 S     0  -3  -2  -3   1  -1  -1   0  -3   2   0  -1   1   0  -3   2   0  -1  -1   2    8   0   1   0   3   3   4   6   0  17   5   3   3   3   0  22   5   1   1  14  0.18 0.23
  137 W    -1  -3  -4  -3   0  -3  -3  -5  -2   3   1  -4   1   1  -5  -3  -2   8  -1   3    4   2   1   2   2   1   2   0   1  19  12   0   3   5   0   1   2  24   2  19  0.85 0.48
  138 Y    -2  -4   1  -5  -2  -2  -4  -4   1  -2  -2  -2   0   5  -2  -2   0  -1   6   0    2   1   6   0   1   1   1   1   4   1   4   2   2  26   2   3   5   1  30   7  0.87 0.52
  139 A     3  -2  -1  -2  -2  -2  -1   1  -2   0  -2  -2  -1  -2   2   0   1  -4   0   0   30   1   2   1   1   1   3  12   1   7   2   1   1   1  10   7  10   0   3   6  0.29 0.27
  140 V     0  -2   2  -1   0  -1  -1  -1   5   0  -1  -1  -2  -1  -3   0  -1  -1   1   1   10   1  12   4   2   2   4   5  15   6   5   2   1   3   0   8   2   1   5  11  0.19 0.20
  141 N     0   0   1   0   2   0   1  -1   0  -1  -1   1   2   0  -2   1   0  -2  -1   0    6   6   8   5   4   4   8   4   2   2   6   8   8   4   1  11   4   1   2   6  0.06 0.10
  142 I     0  -2  -2  -3  -2  -2  -2  -1   0   3   0  -2  -1   2  -2  -1   0   0   0   3    6   2   2   1   1   2   3   6   3  19   8   2   1  10   2   4   7   1   3  20  0.21 0.20
  143 T     0  -1   0   1  -3   0   1  -1   0   1   0   0   0   0  -2   0   0  -1   1   1    7   1   6   7   0   5  11   4   2   9   7   6   2   3   1   5   7   1   7  10  0.05 0.08
  144 T    -1   2   2   1  -4   2   0  -1   0  -2  -3   0  -2  -2  -2   0   0   0   3  -1    6  12   8   8   0  12   5   5   2   2   2   4   1   1   2   8   7   1  11   5  0.21 0.22
  145 D    -2   3   1   3  -3   0   4  -2   0  -3  -3   0  -1  -3  -1  -1  -2  -2  -3  -3    2  18   7  17   1   3  24   3   2   2   3   4   2   1   3   3   3   1   1   2  0.50 0.36
  146 F    -2  -1  -1   0  -5   0  -1  -3  -1   0   0  -2   1   6  -3  -2  -1   1   3  -1    3   3   3   6   0   4   4   2   1   5   7   3   4  30   1   4   4   2   8   5  0.48 0.31
  147 F    -2  -2  -1  -2  -3   0  -2   1   2  -1   0   0  -2   1  -3  -3  -2   7   4  -1    3   2   3   3   1   4   3  12   4   4   9   6   1   6   1   2   3  15  14   4  0.49 0.32
  148 N    -2   0   3   2  -3  -1  -1  -2   4   0   0  -1   4  -2  -1   0  -1  -2  -1  -2    2   4  13  13   0   3   4   3  10   6   8   3  10   2   3   7   4   1   2   2  0.28 0.24
  149 P    -2   0   1   0  -5  -1   1  -1  -1  -2  -2   0  -2  -1   5  -1   0  -3  -3   1    3   4   7   4   0   2  10   4   1   2   5   5   1   3  27   5   5   0   1   9  0.41 0.32
  150 L    -1   0   0   0  -3  -1  -1  -1   0   1   1  -1   0   1   0   1   1   0   1   0    4   5   5   4   0   3   4   5   2   8  14   2   2   7   4  11   8   2   5   6  0.04 0.07
  151 Y    -1  -2   0  -1  -2  -1  -2   0   2   0  -1   0   0   1   2  -1   0   3   2   1    3   2   4   3   1   3   2   8   6   4   5   7   2   5   9   4   6   5   8  14  0.13 0.15
  152 A    -1   0   0   0   2   0   0  -1   2   0  -1   0   2   1   0  -1   0   4   1  -1    5   5   5   5   5   5   5   5   5   5   5   5   5   5   5   5   5   5   5   5  0.09 0.08
  153 G    -2   1   2   0  -6   0   1   2   1  -1  -2  -1  -5  -1   0   1   0   2   0  -2    4   7   9   6   0   4   8  13   3   4   4   3   0   3   4  10   6   3   3   3  0.16 0.15
  154 T    -2  -1   2  -2   0   2  -1  -2   1   1  -2  -2   1   1   1   1   2   1   0  -1    3   3  10   3   2  10   5   3   3   7   4   3   3   6   6   9  11   2   4   4  0.17 0.17
  155 K    -3   2   0   0  -1   1   1  -1   4  -1  -4   3   0  -1  -2  -1  -1   2   1  -1    2  11   5   5   1   5  10   5   8   3   2  15   2   2   3   4   5   2   5   5  0.27 0.21
  156 Y    -3   0   0  -3  -1   0  -3  -2   1  -2  -3  -1   1   1  -6  -2  -2   8   6  -1    3   6   5   2   1   4   2   4   4   3   4   5   3   6   1   4   3  16  20   5  0.80 0.45
  157 E    -3   0  -1   0  -6  -1   4  -3   3  -2  -3   1  -6  -1  -1   2   0   0   0  -3    3   5   3   6   0   3  26   2   7   3   3   7   0   3   4  12   6   1   3   2  0.44 0.32
  158 L    -4  -4  -4  -7  -6  -3  -6  -7   2   1   2  -3   1   6  -2  -4  -4   2   5  -1    2   1   1   0   0   1   0   0   5   7  16   2   3  31   3   2   1   3  17   4  1.08 0.59
  159 G    -4  -8  -2   0  -8  -4  -4   7  -1  -9  -6  -4  -8  -4  -4   1  -4  -8  -8  -8    2   0   2   6   0   1   2  68   1   0   1   1   0   1   1  12   1   0   0   0  1.76 0.92
  160 P    -1  -4  -3  -3  -3  -1  -2  -3  -3  -3  -4  -7  -7   1  -2  -2  -3  10   6  -5    7   1   2   2   1   3   3   2   1   1   2   0   0   6   3   3   2  37  24   1  1.84 0.94
  161 A     4  -4  -3  -4   3  -6  -6  -1  -6  -4  -4  -4  -2  -3  -4   5  -1  -7  -7  -3   28   1   1   1   5   0   0   5   0   1   1   1   1   1   1  47   3   0   0   2  1.18 0.76
  162 L    -4  -4  -7  -3   1  -6  -7  -7  -5   0   2  -7  -1   6  -5  -3  -4   1   6  -2    2   1   0   2   3   0   0   0   0   5  20   0   1  34   1   2   1   1  23   3  1.29 0.67
  163 Y     0  -6  -4  -5  -2  -3  -6   2  -2   3  -2  -6  -2   3   0  -4  -4   4   6  -1    7   0   1   1   1   1   0  13   1  15   4   0   1  13   5   1   1   5  28   4  0.86 0.54
  164 L    -3  -6  -7  -7  -1  -4  -6  -5  -6   2   5  -6   1   2  -2  -4  -3  -5  -4   3    2   0   0   0   2   1   0   1   0  12  49   0   3   8   2   2   2   0   0  18  0.99 0.55
  165 G     4  -5  -3  -3   1  -4  -3   5  -2  -4  -4  -5  -3  -4  -4   0  -1  -6  -3  -3   33   1   1   1   2   1   2  41   1   1   2   0   1   1   1   6   4   0   1   1  1.00 0.60
  166 W    -2  -7  -7  -8   3  -4  -7  -2  -7   2  -1  -4   0   1  -7  -4  -3  11  -2   2    4   0   0   0   5   1   0   4   0  11   7   1   2   5   0   1   2  43   1  13  1.85 0.86
  167 S     3  -5  -5  -5   1  -5  -5   1  -5   4   1  -5  -1   0  -3  -1   0  -2  -4   2   22   0   0   0   3   0   0  11   0  21  11   0   1   4   1   4   6   1   0  15  0.49 0.36
  168 A     4  -4  -3  -4   2  -2  -5   3  -3  -4  -4  -4  -2  -4  -5   3   0  -6  -3  -3   34   0   1   1   4   1   0  23   0   1   2   0   1   1   0  21   5   0   1   2  0.82 0.55
  169 S     3  -4  -3  -4   0  -3  -4   1  -3   0  -2  -3   1   4  -4   2   1  -1  -3   0   22   0   1   1   2   1   1  11   0   4   4   1   4  17   0  16   8   1   0   7  0.42 0.36
  170 L     1  -5  -4  -5   3  -4  -4   0  -5   3   2  -4   0   3  -1  -1  -1  -4  -2   2   13   0   1   0   6   1   1   8   0  17  16   0   1  11   3   4   3   0   1  14  0.37 0.29
  171 L    -2  -3  -5  -5   1  -5  -5  -3  -5   2   4  -5   2   5  -2  -2  -2   0  -3   0    4   1   0   1   3   0   0   3   0   9  35   0   4  26   2   3   2   1   0   6  0.74 0.45
  172 S     1  -4  -2  -3   4  -1  -2  -1  -2  -1   2  -3   2   0  -3   1   2  -1   1  -1   12   0   2   1   8   2   2   5   1   3  21   1   5   4   1  13  11   1   5   2  0.24 0.25
  173 I    -1  -3  -5  -4   0  -4  -1  -2  -5   2   3  -5   1   5  -4  -2  -3   1   0   1    4   1   0   1   2   0   5   3   0  10  32   0   4  22   1   3   1   2   2   7  0.58 0.38
  174 L     0  -3  -4  -5   0  -4  -5   1  -5   4   3  -4   1   2  -2  -3  -1  -4  -2   2    9   1   1   0   2   0   0  10   0  21  25   0   2   8   2   1   3   0   1  14  0.46 0.32
  175 G     3  -4  -3  -3   1  -3  -2   3  -1  -1  -3  -4  -2  -3  -4   3   0  -5  -5  -1   29   0   1   1   2   0   2  25   2   4   2   0   1   1   1  19   4   0   0   5  0.59 0.43
  176 G     2  -3  -4  -5  -2  -5  -5   6  -5  -1  -3  -4  -3   0  -4   1  -2  -5  -5  -2   19   2   0   0   1   0   0  51   0   4   3   1   0   4   1  10   2   0   0   3  0.97 0.56
  177 I     1  -4  -4  -5   2  -3  -3   0  -4   3   1  -4   1   2  -3  -2   0  -2  -1   3   13   0   0   0   4   1   2   7   0  19  13   0   3   7   1   3   5   0   2  20  0.36 0.27
  178 C    -2  -5  -6  -6   4  -5  -6  -4  -5   2   4  -5   4   2  -6  -3  -1  -5  -2   1    2   0   0   0   8   0   0   2   0  11  43   0   9  10   0   2   4   0   1   7  0.84 0.48
  179 V    -1  -5  -4  -5   0  -2  -4  -4  -2   0   3  -4   3   4  -5   0  -3  -3   3  -1    6   0   0   0   2   2   1   1   1   5  33   1   7  20   0   7   1   0  11   3  0.65 0.42
  180 F    -1  -4  -2  -4   6  -4  -5  -3  -1   3   3  -4   1   3  -5  -2   0   0  -1   0    4   1   2   1  15   0   0   2   2  16  24   0   4  13   0   2   5   1   1   5  0.55 0.34
  181 S    -1  -4  -3  -4   6  -4  -4  -2  -3   3   1  -3  -1   2  -2   0  -1   0   1   1    5   0   1   1  21   0   0   3   1  17  14   1   1   8   2   7   3   1   5   8  0.51 0.31
  182 T     2  -2  -1   0   1  -1   1   0  -1  -1  -1  -1   0   0  -1   2   1  -1   1  -1   16   2   2   4   3   1   9   7   1   3   6   1   2   3   3  15  10   1   5   5  0.10 0.14
  183 C     3  -2  -3  -3   6  -3  -3   0   1  -2  -2  -1  -2  -1  -1   2   0  -3   0  -1   22   2   1   1  20   1   1   6   3   2   3   4   1   3   3  15   5   0   3   3  0.47 0.33
  184 C    -2   3  -1  -4   7  -1  -3  -3  -2  -2  -1  -2   1   2   2  -1   0   0  -1  -3    2  15   4   1  27   2   1   2   1   3   6   2   4   8   9   4   5   1   2   1  0.65 0.41
  185 C     0   2  -1   1   3   0   0  -1  -2  -1   0   1   1  -1  -1   1  -1  -2  -1  -1    5  12   2   9   9   4   4   4   0   3  11   7   5   2   3  12   2   0   2   4  0.10 0.14
  186 S     0   2   1  -1   0   1   0   1   1  -1  -2   1   0  -2  -1   0   0  -1   0  -2    5  11   7   3   2   5   6  11   3   3   4  12   2   2   3   8   7   1   4   2  0.10 0.11
  187 S     0   2   0   1  -3   1   2  -2   0  -2  -2   2  -1  -4   1   1  -1  -4  -2  -3    9  13   3   6   0   7  14   3   2   2   4  11   1   0   7  10   4   0   2   1  0.23 0.21
  188 K    -1   1   0   2   1   1   1  -1   1  -3  -3   1  -2   0   1   0   0  -2   0  -2    5   8   5  13   3   6   9   5   3   1   2  11   0   4   7   5   5   1   3   2  0.15 0.14
  189 E    -1   1   0   2  -2   0   2  -2  -1  -2  -2   2  -1  -2   2   0  -1  -2   1  -1    5   9   4  10   1   3  15   2   1   2   4  12   1   1  10   6   2   0   5   5  0.21 0.20
  190 E    -1   2   1   2  -4   1   3  -1   2  -4   0   0  -3  -3   0  -1  -2  -1  -1  -1    5  14   6  12   0   6  19   4   4   0   9   4   0   1   4   4   2   1   2   4  0.24 0.23
  191 P     0   0  -1   2  -4  -1   1  -1  -2  -1  -3   1  -3  -4   4   0   1  -2  -2   0    6   4   2  11   0   2   8   4   1   3   1  10   1   1  21   7   8   1   2   8  0.31 0.25
  192 A     0   0   0   0  -2  -1   1   0   0  -2  -2  -1  -1  -1   0   2   0   2   3  -2    6   4   4   5   1   2  11   7   2   2   4   3   1   2   5  15   7   3  11   2  0.13 0.16
  193 T     0   1  -1  -2  -4  -1   1   1   1  -3  -2  -1   0  -1   3   1  -1  -1   3  -1    8   7   2   2   0   2   9  10   3   1   3   3   3   2  15   9   4   1  12   4  0.23 0.21
  194 R    -1   3  -1  -2  -4   2   0  -2   2  -2  -3   3  -1  -2   0   0  -1   1   2  -2    6  14   2   1   0  11   7   3   5   3   2  18   2   1   4   7   3   2   7   3  0.30 0.25
  195 A     1   0   0  -2  -4  -1   1  -1   1  -1  -2  -1   3  -1   3  -1   0  -2   3  -1   12   6   4   1   0   2  11   4   4   3   2   2   8   2  14   4   5   0  12   3  0.25 0.24
  196 G     1   3   1  -1  -4  -1  -1   0   1  -2  -2   1  -2  -3   2   1  -1  -3  -1  -1   13  15   7   3   0   2   2   6   4   2   4   9   1   1   9  10   3   0   3   4  0.19 0.19
  197 L    -2   1  -2  -2  -4   1  -3  -2   1  -1  -1  -1   1   0   1   0   1  -1   5   0    2   8   1   3   0   5   1   4   3   3   5   3   4   4   9   7  10   1  21   7  0.30 0.28
  198 P     0   1  -3  -1  -5   1  -1  -2  -1  -1  -2  -2  -1  -1   5   0   2  -5   2  -1    6   8   1   4   0   6   4   2   1   4   3   1   2   3  26   6  12   0   8   5  0.42 0.33
  199 Y    -1  -1  -2  -5  -4  -2  -2  -1   2  -3  -4  -2  -1  -1   1   1   1  -3   7  -1    5   3   2   0   0   2   2   5   4   1   1   3   1   2   6  11   8   0  38   4  0.83 0.52
  200 K     1  -1   2  -1  -3   1  -2  -1   1  -1  -1   1   1  -4   2   2   1  -5  -1  -2   12   2  11   2   0   6   1   4   4   3   6  10   3   0   9  15   7   0   2   2  0.20 0.22
  201 P     0   1  -3  -3  -4   1  -3  -2  -3  -1  -1  -2   4  -4   5   1  -2  -2  -2  -1    8   7   1   2   0   6   1   4   1   4   5   1  11   1  26  13   1   1   1   5  0.53 0.39
  202 S     0  -1  -1  -1  -5   0  -3   0  -4  -2  -1  -2  -1  -6   6   2   0  -6  -2  -3    8   3   2   4   0   4   1   6   0   3   5   2   1   0  35  16   6   0   2   1  0.68 0.45
  203 T     1   2   0  -3  -2   0  -2  -1   3  -4  -4   1   0  -4   2   2   3  -5  -4  -2   11  11   4   1   1   4   2   5   7   0   1   7   3   0  11  13  16   0   0   2  0.35 0.30
  204 V     0  -1   1  -2  -1   0  -2  -3   2   0  -1  -2   2  -2   1   2   0  -3   2   1    8   4   6   2   1   5   0   1   5   4   6   1   5   1   6  15   6   0   8  13  0.15 0.20
  205 V     0   2   1  -2   0   2  -1  -2   1  -2  -2  -1  -1  -2   0   2   0  -4   1   1    7  13   6   1   2  10   2   2   4   1   4   3   2   1   4  15   6   0   6  11  0.16 0.20
  206 I     1  -1   0  -1   0   0   0  -1   1   0  -1   0   2   0   1   0   0  -2   2   0   11   2   3   3   2   3   7   5   5   6   6   5   7   3   6   8   4   0   9   6  0.05 0.09
  207 P     1  -2   1  -1  -1  -1  -2  -3   0  -4  -3  -2  -4  -2   4   3   1  -5   0  -4   12   2   7   3   2   2   2   1   3   0   3   2   0   2  24  22   9   0   3   1  0.53 0.39
  208 R     0   1   1  -2   0   2   0  -1   3  -4  -3   1  -3  -2   2   2   0  -1   1  -2    8   7   7   1   2  10   4   3   7   0   1  10   0   1   9  14   7   1   6   3  0.23 0.22
  209 A     2   2  -1  -1  -2   1  -1  -1   1  -3  -3  -1  -2  -4   3   2   1  -3  -2  -1   18  10   2   2   1   5   4   4   3   1   2   2   1   0  15  14   8   0   1   5  0.30 0.26
  210 T     1  -2   0  -2  -4  -1   1   1  -2  -4  -3   0  -1  -2   3   1   1  -4   3  -2   10   2   4   1   0   3   8  10   0   0   2   6   1   1  16  12  11   0  11   2  0.31 0.27
  211 S     0  -2  -1   0  -3   2   0   0  -3  -2  -3   0  -2  -1   1   3   0  -3   3  -1    7   1   2   5   0   8   6   6   0   2   1   6   1   2   6  23   6   0  14   4  0.26 0.27
  212 D     1   0  -1   1  -4   0   1  -1   2  -2  -3   0  -1  -1   3   1   0  -4   1  -1   12   6   3   7   0   5  10   5   5   2   2   4   1   3  14   9   6   0   5   3  0.18 0.16
  213 E     0   1   0  -1  -4   2   3  -2   3  -3  -3   1  -2  -4   2   0   0  -4   2  -2    6   8   4   2   0   9  18   3   8   1   2   6   1   0  11   7   5   0   7   3  0.30 0.25
  214 S     0   1  -1  -1  -4   0  -1   3  -1  -1  -2  -1  -3  -4   3   1   0  -5  -4  -2    9  10   2   4   0   5   3  21   1   4   3   2   0   0  16  12   4   0   0   3  0.33 0.25
  215 D    -1   1   2   3  -4  -1  -2  -1  -3  -4  -4   1  -1  -3   1   2   2  -4   1  -3    2   6   9  15   0   2   1   4   0   0   1   8   2   0   8  18  15   0   7   2  0.35 0.30
  216 I     0   0  -1   0  -4   1   1   0  -1  -3  -2   2  -2  -4  -1   2   1  -4   0  -2    8   5   1   3   0   5  11   7   2   1   4  14   0   0   2  21   9   0   3   2  0.23 0.22
  217 S     0  -1   1  -1  -4  -1  -1   0  -2  -2  -4  -1  -3  -3   0   4   3  -5  -2  -2    5   3   8   3   0   3   4   8   1   2   0   2   0   1   5  32  19   0   1   3  0.41 0.34
  218 F     1  -2  -2  -3  -2  -2  -2  -1   1  -3  -1  -1  -2   5   2  -1  -1   0   3  -2   12   2   2   1   1   1   2   5   4   0   5   3   1  27  10   4   3   1  12   3  0.42 0.29
  219 G    -2   0   2  -1  -4  -1   0   2   2  -4  -3   1  -4  -4   1   3   0  -5  -4  -4    1   4  11   3   0   1   6  19   5   1   3  11   0   0   8  23   4   0   0   0  0.39 0.29
  220 K     0  -1   0  -2  -3   1   0   0  -1  -1  -2   2   4  -4   2   2  -1  -4  -3  -1    6   2   3   1   0   8   5   5   1   3   2  17  12   0   9  17   3   0   0   5  0.27 0.25
  221 Y    -3  -1   0  -6  -6  -4  -5  -6   0  -1  -4  -1  -4   2   0  -3  -1  -2   8  -3    2   4   4   0   0   0   0   0   2   3   0   4   0   8   5   2   3   0  61   1  1.61 0.71
  222 G     2   0   2   3  -4  -1  -1   2  -3  -4  -4  -2  -2  -5   1   2   1  -5  -4  -3   16   6   9  16   0   2   1  13   0   0   1   1   1   0   6  17  11   0   0   0  0.38 0.28
  223 K    -2   2  -1  -3  -2   0  -1  -4   0  -1   1   4   1  -3  -1   0   0  -4  -3   0    1  11   2   0   1   3   2   0   2   2  15  32   4   0   3   9   6   0   0   8  0.34 0.27
  224 N    -3  -2   5   2  -4  -1  -2  -1  -1  -4  -5   2  -2  -5  -4   1   2  -5  -4  -1    0   1  35  11   0   2   0   5   1   0   0  15   1   0   0  10  14   0   0   4  0.71 0.41
  225 A     2   1   1   3  -4   2   1   0  -3  -4  -4   0  -3  -5  -1   0   1  -5  -4  -2   19   8   5  22   0   9   6   6   0   0   0   5   0   0   2   5  10   0   0   2  0.36 0.26
  226 Y    -3   1  -5  -6  -6  -5  -5  -7  -2  -5  -5   0  -5   2  -6  -5  -5  -2   9  -5    2   9   0   0   0   0   0   0   0   0   0   5   0   5   0   0   0   0  78   0  2.36 0.83
  227 V    -3  -5  -6  -6  -4  -5  -5  -6  -6   3  -2  -5  -2  -4  -5  -5  -3  -6  -4   7    0   0   0   0   0   0   0   0   0  12   0   0   0   0   0   0   0   0   0  88  1.72 0.60

                      K         Lambda
Standard Ungapped    0.1373     0.3237
Standard Gapped      0.0408     0.2670
PSI Ungapped         0.1335     0.3176
PSI Gapped           0.0408     0.2670
