
Last position-specific scoring matrix computed, weighted observed percentages rounded down, information per position, and relative weight of gapless real matches to pseudocounts
            A   R   N   D   C   Q   E   G   H   I   L   K   M   F   P   S   T   W   Y   V   A   R   N   D   C   Q   E   G   H   I   L   K   M   F   P   S   T   W   Y   V
    1 M    -6  -6  -7  -8  -6  -6  -7  -8  -7   4   2  -6  10  -4  -7  -6  -5  -6  -6  -3    0   0   0   0   0   0   0   0   0  22  15   0  63   0   0   0   0   0   0   0  2.41 0.88
    2 Q     0   1   3  -1  -6   2   2  -1  -2  -5  -5   4  -3  -5  -4   1  -1  -6  -4  -4    7   6  13   3   0  10  12   4   0   0   0  27   0   0   0  11   3   0   0   1  0.58 0.39
    3 R    -2   6   1  -4  -7   0  -3  -4  -3  -6  -6   6  -4  -6  -4  -2  -3  -3  -6  -6    3  36   7   1   0   3   1   1   0   0   0  41   0   0   1   3   1   0   0   0  1.39 0.70
    4 V    -1  -5  -5  -6  -4  -5  -6  -5  -5   5   2  -4   2   2  -1  -3   0  -2  -3   2    4   0   0   0   0   0   0   0   0  36  19   1   5   8   4   2   5   0   0  13  0.77 0.42
    5 T     1   1  -2  -3  -3  -1  -2   1  -2   2  -1   2  -1   1  -3   0   0   2  -2   1   11   8   1   0   0   2   1  10   1  14   4  15   1   6   1   5   7   3   1  10  0.15 0.18
    6 N    -1   1   3   0  -4   3   1  -1  -2  -3  -1   3  -3  -4  -3   0   1  -5  -4  -3    4   8  12   4   0  13   9   4   1   1   7  20   0   0   0   6   9   0   0   1  0.34 0.28
    7 F    -6  -8  -5  -6  -7  -6  -8  -7  -4  -4  -4  -6  -4   9  -6  -5  -6   1   5  -5    0   0   1   0   0   0   0   0   0   0   1   0   0  73   0   1   0   2  19   0  2.60 0.98
    8 F    -3  -6  -5  -7  -2  -6  -6  -5  -5   3   3  -6   0   6  -5  -4  -4   0   1   1    2   0   0   0   1   0   0   1   0  15  31   0   2  33   0   1   1   1   4   8  1.05 0.50
    9 K    -2   4  -1  -3  -6   1  -1  -1   0  -3  -5   5  -3  -5  -4   0  -2  -4  -4  -3    2  25   3   1   0   6   3   5   2   2   1  37   0   0   0   7   2   0   0   2  0.79 0.47
   10 E    -3  -4   0   4  -7   3   6   0  -3  -5  -5  -3  -4  -7  -5   0  -3  -7  -6  -5    1   0   4  19   0  13  44   7   0   0   1   1   0   0   0   8   1   0   0   0  1.09 0.58
   11 V     0  -6  -6  -6  -1  -4  -6  -5  -6   1  -2  -5  -1  -3  -4   1   1  -2  -1   6    7   0   0   0   1   0   0   1   0   5   3   0   1   1   0  12   9   0   2  57  1.05 0.56
   12 V    -3   4  -2  -4  -3   0  -3  -2  -2   1  -2   3   0   0  -4  -2  -3   2   2   1    2  26   2   0   0   3   1   3   1  10   3  21   2   4   1   3   1   3   6  10  0.46 0.33
   13 R     2  -1   0   0  -3   1   0   1   0  -1  -2   0  -1  -2  -3   1   0  -4  -2   0   24   2   4   4   0   8   5   9   2   3   3   6   1   2   0  13   6   0   1   7  0.17 0.18
   14 E    -6  -5  -5  -2  -9  -1   8  -7  -5  -8  -8  -4  -7  -8  -6  -3  -2  -8  -7  -8    0   0   0   2   0   2  93   0   0   0   0   0   0   0   0   2   2   0   0   0  2.59 1.03
   15 L    -2  -4  -5  -7  -3  -5  -6  -4  -6   0   5  -4   7   1  -6  -4  -1  -2  -3   0    4   1   1   0   1   0   0   2   0   4  47   1  27   5   0   1   3   1   1   4  1.15 0.55
   16 K    -2   4  -2  -3  -7   1  -2  -2  -1  -5  -4   6  -3  -4  -4  -1  -3  -2  -3  -4    3  22   2   1   0   5   2   3   2   1   1  48   1   1   1   5   2   1   1   1  1.05 0.56
   17 K    -4   2  -3  -4  -3  -1  -3  -5   1  -5  -4   8  -3  -5  -6  -4  -4  -8  -4  -5    1   9   1   1   1   2   1   1   4   1   1  76   1   1   0   1   1   0   1   1  1.88 0.84
   18 V    -3  -7  -7  -8   0  -7  -7  -8  -8   2  -3  -7  -1  -5  -7  -4  -1  -8  -6   7    1   0   0   0   2   0   0   0   0   9   1   0   2   0   0   1   4   0   0  80  1.97 0.84
   19 S    -1  -2   1  -3  -4  -2  -3  -5  -1   0  -4  -2  -2  -4  -5   3   5  -2  -3   3    3   2   5   1   0   1   2   0   2   5   1   2   1   1   0  20  33   1   1  21  0.68 0.47
   20 W    -6  -4  -9 -10  -8  -4  -9  -9  -3  -9  -8  -5  -7  -1  -5  -5  -3  13  -1  -5    1   1   0   0   0   1   0   0   1   0   0   1   0   2   1   1   2  87   1   1  4.42 1.48
   21 P    -4  -8  -7  -7  -2  -4  -7  -8  -8  -5  -3  -6  -3  -9   9  -4  -4  -9  -4  -5    1   0   0   0   1   1   0   0   0   1   3   0   1   0  88   1   1   0   1   1  2.88 1.14
   22 N    -3  -3   1  -1  -5  -3  -3  -2  -2  -5  -5   0  -5  -6  -2   3   6  -7  -6  -4    1   1   7   4   0   1   1   4   1   0   1   6   0   0   2  24  48   0   0   1  1.07 0.62
   23 R    -3   7  -4  -6  -7   0  -3  -2  -3  -4  -4   3  -3  -1  -3  -3  -4   4  -3  -4    2  54   1   0   0   4   1   3   1   1   1  18   1   3   2   1   1   5   1   1  1.30 0.65
   24 K    -1   2   1   1  -6   2   1  -3  -1  -4  -5   5  -3  -4  -1   0  -2  -6  -3  -4    5   9   5   8   0  10  10   1   1   1   1  37   1   1   3   5   1   0   1   1  0.66 0.41
   25 E    -4  -3  -3   1  -8   4   7  -5  -2  -5  -5  -2  -3  -7  -6  -2  -3  -7  -4  -4    1   1   1   7   0  19  60   1   1   1   1   1   1   0   0   2   1   0   1   1  1.51 0.76
   26 L     0  -5  -2  -6  -4  -3  -5  -4  -5   0   4  -5   1  -2  -5  -3   4  -1  -3   3    7   0   2   0   0   1   0   1   0   3  35   0   3   1   0   1  24   1   1  20  0.73 0.45
   27 V    -2   1  -3  -4  -4   0  -3  -3  -3   3   1   0   2   0  -4  -2   1   2  -1   3    3  10   1   0   0   4   1   1   1  20  10   7   6   4   0   2   8   3   2  18  0.32 0.25
   28 N     0   2   2  -1  -4   1   0   1   1  -1  -3   2  -2  -3  -3   0   1  -2  -2  -1    7  11  12   2   0   7   4  11   3   3   2  12   1   1   0   7  11   0   1   4  0.21 0.20
   29 Y     0  -4   0   0  -5  -3  -3  -2  -1  -3  -1  -3  -1   1  -5   3   2  -1   6  -3    6   0   4   6   0   1   1   3   1   1   7   1   2   4   0  25  14   1  24   1  0.60 0.44
   30 T    -2  -6  -4  -6  -3  -5  -5  -5  -6  -4  -5  -6  -3  -1  -6   0   8  -2  -6  -3    3   0   1   0   1   0   1   1   0   1   1   0   1   2   0   7  82   1   0   2  2.05 0.96
   31 A     0  -3  -3  -4  -2  -3  -3   0  -4   3   2  -2   1   0  -4  -1   0   3  -1   2    9   1   0   0   0   1   1   9   0  21  18   3   2   3   0   5   5   4   1  16  0.30 0.24
   32 V     0  -5  -4  -6  -4  -3  -5  -4  -6   3   0  -4   3  -2  -6  -3   1  -3  -3   5    6   0   0   0   0   1   0   1   0  18   7   0   8   1   0   2   9   0   1  45  0.89 0.49
   33 V    -4  -7  -8  -8  -2  -7  -7  -8  -8   0  -3  -7  -2  -6  -7  -5  -2  -8  -6   8    1   0   0   0   1   0   0   0   0   3   1   0   1   0   0   1   2   0   0  91  2.32 0.94
   34 L    -3  -6  -6  -7  -2  -6  -6  -4  -6   5   4  -6   1   2  -6  -4  -3  -2  -4   2    1   0   0   0   1   0   0   1   0  38  32   0   3   8   0   1   1   0   0  12  1.03 0.49
   35 A     1  -5  -4  -5  -2  -4  -4   0  -5   4   0  -5   0   0  -5  -2   0  -1  -3   4   12   0   0   0   1   0   1   8   0  20   6   0   2   3   0   3   4   1   0  37  0.59 0.37
   36 T     0  -5  -4  -5  -1  -4  -4  -4  -5   1   1  -4   4   5  -5  -1   2  -4  -2   2    8   0   0   0   1   0   0   1   0   8  12   0  11  24   0   5  14   0   0  14  0.58 0.37
   37 V    -1  -5  -4  -5   3  -5  -5  -4  -5   1  -1  -5   0  -3  -5   3   1  -6  -5   5    5   0   0   0   5   0   0   1   0   5   5   0   3   1   0  26  10   0   0  42  0.84 0.50
   38 A     1  -5  -5  -5  -2  -4  -5  -3  -5   3   3  -5   0   2  -5  -2  -1  -4  -3   3   15   0   0   0   1   0   0   2   0  20  24   0   1   8   0   2   4   0   0  22  0.57 0.35
   39 F     0  -5  -6  -6  -2  -5  -5  -3  -5   5   2  -5   0   3  -5  -4  -2  -4  -3   3    8   0   0   0   0   0   0   2   0  33  19   0   2  13   0   1   1   0   0  20  0.78 0.40
   40 F     0  -5  -5  -5  -2  -4  -5  -4  -5   2   1  -5   5   4  -5  -2  -1  -2   0   3    8   0   0   0   1   0   0   0   0  13  14   0  15  17   0   3   4   0   2  23  0.62 0.36
   41 T     4  -4  -4  -4  -2  -4  -4   2  -5  -1  -3  -4   3  -4  -4   2   1  -5  -5  -1   42   0   0   0   1   0   0  16   0   4   1   0   8   0   0  17   8   0   0   4  0.73 0.45
   42 V     2  -4  -5  -5  -2  -4  -5  -2  -5   3   3  -4   0   0  -4  -2  -2  -4  -2   3   21   0   0   0   1   0   0   3   0  21  25   0   1   4   0   1   2   0   1  19  0.53 0.33
   43 F    -4  -6  -6  -7  -3  -6  -6  -5  -4   2   1  -6   0   7  -6  -5  -4  -1   5   0    1   0   0   0   1   0   0   1   0  10  12   0   2  48   0   0   1   1  17   7  1.33 0.56
   44 F    -3  -5  -6  -6  -2  -5  -6  -5  -5   3   4  -5   0   5  -6  -4  -1  -4  -2   3    1   0   0   0   1   0   0   0   0  19  35   0   1  21   0   0   3   0   0  19  0.90 0.43
   45 A     1  -4  -4  -5  -4  -4  -4   4  -4  -4  -1  -4  -1   3  -5   0  -1   7   1  -3   12   0   0   0   0   0   0  34   0   0   5   0   1  14   0   7   4  15   4   1  0.85 0.43
   46 V     1  -4  -4  -5  -2  -4  -4   2  -5   2   3  -4  -1   0  -4  -2  -2  -3  -3   3   13   0   0   0   0   0   0  18   0  13  26   0   1   4   0   2   1   0   0  22  0.47 0.30
   47 I    -1  -5  -5  -5   0  -4  -4  -5  -5   3   3  -5   2   2  -5  -3  -2   0  -2   4    6   0   0   0   2   0   0   0   0  13  28   0   5   9   0   1   2   1   1  31  0.64 0.34
   48 D    -6  -6  -2   9  -8  -5  -2  -4  -5  -8  -8  -5  -8  -8  -6  -4  -5  -9  -8  -8    0   0   1  97   0   0   1   1   0   0   0   0   0   0   0   1   0   0   0   0  2.83 0.97
   49 L    -1  -2  -2  -4  -4   0  -3  -3  -2   0   2  -2   1   4  -4   0   0   5   3  -1    4   1   2   0   0   6   1   1   0   5  19   2   3  22   0   6   6   8  10   3  0.42 0.27
   50 G     0  -4  -4  -4  -3  -4  -4   3  -5   3   2  -4  -1   0  -4  -1  -2  -3  -3   2    9   0   0   0   0   0   0  27   0  18  18   0   1   4   0   3   1   0   0  18  0.49 0.30
   51 I    -3  -5  -5  -6  -3  -5  -6  -5  -5   3   3  -5   0   6  -6  -4  -4   0  -1   0    2   0   0   0   0   0   0   0   0  18  32   0   2  38   0   1   0   1   1   4  1.09 0.48
   52 S     1   0   0  -2  -3   1  -1   2  -1  -3  -2  -1  -1  -3  -3   3   2  -4  -3  -1   11   4   5   1   0   7   3  14   1   1   3   2   1   1   0  29  13   0   1   3  0.32 0.27
   53 Q     0   2   1  -3  -4   2   0  -2   0  -3  -2   3  -1   1  -3   0   0   6   1  -2    6  11   6   0   0   8   5   3   2   1   4  19   1   7   0   7   5  10   4   1  0.32 0.24
   54 L     0  -5  -5  -5  -2  -4  -5   2  -5   3   4  -4   0   0  -4  -3  -3  -2  -3   2    8   0   0   0   0   0   0  15   0  17  40   0   1   4   0   1   1   1   0  12  0.58 0.34
   55 I    -2  -4  -5  -5  -4  -4  -5  -5  -5   4   3  -4   3   2  -5  -3  -2  -3  -2   4    3   0   0   0   0   0   0   0   0  21  27   1   7   8   0   2   2   0   1  28  0.73 0.37
   56 R    -1   2   1   0  -4   2   2   0  -1  -3  -2   2  -2  -1  -3   1   0  -4  -2  -3    4  11   8   4   0  10  11   9   1   0   4  15   1   3   0  11   6   0   1   1  0.25 0.20
   57 L     0  -2  -3  -5  -4  -2  -3  -2  -3   0   3  -1   0   3  -4  -2  -2   6   1   0    7   2   1   0   0   2   1   2   0   5  33   4   2  14   0   2   2  11   5   5  0.48 0.29
   58 V    -3  -6  -6  -6  -4  -5  -6  -5  -6   5   3  -6   0   1  -6  -5  -3  -5  -3   4    1   0   0   0   0   0   0   0   0  36  29   0   1   6   0   0   1   0   1  24  1.06 0.48
   59 F    -4  -5  -6  -7  -5  -5  -6  -7  -5   3   4  -6   2   5  -6  -5  -3  -3   2  -1    1   0   0   0   0   0   0   0   0  16  42   0   4  28   0   0   1   0   7   2  1.11 0.49
   60 E    -3  -2   3   0  -5   2   1  -4   1  -5  -5   5  -4  -6  -4   3  -2  -6  -4  -5    0   0  13   5   0   8   9   0   3   0   0  36   0   0   0  26   0   0   0   0  0.81 0.43

                      K         Lambda
Standard Ungapped    0.1416     0.3320
Standard Gapped      0.0622     0.2670
PSI Ungapped         0.2031     0.3171
PSI Gapped           0.0622     0.2670
