
Last position-specific scoring matrix computed, weighted observed percentages rounded down, information per position, and relative weight of gapless real matches to pseudocounts
            A   R   N   D   C   Q   E   G   H   I   L   K   M   F   P   S   T   W   Y   V   A   R   N   D   C   Q   E   G   H   I   L   K   M   F   P   S   T   W   Y   V
    1 M    -3  -3  -4  -5  -4  -2  -4  -5  -4   0   0  -3  10  -2  -5  -4  -3  -4  -3  -1    0   0   0   0   0   0   0   0   0   2   0   0  98   0   0   0   0   0   0   0  1.90 0.43
    2 M    -2  -3  -4  -5  -4  -1  -2  -5  -4   0   0   0  10  -2  -5  -3  -2  -4  -3  -1    1   0   0   0   0   1   2   0   0   3   3   5  79   1   0   1   2   0   0   2  1.46 0.45
    3 T    -1  -3  -2  -4  -1   0  -3  -4  -3   0   1  -1   7  -2  -3  -2   3  -4  -1   0    3   0   2   0   1   4   1   0   0   5   7   4  41   1   1   0  25   0   2   4  0.62 0.30
    4 Y    -4  -4  -3  -6   0  -2  -4  -6  -2  -2  -1  -3   9   0  -5  -2  -3   0   7  -2    0   0   1   0   2   1   0   0   0   1   1   1  50   1   0   3   1   1  35   0  1.46 0.54
    5 I    -2  -4  -2  -4  -3  -1  -3  -5  -3   4   1  -3   6   1  -4  -2   0  -3  -1   2    1   0   1   0   0   3   1   0   0  27  12   1  24   6   0   3   5   0   1  14  0.51 0.26
    6 V    -2  -2  -1  -3  -2   1  -2  -4  -2   2   2   0   3   1  -4  -2   0  -2   0   2    0   0   4   0   0   8   0   0   1  10  21   8  11   6   0   2   4   0   2  21  0.23 0.17
    7 F    -3  -4  -3  -5  -4  -3  -4  -5  -2   1   2  -3   5   6  -4  -2  -1   1   4  -1    0   0   1   0   0   0   0   0   0   6  16   1  15  38   0   4   3   1  12   1  0.77 0.32
    8 I    -1  -4  -3  -4  -1  -3  -4  -4  -4   4   3  -4   3   3  -4  -1   1  -2  -1   1    4   0   1   0   1   0   0   0   0  28  24   0  10  12   0   5  10   0   1   4  0.41 0.22
    9 L    -3  -4  -5  -5  -1  -4  -5  -5  -4   3   4  -4   4   2  -5  -2  -1  -3  -1   0    0   0   0   0   1   0   0   0   0  14  52   0  11  10   0   4   4   0   2   1  0.67 0.30
   10 S    -1  -3  -2  -3  -3  -2  -3  -1  -3   0   1  -3   4   0  -3   4   0  -3   0  -2    1   0   0   0   0   0   0   5   0   4  17   0  14   3   0  43   5   0   3   1  0.44 0.32
   11 I    -1  -3  -2  -4   0  -3  -3  -3  -3   3   2  -3   3   1  -1   0   2  -3  -2   2    2   0   2   0   1   0   0   0   0  16  15   0  10   8   3   9  13   0   0  18  0.25 0.18
   12 I    -2  -4  -2  -4   2  -3  -4  -3  -4   4   3  -3   4   0  -3  -1   0  -2  -2   1    2   0   2   0   4   0   0   1   0  26  27   0  13   4   1   6   6   0   1   6  0.39 0.22
   13 F    -2  -3   1  -3  -2  -3  -3  -3  -2   1   2  -3   3   5  -4   1   0  -2   1  -1    1   0   8   0   1   0   0   0   1   8  21   0   9  26   0  13   5   0   3   2  0.35 0.23
   14 V    -2  -4  -2  -4  -2  -3  -4  -4  -4   3   2  -4   3   1  -3  -2   0  -2  -2   4    1   0   3   0   1   0   0   1   0  18  21   0   8   5   1   3   4   0   0  33  0.44 0.23
   15 M    -2  -4  -3  -4  -2  -3  -4  -3  -4   3   2  -4   4   3  -4  -1   0  -3  -1   2    2   0   1   0   1   0   0   2   0  23  18   0  16  15   0   4   5   0   0  11  0.41 0.22
   16 G    -1  -3   1  -3  -2  -2  -3   4  -3   0   0  -3   2   0  -3   2   1   0  -2  -2    1   0   7   0   0   0   0  30   0   8  10   0   8   4   0  18   8   1   1   1  0.28 0.20
   17 F     0  -3  -1  -3  -2  -3  -3  -2  -3  -3  -1  -3  -1   6  -3   4   1  -3  -1  -2    5   0   3   0   1   0   0   2   0   0   6   0   1  33   1  38   7   0   0   2  0.57 0.32
   18 V    -2  -4  -4  -4  -3  -4  -4  -4  -4   4   2  -4   3   2  -4  -2   0  -2  -1   4    1   0   0   0   0   0   0   0   0  27  14   0   7   8   0   2   7   0   1  29  0.49 0.23
   19 G     0  -3   0  -3  -2  -2  -3   3  -3   2   1  -2   2   0  -3   0   0  -3  -2   0    7   0   4   0   1   0   1  25   0  17  16   1   7   5   0   5   4   0   0   3  0.19 0.14
   20 F    -4  -5  -5  -6  -3  -5  -5  -6  -4  -1  -1  -5   2   8  -6  -4  -3  -2   0   2    0   0   0   0   0   0   0   0   0   1   3   0   4  72   0   1   1   0   0  15  1.49 0.48
   21 S     0  -3  -2  -3   0  -2  -2  -3  -3   1   0  -2   3   2  -2   3   2  -3  -1  -1    7   0   1   0   1   0   0   0   0  11   9   0  10   8   1  31  13   0   2   2  0.25 0.21
   22 S    -2   0  -1  -3   0   4  -1  -3  -1  -2  -2  -1   0   2  -3   4  -1  -2   2  -2    0   4   2   0   2  22   0   0   0   1   3   3   2  12   0  37   2   0   7   1  0.40 0.27
   23 K    -2  -1   0  -3  -3  -1  -2  -4  -3   0   1   4   6  -2  -3   0   0  -4  -3  -1    1   0   4   0   0   0   0   0   0   3  15  31  27   1   0   8   4   0   0   2  0.44 0.27
   24 P    -2  -1   4  -2  -4  -2  -2  -3  -3  -2  -2   2  -2  -3   6   0  -1  -5  -3  -3    0   1  26   0   0   1   0   0   0   3   5  15   1   1  34   6   3   0   0   1  0.72 0.29
   25 S    -2  -3   0  -3  -4  -2  -3  -4   9  -5  -5  -3  -4  -4  -4   4  -2  -2  -2  -5    1   0   2   0   0   0   0   0  52   0   0   0   0   0   0  41   1   1   0   0  1.48 0.50
   26 P    -4  -5  -5  -5  -6  -4  -4  -5  -5  -6  -5  -4  -5  -7   9  -4  -4  -7  -6  -4    0   0   0   0   0   0   0   0   0   0   1   0   0   0  95   0   0   0   0   1  2.78 0.65
   27 I    -3  -4  -5  -5  -3  -4  -5  -5  -4   4   4  -4   3  -1  -5  -4  -2  -3   3   1    0   0   0   0   0   0   0   0   0  26  45   0   9   0   0   0   0   0  10   6  0.69 0.28
   28 Y     3  -3  -2  -4  -3  -3  -3  -3  -2  -3  -3  -3  -2   1  -4   3  -1  -2   6  -2   26   0   1   0   0   0   0   0   0   0   0   0   0   5   0  25   3   0  37   1  0.74 0.35
   29 G    -1  -1  -3  -4  -3  -3  -4   4  -4  -1   0  -3   8  -3  -4  -1  -2  -4  -4  -2    3   3   0   0   0   0   0  30   0   1   4   0  47   0   0   5   1   0   0   0  0.91 0.41
   30 G     1  -2  -2  -3  -4  -4  -4   6  -4  -4  -5  -3  -1  -5  -4  -2   0  -3  -5  -2   10   3   0   0   0   0   0  71   0   0   0   0   2   0   0   0   6   0   0   2  1.11 0.38
   31 L    -3  -4  -5  -5  -2  -4  -5  -5  -4   1   5  -4   3   1  -5  -3  -3  -2  -2   1    1   0   0   0   0   0   0   0   0   4  69   0   7   6   0   1   0   0   0   6  0.79 0.32
   32 G     0  -3  -1  -3  -2  -3  -3   3  -3   2   0  -3   5  -1  -3   0   1  -4  -3   0    6   0   3   0   0   0   0  24   0  16   4   0  20   2   0   5   9   0   0   4  0.28 0.21
   33 L    -4  -4  -6  -6  -3  -4  -5  -6  -5   2   6  -5   1  -1  -5  -5  -3  -4  -3   0    0   0   0   0   0   0   0   0   0  12  80   0   1   1   0   0   0   0   0   2  1.09 0.39
   34 I    -3  -4  -5  -5  -3  -4  -5  -5  -5   4   4  -4   2  -1  -4  -4  -2  -4  -3   3    0   0   0   0   0   0   0   0   0  31  41   0   3   1   0   0   0   0   0  19  0.70 0.28
   35 V    -1  -4  -4  -5   0  -4  -4  -3  -4   4   1  -4   2   0  -4  -3   0  -4  -2   4    2   0   0   0   1   0   0   1   0  34  12   0   4   4   0   1   4   0   0  33  0.54 0.24
   36 S     0   0  -2  -3  -4   7  -1  -1  -2  -4  -4  -1  -2  -4  -3   3  -1  -4  -4  -1    6   4   0   0   0  54   0   5   0   0   0   0   0   1   0  21   1   0   0   5  0.84 0.40
   37 G     0  -4  -2  -3  -3  -3  -3   4  -4  -4  -4  -3  -3  -5  -2   1   6  -5  -4  -2    5   0   0   0   0   0   0  32   0   0   0   0   0   0   1   7  51   0   0   1  0.88 0.37
   38 G     0  -3  -3  -4   0  -3  -4   3  -4   3   1  -3   1   1  -4  -2   0  -3  -2   2    6   0   0   0   2   0   0  22   0  19  16   0   5   5   0   1   6   0   0  15  0.25 0.16
   39 V    -1  -3  -2  -4  -1  -1  -3  -3  -3   2   3  -3   3   1  -3  -1  -1  -2  -2   3    3   0   1   0   1   3   0   1   0  10  29   0  10   6   1   6   2   0   0  23  0.29 0.17
   40 G    -1  -4  -3  -4  -3  -4  -4   4  -4   4  -1  -4   1  -2  -4  -2   0  -4  -4   1    2   0   0   0   0   0   0  40   0  36   1   0   3   1   0   1   7   0   0   6  0.62 0.28
   41 C     0  -5  -4  -5  11  -5  -5  -3  -5  -4  -4  -5  -4  -5  -5   2  -1  -5  -3  -3    7   0   0   0  67   0   0   1   0   0   0   0   0   0   0  18   2   0   1   1  1.94 0.53
   42 G    -1  -4  -3  -4  -2  -3  -4   3  -4   1   3  -3   4   0  -4  -2  -2  -3  -3   0    4   0   0   0   1   0   0  24   0   7  38   0  12   2   0   2   1   0   0   6  0.40 0.21
   43 I    -2  -4  -4  -5  -2  -4  -4  -5  -4   5   2  -4   4   0  -4  -2   0   1  -1   2    1   0   0   0   1   0   0   0   0  48  13   0  11   2   0   3   6   2   2   7  0.58 0.26
   44 V     0  -3  -2  -3   1  -3  -3  -3  -4   2   0  -3   0  -3  -3   2   3  -2  -3   3    3   0   1   0   3   0   0   0   0   9   9   0   2   0   1  18  24   0   0  26  0.31 0.21
   45 L    -1  -4  -2  -3  -3  -3  -3   5  -4  -1   1  -3   2  -1  -4   1  -2  -4  -3   0    1   0   1   0   0   0   0  45   0   2  19   0   6   3   0  10   1   0   0   8  0.47 0.23
   46 N    -2  -3   2  -2  -1  -2  -2  -1  -1   0   2  -2   4   1  -3   1   0   0   0  -1    1   0  15   0   1   1   0   5   1   4  23   1  14   6   0  17   4   1   2   1  0.17 0.17
   47 F    -3  -3  -3  -4  -1  -3  -4  -4  -1   1   2  -3   5   5  -4  -2  -2  -2   2  -1    0   0   1   0   2   1   0   1   1   6  23   1  18  28   0   4   2   0   6   1  0.48 0.24
   48 G     0  -3   1  -2  -2  -2  -1   4  -1  -1  -3  -1   0  -3  -3   2   1  -4  -1  -2    3   0   9   1   1   0   2  36   1   5   1   2   4   1   0  17   9   0   2   1  0.33 0.18
   49 G    -1  -1   0  -1  -3   1  -1   4  -1  -2  -1   2  -1  -2  -1   1  -1  -3   1  -2    1   0   5   2   0   6   1  30   1   1   6  17   1   1   2   9   2   0   6   2  0.21 0.15
   50 S     0  -3   1  -2  -2  -2  -2  -2  -3  -3  -4  -2  -2  -4  -2   5   4  -5  -3  -2    3   0   7   1   0   0   0   0   0   1   0   0   1   0   1  54  23   0   0   2  0.68 0.34
   51 F    -5  -5  -5  -6  -5  -5  -5  -6  -3  -2  -2  -5  -3   8  -6  -5  -5   6   5  -3    0   0   0   0   0   0   0   0   0   1   1   0   0  68   0   0   0   9  14   0  1.66 0.48
   52 L    -3  -3  -4  -4  -3  -3  -4  -4  -2   0   2  -3   2   6  -4  -3  -2   2   2   0    0   0   0   0   0   0   0   0   0   3  27   0   6  42   0   0   0   2   6   4  0.47 0.16
   53 G     1  -2  -1  -2   0  -1  -2   3  -2  -3  -3  -2  -2  -2  -1   4   0  -3  -3  -3    6   0   0   0   2   1   0  28   0   0   0   0   1   2   2  48   0   0   0   0  0.39 0.17
   54 L    -2  -3  -3  -4   0  -3  -3  -4   0  -1   3  -3   1   1  -4  -2  -2   0   6  -1    0   0   0   0   2   0   0   0   1   1  33   0   2   1   0   2   0   0  45   1  0.54 0.20
   55 M    -1  -3  -3  -4  -2  -2  -3  -4  -3   4   1  -3   5  -1  -3  -1  -1  -3  -2   2    1   0   0   0   0   0   0   0   0  44   2   0  24   0   0   4   1   0   0  11  0.33 0.15
   56 V    -2  -3  -4  -4  -2  -3  -3  -4  -3   1   4  -3   2   0  -3  -3  -2  -2  -2   2    0   0   0   0   0   0   0   0   0   2  57   0   5   2   0   0   0   0   0  22  0.36 0.13
   57 F    -3  -3  -3  -3  -3  -3   0  -4  -2  -1   0  -3  -1   7  -4  -3  -2   0   2  -1    1   0   0   0   0   0   8   0   0   1   4   0   1  69   0   1   1   0   1   2  0.69 0.21
   58 L    -2   0  -4  -4  -2  -2  -3  -4  -3   1   4  -2   2   0  -3  -3  -2   0  -2   0    0   8   0   0   0   0   0   0   0   2  72   0   3   1   0   0   0   1   0   0  0.40 0.16
   59 I    -1  -3  -3  -3  -2  -3  -3  -3  -3   4   1  -3   1   2  -3  -2   0  -2  -1   3    1   0   0   0   0   0   0   0   0  42   1   0   2  11   0   0   7   0   0  22  0.23 0.10
   60 Y    -2  -3  -3  -4  -3  -3  -3  -3  -1   0   0  -3   3   5  -4  -3  -2   5   5  -1    0   0   0   0   0   0   0   0   0   3   2   0  13  34   0   0   0   8  25   0  0.52 0.14
   61 L    -2  -2  -2  -3  -2  -2  -3  -3  -1   2   3  -3   3   0  -3  -2  -1  -2  -1   1    0   0   2   0   0   0   0   0   1   9  50   0  12   2   0   1   0   0   0   7  0.23 0.10
   62 G    -1  -2  -1  -2  -3   1  -1   6  -2  -4  -4  -2  -3  -4  -3   0  -2  -3  -3  -3    0   0   0   0   0   8   2  69   0   0   0   0   0   0   0   4   0   0   0   0  0.71 0.15
   63 G     1  -2  -1  -2  -2  -2  -2   5  -2  -3  -3  -2  -3  -3  -2   1  -1  -3  -3  -3    8   0   0   0   0   0   0  63   0   0   0   0   0   0   0  11   0   0   0   0  0.57 0.11
   64 M    -2  -2   0  -3  -2  -1  -3   0  -2   1   1  -2   6   0  -3  -2  -1  -2  -2   0    0   0   7   0   0   0   0   7   0   3   7   0  50   3   0   0   3   0   0   3  0.23 0.15
   65 M     0  -3  -3  -4  -2  -2  -3  -3  -3   1   4  -3   2   0  -3  -2  -1  -2  -2   1    7   0   0   0   0   0   0   0   0   4  61   0   7   0   0   0   0   0   0   4  0.27 0.10
   66 V    -1  -3  -3  -3  -2  -3  -3  -1  -3   3   0  -3   0  -1  -3  -2  -1  -3  -2   5    0   0   0   0   0   0   0   6   0  14   0   0   0   0   0   0   0   0   0  65  0.30 0.13
   67 V    -1  -3  -3  -4  -2  -3  -3  -4  -3   2   3  -3   2   1  -3  -2  -1  -2  -1   3    0   0   0   0   0   0   0   0   0   4  38   0   5   7   0   0   0   0   0  31  0.22 0.08
   68 F    -5  -5  -5  -6  -5  -6  -6  -6  -4   0  -2  -6  -2   9  -6  -5  -5  -2   1  -3    0   0   0   0   0   0   0   0   0   4   0   0   0  87   0   0   0   0   0   0  1.84 0.55
   69 G     0  -4  -3  -4  -1  -3  -4   3  -4   5  -1  -3   1  -2  -3  -1  -2  -4  -3   1    7   0   0   0   1   0   0  23   0  43   2   0   3   0   1   4   1   0   0   4  0.35 0.24
   70 Y    -4  -4  -3  -5  -5  -4  -4  -5   1  -4  -3  -4  -3   1  -5  -4  -4   0  10  -4    0   0   1   0   0   0   0   0   1   0   2   0   0   0   0   0   0   0  85   0  1.97 0.60
   71 T    -2  -3  -3  -3   1  -3  -3  -3  -3   2  -1  -3   4  -2  -3   1   3  -4  -3   3    0   0   0   0   3   0   0   0   0   9   1   0  15   0   0  12  24   0   0  25  0.32 0.26
   72 T     2  -3  -1  -3  -1  -3  -3  -3  -2  -1  -3  -3  -2  -4  -2   1   6  -4  -3  -1   15   0   1   0   1   0   0   0   1   2   0   0   1   0   1   9  56   0   0   2  0.62 0.36
   73 A     4  -3  -1  -3  -3  -2  -2  -2  -3  -4  -4  -2  -3  -4  -3   5   0  -5  -4  -3   39   0   2   0   0   0   0   0   0   0   0   0   0   0   0  47   3   0   0   0  0.69 0.39
   74 M    -3  -2  -3  -5  -3  -3  -4  -5  -4   3   4  -4   6  -2  -5  -3  -2  -4  -3   0    0   3   1   0   0   0   0   0   0  15  47   0  21   0   0   1   1   0   0   3  0.66 0.35
   75 A     6  -3  -3  -3  -2  -3  -3  -2  -4  -2  -3  -3  -3  -4  -3   1  -1  -4  -4  -1   73   0   0   0   0   0   0   0   0   2   0   0   0   0   0   7   3   0   0   3  0.83 0.43
   76 T     1  -2   0  -2  -2  -2  -2  -2  -3  -1  -2  -2   0  -3   0   5   2  -4  -2  -2    9   0   2   0   0   0   1   1   0   4   2   0   3   0   3  49  13   0   1   2  0.41 0.30
   77 E    -3  -2   7   2  -4  -1   3  -3  -2  -5  -5   0  -4  -5  -3  -1  -2  -5  -4  -4    0   0  51  10   0   0  20   0   0   0   0   4   0   0   0   2   0   0   0   0  0.88 0.41
   78 Q    -3   1  -2   0  -5   2   6  -4  -2  -3  -3   0  -2  -4   1  -2  -3  -4  -4  -4    0   7   0   1   0   6  60   0   0   1   3   2   1   0   6   0   0   0   0   0  0.79 0.40
   79 Y    -2  -2  -2  -4  -3  -2  -3  -4   0  -1   1   1   6   2  -2  -2  -2  -1   6  -2    2   0   1   0   0   1   0   0   1   1  10   9  24   7   2   1   1   0  27   1  0.48 0.31
   80 P    -4  -5  -5  -5  -5  -5  -5  -5  -4   0  -1  -5   2   7   5  -4  -4  -3  -1  -3    0   0   0   0   0   0   0   0   0   5   5   0   5  49  23   0   0   0   0   0  1.19 0.56
   81 E    -1   0   1   0  -3   1   2  -2   0  -2  -2   1   0   0  -1   1   1  -3   0  -2    2   2   8   2   0   4  17   1   3   3   3  11   3   4   2  14   7   0   4   3  0.10 0.15
   82 V    -1  -2  -1  -3  -2  -2  -3  -2  -2   1   1  -1   1   3   0   0   0  -2   1   1    5   0   3   0   0   0   1   3   0   9  13   4   4  18   4   7   6   0   5  10  0.09 0.14
   83 W    -3  -3   1  -3  -2  -3  -3  -3  -1  -4  -4  -2  -2  -2  -1   5  -1   8  -2  -5    1   1   7   1   1   1   1   2   2   1   2   3   1   1   3  45   3  16   1   0  0.92 0.62
   84 V    -1  -3   2  -3  -3  -2  -2   0  -3   1   0  -1   3   1   0   0   1   1  -1   1    3   0  11   0   0   1   1   7   0   8   9   4  11   6   4   6   9   2   2   9  0.09 0.19
   85 S    -2  -2   2  -2  -4  -1  -2  -1  -1  -2  -2   5   1  -1  -1   2  -1   0  -1  -3    1   0  11   2   0   2   1   5   1   2   4  32   3   3   3  16   2   1   2   2  0.35 0.36
   86 N    -2  -2   3  -2  -3  -2  -2  -2  -1   1   1  -1   3   0  -1   0   0   2   0  -2    3   2  17   1   0   1   2   3   1   7  13   4  10   4   3   8   6   3   3   2  0.14 0.21
   87 K    -1  -2  -2  -3  -3  -1  -1  -2  -3   1   1   1   3   1  -1   0   1  -1  -1   0    4   2   2   1   0   1   4   2   0  10  14  10  10   7   3   7   8   1   1   7  0.08 0.17
   88 V    -1  -3  -2  -3  -1  -2  -2  -3  -3   2   2  -1   3   1  -1  -1   0  -3  -1   3    3   1   2   1   1   1   3   2   0  14  16   3   9   5   3   5   6   0   1  19  0.19 0.21
   89 V    -1  -4  -3  -3  -3  -2  -4  -3  -4   3   1  -2   5   2  -2  -1   1  -1   0   2    5   0   1   1   0   1   1   2   0  14  13   2  14   8   2   4   8   1   2  15  0.26 0.27
   90 L    -2  -3  -2  -4   0  -2  -3  -1  -3   2   2  -3   3   2  -2   1   0   1  -1   0    3   0   2   0   2   1   0   5   0  12  23   1   9  10   1  10   6   2   1   4  0.20 0.25
   91 G    -1  -3  -2  -4  -2  -3  -3   2  -4   2   2  -3   4   1  -3   1   0  -1   0   0    3   1   1   0   1   0   1  14   0  11  20   1  12   6   1  10   6   1   3   4  0.20 0.26
   92 T     0  -4  -3  -4  -2  -4  -4  -1  -4   3   1  -3   6   1  -3   0   1  -4  -1   0    7   0   1   0   1   0   0   6   0  15  10   1  19   7   1   9   9   0   2   6  0.33 0.34
   93 F    -2  -4  -3  -5  -2  -4  -5  -4  -4   3   3  -4   4   4  -3  -1  -1   0  -1   0    2   0   1   0   1   0   0   1   0  16  26   1  10  17   1   6   4   1   1   4  0.46 0.38
   94 I    -2  -4  -3  -5  -2  -4  -5  -2  -4   3   3  -4   4   3  -2  -2   0  -1  -2   1    2   0   1   0   1   0   0   3   0  18  22   1  13  13   2   3   6   1   1   7  0.42 0.37
   95 T    -2  -4  -3  -4  -2  -4  -4  -3  -4   2   2  -3   4   3   0   0   0  -1   1   1    2   0   1   0   1   0   1   2   0  12  18   1  11  14   5   8   6   1   4   7  0.27 0.30
   96 G    -1  -4  -3  -4  -1  -4  -4   2  -4   2   2  -3   4   2  -2   0   0  -2  -2   0    4   0   1   0   1   0   0  16   0  14  17   1  10   8   1   8   6   0   1   5  0.23 0.28
   97 L    -2  -4  -3  -5   0  -4  -4  -3  -4   2   3  -3   4   2  -4   1   0  -4  -1   1    2   0   1   0   2   0   0   1   0  13  29   1  12   8   1  11   4   0   1   7  0.38 0.36
   98 L    -2  -4  -3  -5  -4  -4  -5  -3  -3   3   3  -4   5   2  -3  -1   0   3  -1   1    2   0   1   0   0   0   0   2   1  16  24   1  15   8   1   6   5   3   2   9  0.43 0.37
   99 M    -1  -4  -3  -5  -2  -3  -5  -4  -3   3   2  -4   6   2  -2  -2   0  -1  -1   2    4   0   2   0   1   0   0   1   0  15  17   0  22   8   2   4   5   1   2  11  0.49 0.41
  100 E    -2  -4  -3  -4  -2  -3   2  -4  -4   3   2  -3   4   3  -4  -1  -1  -1  -1  -1    2   0   1   0   1   0  17   1   0  18  18   0  12  11   1   4   4   1   2   3  0.36 0.37
  101 F    -2  -4  -2  -3  -2  -2  -3  -3  -4   2   2  -3   4   3  -3  -1   0  -1   1   1    3   0   2   1   1   2   1   2   0  12  21   1  11  13   1   6   5   1   5   8  0.27 0.28
  102 L    -2  -4  -1  -3  -2  -3  -4  -1  -2   2   2  -2   4   3  -2  -1  -1  -1   1   0    3   0   3   1   1   0   1   5   1  13  22   2  12  12   2   5   4   1   4   6  0.25 0.27
  103 M    -2  -4  -2  -3  -2  -3  -3  -3  -4   2   2  -3   5   3  -2  -2   0   2   0   0    2   0   2   1   1   1   1   2   0  13  20   2  15  14   2   4   5   3   3   6  0.38 0.34
  104 V    -2  -3   0   1  -1  -3  -2  -2  -2   3   0  -2   4   1  -3  -1   0   0   1   2    2   0   4   7   1   1   1   2   1  18   8   2  12   6   1   5   6   1   4  14  0.18 0.24
  105 Y    -2  -3   0   3   0  -2  -2  -3  -2   2   1  -2   3   1   0  -1  -1  -1   1   0    2   0   5  20   2   1   1   2   1  11  11   2   8   6   5   5   3   1   4   7  0.15 0.22
  106 Y    -3  -3   1  -2  -1  -1  -3  -2  -2   0   0   0   2   3   0   0  -1   5   4  -2    1   0   8   2   1   3   1   3   1   5  10   7   6  10   5   7   3   8  13   3  0.25 0.28
  107 V    -2  -4   1  -2  -3  -2  -4  -2  -2   1   2  -3   4   2  -2  -1  -1   0   2   1    2   0   7   2   0   1   0   3   1   9  20   1  13  10   2   5   4   1   6   7  0.24 0.27
  108 L    -2  -3   0  -2  -2  -3  -2  -1  -3   1   3  -2   4   3  -2  -1  -1  -1   0  -1    1   0   4   2   1   1   2   5   0   9  25   3  10  14   2   5   4   1   3   3  0.22 0.25
  109 K    -2  -2   1  -1  -2  -1  -1  -1  -2   1   1   0   4   1  -1   0  -1   1  -1   0    1   0   8   3   1   2   4   5   1   9  11   7  12   7   2   8   4   2   2   4  0.08 0.18
  110 D    -2  -3   3   2  -2   0   0   0  -1  -1  -1  -2   1   1  -2   1   0   4   0  -2    1   1  14  13   1   4   5   6   1   3   5   2   4   5   1  13   5   5   4   3  0.18 0.24
  111 K    -2  -2   2   2  -2   0   1   0  -2  -1  -1   1   1   0   0   0  -1  -1   0  -2    2   1  11  11   1   4  10   6   1   5   7  10   4   3   5   5   3   1   3   3  0.07 0.15
  112 E    -2  -2   2   0  -3   0   2  -1  -1  -1   0   0   1   1  -1   0   0   1  -1  -1    1   0  11   5   0   3  13   5   1   4  11   7   5   6   3   8   6   2   2   3  0.06 0.16
  113 V    -2  -3   2  -1  -2  -2  -1  -2  -1   1   1  -2   2   2  -2   0   0   0   0   1    1   0  10   4   0   1   3   3   1   6  17   2   7   9   1   9   7   1   2  11  0.10 0.18
  114 E    -2  -2   2   0  -3  -1   1  -1  -1   1   0   0   2   0  -2   1   1   2   0  -1    1   0  10   4   0   1  11   5   1   7   8   6   6   4   2  10   9   3   3   3  0.07 0.17
  115 I    -2  -3   2  -2  -2  -2  -1  -2  -1   2   0  -2   3   0  -3   1   1   3  -1   1    2   0  12   2   1   1   5   3   2  10   8   2   7   5   1  10   7   4   2  11  0.13 0.20
  116 V    -2  -3   2  -2  -2  -1  -2  -2  -2   1   0  -3   4   1   0   1  -1  -1   0   2    2   0  10   2   1   3   3   2   1   7   8   1  11   6   4  10   3   1   3  16  0.15 0.23
  117 F    -3  -3   1  -1  -1  -2   0  -3  -1   0   0  -3   2   5  -2   0   0   0   1   0    1   1   7   4   1   1   8   1   2   5  10   1   6  21   2   9   6   1   4   6  0.21 0.24
  118 K    -1  -2   2   0  -2  -1   0  -1  -1   0   0   0   3   1  -2   1   0   1   0  -2    3   1  11   5   1   3   7   4   1   7  10   5  10   7   2  10   6   2   2   2  0.08 0.16
  119 F    -3  -3   1  -3  -2   1  -2  -3   0   1   1  -2   4   5  -2  -1   0  -3   2  -1    1   1   7   1   1   6   2   2   2   7  12   2   9  22   2   4   5   0   5   4  0.32 0.29
  120 N    -3  -3   6   1  -4  -1   1  -2  -1  -1  -2   0   1  -1  -2   0   0  -3  -1  -3    2   1  35   6   0   2   9   3   1   4   4   6   3   2   2   7   4   0   2   2  0.50 0.39
  121 G    -2  -3   5   0  -1  -2  -1   1  -1   0  -1  -1   1  -1  -2   1   0  -4   0  -2    2   1  26   5   1   1   4  10   1   5   6   4   3   2   2  13   5   0   4   2  0.29 0.28
  122 M    -2  -3   1  -1  -3  -1   2  -3  -1   0   2  -2   4   0  -2  -1   0  -1   0  -1    3   1   8   2   0   2  14   1   1   6  18   2  13   5   1   5   5   1   3   5  0.18 0.22
  123 G    -2  -3   3  -1  -2  -1   2   2  -1  -1  -1  -1   5  -1  -2   0   0  -4  -1  -2    2   1  14   2   1   2  13  13   1   4   5   3  14   3   2   7   5   0   2   2  0.26 0.27
  124 D    -3  -3   4   4  -4   0   0  -2  -1  -1  -2  -1   3  -2  -1   1   0  -4  -2  -3    2   1  21  19   0   3   5   3   1   4   5   3   7   2   3   9   6   0   1   2  0.37 0.31
  125 W    -2  -3   1   0  -3  -1   1  -3  -2  -1   0  -2   3   0  -1   1   0   8   0  -3    2   1   6   5   1   3   8   2   1   4   8   2   8   4   3  10   6  18   3   2  0.44 0.32
  126 V    -1  -3   1   0  -2  -2  -1  -2  -2   2   0  -2   4   0  -1   0   0  -2  -1   2    4   1   8   4   1   2   4   3   1  10   7   2  12   3   4   8   5   1   2  15  0.14 0.17
  127 I    -2  -3   1  -2  -2  -2  -1  -3  -2   3   1  -2   3   0  -2  -1   0  -1   0   1    2   1   9   2   1   2   4   2   1  19  14   2   9   4   2   5   7   1   3  10  0.22 0.20
  128 Y    -2  -2   0  -1   0  -1  -1  -3   0  -1   0  -1   1   5  -1   0   0  -1   4  -1    2   2   5   3   2   3   3   2   2   4  10   4   3  20   3   7   5   1  14   4  0.28 0.22
  129 D    -2  -2   2   3  -3  -1   1   0  -1   0  -1  -1   1   0   0   0   0  -2   0  -2    3   1  11  17   1   2   9   6   2   6   7   3   4   5   4   7   5   1   3   2  0.13 0.13
  130 T    -1  -2   2  -1  -2  -1  -1   1  -1   0   0  -1   2   1  -1   1   2  -2   1  -1    3   1  10   3   1   2   4   9   1   5   8   2   5   6   3  12  12   0   4   4  0.08 0.12
  131 G    -2  -2   4   0  -2   0   1   1  -2  -1  -1   0   0  -1  -2   0   0  -2  -1  -1    2   1  18   4   1   3  10  13   1   4   8   6   2   3   2   8   5   1   2   5  0.15 0.16
  132 D    -2  -2   1   2  -3  -2   0   2  -1   0   1  -1   3   0  -1   0   0  -2  -1  -2    2   1   6  10   1   1   7  15   1   5  13   3  10   4   3   7   4   0   2   2  0.13 0.15
  133 S    -2  -3   4  -1  -1  -2  -2  -1  -1  -1   0  -1   3   1  -1   2   1  -2   0  -1    2   1  17   2   1   1   3   4   1   4   9   3   7   7   4  16   7   0   3   4  0.19 0.21
  134 G    -2  -3   1  -1  -2  -2  -1   2  -2   0  -1  -1   3   2  -2   2  -1  -2   1  -2    3   1   8   2   1   1   4  17   1   6   6   3   8   7   2  17   3   1   5   2  0.19 0.21
  135 F    -2  -3  -1  -3   2  -3  -3  -3  -2   0   2  -3   2   5  -2  -1  -2  -2   4   0    2   1   3   1   4   1   2   2   1   5  18   2   6  20   3   4   3   0  12   8  0.41 0.27
  136 F    -2  -3   2  -2  -3  -2  -2  -3  -2   2   1  -1   2   3  -2  -2  -1  -1   1   2    2   1   9   2   0   2   2   2   1  13  12   3   5  14   2   3   4   1   5  15  0.25 0.20
  137 S    -2   2   3  -1  -3   1  -1   0  -1  -3  -2   0   1  -2   0   2   0  -3  -2  -3    2  13  16   3   1   5   4   8   1   1   5   5   4   1   4  14   6   0   1   2  0.22 0.21
  138 E    -3  -2  -1  -1  -4   1   6   0  -2  -4  -2  -1  -3  -3  -2  -1  -3  -4  -3  -3    3   2   3   2   0   6  52   7   1   1   4   4   1   1   2   4   2   0   1   2  0.88 0.52
  139 E    -2  -3   6   4  -3  -1   2  -3  -2  -2  -3  -3   1  -3  -3  -1  -1  -4  -3  -3    4   1  32  20   1   3  13   2   1   2   3   1   3   1   2   4   3   0   1   2  0.72 0.43
  140 A     0  -3   0  -3   0  -2  -1  -3  -1   0  -1   0   0   1  -1   3   2   1   2  -1    8   1   4   1   2   2   3   2   1   5   6   6   3   5   2  23  12   2   7   4  0.19 0.22
  141 M    -2  -4   0  -4  -4  -3  -3  -3  -4   3   3  -3   5  -1  -2   0  -1  -3  -1   0    3   1   5   1   0   1   1   2   0  16  28   2  14   3   3   8   4   0   2   6  0.43 0.33
  142 G    -3  -4   4  -3  -5  -2  -3   4  -1  -3  -3  -4   0  -4  -1   3   0  -5  -3  -5    1   1  16   1   0   2   2  31   1   2   3   1   3   1   4  24   4   0   1   1  0.70 0.50
  143 I    -1  -5  -5  -6  -5  -4  -5  -3  -5   2   5  -5   0  -3  -5  -2  -2  -5  -5   3    5   0   1   0   0   1   1   3   0   8  52   1   2   1   0   3   2   0   0  19  0.93 0.56
  144 A     2  -4   5  -4  -3  -1  -3   0  -1   1  -2  -3   2  -4  -4   3   1  -5  -2  -3   15   0  23   0   0   2   2   6   1   7   3   1   4   1   1  19   9   0   1   1  0.49 0.43
  145 A     2  -3  -3  -5  -6  -3  -3  -4  -5  -5  -1   7   2  -5  -4   0  -2  -2  -5  -4   15   0   1   0   0   1   1   2   0   1   7  53   4   1   1   6   3   1   0   1  1.11 0.73
  146 L    -6  -7  -7  -7  -6  -6  -7  -7  -7   1   6  -7   4   2  -7  -7  -6  -6  -1  -3    0   0   0   0   0   0   0   0   0   8  69   0   7   8   0   0   0   0   2   1  1.59 0.84
  147 Y    -7  -7  -8  -8  -8  -7  -8  -8  -3  -5  -4  -7  -3   1  -8  -7  -6  -4  11  -6    0   0   0   0   0   0   0   0   0   1   2   0   1   5   0   1   1   0  86   1  3.31 1.50
  148 S    -4  -6   8   0  -7  -5  -5  -1  -5  -6  -7  -6  -7  -8  -7   3  -4  -2  -5  -7    2   0  63   5   0   0   1   5   0   1   1   0   0   0   0  19   1   1   1   0  1.90 1.04
  149 Y    -4  -4   3  -4   4   1  -3  -5  -1  -4  -3   0  -2   4  -1  -1  -3   0   7  -4    1   0  12   1   7   7   1   1   1   1   3   6   1  13   3   4   2   1  32   1  0.89 0.60
  150 G    -4  -7  -5  -6  -7   0  -6   4  -4  -7  -6  -5  -3  -5   8  -3  -3  -8  -6  -5    1   0   0   0   0   4   0  29   1   0   1   0   1   1  54   2   2   0   0   1  1.82 1.01
  151 T    -2  -1   3  -5  -2  -4  -5   1  -4  -2  -5  -5  -2  -2  -5   2   6   0  -2  -1    2   3  13   0   1   0   0  10   0   3   1   0   1   2   0  13  41   1   1   4  0.85 0.63
  152 W    -4  -6   7  -4  -7  -6  -6   0  -2  -5  -5  -4   2   1  -4  -1  -5  10   0  -4    2   0  37   1   0   0   0   6   1   1   1   1   4   6   1   5   1  28   3   2  1.67 0.92
  153 L    -2  -7  -7  -8  -6  -6  -6  -5  -7   3   5  -6   5   3  -6  -4  -3  -4   0  -1    4   0   0   0   0   0   0   1   0  14  45   0  14  10   0   1   2   0   3   4  1.08 0.64
  154 V    -5  -7  -7  -8  -6  -7  -7  -8  -7   5   3  -7   5   0  -7  -5   2  -7  -4   3    0   0   0   0   0   0   0   0   0  32  20   0  13   4   0   0  11   0   0  17  1.17 0.68
  155 I    -2  -7  -6  -7  -6  -6  -7  -6  -7   6   3  -7   4  -1  -7  -5   2  -7  -5   3    3   0   0   0   0   0   0   1   0  34  20   0   9   2   0   0  13   0   0  17  1.08 0.64
  156 V    -5  -7  -8  -8  -6  -7  -8  -7  -7   3   4  -7   8   2  -8  -6  -5  -7  -4   3    0   0   0   0   0   0   0   0   0  12  31   0  27   7   0   0   1   0   0  20  1.43 0.78
  157 T     1  -6  -7  -7  -3  -6  -7  -2  -7  -1   5  -6   5   0  -6  -2   2  -6  -4  -2   13   0   0   0   1   0   0   3   0   3  47   0  12   4   0   3  11   0   0   2  0.94 0.62
  158 G     0  -7  -7  -7  -2  -6  -7   4  -7   4  -4  -7   7  -5  -7  -6  -5  -4  -6   2    9   0   0   0   1   0   0  30   0  20   1   0  26   0   0   0   0   0   0  12  1.33 0.78
  159 W    -6  -7   5  -6  -4  -6  -7  -6  -6   3   0  -7   3   0  -8   0  -3  10  -1  -4    0   0  24   0   0   0   0   0   0  16   7   0   7   3   0   7   2  29   2   1  1.56 0.86
  160 S    -3  -8  -6  -9  -3  -7  -8  -3  -5   1  -7  -8  -1  -2  -9   2  -2  -4  10  -1    2   0   0   0   1   0   0   3   0   6   0   0   2   1   0  13   3   0  65   4  2.16 1.13
  161 L    -8  -9 -10 -10  -8  -9  -9 -10  -9  -4   8  -9  -2  -4  -9  -9  -8  -8  -7  -5    0   0   0   0   0   0   0   0   0   0  98   0   1   0   0   0   0   0   0   0  2.61 1.23
  162 L    -7  -9  -9 -10  -8  -9  -9 -10  -8  -5   5  -9  -3   9 -10  -9  -8  -6  -4  -4    0   0   0   0   0   0   0   0   0   0  41   0   0  58   0   0   0   0   0   1  2.38 1.09
  163 I    -4  -8  -8  -8  -6  -7  -8  -9  -8   6   5  -7   2  -1  -8  -7  -3  -7  -6   3    1   0   0   0   0   0   0   0   0  35  41   0   4   2   0   0   1   0   0  15  1.43 0.72
  164 G     0  -7  -5  -7   2  -7  -7   2  -8  -7  -7  -7  -7  -8  -7   0   8  -8  -8  -5    9   0   0   0   3   0   0  13   0   0   0   0   0   0   0   7  67   0   0   1  1.83 1.01
  165 V    -7  -8  -9  -9  -7  -8  -8  -9  -8   2   6  -8   1  -4  -8  -8  -6  -7  -6   3    0   0   0   0   0   0   0   0   0  10  69   0   3   1   0   0   0   0   0  17  1.74 0.85
  166 V    -6  -8  -8  -9  -4  -8  -7  -9  -2   7   1  -8  -2   3  -8  -7  -5  -6   2   2    0   0   0   0   0   0   0   0   1  57  12   0   1  11   0   0   0   0   6  11  1.64 0.78
  167 V     5  -7  -7  -8  -6  -7  -7  -4  -8   4  -4  -7  -1  -6  -7  -4  -3  -8  -7   5   39   0   0   0   0   0   0   1   0  20   0   0   1   0   0   1   1   0   0  35  1.38 0.77
  168 I    -1  -8  -8  -9  -4  -8  -8  -9  -9   5  -4  -8  -2  -6  -8  -5  -2  -8  -7   7    6   0   0   0   0   0   0   0   0  25   0   0   1   0   0   1   3   0   0  64  1.87 0.90
  169 M    -5  -8  -7  -9  -5  -7  -7  -9  -8   3   2  -8   4  -6  -8  -6  -4  -5  -6   7    1   0   0   0   0   0   0   0   0  12  15   0   9   0   0   0   1   0   0  62  1.70 0.84
  170 E    -6  -4  -2  -5  -5  -4   5  -7  -6  -4  -8   7  -6  -6  -7  -4  -5  -9  -3  -3    0   0   2   0   0   0  29   0   0   1   0  60   0   0   0   1   1   0   1   2  1.82 0.97
  171 I    -7  -9  -9  -9  -7  -9  -9 -10  -9   9  -1  -9  -2  -6  -9  -8  -6  -9  -7   2    0   0   0   0   0   0   0   0   0  81   5   0   1   0   0   0   0   0   0  13  2.54 1.07
  172 T    -5  -7  -6  -7  -5  -7  -7  -8  -8  -3  -6  -7  -7  -8  -7  -1   8  -9  -8   1    1   0   0   0   0   0   0   0   0   2   0   0   0   0   0   3  84   0   0  10  2.44 1.17
  173 R    -6   7   4  -3  -8  -1  -4  -6  -4  -7  -7   5  -6  -7  -6  -4  -5  -7   0  -7    0  48  15   1   0   1   0   0   0   0   0  30   0   0   0   0   0   0   3   0  1.63 0.77
  174 G    -3  -5  -4  -5  -6  -5  -4   6  -3   4  -4   0   0  -4  -6  -1  -4  -6  -3  -4    1   0   0   0   0   0   1  57   1  24   0   7   2   1   0   4   1   0   1   0  1.18 0.59
  175 N    -5   3   8  -3  -7  -4  -4   1  -1  -7  -7  -4  -6  -7  -6   0  -4  -7  -6  -7    0  13  70   0   0   0   0  10   1   0   0   0   0   0   0   6   0   0   0   0  1.82 0.76

                      K         Lambda
Standard Ungapped    0.1474     0.3287
Standard Gapped      0.0532     0.2670
PSI Ungapped         0.1740     0.3176
PSI Gapped           0.0532     0.2670
