
Last position-specific scoring matrix computed, weighted observed percentages rounded down, information per position, and relative weight of gapless real matches to pseudocounts
            A   R   N   D   C   Q   E   G   H   I   L   K   M   F   P   S   T   W   Y   V   A   R   N   D   C   Q   E   G   H   I   L   K   M   F   P   S   T   W   Y   V
    1 M    -6  -7  -8  -8  -7  -6  -7  -8  -7   1   0  -7  10  -5  -8  -7  -6  -7  -6   1    0   0   0   0   0   0   0   0   0   7   9   0  75   0   0   0   0   0   0   9  2.85 1.08
    2 Q     1   1   3  -1  -5   2   1  -3   1  -2  -4   2  -3  -4  -1   2   1  -5  -3  -4   14   8  13   2   0  10  10   0   3   3   0  11   0   0   3  14   7   0   1   0  0.37 0.30
    3 Q    -1   0   2   1  -3   2   1  -3   1  -4  -4   2  -1  -5   2   1   2  -6  -4  -3    3   5   9   7   0   9  10   2   4   0   1  13   1   0   9  11  15   0   0   1  0.37 0.30
    4 K     0   2   1   0  -5   1   1  -3   1  -3  -4   2  -3  -4   3   0   2  -6  -4  -3    7  10   6   5   0   6  11   1   4   1   1  15   1   0  13   7  12   0   0   1  0.36 0.29
    5 S     2   0   1  -1  -4   0   1  -1  -1  -2  -4   1  -2  -4   0   2   2  -5  -3  -2   15   4   5   3   0   3  10   4   1   2   1   9   1   0   5  17  15   0   1   3  0.27 0.26
    6 D     0   1   1   1  -3   1   2  -1   1  -2  -3   2  -3  -4   1   1   0  -4  -3  -2    9   7   7   8   0   7  14   4   4   2   1  11   0   0   6  10   6   0   0   2  0.23 0.21
    7 N    -1   1   3   1  -3   1   1  -1   2  -3  -4   1  -1  -4   1   1   1  -5  -3  -3    5   7  13   7   1   6  11   3   5   2   1  10   1   0   7  10  10   0   1   1  0.27 0.24
    8 V    -1   1  -2  -3  -4  -1  -1  -3  -1   1   0  -1   5   0   2  -1   1   0   1   0    4   9   1   1   0   3   3   2   1   7   9   4  16   4  10   4   8   1   5   7  0.24 0.24
    9 V     0   3  -2  -2  -4   2   1  -3  -1  -1  -2   3  -2  -4  -1  -1   1  -5  -3   0    7  14   1   1   0  10  10   1   2   4   3  20   1   0   3   3  10   0   1   8  0.33 0.29
   10 S    -1   4  -2  -2  -4   1   0  -3  -2  -2  -3   3  -2  -4   0   1   1  -2  -1  -3    6  25   1   2   0   6   6   1   1   3   2  18   1   0   5  11  10   0   2   1  0.47 0.36
   11 H    -2  -1  -4  -4  -4  -1  -2  -5   3   4  -1  -2  -1  -1  -3  -3  -1  -5   1   5    3   3   1   1   0   2   3   0   7  21   4   3   1   2   1   2   4   0   4  38  0.69 0.43
   12 Y    -3   3  -3  -5  -5  -1  -3  -6   0  -3   0   3  -2  -1   2  -4  -3  -2   6  -3    2  18   1   0   0   3   1   0   2   1   9  18   1   2  10   1   2   0  26   2  0.78 0.50
   13 V    -3   0  -5  -6  -3  -5  -2  -6  -5   3   1  -3  -1  -4  -5  -5  -3  -6  -4   6    2   6   0   0   1   0   4   0   0  17  13   2   1   0   1   0   1   0   0  52  1.10 0.58
   14 F    -7  -7  -6  -8  -8  -5  -8  -8   4  -6  -6  -6  -3   3  -8  -7  -5  12   5  -6    0   0   0   0   0   1   0   0   7   0   1   0   1   9   0   0   1  60  19   0  3.30 1.28
   15 E    -3  -2  -2   7  -3  -1   0  -3  -3  -6  -6  -2  -5  -7   1   2   0  -7  -5  -6    1   2   2  50   1   2   6   2   1   0   1   2   0   0   8  16   5   0   0   0  1.18 0.65
   16 A     1   1  -3  -5  -4  -3  -4   0  -4   0   3  -2  -2  -1   3  -2  -2   4  -3  -1   11   8   1   0   0   0   0   7   0   4  32   2   1   2  16   3   2   6   0   5  0.47 0.35
   17 P     0  -3  -4  -6  -4  -4  -5  -3  -4  -2   1  -5  -3   3   6  -1  -2   5   0   0    7   1   1   0   0   1   0   3   0   2  12   0   0  11  36   4   2   8   3   7  0.92 0.54
   18 V    -2  -4  -4  -4  -4  -3   0  -6  -3   2   2  -5   0  -2  -6  -3   3  -6  -2   5    2   1   1   1   0   1   6   0   1  11  15   0   2   1   0   1  20   0   1  35  0.72 0.47
   19 R    -7   9  -7  -8  -5  -4  -6  -8  -6  -5  -7  -2  -4  -6  -8  -6  -7  -9  -8  -6    0  95   0   0   0   0   0   0   0   1   0   1   0   0   0   0   0   0   0   1  3.14 1.33
   20 I    -2  -6  -6  -7  -1  -5  -7  -5  -6   4   4  -6   0   2  -6  -4  -3   3  -3   2    3   0   0   0   1   0   0   1   0  24  38   0   1   9   0   1   1   4   0  15  0.94 0.52
   21 W    -3  -7  -4  -6   2  -4  -6  -4  -4  -1  -1  -7   0   7  -6  -2   1   8   1  -2    2   0   1   0   4   1   0   1   0   3   5   0   2  40   0   4  10  18   4   3  1.42 0.71
   22 H    -8  -5  -4  -4 -10  -6  -7  -6  12 -10 -10  -4  -8  -8  -9  -8  -8  -9  -3 -10    0   1   1   1   0   0   0   1  95   0   0   1   0   0   0   0   0   0   1   0  4.30 1.64
   23 W    -5  -7  -9 -10  -8  -8  -9  -4  -5  -5  -5  -9  -4  -3  -9  -7  -7  13  -3  -6    1   0   0   0   0   0   0   2   0   1   2   0   1   1   0   1   0  89   0   1  4.72 1.80
   24 L     1  -4  -4  -5  -1  -3  -4  -1  -5   2   3  -4   0  -2  -4   2   1   0  -3   2   10   0   1   0   1   1   0   5   0  13  26   0   2   2   0  14   9   1   1  13  0.40 0.31
   25 T    -4  -2   5  -4  -5   2  -5  -4  -1   0   4  -4   2   0  -5  -3  -1  -3  -3  -1    1   2  29   1   0   8   0   1   1   5  32   0   5   4   0   1   4   0   1   3  0.80 0.50
   26 V     5  -6  -6  -6  -3  -5  -5  -3  -6  -2  -1  -5  -1   0  -3  -3  -2  -2  -5   5   41   0   0   0   1   0   0   2   0   1   7   0   2   4   2   1   2   1   0  33  1.05 0.61
   27 L     2  -5  -5  -4  -1  -5  -5  -1  -5   3   3  -5  -1   1  -1  -3  -1  -2  -3   2   17   0   0   1   1   0   1   4   0  14  29   0   1   7   4   2   3   1   1  13  0.52 0.33
   28 C     3  -5  -4  -4   6  -4  -4  -1  -5  -1   2  -5  -1  -2  -4   2   0  -5  -4  -1   24   0   1   1  13   1   1   5   0   3  19   0   2   2   1  16   6   0   1   5  0.61 0.41
   29 M    -4  -6  -6  -5  -1  -4  -6  -5  -6   5   1  -6   3   4  -6  -5  -3  -5  -3   4    2   0   0   1   1   1   0   1   0  29  11   0   6  17   0   1   1   0   1  26  1.10 0.55
   30 A     2  -5  -4  -5  -1  -5  -5  -2  -5   3   2  -5   0   2  -3  -1   1  -5  -2   3   15   0   1   0   1   0   0   3   0  16  19   0   2   9   2   4   8   0   1  16  0.47 0.32
   31 V     2  -5  -4  -4   0  -5  -4   2  -4   2   2  -5   0   1  -4  -3   0  -2  -2   3   14   0   1   1   2   0   1  16   1  10  17   0   2   5   1   2   6   1   1  19  0.45 0.30
   32 L     2  -6  -4  -5  -1  -1  -5  -4  -6  -3   5  -5   5  -3  -6   0  -3  -6  -6  -3   16   0   1   1   1   3   1   2   0   2  49   1  12   1   0   6   2   0   0   2  1.07 0.59
   33 M    -1  -5  -6  -5   1  -4  -6  -3  -6   4   2  -6   2   4  -6  -2  -3   7   2   2    6   1   0   1   3   1   1   3   0  17  16   1   4  13   0   4   2  11   5  12  0.79 0.40
   34 V     1  -4  -4  -6  -1  -6  -4  -1  -6   3   2  -6   2   3  -3  -3  -2   4   1   3   10   1   1   0   1   0   1   6   0  13  16   1   5  11   2   2   3   5   4  17  0.54 0.29
   35 T    -2  -7  -4  -4  -1  -4  -7  -5  -7  -2  -2  -5  -2  -3  -7   4   6   0  -4  -3    4   0   1   1   1   1   1   2   0   3   5   1   1   1   0  28  45   1   1   2  1.39 0.81
   36 G     1  -4  -2  -5  -3  -3  -5   7  -3  -3  -5  -7  -3  -4  -4  -1  -4  -2  -4  -2   11   1   3   1   1   1   1  63   1   2   1   0   1   1   1   5   2   1   1   3  1.51 0.82
   37 Y    -3  -4  -3  -3  -3  -1   1  -4  -1   0   3   0   0   4  -5  -3  -2   6   3  -2    3   1   2   2   1   3   8   2   2   5  22   6   2  15   1   2   3  10   8   3  0.57 0.35
   38 F    -1  -1  -1  -2  -2   1   0  -2  -2   1   1  -3   1   3  -4  -2  -1   1   3   0    5   4   3   2   1   6   7   4   1   8  15   1   4  12   1   4   4   2   9   6  0.23 0.16
   39 I    -2  -4  -2  -3  -1  -3  -3   1  -2   6   0  -4   3  -1  -4  -2  -3  -1  -2   0    4   1   2   2   1   2   2  12   1  38   9   2   5   2   1   4   2   1   2   5  0.76 0.40
   40 G     1  -1   1  -1  -6  -1  -1   3   5  -3  -3  -3   0   0  -2  -1  -2   1   3  -3   11   4   6   4   0   3   4  22  10   2   4   2   2   4   3   5   2   2   8   2  0.39 0.27
   41 K     0  -1   3   1  -1  -2   0   1   0  -2  -2  -1   1   1  -3   0  -1   3   2  -2    7   4  15   8   2   2   6   9   2   2   5   5   4   5   2   7   3   4   7   3  0.21 0.18
   42 P     1  -2  -1   0  -6  -2  -1  -1  -1  -1  -1  -2   1   1   4  -1  -1   5   1  -1   12   2   3   5   0   2   4   5   2   3   6   3   3   5  18   5   4   8   5   5  0.32 0.26
   43 L    -1  -1  -1  -1   1  -1  -1  -1   3   0   0  -1   2   3   0  -1  -1   3   3  -1    5   3   3   4   3   3   5   6   6   5   9   3   5  10   5   4   4   4   9   4  0.16 0.13
   44 P    -1   0   0   0   2   0   0  -1   2   0  -1   0   2   1   0  -1   0   4   1  -1    5   5   5   5   5   5   5   5   5   5   5   5   5   5   5   5   5   5   5   5  0.09 0.08
   45 S     0   0   0   0  -2  -1  -1   0   0   1   0  -1   0   0  -1   1   1   0  -1   0    9   6   5   5   1   3   4   7   3   7  10   3   2   4   4  12   8   1   2   5  0.04 0.04
   46 V    -1  -2  -1  -1  -2  -1   0  -1  -1   1   1  -2   1   3   0  -1   0   1   0   1    5   2   3   3   1   3   6   5   1   8  13   3   4  14   6   4   5   2   3   9  0.10 0.09
   47 S     0  -2   0  -1  -3   0  -1   1   0  -2  -1  -2   0   1   3   1  -1   4   0  -2    8   2   5   3   0   4   4  11   3   3   6   2   2   5  15  12   4   5   3   3  0.21 0.18
   48 G     1  -1   0   0  -3  -1   0   3  -1  -2  -1  -1  -1   1   0   0  -1   2  -1  -1   10   3   4   5   1   2   5  25   1   3   5   3   2   5   6   6   4   3   2   4  0.20 0.15
   49 E    -1   0  -1   1  -2   0   3   0   0  -1  -1  -1  -1  -1   0   0   0   1   0  -1    5   5   2   8   1   3  23   7   2   4   7   4   2   3   4   6   5   2   3   4  0.16 0.15
   50 A     2  -1  -1  -1  -1  -1   0   0   0   0  -1  -1   0   0   1   0   0   1   0  -1   20   2   2   3   1   3   6   8   2   6   6   4   2   4   7   6   7   2   4   5  0.09 0.10
   51 T     0  -1  -1   0  -2  -1  -1   0   0  -1  -1  -1  -1   1   1   1   2   2   1   0    6   3   3   5   0   3   4   8   2   4   5   3   2   5   8  10  14   3   5   7  0.09 0.10
   52 Y     0  -1   1   1  -1   0  -1   0   0   0   0  -1   0   0  -1   0   0   5   1  -1    9   2   8   7   1   4   3   7   3   6   9   3   2   5   3   6   4   7   6   5  0.09 0.09
   53 L     0   0   0  -1  -2   0  -1   0   1   0   1  -1   0   1  -1   0   0   3   1   0    6   4   6   3   0   4   3   7   4   4  14   4   3   7   3   7   5   4   6   5  0.05 0.07
   54 F    -1  -1  -1   0  -1  -1  -1   1   1  -1   0  -1   1   4  -1  -1   0   2   2  -1    5   3   3   5   2   3   5  11   3   3   9   3   3  18   2   5   5   3   7   3  0.16 0.15
   55 Y     0  -1   0   0  -2   0  -1   0   0   0   0  -1   0   1   0   0   0   4   0   0    6   3   4   7   0   4   4   8   2   4  12   3   3   7   5   6   5   6   4   7  0.04 0.07
   56 M    -1   0   0  -1  -3   0   0   0   1  -1   0   0   2   2   1  -1   0   2   1  -1    4   6   4   4   0   4   5   7   4   3   8   6   7   9   6   5   4   3   5   5  0.05 0.09
   57 G    -1   0   0   0  -3   0   0  -1   2   0  -1   0   1   0   0   0   0   3   1   0    5   5   5   5   0   5   5   5   5   5   5   5   5   5   5   5   5   5   5   5  0.06 0.08
   58 Y     0   0  -1   0  -3  -1   1   1   0  -1  -1  -1  -1  -1  -1   0   0   7   2  -2    7   4   4   5   0   2   8  10   2   3   7   4   2   2   4   7   5  13   6   3  0.25 0.18
   59 I     2  -2   0  -1  -1  -2  -1   0  -2   1   1  -2   1  -1  -1   0  -1   4   0   0   20   2   4   3   1   2   3   7   1   9  13   2   4   3   3   5   3   6   3   7  0.16 0.14
   60 R    -1   5  -2  -1  -4  -1  -2  -3  -2   0   0   0   2   0  -3  -2  -2   0  -1   0    4  35   1   4   0   3   2   2   1   6   9   5   5   3   1   3   2   2   2   8  0.49 0.31
   61 L     0   0   0   0  -2   1   0   0   0  -1   0  -1   0   2  -1   0   0   1   1  -1   10   4   5   7   1   6   5   6   2   3  12   4   3   9   3   6   7   2   4   3  0.03 0.05
   62 I     0  -4  -4  -5  -3  -3  -4  -1  -1   3   2  -4  -1   0  -2  -3  -1   8   0   1    8   1   1   0   1   1   1   5   2  14  18   1   1   3   2   1   4  20   3  11  0.69 0.42
   63 H    -3  -3  -5  -6  -8  -4  -3  -2  11  -8  -4  -4  -7  -7  -4  -4  -4  -1  -3  -5    3   1   0   0   0   1   1   4  79   0   2   1   0   0   1   2   1   1   1   1  3.09 1.33
   64 F    -1   0   0  -3  -2   0  -1  -1  -1   0   1  -2   1   4  -2  -1  -1   3   0   0    5   7   4   1   1   4   5   5   1   6  12   2   4  22   2   3   3   4   2   7  0.21 0.21
   65 S     1  -1  -3  -4  -2  -2  -3  -2  -2   2   1  -3   1   2  -3  -1   0   5   2   1   12   4   1   1   1   1   2   2   1  11  16   1   3   7   1   4   6   9   6  11  0.28 0.24
   66 A     4  -3  -3  -5   2  -4  -3  -2  -4   1   1  -4   0   4  -4   0  -1   0  -1   1   31   2   1   0   4   0   1   3   0   7  13   0   2  15   0   6   4   1   1   8  0.45 0.36
   67 G     2  -4  -3  -4  -2  -3  -5   6  -3  -3  -4  -5   3  -3  -4  -2  -4  -6  -6  -3   19   1   1   1   1   1   1  57   1   1   2   0   6   2   1   2   1   0   0   2  1.26 0.70
   68 M    -1  -4  -4  -5  -3  -3  -4  -5   0   0   0  -4   0   3  -4  -4  -2   7   7  -1    5   1   1   1   1   1   1   1   2   6   8   1   2  11   1   1   2  15  34   5  1.14 0.62
   69 V     1  -2  -3  -5  -1  -4  -4  -2  -4   2   2  -4   0   1  -3  -1   1  -2   0   3   14   2   1   0   1   0   0   4   0  13  22   0   2   6   1   3   8   1   3  18  0.33 0.27
   70 F     0  -3  -3  -4  -2  -3  -5  -4  -5   1   3  -5   1   4  -5  -3  -1   1  -1   1    9   1   2   1   1   1   0   1   0   8  33   0   3  19   0   2   3   2   2  11  0.58 0.38
   71 T     2  -4  -3  -1   0  -4  -4  -1  -2   2   2  -4   1   1  -3  -1   0   1  -3   1   18   0   1   3   2   0   0   5   1  14  23   0   4   5   1   3   6   2   0  11  0.30 0.26
   72 V     2  -3  -3  -3   0  -3  -3   2  -2   2   1  -4  -1   1  -3  -1   0  -2  -2   1   21   1   1   1   2   1   1  18   1  11  13   0   1   7   1   3   5   1   1  11  0.30 0.26
   73 V     0  -2   2  -1   1  -1  -2   1   0   0   1  -2   0   0  -1   0   0   2   0   0    6   0  15   3   3   3   0   9   3   5  14   0   3   4   3   8   7   3   3   6  0.08 0.15
   74 L     0   0   0  -2   2  -2   0   0  -2   0   0  -2   1   1   1   0   0   4   1   0    6   6   6   0   6   0   6   6   0   6   6   0   6   6   6   6   6   6   6   6  0.04 0.14
   75 L     1  -7 -10  -8  -2  -7 -10  -3  -5   4   4  -9  -1   1  -8  -4  -2  -5  -6   3   13   0   0   0   1   0   0   3   0  18  36   0   1   5   0   2   3   0   0  15  1.02 0.58
   76 M     0  -8  -9  -9  -2  -7  -9   0  -5   1   2  -7  -1   7  -6  -5  -3   3  -1   2    9   0   0   0   1   0   0   7   0   8  16   0   1  33   1   1   2   4   2  12  1.10 0.59
   77 R    -2   7  -7  -8  -8  -4  -7  -7   0  -3  -5  -3  -2   1  -6  -5  -4   3   5  -6    4  55   0   0   0   1   0   1   2   2   2   2   1   5   1   1   2   3  15   1  1.83 0.95
   78 I    -3  -7  -8  -9  -3  -7  -8  -3  -8   5   4  -8   1   2  -7  -6  -2   1  -5   3    3   0   0   0   1   0   0   2   0  24  35   0   4   7   0   1   3   2   1  17  1.15 0.61
   79 Y     0  -8  -8  -8  -1  -6  -7  -2  -5   3   2  -8  -1   3  -6  -4  -4   1   6   3    8   0   0   0   1   0   1   4   0  15  17   0   1   9   1   2   2   2  20  16  0.94 0.53
   80 W    -2  -4  -6  -6  -4  -7  -8  -5  -2  -2   1  -7   0  -1  -9  -5  -6  11   4  -4    4   1   1   1   1   0   0   1   1   3  14   0   2   3   0   1   1  51  13   2  2.61 1.31
   81 A     2  -5   0  -8  -5  -5  -4   5   2  -3  -2  -6  -1   2  -6   0  -3  -2   1  -3   14   1   5   0   0   1   1  40   4   2   5   0   2   7   0   8   2   1   4   2  0.86 0.55
   82 F    -4  -7  -7  -9  -2  -7  -9  -7  -6   2   3  -7  -1   7  -9  -6  -5   0  -3   1    2   1   0   0   1   0   0   1   0  10  27   0   2  41   0   1   1   1   1  10  1.59 0.81
   83 V     1  -2  -3  -7  -2  -6  -7  -5  -5   4   0  -4   0   4  -6  -4   1   2  -3   4   10   2   1   0   1   0   0   1   0  17   8   1   2  16   0   2   7   3   1  24  0.81 0.46
   84 G    -3  -4   0  -2  -5  -5  -6   6  -4  -4  -4  -5  -5  -3  -5   2   3  -4  -5  -5    3   1   4   2   0   1   1  50   1   1   2   1   0   1   1  13  14   0   1   1  1.20 0.71
   85 N    -3   1   4  -2  -5  -4  -4   4  -1  -5  -6   0  -7  -5   1   2   1  -3  -6  -5    2   8  16   2   0   1   2  24   1   1   1   6   0   1   8  15   8   0   0   1  0.69 0.48
   86 R    -3   5  -1  -1  -5   0   1  -2   6  -5  -4   2  -4  -2  -1  -1  -1  -2  -2  -4    3  25   4   3   0   4  10   4  14   1   3  10   1   2   3   5   4   1   2   2  0.67 0.44
   87 Y    -4  -3  -2  -3  -4  -2  -2  -2   6  -1  -1  -2  -3   4  -2  -1   1   5   5  -2    2   2   2   2   0   2   3   4  14   4   7   3   1  13   2   5   8   6  18   3  0.73 0.42
   88 S     5   2  -3  -1  -4  -1  -1  -3  -1  -4  -3   1  -2  -3  -4   1  -1  -2  -4  -3   38  11   1   3   1   3   4   2   2   1   3   7   1   1   1  11   3   1   1   3  0.67 0.45
   89 R    -3   7  -1  -2  -4   0  -3  -3   1  -4  -3   1  -1  -4  -3  -2  -4  -1  -2  -4    2  53   3   3   0   4   2   3   3   1   3   7   1   1   2   3   2   1   2   2  1.34 0.74
   90 E    -5   1  -2   2  -5   0  -1  -5  -2  -2  -2  -2  -2   6  -4  -4  -4   7   1  -3    1   7   3   9   0   5   5   2   1   3   4   3   1  30   1   2   2  15   4   2  1.07 0.59
   91 L     0   3  -2  -1  -2  -2  -3  -1  -2   1   1   1  -1  -1  -3   2  -1   1  -2  -1    7  16   2   4   1   2   2   4   1   7  15   7   2   2   1  16   4   2   2   4  0.23 0.19
   92 F     1   0   0   2  -4   1  -1  -2   2  -1  -1   1  -1   3  -1   1  -1  -1   0  -2   10   5   5   9   0   7   3   3   4   3   6   8   1  13   4   9   4   1   3   2  0.18 0.15
   93 I    -3  -2  -3  -4  -2  -4  -3  -5  -1   0   2  -1  -1   7   0  -2  -2   2   2  -1    3   3   1   2   1   1   2   1   2   6  16   4   2  33   5   3   3   2   7   4  0.80 0.42
   94 V    -2  -1  -3  -1  -4  -2  -3  -3  -2   2   2  -2  -1   2   1  -2  -1   3   0   2    4   4   2   4   0   2   2   3   1  11  19   3   2   8   8   4   4   4   3  15  0.27 0.18
   95 P    -2   1  -2  -3  -2  -2  -3  -3  -1  -3  -3   0  -3   0   7  -2  -2   1   0  -2    4   7   2   2   1   2   2   3   2   2   4   5   1   4  45   4   3   2   3   4  1.00 0.59
   96 V     0   0  -1  -1  -2  -2  -2   0  -1   1   1  -1   0   1   0   1   1   1  -1   1    6   4   3   3   1   2   2   8   2   6  12   4   3   6   5  10  10   2   2   9  0.05 0.07
   97 W    -1   1  -1  -1  -5  -2  -2  -2   0  -2  -1  -1  -1   2   4   1   1   5  -1  -3    5   6   3   4   0   2   3   4   2   3   7   3   1   7  21   9   9   7   2   2  0.38 0.28
   98 R    -1   3   0  -1  -3   0  -2  -2  -1   0  -1   1  -1  -2   2   1   1  -2  -3  -1    6  16   5   4   1   4   3   4   1   5   7   8   2   2   9  11   7   1   1   4  0.19 0.17
   99 K     2   3  -2  -1  -3  -1   0  -1  -2  -2  -2   4  -1  -3   1  -1  -1  -1  -3  -2   13  16   2   3   1   3   6   5   1   3   5  20   1   1   7   4   4   1   1   3  0.36 0.27
  100 S     2   1   0   0  -1   1   0   0   1  -1   0   0  -1  -2  -2   0  -1   0  -2  -1   16   7   5   5   1   6   6   7   3   4   9   6   1   2   2   8   4   1   2   4  0.08 0.08
  101 W    -1  -1  -1   1  -2  -1  -2  -1  -1   0   0  -3  -1   4  -3  -1  -2   6   3  -1    5   3   3   9   1   3   3   5   2   5  10   2   1  16   2   4   3  10   8   5  0.42 0.24
  102 W    -2   1  -3  -2  -2  -1  -3  -1  -1   2   1  -1  -1   2   0  -2  -2   7  -2   1    5   8   1   3   1   3   2   5   2   9  14   3   2   7   5   3   3  15   2   8  0.44 0.27
  103 Q    -1   4  -1  -2  -2   1  -1  -2   3  -2  -2   3  -2  -2  -1  -1  -1  -1   1  -2    5  20   3   3   1   6   5   4   5   3   4  17   1   2   4   5   4   1   4   3  0.37 0.26
  104 G     0   0   1   2  -2   0   1   3   1  -1  -2  -1  -1  -2  -3   0  -2   0  -2  -2    8   5   7   9   1   5  10  22   3   3   5   3   2   2   2   6   3   1   2   3  0.23 0.18
  105 V     0  -2  -3  -3  -1  -2  -3  -3  -1   2   2  -2   2   1   2  -2  -2   2   0   2    8   3   2   1   1   2   2   3   2  10  19   2   5   6  10   3   3   2   4  12  0.26 0.18
  106 W     0   0  -1  -2  -1  -1  -3   0  -1   1   1   1   1   2  -1  -2  -2   5  -1   0    7   6   3   2   2   2   2   8   1   8  12   7   4   7   4   3   3   8   2   7  0.19 0.13
  107 Y     2   2  -2   0  -1   0   0  -1   3  -2  -2   0  -1  -1  -1   0   0   0   0   0   16   9   2   5   1   5   6   4   8   3   4   6   2   3   3   6   6   1   4   6  0.13 0.14
  108 E     1  -2  -1   0   0   2   0  -3   1  -1  -1  -1   2  -1  -2  -1   1   1   1   2   10   3   3   5   2   9   7   2   3   4   5   4   5   3   3   4   8   2   5  15  0.15 0.15
  109 I     1  -1  -2  -3   0  -2  -3  -2   0   3   2  -2   1   0  -2  -2  -1   1   0   2   11   4   2   2   2   2   2   3   2  15  19   3   3   4   2   3   4   2   3  11  0.23 0.17
  110 R     0   4  -2  -1   0  -1  -2  -1   1   0   0   3   0  -1  -2  -1  -2   1   0  -1    8  18   2   3   2   3   3   5   3   5  10  14   3   3   2   4   3   2   3   4  0.22 0.18
  111 W     0  -1  -1   1  -3  -1  -2   0   3  -3  -2  -2  -3   2  -4  -1  -3   4   6  -2    8   3   3   8   1   3   4   6   5   2   5   3   1   7   1   6   2   4  22   4  0.49 0.35
  112 Y     0   0  -3  -1  -3  -1  -4  -4   4   0   0  -2  -1  -2  -4  -3  -3  -1   7   0    7   5   2   4   1   3   2   2   8   5  10   3   1   2   1   3   2   1  33   6  0.87 0.52
  113 L     1   0  -3  -2  -1  -2  -3  -3  -2   1   4  -2   1   1  -3  -2  -1   0  -2  -2   12   5   2   2   1   2   2   3   1   8  35   3   3   6   2   4   3   1   2   3  0.44 0.30
  114 F    -1   1  -2  -2  -2   0  -3  -2   1  -2   1  -1   2   5  -2  -1   0   2   1  -2    5   8   2   2   1   5   2   3   3   2  11   4   4  21   2   5   5   3   4   3  0.35 0.26
  115 L    -2   1  -1  -2   0  -1  -2   2   2   1   2  -1   2   1  -2  -2  -2   1   0  -1    4   7   3   2   2   3   2  14   5   6  19   4   4   5   2   3   3   2   3   5  0.15 0.13
  116 A     0   3   0  -1   0   0  -1   1   0  -1  -2   1   0  -1  -1   0   0   1  -1  -2    8  14   4   4   2   5   5  12   3   4   3   8   2   3   3   6   5   2   2   4  0.10 0.12
  117 K    -1   2   0   1   0  -1  -1   2   1  -2  -3   2  -1   1   0  -1  -2   1  -1  -3    5  12   4   7   2   2   4  16   3   2   3  13   2   5   6   4   3   2   2   2  0.23 0.20
  118 R    -1   3  -1   0  -1   1   2  -2   3  -3  -2   2  -1  -2   0  -1  -1   1  -2  -3    5  16   3   5   1   5  11   4   7   2   4  13   1   2   5   6   5   2   2   2  0.29 0.25
  119 P     1   0  -1  -1  -2  -2   0   1   5  -3  -4   0  -2  -3   5  -2  -2  -7  -2  -3   10   5   3   3   1   2   7   9  10   2   2   6   1   1  24   4   3   0   2   3  0.50 0.41
  120 S    -1   1  -1   0  -2   0   1  -1   4  -4  -3   2  -1  -3   4  -1  -1   0  -2  -2    6   7   3   5   1   5   8   5   9   1   3  10   1   1  18   5   5   1   2   3  0.34 0.30
  121 A     0   3  -1   0  -3   1   0  -3   5  -2  -2   1  -3   0   3  -1  -3  -2   0  -2    8  12   3   5   1   6   6   2  13   3   5   7   1   4  12   4   2   1   3   3  0.35 0.26
  122 D    -1   1  -3   0  -3  -1  -1  -1   5  -4  -3  -1  -2   0   0   0   0   1   6  -3    6   6   2   5   1   3   5   5  11   1   3   4   1   3   5   8   5   2  21   3  0.51 0.35
  123 I     1   0  -1  -3  -3  -3  -3   0  -2   2   1  -2   0  -2   1   0  -1  -1  -2   2   10   5   3   2   1   1   2   8   1  10  16   2   2   2   7   6   4   1   2  14  0.16 0.13
  124 G    -2   0  -4  -4  -7  -4  -4   6  -2  -5  -5   3  -4  -3  -4  -1  -2  -2  -4  -3    4   5   1   1   0   1   1  52   1   1   2  16   1   1   1   4   3   1   1   2  1.25 0.67
  125 H    -6  -3  -5  -9 -10  -3  -9  -9  10  -5  -3  -4  -3   0  -9  -9  -6  -9   6  -9    1   2   1   0   0   1   0   0  59   1   3   2   1   4   0   0   1   0  23   0  3.02 1.37
  126 N    -6  -5   9  -4  -9  -8  -5  -4  -2 -10  -6  -6  -9  -9  -6  -1  -2 -10  -2  -9    1   1  77   2   0   0   1   2   1   0   1   1   0   0   1   6   3   0   1   0  2.71 1.34
  127 P     2  -5  -3  -4  -9  -3  -6  -3  -3  -3  -4  -9  -2  -3   8  -2  -3  -9  -4  -1   13   1   2   2   0   2   1   3   1   2   2   0   1   1  59   3   2   0   1   5  1.72 1.00
  128 I     0   0  -2   0   2   0   0  -1  -2   0  -1   0   1   0   0   0   0   3   1   0    5   5   0   5   5   5   5   5   0   5   5   5   5   5   5   5   5   5   5   5  0.02 0.11
  129 A     3  -4  -3  -4  -5   5  -2   4  -2  -3  -4  -2  -2  -2  -3  -1  -4   0  -2  -3   21   0   1   0   0  31   2  28   1   2   1   2   1   2   1   3   0   2   1   2  0.84 0.62
  130 Q     1   2   0  -3  -2   1  -2   2   0  -3  -3   3  -2  -2  -3   1  -1  -1  -2  -3   12  13   4   0   1   7   1  15   2   1   2  24   1   2   1   8   3   1   1   2  0.35 0.34
  131 A     0  -4  -4  -5  -2  -3  -4  -3  -2   2   3  -3   3   2  -3  -2  -1   4   0   1    9   0   1   0   1   1   0   2   1   9  34   1   7   9   1   2   3   6   3   8  0.45 0.36
  132 A     3  -3  -2  -4  -3  -2  -2  -2  -3   0   0  -2   5   0  -4   1   1   1  -1   0   27   0   2   0   0   1   1   3   0   4   9   2  18   4   0   9   7   2   2   7  0.35 0.36
  133 M    -1  -1  -2  -3  -4  -2  -4  -3   1   1  -1  -4   4   2  -5  -2  -2   1   6   2    4   3   2   2   0   2   0   2   4   8   4   0  10   7   0   2   2   2  34  12  0.69 0.50
  134 F    -1  -2  -2  -2   0  -2  -3  -2   0   1   2  -3   1   4  -2  -1   0   4   1   0    4   2   2   2   2   2   0   3   2   6  21   0   3  21   2   4   5   7   4   8  0.32 0.27
  135 G     1  -3  -1  -3   0  -1  -3   2  -3   0   1  -2   0   1  -1   0   0   1  -1   1   16   0   3   0   2   2   0  15   0   6  12   2   3   6   2   5   6   2   2  12  0.11 0.17
  136 Y    -1  -4  -2  -2   0  -2  -4  -2  -1   2   3  -3   3   3  -4  -2  -1   2   0   1    3   0   2   2   2   2   0   2   2  12  26   0   9  11   0   2   3   3   3  11  0.31 0.28
  137 F    -1  -4  -3  -5  -2  -2  -4  -3  -1   2   2  -2   3   4  -2  -2  -1   3   2   0    4   0   1   0   1   2   0   2   1  11  24   3   9  16   2   2   4   4   5   6  0.39 0.31
  138 L     1  -3  -3  -4   0  -2  -4   0  -2   2   3  -3   0   1  -2  -2   0   0  -1   2   11   1   1   0   2   1   0   7   1  10  26   1   1   6   1   2   6   2   1  17  0.24 0.25
  139 M     0  -4  -3  -2   0  -3  -3  -2  -2   1   4  -4   3   0  -3  -1   0   0  -2   1    8   0   1   3   2   1   1   4   1   6  39   0   8   4   1   4   5   1   1   9  0.37 0.32
  140 S     0  -4  -3  -3   0  -3  -4   1  -4   2   3  -4   2   1  -3  -1   0  -1   0   1    7   0   1   1   2   0   0  11   0  14  27   0   5   7   1   4   6   1   3  10  0.27 0.25
  141 V     0  -4  -3  -4   0  -3  -4  -1  -4   3   2  -3   0   1   1  -1   0   0  -1   2   10   0   1   0   2   0   0   6   0  16  26   0   2   6   7   4   4   1   1  12  0.27 0.25
  142 F     0  -4  -3  -4  -2  -3  -4   0  -2   1   2  -4   0   3   1  -2  -1   0  -1   2    9   0   1   0   1   1   0   8   1   7  25   0   2  16   7   2   3   1   1  15  0.31 0.28
  143 M     0  -1  -2  -3   1   3  -1  -2  -1   1   1  -2   4  -1  -1  -1   0   0  -3   1    7   3   2   0   3  16   2   4   1  10  15   0  11   2   2   3   7   1   0   9  0.19 0.26
  144 I     1  -3  -2  -3   1   0  -3   0  -3   2   1  -3   2   0  -1  -1   0   1  -2   2   14   0   2   0   3   4   0   7   0  13  15   0   5   3   2   4   6   2   0  17  0.17 0.21
  145 I    -1  -1  -3  -3   0   0  -2  -2  -1   2   2  -3   1   1  -2  -1  -1   3   0   2    6   3   0   0   2   6   2   4   2  12  24   0   4   5   2   5   3   4   3  13  0.16 0.19
  146 T     0  -2  -1  -3   0  -2  -3  -1  -4  -1  -1  -3   0  -1  -2   3   5   2  -1  -1    7   2   2   0   2   2   0   3   0   4   6   0   2   2   2  22  35   3   2   5  0.48 0.43
  147 G    -1  -4  -3  -4  -4  -4  -4   6  -4  -2  -2  -4  -1  -4  -2   1   0   1  -4  -1    3   0   0   0   0   0   0  61   0   3   4   0   2   0   2   9   6   2   0   5  1.05 0.54
  148 F    -1  -3  -2  -3  -1  -2  -3   1   0   0   3  -3   2   2  -2  -1   0   4   0  -1    6   1   1   1   1   1   1  12   2   5  29   1   6   9   2   3   6   7   3   3  0.24 0.21
  149 A     1  -2  -2  -2   0  -1  -2   2  -2   0   1  -2   2   1  -1   0   0   0   0   0   17   1   1   1   2   2   1  15   1   6  14   2   7   7   2   4   5   1   3   8  0.11 0.13
  150 L    -2  -2  -3  -3  -2  -2  -4  -1  -2   1   4  -3   5  -1  -3  -2  -1  -1  -1   0    4   2   1   1   1   2   0   4   1   7  43   1  14   2   2   4   4   1   2   4  0.56 0.38
  151 Y    -1  -3  -2  -2  -2  -2  -3  -1  -1  -1   0  -3   0   3  -3   0   0   5   6  -2    6   2   2   2   1   2   2   5   1   4   9   1   2  12   1   6   6   8  25   3  0.53 0.35
  152 S     1  -1   0   0  -2  -1  -1   1  -1  -1   0   0   0   0   0   1   0   2   1  -1   14   3   4   6   1   2   3  11   1   2   9   6   2   5   4   9   7   3   5   5  0.06 0.08
  153 E     0  -2   1   2  -2   0   1   0   0  -1  -1  -2   0  -1   2   0   1  -2  -1   0    9   1   6  12   1   3   8   6   2   3   7   2   3   3   9   7   8   1   2   6  0.10 0.11
  154 H     0  -2   0   2  -2   0   0   0   0   0  -1  -2   1  -1   0  -1   0   0   2   1    7   2   4  15   1   3   5   7   2   7   6   2   3   2   5   4   5   1   7  10  0.09 0.11
  155 S     0  -1   1   3  -4   1   1  -1  -1  -1  -1  -1   0   0  -1   0   0   2   2  -2    7   3   6  16   0   8   8   5   1   3   8   3   2   4   2   6   5   2   7   3  0.14 0.14
  156 Q    -1  -2   0   2  -2   0  -1   1   1   0  -1  -2  -1   2   1   0  -1   2   0  -2    5   2   4  12   1   4   4  12   4   6   7   3   1   9   7   6   4   3   4   3  0.11 0.10
  157 Y     0  -1  -1   0  -2   0   0   0   0   1   0  -2   0   1   0   0  -1   5   2  -1    8   3   3   5   1   4   6   9   2   8   9   2   3   6   4   6   4   7   7   3  0.11 0.10
  158 A     1  -2  -1  -1  -3  -2  -2   4  -3  -1  -1  -3   0   0   1  -1  -1   5  -2  -2   12   3   4   4   1   2   3  28   1   4   6   2   2   4   6   4   4   6   2   3  0.39 0.24
  159 I     0  -2  -1   0  -3  -1   0  -2  -2   1   1  -2   2   2   2   0  -1   1   0  -1    6   2   4   5   0   2   6   4   1   7  16   2   5   8  11   8   4   2   3   5  0.13 0.11
  160 F     0  -3  -2  -1  -2  -2  -1   1  -1  -1   1  -3   0   3   0   0  -1   6   0  -1    8   2   2   4   1   2   4  12   2   3  13   2   2  10   5   8   4   8   3   5  0.24 0.15
  161 A     2  -2  -2  -2  -4  -1  -2   3  -1  -2  -2  -2  -1  -2   2   0  -1   3   1  -2   16   2   2   3   0   3   3  24   1   3   4   2   2   2  11   7   4   4   4   2  0.36 0.24
  162 P     0  -2  -2  -1  -3  -2  -3   1  -1  -1   2  -2   1   0   4  -1  -2   1  -1  -2    8   3   2   4   1   2   2   9   2   4  19   2   3   4  20   5   3   2   2   4  0.30 0.19
  163 F    -2  -2  -2  -2  -3  -3  -2  -1  -2  -1   3  -3   1   5  -2  -2  -2   3   1  -1    5   2   2   3   1   2   3   5   1   3  25   2   3  19   3   4   3   4   5   5  0.45 0.22
  164 R     1  -1   0   0  -3  -1  -1   1   0  -1  -1  -1   0   0   0   1   0   0   1  -1   13   4   5   5   1   3   4  13   3   3   7   3   3   3   5   9   5   2   5   5  0.07 0.06
  165 Y     1  -1  -1   0  -2  -1  -1  -1   1  -2  -1  -2  -2   1   0   0  -1   7   1  -1   10   4   4   5   1   3   4   6   3   3   7   3   1   6   5   8   4  14   5   4  0.31 0.18
  166 V     0  -2  -2  -2  -2  -2  -2  -1  -2   1   2  -3   1   0  -1  -1  -1   3   0   3    8   2   2   3   1   2   3   5   1   7  18   2   3   3   4   6   4   3   3  17  0.18 0.11
  167 V     1  -2  -2  -1  -3  -2  -1  -2  -2   1   1  -2   0   2   0   0   0   2  -1   2   10   2   2   3   1   2   4   4   1   8  11   2   3   9   4   7   5   3   2  15  0.15 0.10
  168 E    -1  -1  -1   1  -3   0   1   1   0  -2  -2  -1  -2  -2   4   2  -1   1  -2  -2    6   4   3   8   1   3   8   9   2   2   4   4   1   2  18  13   5   2   1   4  0.25 0.20
  169 F     0  -2  -2   0  -3  -2  -1  -1  -1   0   1  -2   0   2   0   0  -2   7   0   0    8   2   2   5   1   2   4   6   1   5  14   3   2   7   5   7   3  12   3   7  0.30 0.17
  170 F     0  -2  -2   0  -2  -2  -1  -2  -2   1   2  -2   1   3  -2   0  -1   2  -1   1    7   2   2   5   1   2   5   4   1   6  20   2   3  11   3   7   5   3   2   9  0.17 0.10
  171 Y     1   0  -1  -1  -1  -1   0   0   0   0   0  -1   0   0   0   0   1   1   0   0   11   5   3   3   1   3   8   7   2   6  10   2   2   4   5   7  10   2   3   7  0.03 0.03
  172 W     1  -1  -1   2  -3  -1   0   0  -1   0  -1  -1  -1  -1  -1  -1  -1   5   0   1   13   3   3   9   1   2   7   7   2   5   6   4   2   3   4   6   5   8   3   8  0.15 0.10
  173 T     0   0   0   1   0  -1   0  -1   0   0   0  -1   1   0  -1   1   0   1   0   0    9   4   5   7   2   3   6   5   3   5  12   3   3   3   3   9   6   2   2   6  0.00 0.03
  174 G     0  -1  -1  -1   0  -1  -1   2   0   0   1  -1   2   3  -1  -1  -1   1  -1  -1    7   3   3   4   2   3   5  13   2   4  11   4   6  11   3   4   5   2   2   5  0.09 0.10
  175 G     0  -2  -1   1   0  -1   0   4   0  -1  -2  -2   0  -1  -2  -1  -2   3  -1  -1    8   3   3   7   2   3   5  31   2   4   4   3   2   3   3   5   3   4   2   5  0.37 0.27
  176 N    -2  -3   2   2  -6  -1  -1   4  -1  -2  -1  -3  -1  -2  -2   0   0   3  -2  -3    3   2   9   9   0   3   4  28   1   3   7   2   2   2   2   8   7   3   2   2  0.40 0.30
  177 S     0   0  -1  -1  -1  -1   0  -2   0   0   1  -2   0   0   0   2  -1   1   1  -1    9   5   3   3   2   3   7   3   2   5  16   3   2   3   4  15   3   2   5   4  0.09 0.12
  178 M     1  -1  -2   1  -2   4   2  -2   2  -2  -2  -1   2   0  -2  -1  -2   0   1  -3   11   4   2   8   1  15  11   4   5   3   5   4   5   4   2   5   3   1   4   2  0.25 0.22
  179 D     1  -1   1   1  -2  -1   0  -2  -2   0  -1  -3   0   0  -1   0   1   6  -1  -1   10   4   5   8   1   3   6   4   1   4   7   2   2   4   4   8   8  10   2   5  0.21 0.18
  180 I     2  -6  -4  -3  -2  -3  -3  -4  -2   2   3  -4   2   0  -4  -3  -1   0  -2   4   15   1   1   2   1   1   2   2   1  11  22   1   4   4   1   2   4   1   2  23  0.58 0.33
  181 H     1   5  -3  -2  -6  -2   2  -3   5  -3  -3   0  -2  -4  -4  -1   1  -2  -3  -3   10  28   1   2   0   2  11   2  12   2   3   7   1   1   1   4   8   1   1   3  0.72 0.45
  182 S    -2  -1  -1   0  -3   0   3  -1  -1   0  -1  -2   0   1  -1   0   2   3   1  -1    4   3   2   6   1   4  18   5   2   5   7   3   2   5   3   6  11   4   5   4  0.17 0.18
  183 W    -2   0  -1  -2   1   1   0  -2   4   2  -1  -2   2   0  -2  -1  -1   6   1  -1    4   5   3   3   2   5   6   3   8  10   6   3   4   5   3   6   3  10   5   5  0.30 0.23
  184 H    -1  -1  -1  -2  -9  -1  -2  -3   9  -2  -2  -2  -8  -1  -9  -1  -2   3   0  -2    6   4   3   3   0   3   3   3  41   3   4   3   0   3   0   5   3   4   3   3  1.34 0.76
  185 R    -1   0  -2  -2  -6  -2   3  -2   6  -2  -3   0  -2   3  -3  -1  -2  -1   2  -1    4   4   2   2   0   2  17   3  17   2   3   7   1  13   1   5   3   1   6   5  0.47 0.38
  186 L     0  -1  -1  -2  -1   0  -2  -1   0   2   1  -2   0   2  -3  -2   0   3   1   1    8   3   3   3   1   4   2   4   3  13  16   1   2   8   1   2   7   4   4  11  0.14 0.15
  187 G     1  -3   1  -3   1  -1  -1   2  -4   1   1  -4   0   1  -3   0   0   0  -3   0   13   1   6   1   3   3   4  17   0   9  14   0   3   6   1   6   6   1   0   6  0.16 0.20
  188 M     3  -3  -1  -5  -2  -1  -2  -1   0  -2  -1  -1   5   3  -3  -1   0   0  -1   0   24   1   3   0   1   3   3   4   2   2   4   4  15  12   2   5   5   1   2   7  0.41 0.36
  189 W    -1  -2   3   1  -2  -3  -2  -4  -2  -1  -1  -3   0   2  -3  -2  -1   8   3  -1    5   2  13   7   1   1   3   2   1   4   6   2   2   8   2   3   4  20  10   5  0.72 0.49
  190 L     1  -4  -4  -4  -1  -3  -5   0  -5   2   3  -5   0   2  -3  -2  -1   3  -1   2   13   1   1   1   1   1   0   9   0  10  25   0   2   7   1   3   3   3   2  14  0.38 0.30
  191 I    -2  -3  -7  -7  -2  -6  -5  -4  -6   4   4  -6   3   3  -7  -4  -1   0   0   1    3   2   0   0   1   0   1   2   0  19  38   0   7  10   0   1   4   2   3   7  0.85 0.51
  192 G     0  -4  -6  -5  -1  -2  -3  -3  -6   3   4  -3   1  -1  -3  -3  -2   0   0   2    7   1   0   1   1   2   2   2   0  17  36   2   4   3   1   2   2   1   4  13  0.61 0.41
  193 A     3  -4  -4  -5   0  -4  -5   2  -3   2   2  -5   0   1  -1  -1  -1   0  -2   1   24   1   1   0   2   1   0  14   1  12  17   0   2   5   3   3   3   1   1  11  0.37 0.33
  194 F    -1  -6  -5  -7   1  -4  -6  -5  -6  -1   4  -6   1   6  -5  -2  -2   0  -1   0    5   0   1   0   2   1   0   1   0   3  33   0   3  34   1   3   3   1   1   6  1.06 0.62
  195 V     0  -6  -6  -7  -2  -6  -6  -5  -2   5   1  -6   1   1  -5  -4  -1  -2  -3   5    7   0   0   0   1   0   0   1   1  28  11   0   2   5   1   1   3   1   1  38  1.01 0.59
  196 I     2  -5  -5  -5   1  -5  -4   1  -5   3   1  -5   1   1  -1  -2  -1  -2  -3   3   17   0   0   0   3   0   1  10   0  16  11   0   3   6   3   2   3   0   1  21  0.42 0.35
  197 G     0  -6  -4  -6  -2  -4  -6  -1  -3   3   4  -5   1  -1  -4  -4  -2  -2  -3   4    9   0   1   0   1   0   0   6   1  15  33   0   2   2   1   1   2   1   0  24  0.69 0.45
  198 H    -5  -6  -6  -7  -8  -6  -6  -5  11  -8  -3  -7  -7  -4  -8  -7  -7  -8  -2  -4    1   0   0   0   0   0   0   1  90   0   3   0   0   1   0   0   0   0   1   1  3.87 1.56
  199 V    -3  -6  -6  -6  -3  -4  -6  -5   2   5   2  -6  -1  -1  -5  -4  -3  -3  -4   5    2   0   0   0   1   1   0   1   5  27  21   0   1   2   1   1   1   0   0  36  1.06 0.58
  200 Y     2  -4  -5  -6   0  -5  -5   0  -3  -1   1  -5  -2   0  -4  -2  -2  -1   6   1   19   0   0   0   2   0   0   6   0   4  16   0   1   4   1   3   2   1  30  10  0.72 0.49
  201 M     4  -5  -3  -5  -4  -1  -3   2  -2  -2   2  -4   4  -1  -5  -2  -2  -2  -2  -1   35   0   1   0   0   2   1  16   1   1  17   0  12   3   0   2   2   0   1   5  0.60 0.46
  202 A     3  -5  -3  -6   1  -2  -4  -3  -3   3  -2  -5  -1  -3  -5  -2  -1  -6  -5   5   27   0   1   0   2   2   1   2   1  13   3   0   1   1   0   2   3   0   0  40  0.88 0.55
  203 L     0  -5  -4  -5  -2  -4  -5  -3  -3   4   3  -5   0   2  -5  -3   1   1  -2   3    8   0   1   0   1   0   0   2   1  21  23   0   2   8   0   1   8   2   1  20  0.55 0.37
  204 R    -1   1  -4  -4  -3  -3  -4  -4  -3   1   2  -2   0   3  -5  -3   1   6   2   1    6   8   0   1   0   1   0   1   1   7  19   2   2  14   0   1   8  10   6  12  0.45 0.32
  205 E     1  -1  -1  -2  -3  -2   2   1   4  -2  -3  -3   1  -2  -3  -1   0  -3   5   0   11   3   3   2   0   1  15   9  10   1   2   1   5   1   1   5   5   0  19   6  0.37 0.34
  206 D    -1   0  -1   2  -3   0   1   1   3  -3  -2   0  -2  -3  -2   3   0   0   0  -2    4   5   1  13   0   5   7   9   7   1   5   4   1   1   2  21   7   1   3   2  0.22 0.23
  207 I    -1   1  -3  -3  -2  -3  -3  -2  -1   2   2  -1   0   2  -2  -2   0   5   0   1    4   9   1   1   1   1   1   3   1  13  18   4   2   9   2   2   6   8   2  12  0.27 0.22
  208 M     0   3  -3  -4  -2  -1  -2  -3   0   0   1   1   1   2  -1  -2  -2   3   0   2    7  15   1   1   1   2   2   1   3   6  15   7   4   7   3   2   2   5   3  14  0.22 0.21
  209 S    -2   1  -1  -1  -3  -1   1   1   5  -3  -1   3  -1  -1  -3   0   1   2  -1  -3    3   7   2   2   0   2   9  10  13   1   6  17   1   3   1   7   9   3   2   2  0.28 0.25
  210 D    -1   5  -1  -2  -5   0  -2   2   1  -4  -4   4  -3  -3   2  -2  -3  -5  -4  -3    5  25   3   2   0   3   2  15   3   1   1  22   1   1   9   3   1   0   1   2  0.64 0.41
  211 D    -3   0   1   1  -3   2   4  -2   4  -1  -2   0  -2  -3  -1  -1   0  -2  -2  -1    2   5   5   9   1  10  25   3   9   3   4   5   1   1   3   3   5   1   1   5  0.36 0.29
  212 T    -1   0   6   0  -4  -2  -2   2  -1  -5  -4   0  -4  -4   1   1  -2  -3  -4  -5    5   6  35   5   0   1   2  16   1   1   2   5   0   1   7   9   3   0   1   1  0.72 0.45
  213 V    -3  -4  -1  -2  -3  -2  -1  -3  -1   1   5  -4   1  -2  -4  -2   0  -5  -1  -1    2   1   4   3   0   2   5   3   1   6  51   1   3   1   1   3   7   0   2   4  0.64 0.40
  214 I    -1  -7  -7  -6  -5  -5  -6  -6  -7   5   2  -6   2   1  -1  -5  -1  -3  -3   4    5   0   0   0   0   0   0   0   0  28  16   0   4   6   3   1   3   0   1  31  1.00 0.55
  215 S    -1   4  -2  -1  -4   1  -2   0  -2  -4  -1   3  -2  -4  -1   2  -1   1  -4  -3    5  25   1   3   0   6   2   7   1   1   5  16   1   1   3  17   3   2   0   1  0.49 0.40
  216 T     5  -4  -5  -4  -3  -3  -5  -1  -5  -3  -6  -4  -2  -6   3   4   0  -8  -7  -5   40   1   0   1   0   1   1   5   0   2   0   1   1   0  14  26   6   0   0   0  1.04 0.69
  217 M    -6  -9  -9 -10  -9  -6  -9 -10  -9   2  -4  -7  11  -4 -10  -9  -7  -4  -8  -3    0   0   0   0   0   0   0   0   0  10   1   0  85   1   0   0   0   0   0   2  3.73 1.60
  218 V    -4  -6  -8  -8  -4  -8  -8  -7  -8   6   1  -7  -1   4  -8  -6  -3   1  -5   3    1   0   0   0   0   0   0   0   0  41  14   0   1  16   0   0   1   2   0  21  1.42 0.71
  219 N    -4  -3   0  -1  -4  -5  -5  -1   2  -5  -5  -4  -4  -4  -4   3   7  -4  -5  -4    1   2   5   4   0   0   0   5   5   1   1   1   0   1   1  17  54   0   0   1  1.32 0.82
  220 G    -5  -9  -7  -6  -9  -6  -6   8  -9 -10 -10  -8  -9 -10  -9  -7  -8  -9  -6 -10    0   0   0   0   0   0   1  97   0   0   0   0   0   0   0   0   0   0   0   0  3.05 1.33
  221 Y    -5   3  -2  -1  -4  -3  -3  -3   2  -3  -4   1  -2   1  -6  -2  -3   8   6  -2    1  16   2   5   0   1   2   3   4   2   2   9   1   5   0   3   2  16  25   3  1.04 0.60
  222 R    -4   3  -5  -3  -8  -1   1  -6   0  -3  -5   7  -3  -4  -6  -4  -4  -4   0  -4    1  16   0   1   0   2   8   0   2   2   1  58   1   1   0   1   1   0   3   2  1.51 0.81
  223 S    -1   3  -1  -1  -4   0   2  -3  -1  -2  -2   1   1   2   0  -1   1   1   1  -1    4  15   3   4   0   3  13   1   1   2   3   7   4   8   5   5  10   2   6   4  0.20 0.21
  224 H     0   1  -2  -1  -3  -1   0  -2   2   1   1   0   0   2  -2  -2   0  -2  -1   2    7   8   1   3   0   1   7   2   6   8  12   6   2  10   2   2   5   0   1  14  0.11 0.13
  225 K    -1   3  -2   1  -6  -1   2  -4   0  -5  -4   3  -4  -4   4  -2  -3  -5  -5  -3    6  17   1   8   0   2  13   1   2   0   1  20   0   1  19   3   2   0   0   2  0.67 0.45
  226 F     0  -1  -1   3  -4  -1   3  -2   2  -3  -2   1  -3  -1   2  -1  -1   1  -2  -1    7   3   3  16   0   2  20   2   4   1   3   9   0   3  10   4   3   2   1   6  0.31 0.27
  227 G     0  -2   0   3  -4  -1   2   2   2  -3  -4   0  -2  -5   1  -1  -1  -6  -3  -2   10   2   3  18   0   2  14  15   6   1   1   6   1   0   6   5   4   0   1   3  0.36 0.29
  228 K     0   2  -1   2  -5   0   3  -3   2  -4  -4   3  -4  -6   2  -2   0  -5  -4  -2    7  11   2  11   0   4  18   2   5   1   1  15   0   0  10   3   5   0   0   3  0.45 0.35
  229 I     1  -3  -3  -1  -4  -2  -1  -2   2   1  -1   0  -2  -2   4  -1   0  -5  -4   2   13   1   1   3   0   2   4   3   6   8   6   6   1   1  23   3   6   0   0  12  0.39 0.30
  230 S     1  -1  -2   3  -5  -1   3  -1   3  -2  -5   0  -4  -5   2   0  -1  -7  -4  -1   14   3   1  16   0   2  17   4   7   2   1   6   0   0  12   8   4   0   0   4  0.40 0.33
  231 N     0  -1   0   3  -6  -1   2  -1   5  -3  -4   0  -4  -5   1   2  -1  -5  -4  -3    9   3   5  16   0   3  13   4  12   2   2   7   0   0   7  13   3   0   0   2  0.41 0.33
  232 K     0   3  -2   2  -6   0   4  -2   0  -4  -5   3  -4  -5  -1   0  -2  -1  -3  -5    8  13   1  13   0   4  23   3   2   1   1  16   0   0   4   6   3   1   1   1  0.53 0.39
  233 E    -2  -3   1   4  -7   1   4  -5  -2  -2  -6   2  -4  -7   2   0  -2  -7  -5  -4    4   1   6  25   0   5  23   0   1   2   1  12   0   0  11   6   2   0   0   1  0.75 0.48
  234 R    -3   5   1   3  -7   1   2  -4  -2  -7  -6   3  -5  -7  -3  -3  -2  -7  -6  -6    2  33   6  15   0   5  15   1   1   0   0  18   0   0   2   1   2   0   0   0  0.95 0.53
  235 S     4  -3   2   1  -4   1   2  -4  -4  -5  -5   0  -4  -6  -4   3   1  -6  -5  -4   31   0   8   6   0   5  13   0   0   0   0   7   0   0   0  24   6   0   0   0  0.67 0.45

                      K         Lambda
Standard Ungapped    0.1412     0.3305
Standard Gapped      0.0445     0.2670
PSI Ungapped         0.1454     0.3177
PSI Gapped           0.0445     0.2670
