
Last position-specific scoring matrix computed, weighted observed percentages rounded down, information per position, and relative weight of gapless real matches to pseudocounts
            A   R   N   D   C   Q   E   G   H   I   L   K   M   F   P   S   T   W   Y   V   A   R   N   D   C   Q   E   G   H   I   L   K   M   F   P   S   T   W   Y   V
    1 M    -5  -6  -7  -7  -6  -5  -6  -7  -6  -3  -2  -6  11  -4  -7  -6  -5  -6  -5  -3    0   0   0   0   0   0   0   0   0   0   0   0 100   0   0   0   0   0   0   0  3.52 0.91
    2 S     1  -2   1   1  -3  -1   1   0  -2   0  -1  -2  -1  -2  -1   1   2  -2  -3  -1   14   0   8   9   0   1   9   5   0   6   7   0   2   1   2  13  17   0   0   4  0.16 0.14
    3 D    -3  -5   2   7  -7  -3   2  -4  -2  -5  -5  -4  -5  -3  -2  -3  -2  -5  -4  -5    2   0   9  65   0   1  11   1   1   1   1   0   0   1   2   1   3   0   1   1  1.52 0.56
    4 M    -4  -6  -5  -5  -4  -4  -6  -6  -5   3   2  -6   9   3  -4  -4  -2   2  -4  -1    1   0   0   1   0   0   0   1   0  15  15   0  47  10   1   1   2   2   0   2  1.52 0.60
    5 H    -3  -5  -1  -2  -6  -2  -3  -5   1   2   0  -5   9  -1  -2  -2  -2   2  -1  -1    2   0   4   2   0   2   2   1   3  10   9   0  46   2   2   4   3   3   2   3  1.24 0.57
    6 S    -3  -4   3   4  -6  -1   3  -4  -2  -4  -1  -3  -3  -3  -3   2   2  -4  -3  -4    1   0  11  26   0   2  17   1   1   1   8   0   0   1   1  14  14   0   1   1  0.65 0.40
    7 L    -2  -6  -6  -7  -5  -6  -6  -7  -5   4   3  -6   0   3  -6  -5  -1   7   3   0    3   0   0   0   0   0   0   0   0  26  27   0   2   9   0   0   5  14   8   5  1.07 0.47
    8 L    -4  -6  -7  -8  -4  -6  -7  -6  -6   4   4  -6  -1   5  -7  -6  -4   5  -2   0    1   0   0   0   0   0   0   1   0  23  39   0   1  20   0   0   1   7   1   6  1.21 0.52
    9 I    -3  -1  -1   0  -4   5   3  -5   2  -1  -3   4  -4  -5  -5  -2  -1  -6  -2  -1    1   2   2   5   0  26  16   0   5   4   2  24   0   0   0   2   3   0   2   5  0.72 0.43
   10 A     6  -6  -5  -6  -5  -5  -6  -3  -6  -1  -5  -6  -5  -7  -4   1  -1  -7  -6   1   71   0   0   0   0   0   0   1   0   3   0   0   0   0   1  11   4   0   0   8  1.55 0.71
   11 A     0  -7  -7  -7  -2  -6  -7  -6  -7   6   2  -6  -2   2  -7  -5  -3  -6  -5   3    9   0   0   0   1   0   0   0   0  44  20   0   1   7   0   0   1   0   0  17  1.16 0.50
   12 I    -4  -7  -7  -7  -5  -7  -7  -7  -7   7   2  -7  -2   2  -7  -6  -4  -1  -5   4    1   0   0   0   0   0   0   0   0  50  16   0   1   7   0   0   1   1   0  22  1.47 0.59
   13 L    -6  -6  -8  -9  -6  -5  -7  -9  -7   1   6  -7   3   1  -8  -7  -6  -5  -2  -3    0   0   0   0   0   0   0   0   0   6  81   0   6   4   0   0   0   0   1   0  1.87 0.74
   14 G     2  -7  -6  -7  -7  -7  -7   7  -7  -9  -9  -7  -8  -8  -7  -1  -6  -8  -8  -8   15   0   0   0   0   0   0  80   0   0   0   0   0   0   0   5   0   0   0   0  2.25 0.85
   15 V    -3  -7  -8  -8  -5  -7  -8  -8  -8   7   3  -7  -1  -1  -7  -7  -4  -7  -6   3    3   0   0   0   0   0   0   0   0  57  21   0   1   2   0   0   1   0   0  16  1.64 0.64
   16 V    -5  -8  -8  -8  -6  -8  -8  -9  -8   5   0  -8  -3  -5  -8  -7  -5  -8  -6   7    0   0   0   0   0   0   0   0   0  25   7   0   0   0   0   0   0   0   0  68  2.04 0.78
   17 E    -7  -5  -6  -5  -9   6   7  -8  -6  -9  -9  -5  -7  -9  -7  -6  -7  -8  -8  -8    0   0   0   0   0  36  64   0   0   0   0   0   0   0   0   0   0   0   0   0  2.50 1.02
   18 G    -4  -8  -6  -7  -9  -8  -8   8  -8 -10 -10  -7  -9  -9  -8  -6  -8  -9  -9  -9    1   0   0   0   0   0   0  99   0   0   0   0   0   0   0   0   0   0   0   0  3.02 1.07
   19 L    -3  -7  -8  -8  -5  -7  -8  -8  -8   4   6  -7  -1   0  -7  -7  -5  -6  -5   1    3   0   0   0   0   0   0   0   0  24  61   0   1   3   0   0   0   0   0   7  1.53 0.63
   20 T    -4  -7  -6  -7  -7  -7  -7  -5  -8  -6  -7  -7  -7  -8  -7  -2   8  -9  -8  -6    1   0   0   0   0   0   0   1   0   0   0   0   0   0   0   2  96   0   0   0  2.98 1.17
   21 E    -5  -6  -7  -5 -10  -4   8  -9  -6 -10  -9  -5  -8 -10  -7  -6  -7  -9  -8  -9    1   0   0   0   0   0  99   0   0   0   0   0   0   0   0   0   0   0   0   0  3.17 1.21
   22 F    -8  -9  -9 -10  -6  -9  -9  -9  -7  -6  -5  -9  -5   9  -9  -9  -8   6   2  -6    0   0   0   0   0   0   0   0   0   0   0   0   0  84   0   0   0  10   5   0  3.31 1.13
   23 L    -3  -8  -9  -9  -7  -8  -8  -9  -8   2   7  -8  -3  -4  -8  -8  -6  -5  -6  -3    3   0   0   0   0   0   0   0   0   8  87   0   0   0   0   0   0   0   0   1  2.14 0.84
   24 P    -7  -9  -9  -8 -10  -8  -8  -9  -9 -10  -8  -8  -9 -10   9  -7  -8 -11 -10  -9    0   0   0   0   0   0   0   0   0   0   0   0   0   0 100   0   0   0   0   0  3.76 1.35
   25 V    -6  -8  -8  -8  -6  -8  -8  -9  -8   7  -4  -8  -4  -6  -8  -7  -6  -8  -7   6    0   0   0   0   0   0   0   0   0  50   0   0   0   0   0   0   0   0   0  49  2.26 0.85
   26 S    -5  -7  -5  -6  -7  -6  -6  -6  -7  -8  -8  -6  -8  -8  -7   8  -5  -9  -8  -8    0   0   0   0   0   0   0   0   0   0   0   0   0   0   0  99   0   0   0   0  2.92 1.19
   27 S    -5  -7  -6  -7  -7  -6  -6  -7  -7  -9  -9  -7  -8  -9  -7   8  -5  -9  -8  -8    0   0   0   0   0   0   0   0   0   0   0   0   0   0   0 100   0   0   0   0  2.98 1.23
   28 T    -5  -7  -5  -6  -7  -6  -6  -7  -7  -7  -7  -6  -7  -8  -7   4   7  -8  -8  -6    0   0   0   0   0   0   0   0   0   0   0   0   0   0   0  30  70   0   0   0  2.34 1.02
   29 G     4  -7  -6  -7  -7  -7  -7   7  -7  -8  -8  -7  -7  -6  -7  -5  -6  -8  -8  -7   28   0   0   0   0   0   0  71   0   0   0   0   0   0   0   0   0   0   0   0  2.19 0.88
   30 H    -8  -7  -6  -8  -9  -6  -7  -8  12  -9  -9  -7  -6  -8  -8  -7  -8  -9  -4  -9    0   0   0   0   0   0   0   0  98   0   0   0   0   0   0   0   0   0   0   0  4.54 1.47
   31 M    -7  -7  -8  -8  -7  -3  -8  -8  -4  -1   6  -7   7  -5  -8  -7  -6  -7  -6  -3    0   0   0   0   0   1   0   0   1   3  69   0  24   0   0   0   0   0   0   1  2.06 0.83
   32 I    -4   2  -5  -6  -6  -6  -2  -6  -7   7   1  -5  -2  -4  -7  -5  -3  -6  -4   1    2  11   1   0   0   0   3   1   0  62  10   0   1   1   0   1   2   0   1   7  1.51 0.64
   33 I    -5  -7  -8  -8  -6  -7  -8  -8  -8   6   5  -7  -2   0  -8  -7  -5  -5  -5   0    0   0   0   0   0   0   0   0   0  34  55   0   0   3   0   0   0   0   0   6  1.67 0.68
   34 V     4  -6  -6  -6  -2  -5  -5  -2  -6   0   0  -5  -2   1   0  -3   2  -5  -4   4   29   0   0   0   1   0   0   3   0   4   8   0   1   5   5   1  12   0   0  31  0.73 0.43
   35 G     0  -2   0   1  -6   1   1   3  -1  -6  -5  -1  -4  -6   2   3  -2  -6  -6  -5    8   2   4   9   0   6  10  24   1   0   1   3   0   0  11  20   1   0   0   0  0.55 0.36
   36 H     1   0   0   2  -5   2   3  -3   4  -4  -5   1  -4  -4  -3   1  -2   2  -1  -3   11   5   5  12   0   9  18   1  10   1   1   8   0   0   1   9   1   3   3   2  0.45 0.31
   37 L    -3  -7  -7  -8  -5  -7  -7  -7  -4   2   5  -7   1   5  -7  -6  -6   4  -2   0    3   0   0   0   0   0   0   0   1  11  49   0   3  22   0   0   0   5   1   5  1.30 0.57
   38 L    -3  -7  -7  -8  -6  -7  -7  -8  -7   2   5  -7   4   4  -8  -5  -4   2  -4  -2    2   0   0   0   0   0   0   0   0  10  58   0  10  14   0   1   1   2   0   2  1.43 0.63
   39 G    -4  -3   3   0  -6  -2  -4   6   1  -7  -4   0  -5  -5  -1  -2  -5  -6  -5  -6    1   2  11   6   0   2   1  58   3   0   3   6   0   1   4   2   0   0   0   0  1.25 0.58
   40 F    -4  -5  -5  -3  -5  -4  -5  -4  -2   3   1  -4   1   6  -6  -4  -4   8   1   0    2   1   1   2   0   1   1   1   1  13  14   1   4  28   0   1   1  20   3   6  1.19 0.52
   41 E    -2   0   2   2  -5   2   3  -1   1  -5  -5   0  -4  -4   1   1   1  -4  -4  -4    3   4  10  12   0  10  17   6   3   0   1   4   0   0   7  10  10   0   0   1  0.41 0.28
   42 G     0  -2   0   2  -3   1   0   3  -2  -2  -3   0  -2  -3   0   2   0  -4  -3  -2    8   1   4  12   0   7   7  19   1   2   3   4   1   1   4  18   5   0   1   3  0.27 0.19
   43 D    -2  -4  -1   6  -5  -1   4  -2  -3  -6  -6  -3  -5  -6   1   0  -2  -7  -5  -5    4   1   3  39   0   3  25   3   1   0   1   1   0   0   7   8   3   0   0   1  1.05 0.53
   44 T     0  -1  -1  -2  -5   3  -1  -4  -2  -3  -3   1  -3   6   3  -2  -1  -4  -1  -3    8   4   3   3   0  12   5   1   1   1   1   7   0  29  14   3   4   0   2   2  0.59 0.37
   45 A     2  -3  -1  -3  -4  -3  -3   4  -3  -2  -2  -2   0  -3  -3   0   0   4  -3   1   18   1   2   1   0   1   1  31   0   2   5   2   3   1   1   7   6   6   1   9  0.50 0.31
   46 K     1  -1   1   1  -5  -1   0  -3  -2  -2   1   4  -1  -2  -4  -1  -1  -5  -4  -2   14   2   7   8   0   1   7   1   1   2  17  27   1   2   0   4   2   0   0   2  0.36 0.28
   47 T     4  -5  -4  -5  -4  -4  -5  -4  -5  -2   0  -5   5  -3  -4   1   4  -6  -5   1   28   0   0   0   0   0   0   1   0   2  10   0  14   1   0   9  22   0   0  10  0.78 0.47
   48 F    -7  -9  -9 -10  -9  -9  -9  -9  -7  -6  -4  -9  -5  10 -10  -8  -8  -5   2  -6    0   0   0   0   0   0   0   0   0   0   1   0   0  91   0   0   0   0   6   0  3.44 1.18
   49 E    -3  -4   1   4  -6  -1   4  -5  -4  -3  -2  -1  -1  -3  -5  -2   4  -7  -5  -4    2   1   7  22   0   2  27   0   0   2   5   4   1   1   0   2  21   0   0   1  0.79 0.47
   50 V     2  -7  -7  -8  -5  -7  -7  -7  -7   5  -3  -7  -3  -4  -7  -6  -3  -7  -2   6   14   0   0   0   0   0   0   0   0  29   1   0   0   1   0   0   2   0   1  51  1.57 0.68
   51 V     3  -6  -4  -6  -2  -6  -6  -4  -7   3  -1  -6  -1   1  -6  -2  -3  -6  -4   5   21   0   1   0   1   0   0   1   0  15   5   0   1   6   0   3   1   0   0  44  1.02 0.51
   52 I    -6  -8  -7  -8  -5  -8  -8  -8  -8   8   1  -7  -3  -5  -8  -5   0  -8  -6   2    0   0   0   0   0   0   0   0   0  69   9   0   0   0   0   1   6   0   0  13  2.01 0.78
   53 Q    -7  -5  -4  -7  -9   9  -4  -8   6  -9  -8  -5  -7  -9  -8  -6  -7  -8  -7  -8    0   0   1   0   0  80   0   0  19   0   0   0   0   0   0   0   0   0   0   0  3.13 1.23
   54 L    -1  -6  -7  -7  -5  -6  -7  -4  -7   1   5  -6  -1   4  -5  -3  -2  -1  -4   1    4   0   0   0   0   0   0   2   0   7  58   0   1  14   0   2   2   1   0   7  1.16 0.54
   55 G     0  -8  -6  -7  -8  -7  -8   8  -8  -9  -9  -7  -8  -8  -6  -5  -7  -8  -8  -8    7   0   0   0   0   0   0  91   0   0   0   0   0   0   0   1   0   0   0   0  2.66 1.00
   56 S     6  -6  -6  -6  -4  -6  -6  -5  -7  -6  -7  -6  -6  -7  -5   2   5  -8  -7  -5   56   0   0   0   0   0   0   0   0   0   0   0   0   0   0  13  30   0   0   0  1.67 0.80
   57 I    -2  -7  -7  -7  -6  -6   1  -7  -7   7   2  -7   0  -4  -7  -6  -5  -4  -6   0    3   0   0   0   0   0   9   0   0  61  18   0   2   0   0   0   0   0   0   6  1.60 0.67
   58 L     0  -7  -7  -8  -2  -6  -7  -6  -7   0   6  -7   3   0  -7  -4  -2  -6  -5  -1    8   0   0   0   1   0   0   1   0   4  70   0   5   4   0   1   3   0   0   4  1.42 0.63
   59 A     7  -7  -7  -7  -3  -6  -6  -5  -7  -7  -7  -6  -7  -8  -6   2  -5  -8  -7  -6   84   0   0   0   0   0   0   1   0   0   0   0   0   0   0  14   0   0   0   0  2.23 0.95
   60 V    -4  -8  -8  -8  -5  -7  -8  -8  -8   2  -1  -8  -3  -5  -8  -7  -1  -8  -7   7    1   0   0   0   0   0   0   0   0   9   5   0   0   0   0   0   3   0   0  80  2.17 0.86
   61 V    -3  -7  -7  -7   2  -6  -7  -7  -7   3   3  -7   1  -2  -3  -6  -3  -7  -5   5    2   0   0   0   4   0   0   0   0  16  26   0   3   2   2   0   1   0   0  43  1.19 0.54
   62 V    -1  -6  -6  -7  -1  -5  -6  -3  -6   3   1  -6  -1   1  -6  -3  -2   6  -1   5    5   0   0   0   1   0   0   3   0  16  14   0   1   6   0   2   2   9   2  37  0.89 0.44
   63 M    -4  -6  -4  -6  -4  -4  -1  -7  -2   2   3  -6   0   2  -7  -5  -4  -4   6   2    1   0   1   0   0   0   5   0   1  10  30   0   2   6   0   0   1   0  30  12  1.07 0.52
   64 F    -8  -8  -7  -8  -7  -8  -7  -9  -5  -7  -4  -8  -4   8  -9  -8  -8  -4   8  -7    0   0   0   0   0   0   0   0   0   0   1   0   1  48   0   0   0   0  49   0  2.92 1.07
   65 W    -1   6  -6  -8  -6  -5  -6  -5  -1  -5  -6  -1  -5   4  -6  -5  -6  10  -1  -6    5  35   0   0   0   0   0   1   1   1   1   3   0  14   0   1   0  35   1   0  2.16 0.87
   66 R    -1   4   1   0  -6   1   0  -2   3  -6  -5   5  -4  -6  -3  -1  -3  -4  -4  -4    5  23   6   5   0   7   6   4   6   0   1  29   0   0   1   4   2   0   0   1  0.73 0.41
   67 R    -5   5  -4   5  -7  -2   0  -6  -4  -6  -6   4  -5  -7  -5  -3  -1  -5  -4  -6    0  32   0  28   0   2   6   0   0   0   1  24   0   0   0   1   4   0   1   0  1.32 0.63
   68 L    -6  -6  -7  -8  -5  -7  -7  -8  -7   5   4  -7  -1   5  -7  -7  -5   2  -2   1    0   0   0   0   0   0   0   0   0  32  35   0   1  19   0   0   0   2   1   8  1.35 0.57
   69 F     0  -2   0  -5  -3  -3  -5  -1  -4   1   2  -2   0   4  -5  -3  -2   8  -1   1    7   3   6   0   1   1   0   4   0   8  16   3   2  15   0   2   2  19   1   9  0.69 0.35
   70 G     0   3   1   1  -4   2   0   0   0  -4  -4   0  -3  -4   3   0  -1  -3  -3  -3    7  17   6   9   0  10   6   8   2   1   2   5   0   0  13   8   4   0   1   2  0.34 0.24
   71 L    -2  -3  -3  -3  -3  -3  -4  -4  -3   4   3  -3   4   3  -4  -1  -1  -3  -2   1    3   1   1   2   0   1   1   1   0  23  24   1  10  11   1   5   4   0   1   9  0.55 0.27
   72 I     1  -2  -2  -3   0  -2  -3  -1  -3   3   2  -2   0   2  -3  -2   0  -2  -2   2   12   2   2   2   2   1   1   4   1  17  23   2   1   8   1   3   5   0   1  12  0.27 0.16
   73 G     0   2   0  -1  -2   0  -1   1   0  -1  -1   2   0  -2  -1   0   1  -2  -2   0    6  13   3   3   1   3   3  13   2   3   6  13   2   1   2   9   8   0   1   7  0.11 0.09
   74 I     2  -1  -1   0  -2  -1  -1   3  -1   0  -1  -1  -1   0  -1   0   0  -1  -2  -1   17   3   3   6   1   2   3  23   2   6   7   3   1   4   2   6   7   1   1   4  0.16 0.11
   75 H    -1  -2  -1  -2  -2  -1  -2  -1   1  -1   2  -1   0   2  -2  -2  -2   8   1  -1    6   2   4   2   1   2   2   5   3   3  18   4   2   9   3   3   3  18   4   4  0.43 0.20
   76 F    -1  -1  -2  -3  -1  -2  -2  -1  -1   0   1  -1  -1   5  -1  -1  -1   2   0   0    5   4   2   2   1   1   2   4   1   5  14   4   1  30   4   4   4   3   2   6  0.36 0.18
   77 G     0   2   0  -1  -1   0  -1   2  -1  -1  -1   1  -1  -1  -1   1   0   0  -1  -1    8  11   3   3   1   5   3  15   1   3   6   9   1   2   3  13   6   1   2   3  0.12 0.08
   78 R     0   2   0   0  -1   0   0   0   0  -2   0   1  -1   0   0   2   0  -1  -1  -1    5  12   4   5   1   4   4   7   2   2   8  10   1   5   5  16   3   1   2   3  0.08 0.07
   79 P     0   0   0  -1  -1   0   0   0  -1   0   1   1   0   0   2   0   0  -1  -1   0    5   5   3   3   1   3   4   7   1   6  16  10   1   3  10   8   4   1   1   7  0.06 0.04
   80 L     0   0   0  -1  -1   0   0   0   0   0   0   1   0   1   0   0   0   3   0   0    6   6   3   3   1   3   5   6   2   5   7  10   2   8   5   6   6   4   2   8  0.03 0.02
   81 Q     0   2   2   0  -2   1   0   1   0  -2  -2   1  -1  -2  -1   1   1  -1  -1  -1    6  10   9   5   1   6   5  10   2   2   4  11   1   2   3  10   9   1   1   3  0.12 0.08
   82 H     0   2   0   0  -2   0   0   0   1  -1  -1   1  -1  -1   1   0   0  -1  -1  -1    6  13   4   4   1   4   6   9   4   3   6  10   1   4   8   6   4   1   2   4  0.08 0.05
   83 E     0   2   0   1  -2   1   2   0   0  -1  -1   1  -1  -1   2   0   0   0  -1  -1    6  10   4   6   1   6  13   7   2   3   5   8   1   2  10   5   4   1   2   4  0.13 0.08
   84 G     0   1   0  -1  -2   1   0   1   1  -1  -1   0   0   0   0   0   0   1   0  -1    6   8   4   3   1   6   7  13   4   4   5   6   2   4   5   7   6   2   3   4  0.05 0.04
   85 E    -1   2   1   3  -3   1   1  -1  -1  -2  -2   1  -1  -2  -2   0   0  -1  -2  -1    4  10   6  18   1   6  10   4   1   2   3  11   1   2   2   7   6   1   1   4  0.20 0.13
   86 S     0   1   0   0  -3   0   0   0   0  -2  -2   2  -1  -1   3   0   0  -1  -1  -2    8   9   4   6   0   3   4   9   2   2   4  12   1   4  14   7   6   1   1   3  0.16 0.10
   87 K     0   0   0   2  -3   1   1  -1   1  -2  -2   1  -2  -2   1   0  -1  -1  -2  -1    8   6   3  15   0   7  10   5   3   2   5  10   1   2   6   8   4   1   1   4  0.15 0.11
   88 G     2  -2   1   2  -3  -1   0   2   0  -1  -2   0  -2  -3  -1   1   1  -1  -2  -1   17   2   6  13   0   2   5  13   2   3   4   5   1   1   2  10   9   1   1   3  0.17 0.14
   89 R    -1   4  -2  -3  -3   1  -2  -2   0  -1  -1   1   0   1  -3  -1  -1   5   1  -1    5  27   2   1   1   6   1   3   2   5   7   7   2   7   1   4   3   7   4   3  0.38 0.23
   90 L    -2   4   0  -1  -4   0  -1  -3   0  -1   2   1   2  -2  -3  -1  -1   0  -2  -2    3  27   4   4   0   4   3   1   3   3  20   9   4   2   1   4   3   1   1   3  0.34 0.23
   91 T    -1  -3   0  -4  -4  -4  -4   0  -3   0   3  -3   4   5  -4  -2  -1  -3   0  -2    6   1   5   1   0   0   1   7   0   4  28   2   9  24   1   3   3   0   3   2  0.56 0.32
   92 L     1  -5  -5  -6  -3  -5  -5   1  -5   0   2  -5  -1   0  -5  -2  -2   9   2   0   13   0   0   0   0   0   0  11   0   5  17   0   1   3   0   3   3  28   6   8  0.98 0.45
   93 I    -1  -1  -4  -5  -2  -3  -4  -1  -4   2   2   0   1   2  -4  -2  -1   8   0   0    5   4   0   0   1   1   0   5   0  12  21   6   3   8   1   2   4  19   2   5  0.57 0.29
   94 H    -1   0   3  -3  -3  -1  -2  -1   4  -2   0   4   1  -1  -3  -1  -2  -1   2  -3    5   4  13   0   0   2   1   5   9   2   9  28   4   3   1   3   1   1   8   1  0.39 0.27
   95 I    -4  -6  -7  -7  -4  -6  -6  -7  -7   5   3  -6  -1  -3  -5  -5  -2  -5  -5   4    1   0   0   0   0   0   0   0   0  35  29   0   1   0   1   0   3   0   0  31  1.28 0.54
   96 L     1  -6  -6  -6  -1  -5  -6  -3  -6   5   3  -6   0   2  -6  -5  -3  -5  -4   2   10   0   0   0   1   0   0   2   0  38  24   0   2   8   0   0   1   0   0  15  0.93 0.44
   97 L     0  -6  -6  -6  -2  -5  -6  -5  -6   5   3  -5  -1   0  -5  -4  -3  -2  -3   4    8   0   0   0   1   0   0   1   0  28  25   0   1   3   0   1   1   1   0  30  0.92 0.44
   98 G     6  -6  -5  -6  -4  -5  -5   4  -6  -6  -5  -5  -6  -5  -5   1  -2  -7  -6  -5   55   0   0   0   0   0   0  34   0   0   1   0   0   0   0   8   2   0   0   0  1.45 0.66
   99 M    -3  -6  -5  -6   4  -5  -5  -4  -5   0  -2  -5   3   6  -6   1   4  -4  -2   0    1   0   0   0   8   0   0   1   0   5   2   0   8  32   0  10  25   0   0   7  0.98 0.51
  100 I    -3  -6  -7  -7  -4  -6  -7  -6  -7   6   4  -6   0   0  -4  -6  -4  -6  -4   2    2   0   0   0   0   0   0   0   0  45  33   0   2   3   1   0   0   0   0  14  1.30 0.54
  101 P    -5  -7  -7  -7  -6  -7  -6  -7  -8  -2  -7  -6  -7  -9   9  -6  -5  -6  -8  -3    1   0   0   0   0   0   0   0   0   3   0   0   0   0  93   0   1   0   0   2  3.21 1.13
  102 A     6  -5  -5  -5  -4  -5  -5  -1  -6   2  -3  -5  -3  -4  -4  -1   2  -6  -5   1   58   0   0   0   0   0   0   4   0  13   1   0   0   1   0   4  11   0   0   7  1.04 0.54
  103 V     4  -5  -5  -5   0  -5  -5   3  -5   0   0  -4   1  -3  -5  -2  -3  -6  -5   3   35   0   0   0   2   0   0  22   0   5   8   1   3   1   0   2   0   0   0  22  0.71 0.41
  104 V    -1  -5  -6  -6  -3  -5  -6  -4  -6   5   2  -6  -1   0  -4  -5  -3  -5  -4   5    5   0   0   0   0   0   0   2   0  32  14   0   1   3   1   0   0   0   0  41  1.12 0.50
  105 L     1  -5  -6  -6  -2  -5  -5  -4  -5   4   3  -5   0   2  -3  -4  -3  -5  -3   3   12   0   0   0   1   0   0   1   0  25  31   0   1   8   1   1   1   0   0  18  0.75 0.37
  106 G    -2  -7  -5  -6  -5  -6  -6   8  -7  -8  -8  -5  -7  -7  -7  -4  -4  -4  -5  -6    3   0   0   0   0   0   0  93   0   0   0   0   0   0   0   1   1   0   0   0  2.51 0.90
  107 L    -1  -5  -6  -6  -4  -5  -6  -4  -5   1   4  -3  -1   5  -4  -5  -4  -2   1   2    5   0   0   0   0   0   0   1   0   5  47   2   1  20   1   0   0   1   4  13  0.91 0.44
  108 L     0  -5  -6  -6  -4  -5  -5  -4  -6   2   5  -4   0   2  -2  -4  -1  -4  -3   0    9   0   0   0   0   0   0   1   0   8  57   1   2   8   3   1   3   0   0   6  0.88 0.44
  109 F     0  -6  -7  -6  -3  -6  -6  -4  -6  -2   4  -6   0   7  -7  -5  -3  -1  -2  -1   10   0   0   0   0   0   0   2   0   1  34   0   1  45   0   0   2   1   0   3  1.32 0.57
  110 H    -2  -1   2   2  -5   1   2   0   5  -3  -4   3  -3  -4  -3  -1  -2  -4   3  -4    3   2   9  13   0   5  11   7  14   1   1  18   0   0   1   4   1   0   9   0  0.49 0.31
  111 D    -4  -2   0   7  -7  -2   1  -1   0  -6  -6   3  -5  -6  -3   0  -4  -5  -5  -6    0   2   3  52   0   1   6   5   3   0   0  18   0   0   1   6   1   0   0   0  1.24 0.57
  112 T     0  -3  -3  -4  -4   2  -2  -4   0   1   1   0   0   4  -3  -2   0   5   3   0    8   1   0   0   0   9   2   0   2   7  12   5   2  16   1   2   7   8  10   7  0.34 0.24
  113 I    -3  -7  -7  -5  -5  -7  -6  -3  -7   8   0  -6   1   0  -7  -6  -5  -5  -5   1    2   0   0   1   0   0   0   2   0  72   6   0   3   4   0   0   0   0   0   9  1.73 0.68
  114 K    -4   0  -2   3  -7  -1   5  -3  -3  -6  -6   5  -5  -3  -5  -3  -3  -4  -5  -5    1   3   1  15   0   1  38   1   0   0   0  33   0   1   0   1   1   0   0   0  1.18 0.57
  115 S     2  -1   1  -1  -3   1   2   0   2  -3  -2   0  -2  -3  -3   1   2  -2   0  -2   18   2   6   3   0   5  12   6   5   1   3   5   1   0   0  12  16   0   3   1  0.25 0.22
  116 L    -1  -4  -2  -4  -4  -3  -4  -5   2  -1   5  -4   2   1  -2  -3  -1  -2   2   1    4   0   2   1   0   1   1   0   5   2  51   1   4   4   2   2   4   0   6   9  0.64 0.36
  117 F    -4   0  -6  -6  -6  -6  -3  -4  -4  -3   3  -5   0   8  -3  -5  -5  -3   0  -4    2   6   0   0   0   0   2   1   0   1  27   0   2  53   1   1   0   0   2   0  1.47 0.62
  118 N    -3   4   5  -1  -4  -2   0   0   1  -5  -5  -1  -4  -4  -5   3   1  -6  -4  -5    1  21  28   3   0   1   4   6   3   0   0   2   0   1   0  20   8   0   0   0  0.78 0.44
  119 P    -1  -4   1  -1  -5  -3  -2  -2  -3  -2  -2  -4  -3  -3   6   2   0  -1  -1  -1    4   0   6   3   0   1   2   3   1   3   5   0   1   1  39  17   5   1   3   5  0.78 0.42
  120 I    -1  -2  -2  -3  -3   0  -1  -3  -2   2   2  -2   1   0  -1  -2   0   5   0   2    5   2   1   1   0   4   3   2   1  11  24   2   3   3   4   3   5   8   3  14  0.24 0.18
  121 N    -2  -3  -2  -4  -2  -4  -4  -5  -4   1   1  -4  -1  -2   2  -1   3   5   0   4    3   1   2   0   1   0   0   0   0   8  11   0   1   1  10   3  18   8   3  28  0.54 0.34
  122 V    -4  -6  -7  -7  -5  -6  -7  -7  -7   5  -2  -6   0  -4  -6  -5  -2  -7  -5   7    1   0   0   0   0   0   0   0   0  28   2   0   2   0   0   0   3   0   0  63  1.72 0.69
  123 M     5  -5  -5  -5   2  -4  -5   0  -5   1  -1  -4   1  -5  -4   0  -2  -4  -4   1   56   0   0   0   3   0   0   6   0   8   7   0   3   0   0   6   2   0   0   7  0.88 0.48
  124 Y     1  -4  -3  -4   1  -4  -4  -2  -4   4   0  -4   0   1  -4  -1   1   5   1   2   14   0   1   1   2   0   0   4   0  22   9   0   1   6   0   5  10   7   4  13  0.41 0.27
  125 A     4  -4  -3  -5  -3  -3  -4   0  -5  -2  -3  -4   5  -2  -4   1   3  -3  -4  -1   36   0   1   0   0   0   0   7   0   1   1   0  17   2   0  11  17   0   0   4  0.78 0.47
  126 L    -4  -6  -7  -7  -4  -6  -7  -7  -7  -2   6  -6   1   2  -7  -4   1   0  -5  -3    1   0   0   0   0   0   0   0   0   0  78   0   3   7   0   1   8   1   0   1  1.57 0.67
  127 V    -2  -6  -7  -7  -4  -6  -7  -5  -7   7   2  -6  -1   2  -6  -5  -3  -5  -4   3    4   0   0   0   0   0   0   1   0  53  15   0   1   7   0   0   1   0   0  17  1.29 0.54
  128 V     0  -6  -6  -6  -3  -5  -6  -2  -6   4   2  -5  -1   1  -6  -4  -3  -3  -4   5    9   0   0   0   0   0   0   4   0  22  20   0   0   6   0   0   1   0   0  37  0.88 0.43
  129 G    -4  -6  -5  -6  -6  -6  -6   6  -5  -3  -3  -6  -1   4  -6  -4  -1   2   3  -2    1   0   0   0   0   0   0  57   0   1   3   0   2  19   0   0   4   2   8   4  1.38 0.60
  130 G     2  -6  -5  -6  -4  -6  -6   7  -6  -6  -6  -6  -6  -4  -6  -1  -5  -7  -7  -6   16   0   0   0   0   0   0  76   0   0   1   0   0   1   0   4   0   0   0   0  1.93 0.75
  131 L    -1  -6  -6  -6  -4  -6  -6  -3  -6   5   3  -6   0   2  -6  -5  -4  -3  -3   4    4   0   0   0   0   0   0   3   0  33  23   0   2   9   0   0   0   0   0  25  0.95 0.44
  132 L     1  -6  -6  -6  -3  -5  -6  -4  -6   3   4  -5   0   2  -5  -5  -4   3  -2   3   11   0   0   0   0   0   0   1   0  19  36   0   1   7   0   0   0   3   1  21  0.82 0.41
  133 L    -4  -6  -7  -7  -5  -6  -7  -6  -6   3   5  -6   6   4  -7  -6  -5  -5  -3  -2    1   0   0   0   0   0   0   0   0  17  44   0  21  16   0   0   0   0   0   0  1.42 0.60
  134 I    -2  -6  -6  -6  -4  -6  -6   0  -6   5   4  -6  -1   1  -6  -5  -4   6  -1   0    3   0   0   0   0   0   0   8   0  30  36   0   1   4   0   0   0  12   2   4  1.02 0.47
  135 A     1  -5  -6  -6  -3  -5  -5  -3  -4   3   2  -4  -1   3  -6  -4  -2   7   1   2   13   0   0   0   0   0   0   2   0  16  17   1   1  13   0   0   2  14   5  16  0.74 0.37
  136 A     4  -5  -5  -5  -1  -5  -4  -2  -5   3  -1  -5  -1   0  -5  -1  -2  -5  -4   3   40   0   0   0   1   0   0   2   0  16   5   0   1   4   0   3   1   0   0  24  0.79 0.44
  137 E    -4  -4  -4   6  -8  -2   6  -5  -4  -6  -5  -4  -7  -6  -6  -4  -5  -6  -5  -5    2   1   0  38   0   1  54   1   0   1   1   0   0   0   0   1   0   0   0   1  1.80 0.77
  138 C    -1   5   2  -2  -4   0  -2  -4  -1  -2  -1   3  -2  -2  -4  -1  -2   4   0  -2    5  31   8   2   0   2   1   1   2   2   5  21   1   2   0   3   1   6   4   3  0.59 0.35
  139 L    -1   3  -2  -4  -3  -2  -3  -3   0   0   1  -1   1   3  -4  -2  -1   6   2   0    4  16   2   1   0   1   1   1   2   6  17   3   4  12   1   2   3  10   8   8  0.39 0.23
  140 K     1   2   0  -2  -1   0  -2   2   1  -2  -2   2  -2   2  -2  -1  -2  -2   0  -2   13  12   6   1   1   3   1  14   4   1   2  16   1  11   2   4   2   0   4   2  0.20 0.17
  141 P     0   3   1  -1  -3   0   0  -1   0  -3  -2   2  -2  -2   2   0  -1  -3  -2  -2   10  15   7   3   0   4   7   4   2   1   4  16   1   2  11   6   4   0   1   3  0.23 0.17
  142 K    -1   4   1  -2  -4   1  -1  -1   3  -3  -3   5  -2  -3  -2  -1  -1  -4  -3  -3    4  20   6   1   0   5   3   4   6   1   2  34   1   1   2   3   4   0   1   2  0.58 0.32
  143 E     0   2   1   0  -3   2   1   0   1  -2  -3   2  -2  -3   0   0   1  -3  -2  -1    6  14   7   5   0  10  10   6   3   1   2  11   0   1   4   5   8   0   1   4  0.20 0.14
  144 P     0   2  -1  -2  -2  -1  -1  -2   1  -1  -2   1  -3  -2   5   0  -1  -3  -1   0    9  13   3   2   1   2   4   3   3   3   2   8   0   2  26   6   3   0   2   7  0.39 0.22
  145 R     0   4  -1  -1  -2   1   1  -2   1  -2  -2   2  -2  -3  -1   0   1  -3  -2  -1    6  23   3   3   1   7   7   3   4   2   3  15   1   1   3   5   9   0   1   4  0.29 0.19
  146 A     0  -1  -1  -2   0  -1  -1  -1   0   2  -1  -1  -1  -1  -2   0   2  -2   1   2   10   3   2   2   2   2   4   4   2  15   4   4   1   2   1   5  13   0   5  18  0.11 0.12
  147 P    -1   2   1   1  -2   1   1  -1   2  -2  -2   2  -1  -2  -1   0   1  -2  -1  -1    4  10   7   7   1   5  10   3   6   2   4  13   1   2   2   5  11   0   1   4  0.15 0.11
  148 G    -1  -1   1   3  -3  -1   1   1   1  -4  -4   0  -3  -4  -1   2   2  -4  -3  -3    4   4   6  19   0   2   9   9   3   1   1   5   0   0   3  17  15   0   1   1  0.34 0.23
  149 L    -1  -3  -3  -3  -3  -2   0  -4  -3   3   3  -3   2   0  -3  -2  -2  -2  -2   3    5   1   1   1   0   1   8   1   0  17  29   1   6   4   1   2   2   0   1  19  0.42 0.24
  150 D     0  -1   1   4  -4  -1   3  -2   0  -4  -4   1  -1  -4  -3   0   0  -4   0  -4    6   2   6  26   0   2  22   3   2   1   1   8   2   1   1   7   5   0   3   1  0.49 0.29
  151 D    -1   0   1   4  -4   4   3  -2   1  -5  -4   1  -3  -5  -3   0  -1  -5  -4  -4    5   4   5  25   0  16  17   2   3   0   1   8   0   0   1   6   3   0   0   1  0.60 0.34
  152 M    -4  -5  -6  -6  -4  -5  -6  -6  -6   5   4  -5   6  -1  -4  -5  -3  -5  -2   2    1   0   0   0   0   0   0   0   0  31  31   0  18   2   1   0   1   0   1  11  1.10 0.48
  153 T    -3  -1   1  -1  -4  -4  -4   0  -3  -4  -5  -3  -4  -6   1   4   5  -6  -5  -4    0   3   6   3   0   0   0   7   0   1   0   1   0   0   8  27  42   0   0   0  0.98 0.54
  154 Y    -3  -5  -4  -6  -4  -5  -5  -5  -3   0   1  -5   1   2   1  -4  -3   8   6   0    2   0   1   0   0   0   1   1   0   6  16   0   3   8   6   1   2  19  27   6  1.10 0.50
  155 R    -2   4  -3  -4  -5   0  -3   0  -2  -3  -1   5  -1  -2   1  -1  -1   0  -3  -3    3  20   1   0   0   3   0   6   1   1   7  37   1   2   6   4   3   1   1   2  0.61 0.38
  156 Q    -3   0   0   4  -5   5  -1  -3   2  -3  -2   1   0  -4  -4  -1   2  -5  -4  -2    2   5   5  24   0  24   2   1   5   2   3   7   3   0   0   3  11   0   0   3  0.58 0.37
  157 A     7  -6  -5  -6   0  -5  -5   1  -6  -4  -5  -5  -5  -6  -5   1  -3  -7  -2  -2   75   0   0   0   2   0   0   8   0   1   0   0   0   0   0   8   1   0   1   3  1.54 0.71
  158 F    -3  -6  -7  -7  -5  -4  -6  -6  -6   3   4  -6   0   5  -6  -5  -4  -2  -3   1    2   0   0   0   0   1   0   0   0  14  45   0   1  26   0   0   0   0   0   9  1.19 0.52
  159 M    -1  -2  -4  -5  -2  -2  -4   0  -4   3   2   1   1   1  -4  -2  -1   4   0   1    6   1   0   0   1   1   0   7   0  19  20  12   3   5   0   1   3   7   3  10  0.33 0.23
  160 I    -5  -7  -5  -7  -5  -7  -7  -7  -7   7  -1  -7   1  -1  -7  -6  -4  -6   0   3    0   0   1   0   0   0   0   0   0  68   2   0   3   3   0   0   0   0   3  20  1.80 0.69
  161 G    -4  -7  -5  -6  -5  -7  -7   8  -7  -8  -8  -6  -7  -8  -7  -5  -6  -7  -8  -7    0   0   0   0   0   0   0  98   0   0   0   0   0   0   0   0   0   0   0   0  2.81 0.97
  162 C    -1  -6  -6  -6   5  -5  -6  -5  -6   2   4  -6   1   4  -6  -4  -3  -3  -3   1    4   0   0   0  11   0   0   1   0  11  43   0   2  17   0   1   1   0   0   9  0.95 0.44
  163 F     4  -6  -6  -6   2  -5  -5  -2  -5   0  -3  -5  -1   6  -5  -1  -4   3  -1  -1   34   0   0   0   4   0   0   3   0   5   2   0   1  36   0   5   0   4   2   4  1.06 0.52
  164 Q    -6  -4  -5  -6  -8   9  -3  -7  -5  -8  -7  -4  -6  -8  -7  -6  -6  -7  -7  -8    0   0   0   0   0  98   0   0   0   0   0   0   0   0   0   0   0   0   0   0  3.37 1.24
  165 C     3  -6  -6  -6   9  -5  -6  -4  -6   1  -2  -5   1  -5  -6   0  -2  -6  -6   2   28   0   0   0  37   0   0   1   0   6   3   0   3   0   0   8   2   0   0  11  1.35 0.58
  166 L    -2  -6  -7  -7  -1  -6  -6  -7  -6   3   5  -6   2   2  -6  -6  -4  -5  -4   1    3   0   0   0   1   0   0   0   0  15  61   0   3   8   0   0   0   0   0   7  1.21 0.52
  167 A     7  -6  -6  -6  -3  -5  -5  -4  -6  -6  -6  -5  -6  -7  -5   2  -4  -7  -6  -5   83   0   0   0   0   0   0   1   0   0   0   0   0   0   0  16   0   0   0   0  1.99 0.85
  168 L    -5  -6  -7  -7  -5  -6  -7  -7  -7   2   5  -6   7  -2  -6  -6  -5  -6  -5   1    0   0   0   0   0   0   0   0   0  12  52   0  24   1   0   0   0   0   0   9  1.49 0.62
  169 W    -5  -7  -7  -7  -4  -7  -7  -7  -7   7  -1  -7   0   3  -7  -6  -4   7  -3   2    0   0   0   0   0   0   0   0   0  53   5   0   2  10   0   0   0  14   0  14  1.63 0.65
  170 P    -6  -8  -8  -7  -9  -7  -7  -8  -8  -9  -9  -7  -8  -9   9  -5  -6 -10  -9  -8    0   0   0   0   0   0   0   0   0   0   0   0   0   0  99   0   0   0   0   0  3.60 1.23
  171 G    -4  -8  -6  -6  -8  -7  -7   8  -7  -9  -9  -7  -8  -8  -7  -5  -7  -8  -8  -8    1   0   0   0   0   0   0  99   0   0   0   0   0   0   0   0   0   0   0   0  2.92 1.01
  172 F    -3  -6  -5  -6  -4  -5  -6  -6  -6   1  -3  -5   2   3  -6  -3   5  -6  -4   5    1   0   0   0   0   0   0   0   0   6   1   0   4  11   0   1  40   0   0  35  1.22 0.60
  173 S    -4  -6  -5  -6  -6  -5  -5  -6  -6  -8  -8  -6  -7  -8  -6   8  -4  -8  -7  -7    0   0   0   0   0   0   0   0   0   0   0   0   0   0   0 100   0   0   0   0  2.74 1.11
  174 R    -7   9  -6  -7  -9  -4  -5  -8  -3  -9  -8  -3  -7  -8  -8  -6  -7  -8  -7  -8    0  99   0   0   0   0   0   0   1   0   0   0   0   0   0   0   0   0   0   0  3.23 1.14
  175 S     0  -6  -5  -5  -6  -5  -5  -5  -6  -8  -8  -5  -5  -6  -6   8  -3  -8  -7  -7    6   0   0   0   0   0   0   0   0   0   0   0   0   0   0  93   0   0   0   0  2.42 1.02
  176 G     2  -7  -5  -6  -7  -6  -6   7  -7  -7  -5  -6   2  -6  -6  -4  -6  -7  -7  -7   18   0   0   0   0   0   0  75   0   0   1   0   6   0   0   0   0   0   0   0  1.99 0.78
  177 A     6  -5  -5  -5  -3  -5  -5   0  -6   2  -5  -5  -2  -6  -5   3  -2  -7  -6  -1   55   0   0   0   0   0   0   5   0  11   0   0   1   0   0  22   2   0   0   3  1.14 0.59
  178 T    -4  -6  -5  -6  -4  -6  -6  -7  -7  -5  -6  -6  -6  -7  -6   0   8  -8  -7  -4    1   0   0   0   0   0   0   0   0   0   0   0   0   0   0   5  93   0   0   1  2.66 1.05
  179 I    -5  -8  -8  -8  -6  -7  -8  -9  -8   8  -2  -8   4  -5  -8  -7  -4  -7  -6  -1    0   0   0   0   0   0   0   0   0  88   2   0   8   0   0   0   1   0   0   1  2.57 0.92
  180 S     0  -5  -4  -5  -3  -4  -5  -4  -5   4   0  -4   3   0  -5   2   3  -4  -4   2    8   0   0   0   0   0   0   1   0  22   9   0   8   3   0  17  18   0   0  14  0.57 0.36
  181 G     3  -6  -5  -6  -4  -6  -6   6  -6  -6  -6  -5   0  -5  -5  -3   0  -7  -7  -3   25   0   0   0   0   0   0  63   0   0   0   0   2   0   0   1   6   0   0   2  1.57 0.67
  182 G     3  -6  -5  -6  -5  -6  -6   7  -6  -7  -7  -6  -3  -7  -6  -1  -5  -7  -7  -6   27   0   0   0   0   0   0  68   0   0   0   0   1   0   0   4   0   0   0   0  1.86 0.75
  183 M    -5  -1  -7  -7  -5  -2  -6  -7  -6   0   5  -6   7  -3  -7  -6  -4   2  -4   0    0   3   0   0   0   2   0   0   0   5  50   0  29   0   0   0   0   2   0   7  1.43 0.62
  184 L     0  -5  -5  -6  -3  -2  -5  -4  -4   1   4  -5   3   4  -6  -2  -1  -2  -1   0    8   0   0   0   0   2   0   1   0   8  45   0   6  17   0   3   3   0   2   4  0.75 0.39
  185 M     0  -1  -4  -5  -1   1  -4  -4  -4   1   4  -4   4   1  -5  -2  -2  -3  -3   1    9   3   1   0   1   7   0   1   0   6  42   0  11   7   0   4   2   0   0   8  0.57 0.34
  186 G    -4  -3  -2  -4  -7  -5  -6   7  -4  -9  -8   0  -7  -8  -7  -4  -6  -7  -8  -8    0   1   2   1   0   0   0  88   0   0   0   6   0   0   0   0   0   0   0   0  2.35 0.87
  187 V    -1  -5  -3  -6   0  -4  -5  -6  -5   1   4  -5   3   2  -6  -4   0  -3   2   2    5   0   1   0   2   0   0   0   0   6  44   0   7   7   0   0   6   0   8  13  0.71 0.38
  188 S    -3  -1   2   3  -5  -2   0  -2  -3  -6  -6   1  -5  -6  -3   5   2  -7  -5  -5    1   3   9  18   0   1   6   2   0   0   0   7   0   0   1  39  13   0   0   0  0.82 0.48
  189 R    -5   8  -5  -6  -8  -3  -5  -6   1  -8  -6   1  -4  -7  -3  -5  -2  -7  -3  -6    0  81   0   0   0   1   0   0   3   0   1   8   0   0   1   1   2   0   1   0  2.30 0.89
  190 Y     0   2  -2  -2  -5   0   3  -3  -2  -4  -4   4  -3  -3   1   0   1  -5   0  -1    7  12   1   2   0   3  20   1   1   1   0  23   0   1   7   5   8   0   3   5  0.43 0.30
  191 A     5  -3  -2  -1  -2  -2  -1  -3  -3  -1  -2  -1  -3  -4  -4   0   2  -6  -4   2   43   1   1   4   0   2   4   1   0   2   3   3   0   0   0   7  15   0   0  13  0.58 0.39
  192 A     7  -6  -6  -6  -3  -6  -6  -4  -6  -2  -6  -5  -6  -7  -6   0  -3  -7  -7  -3   87   0   0   0   0   0   0   0   0   3   0   0   0   0   0   7   1   0   0   1  2.02 0.86
  193 S     6  -6  -5  -6  -5  -5  -5  -4  -6  -3  -3  -5  -4  -4  -5   0   3  -5  -6   0   66   0   0   0   0   0   0   0   0   1   2   0   0   1   0   5  18   0   0   6  1.38 0.67
  194 E    -5   5  -4   1  -8  -1   6  -6  -3  -6  -7   0  -5  -8  -6  -4  -5  -7  -6  -6    1  29   0   6   0   1  57   0   0   0   0   4   0   0   0   0   0   0   0   0  1.68 0.74
  195 F    -7  -8  -8  -9  -6  -8  -8  -8  -6  -4  -3  -8  -4   9  -9  -7  -7  -4   4  -5    0   0   0   0   0   0   0   0   0   0   1   0   0  84   0   0   0   0  14   1  3.00 1.01
  196 S     0  -6  -4  -5  -5  -5  -5  -4  -6  -7  -5  -5  -6  -7  -6   7   2  -8  -7  -6    6   0   0   0   0   0   0   1   0   0   1   0   0   0   0  82  11   0   0   0  2.01 0.89
  197 F    -8  -8  -9  -9  -8  -9  -9  -9  -7  -6  -5  -9  -4  10  -9  -8  -8  -4  -2  -6    0   0   0   0   0   0   0   0   0   0   0   0   0  99   0   0   0   0   0   0  3.60 1.16
  198 L    -6  -6  -7  -7  -5  -6  -7  -7  -5   1   5  -7  -1   7  -7  -6  -5  -3   1  -3    0   0   0   0   0   0   0   0   0   8  48   0   1  37   0   0   0   0   4   1  1.58 0.63
  199 L    -3  -6  -7  -8  -5  -6  -7  -7  -7   0   6  -6   5  -4  -6  -6  -5  -6  -5  -1    2   0   0   0   0   0   0   0   0   4  76   0  13   0   0   0   0   0   0   4  1.74 0.70
  200 A     6  -6  -5  -6  -4  -5  -5   1  -6  -5  -6  -5  -4  -6  -5   3  -4  -7  -6  -2   65   0   0   0   0   0   0   9   0   0   0   0   0   0   0  21   0   0   0   3  1.46 0.69
  201 V    -3  -6  -7  -7  -4  -6  -7  -6  -7   6   0  -6   3  -3  -6  -5  -3  -5  -5   4    2   0   0   0   0   0   0   0   0  51   7   0   6   1   0   0   1   0   0  30  1.47 0.60
  202 P    -6  -7  -7  -7  -8  -4  -6  -8  -8  -6  -7  -6  -8  -9   9  -6  -6  -9  -8  -5    0   0   0   0   0   1   0   0   0   1   0   0   0   0  97   0   0   0   0   1  3.42 1.18
  203 M     2  -5  -5  -5  -4  -5  -5  -5  -6   3  -1  -5   0  -5  -4  -3   5  -6  -5   3   16   0   0   0   0   0   0   0   0  15   5   0   2   0   1   0  40   0   0  20  0.98 0.52
  204 M    -5  -7  -7  -8  -6  -6  -7  -7  -7   4   1  -6   9  -4  -5  -6  -4  -6  -6   2    0   0   0   0   0   0   0   0   0  22  10   0  55   0   1   0   1   0   0  11  2.06 0.81
  205 M     1  -5  -5  -6  -1  -5  -5  -1  -5   1   3  -5   1   5  -5  -3  -1  -3  -1   1   14   0   0   0   1   0   0   4   0   8  26   0   3  27   0   2   4   0   1  10  0.67 0.36
  206 G     4  -6  -5  -6  -3  -5  -6   6  -6  -3  -1  -5  -2  -5  -6  -3  -4  -7  -6  -2   38   0   0   0   0   0   0  49   0   1   6   0   1   0   0   1   0   0   0   2  1.36 0.62
  207 A     7  -6  -6  -6  -5  -5  -5  -3  -6  -5  -5  -2  -3  -7  -5   1  -4  -3  -5  -2   80   0   0   0   0   0   0   1   0   0   1   2   1   0   0  11   0   0   0   2  1.77 0.80
  208 T     0  -5  -3  -5   0  -5  -5   4  -5  -2  -5  -5  -3   0  -5   3   4  -6  -5  -3    6   0   1   0   2   0   0  29   0   2   0   0   0   4   0  25  29   0   0   2  0.94 0.53
  209 A     2  -5  -4  -4  -1  -4  -5   3  -5   1   3  -4  -1   1  -5  -2  -1  -5  -4   2   19   0   0   1   1   0   0  22   0   6  26   0   1   6   0   3   3   0   0  13  0.49 0.32
  210 L    -5  -4  -6  -4  -6  -5  -6  -7  -3  -1   4   0  -2   3  -7  -5  -5  -1   7  -1    1   1   0   1   0   0   0   0   0   2  32   7   1  10   0   0   0   1  41   3  1.36 0.61
  211 D    -3  -2  -2   5  -6   1   3  -5  -3  -6  -4   4  -4  -6  -5   2  -3  -7  -5  -5    1   1   1  32   0   6  15   0   0   0   1  25   0   0   0  14   1   0   0   1  0.98 0.51
  212 L    -2  -6  -6  -6  -4  -5  -6  -1  -6   2   5  -6   2   1  -6  -3  -1  -4  -3   1    4   0   0   0   0   0   0   5   0  11  57   0   3   4   0   1   5   0   1   8  0.95 0.46
  213 Y    -2  -2  -5  -5  -4  -4  -5  -4  -2   1   3  -1   1   2  -2  -3  -2   3   5   1    3   2   0   0   0   0   0   1   1   9  29   4   3   9   3   1   1   3  20  10  0.58 0.32
  214 K    -4  -1  -2   3  -7   0   1  -3   1  -6  -6   7  -5  -5  -5  -1  -2  -6  -5  -5    1   2   1  15   0   3   8   2   3   0   0  58   0   0   0   4   2   0   0   0  1.29 0.62
  215 S     0  -2   3   0  -3  -2  -1   0   2  -1   1  -2   0   1  -3   2   0  -3   0  -1    8   1  14   4   0   1   4   6   6   4  13   1   2   7   0  15   5   0   3   4  0.14 0.16
  216 W     0   2  -3  -2  -4  -2  -2   2   0   1   0  -2   0   2  -2  -2  -3   5   2   0    7  13   1   3   0   1   1  18   2   7  10   2   2   8   2   2   1   7   8   6  0.27 0.21
  217 G     0  -1   0   2  -4   1   1   1   2  -2  -1   0  -1   0  -1   1  -1  -3  -2  -2    9   2   5  11   0   5  11  13   6   2   8   5   1   6   2   9   4   0   0   1  0.13 0.13
  218 F     1  -1   0   0  -2   0   1   0   0   0   0  -1   0  -1  -1   1   0  -2   0   0   12   1   4   5   0   5   8   7   3   4  12   1   2   2   1  11   7   0   4   6  0.05 0.08
  219 L    -1  -4  -3  -2  -4  -3  -3   0  -2   2   3  -4   2   4   0  -2  -2  -3  -1  -1    4   0   1   2   0   1   2   7   1   9  32   0   5  21   5   2   2   0   2   4  0.47 0.29
  220 T     0  -2   1   0  -3   1   0   0   0  -3  -3  -2  -1  -3  -2   3   3  -5  -4  -1    7   1   7   6   0   6   5   7   2   1   2   2   1   1   2  23  22   0   0   4  0.35 0.29
  221 S     2  -2   0  -1  -3   0  -1   1  -1  -2  -1  -2   1  -1   2   2   0   0  -2  -1   16   1   3   2   0   3   4  13   2   2   6   1   4   3   9  16   6   1   1   4  0.17 0.17
  222 G     1  -3   1   2  -4   0   1   1   2  -1  -2  -2  -1  -2  -1   1   0  -2  -1   0   12   0   5  13   0   4  10  10   5   4   3   0   2   2   3  10   6   0   2   9  0.15 0.15
  223 D    -1  -2   2   5  -5   2   3   1   1  -4  -4  -3  -3  -3  -2   0  -2  -3  -3  -3    4   1  10  28   0  10  18   9   3   1   2   0   1   1   1   5   3   0   1   2  0.59 0.36
  224 I    -1  -5  -6  -6  -5  -5  -6  -1  -5   3   3  -5   1   2  -4  -3  -2   8   0   0    6   0   0   0   0   0   0   5   0  14  25   0   4   7   1   2   3  23   2   7  0.96 0.46
  225 P     0  -3  -1  -2  -4   0  -2   2  -2   1   0  -2   1  -1   3   0   0   0  -3   0    8   0   3   1   0   4   1  17   1   8  11   2   3   3  16   6   7   1   1   6  0.23 0.19
  226 M     1  -3  -1  -2  -3   0  -1  -2  -2   2   1  -3   2   1   2  -1   0  -3   0   1   13   0   2   2   0   4   4   2   1  11  17   0   6   6   9   5   4   0   2  12  0.18 0.17
  227 F    -5  -6  -7  -7  -5  -6  -6  -6  -6   3   5  -6   2   4  -6  -6   0  -2  -1  -1    0   0   0   0   0   0   0   0   0  15  49   0   4  18   0   0   7   1   1   3  1.16 0.53
  228 A     3  -5  -5  -6  -3  -5  -5   1  -5   3   2  -5   0   0  -4  -1  -1  -3  -4   1   30   0   0   0   0   0   0  10   0  17  22   0   1   4   0   3   3   0   0   9  0.57 0.36
  229 V     0  -6  -6  -7  -4  -6  -6  -5  -6   5   2  -6  -1  -1  -6  -4   1  -3  -3   5    7   0   0   0   0   0   0   1   0  27  15   0   1   2   0   1   7   0   1  38  1.02 0.49
  230 G     2  -7  -6  -6  -6  -7  -7   7  -7  -8  -8  -7  -8  -8  -7  -4  -6  -8  -8  -8   14   0   0   0   0   0   0  84   0   0   0   0   0   0   0   1   0   0   0   0  2.40 0.92
  231 F    -2  -6   1  -6   1  -6  -6  -3  -5  -1  -1  -6   3   7  -7  -1   3  -4  -2  -1    4   0   6   0   3   0   0   2   0   4   6   0   7  44   0   4  17   0   0   4  1.11 0.55
  232 I     1  -6  -6  -7  -3  -6  -6  -3  -6   4   2  -6  -1   0  -5  -4  -2  -6  -4   5   11   0   0   0   0   0   0   3   0  22  17   0   1   4   0   1   1   0   0  40  0.95 0.46
  233 T     2  -6  -5  -6  -2  -5  -5  -4  -6   2  -1  -5  -1   0  -5   0   2  -6  -5   5   16   0   0   0   1   0   0   1   0  10   5   0   1   3   0   6  13   0   0  44  0.85 0.46
  234 A     6  -6  -5  -6  -4  -5  -5  -4  -6  -7  -7  -5  -6  -7  -6   5  -3  -8  -7  -5   56   0   0   0   0   0   0   1   0   0   0   0   0   0   0  42   0   0   0   0  1.78 0.83
  235 F     1  -8  -8  -8  -3  -8  -8  -2  -6  -5  -3  -8  -2   9  -8  -6  -3  -1  -1  -5   10   0   0   0   1   0   0   3   0   0   1   0   1  79   0   0   2   1   1   0  2.53 0.93
  236 V    -1  -7  -7  -7  -4  -6  -7  -3  -7   5   2  -6  -2   1  -6  -5  -4  -4  -5   5    5   0   0   0   0   0   0   3   0  34  15   0   0   6   0   0   0   0   0  37  1.18 0.53
  237 V     0  -6  -5  -6  -4  -5  -6  -5  -6  -1  -3  -5  -2   1  -6   3   2  -5  -5   6    6   0   0   0   0   0   0   1   0   2   1   0   1   5   0  24  10   0   0  49  1.10 0.59
  238 A     6  -6  -5  -6  -3  -6  -6   4  -6  -7  -7  -5  -6  -7  -6   1  -4  -7  -7  -6   60   0   0   0   0   0   0  28   0   0   0   0   0   0   0  11   0   0   0   0  1.60 0.74
  239 L    -3  -6  -7  -7  -4  -6  -6  -7  -4   2   3  -6   3   3  -7  -6  -4   4   6   0    2   0   0   0   0   0   0   0   0  10  31   0   7  11   0   0   1   6  26   6  1.11 0.51
  240 I     2  -6  -6  -6  -3  -5  -6  -3  -6   4   3  -5  -1   3  -5  -4  -3  -1  -2   2   17   0   0   0   0   0   0   2   0  20  32   0   1  10   0   0   1   1   1  14  0.74 0.39
  241 A     4  -6  -6  -6   5  -5  -5  -4  -6  -2  -4  -5  -3  -4  -5   2   0  -7  -6   4   37   0   0   0  12   0   0   1   0   2   1   0   0   0   0  13   5   0   0  30  1.09 0.57
  242 I    -5  -8  -8  -8   1  -7  -8  -8  -8   7  -3  -7   0  -5  -8  -7  -5  -8  -6   4    0   0   0   0   3   0   0   0   0  65   0   0   2   0   0   0   0   0   0  28  2.10 0.80
  243 K     2   4  -2  -3  -6  -2  -3  -2   4  -4  -4   5  -4  -5  -5  -2  -2  -2  -2  -2   15  21   1   1   0   1   1   2   9   1   1  37   0   0   0   2   2   1   1   3  0.86 0.47
  244 T    -1  -5  -7  -7  -5  -5  -7  -1  -5  -3  -1  -3  -3   6  -5  -2  -1  10   2  -2    7   1   0   0   0   0   0   5   0   1   7   2   0  29   1   3   4  32   5   3  1.53 0.64
  245 F    -6  -7  -8  -8  -7  -7  -8  -8  -7  -3   5  -7   3   7  -8  -7  -6  -5  -3  -3    0   0   0   0   0   0   0   0   0   0  44   0   5  49   0   0   0   0   0   1  1.97 0.77
  246 L    -5  -6  -7  -8  -5  -6  -7  -8  -6   4   5  -6   6  -3  -7  -6  -4  -5  -5   1    0   0   0   0   0   0   0   0   0  19  55   0  17   0   0   0   1   0   0   8  1.49 0.63
  247 Q     0   4   2   1  -4  -1  -2   1   0  -5  -5   4  -4  -5  -4   1  -2  -4  -4  -4    9  21   9   6   0   2   1  12   2   0   0  23   0   0   0   9   2   0   0   1  0.55 0.35
  248 L    -5  -7  -7  -8  -7  -7  -7  -8  -4   0   1  -7  -2   6  -8  -6  -6   4   7  -2    0   0   0   0   0   0   0   0   0   5  14   0   1  34   0   0   0   5  37   3  1.79 0.72
  249 I    -4  -7  -7  -8  -5  -7  -7  -8  -7   6   3  -7  -2  -4  -7  -6  -4  -7  -5   5    0   0   0   0   0   0   0   0   0  38  28   0   0   0   0   0   0   0   0  33  1.50 0.62
  250 K     0   2   1  -1  -5   3   0  -2  -3  -5  -5   4  -4  -6  -4   3   1  -6  -5  -3    7  10   6   2   0  12   6   3   0   0   0  23   0   0   0  23   7   0   0   1  0.58 0.38
  251 R    -3   5   2  -4  -4  -1  -3  -4   1  -6  -6   5  -5  -6  -5   0   2  -6  -5  -6    2  29   8   0   0   2   0   1   3   0   0  35   0   0   0   6  13   0   0   0  1.09 0.55
  252 I    -4   2   2  -5  -6  -3  -4  -3   8   1  -3   0   0   0  -6  -1  -4  -1   2  -1    1  10   9   0   0   0   0   2  39   9   2   6   2   4   0   4   0   1   7   4  1.11 0.54
  253 S    -3  -1   0   3  -6  -3  -4   4  -5  -6  -6   1  -5  -6  -1   3   2  -7  -6  -6    0   3   5  14   0   1   0  30   0   0   0   8   0   0   3  26  11   0   0   0  0.80 0.46
  254 F    -6  -7  -7  -8  -7  -7  -7  -8  -6  -3   3  -7   5   8  -7  -6  -3  -4   3  -4    0   0   0   0   0   0   0   0   0   1  23   0  12  54   0   0   2   0   8   1  1.88 0.74
  255 I     1   1  -1  -3  -3  -1  -2  -2  -2   1   0   3   2  -2  -4   0   2   1  -1   0   12   7   2   0   0   2   1   2   0   7   8  19   6   1   0   5  15   2   3   8  0.22 0.21
  256 P     1  -6  -6  -6  -5  -5  -5  -2  -3   1  -1  -5  -3  -2   6  -2  -4   3   0   2   10   0   0   0   0   0   0   3   1   9   6   0   1   2  41   3   0   4   4  16  1.01 0.51
  257 F    -8  -9  -9  -9  -8  -9  -9  -9  -7  -6  -5  -9  -6  10 -10  -8  -8   1  -1  -7    0   0   0   0   0   0   0   0   0   0   0   0   0  97   0   0   0   2   1   0  3.59 1.18
  258 A     4  -6  -5  -6  -5  -6  -6   4  -6  -2  -5  -5  -3  -5  -6  -2  -4  -7  -6   3   39   0   0   0   0   0   0  33   0   2   0   0   1   0   0   2   0   0   0  23  1.20 0.59
  259 I    -3  -7  -7  -8  -5  -6  -7  -4  -5   5  -2  -5  -3  -2  -7  -6  -5  10   5   2    2   0   0   0   0   0   0   1   0  29   4   1   0   1   0   0   0  31  16  13  1.82 0.73
  260 Y    -8  -8  -8  -9  -8  -7  -7  -9  -4  -7  -6  -8  -7  -2  -9  -8  -8   4  10  -7    0   0   0   0   0   0   0   0   0   0   0   0   0   0   0   0   0   5  95   0  3.79 1.29
  261 R    -7   9  -6  -7   3  -5  -6  -8  -6  -8  -7  -3  -7  -8  -8  -6  -6  -8  -7  -8    0  93   0   0   6   0   0   0   0   0   0   0   0   0   0   0   0   0   0   0  3.06 1.11
  262 F    -4  -7  -8  -8  -5  -7  -8  -8  -8   7   1  -7   0   2  -7  -6  -5   0  -5   2    1   0   0   0   0   0   0   0   0  63  13   0   2   9   0   0   0   1   0  10  1.73 0.68
  263 I     3  -6  -6  -7  -2  -6  -6  -2  -6   5   1  -6  -1  -1  -4  -4  -3  -6  -5   4   22   0   0   0   1   0   0   4   0  28  14   0   1   2   1   0   1   0   0  28  0.92 0.46
  264 V    -1  -6  -7  -8  -5  -6  -7  -7  -7   1   5  -6  -1   3  -7  -5  -4  -5  -4   3    5   0   0   0   0   0   0   0   0   8  54   0   1  12   0   0   0   0   0  19  1.21 0.55
  265 A     3  -7  -6  -6  -5  -7  -7   7  -7  -7  -8  -6  -6  -7  -7  -2  -6  -8  -8  -5   23   0   0   0   0   0   0  73   0   0   0   0   0   0   0   3   0   0   0   1  2.05 0.82
  266 A     3  -5  -5  -5  -1  -5  -5   0  -5   4   2  -5  -1  -1  -3  -1  -1  -5  -4   3   22   0   0   0   1   0   0   8   0  22  17   0   1   2   1   4   4   0   0  17  0.53 0.32
  267 A     1  -6  -6  -6  -3  -5  -6  -2  -6   4   3  -6  -1   1  -6  -4  -2  -4  -4   4   13   0   0   0   0   0   0   3   0  22  25   0   0   5   0   1   2   0   0  27  0.79 0.40
  268 V    -1  -6  -6  -7  -3  -6  -6  -2  -6   4   3  -6   0   2  -6  -4  -2  -4  -3   4    6   0   0   0   0   0   0   4   0  20  25   0   2   7   0   1   2   0   0  32  0.84 0.42
  269 Y    -2  -6  -7  -7  -2  -6  -7  -5  -6   3   5  -6   1   3  -6  -5  -4   3   2  -1    4   0   0   0   1   0   0   1   0  16  50   0   3  11   0   0   1   3   7   3  1.05 0.49
  270 V     2  -5  -5  -6  -3  -4  -5  -1  -5   4   2  -5   0   2  -5  -3  -2   3   0   3   20   0   0   0   0   0   0   5   0  20  17   0   2   7   0   1   1   4   3  19  0.59 0.34
  271 V    -2  -5  -6  -7  -4  -5  -6  -5  -3   1   3  -5   2   4  -6  -4  -1   5   5   1    3   0   0   0   0   0   0   1   0   8  32   0   4  15   0   0   3   6  16  11  0.87 0.42
  272 F    -2  -6  -6  -7  -5  -6  -6  -3  -1   0   4  -6  -1   6  -6  -3  -4   4   3  -1    3   0   0   0   0   0   0   2   1   4  35   0   1  32   0   2   1   6  10   4  1.07 0.48
  273 F    -7  -7  -7  -8  -7  -7  -7  -7  -5  -5  -5  -7  -5   8  -8  -7  -6   8   6  -6    0   0   0   0   0   0   0   0   0   0   0   0   0  52   0   0   0  22  25   0  2.61 0.81

                      K         Lambda
Standard Ungapped    0.1460     0.3319
Standard Gapped      0.0683     0.2670
PSI Ungapped         0.2230     0.3173
PSI Gapped           0.0683     0.2670
