
Last position-specific scoring matrix computed, weighted observed percentages rounded down, information per position, and relative weight of gapless real matches to pseudocounts
            A   R   N   D   C   Q   E   G   H   I   L   K   M   F   P   S   T   W   Y   V   A   R   N   D   C   Q   E   G   H   I   L   K   M   F   P   S   T   W   Y   V
    1 M    -2  -2  -3  -4  -2  -2  -3  -4  -3   1   4  -2   5   0  -3  -3  -1  -2  -1   0    0   0   0   0   0   0   0   0   0   0  68   0  32   0   0   0   0   0   0   0  0.53 0.07
    2 T     4  -2  -2  -2  -1  -1  -2  -1  -2   0   0  -1  -1  -2  -2   0   2  -3  -2   1   62   0   0   0   0   0   0   0   0   0   7   0   0   0   0   0  15   0   0  16  0.31 0.06
    3 G     1  -2  -1  -2  -3  -1  -1   5   1  -4  -4  -2  -3  -3   4  -1  -2  -3  -3  -3   10   0   0   0   0   0   5  57   5   0   0   0   0   0  23   0   0   0   0   0  0.75 0.07
    4 L    -2  -3  -4  -4  -2  -3  -3  -4  -3   2   4  -3   2   1  -3  -3  -2  -2  -1   2    0   0   0   0   0   0   0   0   0   6  72   0   4   4   0   0   0   0   0  15  0.54 0.09
    5 S     2  -2  -2  -2  -2  -1  -2  -1  -2   0  -1  -1  -1  -1   4   2   1  -3  -2   1   20   0   0   0   0   0   0   1   0   5   3   0   0   2  21  21  10   0   0  18  0.31 0.06
    6 M     1  -2  -3  -3  -1  -2  -2  -3  -3   1   3  -2   3  -1  -1  -1   1  -3  -2   1   19   0   0   0   0   0   0   0   0   1  36   0  15   0   2   0  12   0   0  14  0.25 0.07
    7 D     3  -2  -1   0  -2  -2  -1  -1  -2   0   1  -1   1   0  -2   0  -1  -2  -1   0   42   0   3   9   0   0   0   3   0   0  25   1   3   6   0   3   1   0   0   3  0.15 0.07
    8 G     1   0   1   2  -2   0   1   0   0  -3  -3   0  -2  -3   0   2   0  -3  -2  -2   16   2   5  18   0   0  10   5   3   0   0   5   0   0   3  33   1   0   0   0  0.30 0.06
    9 G     4  -2   0  -2  -2  -1  -1   4  -2  -3  -3  -1  -2  -3  -2   1  -1  -3  -3  -2   52   0   3   0   0   0   3  33   0   0   0   1   0   0   0   8   0   0   0   0  0.52 0.10
   10 G     2  -1   3   0  -2   0   1   3  -1  -3  -3   1  -2  -3  -2   0  -1  -3  -3  -2   28   0  21   1   0   0  11  25   0   0   0  11   0   0   0   2   0   0   0   0  0.35 0.07
   11 S     1  -1   0   2   1   0   2   1  -1  -3  -3   0  -2  -3  -2   2   0  -3  -1  -2   14   0   1  18   3   0  15  10   0   0   0   6   0   0   0  30   0   0   3   0  0.28 0.06
   12 P    -1  -1  -2  -2  -3   0   0  -2  -2  -3  -3   2  -3  -4   7  -1  -1  -4  -3  -2    4   0   0   0   0   4   3   0   0   0   0  16   0   0  66   3   0   0   0   1  1.34 0.14
   13 K     0   0   0   0  -3   2   3  -1  -1  -3  -3   3  -2  -3   0   1  -1  -3  -2  -1    8   0   1   0   0   8  36   1   0   0   0  29   0   0   3  10   0   0   0   4  0.39 0.08
   14 G    -1   1   0   3  -3   1   1   2  -1  -3  -2   2  -2  -3  -2   0   0  -3  -2  -2    3   5   2  26   0   4   6  17   0   0   4  25   0   0   0   1   5   0   0   1  0.28 0.05
   15 D    -1   0   0   3  -4   1   4  -2  -1  -4  -3   2  -3  -4   0   0  -1  -4  -3  -3    0   0   2  15   0   0  50   0   0   0   0  21   0   0   3   7   2   0   0   0  0.58 0.10
   16 V    -1   0   2   0  -2   0   0  -1   2   1  -1  -1   0  -2   0   0   0   1  -1   1    1   4  15   3   0   2   8   4  11  15   3   2   5   0   5   4   5   3   0  11  0.06 0.03
   17 D    -1  -2   1   6  -3  -1   1  -2  -2  -3  -4  -1  -3  -4   0   2  -1  -4  -3  -2    2   0   2  64   0   0   1   0   0   0   0   0   0   0   4  24   0   0   0   2  0.74 0.11
   18 P    -2   0  -3  -2   0  -2  -2  -3  -3  -4  -4  -1  -3  -4   8  -2  -2  -4  -4  -3    0   5   0   0   3   0   0   0   0   0   0   3   0   0  89   0   0   0   0   0  1.99 0.16
   19 F    -3  -3  -4  -4  -3  -4  -2  -4  -2  -1   0  -4  -1   7  -4  -3  -3   0   2  -2    0   0   0   0   0   0   3   0   0   0   4   0   0  93   0   0   0   0   0   0  1.14 0.15
   20 Y    -1  -2  -1  -2  -3  -1  -1  -3   5  -2  -2  -2  -2   1  -3   0   2   0   6  -2    4   0   0   0   0   2   1   0  25   0   0   0   0   2   0   4  19   0  44   0  0.59 0.10
   21 Y    -2  -2  -2   0  -3  -2  -2  -4   1  -1  -2  -2  -2   2  -3  -2  -2   1   8  -2    0   0   0   6   0   0   0   0   0   3   0   0   0   0   0   0   0   0  87   0  1.15 0.16
   22 D    -3  -2   2   7  -4  -1   1  -2  -2  -4  -4  -1  -4  -4  -2  -1  -2  -5  -4  -4    0   0  10  90   0   0   0   0   0   0   0   0   0   0   0   0   0   0   0   0  1.23 0.15
   23 Y    -3  -3  -3  -4  -3  -2  -3  -4   0  -3  -2  -3  -2   2  -4  -3  -3   9   7  -3    0   0   0   0   0   0   0   0   0   0   0   0   0   0   0   0   0  34  66   0  1.62 0.18
   24 E    -1   0   0   1  -4   4   3  -2   3  -3  -3   1  -2  -2  -2   0  -1  -3   0  -3    2   1   3   6   0  35  31   0  13   0   0   4   0   1   0   1   0   0   2   0  0.51 0.08
   25 T     0   0   1  -1  -2  -1  -1   0  -2  -1  -2  -1  -1  -3  -2   3   4  -3  -2  -1    1   5   4   0   0   0   0   5   0   3   0   0   0   0   0  30  51   0   0   0  0.41 0.09
   26 V    -2  -3  -4  -4  -2  -3  -3  -4  -3   2   4  -3   1   0  -3  -3  -1  -2  -2   2    0   0   0   0   0   0   0   0   0   3  72   0   0   0   0   0   0   0   0  25  0.54 0.09
   27 R    -2   6  -1  -2  -4   4   0  -3  -1  -4  -3   1  -2  -4  -3  -1  -2  -3  -2  -3    0  72   0   0   0  26   2   0   0   0   0   0   0   0   0   0   0   0   0   0  0.90 0.13
   28 N    -1  -2   1  -2  -2  -1  -2  -3  -2   3   2  -1   1  -1  -3  -1   1  -3  -2   2    0   0  13   0   0   1   0   0   0  40  19   6   0   0   0   0   9   0   0  14  0.21 0.06
   29 G     0  -1  -1  -2  -3  -2  -2   6  -3  -3  -3  -2  -3  -3  -3   0  -2  -3  -3  -1    3   3   0   0   0   0   0  80   0   0   0   0   0   0   0   5   0   0   0   9  0.90 0.11
   30 G    -1  -3  -1  -1  -3  -2  -1   6  -3  -5  -4  -2  -3  -4  -3  -1  -2  -3  -4  -4    0   0   0   3   0   0   3  94   0   0   0   0   0   0   0   0   0   0   0   0  1.25 0.13
   31 L    -2  -3  -4  -4  -2  -2  -3  -4  -3   1   4  -3   4   0  -3  -3  -1  -2  -2   1    0   0   0   0   0   0   0   0   0   0  78   0  18   0   0   0   2   0   0   2  0.60 0.10
   32 I    -1  -3  -3  -3  -2  -3  -3  -4  -4   4   1  -3   0  -1  -3  -2   1  -3  -2   3    0   0   0   0   0   0   0   0   0  55   1   0   0   0   0   0  13   0   0  30  0.45 0.09
   33 F    -2  -3  -3  -4   6  -3  -4  -4  -2   1   1  -3   0   5  -4  -2  -2  -1   2   0    0   0   0   0  32   0   0   0   0  12   9   0   0  38   0   0   0   0   6   4  0.62 0.10
   34 A     5  -2  -2   1  -1  -1  -1   1  -2  -2  -2  -1  -2  -3  -2   0  -1  -3  -3  -1   80   0   0  10   0   0   0  10   0   0   0   0   0   0   0   0   0   0   0   0  0.53 0.11
   35 G     1  -2  -1  -2  -2  -2  -2   4  -3  -1  -2  -2   0  -3  -2   0   0  -3  -3   1   14   0   0   0   0   0   0  52   0   0   0   0   6   0   0   0   9   0   0  20  0.45 0.07
   36 L    -1  -3  -4  -4  -1  -3  -3  -4  -3   3   3  -3   1   0  -3  -2  -1  -3  -1   3    0   0   0   0   0   0   0   0   0  27  34   0   0   3   0   0   2   0   0  34  0.40 0.07
   37 A     1  -2  -3  -4  -2  -2  -3  -3  -3   1   4  -2   2   0  -1  -2  -1  -2  -2   0   19   0   0   0   0   0   0   0   0   0  71   0   6   0   3   0   0   0   0   0  0.41 0.09
   38 F    -1  -4  -4  -4   6  -4  -4  -3  -2  -1  -1  -4  -1   6  -4  -2  -2   0   1  -1    4   0   0   0  30   0   0   0   0   0   0   0   0  66   0   0   0   0   0   0  0.96 0.14
   39 I     1  -2  -2  -3  -1  -2  -2  -2  -3   3   2  -2   1  -1  -2   1   0  -3  -2   2   12   0   0   0   0   0   0   0   0  41  18   0   0   0   0  15   2   0   0  12  0.23 0.06
   40 V     1  -3  -3  -3  -1  -2  -3  -3  -3   2   2  -2   1  -1  -3  -1   0  -3  -2   3   17   0   0   0   0   0   0   0   0  10  31   0   3   0   0   0   3   0   0  36  0.27 0.06
   41 G    -1  -3  -1  -1  -3  -2  -3   6  -3  -3  -4  -2  -3  -3   0  -1  -2   2  -3  -2    0   0   0   3   0   0   0  84   0   0   0   0   0   0   4   0   0   3   0   6  1.01 0.12
   42 L    -1  -3  -3  -3  -2  -3  -3  -4  -3   4   2  -3   1  -1  -3   0   0  -3  -2   2    0   0   0   0   0   0   0   0   0  65  18   0   2   0   0  10   3   0   0   1  0.41 0.09
   43 L    -1  -3  -4  -4   1  -3  -3  -4  -3   3   3  -3   1   0  -3  -2  -1  -2  -2   2    5   0   0   0   4   0   0   0   0  25  57   0   1   0   0   0   0   0   0   8  0.41 0.07
   44 I    -1  -3  -3  -3  -2  -2  -3  -4   2   4   2  -3   1   2  -3  -2  -1  -2   0   2    4   0   0   0   0   0   0   0  10  48  16   0   2   9   0   0   0   0   0  11  0.31 0.07
   45 L     1  -1  -3  -3  -1  -2  -3  -3  -3   3   2  -2   1  -1  -3  -2  -1  -3  -2   2   14   6   0   0   0   0   0   0   0  37  22   0   0   0   0   0   0   0   0  21  0.27 0.06
   46 L    -2  -3  -4  -4  -2  -2  -3  -4  -3   2   4  -3   3   1  -3  -3  -2  -2  -1   1    0   0   0   0   0   0   0   0   0   5  77   0  13   3   0   0   0   0   0   3  0.57 0.09
   47 S     0  -2   0  -1   0  -1  -1   1  -2  -3  -3  -1  -2  -3  -2   5   1  -3  -2  -2    0   0   0   0   2   0   0  11   0   1   0   1   0   0   0  83   1   0   0   0  0.61 0.13
   48 R    -1   3   0  -1   2   0   0   2   2  -3  -3   2  -2  -3  -1   0  -1  -3  -2  -3    1  19   3   0   8   0   3  22   9   0   0  25   0   0   2   7   0   0   0   0  0.30 0.06
   49 R    -2   5  -1  -2  -4   0   0  -2  -1  -3  -3   4  -2  -3  -1  -1  -1   0  -1  -3    0  51   0   0   0   0   0   0   0   0   0  38   0   0   2   3   0   1   2   0  0.69 0.12
   50 F    -1  -3  -3  -4   8  -3  -4  -3  -3  -1   0  -3   0   2  -2  -2  -2   0   1   0    1   0   0   0  61   0   0   0   0   0   9   0   2  11   2   0   0   1   5   6  0.95 0.14
   51 R    -2   4   0  -1  -4   1   0  -2   1  -3  -3   5  -2  -4  -2  -1  -1  -3  -2  -3    0  28   1   0   0   3   0   0   3   0   0  63   0   0   0   0   0   0   0   0  0.71 0.13
   52 C    -1  -4  -3  -4  10  -4  -4  -3  -4  -2  -1  -4  -2  -3  -4  -2  -1  -3  -3  -2    0   0   0   0  92   0   0   0   0   0   4   0   0   0   0   0   2   0   0   0  1.86 0.21
   53 G    -1   2   0  -1  -3   1   0   2  -1  -3  -3   3  -2  -3  -2   2   0  -3  -2  -3    0  10   1   0   0   3   0  20   0   0   0  41   0   0   0  20   2   0   0   0  0.38 0.09
   54 G    -1  -1   0  -2  -3  -1  -2   2  -1  -2  -1   0  -1   5  -3   0  -1  -1   2  -2    4   4   4   0   0   2   0  21   0   0   0   7   0  42   0   9   3   0   4   0  0.30 0.09
   55 N     0   1   4   0  -3   1   0  -1  -1  -3  -2   2  -2  -3  -2   2   0  -3  -2  -2    6   7  41   2   0   6   0   0   0   0   3  16   0   0   0  17   0   0   0   2  0.38 0.09
   56 K    -1   1  -1   1   0   5   1  -2   1  -3  -3   3   0  -4   0   0  -1  -3  -2  -3    0   3   0   7   3  51   0   0   4   0   0  24   2   0   3   3   0   0   0   0  0.55 0.13
   57 K    -1   1  -1  -1  -3   3   1  -2  -1  -3  -3   5  -2  -4   0   0  -1  -4  -2  -3    0   3   0   0   0  14   3   0   0   0   0  65   0   0   3   8   2   0   0   1  0.58 0.13
   58 R    -1   3  -1  -2  -3   2   0  -2   5  -3  -2   0  -2  -2   4  -1  -2  -3  -1  -3    3  23   0   0   0  17   1   2  22   0   2   0   0   2  27   1   0   0   0   0  0.62 0.11
   59 R    -1   5   0  -1  -3   1   0  -1   2  -4  -3   2  -2  -3  -2   2  -1  -3  -2  -3    0  47   4   0   0   6   0   3   6   0   0  10   0   0   0  23   0   0   0   0  0.52 0.11
   60 Q     0   0   0   1  -3   3   1  -2   3  -3  -2   0  -2  -3   2   1   1  -3  -1  -2   10   4   0   7   0  24  10   0  14   0   2   0   0   0   9   6  14   0   0   0  0.31 0.07
   61 I    -1   1  -2  -2  -2  -1  -2   2   0   1   1  -1   0  -2   3  -1  -1  -3  -2   1    1  10   0   0   0   0   0  18   4  11  20   3   2   0  21   0   1   0   0  10  0.23 0.05
   62 N    -1  -2   2   0  -3  -1   1   2  -1  -3  -3  -1  -3  -4   5   0   0  -4  -3  -3    0   0  13   1   0   0  13  21   1   0   1   0   0   0  36   5   7   0   0   1  0.65 0.09
   63 E     0  -1   0   3  -4   0   4   1  -1  -4  -4  -1  -3  -4   3   0  -1  -4  -3  -3    5   0   0  25   0   0  42  12   0   0   0   0   0   0  13   3   0   0   0   0  0.57 0.10
   64 D    -1  -2   0   5  -3   0   3  -2   3  -3  -3  -1  -3  -3  -2  -1   0  -4  -2  -2    4   0   0  54   0   0  22   0  10   0   0   0   0   0   0   0   7   0   0   3  0.64 0.10
   65 E     1   0  -1   1  -3   2   5  -2  -1  -3  -3   0  -2  -4   1   0  -1  -3  -3  -2   12   3   0   4   0   8  58   1   0   1   0   0   0   0   5   7   0   0   0   0  0.53 0.09
   66 P    -1  -3  -2  -2  -3  -2  -2  -3  -3  -3  -3  -1  -3  -4   8  -1  -2  -4  -3  -3    0   0   0   0   0   0   0   0   0   0   0   0   0   0 100   0   0   0   0   0  2.21 0.08

                      K         Lambda
Standard Ungapped    0.1481     0.3226
Standard Gapped      0.0410     0.2670
PSI Ungapped         0.1481     0.3226
PSI Gapped           0.0410     0.2670
