
Last position-specific scoring matrix computed, weighted observed percentages rounded down, information per position, and relative weight of gapless real matches to pseudocounts
            A   R   N   D   C   Q   E   G   H   I   L   K   M   F   P   S   T   W   Y   V   A   R   N   D   C   Q   E   G   H   I   L   K   M   F   P   S   T   W   Y   V
    1 M    -5  -6  -7  -8  -6  -5  -7  -7  -6  -3  -1  -6  11  -4  -7  -6  -5  -6  -6  -1    0   0   0   0   0   0   0   0   0   0   4   0  93   0   0   0   0   0   0   3  3.31 1.11
    2 G     3  -3   0  -1  -4   0  -1   4  -2  -5  -4   0  -4  -5  -2   2  -1  -5  -5  -3   28   0   4   3   0   4   4  29   1   0   1   6   0   0   2  13   4   0   0   1  0.54 0.34
    3 N    -2  -2   6   1  -6   0  -1   0   1  -5  -4  -1  -3  -4  -4   2   1  -7  -5  -5    3   2  44   7   0   4   3   8   3   0   2   3   0   1   0  13   7   0   0   0  0.87 0.50
    4 T    -1  -2  -1  -3  -4   0  -1  -2  -2   0  -3  -1   0  -2  -1   2   6  -6  -5   0    4   2   3   1   0   4   3   3   1   4   2   3   2   2   3  13  44   0   0   6  0.61 0.44
    5 S     1  -3   0   0  -4  -1  -1  -2   0  -4  -4  -1  -3  -2   1   4   3  -6  -5  -3   11   0   4   4   0   2   4   2   2   0   2   3   1   2   8  36  16   0   0   2  0.55 0.42
    6 I    -1  -3  -1  -3  -4  -2  -3  -3  -2   4   1  -2   4  -3   0   0   0  -3  -3   3    4   1   3   2   0   2   1   2   1  24  10   2  11   1   5   7   5   0   0  18  0.40 0.29
    7 Q     0   0   2   0  -5   4   1  -3   0  -4  -3   2   0  -4   0   1   1  -5  -4  -3    6   4   9   4   0  23   8   2   2   1   2  12   3   1   5  10   7   0   0   1  0.41 0.32
    8 T     0  -1   1  -1  -5  -1  -1  -3  -2  -2  -3   0  -2  -5   0   2   5  -6  -4  -1    6   3   7   3   0   3   3   1   1   2   2   6   1   0   5  14  37   0   1   5  0.55 0.40
    9 Q     0   1   1   0  -5   4   1  -1   0  -4  -4   2  -1  -6   0   1   1  -6  -5  -2    6   7   5   4   0  22   9   4   2   1   2  11   2   0   4  10   7   0   0   4  0.38 0.30
   10 S     1  -2   1   1  -5   0  -1  -2  -1  -3  -4   0  -5  -5   1   4   1  -6  -5  -3   10   2   6   7   0   4   3   3   2   2   1   5   0   0   7  35   9   0   0   2  0.51 0.38
   11 Y     0  -1   1  -1  -2   0   0  -1   2  -1   0   0  -1   0   0   1   1   1   2   0    8   3   6   4   1   4   5   5   5   3   9   5   1   4   4  10   8   2   9   5  0.05 0.07
   12 R     0   4   1  -2  -5   2   0  -3   0  -3  -3   2  -1  -3   0   1   0  -3  -3  -2    7  24   5   2   0   8   6   2   2   1   3  14   1   1   4  10   6   0   0   3  0.38 0.28
   13 A     4  -2  -1  -2  -3  -1  -1   0  -1  -1  -2  -1  -1  -4   1   2   1  -2  -3   0   32   2   3   2   0   3   3   6   1   4   3   3   2   1   6  13   8   1   1   5  0.32 0.27
   14 V     1  -2  -2  -2  -3  -2  -2  -3  -1   2   0  -3   4  -3   0   0   1  -3  -3   3   12   2   2   2   0   2   2   2   1   9   8   1  10   1   4   6   9   0   1  25  0.32 0.25
   15 D    -1  -2   2   4  -5   2   2  -1   0  -4  -4   0  -2  -4  -1   1   0  -6  -4  -3    5   2  10  23   0   8  13   4   2   1   2   6   1   1   3  11   6   0   1   2  0.43 0.31
   16 K     0   1   1   0  -1   2   0  -1  -1  -3  -4   4  -3  -4  -1   0   1  -5  -2  -2    8   7   7   4   1   7   5   5   1   2   1  25   1   1   3   8   8   0   1   3  0.30 0.25
   17 D    -1  -2   2   4  -5   1   1  -1   0  -4  -4   0  -3  -5   1   1   0  -6  -3  -3    5   2  11  24   0   6   9   4   2   1   2   6   0   0   6  11   7   0   1   2  0.42 0.31
   18 A     4  -1   0  -2  -3   0  -1   1  -1  -2  -4  -1  -3  -4   0   2   1  -3  -3  -2   29   3   4   2   0   4   3  12   1   2   1   4   1   1   5  15   8   0   1   3  0.36 0.28
   19 G     0  -2   1  -2  -3  -1  -1   3  -1  -2  -1   0  -2  -1   1   0   0   0   1  -2    9   1   7   2   0   3   3  26   1   3   6   7   1   2   6   8   6   1   5   3  0.20 0.17
   20 Q    -1   1   2  -1  -3   3   1  -2   0  -2  -1   2   1  -4  -1   1   0  -5  -2  -1    4   6   8   3   0  16   9   2   2   1   6  12   3   1   4  11   6   0   1   4  0.22 0.21
   21 S     0   0   3   0  -3   1   0   0  -1  -3  -3   2  -2  -4   0   2   1  -3  -2  -2    5   5  13   4   0   5   5   6   1   1   3  15   1   1   4  17  11   0   2   2  0.25 0.23
   22 R    -2   5   0  -3  -2   1  -2  -2  -1  -4  -3   5  -3  -3  -2  -1  -1  -3  -3  -4    3  31   5   1   1   6   1   3   2   1   3  29   0   1   2   4   3   0   1   1  0.79 0.47
   23 S     0   1   3   0  -3   2   1  -1  -1  -3  -3   1  -3  -4  -2   3   2  -3  -1  -3    7   6  15   3   0   8   7   4   1   1   2   8   0   1   1  20  11   0   2   1  0.30 0.27
   24 Y    -1  -1  -1  -3  -3  -2  -3  -3   1  -1  -1  -2  -1   3   0   1   0   2   6  -2    4   3   3   1   0   1   1   1   3   4   5   2   2   9   6  12   6   2  32   3  0.56 0.38
   25 I    -1   0  -2  -3  -1  -2  -3  -2  -2   3   2  -2   0   1  -1  -2   0   1   0   1    5   6   2   1   1   1   0   3   1  20  23   2   2   5   3   2   8   2   3  10  0.19 0.18
   26 I    -1  -1  -3  -3  -2  -2  -3  -1  -2   2   2  -2   2   2  -1  -1  -1   1   0   2    5   4   1   2   1   1   0   4   1  16  18   2   6  11   3   3   2   2   4  17  0.19 0.17
   27 P     2  -3  -2  -3  -2   0  -2  -2  -2  -2  -2  -2  -1  -1   6  -1  -1  -2  -1   0   16   1   1   0   1   6   1   2   1   3   4   1   1   2  42   4   4   1   2   6  0.76 0.38
   28 F    -2  -3  -2  -5   0  -4  -4  -4  -3   2   2  -3   2   6  -3  -3  -2   0   2   0    2   1   2   0   2   0   0   1   0  12  23   1   6  35   1   1   1   1   5   5  0.62 0.34
   29 A     2  -2  -3  -2   1  -1  -3  -1  -3   3   0  -2   1   0  -2  -1   0   0  -1   2   24   2   0   2   3   2   0   5   0  23   8   0   3   3   1   3   6   1   1  12  0.19 0.20
   30 L    -1  -4  -4  -4  -1  -3  -4  -3  -4   3   4  -3   2   2  -2  -2  -1   0  -1   2    4   0   0   0   1   1   0   1   0  17  41   0   6   9   2   2   3   1   1  11  0.43 0.26
   31 L    -1  -4  -4  -4   0  -3  -4  -3  -4   3   3  -4   3   0  -4  -2  -1  -3  -2   3    4   0   0   0   2   0   0   2   0  20  26   0   9   3   0   2   4   0   0  28  0.50 0.29
   32 C     0  -3  -1  -3   4  -3  -3   1  -3   1  -1  -3   1   0  -3   1   3  -3  -1   1    8   0   3   0  12   0   0  10   0   8   4   0   4   5   0   8  27   0   2   8  0.28 0.25
   33 S     1  -2   0  -2   2  -2  -2   0  -2   1   1  -2   2   0  -1   2   1  -3  -1   0   10   0   3   0   5   0   0   7   0   9  13   0   7   5   2  20  10   0   2   7  0.13 0.16
   34 L    -2  -2  -4  -4   3  -2  -4  -2  -4   2   4  -3   3   0  -2  -2  -1   0  -1   2    2   2   0   0   7   2   0   3   0   8  40   0   8   4   2   2   2   2   2  14  0.39 0.29
   35 F    -2  -4  -2  -5   0  -4  -4  -2  -3  -1  -1  -4   1   7  -2  -2  -3   2   3  -1    3   0   3   0   2   0   0   3   0   3   3   0   4  61   3   3   0   3   6   3  1.08 0.52
   36 F     1  -4  -4  -4   1  -3  -4  -1  -3   0   0  -3   2   6   0  -1  -1   3   1  -1   11   0   0   0   3   0   0   4   0   4   5   0   5  39   4   4   4   3   4   4  0.48 0.34
   37 L     0  -2  -2  -2   3   1   0   0  -2   0   0  -2   2   1  -3   0   0   4   2   0    7   0   0   0   7   7   7   7   0   7   7   0   7   7   0   7   7   7   7   7  0.12 0.15
   38 W    -3  -5   0  -2   1  -4  -5  -2  -4   0  -2  -5   2   2  -5  -2  -1  11   1  -1    2   0   5   2   3   0   0   3   0   6   3   0   5   9   0   4   3  46   3   4  1.56 0.66
   39 A     1  -1  -1  -1  -4  -3  -3   5  -3   0  -1  -3   0  -1  -3  -1  -1  -4  -3  -1   10   3   3   4   0   0   0  50   0   6   7   0   3   3   0   4   3   0   0   3  0.59 0.35
   40 V    -1  -4  -1   0   1  -3  -3  -1  -3   1   0  -4   2   5  -4  -1  -1   3   2   0    4   0   3   5   3   0   0   4   0   8   7   0   5  30   0   4   4   3   7   7  0.37 0.31
   41 A     0   0  -2  -2   2   1   0   0   2   0   0   0   1   0   1   0   0  -3  -1   0    6   6   0   0   6   6   6   6   6   6   6   6   6   6   6   6   6   0   0   6  0.05 0.10
   42 N     0  -4   4  -3  -4  -3  -3  -4   2  -4  -3  -4  -2  -4  -6   0   5  -1   5  -3    8   1  17   1   0   1   2   1   4   1   2   0   1   0   0   7  35   1  16   1  0.94 0.66
   43 N     0  -4   4   1   2  -3  -4   3  -1  -4  -6  -4  -5  -1  -2   1   1   6  -5  -1    9   1  18   6   4   1   0  23   1   1   0   0   0   2   2   8   9   9   0   4  0.64 0.48
   44 L    -2  -6  -5  -7  -3  -5  -7  -4  -7   3   5  -6   4   1  -5  -1  -2  -3  -4   1    3   0   1   0   0   0   0   2   0  15  50   0   9   5   0   5   2   0   0   8  1.02 0.60
   45 N    -3  -4   7  -2  -2  -3  -4  -2  -4   0   2  -3  -3  -6  -5  -3   1  -4  -3   0    2   1  41   2   1   1   1   3   0   6  20   2   0   0   1   2  10   0   1   6  0.92 0.62
   46 D    -2  -5   4   5  -7  -3  -2   3  -4  -3  -5  -4  -4  -3  -2   1  -2  -7  -7  -3    3   1  19  31   0   1   2  21   0   1   1   0   0   1   2  11   2   0   0   2  0.92 0.61
   47 I     0  -4  -2  -4  -5  -1  -4  -5  -3   4  -1  -5  -1  -2   4  -1   2  -6  -3   3    7   1   2   1   0   4   1   1   1  19   5   0   1   1  17   6  13   0   1  20  0.58 0.44
   48 L    -3  -5  -7  -5  -2  -7  -7  -8  -7   2   6  -7   4   1  -7  -4  -3  -3  -4  -1    3   1   0   1   1   0   0   0   0  10  59   0  10   6   0   2   1   0   1   4  1.28 0.73
   49 L    -1  -3   4  -3  -6  -2  -5  -2  -6   6   0  -3   0  -2  -5  -4  -2  -7  -3   3    5   1  19   1   0   2   1   4   0  36   6   1   2   2   1   1   2   0   1  15  0.83 0.54
   50 P     1  -2   0  -1  -4  -2  -3  -3  -2  -3  -4   2  -4  -4   6   0   0  -2  -3  -2   10   2   5   3   0   1   2   2   1   2   2  11   0   1  40   6   6   1   1   3  0.85 0.59
   51 Q     0   0  -1  -1  -3   3  -1  -4   6   0  -3   0  -2   3  -1  -2  -3  -4   2  -1    7   6   3   3   0  12   4   1  16   6   2   6   1  14   3   2   1   0   6   5  0.40 0.34
   52 F    -3  -5  -3  -5   2  -6  -5  -7  -6   2   3  -6   2   7  -7  -3  -4   1  -1   1    2   1   2   1   4   0   1   0   0   9  24   0   4  38   0   2   1   2   2   8  1.13 0.63
   53 Q    -2   1  -2  -3  -7   5  -1  -1  -1  -1  -4   5   0  -7  -4   0  -2  -7  -3  -4    3   6   1   1   0  21   3   4   1   4   2  37   2   0   1   7   2   0   1   1  0.85 0.62
   54 Q     0   0   2   0  -4   2   1  -1   0   0  -2   2  -1  -3  -3   0   1  -2  -2   0    6   5   9   5   0   8  11   3   2   5   4  11   2   1   1   7  11   1   1   6  0.14 0.19
   55 A     3  -4  -3  -2  -2   0  -2  -3   0   3   0  -3  -1  -3  -3   1   0  -2  -1   3   25   1   1   2   1   4   2   1   2  15   7   2   1   1   1   8   6   1   2  17  0.36 0.34
   56 F    -1  -4  -3  -4   3  -2  -4  -3  -2   0   1  -2   2   7  -5  -3  -3  -1   0  -1    6   1   1   1   6   2   1   2   1   5  14   3   4  43   1   3   1   1   2   3  0.95 0.58
   57 T    -1   0   2   2  -3   1   2   1   3  -3  -4  -1  -1  -4  -2   1   2   1  -4  -3    4   4   8  10   1   7  12  12   8   1   2   3   1   1   2   9  12   2   0   1  0.29 0.30
   58 L    -3  -4  -4  -4  -5  -2  -4  -3  -1   3   5  -4   3  -1  -4  -4  -3  -1  -2   0    2   1   1   1   0   3   1   3   1  13  52   1   7   2   1   1   1   1   1   7  0.85 0.55
   59 T    -2  -3   3   2  -5  -2  -2  -1  -1  -5  -3  -1  -2  -6  -1   4   4  -6  -5  -3    3   1  11   9   0   2   2   5   1   0   3   3   1   0   3  32  21   0   0   1  0.65 0.53
   60 N    -1   0   3   2  -4   2   0  -2   1  -2  -2   0  -1  -1   0   0   0   0   3  -2    4   4  17  11   0   8   4   2   3   3   5   5   2   2   6   6   5   2  10   2  0.23 0.25
   61 F     1  -2  -2  -3  -4  -2  -2  -1   0  -1  -1  -2  -1   3  -3   0   3   6  -1   0   14   3   1   2   0   2   3   4   2   3   5   2   2  14   1   8  16  10   2   7  0.33 0.31
   62 Q    -1   1  -1  -1  -5   5   2  -2   2  -2  -2   0   1  -2  -1   0  -2   1  -1  -1    4   7   2   3   0  30  11   3   4   2   3   4   3   2   3   7   3   2   2   4  0.46 0.42
   63 A     2  -1  -1  -1   1  -1   0  -1   0  -1  -2  -1   0  -1   0   3   1  -4   0  -1   21   3   3   3   3   3   5   4   3   4   3   3   3   3   4  21   7   0   3   4  0.19 0.24
   64 G     0   0   0   0  -2   1   0   0   1   0   0   0   1   0  -2   0   0  -2   1   0    6   6   5   6   0   5   6   6   5   6   6   6   5   5   0   6   6   0   5   6  0.00 0.07
   65 L    -2  -3  -1  -5  -1  -2  -3   1  -4   0   4  -4   2   2  -5  -2  -2   3   0  -1    3   1   3   0   1   1   1  10   0   4  45   0   6   9   0   3   3   5   3   2  0.51 0.38
   66 I    -2  -4  -3  -5  -1  -2  -4  -1  -4   4   2  -4   2   0  -3  -2   0   0  -1   3    2   0   1   0   1   2   0   6   0  23  18   0   4   4   1   2   5   1   1  25  0.45 0.34
   67 Q    -1  -2   1   0  -5   5   0  -2   3  -2  -2  -2   0  -1   0   0  -1  -4  -1  -2    5   2   5   6   0  32   4   3   7   3   5   2   3   3   5   7   4   0   2   2  0.42 0.39
   68 S     0  -2  -1  -3   0   0  -2  -2  -3  -1   0  -3   1   5  -4   1   1   1   1   0    9   2   3   0   2   4   2   3   0   3   7   0   3  26   0  11   8   2   5   8  0.28 0.27
   69 A     3  -4  -1  -4   1  -3  -3   1   1  -1  -1  -3   2   0  -1   1   0   2   0   0   27   0   3   0   4   0   0   9   3   4   5   0   5   3   3  12   6   3   3   8  0.25 0.27
   70 F     0  -2   0  -2   2   0   0  -1   2   0  -1   0   1   1   0   0   0   4   1   0    6   0   5   0   5   5   6   6   5   6   6   6   5   5   6   6   6   5   5   6  0.08 0.13
   71 Y    -3  -4  -3  -3  -2  -3  -3  -4   3  -2  -2  -2   1   6  -3  -2  -2   1   6  -4    1   0   1   1   1   1   2   2   7   1   4   3   3  35   1   3   2   2  29   0  1.04 0.59
   72 F    -1  -3  -2  -1   0  -3  -3   1  -3   2   1  -3   0   3  -3  -1   0   2   2   1    5   0   2   3   2   0   0  13   0  18  16   0   2  13   0   6   4   3   7   7  0.18 0.19
   73 G     3  -1  -3  -3   1  -3  -3   3  -3  -1  -1  -3   0  -1   0   1   0   2  -3  -1   33   3   0   0   2   0   0  22   0   3   5   0   3   3   4  10   5   3   0   4  0.36 0.32
   74 Y    -2  -1  -1  -5   1  -4  -2  -2   1  -1  -2  -4   1   2   0  -2  -1   2   7  -1    4   3   3   0   3   0   3   3   3   3   3   0   4   6   4   3   3   3  42   4  0.78 0.54
   75 F     0  -3  -3  -3   1  -3  -1   0  -3   0   1  -3   2   3  -1   0   0   2   2   0    7   0   0   0   3   0   5   7   0   6  12   0   6  16   4   6   6   3   8   7  0.16 0.20
   76 I    -1  -3  -2  -4   1  -3  -3  -2  -3   2   2  -3   1   1  -1  -1   0   1   0   3    4   0   2   0   3   0   0   2   0  13  24   0   3   6   3   3   5   2   2  23  0.26 0.25
   77 I     1  -5  -1  -5   2  -4  -5   1  -5   2   0  -5   4   2  -2   1  -1   2  -1   2   11   0   3   0   4   0   0  12   0  11   7   0  12   9   2   9   4   3   2  11  0.35 0.30
   78 P     2  -2  -1  -2   0  -2  -1   1  -1  -2  -3  -1   0  -1   2   4  -1   1   0  -3   16   2   2   2   2   2   4   9   2   3   2   3   3   3  10  26   3   2   3   2  0.31 0.34
   79 I    -1  -1  -1  -2   0  -1  -3  -2   0   2   2  -1   1   0   1  -1  -1   2   0   1    5   3   3   3   2   3   0   3   3  14  20   3   3   4   8   4   4   2   4   7  0.10 0.16
   80 P    -1  -1  -1  -4   1  -1  -2  -2   0   0  -1  -1   0   1   5  -1   0   2   1  -1    5   3   3   0   3   3   3   3   3   5   7   3   3   5  30   4   5   3   5   4  0.41 0.38
   81 A     2  -1  -1  -2   1  -1  -2   2   0  -1  -1   2   1  -1  -6   1  -1   2   2  -2   14   3   3   3   3   3   3  13   2   3   6  11   3   3   0   9   3   2   8   3  0.17 0.19
   82 G     0  -2  -1  -2   1  -1  -2   4   0  -2  -3  -1   0   1  -2   1  -1   2   0  -2    7   3   3   3   2   3   3  30   2   2   3   5   3   6   2   9   4   2   3   3  0.36 0.30
   83 I    -1   0  -2   3   0  -2  -3  -2  -1   2   0  -1   1   1  -2  -3  -3   4   0   0    5   5   2  16   2   2   2   4   2  12   9   4   4   6   2   2   2   5   3   7  0.24 0.20
   84 L    -2  -5  -6  -6   0  -2  -6  -3  -1   3   3  -3   1   2  -2  -3  -2   3   0   2    4   0   0   0   2   2   0   2   1  18  31   2   3   9   3   2   2   3   3  11  0.56 0.37
   85 M    -1  -1  -1  -5   0  -1  -5  -3   0   3   3  -2   3  -1  -5  -2  -2  -5   0   2    5   3   3   0   2   3   0   2   2  17  25   2   6   3   0   2   3   0   3  16  0.39 0.30
   86 K    -1   3   2   1  -1   1   1  -2   0  -3  -3   3  -1   0  -2  -1  -2   0  -1  -3    4  16   8   7   2   6  10   3   2   2   2  18   2   4   2   5   3   2   2   2  0.30 0.27
   87 K    -1   0   0   0   2   0   0  -1   2   0  -1   0   1   1  -3   0   0   3   1   0    5   5   5   5   5   5   5   5   5   5   5   5   5   5   0   5   5   5   5   5  0.06 0.10
   88 L    -1   0   0   0   2   0   0  -1   2   0  -1   0   2   1   0  -1   0   4   1  -1    5   5   5   5   5   5   5   5   5   5   5   5   5   5   5   5   5   5   5   5  0.09 0.08
   89 S    -3  -1  -2  -2  -8  -2  -3   6   0  -3  -9  -1  -8  -9  -8   1  -1   2  -8  -3    3   4   2   2   0   2   2  58   2   2   0   4   0   0   0  10   4   2   0   2  1.37 0.71
   90 Y    -1  -2  -2  -2   1  -1  -2  -3   1  -2  -3  -2   1   3  -1  -2  -2   2   7  -3    5   3   3   3   3   3   3   3   3   3   3   3   3  11   3   4   3   2  33   3  0.85 0.51
   91 K    -1   2  -1  -7   1   0  -6  -2   1  -1  -3   6   1  -1  -1  -2  -1  -8  -7   0    6  10   3   0   3   5   0   3   3   4   4  35   3   3   3   4   3   0   0   7  0.69 0.42
   92 A     0   3   1  -1  -2   0  -2  -1  -1  -2  -2   3  -1   0   0   0   0   1  -1  -1   10  17   6   3   1   3   1   4   1   2   4  17   1   4   5   6   5   2   2   5  0.16 0.20
   93 G     1  -2   0  -2   2   0  -1   3  -3   0  -1  -2   0  -1  -3   0   1   2  -2   0   10   0   4   0   6   4   4  26   0   7   4   0   4   4   0   6  11   3   0   5  0.19 0.19
   94 I     0   0   1   0  -2  -1  -2   0   2   0   0  -1   1   1  -2   0   0  -2   1   0    7   7   7   7   0   0   0   7   6   7   7   0   6   6   0   7   7   0   6   7  0.01 0.11
   95 I    -1  -2  -2  -4   0  -1  -2  -2   0   4   2  -1   1  -1  -2  -1  -1   1  -1   2    5   2   2   0   2   3   2   3   2  25  19   4   4   2   2   4   2   2   2  11  0.26 0.22
   96 T    -1  -2  -2  -3   0  -1  -2  -1  -3   2   2  -2   1   1   0   0   1   1   1   1    5   2   2   0   2   2   2   5   0  13  18   2   4   7   5   6  10   2   5   8  0.12 0.14
   97 G     0  -2  -1   1   3   1  -1   0  -2  -1   0  -2  -1   1  -2   0   1   5  -1   0    9   0   0   9   8   9   1   9   0   0   9   0   0   9   0   9   9   8   0   9  0.13 0.13
   98 L     0  -2   0  -3   2  -2  -2   0   2   0   0  -2   1   1   1   0   0   4   1   0    6   0   6   0   6   0   0   6   6   6   6   0   6   6   6   6   6   6   6   6  0.08 0.17
   99 F     1  -1  -1  -3   1  -1  -3   0   0   1   1  -2   1   2  -3  -1   0   2   1   1   13   3   3   0   4   3   0   6   3   9  11   0   4  13   0   4   5   3   3  10  0.09 0.15
  100 L    -1  -3  -3  -4   0  -2  -4  -2  -4   3   3  -3   2   0  -1  -2   0   0  -1   2    4   0   1   0   2   1   0   3   0  19  31   0   4   4   3   1   5   1   1  16  0.35 0.25
  101 Y     0  -3  -2  -4   1  -1  -2   0  -2   0   0  -3   4   3  -2  -1  -1   1   4  -1    9   0   2   0   3   3   1   7   0   5   8   0  14  14   2   4   3   1  19   3  0.33 0.27
  102 A     3  -2  -3  -2   1  -2  -1   1  -1   0  -1  -2   0   1  -3   1  -1  -3  -1   0   36   1   0   1   3   0   4  12   1   6   5   0   3   6   0   8   3   0   1   7  0.26 0.25
  103 L     0  -3  -3  -4   1  -1  -3  -2  -3   2   2  -2   2   1  -3  -1  -1   2  -2   2   10   0   0   0   4   3   0   3   0  15  25   3   6   6   0   3   4   3   0  12  0.21 0.19
  104 G     0   0  -1  -3   2  -3  -4   5  -4  -1  -2  -3  -3   0  -4  -1  -1  -4  -4  -2    6   7   3   0   5   0   0  55   0   4   4   0   0   4   0   4   3   0   0   3  0.73 0.40
  105 A     2  -1  -1   0   5   0  -2   0   1  -1  -1  -2   0   0  -3   1   0  -3  -1  -1   23   4   2   4  14   4   0   8   3   3   3   0   2   4   0  11   6   0   2   3  0.20 0.20
  106 A     1  -2  -1  -1   1  -2  -2  -1  -3   0   2  -2   0   2   0  -1  -1   0   1   0   12   1   3   4   4   1   3   4   0   5  26   1   2  10   4   4   2   1   6   4  0.12 0.16
  107 L    -1  -1   1  -3   1  -1  -2  -1   0   2   2  -1   2   0  -4  -1  -1   2   0   0    5   3   8   0   3   3   3   4   3  14  23   3   6   4   0   3   3   3   3   6  0.14 0.18
  108 F     0   0   0   0   2   0   0  -1   2   0  -1  -2   1   1  -3   0   0   3   1   0    6   6   5   6   5   5   6   6   5   6   6   0   5   5   0   6   6   5   5   6  0.07 0.12
  109 W    -1  -2  -2  -2   1  -1  -2   0   0   3   0  -2   1   1  -2  -2  -2   5   3   0    6   3   2   3   3   3   3   7   2  14  10   3   3   6   3   3   3   7  10   5  0.24 0.18
  110 P    -1  -4  -1  -1   1   1  -1  -1   1   0  -1  -1   0   0   5  -1  -1   2   0  -1    5   0   3   3   3   7   4   5   4   7   6   3   3   4  26   3   4   3   3   5  0.35 0.31
  111 A     3  -1  -1  -1   1  -1  -1   0   0  -1  -2  -1   0   1  -1   2   0  -4   0  -1   24   3   3   3   4   3   3   6   2   3   4   3   3   7   3  14   5   0   3   3  0.14 0.22
  112 A     4  -2  -1  -2   1  -1  -2  -1   0  -1  -3  -2   1  -1  -2   1   0  -7   0  -1   32   3   3   3   2   3   3   6   3   3   4   3   3   3   3   9   5   0   3   4  0.31 0.30
  113 E     0   0   0   0   0   1   0  -1   1   0   0   0   1   0   0   0   0   3   1   0    6   4   4   5   2   6   6   5   4   6   7   6   5   3   4   5   4   4   4   6  -0.01 0.04
  114 I     0  -3  -1  -3  -1  -1  -3  -2   0   1   1  -2   3   2  -3   0   2   1   1   0    8   2   3   2   1   3   2   4   2   8  11   2   6   8   2   8  12   2   5   7  0.17 0.16
  115 M     0   3   0  -2   1   1   0   0   2  -1  -2  -1   3  -1   0  -1  -1   2   0  -2    7  14   4   3   2   6   6   8   5   3   4   3   7   3   4   5   4   2   3   3  0.14 0.17
  116 N    -1   0   0   0   2   0   0  -1   2   0  -1   0   2   1   0  -1   0   4   1  -1    5   5   5   5   5   5   5   5   5   5   5   5   5   5   5   5   5   5   5   5  0.09 0.08
  117 Y     0   0   0   0  -3   0  -2   0   2   0  -1   0   1   1   0   0   0   3   1   0    6   6   5   6   0   5   0   6   5   6   6   6   5   5   6   6   6   5   5   6  0.06 0.11
  118 T     0  -2  -1  -2   1   0   0   1  -1  -1  -1  -2  -1   1   2   0   2   3   1  -1    7   2   3   2   3   4   6  10   2   4   5   1   2   6  10   7  13   4   5   5  0.12 0.15
  119 L     0  -2  -1  -1   0  -1  -1   0   2   0   1  -1   1   1  -1   0   0   2   0   1    7   0   3   3   3   3   3   9   6   5  14   3   4   8   3   7   6   3   3   9  0.05 0.08
  120 F     0   0   0  -2   2   0  -2   0   2   0   0  -1   1   1  -3   0   0  -2   1   0    6   6   6   0   6   6   0   6   6   6   6   0   6   6   0   6   6   0   6   6  0.02 0.13
  121 L     0   0   0  -2   2   0  -2   0  -2   0   0   0   1   1   1   0   0   4  -2   0    6   6   6   0   6   6   0   6   0   6   6   6   6   6   6   6   6   6   0   6  0.08 0.13
  122 V     1  -2  -3  -3   2  -1  -2   1  -1   2   1  -3   0   0  -2  -1   0   0  -1   2   11   3   0   0   5   2   1  10   1  15  15   0   2   4   1   4   4   1   1  17  0.13 0.17
  123 G     3  -3  -1  -1   3  -3  -3   3  -3  -1  -1  -3   0  -1  -1   2  -1  -4  -3  -1   25   0   3   3   6   0   0  24   0   3   5   0   3   3   3  16   3   0   0   4  0.36 0.31
  124 L    -1  -1   0  -1   1   0  -1  -2   0   0   3  -1   2   0  -3   0   0  -3   0   0    3   3   5   3   3   4   3   3   3   5  29   3   5   4   0   7   5   0   3   7  0.10 0.16
  125 F     0  -2   0  -2   3  -2  -2   0  -2   0   0  -2   2   1  -3   0   0   4   2   0    7   0   7   0   7   0   0   7   0   7   7   0   7   7   0   7   7   7   7   7  0.09 0.15
  126 I     0  -3   0  -3   2  -3  -3  -1  -3   4   1  -3   2   0  -3  -1   0  -3  -2   3    5   0   4   0   5   0   0   5   0  26  10   0   5   5   0   5   6   0   0  23  0.31 0.23
  127 I     0  -2   0  -2   2   0   0   0  -2   0   0  -2   1   1  -3   0   0   4   1   0    6   0   6   0   6   6   6   6   0   6   6   0   6   6   0   6   6   6   6   6  0.06 0.15
  128 A     3  -3  -1  -3   0  -3  -3   5  -3  -3  -2  -3  -3  -1  -1  -1   0   1  -1  -2   24   1   3   1   2   0   1  43   0   1   3   1   0   2   2   3   6   2   2   3  0.58 0.31
  129 A     2  -3  -1  -3   2  -2  -2   1  -2   0   0  -2   1   2   0   0   0   2   0   0   20   0   4   0   6   0   0  14   0   5   7   0   4  12   4   6   6   3   4   4  0.14 0.13
  130 G     0   1   1  -2   3  -1  -2   1   3  -2  -2  -1   2   1  -2   1   1  -2  -1  -2   10  10   9   0   9   0   1  10   9   0   1   1   9   9   0  10  10   0   0   1  0.13 0.13
  131 L    -1  -3   0  -3   1  -1  -1   0   0   2   0  -1   5   0   1   0  -1  -3   0   0    4   0   4   0   3   3   3   7   3  12   6   3  19   3   7   8   3   0   3   6  0.16 0.20
  132 G     1  -2   1  -1   3  -1   1   1   2  -2  -2  -1  -2  -3   2   1   1  -3  -2   0   10   0   9   0   9   0  10  10   9   0   1   1   0   0  10  10  10   0   0  10  0.17 0.11
  133 C    -1  -4  -2  -4   4  -2  -4  -2  -3   2   2  -3   1   2   0  -1   0   1  -1   2    3   0   2   0  10   2   0   4   0  11  20   0   4  11   4   3   6   2   2  14  0.27 0.22
  134 L    -1  -1  -1  -3   2   0  -1  -2   0   1   2  -3   1   1  -1  -1   0   2   0   0    6   3   3   0   5   4   4   3   3   6  27   0   4   7   3   3   6   3   3   5  0.11 0.17
  135 E     0   0   1   0  -3   1   0   0   2  -2  -1   0   1   1   1   0   0  -2   1  -2    6   6   6   6   0   6   6   6   6   0   6   6   6   6   6   6   6   0   6   0  0.08 0.11
  136 T     0  -1  -1  -3   1   1  -2  -1  -3   2  -1  -1   1  -2   0   0   2  -3   0   2    7   3   3   0   3   6   0   5   0  16   4   3   4   0   3   7  14   0   4  14  0.12 0.18
  137 A     3  -2  -1  -2   1  -3  -2   0  -3  -1   0  -3  -1  -3  -2   1   0  -4  -1   1   33   2   2   1   3   0   1   7   0   3   9   0   1   0   1  12   6   0   2  12  0.28 0.30
  138 A     4  -7   1  -1   3  -7  -7  -1  -7   1  -2  -2   1   1  -1   1  -1  -7   0  -1   30   0   7   3   5   0   0   5   0   8   5   3   3   6   3   9   4   0   3   5  0.48 0.32
  139 N    -3  -2   6  -1   1  -1  -3  -2   0  -2  -4  -1   0  -1  -1   0  -2   4  -1  -3    3   2  35   3   2   3   3   4   2   2   3   4   2   2   4   8   3   5   2   3  0.74 0.47
  140 P     0  -5  -1  -5   0  -4  -2  -2   1  -2  -1  -4  -1  -6   7  -1   2  -6  -5  -2    9   0   2   0   2   0   3   3   3   3   6   0   2   0  48   4  12   0   0   2  1.09 0.60
  141 F     0   0  -2   0   3  -2  -2  -3  -2   1   0  -2   2   1  -3   0   0   4   2   0    8   8   0   8   7   0   0   1   0   8   8   0   7   7   0   8   8   7   7   8  0.14 0.15
  142 V     0  -2  -1  -2   1  -1  -2  -1  -2   2   1  -2   2   0   1   0   0  -3  -2   2    7   0   4   0   3   4   0   4   0  11  13   0   7   4   7   9   4   0   0  18  0.09 0.14
  143 T     2   0   0  -2  -1  -1  -2  -2  -3   1  -1  -2   0  -2  -1   1   3   0  -1   1   15   6   5   2   1   2   2   3   0   7   4   2   2   2   3  10  19   2   2  13  0.17 0.21
  144 V     0   0  -1   0   0  -1  -1  -2  -1   1   1  -1   1  -1  -3   0   0  -3  -1   1    9   6   3   5   2   2   4   2   2  11  18   3   3   2   0   8   6   0   1  12  0.07 0.11
  145 L    -2  -1  -1  -4   4  -1  -2  -2  -3   1   2  -2   2   0  -1  -2  -1   2   2   1    3   3   3   0   9   3   3   3   0   8  22   3   4   3   3   3   4   3   8  11  0.21 0.23
  146 G    -1  -2   0  -1   1  -1  -1   5   0  -2  -3  -2   0  -1  -1  -1  -2  -5   1  -2    4   3   3   3   3   3   4  42   3   3   3   3   3   3   3   3   3   0   5   4  0.49 0.38
  147 P     0   0   0   0   2   1   0   0   2   0  -1   0   1  -2   1   0   0  -3   1   0    6   6   5   6   5   5   6   6   5   6   6   6   5   0   6   6   6   0   5   6  0.04 0.08
  148 E     0   1  -1  -1  -4   0   1  -1   0  -1  -2   1   0  -1   3   0  -1  -4   0  -1    7   8   3   3   0   4  11   4   3   3   3   8   3   3  17   6   4   0   3   4  0.17 0.19
  149 S     0   0   0   1  -4   1   3   1   1  -2  -3   1   0  -1  -1   0   0  -4   0  -1    5   5   5   6   0   4  22  10   3   2   2   8   2   2   2   8   4   0   3   4  0.16 0.21
  150 S    -2   0   0  -2  -4   1  -1  -1   1  -3  -3   1  -1  -1  -2   2   4   0   2  -2    3   4   4   2   0   5   3   4   3   1   3   7   2   2   2  17  27   1   8   2  0.35 0.38
  151 G     4  -2  -2  -2  -2   0  -2   2  -2  -3  -4  -2  -2  -2  -2   2  -1  -1  -2  -3   39   2   1   2   1   4   3  16   1   1   1   2   1   2   2  13   3   1   2   2  0.55 0.46
  152 H     2  -2   0  -1  -4  -2   2  -1   4  -3  -3  -2  -2  -3  -1   2   2  -5  -1  -1   20   2   4   2   0   1  13   3  11   2   2   2   1   1   4  14  12   0   2   4  0.36 0.35
  153 F    -1   1   0  -3  -3   3  -2  -3   0   0  -1   0   0   4  -3   1   0  -1   1  -1    5   8   5   1   1  12   1   2   2   5   5   5   3  18   1  12   6   1   4   5  0.24 0.26
  154 R    -1   5   0  -3  -4   0   0  -1   0  -1  -2   0   0   0  -3   0   1  -3   0  -1    5  35   5   0   0   3   4   4   2   3   4   4   2   4   0   7   8   0   4   3  0.31 0.29
  155 L    -1  -1  -1  -3  -3   0  -1  -2   0   2   3  -2   2   0  -3   0  -1  -3   0   0    4   3   4   0   0   4   4   4   3  12  34   0   4   4   0   6   3   0   4   6  0.16 0.18
  156 N     0  -2   3   1   1   1   0   0  -2  -1  -1  -2   0  -1  -3   1   1  -3  -2   0    6   0  20   7   4   6   6   7   0   4   4   0   4   3   0  10   9   0   0   7  0.14 0.19
  157 L    -1  -1  -1  -3   1  -1  -2  -1  -2   1   2  -1   2   2  -1  -1   0   2   0   0    5   4   3   1   3   3   1   4   0   9  22   5   7  10   3   4   5   3   3   5  0.11 0.13
  158 A     2  -1  -1  -1   1   0  -2   0  -3   1   0  -1   3  -1  -1   0   0  -3  -2   1   18   3   3   4   3   3   0   5   0   6   7   3  10   3   3   7   5   0   0  14  0.10 0.16
  159 Q    -1   0  -1   0   1   5   0   1   1   0  -2  -1   0  -1  -4  -1  -1  -4   0  -2    3   6   3   6   3  27   6  13   3   6   3   3   3   3   0   3   3   0   3   3  0.31 0.32
  160 T     2  -1   0  -1   1   0  -2   1   1   0  -1  -2   0   1  -3   0   1  -3   0   0   20   4   4   4   3   4   0  13   3   8   4   0   3   6   0   8   8   0   3   5  0.11 0.17
  161 F    -1  -4  -4  -2   2   0  -4  -2  -3   2   0  -1   1   6  -4  -1  -2   2   1   1    5   0   0   3   5   5   0   3   0  11   6   5   3  33   0   5   2   2   3   8  0.47 0.35
  162 N     0  -1   4  -1   1   0  -1   1   1  -2   0  -1  -3   0  -1  -1  -1   2   0  -2    7   3  24   3   3   5   3  11   3   3   9   3   0   4   3   4   3   2   3   3  0.22 0.26
  163 S     2  -1  -1  -1   1  -1  -3   2  -3  -1  -2   0   0   0   3   1  -1  -4   0  -1   16   4   3   3   3   3   0  14   0   3   3   5   3   4  15   9   3   0   3   3  0.20 0.25
  164 F     0  -4  -4  -4   1  -4  -4  -2  -4   2   2  -4   1   4  -2  -2   0   2   1   1    8   0   0   0   3   0   0   4   0  14  17   0   3  18   3   3   6   3   3  11  0.34 0.29
  165 G     0   0   0  -2   2   1   0   0  -2   0   0  -1   1   1  -2   0   0  -2   1   0    7   7   7   0   6   7   7   7   0   7   7   0   6   6   0   7   7   0   6   7  0.05 0.11
  166 A    -1   0   0   0   2   0   0  -1   2   0  -1   0   2   1   0  -1   0   4   1  -1    5   5   5   5   5   5   5   5   5   5   5   5   5   5   5   5   5   5   5   5  0.09 0.08
  167 I     0  -3  -2  -4   0  -2  -3  -2  -3   3   1  -3   2   2  -1  -1   1   1  -1   2    7   0   2   0   2   2   0   2   0  19  14   0   5  10   3   3  11   2   2  12  0.25 0.22
  168 I     0  -4  -4  -4   2  -3  -4  -1  -4   3   2  -4   1   1  -4  -1   0   1  -3   2    8   0   0   0   4   0   0   5   0  20  21   0   4   5   0   4   4   2   0  16  0.32 0.26
  169 A     3  -4  -1  -4   0  -1  -3   4  -4  -2  -3  -3  -1  -1   0   1  -1  -4  -1  -2   26   0   2   0   2   3   0  33   0   2   2   0   2   3   5   9   3   0   2   3  0.50 0.38
  170 V    -1  -1  -1  -4   1  -1  -2  -2   0  -1  -1  -1   2  -1   5  -1   0   2   0   0    4   3   3   0   3   3   3   3   3   4   6   3   6   3  30   4   6   3   4   7  0.45 0.37
  171 V    -1  -1  -1  -4   1  -1  -2  -2   0   2   2  -1   2   1  -1  -1   0   2   1   2    4   3   3   0   3   3   3   3   3  14  18   3   5   6   3   3   5   3   4  13  0.13 0.15
  172 F    -2  -5  -5  -3   0  -2  -3  -3  -4   3   3  -3   2   4  -1  -3  -2   1   1   2    3   0   0   2   2   2   2   2   0  16  24   2   4  16   3   2   2   2   5  13  0.46 0.31
  173 G     0  -2  -2   0   2   0   0   0  -2   0   0  -2   1   1  -3   0   0   4   1   0    6   0   0   6   6   6   6   6   0   6   6   0   6   6   0   6   6   6   6   6  0.05 0.15
  174 Q     1   0   0  -1  -3   1  -1   1   2  -1  -1   0   0  -1  -1   1   0   2   1  -1   11   6   3   3   0   6   3  13   6   4   6   6   3   3   3   9   5   3   4   3  0.07 0.10
  175 S     1   0   0  -2  -3   0  -1  -1   0   0  -1   0   0   2   0   1   0   2   2  -1   13   4   4   2   0   3   3   4   2   5   6   7   2   9   4  10   4   3   9   4  0.09 0.12
  176 L    -1  -3  -3  -3  -1  -2  -3  -4  -1   1   3  -3   1   4  -2  -1  -2   1   0   2    5   2   1   1   1   2   1   2   1   6  30   1   3  15   2   4   2   2   3  14  0.43 0.31
  177 I    -1  -5  -3  -3  -1  -3  -4  -4  -2   5   2  -3   0   3  -6  -3  -2   0   0   2    6   0   1   2   1   2   1   2   1  31  15   2   2  13   0   2   2   1   3  12  0.60 0.40
  178 L    -1   0   0   0  -3   0   0  -1   2   0  -1   0   1   0   0   0   0   3   1   0    5   5   5   5   0   5   5   5   5   5   5   5   5   5   5   5   5   5   5   5  0.06 0.08
  179 S     0   0   0   0   0   0   0   0   1  -1  -1   0   0   0   0   1   0  -3   0  -1    9   4   4   4   3   4   7   8   3   3   5   5   3   4   3  14   6   0   3   4  0.03 0.08
  180 N     0   0   3   1  -1   0  -1   2   1  -1  -2   0  -1  -1  -1   0  -1   1  -1  -2    7   5  15   9   2   4   4  13   3   4   5   6   2   3   3   6   3   2   2   3  0.11 0.14
  181 V     0  -2  -1  -1  -1  -2  -1  -1  -1   1   1  -2   1   1  -2  -1   1   0  -1   2    8   2   3   4   1   2   4   4   2   9  15   2   3   6   2   5   8   2   2  15  0.11 0.10
  182 P     0  -1   1   1  -3   0   0   0   0  -1  -1   0  -1   0   2   0   0  -1  -2   0    8   2   8   9   0   3   7   8   2   4   5   5   1   4  10   8   6   1   1   7  0.09 0.10
  183 H     0  -1   0   1  -3   0   0   0   3  -1  -1   0   0   0   0   1   0   2   1  -1    7   3   5   7   0   4   6   6   7   3   5   4   3   5   4  10   5   3   5   4  0.05 0.10
  184 Q     0  -1   1   0  -4   1   0  -1   1  -1   0   0   1   0  -1   0   0   2   0   0    7   3   7   6   0   6   7   5   3   4   8   6   4   5   4   6   6   3   3   6  0.02 0.05
  185 S     0  -1   0   0   1  -1   0   0   0  -1  -2  -1   0  -1  -1   2   1   2   0  -1    8   3   5   6   2   3   5   6   3   4   5   4   3   3   4  15   9   2   3   5  0.06 0.11
  186 Q    -1   0   0   0   2   0  -1  -1   2   0  -1   0   2   0   0  -1   0   4   1  -1    5   5   5   5   5   5   5   5   5   5   5   5   5   5   5   5   5   5   5   5  0.03 0.09
  187 D    -1   0   0   0   2   0  -1  -1   2   0  -1   0   2   0   0  -1   0   4   1  -1    5   5   5   5   5   5   5   5   5   5   5   5   5   5   5   5   5   5   5   5  0.03 0.09
  188 V     0  -1  -1  -1   0   0   0  -1   0   1   1  -1   1  -1  -1  -1   0   2   0   1    8   3   3   4   2   4   5   4   3   7  15   3   3   3   3   4   6   2   3  11  0.01 0.04
  189 L    -1   0   0   0   2   0  -1  -1   2   0  -1   0   2   0   0  -1   0   4   1  -1    5   5   5   5   5   5   5   5   5   5   5   5   5   5   5   5   5   5   5   5  0.03 0.09
  190 D     1   0   1   2   1   0   0  -1   1  -1  -2  -1   0  -1  -1   0   0   2  -1  -1   11   5   8  13   2   4   5   5   3   3   4   4   3   3   3   6   6   2   3   4  0.08 0.12
  191 K    -1   0   0   0   2   0   0  -1   2   0  -1   0   2   1   0  -1   0   4   1  -1    5   5   5   5   5   5   5   5   5   5   5   5   5   5   5   5   5   5   5   5  0.09 0.08
  192 M    -1   0   0   0   2   0  -1  -1   2   0  -1   0   2   0   0  -1   0   4   1  -1    5   5   5   5   5   5   5   5   5   5   5   5   5   5   5   5   5   5   5   5  0.03 0.09
  193 S     1  -1   1   0   1   0  -1   0   0  -1  -1  -1   0  -1  -1   1   1   2   0  -1   11   3   6   5   2   3   4   7   3   3   6   3   3   3   3  12   9   2   3   5  0.03 0.09
  194 P     2  -2  -2   0  -6   0   0   0  -1  -2  -2  -2  -1  -1   5  -1  -1   0  -2  -1   15   3   2   5   0   5   7   6   2   3   5   3   2   3  23   5   4   1   2   4  0.35 0.32
  195 E     1  -1   0   0  -6   0   3  -1   1   0  -2  -1   1  -1   0  -1  -1   2   0  -1   11   3   4   6   0   5  16   5   3   6   4   4   3   3   4   5   5   2   3   5  0.10 0.14
  196 Q     1  -1   0   0   1   3   2  -1   1  -1  -1  -1   0   0  -1  -1   0   2  -1  -2   11   4   5   5   2  11  11   5   3   4   5   4   3   4   3   4   6   3   3   3  0.08 0.13
  197 L    -1   1  -1  -2   0  -1  -2  -2   0   1   2   1   1   1  -2  -2  -1   2   0   0    5   7   3   2   2   3   3   3   2   9  21  10   3   5   2   3   3   3   4   6  0.15 0.12
  198 S     2  -1   0   1  -1   1   1  -1   0   0  -2  -1  -1  -2  -1   2   1  -1  -2  -2   17   3   5   7   1   5   8   4   2   5   4   3   2   2   3  14   7   1   1   3  0.14 0.17
  199 A     4  -2  -1  -1  -2   0   0  -1  -1   0  -2  -2  -1  -1  -3  -1   0   3  -1   0   32   2   3   3   1   5   6   5   1   5   5   3   2   2   2   5   6   4   2   6  0.34 0.28
  200 Y     1  -2  -1  -2  -2  -1  -2  -2   1   1   0  -2   1   2  -3  -2  -1   1   5   0   10   3   4   3   1   3   3   4   3   8   9   3   3   8   2   4   4   2  19   7  0.33 0.22
  201 K    -1   0   0   0   2   0   0  -1   2   0  -1   0   2   1   0  -1   0   4   1  -1    5   5   5   5   5   5   5   5   5   5   5   5   5   5   5   5   5   5   5   5  0.09 0.08
  202 H     0  -1   2   1   1   1   0  -2   3  -1  -1  -1   1  -1  -1   0   0   2   0  -1    8   4   8   8   3   6   7   4   7   4   7   4   3   3   3   6   5   3   3   4  0.10 0.09
  203 S     2  -1   0   0  -5   1   1  -1   1  -1  -2  -1   1  -1  -1   1   0   2   0  -1   15   3   5   5   0   5   8   5   4   3   5   4   4   3   3  12   6   3   3   4  0.11 0.13
  204 L    -1  -2  -1   1   0   0   3  -3   0  -1   2  -2   3   0  -2  -2  -1   3  -1   0    5   2   3   7   2   4  17   3   2   4  18   2   6   4   2   4   4   3   3   5  0.22 0.18
  205 V    -1   0   0   0   2   0   0  -1   2   0  -1   0   2   1   0  -1   0   4   1  -1    5   5   5   5   5   5   5   5   5   5   5   5   5   5   5   5   5   5   5   5  0.09 0.08
  206 L     0  -1  -1  -1  -1   1  -1  -2   0   2   2  -2   2   0  -1   0  -1   1  -1   1    9   4   3   4   1   6   4   4   2   9  18   2   4   4   3   6   3   2   2   8  0.08 0.08
  207 S     0   0   1   0   1   0  -1   0   1  -1  -2  -1   0   1   1   2  -1   2   0  -1    8   5   6   5   2   4   4   7   3   3   5   4   3   5   8  14   4   2   3   5  0.08 0.10
  208 V    -1   0   0   0   2   0   0  -1   2   0  -1   0   2   1   0  -1   0   4   1  -1    5   5   5   5   5   5   5   5   5   5   5   5   5   5   5   5   5   5   5   5  0.09 0.08
  209 Q     0   1   0  -1  -1   3  -1  -2   0   1  -1   2   0  -2  -2  -2  -1   1  -1   1    7   7   5   4   2  14   4   4   2   7   7  10   2   2   2   3   4   2   2  10  0.15 0.15
  210 T    -2  -2   1  -2  -1   0  -2  -1   1   0   0  -2   2  -1  -2   0   3   6  -1   0    4   2   6   3   2   5   3   5   3   5   9   2   5   3   3   7  14  10   2   7  0.30 0.24
  211 P    -1   0   0   0   2   0   0  -1   2   0  -1   0   2   1   0  -1   0   4   1  -1    5   5   5   5   5   5   5   5   5   5   5   5   5   5   5   5   5   5   5   5  0.09 0.08
  212 Y    -2  -3  -1  -3  -1  -2  -4  -4  -1  -2  -1  -3   0   2  -3  -4  -3   4   8  -3    3   2   3   2   2   2   2   2   2   3   7   2   2   7   2   2   2   4  44   3  1.28 0.75
  213 M    -2   0  -7  -7   0  -2  -2  -3  -1   1   3  -1   4   1  -3  -2  -2   4   1   0    4   5   0   0   2   2   3   3   2   8  25   3   9   5   2   4   3   4   5   7  0.39 0.28
  214 I     0  -3  -4  -1   1  -2  -1   0  -4   3   0  -3   0   0  -1  -2  -2   2   1   2    9   1   0   4   3   1   4   8   0  20  10   1   2   5   3   3   2   2   6  14  0.19 0.21
  215 I    -1  -2  -2  -3  -1  -3  -2  -3  -2   4   2  -4   3   2  -5  -3  -2   3   1   2    4   2   2   2   1   1   3   2   1  23  21   0   6   8   0   2   2   3   4  11  0.45 0.32
  216 V     2  -3  -1  -1   1  -3  -3   1  -3   1  -1  -3   1   0  -1   0   0   2   1   1   19   0   3   3   3   0   0  13   0   7   5   0   4   4   3   7   5   3   6  12  0.16 0.20
  217 A     1  -3  -1  -1   1  -1  -1   1   0   1   0  -2   1   1  -1  -1   0   2   0   0   17   0   3   3   3   3   3   9   3   9   9   0   3   6   3   4   5   3   3   8  0.05 0.12
  218 I     0  -2  -2   0   2  -2   0   0  -2   0   0   0   1   1   1   0   0   4   1   0    6   0   0   6   6   0   6   6   0   6   6   6   6   6   6   6   6   6   6   6  0.04 0.13
  219 V     0   0   0   0   2  -2   0  -1   2   0  -1  -2   1   1   0   0   0   3   1   0    6   6   5   6   5   0   6   6   5   6   6   0   5   5   6   6   6   5   5   6  0.07 0.12
  220 L     0  -2  -2  -4  -1  -3  -4  -2   0   2   3  -2   0   2  -2  -2  -1   0  -1   2   10   2   3   0   1   1   0   2   3  11  30   2   2  10   2   1   3   1   1  13  0.30 0.27
  221 L     1  -1  -4  -5   0  -2  -4  -2  -4   2   3  -4   1   1  -3  -2  -2  -1  -1   2   13   4   0   0   2   1   0   3   0  12  29   0   3   5   1   3   2   1   2  16  0.33 0.29
  222 V    -1  -2  -3  -5  -1  -2  -4  -2   0   2   3  -3   2   0  -2  -3  -1   1  -2   3    4   2   1   0   1   1   0   4   3  13  33   1   5   4   2   2   4   2   1  19  0.42 0.32
  223 A     3  -2   0  -1   0  -1  -2   1   1   0  -1  -3   0   0  -1   0  -1   2  -1  -1   32   2   4   4   2   2   2  10   4   6   6   0   3   4   2   5   4   3   2   4  0.21 0.25
  224 L     0  -1  -1  -3   1  -1  -3  -1  -3   2   2  -1   1   1  -1  -1  -1   2   0   2    6   3   3   0   4   3   0   4   0  13  20   4   3   6   3   3   3   3   3  13  0.12 0.17
  225 L     0  -1   0  -1   1  -2  -1  -1   0   1   2  -2   2   1  -1  -1  -1   2   0   1    7   3   4   3   3   0   3   5   3  11  22   0   5   6   3   4   3   3   3   8  0.09 0.13
  226 I     0   0   0  -2   2  -2   0  -1   2   0  -1   0   1   1   0   0   0   3   1   0    5   5   5   0   5   0   5   5   5   5   5   5   5   5   5   5   5   5   5   5  0.03 0.12
  227 M     0   0  -1  -2   1  -1  -2  -2   1   1   1   0   3   2  -2  -1  -2   4   2  -1    9   4   3   3   2   3   3   3   3   6  12   6   6   9   3   4   3   5   6   5  0.14 0.13
  228 L    -2   2  -3  -7  -1  -3  -4  -4  -1   1   2  -1   1   5  -2  -2  -3   1   2   0    4   9   2   0   1   1   2   2   2   8  15   5   3  19   3   4   2   2   6   7  0.41 0.30
  229 T     0  -3  -2  -4  -1  -1  -2  -4  -2   1   0  -1   1   1   0   2   2   0  -1   1    9   2   2   1   2   2   2   2   1   7   8   3   3   5   5  17  13   1   3   9  0.19 0.22
  230 K    -1   0   0   0   2   0  -1  -1   2   0  -1   0   2   0   0  -1   0   4   1  -1    5   5   5   5   5   5   5   5   5   5   5   5   5   5   5   5   5   5   5   5  0.03 0.09
  231 F    -2   0  -2  -2  -6  -2  -3  -2   0   2   3  -2   2   4  -1  -1  -2   1   1  -1    4   5   2   2   0   2   2   3   2   9  21   3   5  15   3   4   2   2   4   4  0.29 0.23
  232 P    -1   0   0   0   2   0  -1  -1   2   0  -1   0   2   0   0  -1   0   4   1  -1    5   5   5   5   5   5   5   5   5   5   5   5   5   5   5   5   5   5   5   5  0.03 0.09
  233 A     2   0  -1   0   0  -1   3  -3   1  -2  -3   1  -1  -2  -1   0  -1   1  -1   0   15   5   3   6   2   3  17   3   3   3   3   9   2   2   4   6   4   2   3   6  0.16 0.19
  234 L    -1  -1  -1  -2   1  -1  -1  -2   0   3   1  -1   2   0   0  -2  -1   2   0   2    5   4   3   3   3   3   3   3   3  15  13   4   5   4   6   3   4   3   3  11  0.16 0.11
  235 Q    -1   0   0   0   2   0   0  -1   2   0  -1   0   2   1   0  -1   0   4   1  -1    5   5   5   5   5   5   5   5   5   5   5   5   5   5   5   5   5   5   5   5  0.09 0.08
  236 S     1   0   0   0   1   0   1  -1   2  -1  -2  -1   0  -1   0   1   0   2   0  -1   10   4   4   6   3   4   9   5   4   3   5   4   3   3   5  10   6   2   3   4  0.04 0.09
  237 D     0  -1   0   3   1   0   3  -2   1  -1  -3   0   0  -1   0  -1   0   2  -1  -2    7   3   4  13   3   4  17   4   3   4   3   6   3   3   4   5   5   2   3   4  0.20 0.19
  238 N     0   0   0   0   2   0   0  -1   1   0  -1   0   1   0   0   0   0  -2   1   0    5   5   5   5   5   5   5   5   5   5   5   5   5   5   5   5   5   0   5   5  0.03 0.05
  239 H     0   0   0   0   0   1   2  -1   3  -1  -1   0   0  -1   1   0   0  -3   0  -1    8   4   4   5   3   5  13   4   9   4   4   6   3   3   6   5   5   0   3   4  0.07 0.13
  240 S     1  -1   0   1   0   0   2  -1   0  -1  -2   0   0  -1   0   1   1   0  -1  -1   12   3   4   8   2   4  12   5   3   4   4   4   2   3   4  10   8   2   2   4  0.06 0.11
  241 D     0  -1   0   4   0   1   2  -1   0  -2  -3   0  -1  -2   0  -1   0  -5  -2  -1    7   3   4  20   2   6  16   5   3   3   3   5   2   2   4   5   5   0   1   4  0.22 0.26
  242 A     2  -1  -1   0  -1   0   1   0   0  -1  -1   0  -1  -2   0   0   0   0  -2   0   21   3   3   5   1   5  10   8   2   3   5   5   1   2   4   8   6   1   1   6  0.10 0.15
  243 K     1   0  -1   0  -2   1   2  -1   0  -2  -2   3  -1  -3   0   0   0  -1  -3  -1    9   5   3   6   1   5  14   5   2   3   4  15   2   1   5   7   5   1   1   4  0.16 0.18
  244 Q    -1   0   0   0   2   0  -1  -1   2   0  -1   0   2   0   0  -1   0   4   1  -1    5   5   5   5   5   5   5   5   5   5   5   5   5   5   5   5   5   5   5   5  0.03 0.09
  245 G    -1   0   0   0   2   0  -1  -1   2   0  -1   0   2   0   0  -1   0   4   1  -1    5   5   5   5   5   5   5   5   5   5   5   5   5   5   5   5   5   5   5   5  0.03 0.09
  246 S     0   0   0   0   1   0   0   0   1  -1  -2   0   0  -1   0   2   0   2   0  -1    8   5   5   6   3   3   5   6   4   4   4   5   3   3   6  16   7   2   3   4  0.09 0.12
  247 F    -1  -1  -1  -1   0  -1  -1  -1   1   1   0  -1   0   4  -1  -1  -1   2   1   0    6   4   3   4   2   3   4   5   3   7  10   4   3  15   3   4   4   3   5   7  0.13 0.11
  248 S     0   0   0   0  -1   0   0   1   1  -2  -2   1  -1  -1  -1   2   0   1  -1  -1    9   5   5   6   1   3   6  11   4   3   5   8   2   3   3  13   6   2   2   4  0.07 0.10
  249 A     2  -1  -1   0  -1   0   1   1   1  -2  -2   0  -1  -2   0   1   0   0  -1  -1   18   3   3   5   1   4   8   9   3   3   5   6   2   2   5   9   6   1   2   5  0.09 0.12
  250 S     0  -1   1   0  -1   0  -1   0   1  -2  -2   0  -2  -2   0   2   2   0  -1  -1    9   3   6   6   1   4   4   6   3   3   4   6   1   2   6  15  11   2   3   4  0.12 0.16
  251 L    -2  -1  -2  -2  -2  -2  -2  -3   0   1   3   1   1   3  -1  -2  -1   1   0   0    4   4   2   3   1   2   3   3   2   8  24   9   3   9   3   3   4   2   3   6  0.23 0.16
  252 S    -1   0   0   0   2   0  -1  -1   2   0  -1   0   2   0   0  -1   0   4   1  -1    5   5   5   5   5   5   5   5   5   5   5   5   5   5   5   5   5   5   5   5  0.03 0.09
  253 R    -1   2   0   0   1   0  -1   0   1  -1  -1   1   0  -1   0   1  -1   2   0  -2    4  11   4   5   2   5   5   7   4   4   6  10   3   3   4  10   4   3   4   4  0.09 0.10
  254 L    -1   0   0   0   2   0   0  -1   2   0  -1   0   2   1   0  -1   0   4   1  -1    5   5   5   5   5   5   5   5   5   5   5   5   5   5   5   5   5   5   5   5  0.09 0.08
  255 A     0   0  -1  -1   1  -1  -1  -1   0  -1  -1   0   1   1   2   0   0   4   1  -1    9   4   3   4   3   3   4   5   3   4   7   6   3   6   8   8   5   5   5   4  0.09 0.09
  256 R    -1   0   0   0   2   0  -1  -1   2   0  -1   0   2   0   0  -1   0   4   1  -1    5   5   5   5   5   5   5   5   5   5   5   5   5   5   5   5   5   5   5   5  0.03 0.09
  257 I    -2  -1   2  -2   0   0  -2  -2   2   1   0   0   0   2   0  -2  -1   2   1   0    3   4  10   3   2   5   3   3   5   9   9   5   2   8   6   3   3   2   5   7  0.10 0.12
  258 R    -1   0   0   0   2   0   0  -1   2   0  -1   0   2   1   0  -1   0   4   1  -1    5   5   5   5   5   5   5   5   5   5   5   5   5   5   5   5   5   5   5   5  0.09 0.08
  259 H    -1   0   0   0   2   0  -1  -1   2   0  -1   0   2   0   0  -1   0   4   1  -1    5   5   5   5   5   5   5   5   5   5   5   5   5   5   5   5   5   5   5   5  0.03 0.09
  260 W    -1  -2  -2  -2   1  -1  -2  -2   0  -1   1  -2   3   3  -1  -2  -2   6   3   0    5   3   3   3   3   3   3   3   2   3  13   3   5  12   3   3   3  10   9   6  0.35 0.27
  261 R    -2   3  -1  -2   0  -1  -1  -2   0   0   0   1   1   1   0   0  -1   2   0   1    4  14   3   2   2   2   4   4   2   6  11   8   4   5   4   6   3   3   3   9  0.13 0.11
  262 W    -2  -1  -1  -2   2  -1  -2  -2   2  -1   0  -2   2   2   0  -2  -2   8   0  -1    4   4   3   3   4   4   3   4   5   3  10   3   4   8   6   3   3  17   4   4  0.49 0.34
  263 A     0   0   0  -2   2   0  -2   0   2   0   0   0   1   1   1   0   0  -2   1   0    6   6   6   0   6   6   0   6   6   6   6   6   6   6   6   6   6   0   6   6  0.05 0.10
  264 V     0   0   0  -3   2   0  -2   0  -2   0   0   0   1   1   1   0   0   4   1   0    6   6   6   0   6   6   0   6   0   6   6   6   6   6   6   6   6   6   6   6  0.08 0.13
  265 L     0  -2   0  -2   2  -2  -2   0  -2   0   0  -2   1   1   1   0   0   4   1   0    7   0   7   0   6   0   0   7   0   7   7   0   6   6   7   7   7   6   6   7  0.09 0.16
  266 A     0   0   0  -3   2   0  -2   0  -2   0   0   0   1   1   1   0   0   4   1   0    6   6   6   0   6   6   0   6   0   6   6   6   6   6   6   6   6   6   6   6  0.08 0.13
  267 Q    -1  -1  -1  -2  -4   4  -1  -2  -2   2   0   0   1   0  -2  -1   1  -3   1  -1    3   3   2   2   0  25   3   3   0  14   8   5   4   4   2   3   8   0   6   2  0.24 0.30
  268 F     0   0  -2  -3   2  -2  -2   0  -2   0   0  -2   1   1   1   0   0   4   1   0    7   7   0   0   6   0   0   7   0   7   7   0   6   6   7   7   7   6   6   7  0.08 0.15
  269 C     0  -1  -1  -3   4   0  -3  -2  -3   0   1  -1   1   3  -1  -1   0   2   0   0    8   3   4   0  10   6   0   3   0   4  13   3   4  16   3   3   5   3   3   5  0.14 0.19
  270 Y    -3  -3   0  -4  -2  -3  -4  -4   1  -3  -2  -6  -1   1  -3  -4  -4   1   9  -1    3   1   4   1   1   1   1   2   2   1   5   0   1   4   1   2   1   2  60   5  1.63 0.88
  271 V    -2  -3  -2  -2   1  -2  -1  -2  -5   1  -1  -3   0  -2  -1  -1  -1  -6  -2   6    3   1   2   2   3   1   4   4   0   6   4   1   2   1   4   4   4   0   1  51  0.66 0.49
  272 G     1  -5  -2  -3  -2  -1  -2   6  -5  -2  -2  -3  -1  -2  -2  -1  -3  -5  -1  -2   13   0   1   1   1   2   3  53   0   3   4   1   1   2   2   5   1   0   2   4  0.87 0.55
  273 A     4  -3  -1  -3   1  -2  -2   1  -4  -1  -1  -2   0  -2  -3   1   0  -5  -1   1   37   1   2   1   3   2   2   9   0   3   7   2   2   1   1   9   5   0   2  11  0.36 0.34
  274 Q    -1  -2  -2  -1  -6   6   4  -3  -2  -1  -4   0   0  -3  -2  -2  -3   0  -3  -1    4   1   2   2   0  31  29   2   1   4   2   5   3   1   2   3   1   1   1   4  0.77 0.58
  275 T    -2  -3   0  -2  -2   0   0  -1  -4   3   0  -3  -1  -2  -3  -2   1   0  -2   4    3   1   5   2   1   5   7   5   0  14   8   1   1   1   1   3  10   2   1  29  0.31 0.30
  276 A     0   0   0  -2   2   0   0  -1   1   0  -1   0   1   0   0   0   0  -2   1   0    5   5   5   0   5   5   5   5   5   5   5   5   5   5   5   5   5   0   5   5  0.01 0.09
  277 C     1  -1  -1   0   4  -1  -2  -2   0   2  -1  -1   2  -1  -1   0   0  -3   0   1   11   3   3   5  10   3   0   3   3  12   4   3   7   3   3   6   6   0   3  10  0.09 0.17
  278 W    -1   0   0   0   2   0   0  -1   2   0  -1   0   2   1   0  -1   0   4   1  -1    5   5   5   5   5   5   5   5   5   5   5   5   5   5   5   5   5   5   5   5  0.09 0.08
  279 S     0  -2   1   2   1  -1  -1   0   1  -2  -3  -2   1  -1  -2   3   1  -7   0  -1    7   3   5  11   3   3   4   7   3   3   3   3   3   3   3  21   9   0   3   4  0.23 0.22
  280 Y    -1   0   0   0   2   0  -1  -1   2   0  -1   0   2   0   0  -1   0   4   1  -1    5   5   5   5   5   5   5   5   5   5   5   5   5   5   5   5   5   5   5   5  0.03 0.09
  281 L    -1   0   0   0   2   0  -1  -1   2   0  -1   0   2   0   0  -1   0   4   1  -1    5   5   5   5   5   5   5   5   5   5   5   5   5   5   5   5   5   5   5   5  0.03 0.09
  282 I    -1  -3  -1  -2   0  -2  -3  -1   1   5  -1  -3   1   3  -1  -2  -1   1   0   1    5   2   4   2   2   2   2   5   3  25   7   2   3   9   4   4   4   2   3  10  0.36 0.23
  283 R    -1   1   3   0  -1   2  -1  -2   0  -2   0  -1   0  -1  -1   0   0   1   0  -2    5   7  12   6   2  10   5   4   2   2  11   4   3   3   4   7   5   2   3   3  0.12 0.16
  284 Y    -1   0   0   0   2   0   0  -1   2   0  -1   0   2   1   0  -1   0   4   1  -1    5   5   5   5   5   5   5   5   5   5   5   5   5   5   5   5   5   5   5   5  0.09 0.08
  285 A     1  -1   0   0   1  -1  -1   0   1  -1   1  -1   1   0  -1   0   0   2   0  -1   14   3   4   6   3   3   3   6   3   4  12   3   4   4   3   6   6   2   4   5  0.03 0.06
  286 V    -1  -1  -1  -1   1   1  -1  -1   1   0   0   0   2  -1  -1   0   1   2   0   2    5   4   4   3   3   6   4   5   3   6   9   5   6   3   3   6   8   2   3  13  0.06 0.07
  287 E    -1   0   0   0   2   0  -1  -1   2   0  -1   0   2   0   0  -1   0   4   1  -1    5   5   5   5   5   5   5   5   5   5   5   5   5   5   5   5   5   5   5   5  0.03 0.09
  288 E    -1   0   0   0   2   0   0  -1   2   0  -1   0   2   1   0  -1   0   4   1  -1    5   5   5   5   5   5   5   5   5   5   5   5   5   5   5   5   5   5   5   5  0.09 0.08
  289 I     0  -1   0  -1   0  -1  -2  -1   0   2   1  -2   1   0  -1  -1  -1   3   0   1    8   4   5   4   2   2   3   5   2  13  11   3   4   4   3   5   4   4   4  11  0.10 0.08
  290 P    -1   0   0   0   2   0  -1  -1   2   0  -1   0   2   0   0  -1   0   4   1  -1    5   5   5   5   5   5   5   5   5   5   5   5   5   5   5   5   5   5   5   5  0.03 0.09
  291 G    -1   0   0   0   2   0   0  -1   2   0  -1   0   2   1   0  -1   0   4   1  -1    5   5   5   5   5   5   5   5   5   5   5   5   5   5   5   5   5   5   5   5  0.09 0.08
  292 M    -1   0   0   0   2   0  -1  -1   2   0  -1   0   2   0   0  -1   0   4   1  -1    5   5   5   5   5   5   5   5   5   5   5   5   5   5   5   5   5   5   5   5  0.03 0.09
  293 T    -1  -2   1   2  -7  -1   0  -1   0  -2  -2  -2   0  -2   0   3   3   1  -1  -2    6   2   6   9   0   3   5   5   2   2   5   3   2   2   5  17  17   2   2   3  0.25 0.28
  294 A     2  -1   0   0   1   0   2  -1   1  -1  -1   0   1  -1   0   0   0   2   0  -1   16   3   5   5   2   4  11   4   3   3   6   6   3   3   4   6   6   2   3   4  0.09 0.11
  295 G     1  -1   0   0   0   0   0   2   1  -2  -2   0   0  -1  -1   1  -1   2  -1  -1   10   4   4   5   2   4   6  14   3   3   4   5   3   3   3  10   4   2   3   4  0.06 0.10
  296 F    -1  -2  -1  -1  -6   0   0  -3   3   0   0  -1   1   4  -2  -1   0   3   2   0    5   3   3   4   0   5   6   3   6   6   9   4   3  16   2   5   6   3   7   6  0.24 0.17
  297 A     3  -2  -1   0   1  -1  -2  -1   0   0  -1  -2   1   1   1   0   0   2   0  -1   21   3   3   5   2   3   3   5   2   5   5   3   3   5   6   7   6   2   3   5  0.11 0.15
  298 A    -1   0   0   0   2   0   0  -1   2   0  -1   0   2   1   0  -1   0   4   1  -1    5   5   5   5   5   5   5   5   5   5   5   5   5   5   5   5   5   5   5   5  0.09 0.08
  299 N    -1   0   0   0  -3   0   0  -1   2   0  -1   0   1   0   0   0   0   3   1   0    5   5   5   5   0   5   5   5   5   5   5   5   5   5   5   5   5   5   5   5  0.06 0.08
  300 Y    -1   0   0   0   2   0  -1  -1   2   0  -1   0   2   0   0  -1   0   4   1  -1    5   5   5   5   5   5   5   5   5   5   5   5   5   5   5   5   5   5   5   5  0.03 0.09
  301 L    -1  -2   0  -2   1   0  -2  -2   0   1   2  -2   2   1  -1  -1   0   4   0   0    5   3   4   3   2   4   3   4   2   8  18   3   4   5   3   5   6   5   4   6  0.11 0.11
  302 T     1  -2  -1  -2   1  -1  -2   0   0   1  -1  -2   1   0  -1   1   1   3   1  -1   10   3   3   3   2   3   3   8   3   9   6   3   4   4   3  11  10   4   5   4  0.12 0.12
  303 G     1  -3  -3  -3  -1  -3  -4   4  -2   1   0  -3  -1   1  -3  -1  -2   3   3   0   10   2   1   2   1   1   1  28   1   7   8   2   2   6   2   4   2   4   8   5  0.45 0.30
  304 T     3  -4  -1  -1   1  -3  -3   0  -1  -2  -2  -3  -1   1  -4   0   3  -1   3  -2   18   1   4   3   2   2   2   6   2   3   4   2   2   6   1   8  19   1   9   3  0.36 0.32
  305 M    -1  -2  -1  -2  -1   0  -2  -1   1  -1   2  -2   5   1  -1  -2  -2   5   0  -1    4   2   3   3   2   5   2   5   4   3  20   2  18   6   3   3   2   7   3   3  0.37 0.34
  306 V     0  -2  -1  -1   0  -1  -1   1  -2   1   0  -1   1   0  -1   0   0   2   1   1    8   0   3   3   3   3   4  10   0   9  11   3   3   4   3   5   5   3   5  13  0.03 0.10
  307 C     0   0   0   0   2   0  -2  -1  -2   0  -1   0   1   1   0   0   0   3   1   0    6   6   5   6   5   5   0   6   0   6   6   6   5   5   6   6   6   5   5   6  0.06 0.11
  308 F    -1   0   0   0   2   0   0  -1  -2   0  -1   0   1   0   0   0   0   3   1   0    5   5   5   5   5   5   5   5   0   5   5   5   5   5   5   5   5   5   5   5  0.02 0.09
  309 F     0  -1  -2  -1   1  -2  -1   0   0   1   1  -2   2   3  -3  -1   0   2   2   0    7   3   0   3   4   0   3   7   3   9  11   0   8  14   0   4   5   3   7   6  0.12 0.16
  310 I     0  -2  -2   0   2  -2  -2   0   2   0   0   0   1   1   1   0   0   4   1   0    6   0   0   6   6   0   0   6   6   6   6   6   6   6   6   6   6   6   6   6  0.05 0.15
  311 G     0  -2  -1  -2   2  -1  -4   5  -4  -2  -3  -2  -1  -2  -1   0  -2   1   0  -1    7   2   2   2   4   3   0  46   0   3   3   2   2   2   3   7   2   2   3   4  0.61 0.46
  312 R    -1   6  -1  -4   0  -1  -2  -1   0  -2  -2   0   0   0  -2  -1  -1   1   2  -2    5  39   2   0   2   3   2   5   2   3   4   4   3   4   2   5   3   2   8   2  0.55 0.44
  313 F     0  -4  -4  -3   1  -2  -2  -2  -1   1   1  -2   1   6  -1  -2  -2   3   1   0    9   0   0   2   3   2   2   3   2   7  10   3   3  32   3   3   3   3   4   6  0.48 0.36
  314 T     0  -2  -3  -2   0  -2  -2  -2  -4   3   2  -1   0   0  -2   0   0   0  -2   2    8   2   1   2   2   1   2   2   0  18  17   3   1   3   2   8   7   1   1  15  0.20 0.21
  315 G     0   0   0   0   2   0   0  -1  -2   0  -1   0   1   0   0   0   0   3   1   0    5   5   5   5   5   5   5   5   0   5   5   5   5   5   5   5   5   5   5   5  0.05 0.08
  316 T    -1   0   0   0   2   0   0  -1   2   0  -1   0   2   1   0  -1   0   4   1  -1    5   5   5   5   5   5   5   5   5   5   5   5   5   5   5   5   5   5   5   5  0.09 0.08
  317 W     0   0  -1  -2   1   0  -3  -1   2   1  -1   0   1   3  -1  -1  -1   5   1   0    8   4   3   3   3   5   0   4   5   7   6   5   4  12   3   3   3   9   5   8  0.19 0.19
  318 L    -1   0   0   0   2   0   0  -1   2   0  -1   0   1   1  -3   0   0   3   1   0    5   5   5   5   5   5   5   5   5   5   5   5   5   5   0   5   5   5   5   5  0.06 0.10
  319 I    -1  -2  -1  -2   2   0  -2  -1  -6   2   1  -2   6   0  -2  -2  -1   2   0   0    6   3   4   3   3   5   3   5   0   9  14   3  17   4   3   3   4   2   3   6  0.33 0.25
  320 S    -1   0   0   0   2   0   0  -1   2   0  -1   0   2   1   0  -1   0   4   1  -1    5   5   5   5   5   5   5   5   5   5   5   5   5   5   5   5   5   5   5   5  0.09 0.08
  321 R    -1   0   0   0   2   0  -1  -1   2   0  -1   0   2   0   0  -1   0   4   1  -1    5   5   5   5   5   5   5   5   5   5   5   5   5   5   5   5   5   5   5   5  0.03 0.09
  322 F    -1   0   0   0   2   0   0  -1   2   0  -1   0   2   1   0  -1   0   4   1  -1    5   5   5   5   5   5   5   5   5   5   5   5   5   5   5   5   5   5   5   5  0.09 0.08
  323 A     1   1   1   0  -1  -1  -1  -1  -1   0  -2   2  -1  -3   0   2  -1   0  -2  -1   13   7   6   6   1   2   4   4   1   6   4  11   2   2   5  15   3   1   1   4  0.14 0.17
  324 P     1  -1  -2  -1   0   0  -2  -3  -1  -3  -3  -1  -1  -2   5   2  -2   2   0  -3   12   3   3   3   2   5   3   3   2   2   3   4   2   2  29  13   3   3   3   2  0.57 0.47
  325 H     0   3   0  -1   1   3  -1   0   3  -2  -2   0   0  -1  -1  -1  -1   2   0  -2    7  13   5   3   2  11   5   7   5   3   4   5   3   3   4   5   4   2   3   3  0.15 0.18
  326 K    -1   0   0   0   2   0   0  -1   2   0  -1   0   2   1   0  -1   0   4   1  -1    5   5   5   5   5   5   5   5   5   5   5   5   5   5   5   5   5   5   5   5  0.09 0.08
  327 V    -1   1  -1   0   1  -1  -2  -2  -5   3   1  -1   2  -1  -1  -2  -1   2   0   2    5   7   3   5   3   3   3   3   0  14  11   5   5   3   3   3   5   3   3  13  0.17 0.12
  328 L    -1  -2  -2  -2   1  -1  -2  -3   0   0   4  -1   2   1  -2  -2  -2   2   1  -1    6   3   3   3   3   3   3   3   2   5  34   5   4   5   3   3   3   3   4   4  0.37 0.25
  329 A     1  -1  -1  -3   0   0  -2  -1  -1   0   1  -1   1   0   0   1   0   2   0  -1   14   4   2   0   2   5   2   4   2   5  17   3   4   3   5   9   7   3   3   4  0.08 0.15
  330 A     0  -1  -3  -3   0  -2  -3  -1  -2   3   0  -1  -1   2   0   0   0   1  -1   2    9   4   1   1   2   2   2   5   1  14  10   5   2   8   5   6   6   2   2  12  0.13 0.12
  331 Y    -1   0   0   0   2   0  -2  -1   2   0  -1   0   1   0   0   0   0   3   1  -1    5   5   5   5   5   5   0   5   5   5   5   5   5   5   5   5   5   5   5   5  0.03 0.11
  332 A     3   0  -1  -2   2  -1  -2  -1   0  -1  -2  -2   0  -1   0   2   1   2   0  -1   19   5   3   3   4   3   3   5   2   3   5   3   3   3   5  15   8   2   3   4  0.19 0.19
  333 L     0  -1  -2  -4   1  -2  -4  -1  -1   2   1  -2   1   0  -2   0   1   1   1   1    8   4   2   0   2   2   0   5   2  10  16   2   4   4   2   8  11   2   4   9  0.11 0.17
  334 I     0  -3  -3  -5   1  -2  -3   1  -5   3   2  -2   2   0  -2  -2   1   1  -2   1    9   1   1   0   3   1   1  11   0  16  18   3   6   3   2   3   8   2   1  10  0.23 0.23
  335 A     4  -3   0  -3   4  -3  -5   2  -5   0  -2  -3   0  -1  -2   0  -1  -1  -2   0   30   1   5   1   7   1   0  16   0   6   4   1   2   2   2   7   4   1   1   7  0.42 0.37
  336 M    -1   0   0   0   2   0  -2  -1   2   0  -1   0   1   1   0   0   0   3   1   0    5   5   5   5   5   5   0   5   5   5   5   5   5   5   5   5   5   5   5   5  0.06 0.11
  337 A     1  -1  -1  -1   2  -1  -1  -1  -3   2   0  -1   1   0  -1  -1   0   1   0   1   11   4   4   4   4   3   3   4   0  16   9   3   5   3   3   4   6   2   3   9  0.05 0.12
  338 L     0  -2  -2  -2   1  -4  -4  -2  -4   2   3  -2   2   2  -2   0  -1   1   0   0    8   2   2   2   3   0   0   3   0  10  29   2   5   9   2   6   3   2   3   7  0.28 0.27
  339 C     0  -3  -3  -4   7  -3  -4  -2  -2   2   1  -2   2   0  -3   0   1   1  -2   1    6   1   1   1  19   1   1   4   1  10  12   2   5   4   1   6  10   2   1  11  0.46 0.34
  340 L     1  -3  -3  -3  -1  -1  -3  -2  -2   2   3  -3   1   1  -2  -1   1  -1  -2   1   11   1   1   2   1   3   1   3   1  11  28   1   3   7   2   4   7   1   1   8  0.26 0.25
  341 I     0  -4  -4  -5   1  -4  -5   0  -2   4   2  -4   0   1  -3  -2  -1  -1   0   3    7   1   1   1   2   1   1   7   1  19  19   1   2   5   2   4   5   1   3  18  0.47 0.28
  342 S     3  -3  -1  -2  -2  -3  -4   1  -2   0  -2  -4   1  -2  -2   2   2  -2  -2   2   20   2   3   3   1   2   2   9   1   5   5   1   3   2   3  15  11   1   1  12  0.33 0.28
  343 A     2  -3  -3  -4  -1  -3  -3   0  -3   3   0  -4   3  -1  -3   1   1  -2  -1   2   15   2   1   1   1   1   2   7   1  15  10   1   7   2   2   9   7   1   3  11  0.29 0.23
  344 F    -1  -1  -1  -2   1   0  -2  -2   0   0   2  -2   2   3  -2  -2   1   2   0   0    6   3   4   3   3   4   3   3   3   5  16   3   4  13   3   4   8   3   3   6  0.15 0.14
  345 A    -1   0   0   0   2   0   0  -1   2   0  -1   0   2   1   0  -1   0   4   1  -1    5   5   5   5   5   5   5   5   5   5   5   5   5   5   5   5   5   5   5   5  0.09 0.08
  346 G    -2   0   0   0   0   0  -1   2   1  -1  -2  -1   0  -1   3   0   1   2   0  -2    4   5   5   5   2   4   4  15   4   4   5   3   3   3  12   7   7   2   3   4  0.15 0.16
  347 G    -1   0   0   0   2   0   0  -1   2   0  -1   0   2   1   0  -1   0   4   1  -1    5   5   5   5   5   5   5   5   5   5   5   5   5   5   5   5   5   5   5   5  0.09 0.08
  348 H     0  -1   3  -1  -3   0   0  -2   3  -1  -2  -1   2  -1   1   0   0   4   2  -2    7   3  11   4   1   4   6   4   6   4   5   4   5   2   6   7   6   5   6   4  0.16 0.17
  349 V     1  -5  -4  -4  -3  -4  -4  -3  -4   3   1  -4   1   0  -1  -1   2   2  -1   4   10   1   1   1   1   1   1   2   1  12  11   1   3   4   4   5  10   3   3  23  0.44 0.32
  350 G     3  -4  -1  -4  -3  -3  -4   4  -2  -4  -3  -5  -2  -3  -2   3   0  -1  -3  -3   23   1   3   1   1   2   2  29   1   1   4   1   1   2   3  17   5   1   1   2  0.69 0.50
  351 L    -1  -3  -4  -5  -3  -4  -5  -4  -9   3   3  -5   4   1  -3  -5  -2  -1  -3   4    5   2   1   1   1   1   1   2   0  16  26   1   9   5   2   1   3   1   1  21  0.77 0.46
  352 I     1  -5  -4  -5  -2  -4  -5  -3  -3   3   1  -5   0   0  -1  -2  -1   5   4   2   11   1   1   1   1   1   1   3   1  16  11   1   2   4   4   3   4   7  13  14  0.58 0.39
  353 A     4  -5  -3  -4   4  -4  -5  -1  -2   0  -1  -5   3   1  -2   1   0  -2  -4  -1   33   1   2   1   6   1   1   6   1   5   7   1   7   5   2  10   5   1   1   5  0.57 0.41
  354 L    -2  -4  -4  -5  -3  -5  -6  -5  -2   3   4  -5   3   3  -3  -4  -3  -2  -4   2    4   1   1   1   1   1   1   1   1  13  38   1   6   9   2   2   2   1   1  13  0.84 0.49
  355 T     0  -5  -3  -3  -2  -3  -5  -1  -3   2   1  -5   2   1   2  -1   1   0   0   3    7   1   2   2   1   1   1   5   1  12  13   1   4   5  10   5   8   1   3  16  0.30 0.24
  356 L     1  -5  -3  -3   0  -8  -5   0  -8   1   4  -5   3   2  -4  -1  -3  -2  -2   0   12   1   2   2   2   0   1   7   0   7  35   1   7   6   1   5   2   1   1   6  0.59 0.39
  357 C    -1  -8  -2  -4   5  -4  -4  -2  -3   3   1  -5   0  -1  -2  -1   1   0  -4   4    6   0   3   1  11   1   2   4   1  13  14   1   2   2   2   5   8   2   1  21  0.54 0.34
  358 S    -1   0   0   0   2   0   0  -1   2   0  -1   0   2   1   0  -1   0   4   1  -1    5   5   5   5   5   5   5   5   5   5   5   5   5   5   5   5   5   5   5   5  0.09 0.08
  359 A     0  -2  -1  -2   1  -6  -2  -1   0  -1   0  -2   1   6  -1  -1  -1   2   0  -2    9   3   3   3   3   0   3   5   3   3   9   3   3  26   3   6   4   3   3   4  0.41 0.29
  360 F    -1  -7  -1  -7   4  -7  -2  -2  -7   0  -1   0   1   6  -1  -1  -1   2   0  -2    5   0   3   0   7   0   3   4   0   5   6   6   3  31   4   5   4   3   3   3  0.76 0.44
  361 M    -2  -2   4  -2   3  -1   0  -2   1   0   1  -2   5   1  -1  -2  -1   2  -1  -1    3   3  15   3   5   3   6   4   3   6  11   3  11   6   4   3   4   3   3   4  0.29 0.20
  362 S     1  -3   0  -1   1   0  -1   1  -3  -4  -3  -1  -3   0  -1   5   0  -4  -4  -2   11   0   4   3   3   4   4  10   0   0   3   3   0   4   3  41   4   0   0   3  0.46 0.40
  363 I    -1  -3  -1  -3   1  -3  -1   0  -1   3   1  -1   1   0   2  -2  -1  -3  -2   1    4   0   2   0   4   0   3   7   2  22  15   5   3   4  11   3   3   0   0   9  0.18 0.20
  364 Q     0  -1  -1  -3   3   1   0   0   0   1   0   0   4  -1   1   0  -1   1  -1   0    8   2   2   0   8   6   5   7   2   8   6   4  16   3   6   6   3   2   2   5  0.13 0.18
  365 Y    -2  -2  -2  -3   3   1  -2  -3   3   1   0   0   2   2  -3  -2  -2   5   2   1    1   0   0   0   8   9   1   1   9   9   9   9   9   9   0   1   0   8   9   9  0.23 0.16
  366 P     0  -3  -3  -3  -3  -2   0   0  -3  -1  -4  -2  -3  -4   7   1   0   3  -3  -3    8   0   0   0   0   0   7   6   0   4   1   0   0   0  52  10   4   4   0   1  1.06 0.37
  367 T     1  -2   0  -2   1  -1  -2   0  -2   0  -1  -1   0  -1   1   1   2  -3  -2   0   18   0   6   0   4   3   0   7   0   6   6   3   2   3   7  11  19   0   0   6  0.14 0.12
  368 I    -2  -1  -2  -4  -3  -2  -4  -5  -1   6   1  -2   0  -1  -4  -2  -1  -4  -1   2    3   3   2   0   0   2   0   0   2  53   9   2   2   2   0   2   4   0   2  13  0.63 0.33
  369 F    -4  -3  -1  -5  -5  -3  -5  -5  -3   1  -1  -5   0   7  -5  -3  -3   6   4  -1    0   1   3   0   0   1   0   0   0   8   4   0   3  49   0   1   1  11  13   3  1.21 0.51
  370 S     3  -3   0  -2   0  -2  -1   1  -3  -1  -2  -2  -1  -4   3   2   1  -4  -2  -2   28   0   4   1   2   1   2   9   0   4   2   0   1   0  12  21  10   0   1   2  0.36 0.27
  371 L    -2  -2  -3  -4  -3   0  -2  -3  -2   3   4  -1   3  -1  -4  -1  -1  -3  -1   0    2   1   1   0   0   4   2   1   1  17  44   4   7   2   0   6   4   0   1   3  0.40 0.27
  372 G     4  -2  -1  -2   0  -3  -2   3  -3  -2  -2  -3  -1  -1  -2   1   1  -4  -3  -1   36   2   2   1   2   0   1  24   0   2   2   0   1   3   1  10   8   0   0   3  0.43 0.31
  373 I    -2  -3  -3  -4  -1  -3  -3  -3  -1   4   3  -4   3   0  -4  -2   0  -4  -1   1    1   1   1   0   1   0   1   1   2  30  34   0   7   2   0   3   6   0   1   8  0.52 0.32
  374 K     1   3   1   0  -2   1   1  -2   0  -2  -2   2  -2  -2  -2   0  -1  -2  -2  -2   11  21   7   6   1   5  11   2   2   2   2  14   1   2   1   7   3   0   1   2  0.24 0.21
  375 N    -1  -1   1   1   0  -2  -1   5  -2  -3  -4   0  -2  -5  -3   0   0  -5  -3  -1    3   3   7  10   2   1   3  42   1   1   1   5   1   0   1   7   6   0   1   5  0.50 0.32
  376 L    -2   0  -4  -3  -3  -1  -3  -5  -2   0   4  -3   2   2  -5  -2  -1  -2  -1   1    3   5   1   2   0   3   1   0   1   4  46   1   6  10   0   2   3   0   1   9  0.52 0.35
  377 G    -1  -3  -1  -1  -3  -2  -1   6  -2  -4  -5   1  -5  -4   0  -1  -1  -5  -4  -4    5   1   2   4   0   1   4  55   1   1   1   9   0   1   5   4   3   0   1   1  0.89 0.48
  378 Q    -1   3   0   1  -3   1   2  -3   0  -4  -4   4  -3  -4   1   0  -2  -5  -2  -2    5  15   3   8   0   5  14   2   3   1   1  23   0   0   6   7   2   0   1   3  0.40 0.31
  379 D    -2   1   1   2  -5   0   0  -3   6  -3  -1   1  -2   1  -3  -1  -3   2   3  -3    4   7   6  13   0   3   5   2  20   1   6   7   1   6   1   3   1   2   9   2  0.40 0.31
  380 T     1  -3  -2  -4  -5  -1  -1  -3   2  -3  -4  -1  -2  -2  -4   1   6  -6  -2  -2   12   1   2   1   0   2   4   2   5   1   1   4   1   2   1   7  51   0   1   2  0.90 0.60
  381 K     1   0   1  -2  -5  -1   1   0   0  -4  -4   5  -3  -5   0   2  -1  -5  -4  -3   11   3   5   1   0   2   8   8   2   0   1  34   1   0   5  13   2   0   0   2  0.51 0.39
  382 Y     0   1  -2  -1  -3   2  -1  -3   1   0   0   0   0   0  -2   0   2  -2   2  -1    7   9   1   3   0  10   4   2   3   7   8   6   2   4   2   5  14   0   8   4  0.12 0.17
  383 G     4  -4  -2  -3  -1  -3  -5   5  -3  -2  -4  -4  -3  -1  -3  -3  -1  -6  -4  -1   30   1   1   1   1   1   0  45   1   2   2   1   1   3   1   1   4   0   0   4  0.97 0.57
  384 S     2  -5  -3  -5  -4  -4  -1   2  -6  -4  -5  -4  -2  -7  -4   6   1  -7  -4  -3   18   0   0   0   0   0   3  12   0   1   1   0   1   0   1  53   7   0   1   1  1.11 0.71
  385 S     4  -5  -3  -3  -3  -5  -5   4  -5  -5  -5  -3  -1  -6  -4   4   0  -7  -6  -2   30   0   0   1   1   0   0  27   0   0   1   1   1   0   1  28   5   0   0   3  0.93 0.60
  386 F    -3  -5  -5  -6  -2  -5  -6   0  -2   4   3  -5   0   4  -6  -4  -4   2   1   1    2   0   0   0   1   0   0  10   1  20  32   0   2  16   0   0   1   3   5   7  0.72 0.43
  387 I    -4  -6  -6  -7  -5  -3  -5  -4  -4   4   5  -6   4   0  -6  -5  -3  -5  -3   1    1   0   0   0   0   1   0   2   0  26  49   0   8   3   0   1   1   0   1   7  1.10 0.58
  388 V    -2  -6  -2  -6   5  -4  -6  -4  -6   4   0  -5   2  -1  -6  -3   1  -6  -3   5    3   0   3   0  11   0   0   1   0  23   6   0   5   2   0   1   9   0   0  35  0.87 0.50
  389 M     0  -1   1  -2   2   1   0   0  -2   0   0   0   1   1  -2   0   0  -3  -1   0    7   0   7   0   7   7   7   7   0   7   7   7   7   7   0   7   7   0   0   7  0.05 0.10
  390 T     3  -3   0  -1   1  -2  -2   2  -3   0  -1  -2   1   0  -3   1   2  -3  -2   0   28   0   4   4   4   0   0  14   0   4   5   0   6   4   0   8  13   0   0   4  0.21 0.21
  391 I     0  -4  -2  -4   1  -3  -2  -1  -3   4   0  -3   2   1  -1  -1   0  -3  -1   2    7   0   2   0   3   0   2   4   0  36   5   0   6   5   3   3   4   0   2  16  0.29 0.26
  392 I     0  -3  -1  -4   4  -3  -3  -2  -3   3   0  -3   1   2  -3   0  -1  -3  -2   3    7   0   2   0   9   0   0   3   0  18   8   0   3   9   0  10   3   0   0  25  0.27 0.24
  393 G     0  -4  -1  -3  -1  -3  -2   6  -4  -2  -3  -3  -4  -2  -1   0  -1  -4  -4  -2    5   0   2   0   2   0   2  66   0   2   2   0   0   2   3   8   3   0   0   3  0.96 0.44
  394 G     1  -3   0  -3  -1  -2  -4   6  -4  -5  -5  -3  -2  -3  -2   0  -3  -4  -2  -3    9   1   5   0   2   1   0  68   0   0   0   0   1   1   2   4   0   0   1   2  1.07 0.47
  395 G     5  -2  -3  -3  -1  -3  -3   3  -3  -2  -3  -2   1  -2  -2   0  -1  -4  -3  -1   54   2   0   0   1   0   0  23   0   1   1   0   4   1   1   5   1   0   0   3  0.62 0.39
  396 I     1  -3  -2  -4   1  -3  -3  -3  -1   4   1  -3   0   1  -2  -2  -1   0  -2   3   12   0   1   0   2   0   1   1   2  26  11   0   2   7   1   1   2   1   0  27  0.33 0.24
  397 V    -1  -2  -3  -4   0  -2  -3  -2  -3   3   2  -3   3   2  -2  -2  -1   2   0   2    6   3   0   0   2   1   0   4   0  19  19   0   8   9   2   1   1   3   2  18  0.26 0.20
  398 T    -1  -4   0  -4  -3  -2  -3  -2   1  -1  -3  -2  -1   0   7  -1   0   0  -2  -2    3   0   5   0   1   1   0   3   3   3   3   1   1   5  54   5   5   1   1   3  1.11 0.50
  399 P     0  -2  -3  -4  -3  -2  -3  -3  -3  -1   2  -2   1   1   6  -2  -2   1   0  -1    7   2   1   0   1   2   1   1   1   2  21   1   4   6  38   2   2   2   3   4  0.69 0.39
  400 V     0  -4  -4  -3  -1  -2  -4  -2  -4   3   3  -4   1   1  -2  -3  -2  -1  -1   2    7   0   0   2   1   1   0   3   0  22  35   0   3   5   2   1   1   1   1  15  0.47 0.31
  401 M    -2  -2  -3  -4  -3   5  -2  -4   1   1   0  -3   6   1  -5  -3  -1  -1   2  -1    4   2   0   0   0  26   1   1   4   8   7   0  26   5   0   1   4   1   7   3  0.70 0.49
  402 G     0  -4  -2  -4  -6  -2  -4   7  -3  -4  -6  -4  -4  -4  -5  -2  -3  -2  -1  -4    7   1   2   1   0   2   0  75   1   1   1   0   1   1   0   3   1   1   3   1  1.53 0.69
  403 F     1  -1  -3  -3  -2  -1  -2  -1   0   0   1   0   1   3  -2  -1  -1   4   3   0   15   3   1   0   1   2   1   6   2   6  11   6   3  14   1   4   2   6  10   7  0.20 0.19
  404 V     0  -5  -5  -6   0  -3  -4  -4  -5   4   3  -4   0   0  -4  -4  -2  -1  -3   4    9   0   0   0   2   1   1   1   0  25  27   1   2   3   0   1   1   1   0  25  0.68 0.40
  405 S     4  -3   0  -3  -2  -1  -3   0  -1   1  -2  -1  -1  -3  -3   2  -1  -3  -4   0   39   0   5   0   1   3   1   6   1   9   3   3   1   1   1  16   3   0   0   7  0.43 0.36
  406 D    -4  -1   0   7  -7  -1   0  -2  -1  -4  -4  -2  -3  -5  -4  -2  -2  -7  -4  -4    1   3   4  66   0   2   6   3   2   1   2   2   1   0   1   2   2   0   1   1  1.45 0.71
  407 A     1   1   0  -2   0   0  -1  -1   2   0   0   0   0   0  -2   1   0   0   0   0   17   7   4   1   2   4   2   4   6   6   8   4   3   4   1   9   6   1   2   6  0.05 0.09
  408 A     1   0  -1  -2  -1  -2  -2   0   1   1   0  -1   0   1  -2   0   1  -1   1   0   11   4   2   1   1   1   2   9   4  11   6   3   3   8   1   8  11   1   6   7  0.07 0.11
  409 G    -1  -3  -1  -2  -3  -2  -2   6   2  -3  -3  -2  -2  -3  -3  -1  -2  -1  -3  -3    4   2   3   3   1   2   2  58   5   2   3   2   1   1   1   4   3   1   1   2  0.99 0.46
  410 N    -1  -1   4   1  -3   0  -1   1   1  -2  -3  -2  -2  -2  -2   3   1  -2   0  -3    4   2  19   8   1   4   3   9   3   2   3   2   1   2   2  20   9   0   3   2  0.31 0.23
  411 I    -2  -3  -3  -3  -4  -1  -4  -4   1   4   2  -3   3   1  -3  -3   0   0   1   3    3   1   1   1   0   3   1   1   3  21  16   1   9   4   1   2   6   1   5  18  0.39 0.26
  412 P     1   1   0  -3  -5   4  -2  -1   3  -2  -3   0  -1  -4   3   0  -1  -1  -2  -3   13   7   4   1   0  21   1   4   7   2   2   5   1   1  15   8   3   1   1   2  0.45 0.36
  413 T     0  -1   0  -2  -2  -1  -1  -2   1   1   1  -1   2   1  -2   0   2   2   2   0    9   2   4   1   0   2   3   2   4   7  11   3   5   7   1   8  12   3   7   6  0.11 0.13
  414 A     5  -4  -3  -4  -2  -4  -5   0  -4  -3  -3  -5  -1   0  -2   4  -2  -2   0  -1   39   1   1   1   1   1   0   8   0   1   2   0   1   4   2  27   2   1   3   5  0.80 0.54
  415 E    -4  -5  -1  -6  -5  -4  -2  -3  -3  -2   0  -4   4   6  -5  -3  -4   2   6  -2    2   1   4   0   0   1   3   3   0   2   8   1   8  30   1   2   1   3  27   3  1.18 0.61
  416 L    -1  -5  -5  -7  -1  -6  -6  -4  -2   4   3  -6   1   2  -6  -3  -2   5   0   3    4   1   0   0   1   0   0   1   1  23  28   0   4   7   0   2   2   7   2  16  0.78 0.44
  417 I    -3  -3  -7  -6  -4  -7  -7  -6  -7   5   3  -4   0  -3  -6  -5  -4  -7  -4   5    2   2   0   1   0   0   0   0   0  25  26   1   2   1   0   1   1   0   0  38  1.20 0.62
  418 P    -1  -7  -5  -6  -2  -7  -7  -3  -3  -3  -2  -6   1  -6   8  -3  -2  -8  -5   0    5   0   1   0   1   0   0   3   1   1   5   0   3   0  66   2   3   0   1   6  1.85 0.93
  419 A     3  -5  -5  -6   1  -3  -4  -3  -4   1   3  -4   3   1  -4  -2  -1  -2  -3   2   25   0   0   0   3   1   1   2   0   8  28   1   6   6   1   2   3   1   0  13  0.53 0.37
  420 L     1  -5  -5  -5   0  -5  -5  -2  -5   4   2  -5   1   1   1  -3  -1   0   0   2   10   0   0   0   2   0   0   3   0  19  22   0   4   6   8   1   3   1   3  16  0.46 0.32
  421 C     0  -7  -5  -8  11  -8  -7   1  -8  -3  -2  -8  -5  -1  -6  -2  -3  -7  -5  -3    7   0   0   0  64   0   0   9   0   2   5   0   0   3   0   4   2   0   0   2  2.43 1.03
  422 F    -3  -7  -8  -8  -4  -6  -3  -8  -4  -2  -2  -7  -1   7  -8  -6  -5  -1   8  -4    2   0   0   0   0   0   2   0   0   2   4   0   1  45   0   0   1   1  39   1  2.14 0.95
  423 A     4  -5  -4  -5   0  -5  -5   0  -5   2   2  -5  -1   0  -2  -1  -2  -5  -2   3   31   0   0   0   2   0   0   6   0  10  20   0   1   3   2   4   2   0   1  17  0.52 0.38
  424 V     0  -6  -6  -7  -3  -6  -6  -4  -4   2   0  -6   0   2  -5  -4  -3  -2   6   4    7   0   0   0   1   0   0   2   0  12   9   0   2   8   0   1   1   0  28  28  1.00 0.56
  425 I    -1  -6  -6  -7  -2  -6  -6  -4  -2   6   1  -6   1  -1  -5  -4  -4  -1  -1   4    5   0   0   0   1   0   0   1   1  45  13   0   3   2   0   1   1   1   2  24  1.12 0.58
  426 F     2  -5  -4  -6  -1  -5  -5  -3  -4   0   3  -5   0   5  -6  -3  -1   3   2   0   18   0   1   0   1   0   0   2   0   4  26   0   2  22   0   2   4   4   7   6  0.64 0.42
  427 I     1  -5  -3  -5  -1  -4  -5  -2  -3   2   2  -4   0   4  -3  -2  -1   3   4   1   10   0   1   0   1   0   0   3   0  10  18   0   2  20   1   3   3   4  13   8  0.52 0.35
  428 F    -6  -6  -8  -9  -8  -7  -7  -7  -5  -4  -3  -7  -3   8  -7  -5  -6  -1   8  -4    1   0   0   0   0   0   0   0   0   1   3   0   1  47   0   1   0   1  44   1  2.46 1.06
  429 A     6  -2  -5  -4  -2  -4  -4   3  -4  -4  -4  -3  -2  -4  -3  -1  -4  -4  -1  -3   57   2   0   1   1   1   0  22   0   1   2   2   1   1   1   5   1   0   2   2  1.08 0.65
  430 R    -1   3  -2  -3  -1  -1  -2  -1   0   0   2   1   1   1  -3  -2  -1   3   0   0    5  17   2   0   1   2   2   6   2   6  20   9   3   5   1   2   3   4   4   6  0.15 0.16
  431 F    -2  -1  -5  -6  -3  -3  -4  -4   0   0   0   0   0   5  -5  -2  -2   5   6   0    3   4   0   0   1   1   1   1   2   6   7   6   2  26   0   3   3   7  23   5  0.82 0.45
  432 R     0   5  -1  -2   0  -2  -2   3   0  -4  -3   2  -1  -2  -5  -1  -1  -2  -1  -3    7  30   3   2   2   1   2  21   2   1   2  13   1   2   0   3   3   1   2   1  0.56 0.37
  433 S     0   1   1  -1  -2  -1  -2  -1   2  -2  -2   1  -2  -3  -2   4   1  -3  -1  -2    7   7   5   3   1   2   1   4   5   2   3   9   1   1   1  34   8   0   2   2  0.37 0.32
  434 Q    -3   4   0  -2  -7   3  -1  -4   1  -5  -4   5  -3  -5  -1  -2  -3  -1  -2  -4    2  21   4   2   0  12   3   1   3   1   2  39   0   0   3   3   1   1   1   1  0.89 0.51
  435 T     0   0   2  -2  -4  -1  -1  -3  -1   0  -2   2  -2  -4   1   1   4  -5  -3   0    6   5   8   1   0   2   3   1   2   5   4  11   0   0   7  11  27   0   1   7  0.32 0.28
  436 A     4   0  -2  -3  -3  -2  -1  -1  -1  -1  -2   0   0  -4   0   1  -1   1  -2   1   36   6   1   1   0   1   2   4   1   3   3   7   3   0   3  12   3   2   1   9  0.32 0.27
  437 T    -1   0   2  -2  -4  -2  -2  -2  -1  -2  -2   0  -3  -2  -2   1   5  -5  -1  -1    5   5  10   1   0   1   2   2   2   1   4   6   0   1   1  11  40   0   2   4  0.50 0.36
  438 N    -4   0   6   2  -6   1   0  -1   3  -6  -6   2  -5  -6  -5   1  -1  -6  -5  -6    0   5  43   9   0   5   4   3   7   0   0  12   0   0   0   9   4   0   0   0  0.93 0.46

                      K         Lambda
Standard Ungapped    0.1397     0.3285
Standard Gapped      0.0410     0.2670
PSI Ungapped         0.1397     0.3285
PSI Gapped           0.0410     0.2670
