
Last position-specific scoring matrix computed, weighted observed percentages rounded down, information per position, and relative weight of gapless real matches to pseudocounts
            A   R   N   D   C   Q   E   G   H   I   L   K   M   F   P   S   T   W   Y   V   A   R   N   D   C   Q   E   G   H   I   L   K   M   F   P   S   T   W   Y   V
    1 M    -2  -3  -4  -5  -3  -2  -4  -4  -3   3   1  -3   8  -1  -4  -3  -2  -3  -2   2    0   0   0   0   0   0   0   0   0  16   7   0  67   0   0   0   0   0   0  10  1.06 0.26
    2 S     1  -2   1   1  -2   0  -1   1  -2  -3  -3  -1   0  -3   1   4   2  -4  -3  -2    7   0   4   7   0   3   2   8   0   0   0   0   3   0   7  43  16   0   0   0  0.40 0.15
    3 K    -1   1   2   0  -3   3   0  -2  -1  -3  -2   3  -1  -4   1   2   1  -4  -3  -2    3   8  10   2   0  17   0   0   0   0   2  21   2   0   5  20   9   0   0   1  0.33 0.14
    4 D     0   1   2   2  -3  -1   1  -1   0  -1  -3   1  -2  -3  -1   2   1  -3   0  -2    5   8  11  14   0   0   6   3   1   4   0   9   0   0   2  23   8   0   4   1  0.21 0.10
    5 V     1   2  -1  -2  -2   1  -1  -1  -2   1   0  -1   0   1  -3  -1   0  -3  -1   1   12  16   3   0   0   8   1   5   0  10   7   0   2   9   0   2   8   0   0  15  0.09 0.09
    6 S     1  -2  -1  -2  -1  -1  -1  -2  -3  -2  -2  -1  -1  -2   0   4   4  -1  -3  -2   13   1   1   1   1   2   2   0   0   2   4   3   1   1   4  37  28   1   0   1  0.44 0.22
    7 S     0   2   0  -1  -3  -1  -1  -3   0  -3  -2   1  -2   2   2   3   2  -3  -1  -3    7  16   2   2   0   0   2   0   2   1   2   9   0  12   8  26  12   0   1   0  0.28 0.17
    8 T     0  -1  -1   0  -3   0  -2  -1  -3  -2  -2  -2  -2  -4  -3   3   5  -4  -3  -1    6   2   1   5   0   5   1   2   0   1   2   1   0   0   0  31  40   0   0   4  0.57 0.26
    9 I    -1  -1  -3  -3  -3  -1  -2  -4  -4   0   1  -2   7   0   0   0   2  -4  -3   0    4   3   1   1   0   2   1   0   0   3  12   1  38   3   4   6  16   0   0   5  0.59 0.31
   10 T     1  -1  -1  -2  -1  -1   1  -2   1  -1  -1  -2  -2  -2  -2   1   4  -4  -2   0   12   3   2   1   1   1  10   2   4   2   7   1   0   1   1  10  36   0   0   5  0.31 0.22
   11 T     2  -1  -2   1   1   0   0  -1   1  -2  -1  -1  -2  -3  -1   1   3  -4  -2  -1   21   2   0   9   4   4   5   3   3   2   5   3   0   0   2  12  22   0   0   3  0.22 0.17
   12 V    -1   1  -2  -1  -1   0  -2  -1   0   0   1  -1   3   2  -1   0   0  -2   0   0    4   8   1   3   1   4   1   5   2   6  11   3  12  13   2  11   5   0   2   7  0.08 0.10
   13 S     2   0  -1  -1  -1   0  -1   0  -2  -3  -2  -2  -2  -3   1   3   2  -3  -3  -2   16   6   2   2   1   4   2   5   0   1   4   0   1   1   5  31  17   0   0   2  0.34 0.24
   14 A     3   0  -2   0  -2  -1  -1   1  -3  -1   0  -1   1  -2  -1   1   0  -4  -3  -1   37   6   1   7   0   1   2  10   0   2   8   2   4   2   2   7   5   0   0   3  0.24 0.19
   15 S     1   1   0  -2  -3   0  -1   0  -1  -1  -1  -1   1  -1  -1   2   2  -3   2   0   11   7   4   0   0   4   2   5   1   2   4   2   4   2   2  22  13   0   8   5  0.15 0.15
   16 P     0  -1  -4  -3  -3  -1  -2  -2  -3  -3  -2  -3  -4  -2   7   0   0  -5   0  -2    8   3   0   1   1   2   2   3   0   1   4   1   0   2  52   6   7   0   4   3  1.06 0.40
   17 D     1   0   0   1  -2   0   0  -1   1   0  -1  -1  -1   0   0   1   1  -3  -2   0   15   5   4  10   0   3   4   2   4   6   5   2   1   4   5  14  11   0   1   5  0.10 0.10
   18 G     1   0  -1   0  -3   1  -1   2   1  -2  -2   0  -2  -2   1   1   2  -2  -2  -2   12   4   2   4   0   6   2  18   4   2   5   4   0   2   6  13  15   0   0   2  0.19 0.15
   19 T     0   0  -2  -1  -2   0   2  -1  -2  -2  -2  -2  -1  -4  -1   3   4   0  -3  -1    7   4   0   2   1   4  14   3   1   1   3   0   1   0   2  23  25   1   0   5  0.37 0.27
   20 L     0   0  -3  -4  -3   0  -3  -3  -3  -1   2  -1   7  -1  -1  -1   0  -3  -2   0    6   5   1   1   0   4   1   1   0   2  20   3  35   2   4   4   4   0   1   5  0.67 0.38
   21 N     0  -1   3   1  -4  -1  -1  -1   1  -4  -4  -1  -3  -4  -1   4   3  -5  -4  -3    7   4  14   6   0   3   2   3   4   0   1   2   0   0   3  31  18   0   0   1  0.52 0.34
   22 L     2  -1  -2  -1  -3   0  -1  -2  -1   0   1  -2   6  -3  -2   0   0  -2  -3  -1   16   3   2   3   0   4   4   2   1   5  13   2  25   0   1   7   7   1   1   3  0.37 0.29
   23 P     1  -2  -1  -2  -5   0  -1  -3  -1  -3  -4  -2  -2  -4   6   1   2  -5  -2  -2   10   2   2   2   0   5   3   2   1   2   1   2   1   1  39  11  13   0   1   2  0.82 0.44
   24 A     3  -1  -1   0  -2   0  -1  -1   0  -2  -2   0  -2  -3   0   2   2  -5  -3  -1   30   3   2   5   1   3   4   3   2   1   4   4   0   1   3  16  12   0   0   4  0.29 0.25
   25 A     2  -1  -1  -2  -3   1  -1   1   0  -1   0  -1  -2  -1   0   1   1  -4  -1  -1   21   3   1   2   0   7   3  10   2   3   9   2   1   2   4  13  11   0   2   4  0.14 0.16
   26 A     3  -1  -2  -1  -3   2  -1  -1   0  -3  -3  -1  -2  -4   0   4   2  -5  -3  -3   21   4   1   3   0   8   4   4   2   1   2   2   1   0   5  28  12   0   1   1  0.43 0.34
   27 P     0  -1   5   0  -4  -1  -2   1  -2  -5  -4   0  -4  -4   3   1   0  -5  -4  -3    7   3  26   6   0   3   2  10   1   0   2   5   0   0  15  12   6   0   0   2  0.54 0.35
   28 L    -3  -5  -7  -6  -6  -4  -6  -7  -6   2   5  -6   6   0  -3  -5  -4  -5  -4  -1    2   1   0   0   0   1   0   0   0  10  58   0  15   4   2   1   1   0   0   4  1.35 0.63
   29 S     0   4  -1  -3  -3   1  -1  -4   1  -5  -4   3  -3  -5   0   1   1  -6  -4  -4    8  25   2   1   0   7   3   1   3   0   2  19   0   0   5  12   9   0   0   1  0.59 0.40
   30 I    -3  -7  -8  -8   0  -8  -8  -9  -8   7  -3  -8  -4  -6  -6  -6  -2  -8  -7   5    2   0   0   0   2   0   0   0   0  56   2   0   0   0   1   0   2   0   0  33  2.02 0.87
   31 A    -5  -4   7   6  -6  -2  -4  -7  -3  -8  -9  -4  -8  -9  -7   0  -5 -10  -8  -7    1   1  51  34   0   2   1   0   1   0   0   1   0   0   0   7   0   0   0   0  2.09 0.97
   32 S     2  -1  -4  -4  -4   1  -1   4  -3  -2  -2  -1  -2  -4   2   1  -1  -5  -5  -4   18   4   0   1   0   6   5  28   1   3   4   4   1   1   9  10   3   0   0   1  0.46 0.35
   33 G     1  -2   0   4  -7   2   4  -1  -3  -6  -6   0  -6  -7  -2   0  -2  -8  -6  -5   13   2   4  25   0   8  24   5   1   0   0   6   0   0   2   6   3   0   0   1  0.74 0.48
   34 R    -5   9  -6  -7  -5  -4  -7  -7  -5  -9  -7  -4  -8  -7  -8  -5  -6  -6  -7  -7    1  93   0   0   0   1   0   0   0   0   1   0   0   0   0   1   1   0   0   0  3.17 1.33
   35 L    -6  -7  -8  -9  -7  -6  -8  -9  -7   1   6  -7   1   1  -8  -7  -5  -7  -4  -1    1   0   0   0   0   0   0   0   0   8  76   0   3   6   0   0   1   0   0   4  1.87 0.84
   36 N    -1   1   1  -4  -5   1  -1  -4  -1  -2   1   0   3  -4  -6  -3  -4  10  -2  -3    6   6   6   1   0   6   5   2   2   2  13   5   6   1   0   2   1  32   1   2  1.17 0.59
   37 Q     1   2   1   3  -5   4   2  -2  -1  -6  -5   1  -5  -6  -5   1  -2  -5  -5  -5   12  10   6  17   0  17  12   4   2   0   1   8   0   0   0   9   2   0   0   0  0.60 0.41
   38 T    -2   4  -1   4  -4  -1  -1  -5   1  -6  -5  -2  -2  -5  -5   3   3  -3  -4  -5    3  22   3  18   0   2   4   1   3   0   1   2   1   1   0  21  15   0   1   0  0.78 0.49
   39 I    -4  -4  -6  -6  -4  -6  -6  -7  -1   5   5  -6   0  -1  -6  -6  -5  -3  -5  -1    1   1   0   1   0   0   1   0   2  30  52   0   2   2   0   0   1   1   0   4  1.45 0.65
   40 L    -1  -1  -2   0  -3   0   1  -4   6  -1   0  -2   7   0  -3  -3  -2  -3  -2  -2    6   3   2   6   0   5   8   2  16   3   9   2  24   3   1   2   3   0   1   3  0.67 0.34
   41 E    -1  -1  -3   3  -5   1   6  -4   2  -5  -5  -1  -4  -4  -4  -1  -2  -5  -3  -4    5   4   1  13   0   6  48   1   4   1   1   4   0   1   1   4   3   0   1   1  1.05 0.53
   42 T     0   0  -2  -3  -3  -1  -2  -3  -2  -1   3  -2   5  -2  -4  -2   3   0  -3  -2    8   5   2   2   0   3   2   2   1   3  23   3  15   2   1   3  20   1   1   3  0.49 0.30
   43 G     2  -1  -1  -2   1  -1  -2   0  -2  -1   2  -2   1   1  -2   0  -1  -1  -1  -1   16   4   4   2   3   2   3   8   1   4  19   2   4   7   2   8   3   1   2   4  0.11 0.09
   44 S     5  -1  -1  -1   4  -2  -1  -2  -3  -4  -4   0  -3  -4  -3   2  -1  -4  -4  -3   39   3   2   4   7   2   4   3   0   1   2   7   0   1   1  17   4   0   1   1  0.66 0.37
   45 Q    -1   2  -2   0  -3   3   2  -3  -1   2  -1   1   0  -3  -3  -1   1  -1  -3  -2    6  10   2   6   1  15  14   2   1  11   5   8   2   1   1   4   7   1   1   3  0.24 0.18
   46 F    -3  -4  -4  -4  -1  -4  -4   1  -3   4   0  -4  -2   5  -4  -4  -3   6   0  -2    2   1   1   1   1   1   1   9   1  24  10   1   1  24   1   2   2  11   3   3  0.89 0.38
   47 G     0  -1  -1   0  -3  -2  -1   6  -1  -4  -4  -2  -3  -4   1  -1  -2  -4  -4  -3    7   3   3   6   1   2   4  50   2   1   2   2   1   1   6   4   2   0   1   2  0.85 0.38
   48 G     4   0  -2  -1  -3  -1   0   2  -1  -3  -3   1  -2  -3  -2  -1  -1   0  -3  -2   35   5   2   4   1   3   6  13   1   1   3   8   1   1   2   4   4   1   1   2  0.40 0.23
   49 V     0  -2  -2  -2  -2  -2  -2  -1  -2   3   3  -2   0  -1  -2  -2   1  -2  -2   1    6   2   2   2   1   2   2   5   1  15  30   3   2   2   2   3   9   1   1   9  0.30 0.15
   50 A     4  -1   0  -1  -2  -1  -1   1   1  -2  -2  -1  -2  -2  -1   1  -1  -2  -2  -2   31   3   4   3   1   2   5  12   4   3   5   3   1   2   3  11   3   1   2   3  0.30 0.16
   51 R     0   3  -1   0  -2   1   0   0   0  -2  -2   1  -1  -2   1   0   0  -2  -1  -1    7  19   3   5   1   6   7   7   2   3   5   9   1   2   8   5   5   1   2   4  0.17 0.08
   52 W    -1  -1  -1  -1  -1  -1  -1  -1  -1   3   0  -1  -1   3   0  -1  -1   3   2   1    5   3   3   3   1   3   4   5   2  17   7   3   1  12   4   4   4   5   7   8  0.16 0.07
   53 G    -1  -1  -1  -1  -1  -1  -1   5  -2  -2  -2  -1  -2  -1  -1   0   0  -1  -1  -2    5   3   3   3   1   2   4  39   1   3   5   3   1   3   4   7   5   1   2   4  0.45 0.14
   54 Q     1   2   0   1  -1   0   0  -1  -1  -1  -1   0  -1   0   0   0   0  -1   0  -1   16  11   3   8   1   3   7   4   1   3   6   5   2   3   4   7   5   1   3   4  0.07 0.05
   55 E     0   0   1   3  -1   0   0   0   1  -1  -1  -1  -1  -2   0   1   1  -2  -1  -1    9   4   6  15   1   3   6   6   3   3   5   4   1   2   4  11  10   1   2   4  0.12 0.08
   56 S     0  -1  -1   0  -3  -1   1   0  -2  -3  -3  -2  -3  -3   4   1   4  -3  -3  -2    8   4   3   6   1   2   8   6   1   2   3   2   1   1  18   8  23   0   1   2  0.41 0.25
   57 H    -1  -1  -1   1  -3  -1   2   0   0  -3  -3  -1  -2  -3   4  -1   1  -3  -3  -1    6   4   3   9   1   3  15   8   3   2   3   3   1   1  19   4  10   0   1   4  0.32 0.21
   58 E     0   0   1   3  -3  -1   2   2  -1  -3  -3   1  -3  -4   0   0   0  -4  -3  -3    7   5   8  15   1   3  15  14   1   1   2   9   1   1   4   6   6   0   1   2  0.29 0.19
   59 F    -3   0   0  -2  -5  -2  -3   6  -1  -5  -5  -1  -4  -4   0  -3   1  -3  -5  -4    2   5   4   2   0   2   2  56   2   1   1   4   0   1   4   1  10   0   0   1  1.14 0.58
   60 G    -3  -5  -6  -7  -6  -4  -5   7  -7  -8  -7  -6  -7  -7  -3  -3  -5  -7  -8  -7    2   1   0   0   0   1   1  87   0   0   1   0   0   0   2   2   1   0   0   0  2.45 1.04
   61 M    -4  -1   0  -7   2  -6  -6  -7  -5   2   1  -6   4  -3  -6  -2  -2   1   2   5    1   3   5   0   4   0   0   0   0  11  10   0  10   1   0   3   3   2   7  38  0.91 0.50
   62 R    -1   1   3   0   4  -2  -3  -5   1  -5  -5  -3  -4  -3  -6   1   5  -3  -1  -3    4   8  15   6   9   2   2   1   3   0   1   2   0   1   0   9  33   0   2   2  0.80 0.51
   63 R    -7   9  -6  -9  -7  -6  -7  -9  -8 -10  -9  -5  -8 -10  -9  -8  -8 -10  -8  -5    0  97   0   0   0   0   0   0   0   0   0   0   0   0   0   0   0   0   0   1  3.49 1.44
   64 L    -4   0  -7  -6  -5   3  -4  -6  -1   0   5  -5  -1   1   1  -5  -2  -5  -1   1    1   5   0   0   0  13   1   1   1   4  46   0   2   5   8   1   2   0   2   8  0.83 0.50
   65 A     5  -7  -6  -7   1  -6  -6  -1  -4  -6  -1  -6  -5  -2  -2   1   2  -4   1  -2   50   0   0   0   2   0   0   4   0   0   7   0   0   2   2  10  13   0   5   3  1.02 0.62
   66 G    -1  -8  -8  -9  -2  -7  -8  -2  -4  -5   5  -8  -3   5  -8  -7  -7   4   5  -4    5   0   0   0   1   0   0   4   0   0  48   0   1  19   0   0   0   5  15   1  1.46 0.72
   67 T    -5  -7  -2  -1  -5  -6  -6  -3  -8  -7  -8  -6  -7  -9  -7   6   6  -9  -8  -7    0   0   2   4   0   0   0   2   0   0   0   0   0   0   0  46  43   0   0   0  1.91 1.00
   68 A     0  -2  -2   5  -7  -1   3  -3  -2  -5  -6   0  -5  -7   4  -2  -3  -8  -6  -5    9   3   2  32   0   3  16   2   1   1   1   7   0   0  19   2   2   0   0   1  0.96 0.57
   69 L     3  -4  -2   1  -5  -1   5  -3  -3  -5  -1  -3  -4  -6  -1  -2  -2  -5  -4  -3   25   1   2   6   0   3  39   2   1   1   7   1   0   0   4   3   3   0   1   2  0.85 0.55
   70 D    -5  -8  -2   7 -10  -6   2  -8   4  -9  -8  -7  -5  -1  -8  -6  -7   5  -1  -9    1   0   2  64   0   0  11   0   8   0   0   0   0   3   0   0   0   7   3   0  2.15 1.00
   71 G     1   4  -3  -4  -3  -1  -2   0  -2   1   1   3   0  -3  -5  -3  -3   0  -5  -1   12  21   1   1   0   3   2   7   1   7  14  18   3   1   0   1   1   1   0   5  0.42 0.31
   72 A     3   2  -3   0  -5   4   4  -3  -2  -4  -2   0  -3  -7  -6  -2  -2  -7  -6  -5   22   9   1   5   0  18  23   2   1   1   5   6   1   0   0   3   2   0   0   1  0.69 0.48
   73 M     6  -8  -6  -8   1  -3  -7   3  -7  -4  -3  -7   0  -6  -7  -2  -3  -8  -8   2   52   0   0   0   3   1   0  22   0   1   3   0   2   0   0   2   2   0   0  11  1.30 0.71
   74 R    -3   8  -1  -7  -6   1  -6  -8   1  -5  -4  -1  -6  -7  -9  -6  -5  -2  -7  -3    2  74   3   0   0   6   0   0   3   1   2   3   0   0   0   0   1   1   0   2  2.25 1.04
   75 D     2   2   0   5  -6   1   3  -4   1  -6  -4   0  -5  -7  -6  -3  -2  -7  -6  -5   15  12   5  30   0   6  15   1   3   0   2   5   0   0   0   2   2   0   0   1  0.81 0.50
   76 W    -2  -1  -8  -8  -5   0  -3  -7  -1  -4   3  -4  -3  -1  -8  -7  -3  10   4  -4    4   4   0   0   0   5   2   0   2   1  28   1   1   3   0   0   2  34  12   2  1.72 0.82
   77 F    -4  -8  -9  -9  -5  -8  -8  -9  -8   1   4  -8  -1   7  -9  -7  -4  -6  -3   3    2   0   0   0   0   0   0   0   0   6  32   0   1  37   0   0   1   0   1  18  1.60 0.73
   78 T     2   2  -5  -4   0   0  -1  -2  -4   2  -1   2   1  -5  -5  -2   0  -6  -5   2   19  10   0   0   2   5   3   2   0  12   4  12   3   0   0   3   6   0   0  17  0.39 0.30
   79 N     1   1  -1   2  -5   2   3   1  -2  -5  -5   1  -3  -6  -5   1  -1  -5  -5  -5   13   8   3  11   0   8  17  12   1   0   1   8   1   0   0  11   4   0   0   0  0.45 0.35
   80 E    -3   2  -7  -6  -2   2   2  -8  -4  -4   0  -1  -3  -3  -8  -6  -2  10  -1  -6    3  11   0   0   1   9  12   0   0   1  10   4   1   1   0   1   3  39   2   1  1.78 0.86
   81 C     2  -8  -8  -9   6  -7  -8  -4  -7  -1   1  -7   8   1  -8  -5  -1  -6  -5  -1   18   0   0   0  15   0   0   2   0   3  11   0  37   6   0   1   4   0   0   3  1.62 0.79
   82 E     0   4  -3  -2  -5   2   4  -3  -1  -4  -3   3  -4  -6  -6  -2  -1  -5  -5  -4    8  19   1   2   0   8  27   2   1   1   3  16   0   0   0   2   5   0   0   1  0.73 0.48
   83 S     3  -1  -2   3  -6   1   4  -3  -4  -7  -5   1  -5  -7  -4   0  -3  -8  -6  -5   24   4   2  13   0   7  29   2   0   0   1   8   0   0   1   7   1   0   0   1  0.80 0.52
   84 L     5   2  -4  -5  -3  -4  -2  -5  -1   0   3  -5  -1  -4  -6  -2  -4  -5  -2  -3   44   9   1   1   1   0   3   0   1   5  25   1   1   1   0   2   1   0   2   2  0.90 0.55
   85 G    -6  -6  -2  -1  -8  -6  -5   8  -4 -10 -10  -5  -9 -10  -7  -5  -7  -7 -10  -8    0   1   2   3   0   0   1  89   0   0   0   1   0   0   0   1   0   0   0   0  2.63 1.13
   86 C    -2  -7  -9  -8   7  -8  -8  -6  -8  -4   5  -8   6   2  -9  -7  -7  -3  -2  -4    4   0   0   0  17   0   0   1   0   1  52   0  16   7   0   0   0   0   1   1  1.74 0.81
   87 K     0   0  -2   2  -5   0   3  -4   0  -4  -5   1  -4  -6  -4   2   4  -7  -5  -3    9   5   2  11   0   4  19   1   2   1   1   7   0   0   1  13  21   0   0   2  0.57 0.42
   88 V    -1  -7  -7  -8  -2  -6  -7  -7  -2   2  -1  -7   1  -5   0  -5   2  -3   0   6    5   0   0   0   1   0   0   0   1   9   5   0   4   0   4   1  11   0   3  55  1.32 0.67
   89 K    -2   5  -3  -4  -4  -1   1  -1   3  -5  -5   1  -3  -1  -6   1   2   3   0  -3    4  30   1   1   0   2   8   4   7   1   1   8   0   2   0   9  12   4   4   2  0.67 0.44
   90 V    -4  -1  -6  -5  -4   1   1  -6  -3   4  -1  -5   1   1  -6  -4   1  -3   0   4    1   4   0   0   0   6   8   0   1  20   5   0   3   5   0   1   9   0   3  31  0.71 0.42
   91 D    -9  -9  -3   9 -10  -8  -6  -9  -8 -10 -10  -8  -7 -10  -9  -7  -8 -11 -10 -10    0   0   1  97   0   0   0   0   0   0   0   0   0   0   0   0   0   0   0   0  3.54 1.44
   92 K     4   2  -2   1  -4   2   1   1  -2  -6  -6  -1  -5  -4   1  -1  -2  -7  -4  -5   32  10   1   7   0   8  10   9   1   0   0   3   0   1   8   4   3   0   0   1  0.57 0.42
   93 I     3  -7   0  -7   0  -6  -7  -4  -6   4  -1  -7   6   0  -7  -4  -3  -5  -5   3   23   0   5   0   2   0   0   1   0  19   4   0  18   4   0   1   1   0   0  21  1.03 0.56
   94 G     0  -9  -6  -8  -4  -8  -8   8  -9  -9  -9  -8  -8 -10  -8  -6  -7  -9 -10  -9    8   0   0   0   0   0   0  89   0   0   0   0   0   0   0   0   0   0   0   0  2.77 1.17
   95 N    -8  -8   9  -6  -5  -7  -8  -8  -7  -7 -10  -8  -9 -10  -9  -2  -1 -11  -7  -9    0   0  90   0   0   0   0   0   0   0   0   0   0   0   0   3   4   0   0   0  3.30 1.38
   96 M    -5  -6  -8  -8  -6   2  -7  -7  -6   5   4  -7   5  -5  -8  -6  -3  -6  -7   3    0   0   0   0   0   8   0   0   0  28  31   0  13   0   0   0   2   0   0  15  1.31 0.64
   97 F    -5  -3  -9  -9   0  -6  -9  -8  -2   3  -4  -7  -5   8  -9  -5  -5   6   3   0    1   2   0   0   2   0   0   0   1  16   1   0   0  50   0   1   1   9   8   6  1.92 0.84
   98 A     5  -8  -7  -8  -4  -7  -7   6  -8  -1  -3  -7  -1  -2  -7  -5  -6  -8  -7  -3   37   0   0   0   0   0   0  48   0   4   3   0   2   2   0   0   0   0   0   2  1.59 0.79
   99 V    -5   7  -6  -6  -2  -3  -4  -7  -2   1  -1  -1  -3  -5  -7  -4   2   4  -5   0    1  52   0   0   1   1   1   0   1   7   6   4   1   0   0   1  11   6   0   7  1.41 0.72
  100 Y    -3   6  -6  -7  -4  -4  -6  -8  -3  -1   3  -1   0   0  -7  -6  -5   6   3  -3    2  36   0   0   0   1   0   0   1   3  24   4   2   3   0   0   1  11  10   2  1.21 0.63
  101 P     2  -1  -2   0  -5  -1   5  -1  -3  -6  -5   0  -5  -7   4  -2  -2  -7  -5  -3   14   3   2   5   0   3  30   5   1   0   1   5   0   0  22   3   2   0   0   2  0.79 0.50
  102 G    -2  -6  -6  -1  -6  -8  -6   7  -6  -8  -4  -7  -8  -5  -3  -3  -6  -1  -8  -7    3   1   0   4   0   0   1  82   0   0   2   0   0   1   2   2   1   1   0   0  2.26 1.00
  103 K     0   3  -2  -1  -4   0   0  -3  -3  -3  -2   2  -3  -5   0   2   3  -4  -4  -2    8  16   1   3   0   4   7   2   1   1   4  12   1   0   5  12  18   0   1   3  0.39 0.31
  104 N    -1   0   3   5  -4   0   2  -2  -1  -5  -4  -1  -5  -6   0   0  -1  -5  -5  -4    5   5  15  27   0   3  13   3   2   0   2   4   0   0   5   8   4   0   0   1  0.62 0.40
  105 G     1  -2   2   3  -6  -2  -1   1  -4  -7  -7  -2  -5  -7   6  -1  -3  -7  -6  -6   10   3  10  16   0   1   5  10   0   0   1   3   0   0  33   5   2   0   0   1  0.92 0.54
  106 G     3  -2   0   3  -5  -1   0   2  -1  -5  -1  -1  -4  -6  -3   1  -1  -5  -6  -4   25   2   4  15   0   2   6  16   2   0   6   3   0   0   1  11   4   0   0   1  0.47 0.34
  107 K     2  -1  -5  -1  -6  -3  -2  -2  -5  -5   3   1  -4  -6   6  -3  -4  -7  -6  -4   17   4   1   4   0   1   3   3   0   0  23   8   0   0  33   2   1   0   0   1  0.89 0.55
  108 P     2  -4  -7  -6  -2  -7  -6  -5  -5  -5  -7  -6   0  -5   8  -2   0  -4  -1  -2   13   1   0   0   1   0   0   1   0   1   0   0   2   1  62   4   6   0   2   4  1.86 0.93
  109 T    -3  -8  -9  -9  -6  -8  -8  -8  -9   5   2  -8  -3  -3  -6  -7  -1  -8  -6   6    2   0   0   0   0   0   0   0   0  27  15   0   0   1   0   0   4   0   0  48  1.62 0.73
  110 A     2  -7  -7  -8  -4  -6  -7  -1  -6  -1   3  -7   7  -2  -7  -4  -4  -1   1   3   16   0   0   0   0   0   0   4   0   3  28   0  22   2   0   1   1   1   4  18  1.05 0.56
  111 T    -1  -7  -7  -7  -1  -6  -7  -7  -7   4   1  -7   5   0  -6   0   4  -7  -6   2    5   0   0   0   1   0   0   0   0  20  10   0  14   4   0   6  27   0   0  12  0.99 0.55
  112 G    -5  -9  -8  -8  -8  -9  -9   8  -9 -11 -10  -9 -10  -9  -8  -7  -9 -10 -10 -10    1   0   0   0   0   0   0  98   0   0   0   0   0   0   0   0   0   0   0   0  3.18 1.29
  113 S    -6  -8  -7  -8  -8  -8  -8  -6  -8 -10 -10  -8  -9 -10  -8   8  -6 -10  -9  -9    0   0   0   0   0   0   0   0   0   0   0   0   0   0   0  99   0   0   0   0  3.16 1.44
  114 H   -10  -8  -7  -9 -11  -8  -8 -10  12 -11 -11  -9 -10  -9  -6  -9 -10 -10  -6 -11    0   0   0   0   0   0   0   0  99   0   0   0   0   0   1   0   0   0   0   0  4.85 1.77
  115 L    -5  -8  -8  -9  -1  -4  -8  -7  -6   5   5  -6   0  -1  -8  -1  -2  -7  -4  -1    1   0   0   0   2   1   0   0   0  27  51   0   2   3   0   5   3   0   1   4  1.35 0.65
  116 D    -8  -9  -6   9 -11  -8  -6  -9  -9 -11 -11  -8 -11 -11  -9  -8  -9 -12 -11 -11    0   0   0  99   0   0   0   0   0   0   0   0   0   0   0   0   0   0   0   0  3.65 1.49
  117 T    -2  -7  -7  -8  -8  -7  -6  -7  -8  -8  -9  -7  -5  -9  -8   5   7 -10  -9  -8    3   0   0   0   0   0   0   0   0   0   0   0   0   0   0  38  57   0   0   0  2.26 1.13
  118 Q    -7  -8  -8  -9  -8   7  -7  -9  -8  -1  -6  -7  -6  -8  -7  -8  -7  -9  -8   6    0   0   0   0   0  40   0   0   0   3   0   0   0   0   0   0   0   0   0  56  2.43 1.13
  119 P    -2   1  -6  -6  -5  -5  -5  -6  -7  -1  -5  -1  -4  -6   8  -6  -3  -6  -3  -1    3   9   0   0   0   0   1   1   0   4   1   4   1   0  66   1   2   0   1   5  1.96 0.98
  120 E    -2   0   4   2  -1  -1   1  -1   1  -6  -3  -1  -3  -5  -3   0   4  -7  -1  -4    3   4  21  10   1   3   8   5   3   0   3   3   1   0   1   5  24   0   3   1  0.58 0.41
  121 A     2  -9  -7  -8  -9  -8  -9   7  -9 -10 -10  -8  -9  -9  -9  -4  -8  -9  -9  -9   14   0   0   0   0   0   0  83   0   0   0   0   0   0   0   2   0   0   0   0  2.60 1.13
  122 G    -7  -9  -8  -8 -10  -9  -9   8  -9 -11 -10  -9 -10 -10  -9  -8  -9 -10 -10 -10    0   0   0   0   0   0   0  99   0   0   0   0   0   0   0   0   0   0   0   0  3.28 1.35
  123 K     1   6   1  -5  -4  -3  -5  -6   0  -1  -4   4   0  -5  -5  -4  -5   3  -5  -6   10  40   6   1   0   1   0   1   3   5   2  24   2   0   1   1   1   3   0   0  1.21 0.66
  124 Y    -9  -9  -9 -10  -9  -9  -9 -10  -5  -7   0  -9  -7   8 -10  -9  -9  -3   8  -7    0   0   0   0   0   0   0   0   0   0   9   0   0  46   0   0   0   0  44   0  2.80 1.17
  125 D    -9  -9  -6   9 -11  -8  -6  -9  -6 -10 -11  -8 -10 -11  -9  -8  -8 -11 -10 -10    0   0   0  99   0   0   0   0   0   0   0   0   0   0   0   0   0   0   0   0  3.64 1.49
  126 G    -7  -9  -7  -7  -9  -9  -9   8  -9 -10 -10  -8  -9 -10  -9  -7  -8  -9  -9 -10    0   0   0   0   0   0   0  98   0   0   0   0   0   0   0   0   0   0   0   0  3.21 1.32
  127 I     3  -6   0  -4   3  -1  -6  -6  -6   4  -4  -6   1  -5   3  -3   0  -7  -6   3   21   0   5   1   5   3   0   0   0  22   1   0   3   0  15   2   6   0   0  16  0.78 0.48
  128 L    -1  -7  -8  -8  -6  -7  -8  -8  -7  -1   5  -7  -1   1  -8  -6  -5  -4   5   0    6   0   0   0   0   0   0   0   0   3  57   0   1   5   0   1   0   0  18   7  1.48 0.72
  129 G    -7  -9  -6  -8  -9  -8  -8   8  -8  -9  -9  -8  -9  -9  -8  -6  -8  -9  -9  -9    0   0   0   0   0   0   0  97   0   0   0   0   0   0   0   0   0   0   0   0  3.14 1.29
  130 V    -5  -8  -9  -8  -2  -8  -8  -9  -9   1  -5  -8  -5  -7  -8  -3  -2  -9  -8   8    1   0   0   0   1   0   0   0   0   7   1   0   0   0   0   2   2   0   0  85  2.54 1.08
  131 L    -2  -7  -6  -8  -2  -4  -7  -8  -3   3   5  -7   4  -4  -8  -6  -4  -7  -1   3    4   0   0   0   1   1   0   0   1  13  51   0   8   1   0   0   1   0   2  16  1.27 0.64
  132 A     6  -7  -6  -7   1  -6  -7   2  -7  -5  -2  -6  -1  -7  -7   2  -1  -8  -6  -2   54   0   0   0   3   0   0  15   0   1   4   0   1   0   0  15   4   0   0   3  1.29 0.73
  133 G     5  -8  -7  -7  -6  -7  -7   6  -8  -8  -8  -7  -7  -8  -4  -1  -7  -8  -8  -7   44   0   0   0   0   0   0  48   0   0   0   0   0   0   1   4   0   0   0   0  1.91 0.94
  134 L    -4  -8  -8  -9  -3  -8  -8  -8  -7   4   6  -7   1   2  -8  -8  -6  -5  -3  -1    1   0   0   0   1   0   0   0   0  18  63   0   3   7   0   0   0   0   1   5  1.62 0.76
  135 E     1  -5  -7  -4  -6  -4   8  -6  -1  -5  -2  -6  -4  -8  -7  -5  -4  -6  -6  -4   10   1   0   1   0   1  76   1   2   1   4   0   0   0   0   1   1   0   0   2  2.11 1.06
  136 V     4  -8  -8  -8   3  -7  -7  -6  -8   1  -2  -7  -1  -5  -7  -4  -2  -8  -7   6   31   0   0   0   5   0   0   0   0   8   3   0   2   0   0   1   2   0   0  46  1.46 0.75
  137 L     2  -7  -8  -8  -2  -6  -7  -7  -7   3   3  -7   2  -3  -7  -6  -5  -7  -6   4   14   0   0   0   1   0   0   0   0  17  29   0   5   1   0   0   0   0   0  30  1.14 0.59
  138 R     0   7  -3   1  -6   2   2  -6   0  -7  -5   0  -5  -5  -7  -3  -4  -5  -5  -7    7  48   1   7   0   9  14   1   2   0   1   6   0   1   0   2   1   0   0   0  1.29 0.71
  139 T     3   1  -5  -4  -1  -2  -1  -5  -1  -3  -2  -5  -2  -5  -6   1   5  -3   0   1   25   7   0   1   1   2   3   1   1   2   3   0   1   0   0  10  31   1   3   8  0.72 0.51
  140 F    -4  -7  -9  -9  -5  -8  -8  -8  -7   2   6  -8   4   1  -9  -6  -6   2  -4  -2    2   0   0   0   0   0   0   0   0  10  67   0   9   5   0   1   0   2   1   3  1.70 0.81
  141 K     0   3   4   0  -4   2  -1  -5   5  -3  -4   3  -4  -5  -6  -2  -3  -7  -3  -2    7  16  20   4   0   8   4   1  11   2   2  16   0   0   0   2   1   0   1   4  0.72 0.46
  142 D     1   0  -4   5  -8   0   6  -5  -3  -8  -7  -2  -6  -8  -6  -3  -4  -7  -7  -7   11   5   0  30   0   3  41   1   1   0   0   2   0   0   0   2   1   0   0   0  1.41 0.78
  143 N     3   2   3  -2  -3   2   0  -3   3  -5  -1  -1  -2  -5  -5   1  -1  -6  -3  -4   23   9  15   2   0  10   6   2   7   0   6   3   1   1   0   8   4   0   1   1  0.50 0.39
  144 N    -3  -3   3   1  -5  -1  -3   6  -1  -8  -7  -1  -6  -3  -5  -3  -6  -2   0  -7    3   2  12   7   0   3   2  55   2   0   0   5   0   1   1   2   0   1   3   0  1.29 0.69
  145 Y    -2  -1  -6  -5  -4  -3  -3   0   0   5   0  -3  -2   2  -5  -5  -2  -3   2   3    4   3   0   0   0   1   2   8   2  33   8   1   1   7   1   1   2   0   7  16  0.69 0.40
  146 V    -1   3  -4  -2  -5   3   3  -5  -3  -2  -4   2  -3  -6   1  -1   2  -6  -6   1    6  17   0   2   0  11  17   1   1   2   1  11   1   0   6   4  11   0   0   9  0.52 0.40
  147 P    -4  -6  -4  -7  -5  -6  -7  -7   2  -5   2  -7  -3  -1   5  -3   5  -6  -6  -5    2   0   1   0   0   0   0   0   4   1  17   0   1   2  31   2  37   0   0   1  1.42 0.81
  148 N    -1   4   0   1  -6   0   3  -4   0  -5  -2   3  -4  -5   2  -2  -2  -5  -1  -3    6  21   5   7   0   3  16   1   2   1   4  14   0   0   9   3   3   0   2   2  0.49 0.36
  149 Y     0   5  -3  -6   1  -3  -6  -3   7  -4  -4   0  -3   2  -7  -4  -4  -4   2  -3    9  33   1   0   3   1   0   3  22   1   2   5   1   8   0   1   1   0   7   3  1.18 0.63
  150 D     0  -8   1   0  -9  -7  -6  -4  -2  -8  -9  -7  -9 -10   8   1  -1 -10  -9  -9    9   0   6   6   0   0   0   2   1   0   0   0   0   0  61   9   4   0   0   0  1.94 1.02
  151 V    -7  -9  -9  -9  -6  -8  -9 -10  -9   6   4  -8  -2   0  -8  -8  -5  -6  -2   3    0   0   0   0   0   0   0   0   0  41  34   0   1   4   0   0   0   0   1  17  1.67 0.78
  152 C     2  -4  -6  -1  -1  -3   6   0  -5  -3  -6  -4  -3  -8  -7  -2  -1  -4  -7   1   14   1   0   4   2   1  51   8   0   1   1   1   1   0   0   3   4   0   0   9  1.16 0.71
  153 V    -1  -9  -9  -9  -3  -8  -9  -8  -9   3   1  -8  -1  -2  -9  -7  -5  -9  -7   7    5   0   0   0   1   0   0   0   0  15  14   0   2   2   0   0   1   0   0  62  1.81 0.86
  154 V     1  -8  -8  -9  -4  -8  -8  -4  -8   4  -2  -8   0  -5  -8  -6  -1  -8  -4   6   11   0   0   0   0   0   0   1   0  20   3   0   2   0   0   1   4   0   1  56  1.62 0.79
  155 V     3  -6   5   1   1  -6  -6  -1  -5   1  -5  -6   0  -1  -7   1  -5  -6  -6   2   22   0  25   7   3   0   0   5   0   7   1   0   2   3   0  12   0   0   0  14  0.78 0.52
  156 W    -9 -10 -10 -11  -6 -10 -10 -10  -9  -5  -3 -10  -1   8 -10  -9  -4  11  -3  -8    0   0   0   0   0   0   0   0   0   1   3   0   2  50   0   0   1  41   1   0  3.35 1.38
  157 F     1  -4  -4  -7   3  -1  -5  -1  -7  -4  -3  -5   1  -1  -5   0   6  -7  -6  -2   11   1   1   0   5   3   0   6   0   1   3   0   3   3   1   7  51   0   0   3  1.17 0.70
  158 N    -1  -7   7   4   1  -6   2  -4  -5  -8  -9  -6  -7  -9  -8  -2  -5  -9  -8  -9    5   0  49  23   2   0  13   2   0   0   0   0   0   0   0   4   0   0   0   0  1.81 0.92
  159 E    -7  -8  -8  -5 -10  -5   8  -9  -8 -10 -10  -6  -9 -10  -8  -8  -8 -10  -9 -10    0   0   0   0   0   0  98   0   0   0   0   0   0   0   0   0   0   0   0   0  3.33 1.51
  160 E    -7  -8  -8  -6 -10  -5   8  -9  -8 -10 -10  -7  -9 -10  -8  -8  -8 -10  -9 -10    0   0   0   0   0   0  98   0   0   0   0   0   0   0   0   0   0   0   0   0  3.35 1.52
  161 G    -5  -9  -5  -7  -7  -8  -7   7  -8  -9  -9  -8  -8  -9   0  -1  -7  -9  -9  -5    1   0   1   0   0   0   0  85   0   0   0   0   0   0   6   5   0   0   0   1  2.51 1.14
  162 A     4  -5  -2  -5   2  -4  -5  -2  -5  -4  -5  -5  -4  -5  -5   4   2  -4  -5   0   32   0   2   0   4   1   1   4   0   1   1   0   0   1   0  32  13   0   0   7  0.98 0.59
  163 R    -6   9  -5  -4  -7  -5  -3  -7  -4  -5  -5  -4  -7  -8  -4  -6  -5  -4  -6  -6    1  87   1   1   0   0   2   0   0   1   2   1   0   0   1   1   1   0   0   1  2.84 1.24
  164 F    -8  -8  -8  -8  -7  -8  -8  -8  -6  -6  -6  -8  -6  10  -8  -8  -7  -2   2  -6    0   0   0   0   0   0   0   0   0   0   1   0   0  87   0   0   0   1   7   1  3.42 1.34
  165 A     2  -3   0  -3  -4   1  -2   4   0  -6  -5  -2  -5  -3   4   0  -1  -6  -5  -3   17   1   5   1   0   6   2  29   2   0   1   2   0   1  19   6   3   0   0   2  0.70 0.46
  166 R    -2  -2  -2  -3  -4  -3  -4  -2  -3   1  -1  -1   0  -1   6  -1   0  -6  -1   1    4   2   2   2   0   1   1   4   1   7   7   4   2   3  39   4   5   0   2  10  0.78 0.47
  167 S     3  -6  -3   0  -2  -5  -6   3  -5  -4  -6  -5  -3  -6   1   3   1  -4  -6  -2   25   0   1   6   1   0   0  24   0   1   0   0   1   0   7  21   9   0   0   3  0.79 0.53
  168 C    -3  -7  -7  -9   6  -6  -8  -8  -7  -3   3  -8   9   1  -7  -6   1  -8  -1  -2    2   0   0   0  15   0   0   0   0   1  21   0  38   5   0   0  10   0   3   3  1.80 0.88
  169 T    -3  -7  -6  -8  -1  -4  -7  -6  -5   2   3  -7   7   1  -7  -3   0   4  -5   2    2   0   0   0   1   1   0   1   0   9  29   0  25   6   0   3   5   5   0  12  1.14 0.60
  170 G     1  -9  -7  -8   0  -8  -7   7  -9 -10 -10  -8  -9 -10  -9   0  -4 -10 -10  -8    9   0   0   0   2   0   0  79   0   0   0   0   0   0   0   8   1   0   0   0  2.34 1.09
  171 S    -4  -9  -7  -8  -3  -8  -8  -7  -9 -10 -10  -8  -9 -10  -6   8  -5 -11  -9  -5    2   0   0   0   1   0   0   0   0   0   0   0   0   0   0  96   0   0   0   1  3.01 1.46
  172 S     0   5  -5  -5  -4  -1  -3   4  -3  -7  -2   1  -1  -7  -7   1  -4  -6  -6  -6    8  30   0   0   0   3   1  28   1   0   5   9   2   0   0  11   1   0   0   0  0.93 0.58
  173 V     4  -8  -1  -8  -3  -7  -7   0  -5  -1   0  -7  -3  -5  -7  -3  -3  -3  -4   6   29   0   3   0   1   0   0   7   0   3   8   0   0   0   0   2   2   1   1  43  1.17 0.66
  174 W    -1  -8  -8  -8  -6  -8  -8  -8  -2   2   1  -8   5   5  -8  -5  -4   7   3   1    5   0   0   0   0   0   0   0   1  10  14   0  13  24   0   1   1  14   9   8  1.34 0.67
  175 S     5  -4  -6  -7   2  -5  -6  -4  -7  -2  -4  -6  -2  -6  -7   2   4  -6  -7   1   45   1   0   0   4   1   0   2   0   2   2   0   1   0   0  13  20   0   0   9  1.14 0.69
  176 H    -6  -6  -4  -4  -7  -5  -3   8  -3  -9  -8  -5  -9  -8  -8  -5  -7  -9  -6  -8    0   1   1   1   0   1   2  89   1   0   0   1   0   0   0   1   0   0   0   0  2.64 1.17
  177 D     2   1   0   0  -2   1   0   0   0  -1  -1   2  -1  -3  -3  -1   1  -4  -3   1   15   6   3   4   1   7   6   6   3   3   7  12   2   1   1   4   8   0   0  10  0.13 0.15
  178 L    -1   0  -4  -6  -5  -4  -5  -5   2   2   4  -4   2   4  -5  -3  -2   2   2   0    5   5   1   0   0   1   1   1   4  11  32   1   4  14   0   3   2   3   6   6  0.63 0.36
  179 S    -1  -3   0   4  -5  -3   0  -1  -3  -5  -4  -1  -5  -7   3   3   3  -7  -6  -5    5   2   4  21   0   1   6   4   0   1   2   3   0   0  14  17  18   0   0   1  0.67 0.46
  180 L    -1   0  -4  -2  -4   0   0  -3  -4   0   3   0  -1  -3   3  -3  -2  -3  -3   1    6   4   1   2   0   5   7   2   0   5  31   6   1   1  14   1   2   0   1   8  0.38 0.28
  181 E     1  -3  -1   4  -6   1   5  -2  -3  -5  -5  -1  -4  -5  -4  -1  -2  -6  -5  -5   12   1   2  21   0   6  38   4   1   1   1   3   0   1   1   4   2   0   0   1  0.95 0.54
  182 E    -1   0  -2   3  -4   1   3  -4   1  -4  -4   0  -3   0  -3  -2   0   6   1  -3    6   6   2  17   0   5  19   1   3   1   2   6   0   4   2   3   7   9   4   2  0.50 0.32
  183 A     5  -2  -2  -3  -2  -2  -2  -2  -2   0   0  -2   0  -1  -2  -2  -1   0  -2   0   45   2   2   2   1   2   3   4   1   5  10   3   2   2   3   3   3   1   1   6  0.57 0.28
  184 Y     0   0  -1   1  -2  -1   0  -2   4  -2   0  -1  -2  -1  -1  -1  -2   4   4  -2    7   6   3   9   1   3   6   4   8   2  11   4   1   2   3   5   3   6  13   3  0.23 0.13
  185 G     2   1   1   1  -2   0   0   2   0  -2  -2   0  -1  -2  -1   0  -1  -1  -1  -1   20   7   7   7   1   4   6  13   2   2   4   5   1   1   2   7   4   1   2   3  0.14 0.10
  186 L    -1  -1  -3  -3   1  -2  -2  -3  -2   1   4  -2   3  -1  -2  -1  -1   1  -1   1    5   4   1   2   3   2   2   3   1   6  34   2   8   3   2   4   4   2   2  10  0.35 0.18
  187 M    -1   2  -3  -2  -3   0  -1  -3  -1  -1   3   1   0  -2  -2  -1   1  -2  -3  -1    5  13   1   3   0   4   4   2   1   2  31   7   2   1   2   3  10   1   1   5  0.30 0.22
  188 S     2  -1   0   4  -2   0   2  -1  -1  -3  -3  -1  -2  -3  -2   2   0  -3  -3  -3   17   3   4  19   1   4  12   4   1   1   3   4   1   1   2  14   5   0   1   2  0.36 0.23
  189 V     1   2  -2  -2  -1  -1  -2  -2  -1   2   0   0   0  -1  -2  -1   0  -3   0   2   12  13   2   2   1   3   2   2   2  11   8   5   2   3   2   5   7   0   3  16  0.15 0.12
  190 G     0   2  -1  -2   0   0   0  -1   1  -2  -2   2  -2  -2  -2   0   2  -3  -2   0    8  12   2   2   2   5   6   4   3   2   3  14   1   2   2   6  15   0   1   8  0.21 0.17
  191 E    -3  -5  -1   8  -5  -4  -3   0  -5  -5  -6  -5  -6  -6  -4  -4  -4  -6  -6  -5    2   1   3  75   0   1   2   7   0   1   1   1   0   0   1   2   1   0   0   1  2.19 0.96
  192 D     3   1  -1   1  -4  -1   0   0  -1  -2  -2   1  -3  -3   1   1   0  -4  -3  -3   22   9   3   9   0   3   5   7   1   2   4   9   1   1   8   9   5   0   1   2  0.24 0.22
  193 K     0  -2   2   6  -6   1   2  -2  -1  -5  -5  -1  -5  -5  -4   0  -2  -5  -4  -5    9   2  10  37   0   6  14   3   2   1   1   3   0   1   1   7   3   0   1   1  0.87 0.52
  194 P    -4  -4  -2  -4  -7  -5  -5   7  -5  -6  -7  -6  -7  -5  -2  -5  -4  -6  -7  -7    2   1   2   1   0   1   1  83   0   1   1   1   0   1   2   1   1   0   0   1  2.27 1.02
  195 E    -1  -1  -2  -3  -4  -2   0  -5  -2   4  -1   1   0  -3  -5  -3   1  -6  -2   4    4   4   2   1   0   2   6   1   1  22   6   9   2   1   0   1   9   0   1  27  0.55 0.36
  196 S    -3   2  -3  -4  -4  -5  -5  -4  -5  -5  -4  -1  -5  -6  -1   4   6  -7  -5  -2    3   9   1   1   0   0   1   1   0   1   2   3   0   0   3  28  43   0   0   3  1.23 0.76
  197 V    -4  -3  -7  -9  -6  -4  -8  -8  -7   1   4  -7   4   5  -8  -7  -5  -3  -2   3    1   2   0   0   0   1   0   0   0   7  35   0   8  22   0   0   1   0   1  20  1.26 0.64
  198 Y     3   3  -5  -2  -6  -1   1   4  -2  -4  -3   1  -5  -3  -3  -2  -3  -5   0  -2   21  13   0   2   0   3   8  27   1   1   2   9   0   1   2   3   1   0   3   3  0.54 0.39
  199 D     0  -3  -3   5  -7   3   5  -4  -3  -8  -8  -3  -7  -8  -6   0  -2  -9  -7  -7    8   1   1  29   0  12  34   2   1   0   0   1   0   0   0   7   3   0   0   0  1.25 0.73
  200 S     6  -4  -5  -6  -1  -6   4  -2  -5  -6  -6  -5  -5  -7  -7  -3  -5  -5  -6   0   55   1   1   0   1   0  28   3   0   0   1   0   0   0   0   2   1   0   0   6  1.54 0.86
  201 L    -3  -1  -9  -8  -6  -4  -8  -7  -8   1   6  -7   6  -2  -8  -7  -7  -5  -5  -2    3   3   0   0   0   1   0   0   0   6  64   0  17   2   0   0   0   0   0   2  1.74 0.84
  202 K     2   3  -2   1  -4   1   3  -4  -1  -3  -4   2  -4  -6  -5  -1   0  -6  -5  -2   17  13   2   8   0   7  21   1   2   2   2  13   0   0   0   4   5   0   0   3  0.51 0.39
  203 N     3   6  -1   1  -6   0   1  -2  -2  -6  -5   1  -4  -5  -6   0  -2  -8  -5  -5   20  34   3   7   0   5   9   3   1   0   1   7   0   1   0   6   3   0   0   1  0.84 0.53
  204 I     2  -3  -4  -6   2  -2  -6  -6   1   6   0  -6   0   2  -6  -1  -1  -2  -1   0   14   2   1   0   3   2   0   0   4  39   7   0   2   9   0   4   3   1   2   6  0.84 0.47
  205 G    -2  -4  -3  -2  -7  -5  -5   7  -2  -8  -6  -4  -8  -8  -7  -4  -6  -9  -8  -7    3   1   1   3   0   1   1  84   1   0   1   1   0   0   0   1   0   0   0   0  2.34 1.07
  206 Y    -1  -3  -6  -6   0  -3  -4   0   0  -3   2  -6  -2   4  -6  -4  -5   4   7  -4    5   2   0   1   2   2   1   9   2   1  16   0   1  15   0   1   1   5  34   1  1.14 0.61
  207 I     1   2   0   4  -4  -1  -1  -2  -1  -2   1   0  -1  -3  -3  -1  -2  -6  -4  -1   14  10   5  24   0   2   3   2   2   2  16   6   1   1   1   4   3   0   0   4  0.35 0.28
  208 G    -1  -4  -5  -4  -7  -5  -4   6  -5  -5  -3  -4  -5   0   5  -4  -5   1  -5  -4    4   1   0   1   0   1   1  50   0   1   3   1   0   3  26   1   1   2   0   2  1.42 0.76
  209 D     1  -1  -1   4  -6   0   3  -2  -2  -3  -4  -1  -3  -4   0   1   1  -6  -4  -4   10   3   3  25   0   3  18   4   1   2   2   3   1   1   4  11   7   0   1   1  0.51 0.37
  210 T     1   1  -1   2  -3   0   2  -1   1  -1  -1   0  -1  -2  -2  -1   1  -3  -3   0   14   9   2  10   0   4  13   4   3   3   6   6   2   1   2   5   8   0   1   6  0.13 0.15
  211 P     1  -2  -3   0  -4   0   3  -4  -1   1   0   0  -2  -2   5  -2  -1  -5  -2  -2   10   2   1   5   0   3  16   1   2   7   8   6   1   2  26   3   3   0   1   3  0.48 0.34
  212 A     4  -2   0  -1   4  -2  -2   0  -2  -3  -2  -3  -1  -3   1  -1  -2  -3  -4   2   32   2   5   4   8   2   3   7   1   1   4   2   2   1   7   4   2   0   1  14  0.45 0.33
  213 S     1   3  -2  -1  -3  -1   0   2  -2  -3  -3   0  -3  -3   1   2   0  -4  -3  -2   14  17   2   3   0   3   5  16   1   2   2   4   1   1   6  14   5   0   1   3  0.31 0.26
  214 Y     1   3  -2  -1  -1  -2  -1  -1   1  -1   0  -2  -2   0   0  -1  -2   1   2   0   12  20   2   4   2   1   3   5   4   4  11   1   1   4   6   3   2   2   7   5  0.18 0.17
  215 K     0   4  -1   2  -4   0   0  -2  -2  -3  -1   2  -1  -3   2  -1  -1  -4  -4  -2    8  20   3  11   0   3   7   3   1   2   7  12   1   1   9   4   4   0   0   3  0.31 0.24
  216 E     1   3  -2  -1  -5  -1   1   0  -2  -4  -1   2  -3  -4   4  -2  -2  -4  -4  -3   13  15   2   3   0   3   8   7   1   1   6  10   1   1  21   3   3   0   1   2  0.42 0.31
  217 N     0   0   1   2  -3   0   1   2   2  -3  -3  -1  -2   0   1   0   0  -2  -2  -3    8   5   8  10   0   4   9  15   4   2   3   4   1   5   6   8   5   1   1   1  0.17 0.14
  218 E    -1   2  -1   3  -5   0   2  -3  -1  -5  -5  -1  -4  -5   4   0  -1  -5  -2  -4    5  10   3  18   0   4  13   2   1   1   1   4   0   1  22   8   3   0   1   1  0.61 0.40
  219 I    -1  -6  -6  -5  -4  -5  -5  -6  -4   5   2  -5   3   2  -2  -5  -3   2   1   3    5   0   0   1   0   0   1   1   0  28  17   1   7   9   2   1   2   3   5  18  0.84 0.43
  220 D     3  -1  -3   1  -2  -2  -1   1   5  -3  -2   2  -3  -2  -5   0  -1  -5  -2  -3   21   3   0   9   1   1   3  12  13   1   5  13   0   2   0   8   3   0   1   2  0.43 0.33
  221 A     6  -5  -6  -7   3  -6  -6   1  -4  -5  -5  -6  -4  -5  -7   0  -3  -8  -3  -3   67   1   0   0   6   0   0  10   1   1   1   0   0   1   0   7   2   0   1   2  1.61 0.85
  222 H    -5  -9  -7  -9  -2  -8  -7  -9   5  -7  -5  -9   0   7 -10  -6  -8   1   8  -7    1   0   0   0   1   0   0   0  10   0   1   0   2  41   0   1   0   2  39   0  2.47 1.10
  223 F    -3  -8  -9  -9  -5  -8  -8  -8  -8   3   4  -8  -2   6  -8  -8  -6  -4  -1   4    3   0   0   0   0   0   0   0   0  13  31   0   1  25   0   0   0   0   2  25  1.38 0.68
  224 E    -9  -8  -8  -6 -11  -5   8 -10  -5 -11 -10  -7 -10 -11  -9  -8  -9 -10 -10 -10    0   0   0   0   0   0  99   0   0   0   0   0   0   0   0   0   0   0   0   0  3.43 1.55
  225 L     1  -8  -8  -9  -3  -8  -8  -9  -8   1   6  -8   1  -4  -4  -6  -3  -8  -3   1   10   0   0   0   1   0   0   0   0   7  65   0   4   1   1   0   2   0   1   8  1.50 0.75
  226 H   -10  -8  -8  -9 -11  -8  -8 -10  12 -11  -7  -9 -10  -9 -10  -9 -10 -10  -6 -11    0   0   0   0   0   0   0   0  98   0   1   0   0   0   0   0   0   0   0   0  4.86 1.86
  227 I    -8 -10  -7  -8  -5 -10 -10 -10 -10   9  -5  -9  -5  -7  -8  -9  -7 -10  -8   2    0   0   0   0   0   0   0   0   0  85   0   0   0   0   0   0   0   0   0  13  2.99 1.23
  228 E    -9  -8  -8  -6 -11  -5   8 -10  -8 -11 -10  -7 -10 -11  -9  -8  -9 -10 -10 -10    0   0   0   0   0   0  99   0   0   0   0   0   0   0   0   0   0   0   0   0  3.42 1.55
  229 Q    -9  -7  -8  -9  -8  10  -6  -6  -6 -10  -9  -7  -9 -11  -9  -8  -9 -10 -10 -10    0   0   0   0   0  98   0   1   0   0   0   0   0   0   0   0   0   0   0   0  3.89 1.75
  230 G    -4 -10  -5  -4  -8  -7 -10   8  -4 -11 -11  -9 -10  -9 -10  -4  -8 -10  -8 -11    2   0   1   1   0   0   0  94   0   0   0   0   0   0   0   2   0   0   0   0  2.96 1.30
  231 P    -3   2  -4  -5  -6  -4  -5  -2  -6  -5  -8   0  -5  -8   8  -3  -1 -10  -8  -6    2   9   1   1   0   1   1   3   0   1   0   6   0   0  67   2   4   0   0   1  2.06 1.07
  232 I    -2   0  -5  -4  -2  -3  -3  -4  -2   5  -1  -3  -2  -3  -7  -3  -2  -2  -1   5    4   6   1   1   1   1   2   2   1  27   5   1   1   1   0   2   3   1   2  38  0.94 0.52
  233 L    -9 -10 -11 -11  -9  -8 -10 -11 -10  -5   7 -10  -1  -7 -10 -10  -9  -9  -9  -6    0   0   0   0   0   0   0   0   0   0  98   0   2   0   0   0   0   0   0   0  2.86 1.26
  234 E    -4  -6  -6   2  -8  -2   8  -8  -3  -4  -7  -6  -8  -4  -8  -6  -7  -5  -3  -4    2   0   0  10   0   1  78   0   1   1   1   0   0   1   0   0   0   0   1   2  2.33 1.16
  235 D     3   3   1   2  -5   2   1  -4   0  -4  -3   1  -2  -6  -5   0  -1  -6  -5  -4   21  13   6  11   0   9  10   1   2   1   3   9   1   0   0   8   4   0   0   1  0.46 0.37
  236 E     3   0   0  -2  -5   0   5  -4  -1  -5  -2   0  -2  -7  -6   0  -1  -7  -5  -4   22   4   5   2   0   4  36   1   2   1   4   5   1   0   0   6   5   0   0   1  0.74 0.52
  237 N    -2  -1   3   2  -7   1   0   6   0  -8  -8   0  -7  -8  -6  -3  -6  -7  -8  -8    3   4  12  11   0   6   5  47   2   0   0   6   0   0   0   2   0   0   0   0  1.14 0.64
  238 K    -1   1  -2  -2  -1   0   0  -4  -1   2   2   3  -1  -3  -5  -3   0  -6  -3   1    6   7   2   2   1   4   5   1   2  13  18  20   1   1   0   1   6   0   1   9  0.34 0.27
  239 A     1   0  -3   2  -6   2  -1  -5  -4  -6  -6   0  -5  -8   5   1   2  -8  -7  -3   10   5   1  12   0   9   4   1   0   0   1   5   0   0  29  10  10   0   0   2  0.77 0.54
  240 I    -4  -9 -10 -10  -3  -9 -10  -8 -10   7   1  -9  -4  -4  -9  -9  -6  -6  -8   4    2   0   0   0   1   0   0   0   0  56  11   0   0   1   0   0   0   0   0  29  2.08 0.93
  241 G    -1  -8  -8  -9  -5  -9 -10   8 -10 -11 -11  -9 -10 -11 -10  -7  -9 -10 -11 -11    6   0   0   0   0   0   0  94   0   0   0   0   0   0   0   0   0   0   0   0  3.02 1.33
  242 I     0  -8  -8 -10  -4  -9  -9  -9  -8   5  -2  -9  -5  -6  -6  -7  -5  -1  -6   7    7   0   0   0   0   0   0   0   0  28   4   0   0   0   1   0   1   1   0  57  1.92 0.90
  243 V    -1 -10 -10 -11  -8  -9 -10  -5 -11  -3  -6 -10  -7  -4  -5  -8  -7 -10  -9   8    5   0   0   0   0   0   0   1   0   1   0   0   0   1   1   0   0   0   0  91  2.86 1.27
  244 T    -5  -2  -1   1  -6   0   3  -6  -2  -5  -6  -2  -5  -8  -5   2   6  -8  -6  -5    1   2   2   6   0   5  16   1   1   1   1   3   0   0   0  14  46   0   0   1  1.19 0.74
  245 G     3  -2  -1  -1   0  -5  -5   6   3  -7  -7  -5  -6  -6  -7   1  -2  -8  -6  -6   21   2   3   4   2   0   1  47   6   0   0   1   0   0   0   8   3   0   0   0  1.19 0.66
  246 V     0  -8  -4  -8  -2  -8  -8   0  -5   7  -3  -8  -4  -5  -8  -3  -3  -1  -6   3    7   0   1   0   1   0   0   6   0  58   2   0   0   0   0   2   2   1   0  17  1.66 0.79
  247 Q     2  -5  -2  -7  -1   6  -5  -7  -5  -5  -2  -5  -3  -4  -7  -2  -1   5  -2   3   19   1   2   0   1  33   0   0   0   0   5   0   1   1   0   3   5   8   1  19  1.09 0.68
  248 A     3  -8  -6  -8  -2  -7  -8   7  -5  -9  -9  -7  -6  -7   0  -2  -6  -7  -5  -8   19   0   0   0   1   0   0  69   0   0   0   0   0   0   5   3   0   0   1   0  2.02 0.98
  249 Y     0  -3  -5  -6  -2   3  -5  -6   3   4   0  -3   3  -2   2  -2  -1  -4   1   0    9   1   0   0   1  12   0   0   6  23   9   2   8   2  11   2   4   0   5   6  0.57 0.40
  250 N    -1   5  -1  -3   0  -1  -2  -1   1  -2  -2   1  -3  -2  -6   1   1   0   0  -2    5  29   3   1   2   2   2   6   3   3   4   8   0   2   0  11  10   1   3   3  0.45 0.34
  251 W    -5   6  -2  -3  -1  -2  -5  -4   0  -7  -7   0  -6  -6  -9  -3  -2  10  -2  -5    1  33   2   2   2   2   1   2   2   0   1   5   0   0   0   2   2  40   1   1  2.21 1.05
  252 Q    -3  -5  -6  -7   0  -1  -4  -5   0  -1   2  -6   2   4  -8  -5  -1   6   6  -2    2   1   0   0   2   3   1   1   2   4  21   0   4  18   0   1   4   9  25   2  1.09 0.59
  253 K    -2   4   0   2  -7   1   4  -5  -1  -3  -3   1  -2  -6  -6  -2   1  -4  -3  -3    3  19   4  12   0   7  23   1   2   2   2   7   1   0   0   3  10   0   1   2  0.62 0.43
  254 V    -2  -8  -8  -9   1  -8  -8  -6  -8   5   1  -8  -1   3  -8  -7  -6  -6  -3   6    4   0   0   0   3   0   0   1   0  25  10   0   1  10   0   0   0   0   1  43  1.43 0.69
  255 T    -2   1  -2   0  -2  -2   2  -6   0  -1  -5   0  -4  -6  -6   0   6  -5  -5   1    3   9   2   6   1   2  12   0   2   3   1   5   0   0   0   5  41   0   0   8  0.84 0.56
  256 V    -5  -8  -9  -9  -1  -8  -9  -8  -8   4   2  -8  -1   5  -8  -8  -5  -4  -3   5    1   0   0   0   1   0   0   0   0  21  17   0   1  21   0   0   1   0   1  36  1.48 0.71
  257 H    -2   1  -1  -1  -3   0   2  -4   3   0  -2   2  -3  -3  -4   0   4  -5  -2  -1    3   8   2   3   1   4  12   1   6   4   4  10   0   1   1   5  28   0   1   4  0.46 0.37
  258 G    -6  -9  -8  -9 -10  -9  -9   8  -9 -11 -11  -9 -10 -10  -9  -8  -9 -10 -10 -10    0   0   0   0   0   0   0  99   0   0   0   0   0   0   0   0   0   0   0   0  3.27 1.40
  259 V    -2   3  -3  -2  -5   4   4  -6  -2  -4  -4   1   2   0  -6  -3  -1  -6  -5   0    4  16   1   2   0  17  27   0   1   1   2   7   5   4   0   2   3   0   0   6  0.76 0.51
  260 G     5  -4  -3   1  -4   2   2  -1  -6  -7  -7  -5  -5  -8   0   2   0  -8  -6  -6   44   1   1   7   0   8  11   5   0   0   0   0   0   0   4  12   5   0   0   0  0.93 0.61
  261 A     3  -4   5   3  -1  -3  -4   3  -6  -8  -8  -6  -5  -7  -7   1  -3  -8  -8  -6   22   1  28  13   2   1   1  19   0   0   0   0   0   0   0  10   2   0   0   1  1.08 0.64
  262 H    -9  -8  -6  -9 -10  -5  -8 -10  12 -11 -10  -9  -9  -9 -10  -7  -9 -10  -6 -10    0   0   0   0   0   1   0   0  98   0   0   0   0   0   0   0   0   0   0   0  4.79 1.83
  263 A     7  -8  -8  -8  -4  -7  -8  -6  -8  -7  -8  -7  -8  -9  -7   1   3  -9  -8  -4   75   0   0   0   0   0   0   0   0   0   0   0   0   0   0   8  14   0   0   1  2.12 1.07
  264 G    -7 -10  -4  -8 -10  -6  -8   8  -9 -11 -11  -9 -10 -10  -9  -7  -8 -10 -10 -10    0   0   1   0   0   0   0  97   0   0   0   0   0   0   0   0   0   0   0   0  3.17 1.37
  265 T     1  -8  -2  -8  -6  -7  -8  -2  -6  -8  -8  -7  -8  -9   2   1   7  -9  -8  -7   11   0   2   0   0   0   0   3   0   0   0   0   0   0  10  10  64   0   0   0  1.90 1.03
  266 T    -4  -7  -7  -8  -3  -5  -7  -9  -7  -6  -5  -6  -2  -4  -7  -3   8  -4  -4   1    2   0   0   0   1   0   0   0   0   0   1   0   1   1   0   2  80   0   1   9  2.42 1.20
  267 P    -2  -1  -8  -5  -8  -6  -7  -6  -6  -7  -2  -7  -5  -9   8  -4  -5 -11  -8  -5    4   4   0   1   0   0   0   1   0   0   5   0   0   0  80   2   1   0   0   1  2.62 1.27
  268 W    -8  -3  -8 -10  -9  -6  -7 -10  -7  -2   0  -9  11  -1  -6  -8  -5  -2  -2  -6    0   2   0   0   0   0   0   0   0   2   8   0  79   3   0   0   1   1   1   0  3.40 1.45
  269 R     2   0   2   3  -5  -2   1  -1   3  -4  -5  -1  -5  -5   2   1  -1  -4  -1  -4   17   5   9  13   0   2  10   5   8   1   1   3   0   0  10   9   4   0   2   1  0.40 0.33
  270 L     0   1  -2   3  -4  -1  -1  -2   0  -2   2  -2   6  -2  -6  -3  -4  -1   2  -2    7   7   2  14   0   3   4   4   3   2  21   2  17   2   0   2   1   1   6   2  0.48 0.35
  271 R    -9   9  -8  -9 -11  -6  -8 -10  -6 -11 -10  -6  -9 -11 -10  -8  -9 -11 -10 -10    0  99   0   0   0   0   0   0   0   0   0   0   0   0   0   0   0   0   0   0  3.72 1.58
  272 K    -1   6  -1  -4  -3   2  -5  -7   5  -6  -6   4  -4  -6  -7  -1  -3  -7  -5  -4    5  34   3   1   1   9   0   0  12   0   1  24   0   0   0   5   2   0   0   1  1.26 0.70
  273 D    -8  -9   1   9  -6  -8  -4  -9  -9 -11 -11  -8 -10 -11  -9  -8  -9 -11 -10 -11    0   0   6  92   0   0   1   0   0   0   0   0   0   0   0   0   0   0   0   0  3.34 1.44
  274 A     7  -7  -9  -8  -5  -8  -8  -6  -9  -9  -8  -8  -8  -9   3  -3  -3 -10  -9  -6   79   0   0   0   0   0   0   1   0   0   0   0   0   0  15   2   2   0   0   0  2.32 1.15
  275 L    -4  -8  -8  -9  -5  -6  -8   1  -8  -3   6  -8   5   2  -9  -5  -7  -3  -6   0    2   0   0   0   0   0   0  10   0   1  58   0  14   7   0   1   0   0   0   6  1.52 0.77
  276 L     2  -2  -5  -5   1   0  -5  -6  -1  -1   3  -5   1   0  -5  -3   0  -2   1   3   14   2   0   0   3   5   1   0   1   3  29   1   3   4   1   1   5   1   5  21  0.55 0.38
  277 M     6  -6  -7  -5   0  -6  -6   4  -7  -5  -4  -5  -3  -6  -2  -2   0  -7  -8  -1   52   0   0   1   2   0   0  26   0   0   2   1   1   0   2   3   6   0   0   4  1.32 0.75
  278 S     7  -8  -8  -8  -4  -7  -7  -4  -7  -6  -1  -7   2   1  -7  -1  -2  -5  -1  -3   72   0   0   0   0   0   0   2   0   0   6   0   4   5   0   4   2   0   2   2  1.73 0.92
  279 S     6  -6  -4  -8  -1  -7  -7  -3  -4  -4  -5  -7  -2  -7  -6   4  -2  -9  -7  -2   61   0   1   0   1   0   0   2   1   1   1   0   1   0   0  24   3   0   0   3  1.61 0.89
  280 K     0   4  -2   0  -6   1   4  -4   1  -5  -3   3  -2  -5  -5  -2  -3  -5  -2  -5    9  19   2   4   0   6  28   1   3   1   3  15   1   1   1   3   1   0   1   1  0.75 0.50
  281 M    -1  -7  -8  -8  -1  -6  -7  -7  -6   4   3  -7   6   3  -7  -5  -1   0  -3   2    7   0   0   0   2   0   0   0   0  21  21   0  18  11   0   1   4   1   1  12  1.07 0.56
  282 I     1  -6  -2  -8  -2  -7  -7  -6  -6   6  -1  -7   2  -5  -8  -5  -1  -8  -7   4   13   0   2   0   1   0   0   1   0  41   6   0   5   0   0   1   4   0   0  25  1.29 0.65
  283 V     1  -3  -3  -2   0   1   0  -3   0  -1   3  -4  -2  -4  -4   0   1  -6  -4   2   10   2   1   2   2   7   6   2   3   2  30   1   1   0   0   7   9   0   0  14  0.37 0.31
  284 A     4   0  -3  -1  -3   0   2  -1   0  -4  -1  -1  -1   0  -5  -1  -2  -3  -1  -3   37   6   1   3   0   5  14   4   2   1   6   4   2   4   0   3   3   0   3   1  0.49 0.39
  285 A     2  -6  -7  -7  -3  -6  -7  -6  -7   4   3  -7  -1  -2  -7   0  -3  -8  -6   5   14   0   0   0   1   0   0   1   0  18  21   0   1   1   0   6   1   0   0  34  1.01 0.56
  286 S    -3   4   4   0  -8   0   4  -5   4  -3  -5  -3  -5  -5  -1  -3  -2  -8   0  -4    2  20  16   5   0   4  29   1   8   2   1   1   0   0   3   2   2   0   3   1  0.90 0.57
  287 E     1   4  -1   2  -7   2   4  -3  -1  -6  -7   2  -5  -8  -6  -1  -1  -7  -6  -5   13  20   3  12   0   7  22   2   1   0   0  10   0   0   0   5   4   0   0   1  0.73 0.50
  288 I     0  -1  -5  -6  -3  -3  -1  -7  -1   5   3  -1   2  -2  -7  -3  -2  -3  -3   1    9   4   1   0   1   1   5   0   2  28  24   3   5   2   0   2   3   0   1   9  0.63 0.38
  289 A     6  -7  -7  -7   0  -6  -6   0  -6  -2  -3  -6  -2  -3  -1  -3  -1  -8  -7   1   61   0   0   0   2   0   0   8   0   3   3   0   1   1   4   2   4   0   0   9  1.30 0.74
  290 Q     0   3   0   1  -3   1   0  -2   1  -3   0   2   1  -4  -4  -1   0   2  -2  -1    9  17   4   7   0   6   7   3   3   1   9  11   3   0   0   4   6   3   1   4  0.22 0.21
  291 R     2   2  -1   2  -5   1   3  -2  -2  -6  -3   1  -5  -6  -4   1   0  -7  -6  -5   15  11   2  12   0   7  19   3   1   0   3  10   0   0   1  10   5   0   0   0  0.51 0.39
  292 H     0  -1  -1   0  -4  -2   1  -2   6  -1  -1  -3   0   1   2  -1  -1  -2   2  -3    7   3   3   6   0   2   9   3  17   3   6   1   2   6  12   5   4   0   8   2  0.38 0.29
  293 N    -1  -3   1   4  -6   0   0   4   2  -7  -7  -3  -7  -7   1   0  -1  -6  -4  -7    5   1   6  19   0   4   7  32   5   0   0   1   0   0   8   7   3   0   1   0  0.79 0.50
  294 G     3  -5  -5   1   0  -3  -4   4  -5  -4   0  -6  -3  -4  -2  -1   3  -7  -6  -2   26   0   0   7   2   1   1  27   0   1   8   0   1   1   2   4  16   0   0   3  0.70 0.48
  295 L    -5   4  -8  -7  -2  -7  -7  -8  -2  -2   1  -3  -2  -4  -8  -7  -3  -8  -4   6    1  17   0   0   1   0   0   0   1   2  14   2   1   1   0   0   2   0   1  57  1.55 0.79
  296 F     5  -7  -7  -7  -2  -7  -7   3  -3  -1  -2  -7  -4   1  -7  -2   0   2   0  -1   44   0   0   0   1   0   0  21   1   4   4   0   0   6   0   3   5   3   3   5  0.96 0.59
  297 T    -2  -8  -3  -8  -7  -7  -8  -5  -9  -8  -9  -8  -8  -9  -8   1   8 -10  -9  -6    3   0   1   0   0   0   0   1   0   0   0   0   0   0   0   8  85   0   0   0  2.76 1.33
  298 C    -2  -9  -7  -9   1  -8  -8  -7  -8   3  -4  -8  -1   1  -8  -6   2  -8  -7   7    4   0   0   0   3   0   0   0   0  15   1   0   1   6   0   1  10   0   0  59  1.70 0.83
  299 G    -3  -9  -7  -8  -8  -9  -9   8  -9 -11 -11  -8  -7 -10  -8  -4  -3 -10 -10  -8    2   0   0   0   0   0   0  93   0   0   0   0   0   0   0   2   2   0   0   0  2.91 1.28
  300 I    -3   4  -2  -3   0   2   0  -5   3   1  -4   3   0  -3  -6  -1  -1  -2  -1   1    2  24   2   1   2   9   5   1   7   7   1  15   3   1   0   5   4   1   3   8  0.51 0.36
  301 I    -3  -8  -8  -9   0  -7  -8  -8  -5   5   4  -8   4   2  -8  -7  -5   1  -6   3    3   0   0   0   2   0   0   0   0  26  30   0   9   8   0   0   0   2   0  19  1.23 0.61
  302 D     0   1   2   3  -5   2   3  -4   2  -4  -4   0  -5  -4  -6   0   1  -5  -5  -1    7   6   9  13   0  10  20   1   4   1   1   6   0   1   0   8   8   0   0   4  0.47 0.37
  303 A     1  -7  -3  -8   2  -6  -7  -7  -8   2   1  -7  -2  -1  -1  -2  -1  -8  -6   6   12   0   2   0   4   0   0   0   0   9  13   0   1   3   3   4   3   0   0  46  1.04 0.58
  304 K    -1   0  -3  -2  -5   0   3  -3   4  -2  -1   1  -2   2  -2   1   0   2   2  -2    6   4   1   2   0   3  17   2   9   2   5   7   1   8   2  10   6   3   7   3  0.28 0.26
  305 P    -7  -6  -4  -8 -10  -7  -8  -8  -7 -10 -10  -7  -9 -11   9  -3  -6 -11  -9 -10    0   1   1   0   0   0   0   0   0   0   0   0   0   0  93   2   1   0   0   0  3.48 1.57
  306 Y    -3  -6   7  -1  -4  -3  -6   5  -5  -9 -10  -7  -9  -6  -4  -2  -7  -3  -5  -8    2   0  51   3   1   2   0  34   0   0   0   0   0   0   1   3   0   0   1   0  1.96 0.97
  307 S     4  -6  -3  -6  -6  -4  -6   1  -4  -2  -3  -3  -3  -4  -7   5  -1  -6  -5   1   30   0   1   0   0   1   0  12   0   3   4   1   1   1   0  34   3   0   0   8  0.92 0.61
  308 V     0   3  -4  -6  -4  -4  -5  -4   1   2  -4  -4   1  -3   3   0   1  -5  -3   3    9  15   1   0   0   1   0   1   3  12   1   0   4   1  14   6  10   0   1  20  0.58 0.42
  309 N    -4  -8   9  -6  -1  -7  -8  -3  -2  -5  -9  -7  -9 -10  -8  -1  -1 -10  -9  -3    1   0  81   0   1   0   0   2   1   1   0   0   0   0   0   6   4   0   0   2  2.77 1.26
  310 I     0  -8  -2  -8  -2  -7  -8  -8  -6   3  -6  -8  -5  -7  -8  -2   3  -9  -8   6    8   0   2   0   1   0   0   0   0  13   0   0   0   0   0   3  18   0   0  55  1.61 0.82
  311 I    -7 -10 -10 -10  -6  -9 -10 -10 -10   7  -3  -9  -1  -7  -9  -8  -6  -9  -7   5    0   0   0   0   0   0   0   0   0  57   2   0   1   0   0   0   0   0   0  39  2.39 1.03
  312 P     2  -9  -8  -9  -5  -4  -8  -8  -9  -8  -9  -8  -7 -11   8  -3  -7 -11 -10  -6   15   0   0   0   0   1   0   0   0   0   0   0   0   0  79   2   0   0   0   1  2.87 1.36
  313 G    -1  -1  -1   0  -6  -2   0   6  -1  -9  -9  -5  -8  -8  -6   3  -6  -9  -8  -8    5   4   3   6   0   2   6  54   2   0   0   1   0   0   0  17   0   0   0   0  1.35 0.74
  314 E    -2   4  -2  -2  -4   2   3  -3   1  -5  -2   3  -4  -3  -6  -1   0  -1  -2  -5    3  23   2   2   0   7  21   2   3   1   5  17   0   1   0   5   5   1   1   1  0.66 0.45
  315 V     3  -9  -9  -9   1  -8  -9  -7  -9  -2  -4  -8  -5  -6  -9  -5  -1  -9  -8   7   20   0   0   0   2   0   0   0   0   2   2   0   0   0   0   1   4   0   0  68  2.00 0.96
  316 S    -2   3  -1   0  -4   0   2  -5   1  -1  -3   0  -3  -1  -5   0   3  -3  -4   2    2  15   2   6   0   4  15   1   3   3   2   6   0   2   0   7  17   0   0  13  0.38 0.32
  317 F    -2  -9  -9 -10  -1  -8  -9  -3  -6  -2   3  -9   4   8  -9  -7  -6  -3  -4  -2    4   0   0   0   2   0   0   2   0   2  24   0   8  54   0   0   0   0   0   3  1.94 0.89
  318 T    -4  -4  -3  -5  -4  -4  -3  -2  -2  -2  -3  -4  -3  -2  -5   4   6   4  -3  -1    1   1   1   1   0   1   2   4   1   2   3   1   1   2   1  25  42   6   1   5  1.11 0.69
  319 L    -3  -7  -9  -9  -2  -7  -8  -6  -4   5   4  -8   2  -1  -8  -7  -5  -4  -4   5    3   0   0   0   1   0   0   1   0  25  31   0   4   3   0   0   0   0   1  30  1.33 0.65
  320 D    -8  -8  -5   8  -2  -1   2  -6  -8  -6 -10  -8  -7 -10  -9  -6  -8 -11  -9  -6    0   0   0  81   1   3  12   1   0   1   0   0   0   0   0   0   0   0   0   1  2.76 1.25
  321 F     0  -7  -7  -8   0  -6  -7  -5  -7   5   3  -7   2   2  -7  -3  -3   2  -4   2    8   0   0   0   2   0   0   1   0  26  29   0   5   9   0   2   2   2   0  13  0.97 0.51
  322 R    -8   9  -8  -9  -7  -5  -7 -10  -6 -10 -10  -6  -2 -11 -10  -7  -8 -10  -9  -7    0  97   0   0   0   0   0   0   0   0   0   0   1   0   0   0   0   0   0   0  3.53 1.51
  323 H     1  -7   1   4  -1  -6  -5  -1   8  -9  -9  -7  -8  -8  -8   3  -4  -9  -5  -8   11   0   5  22   2   0   0   5  35   0   0   0   0   0   0  17   1   0   0   0  1.64 0.84
  324 P     0  -3  -4  -2  -3  -2  -1  -1   0   2  -1  -2  -2  -5   6  -1   1  -2  -4   0    8   1   1   2   0   2   5   5   3  10   7   3   1   0  33   4   8   1   1   6  0.60 0.41
  325 S    -4  -2   1   6  -5   0   2  -6   0  -5  -6  -2  -7  -5  -7   2   0  -9  -5  -5    2   2   6  46   0   3  14   0   2   1   1   2   0   1   0  13   5   0   0   1  1.20 0.68
  326 D     1  -1   0   4  -6   1   3  -2  -3  -4  -2  -1  -1  -5   2  -1  -1  -5  -3  -3   12   3   4  23   0   6  18   3   1   1   5   4   1   1   9   4   4   0   1   2  0.45 0.35
  327 D     3  -2  -1   3  -5   1   4  -1  -2  -5  -5  -1  -4  -7  -2   0  -1  -6  -6  -3   25   2   2  15   0   5  24   5   1   1   1   4   0   0   2   7   3   0   0   2  0.64 0.45
  328 V     0   2  -3  -1  -2  -1  -1  -2  -2   1  -1   0  -1  -4  -3  -1   2  -2  -3   3    9  12   1   3   1   2   4   4   1   6   6   6   2   0   1   5  12   1   1  22  0.25 0.23
  329 L    -4   3  -7  -7  -3  -4  -6  -8  -5   2   5  -2   3  -3  -7  -5  -3  -6  -6   1    1  16   0   0   1   1   0   0   0  10  48   3   5   1   0   1   2   0   0  10  1.12 0.59
  330 A     2   1   1   4  -3   1   3  -3   1  -4  -3   0  -4  -6  -5  -2  -1  -4  -5  -3   15   7   7  24   0   7  16   2   3   1   3   5   0   0   0   3   4   0   0   2  0.56 0.39
  331 T     3   3  -1   1  -5   2   2  -1  -1  -4  -3   1  -3  -5  -5   0   0  -2  -4  -3   22  16   3   7   0   9  13   4   2   1   2   6   1   0   0   6   5   1   1   2  0.42 0.34
  332 M     2  -4  -7  -7  -2  -4  -6  -5  -5   2   3  -6   7   2  -7  -5  -3  -6  -3   3   15   1   0   0   1   1   0   1   0   9  21   0  23   8   0   1   1   0   1  16  1.01 0.55
  333 L     0   0  -3   1   0  -1   3  -1   0   0   0  -2   0  -1  -4  -2  -1   1  -1   2    7   5   1   7   2   3  23   5   2   6   9   2   2   2   1   3   3   2   2  15  0.24 0.22
  334 K     3   1   0   2  -6   2   3  -2  -2  -5  -5   1  -4  -6  -5  -1   0  -6  -5  -4   23   7   4  12   0   9  18   3   1   0   1   8   0   0   0   5   5   0   0   1  0.54 0.40
  335 E     2   3  -2   1  -4   2   4  -3  -1  -2  -2   1  -1  -4  -5  -2  -1  -2  -5  -3   15  14   1   7   0   8  22   3   2   3   5   8   1   1   0   3   3   1   0   2  0.43 0.33
  336 A    -1  -6  -7  -7   3  -6  -6  -7  -4   5   3  -6   2   1  -7  -6  -3  -3  -5   3    5   0   0   0   6   0   1   0   0  30  30   0   4   5   0   0   2   0   0  15  1.08 0.54
  337 A     0   4  -2  -2  -3   0   2  -3   2  -1   0   2   0  -1  -4  -2  -1  -4  -2  -2    8  22   1   3   1   4  15   2   4   3   9  10   3   3   1   2   4   0   1   3  0.36 0.27
  338 A     3   2  -1   0  -4   2   2  -1  -1  -3  -3   1  -3  -4  -3   0   0  -3  -4  -3   26  10   3   5   0   9  12   4   1   1   3   8   0   1   1   7   5   0   1   2  0.39 0.29
  339 E     2   0  -2   0  -1   0   1  -2  -1   0   0  -1  -1   1  -3   0   0  -2   0   0   18   5   1   4   2   4  12   3   1   6  11   4   2   5   1   7   6   1   3   5  0.09 0.10
  340 F     2  -3  -4  -3   3  -3  -3  -3  -3   3   1  -3   1   4  -3  -2  -2  -2  -2   1   19   2   1   1   6   1   2   2   1  13  15   1   4  15   2   3   2   1   1   8  0.45 0.25
  341 D     1   1   0   3  -4   2   4  -2   0  -4  -4   1  -3  -4  -2   0  -2  -4  -4  -3   13   7   4  14   0   9  23   4   2   1   2   7   1   1   2   6   2   0   1   2  0.45 0.30
  342 R     1   4  -2   0  -3   1   2  -1  -1  -3  -2   1  -2  -3  -3  -1   0  -3  -2  -2   12  19   2   6   0   7  14   5   1   2   3   8   1   1   1   5   7   0   1   3  0.31 0.22
  343 L     1  -3  -3  -3   0  -3  -2  -3  -1   5   2  -3  -1  -2  -3  -2  -1  -3  -2   1   14   2   1   2   2   1   3   3   1  31  18   2   1   2   1   3   4   0   1   8  0.52 0.26
  344 I     5  -1  -3  -3   2  -1  -2  -2  -1  -1  -2  -1  -1  -4  -2   0  -1  -3  -3   0   46   3   1   1   5   2   3   3   2   4   4   3   1   1   2   6   4   0   1   7  0.65 0.36
  345 K     4   1  -2  -1  -2   1   2  -1  -2  -4  -4   2  -3  -4  -3   0  -2  -4  -4  -3   30   7   2   3   1   6  15   4   1   1   2  13   1   1   1   8   3   0   1   2  0.52 0.34
  346 I     1   1  -2  -1  -2  -1   1  -2  -2   4   0  -1  -1  -2  -2  -1   0  -3  -2   2   13   7   2   3   1   3   8   3   1  23   6   3   1   1   2   4   5   0   1  11  0.24 0.15
  347 N     3   1   0  -1   3   0   3  -1   1  -3  -3  -1  -2  -3  -3   0  -1  -3  -3  -3   27   7   4   4   6   3  16   5   3   1   3   3   1   1   1   7   4   0   1   2  0.39 0.25
  348 D     0   1   1   3  -3   1   3  -1   1  -2  -3   0  -2  -3  -2   0   0  -2  -3  -2    9   8   6  14   1   6  17   5   3   2   3   4   1   1   2   7   5   1   1   3  0.26 0.18
  349 G     1   3  -1   0  -3   1   2   1  -1  -3  -3   2  -3  -4  -2  -1  -1   0  -3  -2   10  16   3   6   1   5  15  12   1   1   3  10   1   1   2   5   3   1   1   3  0.29 0.20
  350 G    -1   5  -1  -1   0  -1   0  -1   3  -2  -1   0   1  -2  -2  -1   1  -2  -1  -1    5  26   3   3   2   2   6   6   7   3   7   4   3   2   2   4   8   0   2   4  0.32 0.21
  351 A    -2   0   0  -2  -4  -1  -1   6  -2  -4  -4   0  -4  -5  -1  -2  -3  -5  -5  -3    4   5   4   3   0   3   4  54   1   1   2   6   0   1   4   4   2   0   0   2  1.04 0.53
  352 L    -4  -6  -7  -7   6  -6  -6  -7  -5   2   4  -7   0  -4  -6  -6   0  -7  -5   5    1   0   0   0  13   0   0   0   0  10  31   0   2   1   0   0   5   0   0  34  1.29 0.64
  353 S     0   1  -1   1  -5   1   3   0  -1  -4  -5   0  -2  -6  -3   2   3  -6  -5  -3    7   7   2   8   0   6  18   7   1   1   1   6   1   0   1  14  17   0   0   2  0.42 0.35
  354 Y    -1  -6  -6  -7   1  -5  -5  -5  -1   4   1  -6   0   3  -5  -4  -1   0   2   4    6   0   0   0   3   0   1   1   1  20  13   0   2  10   1   1   4   1   7  27  0.79 0.43
  355 E     0   0  -1   2  -5   0   4  -4   0  -4  -5   0  -5  -6  -6   2   2  -6  -5  -3    7   5   3  11   0   4  29   1   2   1   1   4   0   0   0  14  13   0   0   2  0.65 0.47
  356 S    -1  -2  -6  -5  -1  -3  -4  -6   0   4   1  -4   1   2  -3  -1   0   5   0   3    5   3   0   1   1   1   1   0   2  22  11   1   3   9   1   5   5   7   3  19  0.59 0.35
  357 E    -2   3  -1   1  -5   1   5  -3  -1  -4  -5   1  -5  -6  -6  -1   2  -3  -6  -1    4  12   3   8   0   5  31   3   1   1   1   9   0   0   0   4  11   0   0   5  0.66 0.46
  358 T    -2   3  -1  -1  -1   2   2  -4   0  -1   0   0  -1  -4   2  -1   0   0  -5   0    3  14   3   4   1  10  13   1   2   4   9   6   1   1   9   5   6   1   0   6  0.25 0.23
  359 L    -2  -2  -3   0  -4  -2  -1  -4  -1   2   3  -3   1   0  -3  -2   1   3   0   2    3   2   1   6   0   2   5   1   1  12  23   2   4   4   2   3   9   4   3  13  0.31 0.22
  360 Q     0  -3  -1  -2  -5   0  -4  -1   3  -3  -1  -5   2   1  -4   2   0   7   1  -1    8   1   3   3   0   4   1   6   6   1   7   0   6   6   1  15   6  15   4   5  0.52 0.36
  361 V     0   3   1   3  -4   0   0   0   3  -3  -4  -1  -4  -2  -5   0  -1   0   1  -2    7  14   6  18   0   4   7   6   7   2   2   3   0   2   0   7   3   2   5   3  0.35 0.27
  362 S     0   1  -1   0  -4  -1  -1  -4  -1   0   0  -2   0   3  -4   2   1   1  -1   0    9   7   3   6   0   3   5   1   2   5   8   2   2  11   0  16   8   2   2   7  0.18 0.18
  363 P     1  -3  -3   3  -7  -1   2  -3  -3  -6  -4   0  -4  -7   6  -2  -2  -7  -6  -5   12   2   2  13   0   3  13   3   1   1   2   5   1   0  36   4   3   0   0   1  0.96 0.62
  364 A     3  -4  -6  -7  -6  -6  -4  -3  -4  -4  -6  -6  -6  -9   7  -1   0 -10  -7  -1   22   1   0   0   0   0   1   2   1   1   1   0   0   0  54   5   5   0   0   4  1.69 0.94
  365 V     1  -2  -3  -6  -1  -1  -5  -3  -5   0  -2  -4  -2  -6  -5  -2   3  -8  -6   6   11   2   1   0   1   3   1   3   0   5   4   1   1   0   1   3  17   0   0  45  1.00 0.59
  366 N     1   0  -1  -1  -5   0   0  -4   3  -2  -2   0  -1  -4   4  -1   1  -1   0  -1   13   5   2   4   0   4   7   1   6   3   5   6   1   1  20   4   7   1   3   5  0.31 0.27
  367 F    -3  -9  -9  -9   6  -9  -9  -7  -7  -3   0  -9   5   8  -9  -3  -4  -3  -1  -4    2   0   0   0  15   0   0   1   0   2   8   0  13  51   0   2   1   0   2   1  2.12 0.96
  368 H     1  -7   1   7  -5  -2  -3  -6   4  -9  -9  -5  -8  -9   0   2  -3  -1  -7  -8   11   0   7  49   0   2   2   1   7   0   0   1   0   0   5  12   2   1   0   0  1.47 0.81
  369 E    -1   0   0   0   2   0   0  -1   2   0  -1   0   2   1   0  -1   0   4   1  -1    5   5   5   5   5   5   5   5   5   5   5   5   5   5   5   5   5   5   5   5  0.09 0.08
  370 V     1   1  -1   2  -1   0   2   1   1   0  -3   0  -1  -3  -2  -1   0   2  -2  -2   10   8   3  12   1   4  13   9   3   6   3   5   1   1   3   5   6   3   2   3  0.16 0.17
  371 C    -3  -4  -3  -8   6   0  -4  -3  -2   3   3  -4   3  -2  -3  -4  -3   0  -2   2    3   1   1   0  13   4   1   3   1  14  28   1   7   2   2   2   2   1   1  11  0.75 0.45
  372 I    -2   2  -1  -3   1   3  -3  -4  -1   4  -1  -1   2  -2  -3  -3  -1  -7  -2   3    4  10   3   2   2  11   2   2   2  18   6   4   4   2   1   2   4   0   1  19  0.46 0.32
  373 E     1   0   0   4  -2   3   2  -1  -1  -4  -4   0  -3  -4  -4   0  -1  -2  -4  -4   13   4   5  18   1  11  13   6   1   1   2   6   1   1   1   7   4   1   1   2  0.41 0.36
  374 C     3   2  -3  -3   2   0  -2  -3   0   1   2  -1   1  -3  -4  -2   0  -1  -3   0   22   9   1   2   4   4   3   2   2   7  16   4   3   1   1   4   7   1   1   7  0.29 0.24
  375 V     0  -5  -5  -4  -2  -4  -3  -5  -3   5   3  -5   1  -2  -5  -4  -3  -1  -4   4    8   1   1   1   1   1   2   1   1  25  21   1   3   2   1   2   2   1   1  26  0.91 0.51
  376 S     2   4  -3  -2  -2   0   4  -2   0  -2  -2   0  -1  -4  -7  -1  -2  -1  -4  -2   14  17   1   3   1   5  26   3   2   3   4   6   2   1   0   5   3   1   1   3  0.55 0.43
  377 R     1   3   0   1  -3   2   2  -3   0  -2  -3   1  -2  -3  -4  -1  -1  -2  -3  -2   10  14   5   9   1  10  15   2   2   2   3   9   1   1   1   5   4   1   1   4  0.31 0.27
  378 S     5  -2  -1  -3  -1  -1  -1  -1  -1  -2  -2  -3  -2  -4  -4   2  -1  -2  -3  -1   41   3   3   2   1   3   5   5   2   3   4   2   1   1   1  16   4   1   1   4  0.62 0.43
  379 A     5  -3  -4  -4   5  -3  -3  -1  -3   0  -2  -4  -2  -3  -5  -1  -2  -6  -4   1   50   1   1   1  10   1   2   5   1   4   4   1   1   2   1   4   3   0   1   8  0.98 0.60
  380 F     2   0  -1   1   0  -1   1  -1  -1   1  -1   0  -1  -2  -3  -1   0  -1  -2   1   21   5   3   7   2   2   8   5   1   7   6   6   1   1   1   5   6   1   1   8  0.11 0.13
  381 A     4   0  -2   0   3   0   2  -2  -2  -3  -2   0  -2  -3  -3   1   0  -4  -3  -2   28   5   2   6   5   3  14   4   1   1   4   5   1   1   1   9   5   0   1   3  0.37 0.30
  382 Q     0   1  -1   0  -3   3   3  -2   1  -2   1   1  -1  -3  -3  -1  -1  -4  -3   0    8   8   3   5   1  13  16   3   3   3  12   8   1   1   1   4   4   0   1   6  0.24 0.22
  383 F     1   1   0   1  -1   1   0   2   0  -2  -1   0  -1  -1  -3  -1  -1  -2  -2   0   11   8   3   8   1   6   5  18   2   2   7   6   1   2   1   4   4   1   1   7  0.12 0.12
  384 K     0  -1  -3  -3   0  -2  -3   2   0   0   4  -1   0  -1  -3  -3  -1  -3   0  -2    8   4   2   1   2   2   2  14   2   4  37   3   2   2   2   2   3   0   3   3  0.41 0.31
  385 K    -2  -1   1   0  -4   0   0   5  -1  -4  -3   0  -4  -4   0  -1  -3  -6  -2  -5    3   4   6   5   0   4   6  42   1   1   4   6   1   1   5   5   2   0   2   1  0.69 0.48
  386 D    -2  -3  -1   0  -3  -2  -2  -1   2   2   2  -3  -1   1  -1   0  -3  -2   5  -1    4   2   3   5   1   2   3   6   5  10  17   2   2   5   4   8   2   1  17   4  0.35 0.24
  387 Q     0   0  -1  -1  -4   0   0  -2   0  -5  -4   0  -3  -5   4   4   1  -4  -2  -4    7   5   3   4   0   5   7   4   2   1   2   5   1   1  17  25   8   0   1   1  0.48 0.41
  388 V     1  -3  -2  -5   1  -3  -5  -4   5  -1  -3  -5  -2   0   0  -1   1   5   5   2   12   2   2   1   3   1   1   2  11   3   2   1   1   3   6   6   8   6  15  13  0.62 0.40
  389 R    -4   5  -4  -4  -1   0  -3  -5   0  -1   0   2   6  -1   2  -4  -3  -3  -2  -3    2  26   1   1   1   4   2   1   2   4   9  11  15   3  10   1   2   0   1   2  0.79 0.48
  390 Q    -3   4  -1   3  -4  -1   1  -4   2  -3  -2   0  -2  -3   0   0   0  -4  -1   0    3  22   3  13   1   3  10   1   4   2   4   5   1   1   5   6   6   0   3   6  0.40 0.27
  391 I    -7  -9 -10 -10  -5  -6 -10 -10 -10   4   4  -9   8  -5 -10  -6  -5  -9  -9  -1    1   0   0   0   0   0   0   0   0  18  38   0  35   1   0   1   1   0   0   4  2.14 0.95
  392 W    -2  -4  -3  -3  -3  -2  -5  -2   2   1  -2  -4   2  -1   5  -4   1   0   0   3    4   1   2   2   1   3   1   3   4   8   4   1   4   3  27   2   8   1   3  19  0.68 0.43
  393 S    -5  -7  -6  -9  -3  -9  -9  -6 -10  -7 -10  -9 -10 -10 -10   8   2 -11 -10 -10    1   0   0   0   1   0   0   1   0   0   0   0   0   0   0  82  13   0   0   0  2.69 1.33
  394 G    -3   0  -7  -8  -5  -4  -7   7  -5  -3  -6  -7   0  -7  -7  -6  -8  -4  -3  -3    3   5   0   0   0   1   1  78   0   2   1   1   2   0   0   1   0   0   1   2  2.22 1.04
  395 A     8 -10 -10 -10  -9 -10  -7  -5 -10  -5 -10 -10 -10 -10  -2  -5  -3 -10 -10  -7   89   0   0   0   0   0   1   2   0   1   0   0   0   0   3   1   2   0   0   1  2.76 1.28
  396 G    -3  -8  -7  -8  -6  -8  -8   7 -10  -6  -4 -10  -4   1 -11  -4  -5 -10  -2  -6    3   0   0   0   0   0   0  81   0   1   3   0   1   5   0   2   1   0   2   1  2.41 1.12
  397 H   -11  -5 -10 -11 -12  -4 -11 -12  12 -12 -12 -11 -11 -11 -12 -11 -11 -12  -9 -12    0   1   0   0   0   1   0   0  97   0   0   0   0   0   0   0   0   0   0   0  5.02 1.96
  398 D    -7 -13  -3   9 -15 -12 -10  -7 -13 -15 -15 -12  -4 -15 -13 -12 -12 -16 -15 -15    1   0   2  96   0   0   0   1   0   0   0   0   1   0   0   0   0   0   0   0  3.76 1.64
  399 S     7  -7  -9 -10  -2  -9  -9  -3 -10  -7 -10  -9  -5 -11  -9   3   0 -11 -10  -5   67   0   0   0   1   0   0   3   0   0   0   0   0   0   0  22   5   0   0   1  2.07 1.07
  400 C    -1  -2  -4  -8   4   4  -6   0  -5   0  -1  -4   6  -5  -7  -3   0  -5  -3   2    6   2   1   0   8  19   0   7   0   6   7   1  18   0   0   2   6   0   1  14  0.85 0.53
  401 Q     1  -5   3  -5  -4   0  -2  -7   3   2  -3  -6   4   2  -4  -2  -4   3   5   0   12   1  11   1   0   4   4   0   7  12   2   0   8   8   1   3   1   4  17   6  0.69 0.43
  402 T    -3  -7  -9 -10  -4  -8  -9 -10  -9   3   3  -9   7   2  -7  -7   1  -3  -5   2    3   0   0   0   0   0   0   0   0  15  25   0  26   7   0   0  10   0   0  12  1.39 0.70
  403 A     5  -4   2  -6  -4  -3  -7   0   1  -5  -7  -3  -5  -9  -6   3  -1  -9  -5  -4   48   1   9   0   0   2   0   7   3   1   1   2   0   0   0  20   3   0   1   1  1.19 0.71
  404 P     1   5  -1   1  -5   0   0  -1   1  -6  -3   2  -2  -6   0   0  -1  -5   0  -5   11  25   2   9   0   4   6   5   3   0   3  10   1   0   5   6   5   0   3   1  0.48 0.35
  405 H    -3   2  -4  -6  -2  -3  -4  -4   3   4   2  -1   0   1  -6  -3  -3  -4   0   3    2   9   1   0   1   1   1   2   8  19  15   4   2   5   0   2   2   0   3  22  0.60 0.35
  406 V     3  -7  -7  -8   8  -7  -8  -3  -6   0  -3  -8   1  -3  -8  -3   2   2  -3   3   20   0   0   0  27   0   0   3   0   5   3   0   3   1   0   2  14   3   1  18  1.27 0.66
  407 P    -5  -2  -5   2 -10  -4  -3  -7  -5 -10  -9  -3 -10 -10   8  -6  -7 -10 -10 -10    1   2   1   9   0   1   2   0   0   0   0   2   0   0  79   1   0   0   0   0  2.76 1.33
  408 T     2  -7  -7  -8  -3  -6  -7  -6  -8   0  -6  -7   3  -5  -8   1   6  -4  -2   2   13   0   0   0   1   0   0   1   0   6   0   0   6   1   0  11  48   0   2  12  1.37 0.78
  409 S     5  -8  -6  -7   0  -6  -7   5  -8  -4  -7  -7  -5  -9  -8   0   0  -9  -8  -1   44   0   0   0   2   0   0  34   0   1   1   0   0   0   0   7   5   0   0   4  1.44 0.78
  410 M    -9  -7 -10 -10  -9  -9 -10 -10  -9  -5   0  -9  11  -6 -10  -9  -7  -9  -9  -4    0   0   0   0   0   0   0   0   0   1   9   0  87   0   0   0   0   0   0   1  4.06 1.63
  411 I    -7 -10 -10 -11  -5  -7 -10 -11 -10   7   4 -10  -1  -3 -10  -8  -7  -9  -6   2    0   0   0   0   0   0   0   0   0  55  30   0   1   1   0   0   0   0   0  11  2.06 0.90
  412 F    -5 -11  -8 -11  -6 -11 -11  -9  -6  -7  -5 -11   1  10 -11 -10 -10  -4  -3  -7    1   0   0   0   0   0   0   0   0   0   1   0   3  92   0   0   0   0   1   0  3.68 1.42
  413 I    -2  -9  -9 -10   2  -9  -9 -10 -10   4  -3  -9  -3  -8  -9  -6  -1 -10  -8   7    4   0   0   0   4   0   0   0   0  19   2   0   1   0   0   1   4   0   0  66  2.08 0.92
  414 P    -6   5  -7  -9 -10  -3  -8 -10  -6 -10 -10  -5 -10 -11   8  -7  -7 -11 -10  -6    1  26   0   0   0   1   0   0   0   0   0   1   0   0  70   0   0   0   0   1  2.80 1.29
  415 S    -5  -9   1  -8   9  -6  -8  -6  -9  -9  -9  -8  -9 -10  -9   6  -4 -10  -9  -9    1   0   6   0  40   0   0   1   0   0   0   0   0   0   0  50   1   0   0   0  2.68 1.18
  416 K    -2   4  -5  -3  -5  -1   0  -6   1   1  -3   4  -4  -6   1  -5  -4  -4  -2   2    3  21   0   2   0   3   6   0   4   8   3  25   0   0   6   1   1   0   2  14  0.71 0.44
  417 D    -2  -2   2   6  -6  -4   0   3  -2  -8  -7   0  -6  -8  -7  -4   0  -9  -7  -7    3   3  10  39   0   1   5  23   1   0   1   6   0   0   0   1   5   0   0   0  1.18 0.62
  418 G    -5  -9  -8  -9  -9  -9  -9   8  -9 -10 -10  -9 -10 -10  -9  -8  -9  -9 -10 -10    1   0   0   0   0   0   0  98   0   0   0   0   0   0   0   0   0   0   0   0  3.23 1.30
  419 L    -5   0  -7  -8  -7  -6  -7  -8  -2   7   1  -1  -3  -5  -8  -6  -5  -4  -2   4    1   6   0   0   0   0   0   0   1  48  14   4   0   0   0   0   0   0   2  21  1.45 0.64
  420 S    -5  -8  -7  -7  -5  -7  -7  -5  -8  -3  -8  -7  -5  -9  -8   8  -2  -9  -8  -8    1   0   0   0   0   0   0   1   0   2   0   0   0   0   0  92   2   0   0   0  2.79 1.25
  421 H    -9  -8  -7  -9 -10  -7  -8  -9  12 -10  -7  -8  -9  -9  -9  -8  -9  -9  -4 -10    0   0   0   0   0   0   0   0  96   0   1   0   0   0   0   0   0   0   0   0  4.70 1.66
  422 N    -1  -1   7  -2   4  -5  -6  -7   5  -8  -8  -4  -7  -8  -7   2  -2  -8  -7  -5    6   3  45   2   8   0   0   0  13   0   0   1   0   0   0  15   3   0   0   1  1.63 0.78
  423 Y    -3  -6  -4  -6  -7  -5   4  -7  -6  -5  -7  -4  -6  -2   8  -6  -6  -7  -4  -4    2   0   1   0   0   0  24   0   0   1   0   1   0   2  62   1   0   0   1   2  2.14 1.01
  424 Y     4   1  -2   3  -5  -1   3  -3  -1  -1  -2   1  -2  -5  -4  -1  -1  -5  -3  -3   28   8   2  13   0   2  16   2   1   3   5   7   1   0   0   4   3   0   1   2  0.48 0.34
  425 E    -8  -7  -7  -6  -9  -6   8  -9  -7  -9  -9  -7  -9  -9  -8  -7  -8  -9  -9  -9    0   0   0   0   0   0  96   0   0   0   0   0   0   0   0   0   0   0   0   0  3.25 1.35
  426 Y    -2  -3  -1   1  -5  -5  -1  -7   3  -5  -3  -4  -3   4  -7   1  -4   7   6  -6    4   1   3   8   0   0   5   0   6   0   3   1   1  17   0   9   1  14  25   0  1.19 0.59
  427 S     3  -7  -6  -7   3  -6  -6  -6  -7   1  -6  -6  -3  -7  -7   2   6  -7  -7   1   19   0   0   0   6   0   0   0   0   9   1   0   1   0   0  17  38   0   0   9  1.21 0.64
  428 S     0   0  -2   2  -4  -3   2  -5   0  -5  -3   0  -4  -6  -2   4   3  -5  -5  -5    8   6   2  12   0   1  12   1   2   0   3   6   0   0   3  28  16   0   0   0  0.61 0.42
  429 P    -1  -3  -4   1  -5  -1   1  -5  -4  -1  -1   0  -1  -2   6  -3  -2   5  -1  -2    6   2   1   7   0   3   8   1   1   4   6   6   2   2  35   2   3   7   2   3  0.79 0.46
  430 E     2  -2  -2   3  -5   0   6  -3  -1  -6  -7  -2  -6  -7  -3  -1  -3  -6  -6  -4   13   2   2  16   0   4  46   3   1   0   1   2   0   0   1   4   2   0   0   1  1.13 0.62
  431 E    -3  -6  -4   8  -9   2  -1  -7   3  -8  -8  -6  -7  -7  -7  -5  -7   4  -4  -8    3   0   1  67   0   7   4   0   7   0   0   0   0   0   0   1   0   6   1   0  2.19 0.96
  432 I     1  -6  -7  -8   8  -4  -7  -7  -6   4   3  -7   2  -4  -7  -4  -5  -4  -6   2   10   1   0   0  28   1   0   0   0  17  22   0   4   1   0   1   1   0   0  12  1.37 0.60
  433 E     4  -3  -4  -2  -2  -2   3  -1  -1  -1  -2  -3  -2  -5  -6  -2   0  -3  -2   2   36   2   1   2   1   2  16   5   2   3   5   2   1   0   0   3   6   1   1  13  0.58 0.40
  434 N     4   0   2  -1  -4   0  -1  -5  -2  -1   1   1  -2  -4  -3  -2   0  -6  -4  -1   33   6   8   4   0   4   4   0   1   4  13   9   1   1   1   2   6   0   0   4  0.42 0.32
  435 G     1 -10  -8  -8  -5  -9  -9   7  -9 -11 -11  -9 -10  -8  -8  -3  -4 -10 -10  -7   13   0   0   0   0   0   0  82   0   0   0   0   0   0   0   2   1   0   0   0  2.52 1.08
  436 F     5  -7  -7  -8   2  -6  -7  -3  -6   1   0  -7  -3  -2  -7  -4   2  -8  -5   3   42   0   0   0   4   0   0   2   0   7  10   0   0   2   0   1  13   0   0  18  1.03 0.58
  437 K    -1   2   5   3  -6   4   2  -5   1  -6  -4   0  -5  -7  -7  -2  -2  -6  -6  -5    5  11  22  13   0  19  11   0   3   0   2   6   0   0   0   3   2   0   0   1  0.84 0.51
  438 V     2  -8  -9  -9  -5  -7  -8  -8  -5   0   0  -8  -1  -6  -8  -7  -1  -9  -6   7   15   0   0   0   0   0   0   0   0   4   7   0   2   0   0   0   4   0   0  66  1.83 0.83
  439 L    -6  -8 -10 -10  -5  -8  -9  -7  -6  -2   7  -9   2  -1  -9  -8  -6  -3  -3  -4    1   0   0   0   0   0   0   1   0   2  86   0   4   3   0   0   0   0   1   1  2.23 0.96
  440 L     3  -5  -5  -5  -1  -4  -2  -4  -4  -1   4  -2   1   1  -6  -3   1  -5   1  -2   20   0   0   0   1   1   3   2   0   2  41   2   4   5   0   2   8   0   5   3  0.71 0.43
  441 Q    -1   2   2   3  -4   3   2   1   5  -7  -4  -1  -5  -7  -6  -3  -3  -4  -3  -6    6   9   9  15   0  11  14   9  15   0   2   4   0   0   0   1   2   0   1   0  0.68 0.43
  442 A     5  -7  -6  -7   0  -6  -6  -5  -7  -3  -3  -6   2   1  -7   1   4  -4  -5   2   37   0   0   0   2   0   0   1   0   1   3   0   4   5   0   9  23   0   0  14  1.01 0.59
  443 I    -1  -8  -9  -9  -5  -8  -8  -8  -8   3   4  -8   3  -4  -8  -7  -3  -5  -3   5    5   0   0   0   0   0   0   0   0  12  31   0   7   0   0   0   2   0   1  41  1.39 0.65
  444 I     0   1  -5  -5  -2  -1   0  -6  -1   0   4  -2   1  -3  -6  -4  -2   2   2   1    7   7   0   1   1   2   7   0   1   5  41   3   3   0   0   1   3   2   6   8  0.57 0.36
  445 N     1   4   1   1  -6   1   3  -2   1  -5  -4   2  -4  -7  -5  -1  -2  -6  -5  -5   13  24   6   8   0   6  16   3   3   1   2  11   0   0   0   4   3   0   0   1  0.61 0.40
  446 Y    -2   0  -8  -8  -1  -6  -7  -8  -4   1   5  -6   0   1  -8  -7  -5   1   4  -3    3   5   0   0   2   0   0   0   1   6  56   0   2   6   0   0   1   2  14   2  1.30 0.63
  447 D     6  -7  -5   5   0  -6  -4  -6  -7  -6  -5  -6  -6  -9  -6  -3  -5  -9  -8  -6   57   0   0  34   2   0   1   0   0   0   1   0   0   0   0   2   1   0   0   0  1.87 0.89
  448 N    -1   4   4   2  -3   3   0  -3  -2  -6  -6   2  -3  -6  -4  -1  -3  -7  -4  -5    6  21  18  12   1  13   6   2   1   0   1  13   1   0   0   4   1   0   0   1  0.75 0.44
  449 Y     1   3  -2  -2  -4   2   0  -2   2  -3   1   2   1  -1  -3  -1  -2  -2   0  -3   15  15   1   2   0  10   5   3   5   1  13  12   4   2   1   3   2   0   4   1  0.25 0.23
  450 R    -2   6  -3  -2  -6  -2   2  -5  -1  -4   0   3  -1  -5  -2  -3  -3  -3  -2  -4    3  44   1   2   0   1  12   0   1   0  12  15   2   0   2   1   1   0   1   1  0.93 0.49
  451 V     3  -1  -3  -2  -3  -2  -2  -1  -3   1   0   1   1  -2  -2  -1  -1  -3  -3   1   33   4   1   2   0   1   2   3   0   7  10  11   3   2   1   3   4   0   0  13  0.26 0.22
  452 I     1  -1  -1   0  -1   1   3  -1  -3   0  -1   0  -1  -4  -2   1  -1  -4  -4   1   12   2   2   5   1   4  25   4   0   5   6   7   1   0   1  10   3   0   0  12  0.21 0.19
  453 R    -2   7  -3  -2  -6   2  -2  -2  -3  -5  -4   3  -4  -6  -5  -2  -2  -6  -5  -3    3  54   1   2   0   9   2   3   0   0   1  20   0   0   0   2   2   0   0   2  1.26 0.54
  454 G    -3  -5  -2  -3  -6  -4  -3   7  -5  -7  -7  -5  -6  -6  -5  -2  -1  -6  -6  -5    1   0   2   1   0   0   1  89   0   0   0   0   0   0   0   1   5   0   0   0  2.02 0.62
  455 H    -3  -2   4  -2  -5   3  -2  -4   9  -5  -5  -2  -3  -3  -4  -2  -3  -4   2  -5    0   0  22   0   0  16   0   0  56   0   0   0   0   0   0   0   0   0   7   0  1.50 0.38

                      K         Lambda
Standard Ungapped    0.1335     0.3163
Standard Gapped      0.0615     0.2670
PSI Ungapped         0.2008     0.3177
PSI Gapped           0.0615     0.2670
