
Last position-specific scoring matrix computed, weighted observed percentages rounded down, information per position, and relative weight of gapless real matches to pseudocounts
            A   R   N   D   C   Q   E   G   H   I   L   K   M   F   P   S   T   W   Y   V   A   R   N   D   C   Q   E   G   H   I   L   K   M   F   P   S   T   W   Y   V
    1 M    -5  -5  -6  -7  -5  -5  -6  -7  -6   1   3  -5  10  -3  -6  -5  -4  -5  -5   1    0   0   0   0   0   0   0   0   0   7  23   0  63   0   0   0   0   0   0   7  1.99 0.73
    2 N    -6  -4   8   2  -7  -4  -1  -4  -4  -5  -6  -3  -7  -8  -6   1  -3  -8  -7  -7    0   1  73   9   0   0   4   1   0   1   1   1   0   0   0   9   1   0   0   0  2.06 0.85
    3 G     0  -5   0  -2  -2  -2  -3   5   0  -2  -4  -2  -5  -1  -5   1   0   1  -1  -2    7   0   4   2   1   2   1  48   3   2   1   2   0   2   0  12   5   2   2   4  0.74 0.41
    4 T    -3  -5  -1   0  -3  -4  -1  -4  -5  -5  -3  -5  -1  -5  -2   4   6   1  -6  -3    1   0   3   5   1   0   4   1   0   0   3   0   2   0   2  25  51   2   0   1  1.16 0.65
    5 E    -1  -2   1   2  -3   1   5  -2   0  -3  -2  -1  -2  -4  -3   1   0  -3  -3  -3    5   2   6  11   1   7  35   3   2   2   3   3   1   0   1  11   5   0   1   2  0.50 0.35
    6 G     1  -3   0   1   0  -1   0   4  -1  -2  -2  -2  -4  -2  -1   0   0  -4  -2  -2    9   1   5   8   2   2   6  36   2   3   3   1   0   2   3   7   5   0   2   2  0.40 0.26
    7 P    -1  -3  -2   1  -5  -1   0  -2   0  -1  -2  -2  -2  -4   6   1  -1  -5   0  -3    6   1   2   9   0   2   7   3   2   3   3   2   1   1  40   9   3   0   3   2  0.78 0.42
    8 N    -2  -3   6   3  -5   0   1  -1   2  -3  -4  -2  -3  -5  -3   1  -1  -5  -1  -3    2   1  38  13   0   4   7   5   4   2   1   2   1   0   1   9   4   0   2   2  0.76 0.43
    9 F    -1  -2  -2  -1  -1  -2  -2  -4   1   1   0  -3  -1   6  -4   0  -1   3   2  -1    6   2   2   4   2   1   3   1   3   8  10   1   1  32   0   7   3   3   6   4  0.48 0.28
   10 Y     0  -2  -2  -4  -4  -4  -2  -3   0  -2  -1  -2  -1   2  -3   1   2   4   6  -3    6   2   2   1   0   0   2   2   2   2   6   2   2   8   2  12  14   5  29   1  0.62 0.38
   11 V     0  -3  -1   0   0  -1  -1  -1  -2   2   1  -3   2  -1  -3  -1  -1  -1   1   3    7   1   3   5   2   2   4   4   1  11  16   0   5   2   1   5   4   1   4  22  0.18 0.16
   12 P    -2  -1   0   1  -3  -2  -1  -3  -3  -4  -3  -1  -4  -3   6   0   0  -1  -2  -2    4   3   4   8   1   2   5   2   0   1   3   4   0   2  44   7   6   1   2   3  0.88 0.45
   13 F    -1  -3   0  -1  -3  -2  -3  -2   0   0   0  -4   2   6  -3  -2  -1   2   3  -1    5   2   5   4   1   2   2   3   2   6   9   1   5  32   1   3   4   2  10   4  0.55 0.31
   14 S     0  -1   2   1  -4  -1  -1   0  -3  -3  -3   0   0  -4  -1   4   1  -2  -1  -1    7   3  10   6   0   2   3   8   0   2   2   5   2   1   3  31   9   1   2   4  0.34 0.29
   15 N    -3  -4   8   1  -3  -2  -2  -3   0  -6  -3  -3  -4  -4  -3   0   0  -4  -3  -5    2   1  59   7   1   2   3   2   2   0   3   1   1   1   1   7   5   0   1   1  1.45 0.72
   16 K     0   1   2   0   0   2   1   0   0  -1  -2   1  -1  -2  -1   1   1  -4  -1  -1    5   7   9   5   2   9  10   6   2   4   4   7   1   1   3  11   8   0   2   3  0.11 0.12
   17 T    -2  -4  -1   0  -2  -3  -1  -4  -2  -2  -3  -3  -2  -3  -4   3   6  -6  -3  -1    3   1   3   5   1   1   4   1   1   2   2   1   1   1   1  21  46   0   1   4  0.93 0.56
   18 G    -1  -2   1   1  -2  -1  -1   4  -1  -3  -3  -2  -3  -2  -1   2  -1   1  -2   0    5   2   8   8   1   2   3  30   2   1   3   2   0   2   3  14   4   2   1   9  0.35 0.26
   19 V     0  -2   0  -2   0  -2  -1  -2  -3   2   1  -3   0   0  -2  -1   0  -4  -1   4    7   2   5   3   2   2   4   2   1  13  10   1   2   3   2   5   6   0   2  28  0.25 0.19
   20 V    -1  -1   0   1  -1  -1  -1  -2  -2   1   0  -2   0  -1  -1   0   1  -2   0   2    4   3   5  11   1   2   3   3   1   9  10   2   2   2   3   7   9   0   4  18  0.10 0.11
   21 R    -1   3   1   0  -3   1   0  -1   0  -2  -2   2   0  -3  -1   1   0  -1  -1  -2    5  20   6   5   0   5   6   4   2   3   4  12   3   1   3   9   7   1   2   3  0.21 0.16
   22 S    -1  -2   0   1  -1  -1   0   0  -2  -2  -3  -1  -3  -3  -1   4   1  -2  -2   0    5   2   5   8   2   2   7   8   1   3   2   4   0   1   2  28  10   1   1   8  0.26 0.24
   23 P    -1  -2  -1   0  -3  -3  -1  -2  -2  -4  -3  -2  -3  -3   7   0   0  -2  -3  -3    4   2   3   6   1   1   5   3   1   1   3   2   1   1  51   6   5   1   1   2  1.14 0.60
   24 F    -2  -2  -2  -1   1  -3  -3  -2  -3  -1   0  -3  -2   6   0  -1  -1   4   3  -1    3   2   2   4   3   1   2   3   1   4  10   1   1  31   5   5   5   5   9   3  0.57 0.33
   25 E    -2  -2   1   3  -4   1   4  -3   0  -2  -3  -1  -3  -4   0   0  -1  -2  -1  -3    3   2   5  17   0   6  29   2   2   2   3   3   1   1   5   8   4   1   2   2  0.49 0.34
   26 A     2  -1  -1   1   0  -1  -1   1  -1  -1  -1  -2   2  -1  -1   1   0  -2   0   0   20   2   3   7   2   2   4  11   1   4   5   1   6   2   2  10   5   1   3   7  0.12 0.14
   27 P    -2  -3  -2   0  -4  -2  -1  -4  -3  -1  -3  -3  -3  -4   7  -1   0  -4  -3  -4    4   2   2   5   1   2   4   1   1   4   4   2   1   1  54   6   5   0   1   1  1.27 0.69
   28 Q    -2   0   1   1   0   5   2  -2   2  -3  -2  -1  -2  -3  -1   0  -1  -2  -1  -3    3   4   7   8   2  23  13   3   5   2   4   4   1   1   4   8   4   1   2   2  0.38 0.31
   29 Y    -2  -1  -2  -2   0  -1  -1  -3   4  -1  -1  -2   0   3  -2  -2  -1   4   6  -1    3   4   2   3   2   2   4   3   8   3   6   2   2  12   3   3   4   5  25   4  0.57 0.34
   30 Y    -3  -1  -2  -1  -1  -2  -1  -2   4  -1  -1  -1  -2   2   0  -1  -2   4   6  -1    2   3   2   4   1   2   5   3   8   3   6   3   1   8   5   5   3   6  24   4  0.49 0.31
   31 L    -2  -2  -3  -2  -3  -1  -3  -3  -2   2   4  -2   2   1   0  -2  -1  -3   0   0    4   2   1   3   0   3   2   2   1  11  35   2   5   5   5   3   5   0   3   7  0.34 0.23
   32 A     2  -1  -1  -1  -1  -1   0  -1   1  -1  -1  -1   1   0   1   1   0  -1   0   0   18   3   2   4   2   2   5   5   4   3   5   4   4   4   7  12   5   1   3   7  0.09 0.11
   33 E    -2   0   1   2  -4   1   4  -2   2  -2  -3   0  -2  -3   3   0  -1  -3   0  -3    3   4   6  10   0   5  23   3   4   2   3   4   1   1  12   8   4   0   4   2  0.35 0.27
   34 P    -1  -1  -3  -2  -2  -2  -1  -3   0  -3  -3  -1  -3  -3   7  -1   0   2  -3  -1    5   3   1   3   1   2   4   3   2   2   2   3   1   2  46   6   5   3   1   5  0.97 0.56
   35 W    -3  -4  -4  -3  -1  -2  -1  -2  -2  -1   0  -4   2   1  -5  -3  -3  10   3  -1    3   1   1   2   2   2   4   3   1   4   9   1   4   5   1   3   2  38   8   5  1.46 0.71
   36 Q     0   0   0  -1  -4   3   1  -2   2   0   0   0  -1  -2  -1   0   0   4   0   0    7   4   3   3   0  14  11   3   6   5   8   5   1   1   3   6   5   5   3   6  0.17 0.18
   37 F    -2  -2  -2  -4  -3  -2  -3  -5   3   2   1  -3  -1   5  -3  -3  -2   2   5   0    4   3   2   1   1   2   2   1   7   9  13   1   2  21   2   2   2   2  17   6  0.63 0.37
   38 S     1   0   0  -1   0   0  -1   0   1   0  -2  -1  -1  -1  -1   2   1  -2   1   0   13   5   5   2   2   5   2   6   3   5   4   4   2   2   3  15  10   1   6   6  0.09 0.13
   39 M    -1  -4  -6  -4  -1  -4  -6  -4  -6   4   4  -5   3   1  -4  -3  -1   0  -2   3    5   1   0   1   1   1   0   1   0  18  31   0   6   5   1   2   5   1   1  17  0.70 0.41
   40 L    -2  -4  -6  -7  -4  -1  -5  -3  -4   4   4  -4   1   2  -4  -3  -1   0  -2   1    4   1   0   0   0   3   1   3   0  18  38   1   3   7   1   2   4   1   1  10  0.73 0.43
   41 A     4  -3  -4  -5   0  -4  -4   2  -3   0  -1  -4  -2   0  -1   1   0   1   2   0   28   1   1   1   2   1   1  16   1   5   6   1   1   4   3   9   5   2   7   7  0.40 0.33
   42 A     4  -5  -4  -6   0  -5  -5  -1  -3   2   0  -5  -1   0  -2   1   1   1  -3   2   27   1   1   0   2   0   1   6   1  10   9   0   2   4   3   9   7   2   1  14  0.47 0.34
   43 Y    -2  -6  -4  -7  -1  -5  -6  -4  -2   2   1  -7  -1   5  -5  -2  -1   1   6   2    4   0   1   0   1   1   1   2   1  11  12   0   1  17   1   3   4   2  22  15  0.87 0.49
   44 M    -2  -6  -5  -7   0  -4  -6  -5  -4   4   3  -6   5   0  -6  -2   0  -3   4   1    3   0   1   0   2   1   0   1   1  19  24   0  13   4   0   3   5   0  12  10  0.85 0.48
   45 F    -1  -6  -5  -7   0  -7  -7  -1  -5   2   1  -7   1   7  -6  -1   0   1   2   0    5   0   1   0   2   0   0   6   0  10  13   0   3  34   0   5   5   2   5   7  0.89 0.49
   46 L    -2  -8  -7  -9   1  -7  -9  -5  -7   4   4  -8   1   2  -5  -4  -1  -3  -5   3    3   0   0   0   3   0   0   1   0  20  35   0   3   9   1   2   3   0   0  19  1.05 0.56
   47 L    -2  -6  -7  -7  -2  -7  -7  -5  -7   5   3  -8   3   1  -8  -5  -1  -4  -4   3    4   1   0   0   1   0   0   1   0  28  27   0   6   5   0   1   4   0   1  19  1.08 0.57
   48 I     1  -7  -5  -6   2  -6  -7   2  -7   4   0  -7   2   4  -6  -1  -1  -2  -3   2   10   0   1   0   4   0   0  15   0  19   9   0   5  13   0   5   4   1   1  11  0.63 0.39
   49 M    -1  -8  -7  -8  -1  -8  -8  -6  -8   4   3  -7   4   2  -7  -2  -1  -5  -4   4    5   0   0   0   2   0   0   1   0  21  22   0   9   8   0   4   5   0   1  23  0.96 0.52
   50 L    -1  -8  -7  -8   0  -8  -9  -4  -9   4   4  -8   1   3  -7  -3  -1  -5  -6   4    5   0   0   0   2   0   0   2   0  18  29   0   3   9   0   3   4   0   0  24  1.01 0.53
   51 G     1  -7  -5  -4  -3  -9  -8   7 -10  -3  -6  -9  -7  -6 -10   2  -4 -10  -6  -6   12   0   1   2   1   0   0  65   0   2   1   0   0   1   0  12   2   0   0   1  1.83 0.97
   52 F    -2  -5  -1  -5  -1  -5  -5  -4  -4   3   2  -5   0   4  -5  -2   0  -1  -3   3    4   1   4   1   2   1   1   2   0  16  20   1   2  16   1   4   7   1   1  17  0.66 0.32
   53 P     0  -4  -4  -5   1  -5  -5  -1  -4   3   1  -5  -1   3   1   0   1  -5  -3   3    7   1   1   1   2   1   1   6   0  12  14   1   2   9   8   8   8   0   1  16  0.40 0.24
   54 I    -1  -5  -3  -5  -2  -5  -4   6  -5   1   0  -5  -1  -3  -4  -2  -2  -4  -5  -2    6   1   2   1   1   1   2  54   0   7  10   1   2   2   1   3   3   0   0   4  1.14 0.55
   55 N    -9  -8  10  -7 -12  -6  -9  -5  -5  -7  -9 -11 -12 -10 -12  -7  -5 -13 -12  -4    0   0  91   0   0   1   0   2   0   1   0   0   0   0   0   1   1   0   0   2  3.59 1.68
   56 F     1  -8  -4  -8   1  -8  -9   2  -9   3   2  -8   0   2  -8   1   0  -4  -5   1   10   0   1   0   3   0   0  17   0  14  18   0   2   7   0  11   7   0   0  10  0.61 0.39
   57 L    -2  -8  -9 -11   1  -6 -11  -6 -11   3   5  -9   4   1  -8  -3   0  -4  -5   1    4   0   0   0   2   1   0   1   0  13  47   0   7   5   0   3   6   0   0  10  1.20 0.65
   58 T    -1  -7  -7 -12  -5 -11 -12  -9 -12   1  -1  -9  -5  -6  -9  -4   3  -5  -7   7    5   0   0   0   0   0   0   0   0   7   6   0   0   0   0   2  13   0   0  64  1.96 1.01
   59 L    -4 -11 -12 -10   5  -9  -9  -8  -7   6   3 -10   2  -2  -8  -8  -7  -5  -8   3    2   0   0   0  11   0   0   0   0  37  27   0   4   2   0   0   0   0   0  15  1.65 0.81
   60 Y    -1  -1  -8 -10  -3  -7  -8  -4  -1   3   2  -4  -2   3  -8  -4  -3   7   5   2    5   3   0   0   1   0   0   2   2  12  15   2   1  11   0   2   2  12  18  11  0.98 0.55
   61 V     2  -7  -7 -11  -3  -7 -10  -6  -7   5  -1  -8  -2  -2  -9  -1   0  -4  -6   6   13   1   0   0   1   0   0   1   0  24   6   0   1   2   0   4   6   0   0  39  1.30 0.70
   62 T    -5  -4  -6 -10  -3 -10  -9  -6  -7   4   1  -7   1   5  -8  -4   1  -3  -1   4    1   1   1   0   1   0   0   1   0  20  12   0   3  22   0   2   8   0   2  24  1.18 0.62
   63 V     0  -2  -4  -6   2  -5  -6  -2  -2   3   3  -3   2   1  -7   0   0   2   2   1    9   2   1   0   4   1   1   3   1  12  22   2   4   6   0   8   5   3   7   9  0.42 0.27
   64 Q    -2   6  -1  -8   0   0  -6  -4  -1  -4  -2   4  -2  -2  -6   0   1  -3  -2  -4    5  33   3   0   2   4   1   2   1   1   5  20   1   2   0   7   9   0   2   2  0.90 0.58
   65 H    -3   1   5  -1   1  -1  -3  -4   5  -5  -6   0  -4   2  -6   0   2  -2   4  -4    3   6  20   4   2   3   2   2  11   1   1   5   0   7   1   8  10   1  10   1  0.68 0.46
   66 K    -3   5  -2  -6  -7  -1  -3  -6  -1  -6  -7   6  -3  -6   3  -1  -2  -5  -6  -7    3  24   2   1   0   3   2   1   2   1   1  38   1   1  12   6   3   0   0   1  1.27 0.78
   67 K     0   4   0  -3  -3   1  -1  -3   1  -5  -6   4  -3  -5  -3   2  -2  -4  -2  -4    8  17   5   2   1   6   4   2   4   1   1  23   1   1   2  16   3   0   2   2  0.65 0.47
   68 L    -5  -1  -5  -9  -6  -5  -7  -9  -4  -2   5  -2   8  -1  -5  -2  -4  -6  -5  -2    1   4   1   0   0   1   1   0   1   3  45   3  29   2   1   3   2   0   1   3  1.63 0.86
   69 R    -8   8  -4  -5  -3   2  -7  -7   4  -7  -5   2  -3  -6  -6  -4  -6   1  -6  -5    0  57   1   1   1   9   0   1   9   0   2  10   1   1   1   2   1   2   0   1  1.88 1.03
   70 T    -6  -1   3  -6  -6  -1  -7  -6  -2  -4  -7   0  -6  -6  -7   3   7  -4  -6  -3    1   4  10   1   0   3   0   1   1   2   1   6   0   0   0  18  49   0   0   2  1.45 0.89
   71 P     1  -1  -5  -7  -3  -6  -4  -5  -3   0  -4  -3  -1  -5   6   0   1  -3  -7   3   11   4   1   0   1   0   1   1   1   5   2   2   1   1  32   6   8   1   0  20  0.91 0.61
   72 L     1  -2  -3  -7  -4  -3  -6  -3  -3   0   0  -3   2  -1  -1   2   6  -9  -3  -1   10   2   1   0   0   2   1   2   1   5   8   2   4   3   4  12  36   0   1   4  0.76 0.53
   73 N    -4  -3   9  -1  -6  -6  -5  -6   0  -7 -10  -4  -5  -4  -9  -3  -2  -2  -1  -7    2   2  74   4   0   0   1   1   3   1   0   1   0   1   0   3   3   1   2   1  2.51 1.27
   74 Y    -2  -5  -7  -8   0  -6  -9  -8  -4   4   2  -7   5   3  -5  -5  -1   2   6   0    4   1   0   0   2   0   0   0   1  17  15   0  12   9   1   1   4   3  23   6  1.09 0.60
   75 I    -6  -9 -11 -12  -5  -8 -11 -11  -5   1   4 -11   1   7  -8  -8  -7  -3   5  -5    1   0   0   0   0   0   0   0   0   8  30   0   3  37   0   0   0   0  16   1  1.89 0.93
   76 L    -9 -12 -12 -12 -10  -9 -10 -10  -7   6   4  -9   1  -2  -7  -9  -6 -11  -6   4    0   0   0   0   0   0   0   0   0  39  32   0   3   2   0   0   1   0   0  21  1.80 0.89
   77 L     0  -7  -6 -10   1  -7  -8  -4  -6   3   3  -7   4   2  -8  -5  -2  -4  -7   4    9   0   1   0   3   0   0   2   0  12  23   0   7   9   0   1   3   0   0  28  0.97 0.54
   78 N    -4  -8   8  -8  -4  -5 -10  -6   2  -8  -8  -9  -6  -6  -8   3  -5 -13  -7  -8    2   0  67   0   0   1   0   1   4   0   1   0   0   1   0  20   1   0   0   0  2.54 1.33
   79 L    -6  -9  -8 -13 -11  -4 -12  -9  -4  -2   7 -12   3  -5 -12  -9  -6 -12 -11  -2    1   0   0   0   0   1   0   0   1   2  83   0   6   1   0   0   1   0   0   3  2.38 1.19
   80 A     7 -12  -8  -8   2 -11 -11  -5  -7  -5  -7 -11  -5  -6  -7   2  -2 -13 -12  -5   75   0   0   0   3   0   0   1   0   1   1   0   0   1   0  12   3   0   0   1  2.22 1.23
   81 V    -1 -11 -11  -7   2 -11 -11  -8 -11   5   2  -8   2   3  -8  -6  -4  -5  -5   5    6   0   0   1   4   0   0   0   0  25  18   0   4   9   0   1   2   0   1  31  1.29 0.68
   82 A     5  -7  -5  -8   3 -10 -10   0 -10  -4  -4 -10  -5  -1 -10   5  -1  -6  -7  -4   41   0   1   0   4   0   0   6   0   1   2   0   0   3   0  34   4   0   0   2  1.43 0.89
   83 D    -8  -8  -1   9  -4  -8  -6  -5  -6 -12  -9 -11  -7 -13 -11  -5  -7 -13 -12  -9    1   0   3  89   1   0   1   2   0   0   0   0   0   0   0   1   0   0   0   0  3.26 1.60
   84 L    -4  -8  -7  -7  -1  -6  -6  -6  -6   3   6  -8   1   4  -7  -6  -4  -3  -6  -2    2   0   0   0   2   0   1   1   0  13  53   0   3  15   0   1   2   1   0   4  1.44 0.76
   85 F    -3  -8  -6  -9   2  -6  -7  -3  -6   2   5  -8   3   4  -7  -3  -2  -4  -3   0    3   0   0   0   4   0   0   3   0  10  43   0   6  16   0   3   3   0   1   6  1.12 0.62
   86 M    -3  -6  -4  -7  -1  -4  -5  -6  -4   2   3  -7   7   2  -6  -3  -1  -8  -1   4    3   0   1   0   1   1   1   1   1  10  22   1  20   7   1   2   4   0   2  21  1.03 0.59
   87 V     2  -6  -4  -6   4  -6  -7  -1  -7   2   2  -7   6  -4  -3   1   1  -8  -4   2   13   1   1   1   7   0   0   6   0  10  17   0  14   1   2   9   7   0   1  11  0.67 0.43
   88 F    -2  -6  -5  -6   3  -7  -6  -4  -7   3   3  -7   1   5  -4  -2  -1  -4  -2   2    4   1   1   1   5   0   1   2   0  16  24   0   3  17   1   4   5   0   2  14  0.79 0.43
   89 G     0  -5  -1  -4   3  -4  -3   0  -4   1   2  -2   0   3  -3   0   2  -1  -1   1    8   1   3   1   6   1   2   7   1   7  16   3   2  12   2   7  12   1   2   8  0.30 0.21
   90 G     0  -4   1  -4   5  -2  -3   3  -3  -2  -1  -3   3  -3   1   0  -1  -3  -2   0    9   1   6   1  10   2   2  18   1   3   7   2   6   2   7   7   4   1   2   7  0.32 0.28
   91 F    -2  -6  -4  -6   1  -5  -5  -4  -3   2   1  -6   5   5   1  -2  -2   0   2   1    5   1   1   1   2   1   1   2   1  10  14   1  12  19   7   3   3   1   5   8  0.62 0.42
   92 T    -3  -5  -3  -5  -3  -3  -7  -6  -4  -1  -1  -6  -2   1   7  -2   2  -1  -4  -1    3   1   1   1   1   2   0   1   1   4   7   1   1   5  48   4  11   1   1   4  1.22 0.89
   93 T     0  -4  -1  -4  -4  -1  -2  -5  -2   2   1  -5   2   4   0  -1   1   2  -2   1    8   1   3   1   0   3   3   1   1   9  14   1   5  16   6   4   9   2   1   8  0.34 0.29
   94 T     0  -3   0  -2   0  -2   0  -3  -2   0  -1  -4   2   1   0   1   3   0  -2   0    8   1   5   3   2   2   7   2   1   5   6   1   5   6   5   9  19   1   2   7  0.21 0.25
   95 L    -1  -4  -5  -4  -1  -4  -6  -4  -3   4   3  -5   2   2  -1  -3  -2  -2   0   3    6   1   1   2   1   1   1   2   1  16  24   1   4   8   3   2   3   1   3  16  0.54 0.37
   96 Y     0  -5  -2  -3  -4  -3  -6  -3   1   2  -1  -5   0   2  -3  -1  -1   2   6   1    7   1   2   2   0   2   1   3   3  11   7   1   2   6   2   5   5   3  24  10  0.59 0.43
   97 T     1  -1   3  -2  -2  -1  -2  -2  -1   0  -2  -3  -1  -1  -3   2   2   2   1   0   10   3  13   3   1   3   3   3   1   5   5   1   2   3   2  14  13   3   5   6  0.23 0.26
   98 S     1  -2   1  -1   2  -1  -2  -2  -1   0   0  -3   1   2  -2   3   0   0   1  -1   11   2   7   3   4   3   2   3   1   5   8   2   4   7   2  17   5   1   4   4  0.15 0.19
   99 L    -1  -3  -3  -5  -1  -3  -5  -4  -3   3   3  -4   2   4  -2  -3  -2   4   1   1    5   2   2   1   1   1   1   2   1  13  23   1   4  14   3   2   3   5   5   8  0.53 0.35
  100 H    -1   0   3  -2  -2   0  -1  -1   5  -2   0  -2   0  -1  -3   0   1   0   3  -2    5   5  11   2   1   4   4   5  13   3   9   3   3   3   2   6   7   1   9   3  0.31 0.24
  101 G    -1   1   1   0  -2   1   0   4   1  -2  -3   0  -2  -2   0  -1  -1   0  -2  -2    5   7   6   6   1   7   6  25   3   2   3   6   1   2   4   5   5   1   2   4  0.26 0.22
  102 Y    -3   2   0  -1  -2  -1  -1   1   2  -2  -4  -1  -2   1  -1  -1   0   3   5  -3    2  11   4   3   1   3   5  10   5   2   2   4   1   5   3   5   7   4  14   3  0.30 0.29
  103 F    -4  -4  -3  -5  -2  -4  -5  -4   0  -3  -2  -3  -2   4  -3  -4  -4  11   2  -4    2   2   1   1   1   1   1   2   2   2   5   2   1  14   2   2   1  46   5   2  2.17 1.19
  104 V    -1   0  -1  -3  -1  -2  -3  -5  -2   3   1  -2   1  -2   3  -2   0   0   0   3    6   5   3   2   1   2   2   1   1  14  11   2   3   2  14   3   6   1   4  15  0.29 0.25
  105 F    -2  -4  -3  -4  -3  -3  -4  -2  -1  -2   2  -3   0   7  -4  -4  -1   4   2  -4    4   1   1   1   1   2   2   4   2   3  16   2   2  40   1   2   4   5   6   1  1.13 0.65
  106 G    -3  -4  -2  -2  -3  -4  -3   7  -1  -3  -5  -4  -3  -5  -1  -1  -3   1  -3  -4    2   2   2   3   1   1   2  60   2   2   2   2   1   1   3   6   2   2   1   2  1.32 0.81
  107 P    -1   0   1   2  -2   0   2  -3   1  -2  -3   0  -1  -3   3   0  -1   0  -1  -3    6   6   6  11   1   3  12   2   3   2   4   6   1   1  14   8   5   1   2   3  0.23 0.25
  108 T     1  -2  -2  -2  -1  -1  -2  -2   0   1   1  -2   2   2  -1  -1   2   1   0   1   10   2   2   3   1   3   3   3   2   6  11   2   5   9   3   5  12   2   3  10  0.12 0.13
  109 G    -1  -2  -2  -3  -2  -1  -4   3  -1  -1   1  -3   5   1  -3  -2  -1   4   1  -1    5   2   2   2   1   3   2  23   1   4  12   2  10   6   2   4   4   5   5   5  0.39 0.30
  110 C    -5  -3  -3  -4  11 -10  -4  -5  -2  -3  -4  -4  -2  -2  -4  -4  -4   1 -10  -2    2   2   1   2  68   0   1   2   1   2   2   1   1   2   1   2   2   2   0   3  2.93 1.38
  111 N    -2   1  -1   0   0   2   0  -3   1   0  -2   4   0  -2  -2  -2  -1   1   0  -1    3   6   3   4   2   8   5   2   4   6   5  22   2   2   2   4   4   2   4   5  0.21 0.23
  112 L    -1  -2  -1  -7   1  -1  -6  -2   1   3   2  -6   2   3  -2  -2  -1   3   0   1    5   3   3   0   3   3   0   4   3  13  18   0   5   9   3   3   4   4   3   8  0.31 0.24
  113 E    -2  -1   0  -1   1   0  -1  -2   1   0   0  -1   1   0  -2   1   1   2   3   1    3   3   4   3   3   4   5   3   3   5   8   3   3   4   3  10   7   3  10   9  0.07 0.13
  114 G     1   0   1  -2   0  -1  -1   2   1  -1  -1  -2   1  -1   0   0   0   2   0  -1   10   5   7   3   2   3   3  13   3   4   5   3   4   3   5   7   5   3   3   4  0.04 0.10
  115 F    -1   0   0   0   2   0  -2  -1   2   0  -1   0   1   0   0   0   0   3   1  -1    5   5   5   5   5   5   0   5   5   5   5   5   5   5   5   5   5   5   5   5  0.03 0.11
  116 F    -1   0   0   0   2   0  -1  -1   2   0  -1   0   2   0   0  -1   0   4   1  -1    5   5   5   5   5   5   5   5   5   5   5   5   5   5   5   5   5   5   5   5  0.03 0.09
  117 A     0   0   0  -1   1   3  -1   0   0   0  -2  -1   1   0  -1  -1  -1   2   0  -1    7   5   4   4   3  12   4   8   3   6   4   4   4   3   3   6   5   3   4   5  0.04 0.12
  118 T    -1   0   0   0   2   0  -1  -1   2   0  -1   0   2   0   0  -1   0   4   1  -1    5   5   5   5   5   5   5   5   5   5   5   5   5   5   5   5   5   5   5   5  0.03 0.09
  119 L     0  -2   0  -2   2   0   0  -1   2   0  -1  -2   1   1   0   0   0   3   1   0    6   0   5   0   5   5   6   6   5   6   6   0   5   5   6   6   6   5   5   6  0.05 0.16
  120 G    -1  -2   0   0   2   0   0  -1   2   0  -1   0   1   0   0   0   0   3   1  -1    5   0   5   5   5   5   5   5   5   5   5   5   5   5   5   5   5   5   5   5  0.03 0.11
  121 G     0  -3  -2  -4   2  -1  -4   4  -3   0   0  -4   1  -1  -4   0  -1  -2  -2   2    9   2   1   1   4   2   1  32   1   5   8   1   4   3   1   8   4   1   1  14  0.42 0.32
  122 E     0  -2  -1  -3   3  -2  -2  -1  -1   2   1  -3   1   2  -3   0   1  -1   3   0    7   2   3   1   6   2   3   5   1  14  13   1   3  10   1   8   7   1   9   4  0.17 0.17
  123 I     3  -4  -2  -4   1  -3  -3   1  -3   1  -1  -4  -1  -1  -4   1   1  -1  -3   3   21   1   2   1   2   1   1   9   0   6   6   0   2   2   1   9  10   1   0  24  0.38 0.33
  124 A     0  -4  -2  -4   0  -1  -2  -1  -1  -4  -4  -5  -1  -4  -5   6   0  -6  -4  -3    8   1   2   1   2   3   2   5   1   1   2   0   2   1   0  61   6   0   1   2  1.15 0.74
  125 L    -1  -4  -4  -5  -2  -4  -4  -3  -5   6   1  -5   2  -2  -4  -1   0  -3  -4   3    5   1   1   0   1   1   1   3   0  39  11   0   4   2   1   6   7   0   0  18  0.79 0.46
  126 W    -1  -5  -1  -4   1  -2  -4  -2   1   0   2  -5   2   5  -5  -2   0   7   3  -2    4   0   3   1   3   2   1   3   3   6  16   0   6  19   1   3   6  12   8   2  0.63 0.41
  127 S    -3  -4   1  -4   0   0  -5  -3   2  -1  -2  -4  -1   0  -5   3   6  -2  -5  -3    2   1   7   1   2   4   0   2   4   3   4   1   1   4   1  18  44   1   0   2  0.93 0.65
  128 L    -5  -4  -1  -5  -3  -4  -6  -7  -1   3   5  -6   4   1  -5  -3  -4  -6  -3  -1    1   1   3   1   1   1   0   0   2  12  55   0  10   5   1   2   1   0   1   3  1.14 0.64
  129 V     3  -5  -4  -6   3  -4  -4  -1  -6   0  -1  -4   3  -2  -4  -1   4  -3  -3   3   21   1   1   0   5   1   1   6   0   4   7   1   6   2   1   4  24   0   1  17  0.59 0.45
  130 V     4  -6  -4  -5   2  -5  -4  -2  -3   1   0  -5   2   0  -4  -2   0  -1  -2   2   35   0   1   1   4   0   1   3   1   7  10   0   5   3   1   2   5   1   1  15  0.53 0.44
  131 L    -3  -7  -8  -5  -7  -4  -8  -6  -8   7   2  -7   5   0  -8  -4  -2  -7  -6   0    3   0   0   1   0   1   0   1   0  46  19   0  11   3   0   1   3   0   0   7  1.36 0.73
  132 A     5  -4  -4  -5   0  -4  -6  -2  -7  -7  -5  -6  -7  -5  -7   5   1  -8  -4  -3   39   1   1   1   2   1   0   3   0   0   1   0   0   1   0  35   9   0   1   2  1.21 0.82
  133 I    -1  -5  -5  -7   1  -5  -5  -4  -3   4   2  -5   0   2  -7  -4  -4   3   2   3    5   1   1   0   2   1   1   2   1  22  17   1   2   8   0   2   1   3   7  21  0.70 0.46
  134 E    -5  -4   2   6  -3  -2   4  -3   0  -3  -5  -4  -3  -2  -5  -3  -3   2  -2  -2    1   1   8  39   1   2  21   2   2   2   1   1   1   2   1   2   2   2   2   3  1.01 0.68
  135 R    -4   8  -3  -8  -3  -3  -5  -8  -2  -3  -5  -1  -1  -9  -5  -5  -5  -2  -4  -5    2  75   1   0   1   1   1   0   1   2   1   4   2   0   1   1   1   1   1   1  2.26 1.21
  136 Y    -5  -3  -4  -8   2  -4  -8  -8   2  -4  -2  -5  -1   4  -8  -4  -4   2   9  -4    1   2   1   0   3   1   0   0   4   1   4   1   1  13   0   2   1   2  57   1  2.08 1.11
  137 V    -3   0   0  -4   2  -2  -5  -5   1   3   2  -2   2   2  -7  -3  -2   2   2   2    2   6   4   1   4   2   1   1   4  16  18   3   4   7   0   2   3   2   6  11  0.42 0.27
  138 V     4  -3  -3  -4   0  -3  -4  -3   2   1  -1  -2   1  -2  -4  -1   1  -8   0   3   26   2   1   1   2   1   1   3   4   8   6   2   3   2   1   4   9   0   3  19  0.46 0.34
  139 V    -4  -4  -4 -10  -1  -9  -9  -5  -2   7  -2  -9   1  -2  -9  -4  -1   0   0   4    2   1   1   0   1   0   0   2   1  48   5   0   3   2   0   2   4   1   3  21  1.49 0.76
  140 C     0  -1  -2  -3   7  -1  -3  -3   1  -1  -2  -2   2  -1  -3  -1   0   1  -1   3    8   3   2   2  16   4   2   2   4   4   5   3   5   3   2   5   7   2   2  19  0.49 0.34
  141 K    -2   2   0  -2   1   0  -2  -3   5  -2  -2   3   0   0  -1   0  -1   2   2  -2    4  10   4   3   3   5   3   3  12   3   4  16   3   4   3   8   4   3   5   3  0.34 0.26
  142 P    -1   0   0   0   2   0   0  -1   2   0  -1   0   2   1   0  -1   0   4   1  -1    5   5   5   5   5   5   5   5   5   5   5   5   5   5   5   5   5   5   5   5  0.09 0.08
  143 M    -2  -1  -1  -1   1   0  -2  -2   1   1   2  -1   3   3  -2  -1  -1   2   0   0    3   4   4   4   3   4   3   3   4   7  17   3   7  10   3   4   4   3   3   7  0.17 0.12
  144 S    -1   0   0   0   2   0   0  -1   2   0  -1   0   2   1   0  -1   0   4   1  -1    5   5   5   5   5   5   5   5   5   5   5   5   5   5   5   5   5   5   5   5  0.09 0.08
  145 N    -1   0   0   0   2   0  -1  -1   2   0  -1   0   2   0   0  -1   0   4   1  -1    5   5   5   5   5   5   5   5   5   5   5   5   5   5   5   5   5   5   5   5  0.03 0.09
  146 F    -1   1   0  -1   1   0  -1  -2   2   0   0   0   1   1   0   0   0   2   1   0    5   6   4   3   3   4   4   4   5   7   8   7   4   6   4   6   6   3   6   6  0.07 0.06
  147 R    -1   0   0   0   2   0  -1  -1   2   0  -1   0   2   0   0  -1   0   4   1  -1    5   5   5   5   5   5   5   5   5   5   5   5   5   5   5   5   5   5   5   5  0.03 0.09
  148 F    -3  -1  -2  -3   0  -2  -3  -3   0   2   2  -2   4   2  -2  -2   0   4   1   0    3   4   2   2   2   2   2   2   2   9  18   3   9   8   3   4   5   5   5   6  0.28 0.23
  149 G    -1   1   0  -1   1   0  -2   0   1  -2  -3   0   0  -1  -1   1   3   2   0  -2    5   7   5   3   3   3   3   8   3   3   3   5   3   3   4  12  17   2   3   3  0.14 0.21
  150 E    -1   0   0   0   2   0  -1  -1   2   0  -1   0   2   0   0  -1   0   4   1  -1    5   5   5   5   5   5   5   5   5   5   5   5   5   5   5   5   5   5   5   5  0.03 0.09
  151 N    -2   3   1  -2   1   0  -2  -2   1  -1  -2   2   0  -1   0   0   0   2   0  -1    4  14   7   3   3   3   3   4   3   3   4  11   3   3   5   8   6   2   3   4  0.12 0.17
  152 H    -1   0   0   0   2   0  -1  -1   2   0  -1   0   2   0   0  -1   0   4   1  -1    5   5   5   5   5   5   5   5   5   5   5   5   5   5   5   5   5   5   5   5  0.03 0.09
  153 A     4  -1  -1  -2   2  -1  -2  -2   0  -1  -3  -1   1  -1  -2  -1   1   2   0   0   28   4   3   3   4   3   3   3   2   4   3   3   3   3   3   5   8   2   3   6  0.24 0.26
  154 I    -1   0   0  -2   2   0   0  -1   2   0  -1   0   1   0   0   0   0   3   1   0    5   5   5   0   5   5   5   5   5   5   5   5   5   5   5   5   5   5   5   5  0.03 0.11
  155 M    -1   0  -2  -4   1  -1  -4  -2  -1   2   2   0   3   1  -2  -2  -1   2   0   1    6   5   2   0   4   3   0   4   2  13  20   5   8   5   2   2   3   3   3   8  0.17 0.22
  156 G     0   0  -2  -3   1  -1  -2   0  -1   2   0  -1   2   0  -2  -1   0   2   0   1   10   6   2   0   3   2   2   7   2  12  10   2   7   4   1   4   7   3   4   8  0.04 0.13
  157 V    -1   0   0  -2   2   0   0  -1   2   0  -1   0   1   0   0   0   0   3   1   0    5   5   5   0   5   5   5   5   5   5   5   5   5   5   5   5   5   5   5   5  0.03 0.11
  158 A     3  -2  -3  -4   2  -2  -3  -1  -3   2   1  -2  -1   0  -3   1   0   1  -2   1   22   2   1   1   5   1   1   5   1  10  13   2   2   4   1   9   4   2   1  10  0.19 0.26
  159 F     0  -2  -2  -4   1  -3  -4  -1  -2   2   2  -3   0   4  -3  -2  -1   2   0   1    9   2   2   0   3   1   0   6   1  11  17   1   2  17   1   3   3   3   3  10  0.24 0.26
  160 T     1  -2  -2  -3   2  -3  -4  -2  -1   4  -1  -3   0  -2  -1   1   2  -1  -2   2   11   2   2   1   4   1   0   2   2  23   5   1   2   1   3   9  12   1   1  14  0.28 0.32
  161 W    -3  -4  -4  -4  -1  -3  -7  -5  -2  -2  -2  -7  -2  -1  -4  -4  -3  12   1  -3    2   1   1   1   1   1   0   1   1   2   4   0   1   2   1   1   2  65   4   2  2.84 1.45
  162 V     0  -1  -3  -2   0  -2  -2  -2  -1   3   1  -2   1   1  -2  -1   0   2  -1   2    8   3   0   3   2   1   2   3   2  17  15   1   3   6   1   4   5   2   2  15  0.14 0.19
  163 M    -1  -2  -2  -4   0  -2  -3  -2   0   2   1  -2   2   2  -2  -2   0   4   2   1    5   2   2   0   2   1   1   2   3  10  16   2   5   8   2   3   6   6   7  11  0.20 0.23
  164 A     2  -1  -1  -1   2  -1  -1   0  -3  -1  -1  -2   0  -1   0   2   0   2   0   0   16   3   3   3   5   3   3   7   0   3   6   0   3   3   4  18   4   3   3   7  0.08 0.20
  165 L     0  -1  -1  -3   1  -2  -3  -1   0   1   1  -1   1   1  -1  -1   0   2   1   0   10   3   3   0   3   0   0   4   3  10  17   3   4   6   3   5   5   3   6   7  0.07 0.14
  166 A     1  -2  -1  -3   0  -1  -2   0   0   1   1  -1   1   0   0   0   0   1  -1   1   15   2   2   0   2   2   2   6   2   8  13   4   3   5   5   7   4   2   2  11  0.03 0.12
  167 C     0  -5  -4  -5   5  -4  -5  -5  -3   2   2  -5   1   2  -2  -1  -1   7  -1   1    8   1   1   1  10   1   1   1   1  10  15   1   4   8   2   5   3  12   2   8  0.62 0.43
  168 A     2  -2  -1  -2   1  -2  -1  -1  -1  -1  -1  -2   2  -1  -1   2   2   1  -1   0   17   2   3   2   3   2   4   5   2   4   6   2   5   3   3  13  10   2   2   6  0.13 0.21
  169 A     0  -2  -2  -2   1  -2  -2  -1  -1   3   1  -3   2  -1  -2   0   0   0  -1   1    7   2   2   2   3   2   3   4   2  15  14   2   5   3   2   8   6   2   2   9  0.12 0.14
  170 P    -1   0   0   0   2   0  -1  -1   2   0  -1   0   2   0   0  -1   0   4   1  -1    5   5   5   5   5   5   5   5   5   5   5   5   5   5   5   5   5   5   5   5  0.03 0.09
  171 P    -1   0   0   0   2   0  -1  -1   2   0  -1   0   2   0   0  -1   0   4   1  -1    5   5   5   5   5   5   5   5   5   5   5   5   5   5   5   5   5   5   5   5  0.03 0.09
  172 L     0  -3  -2  -3   1  -2  -3  -3  -1   1   4  -3   2   3  -3  -3  -2   2   0   0    8   2   2   2   2   2   2   2   2   8  29   2   5  10   2   3   2   3   3   6  0.36 0.28
  173 V    -1  -2  -2  -3   0  -2  -2  -3   0   3   1  -3   1   3  -3  -2  -1   1   0   3    5   2   2   2   2   2   3   2   2  14  13   2   4  10   2   3   4   2   4  18  0.29 0.22
  174 G    -1  -2   0  -2   0   0  -2   3   1   0  -2  -2   0   1  -2   0   0   1   1  -1    5   2   5   3   2   4   3  22   3   5   4   3   3   6   2   6   6   2   4   5  0.14 0.16
  175 W    -1   0   0   0   2   0  -1  -1   2   0  -1   0   2   0   0  -1   0   4   1  -1    5   5   5   5   5   5   5   5   5   5   5   5   5   5   5   5   5   5   5   5  0.03 0.09
  176 S     0   0   0   0   2   0   0  -1   1   0  -1   0   1   0   0   0   0  -2   1   0    5   5   5   5   5   5   5   5   5   5   5   5   5   5   5   5   5   0   5   5  -0.00 0.06
  177 R    -1   3   0  -1   0   1   1  -2   1  -1  -1   0   1  -1  -1  -1   0   2   0  -1    4  13   4   4   2   5   8   3   4   4   6   7   3   3   3   5   5   2   3   5  0.04 0.10
  178 Y    -1   0   0   0   2   0  -1  -1   2   0  -1   0   2   0   0  -1   0   4   1  -1    5   5   5   5   5   5   5   5   5   5   5   5   5   5   5   5   5   5   5   5  0.03 0.09
  179 I    -1   0   0   0   2   0  -1  -1   2   0  -1   0   2   0   0  -1   0   4   1  -1    5   5   5   5   5   5   5   5   5   5   5   5   5   5   5   5   5   5   5   5  0.03 0.09
  180 P    -1   0   0   0   2   0   0  -1   2   0  -1   0   2   1   0  -1   0   4   1  -1    5   5   5   5   5   5   5   5   5   5   5   5   5   5   5   5   5   5   5   5  0.09 0.08
  181 E    -2   0   0   2   0   0   3  -1   2  -1  -2  -1   1   0  -1  -1  -1   2   0  -1    4   5   5   9   2   5  15   5   5   4   4   4   3   4   4   5   5   3   3   4  0.12 0.15
  182 G    -1  -1   1   1   1   0  -1   2   1  -1  -2   0   0   0   0   0   0   2   0  -1    6   4   6   8   3   3   5  17   3   4   4   5   3   5   5   6   5   3   4   4  0.10 0.10
  183 M    -1   0   0   0   2   0  -1  -1   2   0  -1   0   2   0   0  -1   0   4   1  -1    5   5   5   5   5   5   5   5   5   5   5   5   5   5   5   5   5   5   5   5  0.03 0.09
  184 Q    -1   0   1   0   0   2   0  -1   2  -1   0   0   2   0  -1   0   0   2   0  -1    4   5   6   5   2   8   6   6   5   4   8   5   5   4   3   6   5   3   4   4  0.03 0.08
  185 C    -1  -2  -1  -2   6  -2  -2  -1   0   0  -1  -2   0   0  -1  -1   3   1   1   0    5   2   3   3  15   2   3   4   3   6   6   3   2   4   4   5  15   2   4   8  0.36 0.25
  186 S    -1   0   0   0   2   0  -1  -1   2   0  -1   0   2   0   0  -1   0   4   1  -1    5   5   5   5   5   5   5   5   5   5   5   5   5   5   5   5   5   5   5   5  0.03 0.09
  187 C    -1   0   0   0   2   0  -1  -1   2   0  -1   0   2   0   0  -1   0   4   1  -1    5   5   5   5   5   5   5   5   5   5   5   5   5   5   5   5   5   5   5   5  0.03 0.09
  188 G    -1  -1   1  -1   3  -1  -1   2   0  -2  -2  -1   0   0  -2   1   1   1   0  -1    6   4   6   4   5   3   4  16   3   3   4   4   2   4   3  12   8   2   3   4  0.15 0.14
  189 I    -2  -2  -2  -3   2  -2  -1  -3  -1   3   1  -2   1   2   0  -2   0   2   0   2    4   3   2   2   5   2   5   2   1  16  12   2   3   7   5   3   5   3   3  12  0.24 0.17
  190 D    -2   0   1   5   3   0   1  -2   0  -1  -3  -1  -1  -2  -1  -1   0   0  -2  -1    4   4   7  25   5   4  10   3   2   4   3   4   2   2   3   5   6   1   2   4  0.37 0.28
  191 Y    -3  -1  -1  -3   2  -1  -2  -3   1  -1  -1  -3   0   3  -2  -2  -2   8   6  -1    3   3   3   2   3   3   4   3   3   4   5   2   2  12   3   3   3  15  19   5  0.78 0.47
  192 Y    -2  -2  -1  -2   3  -2  -1  -3   2  -1   0  -2  -1   2   2  -1  -1   4   4  -1    4   3   3   3   6   2   5   3   4   4  10   3   2   8  10   5   4   5  13   4  0.31 0.22
  193 T    -1  -1   0   0   1  -1   0  -1   0   0  -1  -1  -1  -1   0   2   3   2   0  -1    6   3   4   5   3   3   6   4   2   5   6   3   2   3   5  14  15   3   3   5  0.12 0.14
  194 P    -1  -1  -1   0   2  -1   0  -1   0  -1  -2  -1  -1   0   5  -1  -1   2  -1  -1    5   3   3   5   4   4   6   5   2   3   5   4   2   4  26   5   5   3   2   5  0.37 0.27
  195 H    -1   0   0   0   2   0  -1  -1   2   0  -1   0   2   0   0  -1   0   4   1  -1    5   5   5   5   5   5   5   5   5   5   5   5   5   5   5   5   5   5   5   5  0.03 0.09
  196 E    -1   0   0   1   1   1   1  -1   1  -1  -2   0   1   0   1   0  -1   3   0  -2    5   5   5   8   3   6  10   4   3   3   4   6   3   4   8   7   4   4   3   4  0.11 0.12
  197 E    -1   0   0   3  -1   2   3  -2   0  -2  -2   1  -1  -1  -1   0   0   2   0  -2    5   5   4  14   1   7  15   4   2   3   4   7   2   3   4   6   6   3   3   3  0.19 0.19
  198 T    -1  -1  -1  -2  -1  -1  -2  -2   0   0   0  -1   1   0   0   1   3   4   0   0    5   3   3   3   1   3   3   4   2   5   8   4   3   4   4  10  17   6   3   6  0.15 0.17
  199 N    -1   0   0   0   2   0  -1  -1   2   0  -1   0   2   0   0  -1   0   4   1  -1    5   5   5   5   5   5   5   5   5   5   5   5   5   5   5   5   5   5   5   5  0.03 0.09
  200 N    -1   1   3   0  -2   0   0   0   1  -2  -3   0   0  -1  -1   1   0   1   0  -2    4   7  13   6   1   5   5   7   3   2   3   6   2   3   3  12   6   2   3   4  0.12 0.16
  201 E    -1   2   0  -1  -1   1   1  -3   1  -1  -1   2   0  -1  -1  -1  -1   1   1  -1    4  11   4   4   1   7   8   2   4   4   6  12   2   3   4   5   4   2   5   5  0.12 0.14
  202 S     1  -2  -1  -2  -1  -1  -3  -1   0   1  -1  -2   0   0  -1   3   1   1   2   0   11   2   3   2   2   2   2   4   2   8   7   3   2   4   3  21   8   2   6   6  0.18 0.20
  203 F    -4  -2  -3  -4  -1  -2  -4  -5   0  -1  -1  -3   1   6  -2  -3  -3   3   7  -3    2   2   2   1   1   2   1   2   2   4   6   2   3  25   3   2   2   3  29   2  1.17 0.69
  204 V     0  -2  -1  -2   1  -1  -2  -2   0   2   0   0   2   0  -2  -1   1   2   0   2    7   2   4   3   3   3   2   3   2  12   9   6   4   4   2   4   9   3   4  14  0.16 0.12
  205 I    -1  -3  -3  -4   0  -3  -3  -3  -1   4   2  -2   2   0  -3  -3   0   3   1   2    5   2   2   1   2   2   2   3   2  19  19   3   5   4   1   3   5   3   4  13  0.40 0.25
  206 Y     0  -3  -4  -5   2  -4  -5  -2   1   0   0  -3   0   4  -4   0   0   1   6   1    7   2   1   1   4   1   1   3   3   5   8   2   2  15   1   7   5   2  20   8  0.58 0.39
  207 M    -1  -2  -1  -3   1   0  -3  -2   0   2   2  -2   3   0  -2   1   0   1   2   0    6   3   3   2   2   5   2   4   2   9  17   2   8   4   2   9   6   2   6   6  0.16 0.15
  208 F    -2  -7  -2  -3   1  -2  -3  -2   1   0   1  -3   2   6  -3   0   0   2   2  -1    4   0   3   2   2   2   2   3   3   6  12   2   4  26   2   8   5   2   5   5  0.56 0.35
  209 V    -1  -3  -2  -3   2  -2  -3  -3  -1   3   1  -3   1   2  -3  -2   0   1  -1   3    5   2   2   2   4   2   2   3   2  16  15   2   3   7   2   4   5   2   2  18  0.35 0.23
  210 V    -1  -7  -3  -4   2  -4  -3  -2  -2   2   1  -4   1   4  -4  -3  -1   2  -2   4    6   0   2   1   4   1   3   4   1  10  14   1   3  13   1   3   4   3   2  22  0.45 0.31
  211 H     0  -2  -1  -3   3   1  -3   1   2   1  -1  -3   1   2  -3   1  -1   0   2   0    7   2   3   2   5   6   2  10   4   6   6   1   3   8   2  10   3   1   7   7  0.14 0.15
  212 F    -3  -1  -2  -2   1  -2  -3  -3   1   0  -2  -2   0   5  -2  -3  -2   2   5  -1    3   3   3   2   3   2   2   3   3   5   5   2   2  22   3   3   3   3  19   4  0.61 0.43
  213 I    -1  -6  -1  -2   2  -1  -2   0   2   2   1  -6   1   1  -2  -2  -1   3   1   2    6   0   3   3   3   3   3   7   4  12  12   0   3   6   3   3   3   3   4  12  0.18 0.17
  214 I    -1  -4  -3  -5   1  -3  -3  -3  -2   4   3  -4   1   1  -2  -3  -1   0  -1   2    5   1   1   0   3   1   1   2   1  22  25   0   2   6   2   1   3   1   2  15  0.43 0.36
  215 P    -2  -2  -3  -6  -2  -3  -4  -3  -1  -2  -3  -4  -3  -2   8  -2  -3  -7  -3  -2    4   2   1   0   1   1   1   2   1   2   3   1   1   2  64   4   2   0   1   3  1.62 1.00
  216 L    -3  -4  -3  -6   1  -2  -4  -3  -5   1   4  -4   3   2  -3  -2  -1   0  -1   1    2   1   1   0   3   2   1   2   0   6  43   1   8   7   2   3   4   1   2   8  0.55 0.46
  217 I     0  -3  -3  -4   1  -3  -3  -2  -4   3   2  -3   1   2  -3   0   1  -1  -1   1    8   2   1   1   2   1   1   4   0  19  18   1   3   8   1   7   8   1   2  11  0.24 0.26
  218 V     0  -1  -1  -1   1  -2  -1  -2  -3   2   1  -2   1   0  -1  -1   0   2   0   2    6   5   3   3   3   0   3   3   0  16  14   0   4   4   3   5   5   3   3  13  0.05 0.15
  219 I    -1  -1  -1  -3   1  -1  -3  -2   0   4   1   0   3   0   0  -1  -1  -3   0   1    3   3   3   0   3   3   0   3   3  28   9   6   8   3   4   3   4   0   3   7  0.16 0.26
  220 F     0  -1  -2  -2   2  -2  -2   0  -3   2   0  -2   0   1  -2   1   0   2   1   1    6   4   1   1   5   1   2   6   0  13   9   2   3   6   1  10   7   3   5   9  0.06 0.14
  221 F    -2  -3  -3  -5   0  -2  -3  -2  -1   1   1  -2   0   4  -3  -2  -1   3   4   1    3   2   1   0   2   2   2   3   2   8  12   2   2  17   1   4   4   3  15  12  0.35 0.31
  222 C     0  -1  -3  -2   8  -3  -3  -3   0  -1   0  -3   0   1  -3   1  -1   1  -1  -2    7   4   2   2  26   1   2   2   2   4  11   2   2   6   1  11   4   2   2   3  0.58 0.44
  223 Y    -4   0  -3  -5  -1  -3  -4  -3   0  -1  -3   0  -2   0  -4  -2  -3   0   9  -2    1   5   1   1   2   1   1   3   2   4   2   6   1   4   1   3   2   1  54   4  1.54 0.90
  224 G     1  -1  -1  -3   0  -1  -2   2  -1   0  -1   0   0   0  -2   1   1   2   1   0    9   4   3   1   2   2   1  14   1   5   7   5   2   4   1  12  10   3   5   7  0.09 0.14
  225 Q    -2   4  -1  -3   0   2  -1  -2   2  -1   0   2   2   0  -3   0  -2  -1   0  -2    4  19   3   1   2   7   4   3   5   3   8  12   6   5   1   7   2   1   3   3  0.24 0.25
  226 L    -2  -1  -2  -7  -2  -3  -4  -5  -3   6   2  -2   4  -3  -5  -4  -3  -2  -2   1    3   4   2   0   1   2   2   1   1  38  18   3   8   1   1   1   2   1   2   9  0.84 0.53
  227 V    -1  -1  -4  -5   0  -4  -4  -1  -2   2   2  -2   1   2  -4  -2  -1   3   1   3    6   3   1   1   2   1   2   5   1  12  17   3   3   7   1   3   5   3   5  17  0.32 0.23
  228 F    -1   2  -2  -5   0   0  -4  -3   1   1   1   0   2   3  -5  -1  -2   4   2  -1    5  10   2   1   2   4   1   2   3   8  12   6   5  11   1   6   3   5   6   5  0.27 0.22
  229 T     1   2  -1  -3  -1  -1  -1  -2   2   0  -3   2   0  -2  -4   1   3  -1  -2  -1   11  10   3   2   1   3   4   4   4   5   3  10   2   2   1  11  16   1   1   5  0.24 0.24
  230 V    -1   0   0   0   2   0  -1  -1   2   0  -1   0   2   0   0  -1   0   4   1  -1    5   5   5   5   5   5   5   5   5   5   5   5   5   5   5   5   5   5   5   5  0.03 0.09
  231 K    -1   3  -1  -1   1   0   0  -2   1  -1  -2   3   0  -1  -2  -1  -1   2   0  -2    5  15   4   3   3   5   5   4   3   4   5  15   3   3   3   5   4   3   3   3  0.16 0.19
  232 E    -1   0   0   0   2   0  -1  -1   2   0  -1   0   2   0   0  -1   0   4   1  -1    5   5   5   5   5   5   5   5   5   5   5   5   5   5   5   5   5   5   5   5  0.03 0.09
  233 A     0   1   0  -1   1   0  -1   0   3  -1  -1   0   1  -1   0   1   0   2   0   0    8   7   4   3   3   4   3   7   7   4   5   6   4   3   4   9   5   3   3   6  0.02 0.09
  234 A    -1   0   0   0   2   0  -1  -1   2   0  -1   0   2   0   0  -1   0   4   1  -1    5   5   5   5   5   5   5   5   5   5   5   5   5   5   5   5   5   5   5   5  0.03 0.09
  235 A     1   1   0  -1   1   0  -1   0   1  -1  -1   1   0  -1   0   0   0   1   0   0   10   8   4   3   3   3   4   7   3   4   5   8   3   3   4   7   4   2   3   6  -0.00 0.04
  236 Q    -2   2   1  -1   0   3   0  -1   2  -2  -2   0   1  -1   0   0  -1   1  -1  -2    4  11   6   4   2  11   7   4   5   3   5   6   3   2   5   6   5   2   2   3  0.10 0.17
  237 Q    -1   1   1  -1   0   3   1  -1   1  -2  -1   1   2  -2  -2   1   0   0  -2  -2    5   8   6   4   2  11   7   5   4   3   6   9   5   2   2   9   6   1   2   3  0.15 0.17
  238 Q    -1   0   0   0   2   0   0  -1   2   0  -1   0   2   1   0  -1   0   4   1  -1    5   5   5   5   5   5   5   5   5   5   5   5   5   5   5   5   5   5   5   5  0.09 0.08
  239 E    -1   1   0   1   1   1   1  -1   1  -1  -2   1   0  -1  -1   0  -1   2   0  -1    5   9   5   7   3   7  10   6   3   3   4   8   3   3   3   6   4   2   3   4  0.07 0.11
  240 S    -1   0   0   0   2   0  -1  -1   2   0  -1   0   2   0   0  -1   0   4   1  -1    5   5   5   5   5   5   5   5   5   5   5   5   5   5   5   5   5   5   5   5  0.03 0.09
  241 A     1   0   0  -1   1   1  -1   0   1  -1  -2   0   1  -1  -1   0  -1   2   0  -1   13   6   4   3   3   5   4   7   4   4   5   6   3   3   4   8   4   2   3   4  0.01 0.07
  242 T    -1   0   0   0   2   0  -1  -1   2   0  -1   0   2   0   0  -1   0   4   1  -1    5   5   5   5   5   5   5   5   5   5   5   5   5   5   5   5   5   5   5   5  0.03 0.09
  243 T    -1   1   1  -1   0   1  -1  -2   1  -1  -1   1   0  -1  -2   1   1   1  -1  -1    6   7   7   4   2   6   4   4   3   4   5   7   3   2   2  10  10   2   2   5  0.04 0.11
  244 Q    -1   0   0   0   2   0  -1  -1   2   0  -1   0   2   0   0  -1   0   4   1  -1    5   5   5   5   5   5   5   5   5   5   5   5   5   5   5   5   5   5   5   5  0.03 0.09
  245 K    -1   0   0   0   2   0  -1  -1   2   0  -1   0   2   0   0  -1   0   4   1  -1    5   5   5   5   5   5   5   5   5   5   5   5   5   5   5   5   5   5   5   5  0.03 0.09
  246 A    -1   0   0   0   2   0  -1  -1   2   0  -1   0   2   0   0  -1   0   4   1  -1    5   5   5   5   5   5   5   5   5   5   5   5   5   5   5   5   5   5   5   5  0.03 0.09
  247 E    -2   2   0   0   1   1   3  -2   1  -2  -3   2   1   0  -2  -1  -1  -6   0  -2    3  11   4   5   2   6  16   3   4   3   4  11   3   4   3   5   3   0   3   3  0.17 0.22
  248 K    -2   4   0  -2   0   0  -2  -3   1   0  -3   4   0  -2  -3  -1  -1   1  -1  -1    3  20   4   2   2   4   3   2   3   5   3  19   3   2   2   5   4   2   2   4  0.37 0.33
  249 E    -2   4   0  -1  -1   1   0  -2   0  -3  -4   4  -1  -2  -2  -2  -2   0  -2  -3    3  21   5   4   1   6   5   3   2   2   2  24   2   2   2   4   2   1   2   2  0.51 0.43
  250 V     0  -2  -3  -3  -1  -2  -3  -4  -1   4   1  -3   1   1  -3  -2   1   0  -2   4    7   2   2   2   1   2   2   2   1  17  12   2   3   5   1   4   7   1   1  26  0.50 0.31
  251 T    -1   0   0   0   2   0  -1  -1   2   0  -1   0   2   0   0  -1   0   4   1  -1    5   5   5   5   5   5   5   5   5   5   5   5   5   5   5   5   5   5   5   5  0.03 0.09
  252 R    -2   4  -1  -2   1  -1  -2  -3   1  -1  -1   3   1  -1  -1  -2  -1   2   1  -2    4  18   3   3   3   3   3   3   3   4   6  18   3   3   3   4   4   3   4   3  0.29 0.27
  253 M    -2  -2  -2  -3   0  -2  -3  -4  -1   1   1  -3   8  -1  -3  -3   1   1  -2   1    4   2   2   2   2   2   3   2   2   8  11   2  28   3   2   3   8   2   2   8  0.75 0.53
  254 V     0  -3  -3  -7   0  -3  -4  -3  -1   2   2  -3   3   0  -3   0  -1  -7  -2   3    8   2   1   0   2   2   2   2   1  11  19   2   6   4   1   7   4   0   1  20  0.39 0.29
  255 I     0  -2  -3  -3   0  -3  -4  -3  -7   4   2  -4   2   3  -4  -3  -1   0  -2   2    8   3   2   2   2   1   1   2   0  18  18   1   5  10   1   2   3   1   1  15  0.46 0.31
  256 I     2  -3  -4  -4   0  -4  -4  -3  -3   4   1  -4   3  -2  -4  -2   1  -1  -3   3   13   2   1   1   2   1   1   2   1  17  14   1   6   2   1   4   9   1   1  16  0.42 0.32
  257 M    -2  -3  -1  -8  -2  -3  -4  -5  -3   4   1  -5   5   0  -4  -3  -1  -2  -3   4    4   2   3   0   1   2   2   1   1  17  11   1  13   4   1   2   5   1   1  25  0.72 0.47
  258 V    -2  -4  -4  -8   0  -3  -5  -4  -8   4  -2  -2   0   0  -4  -3   0  -2  -3   6    4   1   1   0   2   1   1   2   0  17   5   3   2   4   1   3   7   1   1  40  0.90 0.56
  259 I     1  -3  -5  -4   1  -3  -4  -1  -5   3   2  -4   0   1  -4   0   0  -5  -3   3    9   2   0   1   2   1   1   6   0  15  16   1   2   6   1   7   5   0   1  19  0.33 0.29
  260 A     3  -5  -3  -3   2  -3  -3  -2  -5   1   2  -3   1   0  -3   0   1  -2  -3   2   22   0   1   2   4   1   2   3   0   7  16   1   3   4   1   7   9   1   1  12  0.27 0.29
  261 F    -5  -4  -5  -5  -3  -6  -5  -6  -2  -3  -2  -8  -1   9  -5  -5  -5   5   3  -4    1   1   1   1   1   1   1   1   1   1   4   0   2  62   1   1   1   6   8   2  2.04 1.12
  262 L     1  -3  -3  -6   1  -4  -5  -2  -2   1   3  -5   1   4  -6  -2   0  -1  -1   2   11   2   1   0   3   1   1   3   1   8  24   0   4  15   0   2   6   1   2  12  0.41 0.36
  263 I    -1  -5  -5  -5   2  -6  -6  -4  -4   5   3  -2   2   1  -5  -4  -1  -2  -3   3    5   1   1   1   4   0   0   1   0  26  23   3   5   6   1   1   3   1   1  17  0.69 0.46
  264 C     2  -8  -7  -6  10  -7  -7  -2  -1  -4  -4  -7   0  -2  -5   2  -1  -3  -3  -4   17   0   0   1  47   0   0   3   2   1   2   0   2   2   1  14   4   0   1   1  1.88 1.00
  265 W    -7  -5  -5  -9  -3  -6  -9  -7  -4  -5  -4  -7  -3   0  -9  -5  -6  13   0  -5    1   1   1   0   1   1   0   1   0   1   2   1   1   4   0   1   1  80   3   1  4.10 1.84
  266 L     0  -4  -5  -6   0  -5  -6  -1  -6   0   3  -5   2   1  -5   0   4  -6  -4  -1    8   1   0   0   2   0   0   5   0   4  30   0   5   6   1   7  26   0   1   4  0.65 0.51
  267 P    -5  -8  -8  -3  -8  -4  -7  -5  -8  -5  -6  -7  -4  -5   9  -6  -5  -3  -8  -6    1   0   0   2   0   1   0   1   0   1   1   0   1   1  88   1   1   0   0   1  3.03 1.51
  268 Y    -5  -4  -3  -5  -4  -4  -3  -6   3  -1   0  -3  -3   5  -4  -4  -3   1   8  -2    1   1   2   1   0   1   2   1   5   4   8   2   1  18   1   1   2   2  45   3  1.47 0.78
  269 A     3  -2   1  -3   0   0  -2  -2   4   0  -1  -3  -1   0  -2   0   0   1   0  -1   29   2   8   1   2   5   2   3   9   5   6   1   2   4   2   6   6   2   3   5  0.29 0.27
  270 G    -1   0   0   0   2   0  -1  -1   2   0  -1   0   2   0   0  -1   0   4   1  -1    5   5   5   5   5   5   5   5   5   5   5   5   5   5   5   5   5   5   5   5  0.03 0.09
  271 V    -1   0   0   0   2   0  -1  -1   2   0  -1   0   2   0   0  -1   0   4   1  -1    5   5   5   5   5   5   5   5   5   5   5   5   5   5   5   5   5   5   5   5  0.03 0.09
  272 A     1   0   0  -1   2   0  -1  -2   0   0   0  -1   1   0  -1   1   0   2   0   0   12   6   4   4   4   5   3   3   3   6   9   3   4   4   3   9   6   3   3   5  0.03 0.07
  273 F    -3  -2  -1  -3   0  -2  -3  -4   0   2   3  -3   3   4  -3  -3  -2   3   1   0    3   2   3   2   2   2   2   2   2   9  24   2   5  17   2   2   3   4   5   6  0.51 0.31
  274 Y    -2  -2  -1  -3   0  -2  -3  -3   1   1   1  -3   1   3  -3  -2  -2   5   5   0    4   3   3   2   2   2   2   3   3   8  15   2   4  10   2   4   3   8  16   6  0.48 0.31
  275 I     0  -2  -2  -1  -1  -2  -2   0  -1   3   1  -3   1   0  -2  -1   0   0   0   1    9   2   2   4   2   2   3   6   2  18  14   2   4   4   2   5   5   1   3  11  0.20 0.13
  276 F     0  -3  -1   0  -1  -2  -2  -2   0   1   1  -3   1   4  -2  -1  -1   3   3   0    7   2   3   5   1   2   3   4   2   7  12   2   3  17   2   5   4   4   8   7  0.27 0.19
  277 T     0  -2   0   0   0  -1  -2  -2   0   1   0  -2   0   2   0   1   2   2   1   0    7   3   5   6   2   2   3   3   2   8   8   3   2   9   4   9  11   2   4   7  0.10 0.09
  278 H    -1  -1   1   0   0  -1   0   1   5  -1  -1  -1  -1   2  -1   0  -1   1   2  -1    5   4   6   6   2   3   6  10  12   3   5   4   2   7   3   6   4   2   6   4  0.18 0.15
  279 Q    -1   0   1   2  -1   3   2  -1   0  -2  -2   0   0  -1   1   0  -1   1   0  -2    5   5   6  10   1  11  11   4   3   2   4   6   2   3   6   7   4   2   4   3  0.14 0.16
  280 G     0   0   1   0  -2   1  -1   2   0  -1  -2   0   0  -2   0   1   0   2  -1  -1    8   5   6   6   1   5   5  15   2   3   4   5   2   2   5   8   7   3   2   4  0.09 0.11
  281 S     1  -1   1   0   0  -1   0  -2   1  -1  -2   0   0  -2   0   3   1   0   0  -2    9   4   6   5   2   3   7   4   3   4   4   5   2   2   5  20   7   1   3   3  0.15 0.18
  282 D    -2  -1   1   3  -1   1   1  -2   1  -1  -1   1  -1  -1   0   0   0   0   1  -1    4   3   7  16   2   5   7   3   3   3   6   8   1   2   5   7   6   1   4   4  0.14 0.16
  283 F    -2  -2  -3  -4  -1  -2  -3  -5   0   3   2  -3   1   4  -2  -2  -2   2   3   1    3   2   2   1   1   2   2   1   2  15  16   2   3  16   2   3   3   3   9   9  0.49 0.32
  284 G    -1  -1   1   0  -1  -1  -2   1   1  -1  -2  -1  -2  -1   0   2   2   1  -1  -2    5   3   7   5   1   3   3  12   3   4   4   4   1   3   5  14  14   2   2   4  0.15 0.19
  285 P    -1  -1  -1   0  -3  -1  -1  -4   1  -2  -1  -2  -2  -3   6  -1  -2  -1   0  -1    5   3   3   5   1   3   4   2   3   3   6   3   1   1  37   5   3   1   3   4  0.67 0.55
  286 I    -1  -1  -3  -3  -1  -2  -2  -2  -1   3   2  -2   1   0  -4  -2   0   1   1   2    5   3   2   2   1   2   3   3   1  16  21   3   3   4   1   3   5   2   5  13  0.30 0.22
  287 F     0  -4  -4  -5  -2  -4  -4  -4  -1   1   2  -5   1   5  -4  -2  -2   3   3   2    9   1   1   1   1   1   1   2   2   8  16   1   4  19   1   3   3   4   7  12  0.55 0.37
  288 M     0  -2  -1  -4  -1   0  -4  -4   1   0   1  -2   3   2  -4   0   2   1   2   0    7   3   3   1   1   5   1   2   4   6  15   2   6   9   1   8  10   2   6   7  0.22 0.20
  289 T     0  -1  -1  -3  -1   0  -1  -3  -1   2   0  -2   3   1  -2   0   3  -1   1   1    7   3   3   1   1   5   4   2   2  12   8   3   6   5   3   8  14   1   4   9  0.17 0.17
  290 I    -2  -6  -5  -6   0  -3  -7  -5  -4   5   2  -6   0   1  -6  -3  -2   4  -1   3    4   1   1   1   2   1   1   1   1  27  20   1   2   6   1   2   3   6   2  18  0.90 0.51
  291 P     2  -3  -3  -4   3  -2  -5   1  -1  -1  -1  -4  -1  -1   4   1   1  -2  -1  -1   14   2   1   1   5   2   1   9   1   3   6   1   1   3  22  11   7   1   2   5  0.42 0.36
  292 A     2  -3  -2  -4  -1  -1  -2  -1   4  -1  -1  -3  -1   0  -3   1   0  -1   1   1   17   2   2   1   1   3   3   6   9   4   8   2   2   4   2  12   6   1   5   9  0.25 0.22
  293 F    -4  -7  -6  -7   3  -6  -7  -5  -3   2   3  -7   2   5  -7  -3  -3   7   3   1    2   0   0   0   5   0   0   1   1   8  20   0   5  18   0   3   2  12   8  10  1.03 0.60
  294 F    -3  -7  -6  -8   0  -7 -10  -6  -5   2   4 -10   3   6  -8  -6  -4   0   1  -1    3   0   1   0   2   0   0   1   0   8  37   0   5  29   0   1   2   1   4   4  1.37 0.76
  295 A     6  -7  -5  -7   3  -6  -7   1  -5  -3  -3  -6  -1  -2  -6   1  -2  -4   1  -2   53   0   1   0   4   0   0   9   0   2   3   1   1   2   1   9   3   0   5   3  1.20 0.79
  296 K    -3  -3  -1  -6   0  -4  -6  -6   1  -2  -2   5   6   2  -4  -2  -3  -1   6  -3    2   1   3   1   2   1   1   1   3   2   5  25  15   6   1   4   2   1  21   2  1.08 0.68
  297 T     3  -7  -2  -9   1  -6  -8  -5  -5   0   1  -7   1   1  -7   4   3  -4  -5  -1   18   0   2   0   3   1   0   1   0   6  11   0   3   5   0  28  16   0   1   5  0.78 0.58
  298 S    -1  -8   7  -7   0  -6  -8  -5   2  -7  -8  -7  -6  -5  -7   5  -3  -4  -5  -2    6   0  41   0   2   0   0   1   5   1   1   0   0   1   0  35   2   0   1   4  1.76 1.08
  299 A     3  -7  -5  -9   5  -7  -8  -4  -5  -3  -6  -6  -3  -6  -4   6   2  -5  -6  -2   22   0   1   0   9   0   0   2   0   2   1   1   1   0   1  44  11   0   0   3  1.36 0.90
  300 V     2  -7  -9  -9   9  -9  -9  -4  -4   2  -2  -9   3  -2  -7  -1  -1  -4  -5   3   17   0   0   0  31   0   0   2   1  10   4   0   6   2   0   5   4   0   1  16  1.44 0.78
  301 Y    -2  -6  -6  -8   1  -5  -7  -7   1   4   2  -8   2   1  -7  -5  -3   3   6   3    4   1   1   0   3   1   1   1   3  18  16   0   5   4   1   1   2   4  20  15  0.99 0.55
  302 N   -10 -11   9   0  -6  -6 -11  -9  -4 -10 -11  -6  -7  -7  -7  -7  -7  -6  -6 -10    0   0  88   6   0   0   0   0   1   0   0   1   0   0   1   1   0   0   0   0  3.45 1.74
  303 P    -4 -13 -13 -12  -6 -12 -12  -9 -13  -6  -8 -12 -13  -5   9  -5  -5  -5  -8  -6    2   0   0   0   0   0   0   0   0   1   1   0   0   1  91   1   1   0   0   1  3.45 1.85
  304 V    -6  -7 -12 -12   0 -12 -12  -8  -7   7   2 -12   1   4  -9  -9  -6   2  -1   3    1   0   0   0   2   0   0   0   0  43  16   0   3  14   0   0   1   3   3  15  1.64 0.83
  305 I    -3 -12  -5  -9  -4 -11 -12 -12  -6   7   3 -12  -3  -4  -8  -8  -5  -5  -7   4    3   0   1   0   0   0   0   0   0  44  28   0   1   1   0   0   1   0   0  20  1.80 0.90
  306 Y    -8  -9  -8 -13  -3 -12 -13 -13  -4  -8  -3 -13  -5  -2 -13 -10  -9  -5  10  -8    1   0   0   0   1   0   0   0   1   0   4   0   0   2   0   0   0   0  89   0  3.94 1.86
  307 I     4  -6   1  -8   5  -7  -9   3  -3   0  -3  -9  -3   1  -7   0  -1  -2   1   1   28   0   7   0   8   0   0  17   1   5   3   0   1   5   0   6   4   1   5   8  0.74 0.48
  308 M    -1  -8  -8 -11   1  -6  -9  -4  -6   4   2  -7   0   6 -10  -4  -3   6   0   1    6   0   0   0   2   0   0   2   0  19  16   0   2  24   0   2   2   8   4   9  1.11 0.60
  309 M    -3  -1  -3 -11  -1  -4  -8  -5  -4  -2   3  -3   7   3  -9   2  -1  -4   0   0    2   3   2   0   1   1   0   1   1   3  22   2  25  12   0  12   4   0   3   6  1.04 0.62
  310 N    -6  -6   7  -2  -3  -6  -6  -1   6  -5  -8  -6  -4  -7  -8   4  -2 -13  -2  -8    1   0  40   2   1   0   1   5  14   1   1   1   1   0   0  27   3   0   2   0  1.70 0.98
  311 K    -2   2  -1   1  -5   1   2  -3   1  -3  -5   4  -5  -7   4   0  -1  -6  -5  -4    3  10   3   6   0   5  13   3   3   2   2  18   0   0  18   7   4   0   1   2  0.57 0.44
  312 Q    -4   4   4  -1  -6   3  -1  -5   1  -7  -7   5  -4  -8  -6  -1  -2  -3  -6  -5    2  17  18   3   0  12   5   1   3   0   1  25   1   0   1   5   3   0   0   1  0.99 0.64
  313 F    -1   0   0   0   2   0  -2  -1   2   0  -1   0   1   1   0   0   0   3   1   0    5   5   5   5   5   5   0   5   5   5   5   5   5   5   5   5   5   5   5   5  0.06 0.11
  314 R    -2   6   0  -5   1   0  -2  -2   1  -2  -3   2   0  -1  -1  -2  -4   2   0  -2    3  40   4   0   3   4   3   3   3   3   3   9   3   3   3   3   0   3   3   3  0.65 0.51
  315 N    -1   3   3   0   1   1   0  -2   1  -2  -2   2  -1  -2  -2   0  -1   0  -1  -1    5  16  14   5   3   7   5   3   3   2   4  12   2   2   2   5   4   2   2   4  0.23 0.23
  316 C     2   0  -1  -2   6  -1   0  -1   1  -2  -2  -1   0  -1  -2   0   1  -4   0  -1   20   5   3   3  14   3   6   5   3   2   4   4   2   3   2   5   8   0   4   3  0.28 0.26
  317 M    -3  -1  -2  -3   0  -1  -3  -4  -2   1   3  -1   3   4  -3  -3  -2   1   1   0    2   4   2   1   2   3   2   1   1   7  26   4   8  17   1   2   3   2   5   6  0.45 0.32
  318 V    -1   2  -1  -3   0   0  -3  -4  -1   1   1   2   1   1  -3  -2  -1   1   0   1    6   9   3   2   2   4   2   2   1   8  14  13   4   5   1   3   4   2   3  11  0.20 0.14
  319 T    -1   2   0  -2   0   2   0  -2  -1  -2  -2   3  -1  -2   0   0   2   0  -2  -3    5  11   4   2   2   8   7   4   2   3   5  17   2   2   4   8  10   1   1   2  0.25 0.23
  320 T    -1   1  -1  -3   1  -1  -2  -2   0   1   1   0   2   0  -4   0   2   2  -1   1    6   7   3   2   3   3   3   3   2   7  11   6   4   5   1   8  14   2   2   8  0.13 0.12
  321 L    -3  -2  -4  -6   2  -3  -6  -6  -3   2   5  -3   3   4  -4  -3  -3  -1  -2  -1    3   3   1   1   3   2   1   1   1  10  43   2   5  13   1   2   2   1   1   5  0.89 0.49
  322 C    -2  -1  -2  -5   9  -2  -5  -3   0  -2  -2  -1  -1   0   0   0  -1  -1  -3  -1    4   4   2   1  38   2   1   3   2   3   4   5   1   4   5   7   4   1   1   5  1.22 0.64
  323 C    -2  -1  -3  -6  11  -4  -4  -3  -3  -1  -2  -2  -2  -2  -3  -2  -2   0  -3  -3    4   3   2   1  55   1   2   3   1   4   5   3   1   2   2   4   3   2   1   3  2.10 0.99
  324 G     0   1   0  -2   2   0  -3   4   0  -2  -1   1  -2  -1  -2   0  -1   1  -3  -2    7   8   4   3   4   4   2  24   3   3   6   8   1   2   3   8   5   2   1   3  0.26 0.21
  325 K    -3   4  -1  -1   0   0   0  -2   0  -4  -4   5  -3  -1   0   0  -2   0  -2  -2    3  17   3   3   2   4   6   3   2   1   2  28   1   3   5   7   3   1   1   3  0.55 0.39
  326 N    -1   3   4   0   0   0   0  -1   2  -2  -4   2  -2  -3  -1   1   0  -3  -3  -3    5  12  18   4   2   4   7   4   4   2   3  10   1   1   3  11   5   0   1   2  0.35 0.28
  327 P     0   1  -1  -1  -1  -1   0  -2  -2  -3  -3   1  -2  -3   6   1  -1  -2  -3  -2    7   8   3   3   1   3   6   3   1   2   3   8   1   1  31   9   4   1   1   3  0.57 0.43
  328 L    -1   1  -1  -1   0  -1  -1  -2   0   1   2   0   1   0   0   0   0  -1  -1   1    5   7   2   3   2   3   5   3   2   8  18   5   4   4   4   8   5   1   2  10  0.08 0.06
  329 G     1   1   0   0  -3  -1  -1   4  -1  -3  -3   0  -2  -2   0   1  -1  -2  -3  -3   10   6   4   6   1   3   4  25   2   1   4   6   1   2   5  12   4   1   1   2  0.29 0.24
  330 D    -2   1   1   5  -2   0   2  -2  -1  -3  -5   0  -1  -5   0   1   0  -4  -3  -3    4   7   7  24   1   4  11   4   2   2   2   5   1   1   4  12   7   0   1   2  0.44 0.34
  331 D    -2   1   2   5  -4   0   1  -1   0  -4  -4  -1  -4  -4  -1   1   0  -3  -3  -3    3   6   8  28   1   4  10   5   2   1   2   4   1   1   3  11   5   1   1   2  0.53 0.39
  332 E    -1   2   1   1  -5   2   3  -3   1  -4  -4   0  -3  -3  -1   2   1  -8  -2  -3    5  10   7   7   0   8  17   3   3   1   2   6   1   1   4  12   8   0   1   2  0.34 0.31
  333 A     2   0  -1  -1  -1   0   0  -1  -1  -2  -2  -1   0  -3  -2   3   1  -1  -2   0   18   6   4   3   2   5   5   5   2   3   5   3   2   1   3  17   8   1   2   6  0.18 0.20
  334 S     0   0   0  -1  -3   0  -1  -3   1  -4  -4  -1  -1  -4  -2   5   1  -5  -3  -3    7   6   5   4   1   5   4   3   3   1   3   5   1   1   3  38   8   0   1   2  0.61 0.49
  335 T    -1   1  -1  -1  -3  -1  -2  -2   0  -2  -2  -1  -1  -4  -3   3   5  -2  -2   0    6   6   4   4   1   3   3   4   2   2   5   4   2   1   2  17  27   1   2   6  0.45 0.38
  336 T     0   1   0  -2  -2  -2  -1  -1  -2  -2  -3  -2   0  -3  -3   3   5  -9  -3  -1    8   7   4   3   1   2   4   5   1   3   3   3   2   1   1  18  27   0   1   4  0.50 0.41
  337 V     0   0  -2  -3  -2  -2  -1  -2  -1   1   0  -2   1  -2  -3   2   2  -3  -1   3    9   4   2   2   1   2   4   3   2   7   8   2   3   2   2  14  11   0   2  19  0.25 0.21
  338 S     0   0   0  -2  -1  -1   0   0  -1  -3  -4  -2  -1  -6  -2   5   2  -4  -2  -3    7   5   5   3   1   3   6   6   2   2   2   3   2   0   2  35  12   0   2   2  0.58 0.48
  339 K     0   3   1  -1  -5   1   0  -2   0  -5  -5   4  -1  -5  -2   1   2  -3  -4  -2    7  15   5   3   0   5   6   4   2   1   1  20   2   1   2  10  10   0   1   3  0.45 0.36
  340 T    -1   0   0  -3  -2  -2  -1  -3  -4  -2  -4  -2  -1  -4  -3   2   6  -5  -4  -1    5   5   4   2   1   2   4   3   1   2   3   3   2   1   2  13  43   0   1   5  0.89 0.63
  341 E     0   1   0   1  -6   2   4  -4   0  -4  -4   0  -2  -4  -2   2   1  -9  -3  -3    7   7   5   8   0   8  24   1   2   1   3   5   1   1   3  12   7   0   1   2  0.44 0.38
  342 T     0  -1   0  -5  -2  -1  -2  -4  -3  -3  -3  -1   0  -5  -2   2   5  -4  -5   1    9   4   4   1   1   3   3   2   1   2   3   4   2   1   3  15  34   0   1   9  0.67 0.51
  343 S     0   0   0  -1  -1  -1  -1  -4  -1  -5  -6  -1  -2  -5  -4   5   3 -11  -6  -4    8   5   5   3   2   3   5   2   2   1   1   4   1   1   2  42  14   0   0   1  0.89 0.64
  344 Q    -2   3   0   1 -10   5   2  -4   0  -6  -5   1  -1  -7  -6   2   0 -10  -4  -6    4  13   5   7   0  19  13   2   2   1   2   8   2   0   1  15   5   0   1   1  0.68 0.52
  345 V     0  -2  -2  -3   0  -2   0  -3  -4   3   0  -2   1  -3  -2  -1   1  -6  -3   4    9   2   2   2   2   2   6   2   0  13   9   3   3   1   2   5  10   0   1  28  0.38 0.30
  346 A     5  -1  -2  -3  -6  -1  -2   0  -3  -3  -5   1  -3  -8  -1   3   0  -8  -5  -3   38   3   2   1   0   2   2   7   1   2   1   8   1   0   3  20   6   0   0   2  0.71 0.54
  347 P    -3  -3  -2  -2  -3  -3  -2  -5  -4  -3  -6  -2  -8  -9   8  -1  -1  -9  -4  -5    2   1   2   2   1   2   4   1   0   2   1   2   0   0  69   6   3   0   1   1  1.96 1.05
  348 A     7  -7  -6  -7  -6  -6  -6  -2  -7  -7  -7  -6  -6  -8  -6   3  -2  -8  -7  -3   72   0   0   0   0   0   0   3   0   0   0   0   0   0   0  22   2   0   0   2  1.88 0.97

                      K         Lambda
Standard Ungapped    0.1403     0.3280
Standard Gapped      0.0410     0.2670
PSI Ungapped         0.1403     0.3280
PSI Gapped           0.0410     0.2670
