
Last position-specific scoring matrix computed, weighted observed percentages rounded down, information per position, and relative weight of gapless real matches to pseudocounts
            A   R   N   D   C   Q   E   G   H   I   L   K   M   F   P   S   T   W   Y   V   A   R   N   D   C   Q   E   G   H   I   L   K   M   F   P   S   T   W   Y   V
    1 M    -7  -7  -8  -9  -7  -6  -8  -9  -7  -5  -4  -7  11  -6  -8  -7  -6  -7  -7  -5    0   0   0   0   0   0   0   0   0   0   0   0 100   0   0   0   0   0   0   0  4.19 1.65
    2 D    -3  -6   3   8  -8  -4  -1  -4  -5  -8  -7  -5  -7  -8  -6   0  -4  -9  -7  -8    2   0  14  73   0   0   2   1   0   0   1   0   0   0   0   6   0   0   0   0  2.10 1.01
    3 H    -7  -3  -4  -5  -8  -3  -5  -3  11  -8  -8  -4   0  -4  -5  -3  -4  -7  -4  -6    0   1   0   0   0   1   0   3  85   0   0   1   2   1   1   2   1   0   0   1  3.36 1.41
    4 S     0  -3   1   3  -5  -2  -1   0   2  -5  -4  -4   2  -6  -4   5  -1  -6  -4  -4    6   1   7  14   0   1   3   8   4   0   1   0   5   0   0  46   3   0   1   1  0.81 0.60
    5 H    -1  -2   1   0  -5   0  -1   0   8  -4  -4  -3   5  -4  -4   0  -1  -5  -2  -3    4   2   5   6   0   3   3   9  35   1   1   1  14   1   1   7   4   0   1   1  0.99 0.60
    6 H    -3  -5  -1   0  -6  -3  -3  -2  10  -3  -4  -4   5  -5  -4  -2  -3  -6  -2  -3    2   0   3   6   0   1   1   3  59   2   1   1  11   0   1   3   1   0   1   2  2.04 0.96
    7 M    -1  -4   0   0  -5  -1  -2   0   5  -1  -2  -3   8  -3  -3  -1  -1  -5  -2  -2    6   0   5   5   0   2   2   6  14   3   2   2  36   1   2   5   4   0   1   2  0.91 0.59
    8 G    -1  -3   1   4  -5  -2   0   3   4  -3  -4  -2   2  -4  -2  -1  -1  -5  -2  -4    4   1   7  22   0   1   5  25   9   1   1   2   7   0   2   4   4   0   1   1  0.55 0.39
    9 M    -3  -5  -3  -1  -5  -2  -2  -1   7  -2  -3  -3   8  -5  -3  -1  -1  -6  -2  -3    3   0   1   4   0   2   2   5  22   2   2   2  41   0   2   5   4   0   1   1  1.47 0.82
   10 S     0  -3   2   2  -4  -1   0   2   2  -3  -4  -2   2  -3   0   3   0  -5  -2  -2    6   1   8  13   0   3   4  15   5   1   1   2   5   1   5  23   5   0   1   2  0.37 0.34
   11 Y     0  -2   0   1  -5  -1  -2   2   7  -4  -4  -2   2  -2  -1   1   0  -5   0  -3    6   2   4   8   0   2   2  18  24   1   2   2   5   1   3  11   6   0   2   1  0.61 0.44
   12 M    -1  -3  -1  -2  -6  -1  -3  -1   3   0  -3  -4   9  -4  -2  -1  -1  -6  -3  -2    6   1   3   2   0   3   2   5   6   4   2   1  48   1   3   6   3   0   1   2  1.34 0.80
   13 D     0  -4   2   5  -2  -1   0   1   1  -4  -4  -3   1  -5   1   1   0  -3  -3  -3    7   0   9  29   1   2   4  10   3   1   2   1   3   0   7  11   5   0   1   2  0.50 0.40
   14 S    -1  -3  -1   0  -3  -2  -1   0   6  -2  -3  -3   5  -3   0   2   1  -5  -2  -2    5   1   3   5   0   2   3   8  21   2   2   1  16   1   6  13   8   0   1   3  0.62 0.48
   15 N     0  -3   3   1  -4  -2  -1   2   3  -2  -3  -2   2  -3   0   2   1  -3  -2  -2    9   1  13   6   0   1   3  13   8   2   3   1   6   1   5  17   9   0   2   2  0.31 0.30
   16 S     1  -3   0  -1  -2  -2  -1   1   3  -3  -3  -2   4  -4  -1   3   2  -5  -3  -2   10   1   5   4   1   2   3  10   8   1   1   2  10   1   3  22  11   0   1   2  0.38 0.36
   17 T     1  -3   0   0  -4  -1  -2   0   1  -2  -3  -2   5  -2   0   2   3  -5  -3  -2   10   1   5   5   0   2   1   9   4   2   2   2  13   2   4  15  20   0   1   3  0.36 0.35
   18 M     1  -3  -2   1  -2  -2  -2  -1   2  -2  -2  -3   8  -5  -1   0   0  -5  -5  -1   10   1   2   8   1   2   3   5   4   2   2   2  35   0   4   8   6   0   0   4  0.84 0.58
   19 Q     1  -2   0   2  -1   1   0  -1   4  -3  -3  -2   2  -5   1   1   1  -2  -4  -3   10   2   5  13   1   5   6   6  10   2   2   2   6   0   8  11   9   1   0   1  0.29 0.29
   20 P     0  -4  -2  -1  -5  -2  -3   1   5  -3  -3  -2   4  -4   4   1   1  -6  -3  -3    9   1   2   4   0   2   2   9  14   1   2   2  11   1  19  10   9   0   1   2  0.61 0.47
   21 S     1  -2   0   1  -2  -2  -2   1   2  -3  -4  -2   4  -3   1   3   1  -5  -3  -2   11   2   5   7   1   1   3  12   4   1   1   2   9   1   6  23   8   0   1   2  0.37 0.35
   22 H     1  -3  -1   1  -3  -1  -2   0   6  -3  -3  -2   5  -3  -1   1   0  -5  -1  -2   11   1   3   8   1   3   2   7  20   1   2   2  14   1   3  12   5   0   2   2  0.59 0.44
   23 H     1  -3   0   2  -3  -1   0   1   6  -3  -3  -3   3  -4   0   1  -1  -2  -2  -3   13   1   5  10   1   3   5  10  18   1   2   1   7   1   5   9   4   1   1   2  0.46 0.36
   24 H     0  -3   0   0  -3  -1  -2   0   6  -3  -2  -3   6  -2  -1   1   0  -5  -2  -2    8   1   5   5   1   3   3   7  21   1   4   1  16   1   4  10   7   0   1   3  0.64 0.46
   25 P     0  -4   1   1  -1  -2  -1   0   2  -2  -3  -3   5  -3   4   2  -1  -3  -3  -3    7   1   6   8   2   2   4   7   5   2   2   2  12   1  18  13   3   1   1   2  0.42 0.36
   26 T     1  -3   0   0  -2  -1  -2   1   3  -3  -2  -2   5  -3   1   2   2  -5  -2  -2    9   1   5   5   1   2   2   9   7   1   3   2  15   1   6  13  11   0   1   3  0.35 0.34
   27 T     0  -2   0   1  -2  -2  -2   0   3  -3  -2  -3   5  -2   1   2   2  -2  -3  -2    8   2   5   7   1   2   3   9   7   1   3   1  14   1   7  13  11   1   1   3  0.34 0.33
   28 S     0  -2   0   1  -2  -1  -1   0   3  -4  -3  -2   3  -3   1   3   1  -5  -3  -2    9   2   4   9   1   3   3   8   8   1   3   2   7   1   7  22   7   0   1   3  0.33 0.32
   29 A     2  -3  -1   0  -2  -2  -2   1   2  -3  -3  -2   6  -3   0   2   1  -2  -3  -3   14   2   3   5   1   2   3  12   4   1   2   3  16   1   5  14   8   1   1   2  0.42 0.37
   30 S     0  -2   1   3  -2  -1  -1   1   2  -3  -3  -2   3  -3  -1   2   1   1  -3  -3    8   1   6  15   1   2   4  12   5   1   2   2   7   1   3  17   7   2   1   2  0.30 0.30
   31 H    -1  -3   0   0   0  -2  -1   0   6  -3  -3  -2   6  -2  -1   1   0  -2  -1  -2    6   1   4   5   2   1   4   7  21   1   2   3  17   2   4  10   5   1   2   2  0.62 0.47
   32 S     0  -2   1   3   0   0  -1   1   2  -2  -3  -1   3  -3   0   2   1  -5  -2  -3    6   1   7  15   2   3   4  12   4   2   2   3   7   1   4  15   8   0   1   2  0.25 0.27
   33 H    -1  -2   0   0  -1  -2  -2   0   7  -3  -3  -3   5  -1   0   0   0  -5  -1  -3    5   3   5   6   1   2   3   7  27   1   2   2  14   3   5   6   6   0   2   1  0.71 0.50
   34 G     0  -2   0   1   1  -1  -2   4   1  -3  -3  -2   3  -2   0   2  -1  -5  -2  -2    6   2   4   8   3   2   3  27   4   2   2   2   8   2   5  13   4   0   2   3  0.35 0.31
   35 G     0  -1   1   1  -1  -1  -1   3   2  -3  -3  -1   4  -2   0   1  -1   0  -1  -3    7   3   6   7   2   2   3  21   6   1   2   3  10   2   5  11   4   1   2   2  0.27 0.27
   36 G    -1  -1   0   0   0  -1  -1   2   4  -2  -2  -1   5  -2   1   0   0  -4  -1  -2    5   2   4   5   2   3   3  18  10   2   3   3  14   2   6   8   5   0   2   3  0.29 0.29
   37 D    -1  -1   1   2   1   0   0   0   3  -1  -2   0   3   0   0   1   0  -4  -3  -1    4   4   7  12   3   4   5   7   8   3   3   4  10   4   4   9   5   0   0   4  0.14 0.18
   38 S     0   0   0   0   2   0   0  -1   1   0  -1   0   1   0   0   0   0  -2   1   0    5   5   5   5   5   5   5   5   5   5   5   5   5   5   5   5   5   0   5   5  0.03 0.05
   39 S    -1  -2   0   1  -1  -1  -1   1   4  -2  -3   0   4  -3   0   2   0  -6  -2  -2    6   3   5   9   2   3   4  10   8   2   3   6   8   1   5  16   6   0   2   3  0.27 0.24
   40 M    -2   0  -2  -1   0  -1  -2   1   2  -2  -3   0   8  -2  -1   0   0   2  -2  -1    4   4   2   3   2   3   4   9   5   2   3   6  27   2   4   7   5   2   2   4  0.68 0.44
   41 M    -2  -1  -1  -1   7  -2  -3   0   4  -3  -4  -2   6  -1  -1  -1  -1   1  -1  -3    4   3   3   4  22   2   2   7   7   2   2   2  16   3   4   6   4   2   2   2  0.89 0.53
   42 M    -2  -2   0  -2   1  -1  -2  -1   2  -1  -1   2   7   0  -2   0  -2   2   0  -2    4   3   5   3   3   3   3   5   5   3   6  11  21   4   3   7   3   2   3   3  0.47 0.33
   43 M    -1   0   0   0   2   0   0  -1   2   0  -1   0   2   1   0  -1   0   4   1  -1    5   5   5   5   5   5   5   5   5   5   5   5   5   5   5   5   5   5   5   5  0.09 0.08
   44 P    -1   0   0   0  -3   0   0  -1   2   0  -1   0   1   0   0   0   0   3   1   0    5   5   5   5   0   5   5   5   5   5   5   5   5   5   5   5   5   5   5   5  0.06 0.08
   45 M    -1   0   0   0  -3   0   0  -1   2   0  -1   0   1   0   0   0   0   3   1   0    5   5   5   5   0   5   5   5   5   5   5   5   5   5   5   5   5   5   5   5  0.06 0.08
   46 T    -1  -3  -2  -2  -4   0  -2  -3   1   0   1  -2   1   0  -2   0   1   5   3   1    4   1   1   2   0   5   2   2   4   4  16   1   4   4   2   9  11   7  12   8  0.26 0.27
   47 F    -3  -3  -3  -7   0  -3  -4  -3  -1  -2   0  -6   2   7  -3  -2  -3   6   1  -2    2   1   1   0   2   1   1   2   1   2  10   0   6  46   2   3   2   9   5   2  1.23 0.69
   48 Y    -3  -2   3  -2  -5   0  -2  -3   7  -2  -3  -2   0   2  -5   0   1   2   2  -2    2   2  15   2   0   3   2   2  22   2   3   2   2  10   0   7  10   3   7   3  0.64 0.47
   49 F    -2  -2  -1  -2   1  -1  -3  -2   3  -2  -2  -2   0   4  -2  -2   1   8   0  -2    3   3   3   3   2   3   3   3   7   3   4   3   3  16   3   4   9  20   3   3  0.84 0.49
   50 G     0   0   0   0  -3   1   0   0   2   0  -1   0   1   1  -3   0   0   3   1   0    6   6   5   6   0   5   6   6   5   6   6   6   5   5   0   6   6   5   5   6  0.06 0.10
   51 F    -1  -3  -1  -2  -1  -3  -3  -1   0   1  -1  -3  -1   1  -1   0   4   1   2   0    5   2   3   3   1   1   2   5   2   7   6   1   1   6   3   8  27   2   8   7  0.34 0.26
   52 K    -2   1   0   0   1   0   0  -1   2   1  -3   3   0  -3  -1   0   1  -3  -1  -1    2   6   5   5   3   3   6   6   5  10   2  18   2   1   3   7   9   0   2   5  0.17 0.17
   53 N    -3  -2   4   4   0  -2   2   0   0  -2  -2  -2  -2  -4  -3  -1   0  -6  -4  -2    2   2  20  24   2   2  12   9   2   2   4   3   1   1   1   3   6   0   1   3  0.56 0.36
   54 V     1  -4  -2   0  -2  -3  -2  -2  -1   0  -1  -4  -2  -1  -3   0   4  -6   1   2   13   1   1   6   1   1   3   3   1   6   7   1   1   2   2   8  23   0   5  15  0.36 0.28
   55 E    -3  -2  -1  -1   7  -1   0  -3  -1   0  -1  -2  -1  -2   2  -2   2  -2  -1   0    2   3   3   4  25   3   7   2   2   5   5   3   2   2   9   3  11   1   2   6  0.60 0.33
   56 L    -5  -8  -8  -5  -7  -7  -8  -8  -7   5   3  -7  -1   4  -3  -5  -5   2  -1   3    1   0   0   1   0   0   0   0   0  30  25   0   1  16   1   1   1   2   2  17  1.24 0.58
   57 L    -5  -8  -8  -8  -7  -7  -8  -6  -7   2   6  -8  -2   2  -8  -5  -4   4   1   1    1   0   0   0   0   0   0   1   0  10  57   0   1   7   0   1   1   5   5  10  1.41 0.69
   58 F    -2  -9  -9  -9  -9  -9  -4  -6  -3  -3  -4  -6  -4   9  -9   1  -2   1  -3  -4    4   0   0   0   0   0   1   1   1   2   2   1   1  68   0  10   3   2   1   1  2.43 1.07
   59 S    -4   1  -1   2  -9   0   2  -5   1  -6  -6   3  -3  -5   2   3  -2  -3  -3  -6    2   7   3  10   0   5  12   1   3   1   1  17   1   1   9  21   3   1   1   1  0.62 0.45
   60 G    -2  -3   0  -1  -3   1  -1   4  -2  -5  -5  -2  -3   2  -3   3   0   4  -2  -6    4   2   5   4   1   6   4  25   1   1   2   3   1   8   2  21   5   6   1   1  0.60 0.42
   61 L    -4  -5  -5 -11  -2 -10 -10 -10 -10  -4   0 -10  -1   1 -11 -10  -5  13  -3  -5    2   1   1   0   1   0   0   0   0   1   8   0   2   5   0   0   1  73   1   1  3.91 1.65
   62 V    -3   2   0  -4  -3   1  -2  -6   6  -2  -4   1   2  -5   3  -3   2  -2  -1   1    3  10   5   1   1   6   2   1  15   2   2   9   4   1  15   2  10   1   2   8  0.60 0.39
   63 I     0  -8  -2  -4  -2  -4  -3   1  -3   4  -1  -4  -2  -3   3  -4   2  -9  -3   2    7   0   2   1   1   1   2   9   1  22   6   1   1   1  16   2  12   0   1  13  0.65 0.40
   64 N    -3   2   2   2  -2   0   0  -2   3  -4  -5   1   0  -4  -4   2   3  -1  -2  -4    3   9   8  11   1   4   5   3   6   1   1   7   2   1   1  14  18   1   1   2  0.45 0.34
   65 T    -4  -2   3  -1  -1  -3  -3  -1  -1  -4  -8  -2  -8  -8  -4   5   4   0  -8  -4    2   2  13   4   1   2   2   6   2   1   0   2   0   0   1  36  20   1   0   1  1.01 0.64
   66 A     1   0  -1  -2  -1  -1  -1   0   0  -1  -1   0   0   0   1   0   2   3  -2   0   12   5   3   2   2   3   3   7   2   4   6   5   2   5   8   8  11   4   2   6  0.11 0.11
   67 G     0  -2   0  -3   0  -2  -3   4   0  -2  -1  -1   0   1  -1   0  -1   3  -1  -1    8   2   5   2   2   2   2  31   2   3   6   5   2   5   4   6   4   3   2   4  0.38 0.26
   68 E     1  -1  -1   1   1   2   0   0   0  -2  -2   1   2  -1  -1   1  -1   2  -1  -2   12   4   3   7   2  10   6   9   3   3   4   8   5   3   3   9   4   2   3   3  0.13 0.12
   69 M     0  -2  -2  -2   2   1   0   0   2   0   0  -2   2   1  -3   0   0   4   2   0    7   0   0   0   6   7   7   7   6   7   7   0   6   6   0   7   7   6   6   7  0.12 0.16
   70 A     2  -2  -3  -2   0  -2  -3  -2   0   2   1  -2   2   2  -1  -1  -1   2   0   2   19   2   0   2   2   0   0   3   2  12  12   2   6   9   2   3   3   3   3  15  0.16 0.19
   71 G     0  -3  -3  -3   1  -1  -3   2  -3   1   1  -1   1   2   0  -1  -1   2   0   0    6   0   0   0   4   3   0  19   0   7  15   3   4  12   4   4   4   4   3   7  0.15 0.17
   72 A     0  -2   0   0   2   0  -2   0   2   0   0  -2   1   1  -3   0   0   4   1   0    6   0   6   6   6   6   0   6   6   6   6   0   6   6   0   6   6   6   6   6  0.10 0.15
   73 F    -1  -4  -1  -4   7  -3  -4  -2  -3   0   2  -3   2   1  -4  -1  -1   2   0   0    3   0   3   0  30   0   0   3   0   5  26   0   5   7   0   3   3   3   3   4  0.60 0.33
   74 V    -1  -3  -2  -3   1  -3  -3  -2  -3   4   2  -3   1   2  -3  -1  -1   1   0   2    5   0   3   0   3   0   0   3   0  33  16   0   3   8   0   4   3   2   3  11  0.30 0.22
   75 A     0  -2  -2  -2   3  -2   0   0  -2   0   0  -2   2   1   1   0   0   4   1   0    7   0   0   0   7   0   7   7   0   7   7   0   7   7   7   7   7   7   7   7  0.13 0.14
   76 V     0  -3  -3  -3   2  -3  -3  -2  -3   3   2  -3   1   0  -3  -1   0   2  -2   3    5   0   0   0   5   0   0   3   0  21  16   0   4   4   0   4   5   3   0  27  0.27 0.18
   77 F     1  -3  -3  -3   2  -3  -3  -1  -2   2   0  -3   1   4  -3  -1   0  -2   1   1   11   0   0   0   5   0   0   5   0  16   6   0   5  23   0   5   5   0   4  11  0.23 0.18
   78 L     1  -2  -2  -3   2  -1  -2  -1  -2   1   2  -2   1   2   0  -1   0   2  -1   1   14   0   0   0   5   4   0   5   0   8  21   0   4  10   4   5   5   4   0   9  0.12 0.12
   79 L     0  -3  -2  -3   3  -2  -2   0  -2   1   0  -2   2   1   1   0   0   4   2   0    8   0   0   0   7   0   0   8   0   8   8   0   7   7   8   8   8   7   7   8  0.17 0.15
   80 A     2  -2  -2  -2   3  -2  -1   2  -2   0  -1  -1   0   0   0   1   0  -3  -2   0   24   0   0   0   8   0   4  14   0   4   4   4   4   4   4  11   5   0   0   8  0.15 0.15
   81 M     0   0  -2  -3   2   1  -2   0   2   0   0  -2   2   1  -3   0   0   4   2   0    7   7   0   0   6   7   0   7   6   7   7   0   6   6   0   7   7   6   6   7  0.12 0.16
   82 F     0  -2  -2  -2   2  -1   0   0  -2   0   0   0   2   1  -3   0   0   4   1   0    7   0   0   0   7   0   7   7   0   7   7   7   7   7   0   7   7   7   7   7  0.11 0.13
   83 Y    -1   0   0   0   2   0   0  -1   2   0  -1   0   1   0  -3   0   0   3   1   0    5   5   5   5   5   5   5   5   5   5   5   5   5   5   0   5   5   5   5   5  0.06 0.10
   84 E     0   0   0   0   2   0   0   0  -1   0  -1   0   1   0   1   0   0  -2   1   0    6   6   5   6   5   5   6   6   0   6   6   6   5   5   6   6   6   0   5   6  0.03 0.06
   85 G     0   0   0  -2   2  -2   0  -1   1   0  -1   0   1   1   0   0   0   3   1   0    5   5   5   0   5   0   5   5   5   5   5   5   5   5   5   5   5   5   5   5  0.03 0.12
   86 L     0   0  -2  -2   2  -1   0   0   2   0   0   0   1   1  -3   0   0   4   1   0    6   6   0   0   6   0   6   6   6   6   6   6   6   6   0   6   6   6   6   6  0.09 0.14
   87 K    -1   0   0   0  -3   0   0  -1   2   0  -1   0   1   0   0   0   0   3   1   0    5   5   5   5   0   5   5   5   5   5   5   5   5   5   5   5   5   5   5   5  0.06 0.08
   88 I    -1   0   0   0   2   0   0  -1   2   0  -1   0   2   1   0  -1   0   4   1  -1    5   5   5   5   5   5   5   5   5   5   5   5   5   5   5   5   5   5   5   5  0.09 0.08
   89 A     0   1  -1  -6   2  -1  -2  -1   1   0   1  -2   1   2  -6  -1  -1   3   3   0    9   7   3   0   4   3   3   6   3   6  13   3   3   8   0   5   4   4   8   7  0.17 0.15
   90 R    -1   0   0   0   2   0  -1  -1   2   0  -1   0   2   0   0  -1   0   3   1  -1    5   5   5   5   5   5   5   5   5   5   5   5   5   5   5   5   5   5   5   5  0.03 0.09
   91 E    -1   0   0   0   2   0   0  -1   2   0  -1   0   2   1   0  -1   0   4   1  -1    5   5   5   5   5   5   5   5   5   5   5   5   5   5   5   5   5   5   5   5  0.09 0.08
   92 S    -1   2   1  -1   1   1   0  -2   2   0  -1   1   1   0  -1  -1  -1   3   2   0    5   9   5   3   3   5   7   4   5   5   5   7   3   4   3   5   4   4   7   6  0.10 0.09
   93 L    -1   0   0   0   2   0   0  -1   2   0  -1   0   2   1   0  -1   0   4   1  -1    5   5   5   5   5   5   5   5   5   5   5   5   5   5   5   5   5   5   5   5  0.09 0.08
   94 L    -1   0  -1   2   1   0   2  -2   1   0  -1  -1   1   0  -1  -1  -1   5   0   0    6   5   3  10   3   5  11   3   4   5   7   4   3   4   3   5   4   6   3   7  0.13 0.12
   95 R    -1   0   0   0   2   0   0  -1   2   0  -1   0   2   1   0  -1   0   4   1  -1    5   5   5   5   5   5   5   5   5   5   5   5   5   5   5   5   5   5   5   5  0.09 0.08
   96 K    -1   2   0  -1   1   1  -1  -2   2  -1  -2   2   1   0  -1   0  -1   3   1  -1    6  11   4   4   3   6   4   3   5   4   5  12   3   4   3   6   4   4   4   4  0.15 0.14
   97 S    -1   0   0   0   2   0   0  -1   2   0  -1   0   2   1   0  -1   0   4   1  -1    5   5   5   5   5   5   5   5   5   5   5   5   5   5   5   5   5   5   5   5  0.09 0.08
   98 Q    -1   0   0   0   2   0   0  -1   2   0  -1   0   2   1   0  -1   0   4   1  -1    5   5   5   5   5   5   5   5   5   5   5   5   5   5   5   5   5   5   5   5  0.09 0.08
   99 V     1   1   1  -1   1   0   0  -1   1   0  -1   0   1   0   0   0   0   2   0   0   11   8   6   4   3   5   5   4   4   5   7   6   4   3   4   6   5   3   3   8  0.03 0.04
  100 S     1   2   1  -1   0   1  -1  -2   1  -2  -2   1   0  -1  -1   2   0   1  -1  -1   11   9   8   3   2   5   4   3   3   3   5   7   2   2   4  15   5   2   2   4  0.14 0.16
  101 I     0   1   0  -1   0   0  -1  -1   0   1   1   0   1   0   0   0   0   0   0   0   10   8   4   4   2   3   4   3   3   7  14   5   3   4   4   5   6   2   2   7  0.02 0.03
  102 R    -1   0   0   0   2   0   0  -1   2   0  -1   0   2   1   0  -1   0   4   1  -1    5   5   5   5   5   5   5   5   5   5   5   5   5   5   5   5   5   5   5   5  0.09 0.08
  103 Y    -1   0   0   0   2   0  -1  -1   2   0  -1   0   2   0   0  -1   0   3   1  -1    5   5   5   5   5   5   5   5   5   5   5   5   5   5   5   5   5   5   5   5  0.03 0.09
  104 N    -1   0   0   0   2   0   0  -1   2   0  -1   0   2   1   0  -1   0   4   1  -1    5   5   5   5   5   5   5   5   5   5   5   5   5   5   5   5   5   5   5   5  0.09 0.08
  105 S    -1   0   0   0   2   0   0  -1   2   0  -1   0   2   1   0  -1   0   4   1  -1    5   5   5   5   5   5   5   5   5   5   5   5   5   5   5   5   5   5   5   5  0.09 0.08
  106 M    -1   0   0   0   2   0   0  -1   2   0  -1   0   2   1   0  -1   0   4   1  -1    5   5   5   5   5   5   5   5   5   5   5   5   5   5   5   5   5   5   5   5  0.09 0.08
  107 P    -1   0   0   0   2   0   0  -1   2   0  -1   0   2   1   0  -1   0   4   1  -1    5   5   5   5   5   5   5   5   5   5   5   5   5   5   5   5   5   5   5   5  0.09 0.08
  108 V     0   0   0   0   1   0   0   0   0   0   0   0   0   0   1   0   0   1   0   0    8   5   5   5   3   4   6   6   3   4   7   7   3   3   5   7   5   2   3   7  0.02 0.01
  109 P     0   0   1   0   1   0   0  -1   1  -1  -1   1   0  -1   2   0   0  -4   0  -1    7   6   6   6   3   5   5   6   3   4   6   7   3   3   9   8   6   0   3   5  0.05 0.06
  110 G    -1   0   0   0   2   0   0  -1   2   0  -1   0   2   1   0  -1   0   4   1  -1    5   5   5   5   5   5   5   5   5   5   5   5   5   5   5   5   5   5   5   5  0.09 0.08
  111 P    -1   0   0   0   2   0   0  -1   2   0  -1   0   2   1   0  -1   0   4   1  -1    5   5   5   5   5   5   5   5   5   5   5   5   5   5   5   5   5   5   5   5  0.09 0.08
  112 N    -1   0   2   1   1   0   1   0   2  -1  -2   0   0  -1   0   0   0  -5   1  -1    6   5   9   8   4   4   7   6   4   4   4   6   3   3   5   8   6   0   4   4  0.08 0.08
  113 G    -1   0   0   0   2   0   0  -1   2   0  -1   0   2   1   0  -1   0   4   1  -1    5   5   5   5   5   5   5   5   5   5   5   5   5   5   5   5   5   5   5   5  0.09 0.08
  114 T    -1   0   0   0   2   0   0  -1   2   0  -1   0   2   1   0  -1   0   4   1  -1    5   5   5   5   5   5   5   5   5   5   5   5   5   5   5   5   5   5   5   5  0.09 0.08
  115 I    -1   0   0   0   2   0   0  -1   2   0  -1   0   2   1   0  -1   0   4   1  -1    5   5   5   5   5   5   5   5   5   5   5   5   5   5   5   5   5   5   5   5  0.09 0.08
  116 L     0  -1  -1  -1   1   0   0  -1   0   0   1  -1   0   0   1   0   0   1   0   0    8   4   3   3   3   3   5   5   2   5  15   4   3   4   7   8   6   2   3   8  0.03 0.04
  117 M     0   0   0   0   1   0   0  -1   1   0   0  -1   0   0   1   0   0   2   0   0    6   5   4   4   3   4   6   5   3   4  11   4   3   4   6   9   6   3   3   6  0.02 0.03
  118 E    -1   0   0   0   2   0   0  -1   2   0  -1   0   2   1   0  -1   0   4   1  -1    5   5   5   5   5   5   5   5   5   5   5   5   5   5   5   5   5   5   5   5  0.09 0.08
  119 T    -1   0   0   0   2   0   0  -1   2   0  -1   0   2   1   0  -1   0   4   1  -1    5   5   5   5   5   5   5   5   5   5   5   5   5   5   5   5   5   5   5   5  0.09 0.08
  120 H    -1   0   0   0   2   0   0  -1   2   0  -1   0   2   1   0  -1   0   4   1  -1    5   5   5   5   5   5   5   5   5   5   5   5   5   5   5   5   5   5   5   5  0.09 0.08
  121 K    -1   0   0   0   2   0   0  -1   2   0  -1   0   2   1   0  -1   0   4   1  -1    5   5   5   5   5   5   5   5   5   5   5   5   5   5   5   5   5   5   5   5  0.09 0.08
  122 T    -1   0   0   0   2   0   0  -1   2   0  -1   0   2   1   0  -1   0   4   1  -1    5   5   5   5   5   5   5   5   5   5   5   5   5   5   5   5   5   5   5   5  0.09 0.08
  123 V    -1   0   0   0   2   0   0  -1   2   0  -1   0   2   1   0  -1   0   4   1  -1    5   5   5   5   5   5   5   5   5   5   5   5   5   5   5   5   5   5   5   5  0.09 0.08
  124 G    -1   0   0   0   2   0   0  -1   2   0  -1   0   2   1   0  -1   0   4   1  -1    5   5   5   5   5   5   5   5   5   5   5   5   5   5   5   5   5   5   5   5  0.09 0.08
  125 Q    -1   0   0   0   2   0   0  -1   2   0  -1   0   2   1   0  -1   0   4   1  -1    5   5   5   5   5   5   5   5   5   5   5   5   5   5   5   5   5   5   5   5  0.09 0.08
  126 Q    -1   0   0   0   2   0   0  -1   2   0  -1   0   2   1   0  -1   0   4   1  -1    5   5   5   5   5   5   5   5   5   5   5   5   5   5   5   5   5   5   5   5  0.09 0.08
  127 M    -1   0   0   0   2   0   0  -1   2   0  -1   0   2   1   0  -1   0   4   1  -1    5   5   5   5   5   5   5   5   5   5   5   5   5   5   5   5   5   5   5   5  0.09 0.08
  128 L    -1   1   0  -1   1  -1   0  -1   1  -1  -1  -1   0   1   1   1   1   3   0  -1    5   9   5   3   4   3   5   4   3   4   7   4   3   6   6   9   8   4   3   5  0.07 0.08
  129 S    -1   0   0   0   2   0   0  -1   2   0  -1   0   2   1   0  -1   0   4   1  -1    5   5   5   5   5   5   5   5   5   5   5   5   5   5   5   5   5   5   5   5  0.09 0.08
  130 F    -1   1  -1  -1   1   0  -1  -1   1   0   0   0   1   1   0   0  -1   4   0  -1    6   9   3   3   3   5   3   5   3   5   9   6   3   6   5   8   4   5   4   5  0.08 0.08
  131 P    -1   0   0   0   2   0   0  -1   2   0  -1   0   2   1   0  -1   0   4   1  -1    5   5   5   5   5   5   5   5   5   5   5   5   5   5   5   5   5   5   5   5  0.09 0.08
  132 H    -1   0   0   0   2   0   0  -1   2   0  -1   0   2   1   0  -1   0   4   1  -1    5   5   5   5   5   5   5   5   5   5   5   5   5   5   5   5   5   5   5   5  0.09 0.08
  133 L    -1   0   0   0   2   0   0  -1   2   0  -1   0   2   1   0  -1   0   4   1  -1    5   5   5   5   5   5   5   5   5   5   5   5   5   5   5   5   5   5   5   5  0.09 0.08
  134 L    -1   0   0   0   2   0   0  -1   2   0  -1   0   2   1   0  -1   0   4   1  -1    5   5   5   5   5   5   5   5   5   5   5   5   5   5   5   5   5   5   5   5  0.09 0.08
  135 Q    -2   4  -1  -1   1   3  -1  -2   2  -1  -2   0   1  -1  -2  -2  -1   3   0  -1    4  19   4   4   3  11   4   4   5   4   5   5   3   3   3   4   4   3   4   5  0.27 0.22
  136 T    -1   0  -2   0   2   0   0  -1   2   0  -1   0   1   0   0   0   0   3   1   0    5   5   0   5   5   5   5   5   5   5   5   5   5   5   5   5   5   5   5   5  0.06 0.10
  137 V     0   0   0  -2   2  -2   0  -1   2   0  -1   0   1   1   0   0   0   3   1   0    6   6   5   0   5   0   6   6   5   6   6   6   5   5   6   6   6   5   5   6  0.07 0.12
  138 L    -1   0   0   0   2   0   0  -1   2   0  -1   0   2   1   0  -1   0   4   1  -1    5   5   5   5   5   5   5   5   5   5   5   5   5   5   5   5   5   5   5   5  0.09 0.08
  139 H     0  -1   0  -1   1  -1  -1  -3   5  -2  -2  -2   0   2  -2  -1   0   4   5  -2    7   4   5   5   2   4   4   3  12   3   4   3   3   6   3   4   5   6  17   3  0.47 0.32
  140 I     1  -2  -1  -1   1  -2  -1   1  -3   0   0  -2   2   2  -1  -1   1  -3   0   1   12   2   2   2   3   0   5  14   0   5   7   0   8   9   2   3  11   0   2  10  0.10 0.16
  141 I     0  -1  -3  -4   2  -1  -3  -1  -4   2   1  -3   1   1  -1  -1   0   2  -2   2    8   4   0   0   5   3   0   5   0  12  14   0   4   6   3   4   6   3   0  17  0.16 0.20
  142 Q    -1   1   1   0  -3   3   0  -1   1   0  -1   0   0   0  -1   0   1  -3   0  -1    4   7   8   4   0  19   4   3   4   6   5   3   3   4   3   6   8   0   3   4  0.14 0.18
  143 V     1  -2  -1  -1   0  -1  -1  -2  -1   0   0  -2   2   2  -3   0   1   2   1   2   10   2   3   3   2   2   3   2   2   5   9   2   5  10   0   6   8   3   4  17  0.10 0.14
  144 V     1  -3  -2  -2   0  -3  -3   3  -1   0   0  -2   1   3  -4  -1   1   1   0   0   13   0   2   2   2   0   0  22   2   5  11   2   4  12   0   4   9   2   2   5  0.23 0.22
  145 I    -1  -3  -2  -4   0  -2  -4  -2  -1   2   3  -4   1   2  -4  -2  -1   1   1   2    3   2   2   0   2   1   0   4   1  14  31   0   2   7   0   3   3   2   6  16  0.37 0.28
  146 S     3  -3  -1   0  -2  -2  -3   3   0  -3  -4  -3  -2  -3  -4   3  -1  -1  -3  -2   25   1   3   5   1   1   1  21   2   1   1   1   1   1   0  26   3   1   1   3  0.55 0.43
  147 Y    -4  -6  -2  -6  -2  -6  -6  -5  -1  -1  -2  -6   0   4  -6  -4  -3   2   9  -3    1   0   2   0   1   0   0   1   1   3   4   0   2  17   0   1   1   2  60   1  1.95 0.91
  148 F     0  -3  -2   0   2  -2  -2   0  -2   0   0  -2   1   1   1   0   0   4   1   0    7   0   0   7   6   0   0   7   0   7   7   0   6   6   7   7   7   6   6   7  0.08 0.15
  149 L    -1   1  -1  -3   1  -1  -1  -2  -2   1   2  -2   1   0  -1  -1  -1  -3   0   1    4   9   3   0   3   3   3   3   0   9  28   0   4   4   3   3   3   0   3   7  0.08 0.17
  150 M     0   1  -1  -2  -2  -1  -2  -2   2   1   0  -1   2   1  -2   0   1  -2  -1   1    9   9   0   0   0   0   1   1   9   9   9   0   9   9   0   9   9   0   0   9  0.03 0.10
  151 L     0   0   1  -2   3  -2  -2   0  -2   1   0  -2   2   1  -3  -1   0  -2   2   0    8   8   8   0   8   0   0   8   0   8   8   0   8   8   0   1   8   0   8   8  0.07 0.11
  152 I     1  -3  -2  -1   3  -3  -2  -2  -3   3   1  -2   2   0  -1  -1  -1  -3  -2   2   15   0   2   3   7   0   2   2   0  20  14   2   5   3   2   3   3   0   0  15  0.19 0.18
  153 F     1  -1  -3  -4   0  -3  -1  -2  -3   1  -1  -3   1   3  -3  -1  -1   2   1   3   17   4   0   0   2   0   5   3   0   8   3   0   5  13   0   3   3   3   5  27  0.24 0.23
  154 M    -2   0  -2  -6  -5  -4  -5  -6  -5   0   0  -4  10  -1  -1  -4  -2  -5  -4   0    3   5   3   0   0   0   0   0   0   3   5   0  69   3   3   0   3   0   0   6  1.72 0.72
  155 T    -2  -1   0  -3   1  -1  -2  -3  -1  -2  -2  -3  -1  -2  -4   3   5  -4   2  -1    1   4   3   0   4   2   1   1   1   2   3   0   1   2   0  23  41   0   8   3  0.59 0.41
  156 Y    -3  -4  -5  -5  -1  -3  -3  -3  -1  -1   0  -4   2   6  -5  -3  -3   1   6  -2    2   0   0   0   1   1   1   2   1   4   6   0   5  36   0   2   1   1  33   1  1.14 0.51
  157 N    -3  -2   7   0  -2   0  -1  -3   0  -4  -2  -2  -4  -5  -4   0  -2  -6  -2  -3    1   1  67   5   1   4   2   0   2   1   4   1   0   0   0   6   1   0   1   1  1.33 0.62
  158 G     0  -3  -2  -3  -1  -2  -3   4  -3   1   0  -3   0   0  -2  -1   0   0  -1   2    8   0   1   0   1   1   0  32   0   9   8   0   2   3   1   4   4   2   2  20  0.33 0.24
  159 Y    -1  -4  -2  -3   1  -3  -2   3  -2  -3  -3  -3  -2  -1   0  -2  -2   8   5  -2    4   0   2   1   3   1   2  27   1   1   2   1   1   2   4   2   3  22  18   3  0.90 0.46
  160 L    -3  -3  -4  -5  -2  -3  -4  -4  -1   3   3  -4   2   2  -3  -3  -2   0   4   2    1   1   0   0   1   1   0   1   2  20  28   0   5   7   1   1   1   1  14  14  0.55 0.33
  161 C    -2  -5  -4  -5   4  -4  -4  -3  -1   3   1  -4   1   6  -5  -1  -2  -3   0   0    4   0   1   0  10   0   1   1   1  22   9   0   4  33   0   5   2   0   1   5  0.72 0.41
  162 I    -1  -4  -5  -5   0  -4  -5  -2  -4   4   4  -3   1   3  -5  -2  -2  -1  -2   1    4   0   0   0   2   0   0   3   0  24  38   1   3  11   0   2   2   1   0   8  0.61 0.35
  163 A     4  -1  -3  -2   3  -2  -3  -2  -4  -3  -3  -3  -1  -2  -3   4   0  -1  -4  -1   41   3   0   2   6   1   1   1   0   1   1   0   2   2   1  29   4   1   0   5  0.67 0.46
  164 V     0  -4  -1  -5   0  -4  -4  -4  -5   5   1  -4   1  -2  -4  -2  -1  -5  -3   4    9   0   4   0   2   0   0   1   0  31   8   0   3   1   0   2   3   0   0  36  0.72 0.40
  165 A     0  -1  -4  -4   2  -4  -4  -3  -4   3   2  -4   0   1  -3  -2  -2  -2  -2   4    6   4   0   0   5   0   0   2   0  18  19   0   2   7   1   2   2   1   0  31  0.46 0.30
  166 A     2  -3  -3  -3   0  -3  -3   0  -4   2   3  -3   0   1  -3  -1   0  -3  -2   2   17   0   0   1   2   0   0   8   0  12  29   0   1   5   0   2   6   0   0  16  0.29 0.23
  167 G    -2  -5  -4  -4  -5  -5  -4   7  -5  -6  -4  -4  -5  -6   0  -2  -3  -5  -6  -6    2   0   0   0   0   0   1  87   0   0   2   0   0   0   4   1   1   0   0   0  1.93 0.72
  168 A     2  -2  -2  -3  -1  -1  -1  -1   2   0   1  -2   0   0  -3   1   0  -3   1   0   26   1   1   0   1   1   3   4   8   4  17   1   2   4   0  12   5   0   5   5  0.16 0.18
  169 G     2  -3  -3  -3   0  -3  -3   3  -3  -1  -1  -3   0   4  -3   0   1   0   0   0   17   0   0   0   2   0   0  27   0   4   3   0   3  19   0   6   8   1   3   6  0.38 0.27
  170 T     0  -4  -4  -5   0  -4  -4  -3  -3   3   2  -4   0   2  -4  -2   0  -1  -2   3    9   0   0   0   1   0   0   2   0  15  25   0   2   9   0   2   6   1   0  28  0.46 0.29
  171 G    -1  -5  -4  -5  -1  -5  -5   7  -5  -7  -6  -3  -6  -4  -5  -2  -4  -2  -6  -5    5   0   0   0   1   0   0  88   0   0   0   1   0   1   0   2   1   1   0   1  1.94 0.72
  172 Y    -2  -1  -1  -3  -2  -2   1  -4   4  -4  -3  -1  -2   4  -5  -1  -2  -1   7  -3    2   4   3   1   1   1  10   0  12   0   0   3   1  18   0   4   2   0  36   1  0.91 0.47
  173 F    -2  -4  -4  -5  -2  -4  -5  -4  -2   0   3  -5   1   6  -5  -3  -1   3   3   0    3   0   0   0   1   0   0   1   1   4  25   0   4  36   0   1   3   3  12   6  0.81 0.41
  174 L    -1  -4  -4  -5   0  -4  -5  -5  -3   3   3  -4   2   3  -5  -3  -2  -1  -1   2    5   0   1   0   2   0   0   0   1  17  36   0   4  13   0   1   1   1   1  17  0.59 0.33
  175 F    -4  -6  -5  -7   2  -6  -6  -5  -3  -2   0  -6  -1   8  -6  -4  -4   3   1  -1    1   0   0   0   4   0   0   1   0   2   8   0   1  72   0   1   1   3   3   4  1.80 0.70
  176 S     1   0   1   0  -1   0  -2   5  -1  -4  -5  -1  -2  -3  -3   1  -1  -5  -4  -4    9   5   7   4   1   4   1  45   2   0   0   3   1   1   1  12   4   0   0   0  0.63 0.34
  177 W    -2   3  -2  -1  -3  -1  -1   0   2  -3  -4  -1  -2   0  -2   1  -2   8   1  -3    3  21   2   3   0   2   3   8   6   1   1   2   1   4   2  11   2  24   4   2  0.74 0.38
  178 K    -1   2   0   2  -2   0   2  -1  -1  -1   0   1  -1  -1  -2  -1  -1  -2   1  -2    2  16   3  14   1   1  13   5   1   4   9  10   1   3   1   4   4   0   5   2  0.16 0.15
  179 K     0   3   0   0  -2   0   0  -2  -2  -2  -2   2  -1  -2   2   1   3  -3  -3  -2    7  15   3   6   1   4   4   2   0   2   3  13   2   1   9   8  19   0   0   1  0.26 0.21
  180 A     1   0   1  -1   0   0   0  -1  -1   0   0  -1  -1   0   1   1   0  -2   0   0   12   7   6   2   2   4   4   4   1   5   9   2   1   5   7  17   5   0   3   5  0.06 0.08
  181 V     1   0   0  -1  -2  -1   0   0  -1   0   0   0   0  -1   0   1   1  -3  -2   1   15   4   5   3   0   2   5   6   2   5   9   4   2   2   4  12   9   0   1  12  0.05 0.07
  182 V     1  -2  -1  -1  -1  -1  -1  -1  -2   1   0  -1   0  -2  -1   1   1  -2  -1   2   13   1   3   4   1   2   3   4   0   7   9   3   2   1   3  10  10   1   1  21  0.10 0.13
  183 V     0   0  -1  -1  -1  -1   0   0  -2   0   0   0   0  -1   0   0   0  -3  -2   2    9   6   3   3   1   2   5   9   1   4   6   7   3   2   5   5   5   0   1  23  0.06 0.10
  184 D    -1  -1   2   4  -3   0   2  -1  -1  -1  -3  -1  -2  -3  -2   1  -1  -2  -2  -2    4   3   8  30   0   4  14   5   1   4   2   3   1   1   1  11   3   1   1   3  0.40 0.26
  185 I     0   0   2  -1   0  -1  -1  -2  -1   1   0   0  -1  -2   0   0   1   0  -2   1    6   4  12   3   2   2   3   2   1  12   6   8   1   1   4   8  10   2   1  13  0.08 0.11
  186 T     1  -2   1   2   0   0   1   0  -2  -3  -4  -2  -3  -3   0   2   3  -3  -4  -3   10   1   6  10   2   4  10   7   1   1   1   1   0   1   5  15  23   0   0   1  0.34 0.27
  187 E     0  -2   0   3   5  -1   4  -2  -2  -2  -1  -2   0  -4  -1  -1  -2  -5  -5  -1    6   1   3  19  14   1  26   2   1   2   6   1   3   0   4   4   2   0   0   4  0.52 0.34
  188 H     3  -5  -3  -2   7  -2  -3   0   7  -4  -4  -5  -3  -5   0  -1  -3  -6  -4  -4   25   0   1   3  23   2   1   7  26   1   1   0   1   0   4   4   1   0   0   1  1.21 0.57
  189 C    -5  -9  -5  -9  12  -8  -6  -6  -5  -7  -5  -9  -7  -8  -8  -5  -6  -8  -8  -6    0   0   1   0  96   0   1   1   0   0   1   0   0   0   0   1   0   0   0   0  4.28 1.27
  190 H    -6  -5   2  -5  -8   0  -4  -6  11  -8  -7  -5  -6  -6  -7  -5  -6  -7   0  -8    0   0   9   0   0   5   0   0  84   0   0   0   0   0   0   0   0   0   2   0  3.24 0.97

                      K         Lambda
Standard Ungapped    0.1358     0.3256
Standard Gapped      0.0462     0.2670
PSI Ungapped         0.1509     0.3175
PSI Gapped           0.0462     0.2670
