
Last position-specific scoring matrix computed, weighted observed percentages rounded down, information per position, and relative weight of gapless real matches to pseudocounts
            A   R   N   D   C   Q   E   G   H   I   L   K   M   F   P   S   T   W   Y   V   A   R   N   D   C   Q   E   G   H   I   L   K   M   F   P   S   T   W   Y   V
    1 M    -3  -4  -5  -6  -4  -3  -4  -5  -4   0   1  -4  10  -2  -5  -4  -3  -4  -3  -1    0   0   0   0   0   0   0   0   0   3   7   0  90   0   0   0   0   0   0   0  2.13 0.58
    2 P     0  -4  -3  -3  -4  -3  -3  -3  -4  -5  -5  -3  -4  -5   7   3   0  -6  -5  -3    9   0   0   0   0   0   0   0   0   0   0   0   0   0  62  24   4   0   0   1  1.63 0.49
    3 G     2   0   1   1  -2   0  -1   1  -2  -2  -2   0  -2  -3  -1   2   1  -4  -3   0   23   6   6   6   0   2   2   8   0   0   2   3   0   0   1  24   9   0   0   7  0.24 0.17
    4 P     1  -2   0  -3  -4   2  -2   0  -3  -4  -3   1  -3  -4   6   1  -2  -4  -4  -3   10   0   4   0   0  12   0   6   0   0   3   9   0   0  43  10   0   0   0   1  0.87 0.33
    5 T     3   0  -2  -2  -3  -2  -2  -1  -3  -3  -3  -1  -3  -4   2   3   3  -5  -4  -2   26   5   0   2   0   1   1   2   0   0   1   1   0   0  10  29  21   0   0   1  0.55 0.35
    6 P     1   0  -1  -1  -3   2  -1  -1  -3  -3  -3  -1   3  -4   5   2   0  -4  -3  -3   14   4   2   2   0  10   2   3   0   0   0   2  10   0  27  19   4   0   0   1  0.57 0.33
    7 S     0  -3   0  -3  -2  -2  -3  -1  -4  -4  -4  -1  -4  -5   3   6   0  -6  -5  -2    6   0   3   0   1   1   0   3   0   1   1   3   0   0  12  62   5   0   0   2  0.98 0.54
    8 G     2  -3  -2  -1  -2   0  -2   3  -2  -2  -4  -1  -3  -4   0   4   0  -5  -4  -2   15   1   1   3   0   4   1  22   1   2   0   3   0   0   3  37   4   0   0   2  0.53 0.35
    9 T     0   0  -1  -2  -3   1  -2  -1  -3  -1  -3  -2  -2  -4   0   3   5  -5  -4  -2    6   6   2   1   0   5   1   4   0   3   1   1   1   0   4  23  41   0   0   2  0.62 0.41
   10 N     1  -1   2   0  -3  -1  -2  -1  -2  -2  -1   0  -2  -2   1   2   2  -4  -3  -1   11   2  13   6   0   1   1   4   0   1   6   5   0   2   8  23  13   0   0   4  0.24 0.21
   11 V     1  -1  -1  -1  -3  -2  -2   0  -3   0  -1  -2   4  -1   0   0   1  -4  -3   3   13   2   3   3   0   0   1   7   0   5   1   2  15   2   5   8   7   0   0  26  0.25 0.24
   12 G     2  -2   0  -2  -3  -1  -3   3  -3  -3  -3  -3  -1  -3   3   2  -2  -4  -4  -1   22   1   4   1   0   3   0  27   0   0   1   0   2   1  17  14   1   0   0   5  0.53 0.32
   13 S     2   2  -1   0  -3  -2  -1   0  -2  -3  -2  -1  -3  -3   2   3   0  -4  -3  -2   19  13   2   6   0   1   2   8   0   1   4   1   0   1   9  29   4   0   0   1  0.36 0.28
   14 S     1  -2   1  -2  -3  -2  -2   3  -1  -3  -3  -2  -3  -4   0   3   2  -4  -4  -1    9   2   5   2   0   0   1  26   2   1   1   1   0   0   5  26  13   0   0   5  0.44 0.30
   15 G     1  -2  -2  -3  -4  -1  -3   5  -3  -4  -5  -2  -3  -3   1   2   0  -5  -4  -2    9   2   0   1   0   2   0  48   0   1   0   2   1   1   8  16   7   0   0   2  0.76 0.40
   16 R     1   4  -1  -2  -1  -1  -2   1   0  -2  -3   1  -1  -4   0   1   1  -4  -3  -2   12  31   1   1   1   1   1  10   3   2   1   6   1   0   5  11   9   0   0   3  0.37 0.26
   17 S     1   0  -1  -2   0  -1  -1   2  -2  -3  -3  -1   0  -4   3   3   1  -4  -3  -2   13   5   1   0   2   3   3  13   0   1   2   2   2   0  14  26  10   0   0   2  0.36 0.26
   18 P     0   0  -2  -3  -3  -1  -3   1  -2  -2  -1   0  -2  -4   6   1   0  -4  -4  -1    8   4   2   1   0   3   0   9   1   2   6   6   1   0  39  10   4   0   0   4  0.68 0.33
   19 S     2   1  -1  -2  -3   1  -2   2  -1  -3  -2   0   1  -2   1   2   1  -4  -2  -1   18   7   2   1   0   8   1  14   1   0   3   4   6   2   8  16   7   0   1   4  0.22 0.21
   20 K     1   3   0  -2  -4   1  -2   1  -1  -3  -3   2   0  -4   1   1   0  -4  -3  -2   12  23   3   0   0   5   0  13   1   1   1  14   2   0   8   9   4   0   0   1  0.36 0.26
   21 A     2   0  -1  -2  -3  -1  -2   1  -2  -1  -2  -1  -1  -4   3   1   1  -4  -3   0   23   6   2   1   0   2   1  12   1   2   3   1   1   0  15  13  10   0   0   7  0.30 0.24
   22 V     2   0  -1  -2  -2  -2  -2   0  -3   0   0  -1   0  -3   2   1   1  -4  -3   1   19   5   1   1   0   1   1   8   0   4   8   3   3   0   9  13   9   0   0  15  0.17 0.18
   23 A     3   2  -1  -2  -3   1   0   0  -2  -2  -2  -1  -2  -4   1   1   0  -4  -3  -1   28  14   2   0   0   6   5   7   0   2   3   2   0   0   6  12   5   0   0   4  0.27 0.23
   24 A     2   3  -2  -3  -4   0  -2   1  -3  -3  -3   1  -2  -4   4   1  -2  -4  -4  -2   18  19   1   1   0   4   1   9   0   1   2  10   1   0  20  10   1   0   0   3  0.47 0.31
   25 R     1   4  -2  -2  -2   0  -2   2  -1  -2  -2   1  -1  -3   0   0   0  -2  -3  -2   11  30   1   1   1   4   1  16   1   2   3   6   1   1   4   7   5   1   1   3  0.34 0.25
   26 A     3   2  -1  -3  -3  -2  -2   2  -3  -3  -4   0  -3  -3   2   1   0  -5  -4  -1   34  12   2   0   0   0   1  15   0   0   0   4   0   1  11   9   6   0   0   4  0.47 0.33
   27 A     4   2  -1  -2  -3   1  -2   1  -3  -3  -3  -1  -2  -2   2   0   1  -4  -4  -2   36  12   3   1   0   6   1  11   0   1   2   2   0   2   9   5   7   0   0   1  0.39 0.31
   28 G     3   0   0  -3  -3  -2  -3   4  -3  -1  -3  -1  -2  -4  -3   0   1  -4  -4  -3   28   6   4   1   0   1   0  31   0   3   2   4   1   0   0   7  10   0   0   1  0.51 0.33
   29 S     3  -1   0  -1  -3   1  -2   2  -3  -3  -3  -1  -1  -4  -1   2   2  -4  -4  -3   31   4   3   3   0   5   1  15   0   0   1   3   2   0   2  16  14   0   0   1  0.42 0.31
   30 T     1   0   0  -1  -2   2  -1   1   0   0  -1   0   0  -3   0   1   2  -4  -3   0   11   5   5   3   1  11   1  14   2   5   4   5   2   0   3   8  14   0   0   8  0.12 0.14
   31 V     1   1  -2  -2  -3  -1  -2  -1  -2   1   1  -1   3  -2   0   0   0  -4  -3   2   14  10   1   2   0   2   1   4   1   7  14   4   9   0   5   6   3   0   0  19  0.15 0.17
   32 R    -1   6  -2  -2  -5   1  -2  -2  -3  -4  -4   2   2  -5  -2  -2  -2  -1  -4  -3    6  55   1   2   0   7   1   3   0   0   1  13   5   0   2   2   1   1   0   2  1.07 0.53
   33 Q    -1   5  -1  -1  -3   4   0  -1   0  -4  -4   2  -2  -5  -3  -1  -2  -5  -4  -5    5  37   2   2   1  23   4   4   2   1   1  12   1   0   1   3   1   0   0   0  0.82 0.45
   34 R     0   7  -1  -3  -5   0  -2  -4  -3  -3  -3   2  -4  -4  -2  -1  -3  -5  -4  -4    7  60   3   1   0   4   1   1   0   1   3  11   0   0   2   4   0   0   0   1  1.17 0.55
   35 K     1   4   0  -1  -1   1  -1  -2  -1  -3  -1   3  -2  -4   1   0   0  -4  -3  -1   14  23   3   2   2   5   1   2   1   0   5  20   1   0   6   5   5   0   0   5  0.33 0.25
   36 N     2   0   1  -1  -3   0  -2   1  -1  -2  -2   0  -1  -3   0   1   2  -4  -2  -1   21   7   6   2   0   5   1   9   2   2   4   3   1   1   5  11  18   0   1   3  0.20 0.19
   37 A     3   1   0  -2  -3   0  -2   2  -3  -3  -2   0  -2  -4  -1   1   2  -4  -3  -1   29   7   4   1   0   3   1  14   0   0   4   6   0   0   3  10  13   0   0   4  0.29 0.23
   38 S     1   0   0  -1   1   2  -1   1  -2  -3  -3   0  -3  -4   2   2   1  -4  -3  -2   12   3   5   2   3  10   2  13   0   0   2   6   0   0  11  18   9   0   0   2  0.27 0.20
   39 C     2   1   0  -1   0   0   0   1  -1  -3  -3   0  -2  -3   0   2   2  -4  -3  -1   17   8   4   1   2   5   6  12   1   1   1   4   1   0   4  20  12   0   0   4  0.23 0.19
   40 G     2  -1   1   0  -3   0  -1   2  -3  -2  -3  -1  -2  -4   2   2   1  -4  -3  -2   19   3   5   4   0   3   3  17   0   2   0   3   1   0  10  22   7   0   0   1  0.34 0.23
   41 T     2  -1   1  -1  -2  -1  -1   1  -2  -2  -2   0  -2  -3  -1   2   3  -1  -3   0   18   3   8   2   0   2   2  11   0   2   2   6   0   0   2  16  20   1   0   6  0.24 0.19
   42 R     1   3   1  -1  -3   0  -1   1  -2  -3  -3   0  -1  -3  -1   3   0  -3  -3  -2   11  20   6   2   0   4   2   9   0   1   2   5   2   0   2  24   6   0   0   2  0.31 0.21
   43 S     2   2   0  -2  -2   0  -1   2  -2  -3  -2   1  -2  -3  -1   2   1  -3  -3  -2   19  13   3   1   0   3   1  16   0   1   2   7   0   1   2  18   8   0   0   2  0.27 0.19
   44 A     2   2  -2  -2  -3   0  -1   1  -2  -2  -3   0  -1  -3   3   1   1   0  -3  -2   18  15   1   1   0   3   1  13   0   2   1   3   1   0  16  10   7   1   0   2  0.31 0.21
   45 G     2   1   1  -2  -3  -1  -2   3   0  -3  -2   0  -2  -3   0   2   0  -3  -3  -1   16  11   8   1   0   2   1  21   2   1   2   4   0   1   5  15   5   0   0   3  0.26 0.18
   46 R     3   2  -1  -1  -2   1  -1   0   0  -2  -2   0  -2  -2   0   2   0  -3  -3  -1   26  15   1   2   0   6   2   7   2   2   2   3   0   1   4  16   5   0   0   4  0.23 0.19
   47 T     1   0   1  -2  -3  -1  -2   3  -2  -2  -3  -1  -1  -3   0   1   2   0  -2  -1   11   4   6   1   0   2   1  30   1   1   1   2   1   1   4  14  14   1   1   4  0.32 0.20
   48 T     2   2   0  -2  -2  -1  -2   2  -1  -2  -2  -1  -1   0   0   1   1  -3  -1  -1   19  13   3   1   0   2   1  18   1   2   4   2   1   5   4   8  12   0   1   3  0.17 0.14
   49 S     1  -1   0   0  -3  -1  -1   3  -2  -3  -3  -1  -2  -2   0   2   0  -3  -2  -2   14   3   2   4   0   3   3  29   0   1   2   3   1   2   5  20   6   0   1   1  0.34 0.19
   50 A     2   0   0  -1  -3   0  -1   4  -2  -2  -3  -1  -1  -2   0   1   0  -3  -2  -2   18   6   4   2   0   4   2  36   1   1   1   2   2   2   4   9   4   0   1   2  0.36 0.18
   51 G     1  -2   2  -1  -3  -1  -1   4  -2  -2  -3  -1  -2  -2  -1   2  -1  -3  -3  -1    9   1  11   1   0   2   2  33   0   3   2   2   0   1   2  24   2   0   0   4  0.40 0.21
   52 T     1  -1   0  -1  -2   0  -1   1  -1  -2  -2   0  -1  -1  -1   2   2  -3  -2  -1   14   1   4   3   0   3   1  12   1   1   3   7   1   3   2  25  16   0   0   3  0.21 0.15
   53 G     1   0   2   0  -1   1  -1   2  -1  -2  -2  -1  -1  -3   0   2   0  -3  -2  -2   12   5  12   3   1   9   2  20   0   1   2   2   1   1   4  20   3   0   1   2  0.24 0.13
   54 G     0  -1   2  -1  -2  -1  -1   3  -1  -2  -2  -1  -2  -3  -1   2   1  -3  -2  -2    6   2  15   2   0   2   2  29   1   1   3   1   0   1   3  16  13   0   1   2  0.31 0.15
   55 M    -1  -1  -3  -3  -2  -1  -2  -2  -3   2   1  -2   7   0  -3  -1   0  -3  -2   0    3   3   1   1   0   1   1   4   0  11  12   1  46   3   1   3   4   0   0   5  0.61 0.29
   56 W    -2  -2  -2  -4  -2  -2  -3  -3  -3   0   4  -1   4   0  -3  -2  -2   6  -1   0    1   1   2   1   0   1   1   1   0   1  47   4  15   2   1   3   1  12   1   5  0.56 0.24
   57 R    -2   5   0  -2  -4   2  -1  -1   1  -3  -3   4  -1  -3  -2  -1  -2  -1  -1  -3    1  37   3   1   0   9   1   3   4   0   2  29   1   0   1   3   1   1   2   1  0.58 0.23
   58 F    -3  -3  -3  -4  -3  -3  -4  -4  -1   2   3  -3   0   6  -4  -2  -2  -1   1   0    0   0   1   0   0   0   0   0   1  13  28   0   1  44   0   2   0   0   3   2  0.71 0.26
   59 Y    -2  -3  -2  -4   0  -3  -3  -4   2  -3  -3  -3  -3   3  -4  -2  -2   0   8  -3    2   0   2   0   2   0   0   0   3   0   1   0   0  11   0   2   1   0  73   0  1.58 0.46
   60 T    -1  -3   1   1  -3  -2  -2  -2  -3  -2  -3  -1   1  -4  -3   1   6  -4  -3  -1    2   0   5   6   0   1   1   2   0   1   0   2   5   0   0  10  64   0   0   2  0.78 0.36
   61 E    -2  -3   0   6  -1   2   2  -1  -2  -5  -5  -1  -4  -5  -3  -1  -3  -5  -2  -4    1   0   2  63   2   8  14   4   0   0   0   2   0   0   0   3   0   0   1   0  1.08 0.37
   62 D    -2  -2  -1   6  -5   0   3  -2  -2  -5  -5   1  -4  -5  -1  -1  -2  -5  -2  -4    2   0   0  52   0   1  25   2   0   0   0   9   0   0   2   4   1   0   1   0  0.93 0.34
   63 S     3  -2   0  -1  -2  -2  -2   0   0  -3  -3  -2  -2  -4  -1   3   3  -4  -3  -1   31   0   5   2   0   0   0   6   2   0   0   0   0   0   1  31  20   0   0   3  0.48 0.26
   64 P     1  -1   0  -1  -3   0  -1  -3  -3  -1  -1   0  -2  -4   5   0   1  -4  -3  -2   12   2   4   2   0   4   3   0   0   3   6   6   0   0  38   5  12   0   0   2  0.63 0.24
   65 G    -1   1  -2  -3  -4  -3  -3   5  -3  -3   0  -3   1   0  -4  -1  -3  -4  -3  -2    4   8   0   0   0   0   0  63   0   0   9   0   5   5   0   3   0   0   0   3  0.83 0.30
   66 L    -2  -1  -4  -4   0  -3  -4   0  -1   2   4  -3   1   2  -2  -3  -2   1   0   0    2   4   0   0   2   0   0   9   2  12  48   0   2   9   2   0   0   2   2   3  0.36 0.19
   67 K    -1   2   0  -2  -3   1   0  -3  -2  -2  -1   5  -2  -3  -2   1  -1  -4  -3  -2    3  11   2   0   0   4   4   0   0   2   6  51   0   0   0  11   2   0   0   2  0.53 0.25
   68 V    -1  -4  -4  -4  -2  -3  -4  -4  -4   4   1  -3   3   0  -4   0  -2  -3  -2   3    4   0   0   0   0   0   0   0   0  35  11   0  11   4   0   9   0   0   0  27  0.54 0.24
   69 G    -1  -3  -1   3  -3   1   0   3  -3  -2  -2  -2  -3  -4  -1   3   1  -4  -4  -3    0   0   0  19   0   7   5  21   0   3   3   0   0   0   3  32   8   0   0   0  0.46 0.26
   70 P    -1  -1  -4  -4  -5  -4  -4  -5   1  -1  -2  -3  -4  -5   8  -1  -3  -6  -5  -4    4   4   0   0   0   0   0   0   4   4   4   0   0   0  77   4   0   0   0   0  2.00 0.56
   71 V    -2  -1   2  -2  -3   0  -2  -3   0   0   0   0   1   1  -1  -1   2  -3   0   2    0   3  13   0   0   4   0   0   2   3   6   8   3   8   2   2  19   0   2  25  0.19 0.18
   72 P     0  -3  -3  -3  -2  -1  -3   0  -3   1   0  -3   1  -1   2  -1   1   2  -2   3    8   0   0   0   0   2   0   8   0   5   6   0   5   3  10   4  10   3   0  34  0.27 0.18
   73 V     0  -4  -4  -2   2  -4  -4  -4  -5   1   0  -4   2  -3  -4  -3  -2  -4  -3   6    7   0   0   2   5   0   0   0   0   5   3   0   5   0   0   0   0   0   0  73  0.90 0.34
   74 L    -2  -4  -4  -5   1  -3  -4  -5  -4   2   4  -4   3  -1  -1  -1  -2  -3  -3   1    0   0   0   0   3   0   0   0   0  14  63   0   7   0   3   5   0   0   0   5  0.70 0.27
   75 V     0  -4  -4  -3   0  -3  -4  -1  -4   2   0  -3   1   2  -4  -2  -1  -3  -2   5    6   0   0   2   1   0   0   6   0  12   2   0   2  10   0   1   2   0   0  54  0.50 0.24
   76 M    -2  -3  -4  -5  -1  -3  -4  -3  -4   1   3  -2   8   0  -1  -2  -2  -3  -3  -1    2   0   0   0   1   0   0   1   0   5  27   2  50   3   2   3   1   0   0   1  0.93 0.37
   77 S     2  -3  -1  -2   3  -2  -2  -1  -3  -3  -4  -2  -3  -4  -3   5   1  -4  -3  -1   13   0   1   0   6   0   0   2   0   0   0   0   0   0   0  69   6   0   0   3  0.88 0.34
   78 L    -2  -4  -4  -5   0  -4  -4  -5  -4   3   4  -4   0   1  -4  -3  -1  -3  -2   2    2   0   0   0   2   0   0   0   0  19  54   0   0   5   0   0   3   0   0  13  0.63 0.22
   79 L     0  -3  -2  -2   5  -3  -2   2  -3   1   0  -3   0  -2  -3   0  -1  -3  -2   2    8   0   0   1  17   0   2  23   0   8   8   0   2   1   0   8   2   0   1  21  0.32 0.16
   80 F    -4  -5  -5  -6  -5  -5  -5  -5  -3  -1  -1  -5  -2   8  -6  -5  -4  -1   3  -3    0   0   0   0   0   0   0   0   0   2   4   0   0  86   0   0   0   0   8   0  1.98 0.47
   81 I    -3  -4  -2  -4  -3  -4  -2  -5  -4   6   0  -4   2  -1  -4  -3  -2  -4  -3   2    0   0   3   0   0   0   4   0   0  71   3   0   7   1   0   1   0   0   0  10  0.92 0.31
   82 A     4  -3  -3  -2  -2  -2  -1   3  -3  -1  -1  -2  -1   2  -3  -1  -1  -3  -2  -1   46   0   0   1   0   0   3  22   0   3   4   0   1  14   0   2   1   0   0   3  0.45 0.21
   83 S     0  -3  -1  -3   0  -2  -2  -3  -3   1  -1  -2  -1   4  -3   3   1  -2  -1   1    4   0   1   0   2   0   0   0   0   9   2   0   1  26   0  38   6   0   0  10  0.38 0.21
   84 V    -2  -4  -4  -4  -3  -3  -1  -5  -1   2   0  -4  -1  -1  -4  -3  -2  -4  -3   6    0   0   0   0   0   0   5   0   2   9   2   0   0   1   0   0   0   0   0  80  0.99 0.33
   85 F     1  -3  -3  -3   0  -3  -3  -2  -3   1   0  -3   0   4  -3   0   2  -2  -1   2   13   0   0   0   2   0   0   2   0   9   4   0   2  25   0   4  15   0   0  24  0.31 0.17
   86 M     2  -3  -3  -3   0  -2  -3  -1  -3   2   2  -3   3   1  -3  -1  -1  -2   0   1   26   0   0   0   2   0   0   3   0  13  23   0  11   6   0   2   2   0   3   9  0.25 0.14
   87 L    -2  -4  -5  -5  -1  -4  -4  -4  -4   1   5  -4   2  -1  -4  -4  -3  -3  -3  -1    2   0   0   0   1   0   0   1   0   3  90   0   3   0   0   0   0   0   0   0  1.11 0.33
   88 H    -4  -2   1  -2  -5  -1  -2  -4  10  -5  -5  -3  -4  -1  -4  -3  -4  -4   0  -5    0   1   5   1   0   1   0   0  88   0   0   0   0   2   0   0   0   0   0   0  2.31 0.49
   89 I    -1  -3  -4  -4  -2  -4  -4  -3  -4   5   1  -4   1   0  -4  -3  -1  -4  -2   4    2   1   0   0   0   0   1   1   0  48   5   0   2   4   0   0   1   0   0  35  0.69 0.23
   90 W    -1  -4  -4  -4  -3  -3  -4  -3  -3   2   0  -3   2   4  -4  -1  -1   6   1   1    3   0   0   0   0   0   0   2   0  18   7   0   7  28   0   4   3  16   2  11  0.61 0.20
   91 G     2  -3   0  -1  -1  -2  -3   5  -3  -4  -4  -2  -3  -4  -3   1  -1  -4  -4  -3   22   0   5   2   1   0   0  57   0   0   0   0   0   0   0  11   1   0   0   1  0.84 0.23
   92 K    -3   2  -1  -2  -5   0  -1  -3  -2  -4  -4   7  -2  -5  -3  -2  -2  -5  -4  -4    0   6   1   0   0   2   1   0   0   0   0  89   1   0   0   0   0   0   0   0  1.36 0.36
   93 Y    -2  -2  -4  -4  -2  -3  -3  -4  -1   2   3  -3   2   3  -4  -3  -2  -2   2   2    1   2   0   0   0   0   1   0   1  17  39   0   4  15   0   0   0   0   9  12  0.43 0.14
   94 T    -1  -1  -1  -3   0  -2  -3  -3   0   0  -1  -1   1   2  -3   0   3  -1   5   0    3   2   2   0   2   1   0   0   1   7   1   2   5   6   0   5  26   0  33   5  0.42 0.18
   95 R    -3   6  -1  -3  -5   1  -1  -2   2  -4  -4   2  -3  -4  -2  -1  -2  -4  -3  -4    0  71   1   0   0   4   2   2   6   0   0  10   0   0   2   3   0   0   0   0  1.08 0.26
   96 S     3  -2   0  -2  -2  -1  -1  -1  -2  -3  -3  -1  -2  -3  -2   4   2  -4  -3  -2   32   0   3   0   0   0   0   0   0   0   0   0   0   0   0  52  13   0   0   0  0.61 0.18

                      K         Lambda
Standard Ungapped    0.1294     0.3157
Standard Gapped      0.0439     0.2670
PSI Ungapped         0.1435     0.3179
PSI Gapped           0.0439     0.2670
