
Last position-specific scoring matrix computed, weighted observed percentages rounded down, information per position, and relative weight of gapless real matches to pseudocounts
            A   R   N   D   C   Q   E   G   H   I   L   K   M   F   P   S   T   W   Y   V   A   R   N   D   C   Q   E   G   H   I   L   K   M   F   P   S   T   W   Y   V
    1 M    -5  -6  -7  -8  -6  -5  -6  -7  -6  -3   0  -6  11  -4  -7  -6  -5  -6  -5  -3    0   0   0   0   0   0   0   0   0   0   7   0  93   0   0   0   0   0   0   0  3.26 0.91
    2 V     2  -1  -1  -3  -3  -2  -2  -2  -4   0  -2  -1   3  -3  -2   2   3   3  -3   0   20   3   2   0   0   1   2   3   0   6   1   4   9   1   1  14  24   4   0   6  0.35 0.26
    3 E    -2   3  -2   4  -5   0   4  -4   2  -4  -4   1  -4  -3  -3  -1   1  -4  -4  -4    2  15   1  22   0   3  25   0   4   1   1   7   0   1   1   4  11   0   0   0  0.60 0.33
    4 A     1   2   0   0  -3   1   1  -1   2  -1  -1   1  -2  -3   1   1   0  -3  -1  -2   11  11   3   3   0   8  11   3   7   4   5   6   1   1   8   9   6   0   1   2  0.16 0.13
    5 P    -1   4  -1   0  -3   1   2  -2   2  -2  -2   1  -2  -3   2  -1   0  -4  -1  -2    4  23   1   6   0   5  12   3   5   1   2   8   1   0  12   3   7   0   2   3  0.33 0.22
    6 E    -2   4  -1   1  -5   1   3  -2   1  -4  -3   1  -1  -3   1   1   0  -5  -3  -3    3  23   1   9   0   7  18   3   4   1   1   5   1   1   7  10   5   0   0   1  0.39 0.26
    7 Q     0   1  -1   0  -4   1   2   2   1  -3  -1   0  -2  -3   1   0   0  -3  -2  -2    5   8   2   3   0   6  17  21   3   1   6   5   0   1   7   6   6   0   1   2  0.22 0.16
    8 S    -2   2  -1  -2  -3   0  -1  -2   0   1   1   0   6   1  -2  -1  -2  -3  -1  -1    2  14   3   1   0   4   3   3   2   8  11   4  27   6   2   4   1   0   1   3  0.34 0.27
    9 E    -1  -1   2   2  -4   0   2   1   0  -4  -3   0  -1  -3  -1   2   1  -2  -3  -3    3   3  10  10   0   4  14  13   2   0   2   4   2   1   2  20   9   1   1   0  0.29 0.21
   10 T    -1  -1  -2  -3  -4  -1  -2  -3  -1   0   1   4   1   0   1   0   2  -3  -2   0    4   1   1   0   0   1   1   0   2   4  12  30   5   4   7   5  14   0   1   8  0.28 0.25
   11 G     0   0   1   3  -4   0   3   1   1  -3  -3  -1  -3  -4  -3   1   1  -5  -3  -2    5   5   7  15   0   3  21  11   4   1   1   2   0   0   0  13   9   0   0   2  0.34 0.23
   12 R    -4   8  -1  -5  -4  -2  -4  -5   2  -7  -5  -1  -5  -6  -6  -4  -4  -3  -5  -6    1  89   2   0   0   1   0   0   5   0   0   1   0   0   0   0   0   0   0   0  2.25 0.80
   13 I    -2  -4  -5  -6  -4  -4  -5  -4  -4   3   5  -5   3   0  -4  -4  -2  -2  -2   2    2   0   0   0   0   0   0   1   0  13  56   0   7   4   1   0   2   0   0  13  0.83 0.39
   14 E    -1  -2  -2   1  -3   0   5  -2  -1   0  -1  -1   0  -3  -4  -2  -1  -5  -3   1    4   1   1   6   1   2  49   3   1   6   5   3   3   1   0   2   4   0   1   9  0.57 0.35
   15 A     4   1   1  -3  -2  -2  -2   0  -2  -2  -2  -2   0   0  -3   1   1  -3  -2  -1   47   7   6   0   0   1   1   5   0   2   2   0   2   4   0   8  10   0   0   2  0.43 0.31
   16 F    -5  -5  -6  -6  -5  -5  -6  -6  -4   0   3  -5   0   8  -3  -4  -4  -2   1  -2    0   0   0   0   0   0   0   0   0   3  29   0   2  61   1   1   0   0   2   1  1.51 0.55
   17 S     0  -3   0  -3   0  -2  -2  -2  -3  -1  -3  -3   0  -2  -3   5   3  -5  -3  -1    4   0   3   0   2   1   1   1   0   4   1   0   3   2   0  51  22   0   0   5  0.73 0.44
   18 D    -5  -5   1   8  -7  -3  -1  -4  -2  -6  -5  -4  -6  -7  -5  -3  -3  -7  -6  -5    0   0   5  90   0   0   1   1   1   0   1   0   0   0   0   0   1   0   0   1  2.20 0.75
   19 G     4  -4  -3  -3   0  -3  -3   5  -4  -1  -3  -3  -2  -5  -4  -1  -1  -5  -4  -2   38   0   1   1   2   0   0  44   0   4   1   0   1   0   0   2   3   0   0   3  0.87 0.41
   20 V    -1  -5  -5  -6  -1  -5  -5  -4  -5   4  -1  -5  -1  -2  -5  -3  -1  -5  -4   6    5   0   0   0   1   0   0   1   0  25   3   0   1   1   0   1   2   0   0  60  1.09 0.49
   21 F    -3  -4  -5  -6  -2  -5  -5  -6  -4   2   1  -5   1   7  -6  -4  -3  -2   2   1    1   1   0   0   1   0   0   0   0  13  14   0   3  50   0   1   1   0   6   9  1.11 0.46
   22 A     6  -4  -4  -5  -3  -4  -4   2  -5  -4  -4  -4  -2  -5  -2   0  -2  -5  -5  -2   76   0   0   0   0   0   0  12   0   0   1   0   1   0   1   5   2   0   0   2  1.26 0.60
   23 I    -3  -5  -6  -6  -4  -5  -6  -6  -5   6   1  -5   0   4  -5  -5  -2  -4  -3   2    2   0   0   0   0   0   0   0   0  60   8   0   2  15   0   0   2   0   0  12  1.20 0.51
   24 A     4  -4  -4  -3  -1  -3  -3  -2  -4   3  -1  -3  -1  -2  -3   0   0  -4  -2   2   44   0   0   1   1   0   0   1   0  19   2   0   1   1   0   7   4   0   1  17  0.58 0.36
   25 I     0  -4  -5  -4   1  -3  -4  -4  -5   5   2  -4   6   0  -5  -3  -2  -4  -3   0    8   0   0   1   3   1   0   1   0  33  19   0  21   4   0   2   1   0   0   5  0.76 0.41
   26 T    -1  -3  -3  -4  -2  -4  -4  -3  -5  -3  -3  -4  -4  -5  -3  -1   7   2  -5  -2    4   1   0   0   1   0   0   1   0   1   2   0   0   0   1   3  79   3   0   1  1.65 0.75
   27 L    -3  -2  -5  -5  -3  -2  -4  -5  -4   4   5  -4   2  -1  -4  -2  -2  -4  -3   1    0   3   0   0   0   1   0   0   0  21  54   0   4   2   0   3   2   0   0   8  0.82 0.41
   28 L    -3  -4  -5  -5  -1  -2  -5  -5  -5   1   5  -4   6  -1  -2  -3  -1  -4  -4  -1    2   0   0   0   1   2   0   0   0   6  56   0  20   2   2   2   3   0   0   2  1.06 0.54
   29 V     1  -5  -3  -5  -4  -2  -4  -3  -5   3   0  -4   0   0  -5  -2  -1  -5  -4   5   14   0   1   0   0   2   0   2   0  14   5   0   2   3   0   2   3   0   0  52  0.84 0.47
   30 L    -2  -2  -5  -5  -4  -4  -2  -6  -5   2   5  -3   1   1  -5  -3  -1  -4   0   1    2   2   0   0   0   0   3   0   0  11  54   2   2   5   0   2   4   0   4   9  0.76 0.46
   31 E    -1  -2   2   3  -4   0   3   0  -1  -3  -2  -1  -3  -2   2   0  -1  -5  -4  -3    4   2   9  15   0   4  25   7   1   2   5   2   0   1   8   8   4   0   0   2  0.36 0.29
   32 I    -2  -3  -5  -3  -1  -2  -2  -3  -5   4   4  -4   1   2  -3  -3  -2  -4  -3   1    3   2   0   2   1   1   2   2   0  21  41   0   3   9   2   2   2   0   0   7  0.60 0.38
   33 K    -1   1   0   1  -1   1   0  -2   1  -1  -1   2   0  -2   2   0   0  -4  -2  -1    4   9   4   9   1   6   6   2   4   4   5  13   2   1  12   4   7   0   1   6  0.16 0.14
   34 V    -1   0  -2   0  -3  -1   0  -2  -1   1   1   0   0   0   2  -1   0  -3  -1   3    5   5   2   6   0   3   5   2   1   8  11   5   2   4  10   2   5   0   1  23  0.13 0.15
   35 P    -1  -2  -2  -2  -4  -2  -1  -3  -1  -1  -2  -2  -4  -2   7  -1  -1  -5  -2  -2    5   2   2   2   0   2   4   2   1   3   5   2   0   2  54   5   3   0   2   4  1.15 0.56
   36 Q     1  -1   0   2  -5   0   3  -2   4  -2  -2  -1  -1  -3  -1   0   0  -5  -2   0   11   3   3  11   0   3  21   3  11   3   3   4   1   1   3   7   5   0   1   6  0.31 0.29
   37 H     0  -1  -1   0  -4  -1   0   3   1   0  -1  -1  -1  -2   1   1   0   0  -1  -1    8   2   3   5   0   3   6  20   4   7   5   3   2   2   6   9   6   1   2   5  0.13 0.14
   38 K     1  -2   0   2  -4   0   2   0   1  -2  -2  -1  -1   0   2   1   0   1  -1  -2   12   2   4  10   0   3  13   7   4   2   3   4   2   4  10   9   5   2   2   3  0.16 0.18
   39 I     0   0   0   1   1   0   0   0   1   0  -1  -1   0  -1   1   0   1   2   0   0    8   4   5   8   3   4   5   8   4   5   5   3   3   3   6   7   9   3   3   6  0.04 0.05
   40 V     0   0   0   0  -4   0   0   0   2   0   0  -1   2   1   0  -1   0   4   0   0    7   4   5   5   0   4   5   6   4   5  10   4   6   6   5   5   5   5   3   6  0.07 0.07
   41 E    -1   0   0   0  -3   0   0  -1   2   0  -1   0   1   0   0   0   0   3   1   0    5   5   5   5   0   5   5   5   5   5   5   5   5   5   5   5   5   5   5   5  0.06 0.08
   42 T     0   0   1   1  -5   1   1   0   2  -1  -1  -1   0  -1   0   0   0   2   1  -1    7   4   7   8   0   5   8   6   4   4   6   4   3   3   5   7   7   3   4   4  0.08 0.08
   43 V    -1   0   0   0   2   0   0  -1   2   0  -1   0   2   1   0  -1   0   4   1  -1    5   5   5   5   5   5   5   5   5   5   5   5   5   5   5   5   5   5   5   5  0.09 0.08
   44 G     0  -1   0   1  -2   1   1   1   2  -1  -1  -1   0   1  -1   0   0   3   0  -1    9   3   4   9   1   7   8   9   4   3   6   3   2   5   3   7   5   4   3   4  0.08 0.08
   45 L    -1  -2  -1  -1  -1  -1  -2  -2   1   1   3  -3   0   2  -1   0   0   1   0   0    5   2   3   4   1   3   2   4   3   6  28   2   2   7   3   6   6   2   3   7  0.22 0.15
   46 V     1  -1  -1   0  -1   0  -1  -1   0   0   1  -1   1   1  -1  -1   0   5   0  -1   11   4   3   5   2   4   4   6   2   5  12   3   4   5   4   5   5   8   3   5  0.13 0.10
   47 S     0   0   0   0  -3   1   1  -1   1  -1   0   0   0   0  -1   0   0   1   0  -1   11   5   4   5   0   5  10   5   4   4  12   4   2   5   3   6   5   2   2   5  0.03 0.06
   48 S     2  -1  -1   0   0   0   0   0   0   0  -1  -1   0   1  -1   0  -1   1   0   0   22   3   2   5   2   3   6   6   3   7   5   3   2   6   3   7   3   2   3   6  0.07 0.12
   49 L    -1   0   0   0   2   0   0  -1   2   0  -1   0   1   0  -3   0   0   3   1   0    5   5   5   5   5   5   5   5   5   5   5   5   5   5   0   5   5   5   5   5  0.06 0.10
   50 L     1   0  -1  -2   0   0  -2  -1   1   0   2   0   1   1  -2  -1  -1   3   0   0   11   6   2   2   2   4   3   6   3   5  18   5   3   5   2   5   4   4   3   6  0.09 0.08
   51 S     1   0   0   2  -6   1   2   0   2  -2  -2  -1   0  -2   2   0  -1  -6  -1  -2   12   4   4  10   0   6  11   6   5   2   4   4   2   2  10   7   4   0   2   3  0.17 0.18
   52 L    -1   0   0   0   2   0   0  -1   2   0  -1   0   2   1   0  -1   0   4   1  -1    5   5   5   5   5   5   5   5   5   5   5   5   5   5   5   5   5   5   5   5  0.09 0.08
   53 W    -1   0   0   0   2   0   0  -1   2   0  -1   0   2   1   0  -1   0   4   1  -1    5   5   5   5   5   5   5   5   5   5   5   5   5   5   5   5   5   5   5   5  0.09 0.08
   54 P    -1   0  -1  -1  -5  -1  -1  -1   1  -1  -2  -1   0  -1   5  -1   0   2   0  -1    5   5   3   4   0   3   4   5   4   3   3   4   3   3  31   5   5   3   3   4  0.45 0.36
   55 S     0   0   1   0  -3   1   1   0   1  -1  -1   1   0  -1   0   0   0   1   0  -1    6   4   7   4   0   9   9   6   4   3   4   7   3   3   5   8   6   3   3   5  0.07 0.10
   56 Y    -2  -5  -5  -6   1  -5  -6  -2   1   2   2  -5   1   5  -6  -2  -2   3   3   1    3   0   0   0   3   0   0   3   3  11  21   0   3  25   0   3   3   4   8   7  0.74 0.41
   57 L    -1  -2  -1  -1   1  -1  -1  -1   1   2   2  -5   1   2  -1  -2  -2   2   0   0    5   3   3   3   3   3   4   6   3  13  21   0   3   8   3   4   3   3   4   6  0.22 0.15
   58 A     2  -1  -1  -1   1  -1  -2   0   1   0  -3  -1   0  -1  -2   2   0   2  -1  -1   17   3   3   4   3   3   3   7   4   5   3   3   3   3   3  17   7   2   3   5  0.19 0.18
   59 F    -2  -4  -2  -4   0  -4  -4  -4   1  -1  -1  -4   0   5  -2  -2  -2   2   7  -1    4   0   2   0   2   0   0   0   3   3   3   0   2  30   2   2   2   2  40   3  1.04 0.47
   60 L     1  -3  -3  -1   2  -2  -2  -1  -3   2   1  -2   1   1  -3  -1   0   2   0   2   16   0   0   5   6   0   0   5   0  12  17   0   2   6   0   3   3   3   2  17  0.15 0.14
   61 T    -1  -3  -1  -3   2  -2  -1  -1  -3   2   2  -2   1   1  -1  -1   0  -2   0   1    5   0   3   0   5   0   5   5   0  20  20   0   3   7   3   3   6   0   2  11  0.13 0.13
   62 S     0  -1   0  -2   3  -2  -2   1  -3  -1  -3  -1   0  -4  -3   4   1  -4  -3  -1    6   3   4   0   6   0   0  11   0   3   1   3   3   0   0  49   6   0   0   3  0.48 0.34
   63 F    -2  -4  -4  -5   0  -4  -4  -2  -3   0  -1  -2   0   7  -5  -2  -2   2   2  -1    3   0   0   0   2   0   0   4   0   4   4   3   3  60   0   3   3   3   6   3  1.03 0.47
   64 A     1  -3  -3  -2   0  -2  -2  -2  -3   2   2  -3   1   1  -3   0   0   1   1   1   12   0   0   2   2   0   2   3   0  15  22   0   4   8   0   6   6   2   4  12  0.17 0.15
   65 S    -2  -3  -2  -3  -1  -1  -3  -3  -1   3   1  -3   2   1  -5  -2   1   1   2   3    3   2   2   2   1   3   2   2   1  15  13   2   5   6   0   3   9   2   7  22  0.35 0.24
   66 I    -1  -4  -4  -4   1  -4  -4  -2  -4   4   2  -4   1   0  -1  -2   0   2  -3   2    6   0   0   0   3   0   0   3   0  24  24   0   4   3   3   3   6   3   0  16  0.44 0.30
   67 L     2  -3  -3  -1   1  -3  -3   4   0  -1  -2  -2   1   1  -3   0  -1   2   1  -1   18   0   0   3   4   0   0  29   2   4   4   2   4   5   0   7   4   3   4   4  0.33 0.27
   68 V    -1   0   0   0   2   0   0  -1   2   0  -1   0   2   1   0  -1   0   4   1  -1    5   5   5   5   5   5   5   5   5   5   5   5   5   5   5   5   5   5   5   5  0.09 0.08
   69 M    -2  -1  -1  -7   2   0  -2  -3   1   1   0  -2   2   5  -7  -2  -1   3   4   0    4   3   3   0   4   4   3   3   3   7   9   3   5  19   0   4   3   3  12   7  0.50 0.30
   70 W    -7   1   0  -7   2  -6  -7  -7  -6  -7  -2  -7  -6  -5  -7  -1  -7  12   2  -7    0   7   5   0   4   0   0   0   0   0   5   0   0   0   0   5   0  66   6   0  3.22 1.16
   71 V    -2   1   2  -1  -1  -1  -2  -2   1   2   1  -2   2   1  -4  -2  -1   1   2   1    3   7  11   4   1   2   2   3   4  11  11   2   6   6   0   3   3   2   9   9  0.17 0.15
   72 N     0   0   4   0  -1   0  -1   0   0  -1  -1  -2  -1   0  -3   1  -1   0  -1  -1    9   4  22   4   1   5   4   6   2   4   6   2   1   4   1  12   4   1   2   4  0.23 0.20
   73 H    -4  -2   0  -4  -7   1  -4  -4  10  -4  -3  -6  -2   0  -7  -3  -3  -7  -1  -7    2   2   4   1   0   5   1   1  67   1   3   0   1   4   0   2   2   0   2   0  2.56 1.08
   74 H    -2   2  -1  -4  -2  -1  -4  -4   9  -2  -2  -3  -1   0  -6  -2  -1  -1   1  -1    4  10   3   1   1   3   1   1  46   3   4   2   2   3   0   3   4   1   4   4  1.42 0.70
   75 R    -1   4   1  -2  -3   2   0  -2   3  -2  -1   0  -1  -1  -5  -1   0   0   1  -2    5  25   7   2   1   8   6   3   8   2   5   6   1   3   0   4   6   1   4   3  0.38 0.29
   76 I     0   0   0   0  -3   1   0   0   2   0  -1   0   1   1  -3   0   0   3   1   0    6   6   5   6   0   5   6   6   5   6   6   6   5   5   0   6   6   5   5   6  0.06 0.10
   77 F    -2  -1  -1  -1   1  -1  -2  -1   1  -1   0  -3   2   5  -4   0  -1   6   1  -1    3   4   3   3   3   3   3   4   3   4   9   0   5  25   0   6   3  10   4   4  0.41 0.33
   78 S     0   3   0   0  -2   2   0  -2   5  -3  -3   0  -2  -2  -3   1  -2  -1  -1  -3    8  17   4   5   1  10   6   4  14   2   3   6   1   2   2   9   3   1   3   2  0.44 0.33
   79 L     0   3  -2  -1   1   0  -2  -2   4   0   1  -1   0   0  -3  -1  -1   0   3  -1    7  15   2   3   3   4   3   3   9   4  13   4   2   4   2   4   4   1   8   5  0.23 0.17
   80 V     0  -4  -4  -5   0  -3  -5  -5  -3   4   1  -5   0  -1  -4  -3   0  -1   2   4    9   1   1   1   2   1   1   1   1  21  12   1   2   3   1   3   5   1   5  28  0.71 0.41
   81 A     0   3  -1   0  -2   0   2  -1   1  -3  -4   2  -2  -2   0  -2   1  -1  -2  -1    7  15   3   4   1   4  14   6   3   2   2  13   1   2   4   3   8   1   1   4  0.29 0.25
   82 R    -2   5  -1  -1  -1   0  -2  -1   3  -3  -2   3  -1  -2  -3   0  -1   1  -1  -1    4  23   3   3   1   4   3   4   6   2   5  17   2   2   2   6   5   2   2   4  0.46 0.33
   83 T    -1   0   0   0   2   0   0  -1   2   0  -1   0   2   1   0  -1   0   4   1  -1    5   5   5   5   5   5   5   5   5   5   5   5   5   5   5   5   5   5   5   5  0.09 0.08
   84 D     0   0   1   0   2   1   0   0   2   0  -1   0  -1  -2   1   0   0  -3   1   0    6   6   6   6   6   6   6   6   6   6   6   6   0   0   6   6   6   0   6   6  0.05 0.08
   85 H    -1   3   1  -2  -1  -1  -2   3   1  -2  -2  -1  -1  -2   1   0  -1   0  -1  -3    5  15   6   3   1   3   3  22   3   3   5   3   2   2   8   6   5   1   3   2  0.31 0.24
   86 A     0   2  -1  -3  -1  -1  -2   1   0  -1  -1   1   0  -2   1   0   1   3  -2  -1    7  12   3   2   1   3   3  12   2   3   7   8   2   2   7   8   7   3   2   5  0.13 0.13
   87 F     0  -2   0   0   2   0   0  -1   2   0  -1  -2   1   1   0   0   0   3   1   0    6   0   5   6   5   5   6   6   5   6   6   0   5   5   6   6   6   5   5   6  0.08 0.13
   88 F    -1  -1   1  -1  -5  -1  -2  -2   2   2   1  -2   3   1  -1  -2   0   2   1   1    5   3   6   4   0   3   3   3   4  11  14   3   6   5   3   3   6   3   4  11  0.15 0.12
   89 Y    -1   0   0   0   2   0   0  -1   2   0  -1   0   2   1   0  -1   0   4   1  -1    5   5   5   5   5   5   5   5   5   5   5   5   5   5   5   5   5   5   5   5  0.09 0.08
   90 W     1  -2  -2  -3   0  -2  -3  -2   0   3   3  -3   1  -1  -2  -2  -1   4   0  -1   10   3   2   2   2   2   2   4   2  15  27   2   3   3   2   4   4   5   3   5  0.38 0.24
   91 N    -3  -7   7   0   0  -2  -2  -3   2  -2  -3  -3   0  -2  -8   0   0   2   0  -3    3   0  44   5   2   2   3   2   4   3   4   2   2   2   0   7   6   2   3   3  1.08 0.64
   92 G     0   0   0  -3   2   0  -2  -1   2   0  -1   0   1   1   0   0   0   3   1   0    6   6   5   0   5   5   0   6   5   6   6   6   5   5   6   6   6   5   5   6  0.08 0.13
   93 L     1  -3  -1  -3   1  -1  -3  -1   2   1   1  -3   1   1   0   0  -1   2   0   1   12   0   4   0   3   3   0   5   7   7  17   0   3   7   5   6   4   3   3   9  0.13 0.17
   94 L     0  -1  -1  -4   1  -1  -1  -1   2  -1   1  -1   3   2  -1  -1  -1   6   0   0    8   3   3   0   3   3   3   5   6   3  13   3   8   8   3   3   3  12   3   5  0.27 0.21
   95 L    -1  -1  -1  -5   2  -4  -5  -5   2   0   4  -5   4   0  -1  -1  -1  -5  -4  -1    4   4   4   0   4   0   0   0   5   5  43   0   9   4   4   4   4   0   0   4  0.62 0.39
   96 M     1  -4  -1  -4   1  -3  -4   0  -3   0   2  -3   3   4  -1  -1  -1  -2   0  -1   12   0   3   0   3   0   0   9   0   4  20   0   9  25   3   3   3   0   3   4  0.35 0.29
   97 L     1  -3  -1  -2   1  -2  -2  -1  -3   0   1  -3   1   3  -1   0   2   4  -2   0   12   0   2   2   3   2   2   4   0   3  13   0   4  15   3   6  14   7   0   7  0.22 0.22
   98 V     0  -2  -3  -5   0  -2  -3  -4  -2   4   1  -2   1  -2  -5  -3   0  -4  -1   4    8   2   1   0   2   2   1   1   1  29  12   2   4   1   0   1   4   0   2  26  0.53 0.35
   99 T     2  -2  -2  -2   1  -3  -3   0  -4  -1   0  -3  -1  -1  -2   3   1  -4  -3   2   18   2   1   1   3   0   0   6   0   3   9   0   1   3   1  28   8   0   0  14  0.33 0.32
  100 F    -1  -4  -5  -5  -1  -3  -5   0  -1   1   4  -4   1   4  -3  -3  -2   1  -1   0    4   0   0   0   1   1   0   8   2   6  44   0   2  20   1   2   1   2   1   4  0.63 0.40
  101 V    -2  -4  -3  -5  -1  -3  -4  -3  -4   3   3  -4   2   3  -4  -1  -1  -3   2   2    1   0   1   0   1   1   0   2   0  21  27   0   6  13   0   4   3   0   7  12  0.47 0.31
  102 P    -1  -2  -3  -3  -5  -3  -4  -2  -5   0  -3  -4  -2  -6   8  -2  -3  -6  -6  -1    4   2   1   1   0   1   0   3   0   6   3   0   1   0  68   2   1   0   0   5  1.73 0.76
  103 F    -1  -4  -4  -5  -3  -5  -5  -1  -2  -1   1  -4  -1   7  -1  -2  -3   1   4   0    5   1   1   0   1   0   0   4   1   2  11   1   1  42   3   3   1   2  15   7  0.89 0.49
  104 P     0  -2   1   0   2   1   0   0   2   0   0  -2   1   0   1   0   0  -3  -1   0    6   0   6   6   6   6   6   6   6   6   6   0   6   6   6   6   6   0   0   6  0.05 0.11
  105 T    -1  -1  -1  -3   1  -1  -1  -2  -3  -1   0  -3   1   0   0   0   4   2   0  -1    5   3   3   0   3   3   3   3   0   4   8   0   4   5   5   6  34   3   3   4  0.30 0.31
  106 A     1   1   0   0  -3   1   0   1   0  -1  -1   1   0  -1  -1   1   0  -3  -1  -1   12   7   4   4   0   6   4   9   2   3   5  11   2   3   2  13   6   0   2   4  0.08 0.10
  107 L    -1  -2  -2  -5  -4   0  -3  -3  -1   0   3  -2   2   2  -1  -2  -1   7   0   1    4   2   2   0   0   4   2   2   1   5  26   2   6   8   4   3   4  16   2   9  0.49 0.35
  108 L    -1  -2  -2  -1  -3  -1  -2  -1  -1   2   2  -1   3   0  -2  -1   1   2   0   2    4   2   2   3   0   2   2   4   1  10  19   3  11   3   1   5   8   3   3  13  0.17 0.18
  109 A     1  -2  -1  -1   0  -1  -1   3   0   0  -3  -3   0   0  -4   2   1   0  -2  -1   14   1   2   3   2   2   3  27   2   5   2   0   2   4   0  14   9   1   1   5  0.30 0.28
  110 E     0   1   0   2  -2   0   3  -1   1  -2  -1   0  -1   0  -2   0   0  -1  -1  -2    9   7   4  10   1   4  23   3   3   2   6   4   2   4   1   6   6   1   1   3  0.18 0.20
  111 Y    -1   0   0   0   2   0   0  -1   2   0  -1   0   2   1   0  -1   0   4   1  -1    5   5   5   5   5   5   5   5   5   5   5   5   5   5   5   5   5   5   5   5  0.09 0.08
  112 L    -1   0   0   0  -3   0   0  -1   2   0  -1   0   1   0   0   0   0   3   1   0    5   5   5   5   0   5   5   5   5   5   5   5   5   5   5   5   5   5   5   5  0.06 0.08
  113 I    -1   0   1   0   1   0   0   0   2  -1  -1  -1   2   0  -1   0   0   3   1  -1    5   6   7   6   3   4   5   6   5   4   6   4   5   4   4   8   5   4   4   5  0.06 0.06
  114 H     0  -1   1   1   0   0   0   0   2  -2  -2  -1   0   1  -1   1   0   2   2  -1    6   4   8   7   2   4   6   7   4   3   5   4   3   6   4  10   6   2   6   4  0.07 0.08
  115 P    -1   0   0   0   2   0   0  -1   2   0  -1   0   2   1   0  -1   0   4   1  -1    5   5   5   5   5   5   5   5   5   5   5   5   5   5   5   5   5   5   5   5  0.09 0.08
  116 Q    -1   0   0   0  -3   0   0  -1   2   0  -1   0   1   0   0   0   0   3   1   0    5   5   5   5   0   5   5   5   5   5   5   5   5   5   5   5   5   5   5   5  0.06 0.08
  117 A     1  -1   0   1  -3   0   0  -1   1  -1  -1  -1   0   0   1   1   0   2   0  -1   14   3   5   7   0   5   7   5   3   3   5   3   4   4   7   9   5   3   4   5  0.06 0.09
  118 R     1   3  -1  -2  -1   2   0  -2   0  -2  -3  -1   0  -2   3   1   0   1  -2  -1   11  16   3   2   1   8   7   3   2   2   3   4   2   2  12   9   5   2   2   4  0.28 0.26
  119 V     1  -3  -1  -3  -1  -1  -2  -1  -1   1   2  -3   0   0  -2  -2   1   3  -1   3   10   2   3   2   1   2   3   5   2   7  18   2   2   4   3   3   8   4   2  17  0.25 0.18
  120 A     3  -2  -3  -4  -1  -2  -2  -1  -2  -2  -1  -4   0  -1   4   0   0   0  -2   0   24   2   1   1   1   2   3   4   1   3   6   1   2   3  22   6   6   1   2   5  0.48 0.38
  121 A    -1  -1   0  -1   1   0   0  -2   1   1   0  -1   2   2  -1  -1   0   3   1   2    6   3   5   3   3   4   5   3   3   6   7   3   5   9   3   4   7   3   4  13  0.12 0.09
  122 S     2  -2  -1  -2   1  -1  -2  -1   0   1  -1  -5   2   0  -1  -1   0   2   0   2   17   3   3   3   3   3   3   6   3   9   7   0   4   4   3   4   7   3   3  12  0.17 0.15
  123 V    -1  -2  -2  -2   1  -4  -3  -3  -1   2   3  -5   1   3  -5  -2  -1   1  -1   2    5   2   2   2   3   0   2   3   2  11  28   0   3  11   0   3   3   2   2  14  0.40 0.29
  124 Y    -4  -3  -2  -3  -1  -6  -4  -4   0  -1  -3  -6  -1   3  -3  -3  -3   1   9  -1    2   2   2   2   1   0   2   2   2   3   3   0   2  11   2   2   2   1  55   4  1.71 0.90
  125 A     1  -3  -1  -1   2  -1  -1   2   1  -1  -1  -3   0   1  -1   0  -1   3   0  -1   14   0   3   3   5   3   3  19   3   4   5   0   3   7   3   6   4   5   3   4  0.15 0.16
  126 G     1  -3  -1  -4   2  -3  -3   1  -3   1   1  -3   1   1   0   0   0   3  -2   1   12   0   4   0   4   0   0  14   0   9  16   0   4   7   4   5   5   4   0  10  0.19 0.19
  127 I    -1  -2   0   0   2   0   0  -1   2   0  -1   0   1   1   0   0   0   3   1   0    5   0   5   5   5   5   5   5   5   5   5   5   5   5   5   5   5   5   5   5  0.07 0.11
  128 F    -1  -2  -2  -2   0  -1  -2  -2  -1   2   2  -2   3   2   0  -2  -1   2   1   1    4   2   2   2   2   3   2   3   2  10  21   2   7   9   4   2   5   3   4  10  0.18 0.18
  129 L     0  -2   0   0   2   0   0   0   2   0  -1  -2   1   1  -3   0   0   4   1   0    6   0   6   6   6   6   6   6   6   6   6   0   6   6   0   6   6   6   6   6  0.09 0.14
  130 A     0  -3  -1  -3   2  -1  -1  -1  -3   1   1  -2   2   1  -1  -1   0   2   0   1   10   0   3   0   4   3   3   6   0   9  18   0   8   6   3   4   5   3   3  10  0.11 0.15
  131 I     2  -2  -1  -3   2  -1  -2  -2   0   1   1  -2   1   0  -1   0   0   3   0   1   18   2   3   0   5   2   2   3   2  11  13   2   5   4   2   6   7   5   2   8  0.12 0.16
  132 A     3  -2   1  -2   0  -1  -2   2  -1  -1  -2  -2   0  -1  -2   1   0   1   0  -1   26   2   7   2   2   2   2  14   2   4   3   2   2   3   2  12   4   2   3   3  0.26 0.25
  133 I     0  -1  -1  -1   1  -1  -1  -1  -2   1   1  -1   1   0  -1  -1   0   3   0   1   10   4   3   3   3   3   3   4   0   9  18   3   4   5   3   4   6   4   3   9  0.06 0.09
  134 V     1  -1  -1  -1   1   0  -1  -1   0   0   1  -2   1   1  -1   0   1   2   0   0   14   3   3   3   4   3   3   4   3   6  12   0   4   7   3   8   9   3   3   6  0.06 0.11
  135 F    -2  -2  -1  -2   0   0  -2  -2   0   0   2  -2   2   3  -2  -1  -1   4   3  -1    3   2   4   2   2   5   2   4   3   4  18   2   6  14   2   4   3   6  11   3  0.29 0.25
  136 N     0   0   1  -3  -1  -1  -1  -2   0  -1   1  -3   1   2  -3   0   0   4   2   1    8   5   6   2   2   3   4   3   3   4  15   2   3   8   1   7   6   5   7   8  0.17 0.14
  137 R     2  -1  -3  -4  -1  -3  -4  -2  -2   3   2  -3   0   0  -3  -3  -2   4   0   1   16   4   1   2   1   1   1   4   1  15  20   2   2   4   2   2   2   6   3  10  0.42 0.27
  138 L    -2  -4  -2  -5  -2  -1  -4  -4   0   2   5  -4   5   0  -5  -2  -2  -1  -3   0    3   1   2   1   1   3   2   2   2   8  41   1  12   3   1   4   3   1   1   6  0.81 0.47
  139 W    -1   0  -1  -3   1   1  -1  -3  -1   0  -1  -4  -1   1  -8  -1   0   9   2   0    6   4   3   2   2   7   4   2   2   6   6   2   2   6   0   5   6  22   7   6  0.77 0.48
  140 K    -1   3  -1  -3  -2   0  -1  -2   3   0   1   0   0   0  -3  -2  -1   5   1  -1    6  16   3   2   1   4   4   3   6   4  12   5   2   4   2   3   5   7   5   5  0.28 0.21
  141 H     0   1  -3  -4   0   0  -1  -5   4  -1  -1  -4  -2  -2  -5  -1   0   2   6   0    8   7   2   1   2   5   5   1   9   4   6   1   1   2   1   5   6   3  25   7  0.65 0.43
  142 A     4  -5  -8  -5  -2  -4  -4  -2  -3   4   3  -8  -1  -3  -5  -3  -2   0  -3   2   26   1   0   1   1   1   1   3   1  18  25   0   1   1   1   2   3   1   1  11  0.81 0.48
  143 A     1   1  -1  -3   0  -2  -2  -2   0   3   0  -2   1  -1  -4   0   1   3   0   1   11   6   3   2   2   2   3   3   2  17  10   3   4   2   1   6   7   3   4  10  0.22 0.15
  144 T     0   6  -1  -2  -2   0  -3  -3   2  -3  -3   3  -2  -1  -3  -1  -1  -1  -2  -3    9  35   3   2   1   4   2   3   5   2   3  13   1   3   2   4   4   1   2   2  0.74 0.47
  145 A     1   3   1   0  -1   1  -2  -1   5  -2  -2   1  -2  -2  -3   0  -1  -6  -3  -2   10  13   7   6   1   6   3   4  13   3   5   9   1   2   2   7   4   0   1   3  0.33 0.24
  146 D    -2   2   3   1  -4   1   1   1   4  -5  -4   0  -4  -4   3  -2  -3  -3  -1  -4    4  10  12   6   1   6   9  10   9   1   2   5   1   1  15   3   2   0   2   1  0.47 0.35
  147 R    -1   2   0   0  -2  -1   2   3   3  -4  -3   0  -2  -2  -1  -1  -2   0   0  -4    6  12   4   6   1   2  12  18   7   1   3   6   1   2   4   5   3   1   3   2  0.30 0.23
  148 L    -2  -1  -2  -2  -2  -1  -1  -2   0   1   4  -1   0  -1  -1  -2  -1   0  -3   0    4   3   2   3   1   3   4   4   2   7  41   4   2   3   3   3   4   1   1   5  0.47 0.26
  149 L    -1   0  -1   0  -1   0   0  -2   1   1   2  -1   1  -1  -1  -1   0  -1   0   1    5   6   3   5   1   4   5   3   4   6  21   4   4   3   3   5   6   1   3   8  0.09 0.07
  150 A     0   1   0   2  -2  -1   0   0   2  -1  -1   1  -1  -2   0   0  -1  -1  -2  -1    8   9   5  10   1   3   7   8   5   4   6   8   1   2   4   7   4   1   2   5  0.08 0.07
  151 Q     0   0   0   0   2   0   0  -1   1   0  -1   0   1   0   0   0   0  -2   1   0    5   5   5   5   5   5   5   5   5   5   5   5   5   5   5   5   5   0   5   5  -0.00 0.06
  152 K    -1   0   1   2   0   0   1   1   2  -2  -3   0   0  -1   1  -1   0   2   0  -2    6   4   7  11   2   4   8  10   4   3   3   5   3   2   7   5   5   2   3   3  0.10 0.13
  153 A    -1   0   0   0   2   0   0  -1   2   0  -1   0   2   1   0  -1   0   4   1  -1    5   5   5   5   5   5   5   5   5   5   5   5   5   5   5   5   5   5   5   5  0.09 0.08
  154 D     0   0   0   1   0   0   0  -1   1  -1  -1   0   0   0   1   0   0   2   0  -1    7   5   4   9   3   4   6   4   4   4   7   5   3   3   8   7   6   2   3   5  0.05 0.05
  155 R    -1   0   0   0   2   0   0  -1   2   0  -1   0   2   1   0  -1   0   4   1  -1    5   5   5   5   5   5   5   5   5   5   5   5   5   5   5   5   5   5   5   5  0.09 0.08
  156 H     1   1  -1   0  -5   0   0  -1   1  -1  -1   0   1   0   0   0   0   2   0  -1   13   9   3   5   0   4   7   5   4   4   5   6   3   4   4   7   6   3   3   5  0.08 0.09
  157 E     0   1  -1   0   0   0   1  -1   1   0   0   0   1   1  -1  -1   0   2   1   0    7   7   3   6   2   4   8   4   4   5   8   6   4   5   3   4   5   3   6   7  0.04 0.04
  158 V    -1   0   0   0   2   0   0  -1   2   0  -1   0   2   1   0  -1   0   4   1  -1    5   5   5   5   5   5   5   5   5   5   5   5   5   5   5   5   5   5   5   5  0.09 0.08
  159 D    -1   3  -1  -1   1   0  -1  -2   1   0  -1   1   1   0  -1  -1  -1   3   0   0    6  17   4   4   3   4   4   4   3   5   6   7   3   4   4   4   5   4   3   6  0.14 0.13
  160 A     0   1  -1  -1   0   0  -1   1   1   0  -1   0   1   0  -1   0   0   2   1  -1    9   8   3   3   2   5   4  11   4   5   7   5   3   5   3   5   5   3   5   5  0.05 0.05
  161 I    -1   0   0  -1  -1   0   0   0   0   1   0   0   2   0  -1   0   0   1   1   0    6   6   4   3   1   4   5   7   3   9   9   5   6   4   3   7   5   2   5   6  0.02 0.04
  162 T    -1   2   0   2  -1  -1  -1  -1   0   0   0   0   0   0  -2  -1   1   2   1  -1    5  12   4  12   1   3   3   6   2   5  10   6   2   3   2   5   8   2   4   4  0.10 0.10
  163 K     0   4   0  -4  -2   0  -3  -3   0   1   1   0   2   0  -2  -2  -1   4   0   0    7  20   4   1   1   4   2   2   2   8  11   5   4   5   2   3   4   6   3   6  0.32 0.24
  164 Q    -2   5  -1   0  -3   0  -2  -2   1  -2  -4   4  -1  -2  -4  -1  -1   1  -2  -2    4  24   3   6   1   4   3   4   3   2   2  23   2   2   1   5   3   2   2   3  0.59 0.41
  165 Y     0  -2   1  -2  -1  -2  -2   2   0   0   0  -3   1   1  -1   1   0   1   1  -1    8   3   6   2   1   2   3  15   2   6   9   1   3   6   3  12   5   2   5   4  0.14 0.14
  166 R     0   0  -2  -4  -2  -3  -4  -1  -2   1   3   1   1   0  -3  -2  -2   4   1   0    9   5   2   1   1   2   1   5   1   8  23   9   4   4   1   3   3   6   5   7  0.31 0.22
  167 F     0  -3  -4  -5  -2  -5  -5  -2  -3   4   2  -4   0   2  -3  -1  -1   1   0   2    9   2   1   1   1   1   1   4   1  21  18   1   2   7   2   5   5   2   3  15  0.49 0.30
  168 G     1  -5  -1  -1  -3  -4  -4   1  -3  -1  -1  -4   2  -1   1   4   2  -1   0   0    9   1   3   4   1   1   2  10   1   3   7   1   5   3   6  24  12   1   3   6  0.35 0.32
  169 P     0  -6  -4  -5  -2  -2  -6  -3  -4   3   2  -5   2   0   4  -2   0   0  -4   3    8   1   1   1   1   2   1   2   1  13  16   1   4   4  19   3   5   1   1  16  0.57 0.40
  170 G     2  -5  -8  -9   1  -8  -8   1  -4   3   2  -5  -2   1  -2  -2  -2  -1  -3   3   16   1   0   0   3   0   0  12   1  13  18   1   1   5   2   4   3   1   1  19  0.62 0.40
  171 L     0  -9  -5  -9   0  -5  -6  -1  -9   4   3  -6   1   1  -6  -2  -1   1  -3   3    8   0   1   0   2   1   1   5   0  18  26   1   3   5   1   3   4   2   1  19  0.74 0.43
  172 Y     0  -5   0  -6  -1  -4  -6  -1  -3  -1  -2  -2   1   5  -3  -1  -2   2   7  -3    8   1   5   1   1   1   1   5   1   4   5   3   3  18   2   6   3   2  30   3  0.98 0.58
  173 L     2  -9  -6  -7  -1  -6  -7   0  -9   3   4  -7  -2   0  -3  -3  -2  -3  -8   3   18   0   0   0   1   0   0   7   0  13  29   0   1   4   2   3   3   0   0  17  0.79 0.47
  174 V     2  -9  -6 -10   0  -9  -9  -2 -10   4   3  -9  -1   1  -4  -2  -1  -2  -8   3   15   0   0   0   2   0   0   3   0  19  26   0   1   5   1   3   4   1   0  20  0.89 0.51
  175 A     5  -9  -5  -6  -1  -5  -7   3  -9  -1  -2  -9  -2  -5  -9   3  -1  -3  -4  -1   37   0   1   1   1   1   0  19   0   4   5   0   1   1   0  18   5   1   1   5  1.00 0.63
  176 F     0 -10  -5 -10  -2  -6  -7  -2 -10   6   2  -9   2   2  -7  -4   0  -1  -4   2    8   0   1   0   1   0   1   3   0  34  18   0   4   9   0   2   5   1   1  12  1.03 0.53
  177 A     2  -7  -9  -9  -1  -9  -7   1  -9   3   2  -9  -2  -1   3  -4  -3  -3  -5   3   16   0   0   0   1   0   0  11   0  14  19   0   1   3  12   1   2   0   0  18  0.77 0.46
  178 L     0 -10 -10 -10   0  -9 -10  -3 -10   3   5 -10   0   1 -10  -3  -2  -1  -4   3    7   0   0   0   2   0   0   3   0  15  41   0   2   5   0   3   3   1   1  18  1.12 0.57
  179 S     5  -7  -7  -5   1  -7  -6   1 -10  -2  -5  -7  -4  -4  -5   4   1  -3  -4  -1   43   0   0   1   2   0   1   9   0   3   2   0   0   1   1  23   8   0   1   4  1.15 0.69
  180 F    -2  -7  -4  -7  -1  -4  -7  -6  -4   0   3  -7  -1   7  -3  -7  -5   4   4  -1    4   0   1   0   1   1   0   1   1   4  21   1   2  39   2   1   1   5  10   4  1.39 0.70
  181 I    -2  -3  -4  -7  -3  -6  -8  -5  -2   3   1  -6  -2   6  -7  -6  -2   5   1   4    4   2   1   0   1   1   0   1   1  13  13   1   1  24   0   1   3   7   5  21  1.05 0.54
  182 S     0  -4   2  -1  -4  -2  -4  -3   2   1   0  -4  -1   2  -3   3  -1   4   2   0    7   1  10   3   0   2   1   3   4   7   8   1   1   8   2  17   3   6   7   8  0.36 0.27
  183 V    -1  -6  -4  -7  -6  -3  -5  -3  -1  -1  -4  -8  -3  -3   8  -1   0  -2  -2  -1    5   1   1   0   0   1   1   3   1   4   2   0   1   1  58   4   6   1   2   5  1.61 0.95
  184 W     0   1  -3  -2  -4   0  -2  -2  -1   0   0  -2  -1  -2   3  -1   0   7   1   0    8   6   2   3   0   4   3   4   2   6   9   3   2   2  13   5   5  14   5   6  0.39 0.30
  185 L     1  -7  -3  -7  -5  -7  -7  -3  -5   4   3  -7  -1   2  -2  -4  -4   5   0   2   13   0   1   0   0   0   0   3   0  18  24   0   1   7   2   2   2   7   3  14  0.79 0.44
  186 S     4  -7  -5 -10  -1  -3  -6   3  -5  -4  -4  -8   0  -3  -4   4  -2  -1  -7  -2   33   0   1   0   1   2   1  20   0   2   2   0   3   1   1  26   3   1   0   3  1.06 0.67
  187 V    -1  -3  -2  -4  -1   0  -4   0  -4   2   3  -4   4   2  -3  -3  -2   2   2   1    5   2   2   1   2   4   1   7   0  11  24   1  10   7   2   3   3   3   6   8  0.44 0.27
  188 G     2  -7  -6  -9  -2  -9  -7   0  -6   3   2  -7   0   2  -6  -2  -3   5   3   2   18   0   1   0   1   0   0   8   0  12  15   0   2   8   0   3   2   7   8  12  0.71 0.42
  189 V     0  -7  -9  -7   3  -7  -8  -2  -9   4   3  -9   1   2  -3  -1  -1   3  -3   2    9   0   0   0   5   0   0   4   0  18  24   0   3   8   2   6   3   3   1  13  0.69 0.39
  190 C    -2  -6  -3  -6   1  -7 -11  -6  -2   1   1 -10   0   4  -3  -4  -2   6   7  -1    4   1   2   1   3   0   0   1   1   8  12   0   2  15   2   2   3  10  29   4  1.26 0.67
  191 F     1  -9  -7  -8   1  -9 -10  -1  -2   3   3  -9   1   4  -5  -4  -2  -2  -2   3   12   0   0   0   3   0   0   5   1  14  23   0   3  13   1   2   3   1   1  17  0.79 0.43
  192 V     2  -6  -8  -8   0 -10 -10  -1 -10   2   5 -10   0   1  -7  -3  -2  -2  -6   2   13   0   0   0   2   0   0   6   0  11  41   0   2   5   0   3   3   1   0  11  0.94 0.52
  193 L    -1  -7  -3  -6   0  -4  -4  -3  -9   3   3  -9   3  -1  -3  -3  -1  -3  -2   4    5   0   2   1   2   1   1   3   0  16  22   0   7   3   2   2   4   0   1  27  0.82 0.44
  194 A     4  -8  -4  -6  -5  -1  -7  -4  -8   1   1  -8  -1   0   5  -2  -1   1  -5   0   30   0   1   0   0   3   0   1   0   9  11   0   2   4  23   3   4   2   0   5  0.82 0.55
  195 I     0  -7  -9 -10  -2  -7  -9  -2  -9   5   4  -7   1  -1  -2  -5  -4  -9  -6   3    7   0   0   0   1   0   0   4   0  24  32   0   3   3   2   1   1   0   0  20  1.08 0.57
  196 Y    -3  -4  -3  -9  -5  -6  -8  -4  -5   4   3  -6   4   4  -4  -3  -3   3   2   2    3   1   2   0   0   0   0   2   0  19  21   0   9  17   1   2   1   3   6  12  0.89 0.49
  197 F    -4  -6  -2  -8  -6  -5  -6  -4   1   0  -1  -8   0   3  -7  -1  -5  10   5  -3    2   1   2   0   0   1   1   2   3   5   7   0   2  11   0   5   1  37  18   2  1.94 0.96
  198 A     1  -5  -6  -8  -1  -6  -8  -3  -7   3   3  -7  -1   5  -4  -4  -2   2  -3   1   13   1   0   0   1   0   0   3   0  13  29   0   2  20   1   1   2   2   1  10  0.85 0.49
  199 L    -4  -2  -9  -8  -5  -8  -9  -8  -5   5   3  -6   1   2  -8  -7  -5  -1  -5   4    2   3   0   0   0   0   0   0   0  32  25   1   3   8   0   0   1   1   0  23  1.26 0.64
  200 R    -3   2  -2  -6  -9  -3  -6  -6  -3  -5  -4  -4  -8  -6   8   0   1 -10  -6  -7    3  10   2   0   0   1   0   0   1   1   2   1   0   1  61   8   8   0   0   0  1.81 0.98
  201 S    -2  -1   1   6  -5   0  -1  -2  -4  -3  -8  -4  -4  -3   1   3  -1  -4  -2  -6    4   3   5  39   0   4   4   3   0   2   0   1   1   1   8  19   3   0   1   0  0.91 0.58
  202 N    -4   6   0  -6  -8   1  -1  -3   2  -8  -7   4  -4  -6  -1   1  -4  -8  -6  -7    1  45   3   0   0   6   4   2   5   0   0  19   0   0   3  10   1   0   0   0  1.27 0.70
  203 A     3  -3  -4  -5  -6  -4  -4   4  -5  -7  -7   5  -6  -7  -5   1  -4  -7  -6  -6   21   0   0   0   0   0   0  33   0   0   0  37   0   0   0   9   0   0   0   0  1.24 0.68

                      K         Lambda
Standard Ungapped    0.1395     0.3301
Standard Gapped      0.0380     0.2670
PSI Ungapped         0.1242     0.3171
PSI Gapped           0.0380     0.2670
