
Last position-specific scoring matrix computed, weighted observed percentages rounded down, information per position, and relative weight of gapless real matches to pseudocounts
            A   R   N   D   C   Q   E   G   H   I   L   K   M   F   P   S   T   W   Y   V   A   R   N   D   C   Q   E   G   H   I   L   K   M   F   P   S   T   W   Y   V
    1 M    -2  -2  -3  -4  -2  -1  -3  -4  -3   0   1  -2   8  -1  -4  -2  -2  -2  -2   1    0   0   0   0   0   0   0   0   0   0   0   0  95   0   0   0   0   0   0   5  1.05 0.19
    2 K    -2   4   1  -1  -4   1   0  -2  -1  -3  -2   5  -2  -3  -2  -1  -1  -4  -2  -3    0  21   7   0   0   3   0   0   0   0   5  63   0   0   0   0   0   0   0   0  0.62 0.13
    3 T    -1  -1   2   0  -2  -1  -1  -2  -2   1   1   1   0  -2  -2   0   3  -3  -2   0    0   0  13   5   0   0   0   0   0  16  14  14   1   0   0   0  33   0   0   4  0.17 0.07
    4 I     0  -3  -3  -3  -2  -2  -3  -3  -3   4   2  -3   4  -1  -3   0  -1  -3  -2   1    6   0   0   0   0   0   0   0   0  36  23   0  19   1   0  13   0   0   0   2  0.37 0.13
    5 K    -2   2  -2  -2  -4   0   0  -2  -2   0  -3   5  -1  -1  -2  -1   0  -4  -2  -2    0   8   0   0   0   0   5   3   0   9   0  66   2   4   0   0   4   0   0   0  0.60 0.19
    6 D    -2   2   1   3  -3   0   0   0   0  -3  -3   3  -2  -4  -2   0   2  -4  -3  -3    0  16   7  24   0   0   0   5   2   0   2  24   0   0   0   5  15   0   0   0  0.37 0.12
    7 R    -1   4  -1  -2  -4   2  -1  -3   0  -1  -1   4   1  -3   1  -1  -1  -4  -2  -2    2  24   0   0   0   8   0   0   3   4   6  39   5   0   7   0   3   0   0   0  0.45 0.15
    8 I     0  -3  -3  -4  -2  -3  -3  -4  -3   4   2  -2   1   0  -3  -2   0  -3  -2   2    7   0   0   0   0   0   0   0   0  35  27   3   3   4   0   0   7   0   0  14  0.37 0.13
    9 A     2   0  -2  -3   3  -2  -2   0  -2   1   1  -1  -1  -2  -2   0   0  -3   0   0   33   5   0   0  10   0   0   6   0   9  15   4   0   0   0   4   4   0   4   5  0.16 0.09
   10 K     0   3  -1  -2  -3   0  -1   0  -2  -1  -2   3   1  -3   0   0   0  -3  -2   0    9  17   1   0   0   0   0   6   0   4   1  34   5   0   4   6   3   0   0   9  0.26 0.12
   11 W    -2  -3  -2  -4  -3  -2  -3  -2   2   1   2  -1   1   1  -3  -3  -2   8   0   1    2   0   2   0   0   0   0   3   8   7  31   4   3   7   0   0   0  23   0   8  0.56 0.16
   12 S     3  -2  -1  -2  -2  -2  -2   2  -2  -1  -1   0  -2   0  -2   2   1   1  -2  -1   30   0   0   0   0   0   0  13   0   4   4   5   0   6   0  20  11   2   0   2  0.24 0.12
   13 A     3  -1  -3  -3   1  -2  -3   1  -3   0   0  -2   0   2  -3  -1  -1   4  -1   1   40   4   0   0   3   0   0  10   0   5   7   0   2  12   0   2   2   6   0   9  0.25 0.14
   14 I    -1  -1  -4  -4   1  -3  -3  -2  -3   3   2  -3   1   1  -2  -2  -1  -3  -1   3    2   4   0   0   3   0   0   4   0  17  28   0   2   6   1   0   3   0   1  29  0.32 0.13
   15 G     3  -1  -1  -3  -3  -2  -3   4  -3  -1   0  -2   0  -3  -3  -1  -1  -4  -3  -2   28   3   3   0   0   0   0  45   0   5   9   0   3   0   0   1   3   0   0   1  0.53 0.18
   16 L     2  -3  -4  -4  -2  -2  -3  -3  -3   1   3  -3   2   0  -3  -2   0  -3  -2   2   20   0   0   0   0   2   0   0   0   4  42   0   6   3   0   0   4   0   0  18  0.40 0.17
   17 L     1  -3  -4  -4  -2  -3  -3  -2  -3   2   4  -3   2   0  -3  -2  -1  -3  -1   1   14   0   0   0   0   0   0   3   0  10  52   0   5   2   0   2   2   0   1   7  0.42 0.17
   18 S     1  -2  -2  -2   0  -2  -2  -1  -2   1   1  -1   2   0  -1   2   1  -3  -1   1   18   0   0   0   1   0   0   5   0   9  11   3  10   3   2  18  10   0   2   8  0.13 0.09
   19 A     2  -2  -2  -3  -2  -1  -2   0  -3   1   1  -2   1  -1   0   0   1  -3  -2   1   31   0   1   0   0   1   0   8   0   6  20   0   4   1   3   6   9   0   0   7  0.18 0.11
   20 V     0  -3  -3  -4   1  -3  -3  -2  -3   3   2  -3   2   0  -3  -1  -1  -3  -2   3    7   0   1   0   4   0   0   3   0  17  28   0   5   3   0   3   2   0   0  26  0.31 0.12
   21 A     2  -2  -1  -3   3  -2  -2   1  -2   0   0  -2   2   0  -2   1   1  -3  -1   1   23   0   2   0   7   0   0  11   0   2  12   0   8   5   0   8  12   0   1   9  0.15 0.09
   22 A     2  -2  -2  -2   0  -2  -2   1  -3   0   1  -2   0  -1  -1   1   2  -3  -2   1   26   0   0   0   2   0   0  11   0   5  15   0   3   3   2   9  15   0   0   8  0.16 0.09
   23 T     0  -2  -2  -2   0  -1  -1  -1  -2   1   1  -2   1   0   0   1   1  -2  -2   1    9   0   0   0   2   3   1   5   0   7  21   0   4   4   4  14  11   0   0  13  0.09 0.06
   24 A     2  -2  -2  -2   0  -2  -2   1  -2   0   0  -2   2   0   1   1   1  -3  -2   2   21   0   0   0   2   0   0  13   0   2   4   0   8   4   5   8  11   0   0  19  0.14 0.08
   25 F    -1  -3  -3  -2  -2  -1  -3  -3  -2   1   2  -3   2   4  -3  -2  -1   3   1   1    5   0   0   2   0   3   0   1   0   4  26   0   6  31   0   3   1   5   2   9  0.34 0.11
   26 Y    -1  -2  -2   0  -2  -2  -2  -2  -1   0   1  -2   1   2  -2   0  -1   0   4   0    3   0   1   7   0   0   1   2   0   6  20   0   4  11   1   9   3   0  26   5  0.22 0.09
   27 A     2  -2  -2  -2  -2  -2  -2   0  -2   0   0  -2   1   1   2   1   0  -3  -1   1   27   0   0   0   0   0   0   7   0   2   8   0   6   7  10  11   6   0   0  15  0.17 0.07
   28 P     0  -2  -1   0  -2   0   0   0   1  -3  -2  -1  -2  -3   5   1   0  -3  -2  -2    8   0   1   4   0   5   6   8   6   0   4   2   0   0  33  16   5   0   0   1  0.50 0.08
   29 S     1  -1   0  -1  -2  -1   0  -2   0  -1  -1  -1   0  -1   3   1   2  -3  -2   0   14   0   5   2   0   1   4   1   2   0   4   1   4   3  16  12  24   0   0   5  0.24 0.06
   30 A     4  -2  -2  -3  -1  -2  -2  -1  -2  -1   0  -2  -1  -2  -2   0   0  -3  -2   2   67   0   0   0   0   0   0   0   0   0   7   0   0   0   0   4   2   0   0  18  0.41 0.12
   31 S     1  -1   0   0  -2   1   1   0   0  -1  -1  -1  -1   1  -2   2   0   3   1  -1   14   0   2   4   0   7  12   5   1   2   4   0   2   9   0  26   1   5   4   3  0.13 0.05
   32 A     5  -2  -2  -2  -1  -2  -2   3  -2  -2  -3  -2  -2  -3  -2   0  -1  -3  -3  -1   81   0   0   0   0   0   0  19   0   0   0   0   0   0   0   0   0   0   0   0  0.63 0.12
   33 H    -3  -1  -1  -2  -4  -1  -1  -3   9  -2  -3  -2   1  -2  -3  -2  -3  -3   1  -3    0   0   0   0   0   0   0   0  91   4   0   0   5   0   0   0   0   0   0   0  1.51 0.21
   34 G    -1  -3  -1  -2  -3  -3  -3   7  -3  -5  -5  -2  -4  -4  -3  -1  -2  -3  -4  -4    0   0   0   0   0   0   0 100   0   0   0   0   0   0   0   0   0   0   0   0  1.45 0.16
   35 E     0  -1  -1   0  -4   1   6  -3  -1  -2  -3   0  -2  -4  -2  -1  -1  -4  -3   0    5   0   0   0   0   0  81   0   0   0   0   0   0   0   0   0   0   0   0  14  0.76 0.14
   36 K     0   4   0  -1  -3   3   1  -2  -1  -3  -3   3  -2  -3  -2  -1  -1  -3  -2  -3    6  40   1   0   0  16   6   0   0   2   0  26   0   0   0   0   2   0   0   0  0.53 0.09
   37 S     3  -2   1  -1  -1  -1  -1   0  -2  -2  -2  -1  -1  -3  -1   3   1  -3  -2  -1   48   0   6   0   0   0   0   4   0   0   0   0   3   0   1  34   4   0   0   0  0.40 0.09
   38 Q    -2   0  -1   0  -4   6   1  -3   2  -3  -1   0   0  -3  -2  -1  -1  -3  -2  -3    0   0   0   6   0  76   0   0   6   0   6   0   3   0   0   0   3   0   0   0  0.77 0.16
   39 A     1   0  -1   0  -2   3   4  -2  -1  -2  -2   0   0  -3  -1   0  -1  -2  -2  -2   13   1   1   1   0  15  50   1   0   1   4   1   4   1   1   6   1   0   0   1  0.40 0.07
   40 A     3  -2  -2  -2  -2  -1  -1   0  -2  -2  -2  -1  -2  -3   6   0  -1  -3  -2  -2   39   1   1   1   0   1   1   4   0   1   1   1   0   1  46   1   1   0   0   1  0.86 0.09
   41 F    -1  -2  -2  -3  -2  -2  -2  -1  -1   0   0  -2  -1   6  -3  -1  -2   0   3  -1    7   1   1   1   0   2   1   5   0   4   1   1   0  59   1   7   1   0   8   1  0.48 0.08
   42 M    -2  -2  -3  -3  -2   0   0  -4  -2   1   4  -2   2   0  -3  -2  -1  -2  -1   1    0   0   0   0   0   4  12   0   0   7  63   0   7   3   0   0   0   0   0   4  0.33 0.07
   43 R    -2   5  -1  -2  -4   3   0  -3  -1  -4  -3   3  -2  -3  -2  -1  -2   3  -2  -3    0  62   0   0   0  16   0   0   0   0   0  17   0   0   0   0   0   5   0   0  0.73 0.11
   44 M    -1  -2  -1  -2  -2  -1  -2  -2  -2   0   1  -2   5  -1  -2   1   2  -2  -2   1    0   0   0   0   0   0   0   0   0   0   7   0  42   0   0  18  21   0   0  12  0.27 0.08
   45 R     0   5  -1  -2  -3   0  -1   0  -1  -2   0   2  -1  -3  -2   0  -1  -3  -2  -2    6  62   0   0   0   0   0   6   0   0  12   6   0   0   0   7   0   0   0   0  0.46 0.08
   46 T    -1  -2  -1  -2  -2  -1  -2  -2  -2  -1  -1  -1  -1   2  -2   2   5  -2  -1  -1    0   0   0   0   0   0   0   0   0   0   0   0   0  18   0  12  69   0   0   0  0.47 0.10
   47 I     0  -4  -3  -4  -2  -4  -4  -4  -4   4   1  -4   1  -2  -4  -3   0  -4  -3   4    5   0   1   0   0   0   0   0   0  34  13   0   2   0   0   0   3   0   0  42  0.69 0.23
   48 H     0   2   2  -2  -4   5   0  -3   6  -4  -3   0  -2  -4  -3  -1  -1  -4  -2  -2    9  12  12   0   0  32   2   0  22   0   2   1   1   0   0   2   4   0   0   2  0.63 0.24
   49 W    -5  -5  -6  -6  -5  -5  -6  -5  -5   2  -3  -5  -3   5  -6  -5  -4  11   0  -2    0   0   0   0   0   0   0   0   0  14   0   0   0  25   0   0   0  59   0   2  2.44 0.48
   50 Y    -4  -3  -3  -1  -4  -1   0  -5   2  -2  -2  -2  -3   4  -5  -3  -2   3   7  -3    0   0   0   5   0   2   6   0   3   2   1   1   0  16   0   1   2   3  56   0  1.15 0.32
   51 D    -4  -4   1   8  -6  -3  -1  -2  -3  -6  -6  -3  -5  -6  -4  -2  -3  -7  -5  -6    0   0   6  92   0   0   0   2   0   0   0   0   0   0   0   0   0   0   0   0  1.98 0.45
   52 L    -1  -3  -3  -3  -3  -2   2  -4  -3   1   1  -3   2  -1  -3  -2   2  -4  -2   4    1   0   0   0   0   0  16   0   0   4  14   0   6   2   0   0  15   0   0  41  0.41 0.20
   53 S    -1   2   1   0  -3   2   2  -2   1  -3  -3   3  -2  -4  -2   0   2  -4  -3  -2    4   9   8   3   0  13  13   0   4   0   0  25   0   0   0   6  14   0   0   1  0.38 0.15
   54 W    -3  -5  -6  -6  -4  -5  -5  -3  -4   0  -2  -5  -3   5  -6  -5  -4  10   1   1    1   0   0   0   0   0   0   2   0   4   1   0   0  28   0   0   0  51   2  10  2.02 0.42
   55 S    -1  -2   1  -1  -3   1   0   0  -1  -4  -4  -1  -3  -3  -3   5   0  -4  -1  -2    1   0   7   1   0   6   4   5   1   0   0   1   0   1   0  68   2   0   2   3  0.75 0.30
   56 K     0   1  -2   0  -3  -1  -1   0  -1  -3  -3   3  -3  -4   4   0   2  -4  -3  -2    6   5   0   7   0   1   0   8   2   0   0  24   0   0  22   4  19   0   0   2  0.46 0.17
   57 E    -1   0   1   2  -3   3   2  -2  -1  -2  -2   1  -2  -4  -2   0   2  -4  -3  -2    4   5   7  13   0  19  13   0   0   2   3   9   0   0   1   4  18   0   0   1  0.31 0.14
   58 K    -1   1   1   0  -3   1   2  -2   0  -2  -3   2  -2  -4  -2   2   2  -4  -3   0    0   5   7   5   0   3  19   0   1   2   0  20   0   0   0  18  13   0   0   7  0.31 0.15
   59 V    -1  -3  -4  -4  -2  -3  -4  -4  -4   2   3  -3   2   0  -2  -2   2  -3  -2   4    2   0   0   0   0   0   0   0   0   8  28   0   6   4   1   0  14   0   0  37  0.47 0.19
   60 K     1   0   2   1  -4   2   0  -2   1  -4  -4   4  -3  -4   1   0  -1  -4  -3  -3   12   2  11   6   0  12   4   1   4   0   0  37   0   0   5   4   2   0   0   0  0.43 0.18
   61 I    -2  -4  -4  -4  -3   0  -3  -5  -4   3  -1  -3  -1  -3  -2  -3   2  -5  -3   5    0   0   0   0   0   5   0   0   0  13   0   0   0   0   1   0  16   0   0  64  0.83 0.29
   62 N    -3  -3   7   1  -5  -2  -3   3  -2  -6  -6   0  -5  -5  -4  -2  -3  -6  -5  -5    0   0  65   4   0   0   0  26   0   0   0   4   0   0   0   0   0   0   0   0  1.40 0.37
   63 E    -3  -3  -1   6  -6   2   5   0  -3  -5  -5  -2  -4  -6  -3  -2  -3  -5  -5  -5    0   0   0  47   0   7  40   6   0   0   0   0   0   0   0   0   0   0   0   0  1.22 0.33
   64 T    -2  -1   0   0  -4   1   4  -3   1   1  -2   0  -2  -2  -1   0   1  -4  -3   0    0   3   4   3   0   4  39   0   3  13   2   2   0   2   2   4  13   0   0   6  0.34 0.17
   65 V     2  -3  -4  -4  -2  -3  -3  -3  -3   2   2  -3   3   1  -3  -2   0  -3   0   3   21   0   0   0   0   0   0   0   0   8  17   0  11   7   0   0   5   0   4  26  0.35 0.16
   66 E    -1  -1  -2   0   0   0   1  -2  -2   0  -1   0   0  -3  -3   1   4  -4  -1   2    1   2   0   4   2   2  10   1   0   5   1   6   2   0   0  10  32   0   2  17  0.24 0.15
   67 I    -2  -4  -5  -5   2  -4  -4  -5  -4   4   2  -4   4  -2  -4  -4  -2  -4   0   3    0   0   0   0   4   0   0   0   0  36  16   0  13   0   0   0   0   0   4  28  0.73 0.23
   68 K    -1   1  -1  -2  -3   0   1  -3  -3  -3  -4   1  -3  -4  -3   3   5  -4  -3  -3    1   7   1   0   0   3  11   0   0   0   0   9   0   0   0  28  40   0   0   0  0.64 0.30
   69 G    -2  -5  -3  -4  -5  -4  -5   7  -5  -6  -6  -4  -5  -6  -5  -3  -4  -5  -6  -2    0   0   0   0   0   0   0  96   0   0   0   0   0   0   0   0   0   0   0   4  2.04 0.51
   70 K    -3   1   0  -2  -5   0   0  -4  -3  -4  -4   6  -2  -5  -3  -1   1  -5  -4  -4    0   5   4   1   0   1   4   0   0   0   0  69   1   0   0   3  11   0   0   0  1.05 0.38
   71 F    -2  -5  -5  -6  -4  -5  -5  -5  -4   0   2  -5   0   7  -5  -4  -3  -2   0   2    2   0   0   0   0   0   0   0   0   3  21   0   1  59   0   0   0   0   0  13  1.17 0.37
   72 H    -3   4   1  -3  -4   0  -2  -3   7  -1  -2   1   2  -1  -2  -2  -2  -3   1  -1    1  26   6   0   0   2   0   0  32   3   2   7   6   2   2   0   0   0   4   4  0.64 0.25
   73 V    -1  -3  -2   0  -2  -2  -1  -3  -3   2   2  -2   0   0   1   0   0   0  -2   2    2   0   0   6   0   0   4   0   0  10  27   0   1   3   7   8   3   1   0  24  0.20 0.12
   74 F     2  -3  -2  -3  -2  -2  -1  -3   1  -1   2  -2   3   4  -2   1  -2  -2  -1  -1   20   0   2   0   0   0   3   0   5   2  20   0  11  21   2  13   0   0   0   0  0.27 0.17
   75 E    -1   2   0   0  -3   0   4   0  -1  -3  -2   1  -2  -3   1   1  -1  -3  -1  -2    4  15   5   2   0   2  34   6   0   0   2   5   0   0   6  11   3   0   2   3  0.34 0.16
   76 G     0   0   1   4  -3  -1   0   2   0  -2  -3  -1  -2  -2  -2   0   0   2  -1  -3    8   5   5  27   0   0   4  17   3   3   2   2   0   2   0   8   7   4   2   0  0.26 0.13
   77 W    -5  -5  -6  -6  -5  -4  -5  -5  -5  -5  -2  -5  -4  -2  -5  -5  -2  12   0  -5    1   0   0   0   0   0   0   0   0   0   4   0   0   0   0   0   3  87   2   0  3.60 0.69
   78 P    -1  -4  -1  -3  -4  -3  -3  -4  -4  -1  -1  -3  -4  -5   8  -3  -3  -5  -4  -3    4   0   4   0   0   0   0   0   0   5   6   0   0   0  77   0   0   0   0   0  1.91 0.44
   79 E     0   2   1   2  -3   1   2  -2   2  -2  -3   0  -2  -3  -2   1   0  -3  -1  -2    6  16   6  10   0   7  16   1   8   2   1   3   0   0   0  14   4   0   1   3  0.26 0.13
   80 T     2  -2   1  -2  -2   1   0  -1   2   0   0  -1  -1  -2  -2   1   2  -3  -1   0   26   0   7   0   0   7   4   3   8   6   8   0   0   0   0   8  14   0   1   7  0.16 0.12
   81 V     0  -3  -4  -4  -2  -3  -3  -4  -3   2   2  -3   2   3  -3  -3  -1  -3  -1   4    7   0   0   0   0   0   0   0   0  12  17   0   5  14   0   0   1   0   0  40  0.48 0.20
   82 D     2  -1   0   1  -2   0   0   1  -1  -2  -3  -1  -1  -3   3   2  -1  -3  -3  -1   21   2   5   7   0   5   4  10   1   0   1   2   1   0  17  16   2   0   0   6  0.29 0.13
   83 E     0   1   0   0  -3   1   2  -2  -1  -3  -2   3  -2  -1   1   1  -1  -3  -2  -2    6   5   4   4   0   3  19   1   1   0   2  31   0   4   7   9   1   0   0   2  0.31 0.15
   84 P    -2  -3  -3  -3  -4  -3   0  -2  -4  -3  -3  -3  -4  -5   7   2  -1  -5  -4  -4    1   0   0   0   0   0   6   3   0   1   3   0   0   0  65  17   2   0   0   0  1.56 0.39
   85 D    -1  -1   1   4  -4  -1   4   0   0  -3  -4   0  -3  -4  -2   0   1  -4  -3  -3    3   2   6  25   0   0  33   6   2   0   1   3   0   0   0   4  12   0   0   2  0.50 0.20
   86 V     0   3   1  -2  -2   0  -1  -3  -2   1   0  -1   0  -1  -2   0   0  -3  -2   2    9  20  10   0   0   3   1   0   0   9  10   0   3   2   1   5   7   0   0  19  0.14 0.12
   87 A     4  -3  -2  -3   0  -2  -1   1  -3  -1  -2  -2   0  -3  -2   2   0  -4  -3   0   43   0   0   0   2   0   2  11   0   3   1   0   2   0   0  21   6   0   0   8  0.42 0.21
   88 F    -4  -4  -5  -5  -4  -4  -5  -5  -2   0   0  -5  -1   7  -5  -4  -4  -1   5  -2    0   0   0   0   0   0   0   0   0   5   7   0   1  62   0   0   0   0  22   0  1.48 0.40
   89 L    -3  -4  -5  -5  -3  -4  -4  -5  -4   1   5  -4   1   3  -4  -4  -3  -3  -2   2    0   0   0   0   0   0   0   0   0   7  64   0   1  13   0   0   0   0   0  12  0.82 0.28
   90 N     0  -2   7  -1  -4   1   0   0   1  -5  -5  -2  -4  -5  -4   1   0  -5  -4  -4    8   0  63   0   0   5   4   5   2   0   0   0   0   0   0   8   5   0   0   0  1.06 0.37
   91 V    -1   3  -1  -3  -3  -2  -3  -3  -3   3  -1  -2   0   0  -3   0   1  -4  -2   3    4  18   4   0   0   1   0   1   0  17   1   0   1   5   0   5   9   0   0  33  0.31 0.20
   92 G     0  -3   1   3  -4  -3  -2   5  -3  -2  -4  -3  -3  -1  -3   2  -2  -4  -2  -2    7   0   5  16   0   0   0  46   0   3   0   0   0   4   0  15   0   0   1   3  0.63 0.25
   93 M     1  -2   0  -2  -2   0   0   0  -2   1   0  -2   0  -3   2   2   1  -4  -3   1    9   0   4   0   0   4   6   7   0   9   6   0   2   0  12  19   8   0   0  14  0.17 0.11
   94 P    -2   1  -2  -4  -5  -3  -4  -5  -4  -5  -5  -3  -5  -6   8  -2  -4  -6  -5  -5    1  10   2   0   0   0   0   0   0   0   0   0   0   0  84   2   0   0   0   0  2.36 0.55
   95 G     0  -4  -2  -3  -4  -3  -2   6  -4  -5  -5  -3  -4  -5  -4   2  -2   3  -4  -5    4   0   0   0   0   0   2  72   0   0   0   0   0   0   0  18   1   4   0   0  1.32 0.39
   96 P     0  -4   2  -3  -5  -3  -1  -4  -4  -5  -5  -3  -4  -5   7   1  -3   4  -4  -4    7   0  12   0   0   0   4   0   0   0   0   0   0   0  62   9   0   6   0   0  1.56 0.42
   97 V    -1  -1  -4  -4  -3  -1  -4  -4  -1   3  -1  -3   0  -2  -4  -2   1  -4   0   5    5   3   0   0   0   3   0   0   2  13   0   0   1   0   0   2   8   0   3  61  0.68 0.30
   98 F    -2  -4  -4  -5  -4  -4  -5  -5  -3  -1   1  -4   2   7  -5  -1  -1  -2   1   0    3   0   0   0   0   0   0   0   0   2  13   0   6  62   0   4   4   0   1   6  1.09 0.35
   99 I     1  -3  -3  -3  -2  -2  -3  -3  -3   3   0  -3   0  -2  -3  -1   1  -3  -1   4   16   1   1   1   0   0   1   1   0  20   6   1   1   0   1   2   7   0   2  39  0.38 0.17
  100 R    -2   6  -2  -3  -4  -1  -2  -3  -2  -2  -3   2   0  -1  -3  -2  -2  -3   0  -1    1  63   1   1   0   1   1   1   0   3   1  12   3   3   1   1   1   0   3   4  0.89 0.27
  101 K     0  -1  -2  -1  -2   0  -1  -1  -2   0   2   2   1  -2  -2  -1   1  -3  -2   1    8   1   1   3   0   2   3   4   0   5  22  22   3   1   1   1  12   0   0  11  0.11 0.10
  102 E     1  -2  -1   2  -3   0   4   0   0  -3  -3  -1  -2  -3  -2   2  -1  -3  -2  -2   13   1   1  11   0   1  39   7   2   1   1   1   0   1   1  16   2   0   0   1  0.43 0.17
  103 S     0   2  -1   0  -2   0  -1  -2  -2  -1  -3  -1  -2  -3  -2   4   3  -3  -3  -1    6  14   0   5   0   3   1   1   0   4   1   1   0   0   1  43  18   0   0   2  0.43 0.20
  104 Y    -2   1  -2  -3  -3  -1  -1  -3  -1  -1  -2   2  -2   2  -3  -1   0   6   5  -1    1   7   1   1   0   2   4   1   0   3   2  15   0   7   1   4   8  15  26   3  0.51 0.19
  105 I    -2  -3   0  -3  -2  -3  -3  -4  -3   4   2  -3   2  -1   0  -3  -1  -3  -2   3    1   1   6   1   0   0   1   1   0  35  18   1   6   0   5   1   1   0   0  24  0.44 0.17
  106 G     0  -2   6   0  -3  -2  -2   2  -2  -4  -4  -2  -3  -4  -2   0  -2  -4  -3  -4    6   1  58   3   0   0   1  19   0   1   1   1   0   0   2   7   1   0   0   1  0.92 0.29
  107 G    -1  -3   1   1  -4  -2   1   6  -3  -4  -4  -2  -4  -4  -3  -2  -3  -4  -4  -4    2   1   5   9   0   0  12  66   0   1   1   1   0   0   1   1   1   0   0   1  1.00 0.27
  108 Q     0  -1   0  -1  -2   3   1  -2   1   0  -1   1   1  -2  -1   0   0  -1  -2   2    5   1   5   1   0  17  12   2   4   3   2   9   5   0   3   4   6   1   0  21  0.14 0.11
  109 L    -1  -1  -2  -3  -3  -2  -2  -3  -3  -1  -1  -2   0   2   6  -1  -2  -3   0  -1    3   3   1   1   0   1   2   1   0   4   6   1   2  12  49   5   1   0   4   4  0.88 0.23
  110 V     2  -2  -2  -3  -2  -1  -2  -1  -2   0   0  -2   4   0  -3  -1   1   5  -1   2   19   1   0   1   0   2   1   4   1   4   2   1  16   4   1   2  11   9   1  21  0.28 0.16
  111 P    -1  -1  -2  -2  -3   1  -1  -3  -2   2  -1  -2   0   2   5  -2  -1  -2   0   0    5   3   1   1   0   8   4   1   0  16   2   1   3  14  30   1   3   0   2   6  0.44 0.16
  112 R    -1   4   2  -2  -3   3  -1  -2   0   1  -2   0  -1  -3  -1   0  -1  -3  -2  -1    3  27  13   1   0  17   1   1   2  13   1   2   1   1   3   7   2   0   0   2  0.29 0.15
  113 S     1  -2  -1   0  -2   0  -2  -1  -2  -3  -3  -2  -3  -3  -2   6   0  -4  -3  -3    9   1   1   3   0   3   1   4   0   1   1   1   0   1   1  71   2   0   0   1  0.82 0.30
  114 V     0  -2  -2  -2  -1  -2  -2   2  -2   1   0  -2   1   1  -2   0   2  -2  -1   2    5   1   1   1   1   1   1  16   0   9   3   1   5   8   1   9  17   0   0  23  0.16 0.11
  115 R     0   2  -1   0  -2   0   0   0  -2  -1  -2   1  -2  -2   3   1   0  -3  -2  -1    9  13   1   6   0   4   4   7   0   3   1   7   0   2  16  15   6   0   0   6  0.22 0.09
  116 L    -2  -3  -3  -2  -2  -3  -3  -2  -3   3   3  -3   3   2  -3  -3  -2  -2  -1   1    2   0   0   3   0   0   0   3   0  20  42   0   7  11   0   0   1   0   1   7  0.43 0.17
  117 E    -2  -1  -1   2  -4   2   5  -3   1  -2  -3   1  -3  -4   2   0  -1  -4  -3  -1    0   2   0   9   0   9  43   0   3   2   1   8   0   0   9   5   2   0   0   5  0.55 0.21
  118 I     0  -1  -3  -3  -2  -2  -2  -2  -3   2   2   1   0   0   2  -2  -1  -3  -1   1    6   3   0   0   0   0   0   2   0  19  30  13   1   4  11   0   1   0   1   7  0.23 0.13
  119 G    -1  -2   1  -1  -4  -2  -3   6  -3  -5  -5  -2  -4  -5  -4  -2  -3  -4  -4  -4    1   1   8   3   0   2   0  79   0   0   1   2   0   0   0   0   0   0   0   0  1.36 0.35
  120 K     0   3   1   0  -3   0   1   3  -1  -4  -3   2  -3  -4  -2   0  -2  -3  -3  -3    8  24   6   3   0   3   9  24   1   0   1  14   0   0   0   6   0   0   0   0  0.40 0.15
  121 T    -2  -2   0   5  -3  -2   0  -3  -3  -1  -2  -2  -2  -2  -3  -1   3  -4  -3   2    0   2   2  36   0   0   4   0   0   3   2   0   0   1   0   0  28   0   0  19  0.54 0.24
  122 Y    -4  -4  -4  -5  -4  -4  -4  -5  -1   0  -3  -4  -3   2  -5  -4  -1   0   9   0    0   0   0   0   0   0   0   0   0   4   0   0   0   3   0   0   4   0  79   6  1.80 0.47
  123 D     1  -1   0   3  -4   0   4  -3   1  -4  -4  -1  -3  -4   2  -1   0  -4  -3  -3   12   1   4  17   0   3  39   0   3   0   0   0   0   0  11   1   5   0   0   0  0.59 0.22
  124 F    -4  -5  -5  -6  -5  -5  -5  -6  -2  -3  -2  -5  -3   7  -6  -4  -4  -1   7  -2    0   0   0   0   0   0   0   0   0   0   0   0   0  57   0   0   0   0  41   2  1.87 0.47
  125 R    -1   2  -2  -2  -4   1   3  -3  -1  -4  -4   5  -3  -5  -3   1  -2  -4  -3  -2    5  12   0   0   0   2  25   0   1   0   0  43   0   0   0   9   0   0   0   3  0.70 0.27
  126 V    -2  -4  -4  -4  -3  -3  -2  -5  -4   5   2  -4   4  -1  -4  -3  -1  -4  -3   3    0   0   0   0   0   0   2   0   0  39  15   0  13   1   0   1   2   0   0  28  0.70 0.25
  127 V    -1   1   0  -2   2  -2  -2  -4  -3   1   0   0  -1  -3  -3  -1   2  -4  -3   4    1   9   5   1   6   1   1   0   0   5   6   5   1   0   0   3  19   0   0  38  0.30 0.19
  128 L     1  -4  -3  -5  -3  -3  -4  -4  -4   1   4  -4   4  -1  -4  -3  -2  -3  -2   1   14   0   1   0   0   0   0   0   0   7  59   0  12   0   0   0   0   0   1   6  0.67 0.26
  129 K    -1   3  -2  -2  -5   2   0  -3  -2  -2  -3   6   1  -4  -3  -2  -1  -4  -3  -3    3  16   0   1   0   8   4   0   0   2   2  58   4   0   0   0   2   0   0   1  0.82 0.31
  130 A     6  -4  -3  -4  -3  -3  -3   3  -4  -4  -4  -3  -3  -5  -3  -1  -2  -5  -4  -3   76   0   0   0   0   0   0  24   0   0   0   0   0   0   0   0   0   0   0   0  1.17 0.40
  131 R    -4   7  -3  -4  -5  -2  -3  -5  -3  -4   2   0  -2  -4  -5  -3  -3  -5  -4  -4    0  78   0   0   0   0   0   0   0   0  21   0   0   0   0   1   0   0   0   0  1.46 0.44
  132 R    -2   3  -1  -2  -3   0   2  -4  -2   3   0   0  -1  -2  -3  -1   0   1  -1   1    0  22   2   0   0   2  21   0   0  23   7   3   1   0   0   2   4   2   1   9  0.27 0.17
  133 P     0  -4  -4  -4  -5  -2  -2  -4  -4  -5  -5  -3  -5  -6   8  -2  -2  -6  -5  -2    7   0   0   0   0   2   1   0   0   0   0   0   0   0  84   1   1   0   0   2  2.27 0.50
  134 G     0  -5  -3  -4  -5  -4  -4   7  -4  -6  -6  -4  -5  -5  -4  -2  -4  -5  -5  -5    7   0   0   0   0   0   0  93   0   0   0   0   0   0   0   0   0   0   0   0  1.88 0.45
  135 D    -1   4   1   0  -3  -1   0  -3   2  -1  -2   1  -2  -3  -3  -1   1  -4  -1   1    3  34   6   6   0   0   5   0   7   4   0   7   0   0   0   2  12   0   2  13  0.34 0.18
  136 W    -3  -4  -4  -5  -5  -3  -4  -5   6  -4  -4  -4  -3   2  -5  -3  -4   9   7  -3    1   0   0   0   0   0   0   0  18   0   0   0   0   5   0   2   0  33  38   2  1.86 0.46
  137 H    -4  -3  -2  -4  -6  -2  -3  -5  11  -6  -6  -4  -4  -4   0  -4  -5  -5  -1  -6    0   0   0   0   0   0   0   0  94   0   0   0   0   0   6   0   0   0   0   0  2.88 0.65
  138 V    -2  -4  -5  -5  -3  -4  -4  -5  -5   3   1  -3   5  -2  -4  -3  -1  -4  -3   5    1   0   0   0   0   0   0   0   0  18   6   0  16   0   0   0   1   0   0  55  0.88 0.31
  139 H    -4  -3  -2  -4  -6  -2  -3  -1  11  -6  -6  -4  -4  -4  -5  -4  -5  -5  -1  -6    0   0   0   0   0   0   0   6  94   0   0   0   0   0   0   0   0   0   0   0  2.86 0.65
  140 T     1  -4  -3  -3  -3  -3  -3  -3  -4  -3  -4  -3  -3  -5   6   0   4  -5  -4   0   14   0   0   0   0   0   0   0   0   0   0   0   0   0  47   4  29   0   0   6  1.19 0.35
  141 M    -2  -2  -3  -3  -3   4  -2  -2  -3   0   0  -2   6   0  -4  -1   1  -3  -2   0    2   0   0   0   0  27   0   3   0   5   6   0  35   5   0   5   8   0   0   4  0.60 0.30
  142 M    -3  -4  -5  -5  -3  -3  -4  -5  -4   3   4  -4   4   3  -4  -4  -2  -3  -2   2    0   0   0   0   0   0   0   0   0  14  44   0  16  11   0   0   0   0   0  14  0.71 0.25
  143 N     0  -3   7  -1  -4   0  -2  -1  -2  -5  -5  -2  -1  -2  -4   1  -2  -5  -4  -4    7   0  69   0   0   4   0   3   0   0   0   0   2   2   0  12   0   0   0   0  1.20 0.39
  144 V    -2  -4  -5  -5  -3  -4  -4  -5  -5   4   1  -4   3  -2  -4  -4  -2  -4  -3   5    1   0   0   0   0   0   0   0   0  24   6   0   8   0   0   0   0   0   0  61  0.99 0.33
  145 Q     1   1  -1  -1  -4   2   3  -3   2  -2  -2   3  -1  -4  -2  -1  -2  -1  -3  -2   16   5   2   0   0   9  25   0   6   3   3  27   2   0   0   1   0   1   0   1  0.40 0.20
  146 G    -1  -2   0   4  -4  -1   1   4   2  -4  -4  -1  -4  -4  -3   1   0  -4  -2  -4    1   0   3  25   0   1   9  36   6   0   0   1   0   0   0  11   4   0   1   0  0.59 0.21
  147 G     4  -3  -1  -3  -2  -2  -3   2  -3   1  -2  -2  -2  -3  -3   0   0  -4  -3   2   46   0   3   0   0   0   0  18   0   9   0   0   0   0   0   4   5   0   0  14  0.44 0.21
  148 G    -2  -5  -3  -4  -5  -4  -4   7  -4  -6  -6  -4  -5  -5  -4  -2  -4  -5  -5  -6    0   0   0   0   0   0   0  98   0   0   0   0   0   0   0   2   0   0   0   0  2.03 0.46
  149 P    -2  -4  -3  -3  -5  -1  -3   0  -4  -5  -5  -3  -4  -6   8  -1   0  -6  -5  -3    2   0   1   0   0   3   0   6   0   0   0   0   0   0  77   5   5   0   0   1  1.94 0.43
  150 I    -2  -4  -4  -4  -3  -4  -4   2  -4   4   2  -4   0   0  -4  -3  -2  -3  -3   1    0   0   0   0   0   0   0  21   0  41  26   0   1   3   0   0   0   0   0   8  0.55 0.22
  151 I     1  -3  -4  -4  -2  -3  -4  -4  -4   4   2  -3   1  -2  -1  -2  -2  -4  -2   3   13   0   0   0   0   1   0   0   0  29  26   0   3   0   2   1   0   0   0  24  0.47 0.19
  152 G    -2  -5  -3  -2  -5  -4  -4   7  -4  -6  -6  -4  -5  -6  -4  -2  -4  -5  -5  -6    0   0   0   2   0   0   0  98   0   0   0   0   0   0   0   0   0   0   0   0  2.03 0.46
  153 P    -2  -1  -4  -4  -5  -3  -2  -3  -4  -5  -5  -1  -5  -6   8  -3  -3  -6  -5  -5    2   4   0   0   0   0   2   1   0   0   0   3   0   0  89   0   0   0   0   0  2.43 0.50
  154 G     0  -4  -2  -3  -4  -3  -1   7  -4  -6  -5  -3  -5  -5  -4  -1  -3  -5  -5  -5    7   0   0   0   0   0   4  87   0   0   0   0   0   0   0   2   0   0   0   0  1.61 0.38
  155 K     0   1  -1  -2  -3   5   1  -1   0   0  -2   2   0  -2  -2  -1   0  -3  -2  -1   10   5   2   0   0  35   7   4   1   7   3  12   2   1   0   1   7   0   1   2  0.33 0.17
  156 W    -4  -4  -4  -3  -4  -4  -4  -5  -4  -4  -4  -2  -3   1  -5  -3   3  11   3  -4    0   0   0   1   0   0   0   0   0   0   0   3   0   5   0   0  20  60  10   0  2.25 0.48
  157 I    -2  -4  -4  -4  -2  -3  -4  -5  -4   3   1  -4   4  -2  -4  -3   1  -4  -3   5    0   0   0   0   0   0   0   0   0  17  10   0  12   0   0   0   8   0   0  53  0.72 0.25
  158 T    -1  -2   3   2  -3   0   3  -3  -2  -1  -2  -1  -2  -3  -3  -1   3  -4  -3   1    2   0  19  12   0   3  21   0   0   3   2   2   0   0   0   0  24   0   0  12  0.37 0.18
  159 V    -2  -5  -5  -5  -3  -4  -5  -5  -5   5  -1  -4  -1  -2  -4  -4  -2  -5  -3   5    0   0   0   0   0   0   0   0   0  45   0   0   0   0   0   0   0   0   0  55  1.16 0.35
  160 E    -1  -2   0   2  -3   0   2  -1  -2  -3  -3   1  -3  -4  -2   1   4  -4  -3  -2    3   0   4  11   0   2  18   5   0   0   0   8   0   0   0   6  43   0   0   0  0.51 0.22
  161 G    -1  -4  -2  -1  -5  -3  -1   7  -4  -6  -6  -3  -5  -5  -1  -2  -3  -5  -5  -5    2   0   0   4   0   0   4  87   0   0   0   0   0   0   3   0   0   0   0   0  1.59 0.38
  162 S     1  -1   3   3  -3  -1   2  -1  -2  -4  -4  -1  -3  -4  -2   3   0  -5  -3  -2    9   1  14  23   0   1  13   1   0   0   0   1   0   0   0  31   4   0   0   2  0.50 0.20
  163 M     1  -2  -1  -3  -3   0  -1  -1   1  -1  -1  -1   4   1   2  -1  -2   6   2  -2   15   1   3   0   0   4   4   4   5   3   1   2  16   7  13   2   0  13   6   0  0.34 0.16
  164 S     2  -2  -1   1  -2  -1   0   2  -1   1  -2   0  -2  -3  -2   2  -1  -4  -3  -1   28   1   1   9   0   0   6  15   2  14   0   6   0   0   0  16   1   0   0   1  0.23 0.14
  165 E     0  -2   0   6  -4  -1   0   0  -3   0  -2  -1  -3  -4   0   0  -1  -5  -4  -1    6   1   2  52   0   2   3   6   0   6   5   2   0   0   5   4   2   0   0   4  0.57 0.21
  166 F    -4  -3  -4  -5  -4  -4  -4  -5  -3  -2  -2   2  -2   8  -5  -4  -4  -1   3  -3    0   0   0   0   0   0   0   0   0   0   0  14   0  76   0   0   0   0   8   0  1.58 0.40
  167 R    -1  -1  -2  -1  -3   0   1  -3  -2  -2  -3   2  -2  -4   2   0   4  -4  -3   1    3   2   0   1   0   4  12   0   0   1   0  17   0   0   9   3  36   0   0  11  0.38 0.19
  168 N    -2  -2   6   1  -4  -1  -1  -3   0   2  -1  -2  -2   0  -4  -1  -2  -4   1  -2    3   0  54   5   0   1   2   0   2  14   7   0   0   5   0   2   0   0   5   1  0.65 0.26
  169 P    -2  -2   0  -1  -4  -2   1  -2  -3  -3  -4  -1  -4  -5   7   0   1  -5  -4  -3    0   1   4   2   0   1   9   3   0   1   0   4   0   0  60   5   8   0   0   1  1.30 0.31
  170 V    -1  -4  -4  -4  -3  -2  -3  -3  -3   4   0  -3   1  -1  -4  -3  -2  -3   3   4    4   0   0   0   0   2   1   2   0  26   6   0   2   0   0   0   0   0  15  42  0.58 0.23
  171 T    -1  -1  -2  -2  -3   0   0  -3  -3  -3  -3   4  -3  -4  -3   0   5  -4  -3  -3    3   1   0   1   0   2   6   0   0   0   0  31   0   0   0   2  54   0   0   0  0.82 0.31
  172 T    -1  -3   2  -2  -3  -2  -3  -1  -3  -2   2  -3  -2  -3  -3  -1   5  -4  -3  -2    2   0  14   1   0   0   0   3   0   0  24   0   0   0   0   0  55   0   0   0  0.68 0.29
  173 L    -1  -2  -4  -5  -3  -3  -4  -3  -4   3   4  -4   3  -1  -4  -2  -2  -3  -3   1    3   1   0   0   0   0   0   2   0  18  58   0   9   0   0   2   0   0   0   6  0.67 0.23
  174 T     1  -2   2   2  -3  -1  -1  -2  -3  -1  -1  -2  -2  -2  -2   1   4  -4  -3   0   14   0   9  16   0   1   1   0   0   2   5   1   0   1   1   6  39   0   0   5  0.39 0.20
  175 G    -2  -4  -3  -1  -5  -4  -4   7  -3  -5  -5  -4  -5  -3  -4  -2  -4  -3   3  -5    0   0   0   3   0   0   0  84   0   0   0   0   0   0   0   0   0   0  14   0  1.60 0.39
  176 Q    -2   0   1   0  -4   5   4  -1  -1  -4  -4   0  -3  -4  -3   0   0  -4  -3  -3    1   4   7   3   0  32  32   3   0   0   0   4   0   0   0   6   7   0   0   1  0.63 0.24
  177 T    -1  -3  -1  -1  -3  -2   0  -3  -1  -1  -2  -1   0  -2  -3   2   5  -4  -3   1    1   0   1   2   0   0   4   0   1   3   1   2   2   2   0  15  56   0   0   9  0.60 0.26
  178 V    -2  -4  -5  -3  -3  -4  -3  -5  -5   6   0  -3  -1   0  -4  -4  -2  -4  -3   4    2   0   0   2   0   0   1   0   0  59   2   2   0   4   0   0   0   0   0  29  0.88 0.29
  179 D    -3  -3   4   7  -4  -2   1  -3  -2  -4  -5  -2  -4  -5  -3  -2  -2  -5  -4  -4    1   0  21  68   0   0   5   1   0   0   1   0   0   0   0   1   0   0   0   0  1.34 0.32
  180 L    -2  -3  -3  -4  -2  -3  -3  -4  -3   1   4  -3   3  -1  -3  -1   0  -3  -2   0    1   0   0   0   0   0   0   1   0   8  62   0  11   0   1   5   7   0   0   2  0.60 0.21
  181 E    -1  -2  -1   1  -4   1   6  -2  -2  -4  -4  -1  -3  -4  -3  -2  -2  -4  -3  -4    5   0   2   6   0   4  75   3   0   0   1   1   0   0   0   1   0   0   0   0  1.11 0.31
  182 N    -2  -1   3  -2  -3  -1  -2  -2   1  -3  -3  -1  -2  -3  -2   1   5  -4  -3  -1    1   2  17   1   0   1   0   2   3   0   1   3   0   0   0   9  56   0   0   2  0.70 0.25
  183 Y    -2  -3  -3  -4  -4  -3  -3  -4   1  -1  -2  -3   0   4  -4  -3  -3   5   7  -1    2   0   0   0   0   0   1   1   3   2   1   1   3  14   0   1   0   6  57   5  1.19 0.30
  184 N     1  -3   3  -2  -3  -2  -3   6  -3  -4  -4  -1  -3  -4  -3  -1  -2  -4  -4  -4   13   0  14   0   0   1   0  63   0   0   1   2   0   0   0   3   0   0   0   0  0.96 0.24
  185 E    -2  -3  -3  -3  -2  -2  -2  -3  -2   2   3  -3   2   2  -3  -1   1  -2  -1   1    1   0   0   0   0   2   2   2   1  12  42   0   5   9   0   2  11   0   0   9  0.31 0.13
  186 G     2  -2   0   2  -2  -1   0   3  -2  -3  -3  -1  -1  -3  -2   1   0  -3  -3  -2   23   1   2  12   0   1   4  31   0   0   1   1   1   1   1  13   4   0   0   3  0.36 0.13
  187 N    -1   2   5   0  -3  -1  -1   0   0  -3  -3   0  -2  -3  -3   0   2   3  -2  -3    5  17  34   5   0   1   0   6   2   1   1   3   0   0   0   3  14   4   0   0  0.43 0.17
  188 T     1  -3  -2  -3  -2  -2  -3   2  -3   2  -1  -2   1  -1  -3  -1   1  -3  -2   3   12   0   1   0   0   0   0  20   0  17   1   0   4   1   0   1   8   0   0  32  0.28 0.14
  189 Y    -1  -2  -3  -4  -2  -1  -3  -4  -2   3   0  -3   1   2  -3  -2  -1   2   4   3    3   2   0   0   0   3   0   1   0  22   6   0   3  11   0   1   2   2  18  24  0.36 0.14
  190 F     0  -1  -1  -3  -3  -1  -2   2  -2  -1  -1   0   2   4  -3  -1   1   4   0  -1    7   2   2   0   0   1   0  17   0   3   3   8   7  24   0   4  11   7   0   2  0.23 0.12
  191 W    -4  -5  -5  -5  -4  -4  -5  -4  -4  -3  -3  -5  -3   1  -5  -4  -3  12   1  -4    1   0   0   0   0   0   0   1   0   2   2   0   0   4   0   1   1  84   3   0  3.30 0.54
  192 H    -2  -2   0  -2  -4   0  -2  -3   9  -4  -4  -2  -3  -1  -3   1   0  -1   0  -4    1   0   2   0   0   3   0   0  71   0   0   0   0   3   0  10   6   1   0   0  1.43 0.35
  193 A     2  -2  -2  -3  -2  -2  -2  -1  -3   1   1  -2   1   2  -1   0   0  -2  -1   2   23   0   0   0   0   0   0   4   0  11  20   0   2  11   3   5   4   0   0  15  0.15 0.08
  194 F    -1  -3  -3  -3   0  -3  -3  -2  -3   1   2  -3   0   4  -1  -1  -1   0   0   1    2   0   0   0   2   0   0   3   0   9  31   0   0  27   3   5   2   1   0  12  0.30 0.12
  195 W    -3  -4  -4  -5  -4  -3  -4   1  -4  -4  -1  -4  -3  -1  -5  -2  -2  11   1  -4    0   0   0   0   0   0   0  11   0   0   5   0   0   0   0   2   3  72   3   0  2.46 0.43
  196 F     0  -2  -2  -3  -2  -2  -3   0  -2   1   1  -2   2   3  -3   0   0  -1   2   1    9   0   0   0   0   0   0   8   0  10  15   0  10  18   0   7   3   0   9   8  0.17 0.09
  197 A     3  -3  -3  -3  -2  -2  -2   0  -3   1   1  -2   1   0  -3   0   0  -3  -2   2   33   0   0   0   0   0   0   7   0   9  15   0   5   4   0   6   2   0   0  19  0.21 0.12
  198 I     0  -3  -4  -4  -2  -3  -4  -4  -4   4   2  -3   2   1  -1  -3  -1  -3  -2   3    7   0   0   0   0   0   0   0   0  31  24   0   4   5   3   0   0   0   0  27  0.45 0.16
  199 G     3  -4  -2  -3  -3  -3  -3   6  -3  -4  -4  -3  -3  -1  -3  -1  -2  -4  -4  -3   29   0   0   0   0   0   0  68   0   0   0   0   0   3   0   0   0   0   0   0  1.12 0.28
  200 V     1  -3  -3  -4   2  -3  -3  -2  -3   2   2  -3   2   0  -3  -2  -1  -3  -2   3   14   0   0   0   5   0   0   2   0  17  20   0   5   4   0   1   2   0   0  30  0.30 0.13
  201 A     4  -3  -3  -3   2  -3  -3   0  -3   0  -1  -3  -1   3  -3  -1  -2   3  -1   1   48   0   0   0   5   0   0   5   0   3   3   0   0  19   0   1   0   5   0  11  0.41 0.19
  202 W    -4  -4  -5  -6  -4  -4  -4  -4  -3  -4  -3  -5  -3  -1  -5  -4  -4  12   4  -4    0   0   0   0   0   0   0   0   0   0   0   0   0   0   0   0   0  80  15   0  3.13 0.51
  203 I    -1  -3  -4  -4  -2  -3  -4  -4  -4   4   3  -3   3   0  -4  -3  -2  -3  -2   2    3   0   0   0   0   0   0   0   0  31  40   0  11   3   0   0   0   0   0  12  0.58 0.19
  204 G     0  -3  -3  -3  -2  -3  -3   3  -3   0   2  -3   0   1  -3  -2  -2   0   0   1    8   0   0   0   0   0   0  31   0   4  32   0   0   7   0   1   0   1   2  15  0.31 0.14
  205 Y    -4  -4  -4  -5  -4  -3  -4  -5  -1  -1  -2  -4  -2   3  -5  -4  -1   9   7  -2    0   0   0   0   0   0   0   0   0   5   0   0   0  13   0   0   5  33  43   2  1.60 0.35
  206 W    -5  -5  -6  -6  -5  -4  -5  -5  -4  -4  -3  -5  -3   4  -6  -5  -5  12   2  -5    0   0   0   0   0   0   0   0   0   0   0   0   0  18   0   0   0  78   3   0  3.13 0.53
  207 S     1  -3  -3  -3   0  -2  -3  -3  -2   1   1  -3   2   3  -3  -1   1  -2   1   2   13   0   0   0   2   0   0   0   0   8  15   0   7  17   0   1  11   0   5  21  0.24 0.11
  208 R     1   5  -2  -3  -3   0  -1  -2  -2   0  -1   2   0  -2  -3  -1   0   0  -2  -1   13  47   0   0   0   2   0   2   0   7   3  10   3   1   0   3   5   1   0   3  0.43 0.18
  209 R    -2   6  -1  -3  -1   0  -1  -2  -2  -4  -2   4  -2  -4  -3  -2   0  -4  -3  -3    0  56   2   0   1   1   1   2   0   0   4  25   0   0   0   0   5   0   0   1  0.82 0.25
  210 P    -2  -1  -3  -3  -4  -2  -1  -2   0  -4  -4   1  -3  -4   7  -1  -2  -5  -4  -2    0   3   0   0   0   0   3   3   3   0   0   8   0   0  71   3   0   0   0   3  1.57 0.30
  211 I    -1  -1  -2  -3  -2  -2  -2   1  -3   1   2  -2   4  -1  -1  -1   0  -2  -2   1    1   4   0   0   0   1   1  11   0   7  28   0  20   0   3   2   6   0   0  13  0.21 0.11
  212 F    -3  -3  -1  -4  -3  -3  -3  -4  -2   2   1  -3   0   6  -4  -2   1  -1   2   0    0   0   4   0   0   0   0   0   0  15  16   0   0  46   0   0  10   0   4   3  0.59 0.19
  213 I    -1  -3  -4  -4  -2  -3  -3  -4  -2   3   3  -3   3  -1  -3  -2   0   1  -2   2    3   0   0   0   0   0   0   0   1  25  38   0   8   0   0   3   4   2   0  16  0.44 0.16
  214 P     0   0  -2  -2  -3   0  -1  -1  -3  -1  -3  -2  -3  -4   7   0   0  -4  -4  -1    9   5   1   1   0   6   1   4   0   3   0   0   0   0  55   5   5   0   0   4  1.02 0.23
  215 R    -3   7   0  -3  -5  -1  -2  -4  -2  -2  -4   0  -3  -4  -4  -1  -3  -5  -3  -2    0  85   4   0   0   0   0   0   0   3   0   0   0   0   0   4   0   0   0   4  1.37 0.36
  216 L     0  -3  -2  -4  -3  -2  -3  -2   1  -2   1  -3   0   3  -1   0  -1   3   5  -1   10   1   1   0   0   0   0   2   3   0  15   0   1  14   3   9   3   4  31   2  0.47 0.22
  217 L     0   3  -1  -3  -3  -1  -2  -1  -2   1   2   1   1   0   0  -2  -2   1  -2   0    8  21   3   0   0   1   0   5   0  12  21   9   4   4   4   0   0   3   0   5  0.15 0.12
  218 M     1   1  -1  -1  -2   1  -2  -2  -2   0   0   0   3  -2  -1  -1   0   0  -2   2   19  12   3   4   0   7   0   1   0   1   8   5  11   0   2   1   4   1   0  21  0.14 0.14
  219 V     0  -3  -4  -4  -1  -3  -3  -2  -4   2   2  -2   0  -2  -4  -2   1  -4  -3   4    6   1   0   0   1   0   1   4   0   8  22   1   0   0   0   0   9   0   0  47  0.49 0.23
  220 D     1   1   0   2  -3   2   1   0  -1  -2   0   1  -1  -3  -2   0  -1  -3  -1  -2   18   8   4  12   0  10  10   5   1   0  11  12   0   0   0   4   2   0   2   1  0.16 0.10
  221 A     3  -1  -1  -1  -2   1   2   1  -2  -3  -2   0  -2  -4  -1   1  -1  -4  -3  -2   38   1   2   2   0   5  15  11   0   0   3   5   0   0   2  12   1   0   0   2  0.32 0.18
  222 G    -2  -4  -2   0  -5  -3   1   6  -3  -5  -5  -2  -4  -2  -2  -2  -3  -3   3  -3    0   0   0   6   0   0  13  65   0   0   0   1   0   1   1   0   0   0  11   1  1.05 0.34
  223 R    -2   4   0   1  -4   1   1   2  -2  -3  -2   3   0  -4  -1  -1  -2  -4  -3  -3    0  26   4  10   0   4   9  17   0   0   3  18   3   0   2   3   0   0   0   1  0.38 0.17
  224 A     3  -2  -1   3  -3  -1   3   2  -2  -4  -4   0  -3  -4  -2  -1  -1   0  -3  -2   33   1   0  21   0   1  20  13   0   0   0   5   0   0   1   1   1   1   0   1  0.47 0.22
  225 D    -1  -2   2   6  -5  -1   3  -2   0  -1  -4  -1  -4  -4  -3  -1  -2  -5  -1  -3    5   1   7  51   0   0  18   2   2   6   0   1   0   0   0   3   1   0   3   0  0.78 0.29
  226 E     0  -2  -1   1  -3   1   3   1  -1  -1   0  -1  -1  -3  -1   1   1  -3  -3  -2    4   0   0   8   0   6  26  10   1   4  14   2   0   0   2  10  11   0   0   0  0.19 0.13
  227 L    -2  -4  -5  -5  -3  -1  -4  -5  -4   1   5  -4   3  -1  -4  -4  -3  -3  -3   0    2   0   0   0   0   3   0   0   0   7  77   0   6   0   0   0   0   0   0   2  0.94 0.32
  228 V    -3  -2  -5  -5  -3  -4  -5  -5  -5   6   1  -4   1   1  -4  -4  -2  -4  -2   3    0   2   0   0   0   0   0   0   0  55  11   0   2   7   0   0   2   0   0  21  0.84 0.29
  229 S    -2  -2   0   2  -3  -2  -1   0  -3  -3  -4  -2  -3  -4  -3   2   6  -5  -4  -3    0   1   3  10   0   0   2   7   0   0   0   0   0   0   0  18  58   0   0   0  0.84 0.35
  230 A     0   1  -1   0  -4  -1  -1   0  -3  -1  -2   2  -1  -2   5   0   0  -4  -3  -2    7   9   1   6   0   2   1   7   0   4   2  14   2   1  33   5   4   0   0   1  0.53 0.19
  231 T     0   1  -1  -1  -2   1  -1   0  -2   0   0   1   2  -2  -1   0   1  -3  -2   0   10   9   2   4   0   6   2   7   0   3   7  14   9   1   2   2  15   0   0   8  0.09 0.09
  232 D    -3  -4   0   7  -6   0   1  -4  -3  -5  -6  -3  -5  -6  -4  -2  -1  -6  -5  -5    1   0   1  83   0   3   8   0   0   0   0   0   0   0   0   0   4   0   0   0  1.72 0.47
  233 R    -3   5  -2  -1  -4   0  -1  -4   3  -2  -3   4   2  -1  -3  -2   0  -4  -2  -2    0  36   0   4   0   2   1   0   9   2   0  28   7   3   0   0   6   0   0   3  0.61 0.26
  234 K    -2   3   0  -3  -4   1  -1  -2  -2   0  -1   4   0  -1  -3  -2   0  -2  -2   0    2  16   3   0   0   6   0   2   0   6   4  42   3   3   0   0   4   1   1   7  0.41 0.22
  235 V     0  -4  -4  -5  -3  -4  -4  -3  -4   3   0  -4   2   1  -4  -3  -1   2  -2   5    7   0   0   0   0   0   0   1   0  16   5   0   5   7   0   0   3   3   0  53  0.64 0.26
  236 A     3  -3  -2  -3   2  -3  -3   5  -3  -4  -4  -3   1  -4  -3   1  -1  -4  -4  -3   29   0   0   0   5   0   0  44   0   0   0   0   6   0   0  13   3   0   0   0  0.76 0.29
  237 M     2  -2   0  -3  -2  -2  -2   0  -2   1   1  -1   2   2  -3  -1   0   4  -1   1   21   0   7   0   0   0   0   5   0  11  11   4  11  10   0   2   4   6   0   8  0.15 0.12
  238 G     2  -3  -3  -4  -1  -3  -3   2  -4   2   1  -3  -1   0  -3  -1  -2  -3  -2   2   21   0   0   0   1   0   0  19   0  16  17   0   0   3   0   1   0   0   0  23  0.31 0.17
  239 F    -2  -4  -4  -5  -3  -4  -4  -4  -3   2   1  -4   3   5  -4  -2  -1   1   0   2    1   0   0   0   0   0   0   1   0  14  13   0  12  34   0   2   2   2   0  19  0.59 0.23
  240 L     2  -3  -4  -4  -2  -3  -3  -2  -3   1   3  -3   2   2  -3  -2  -1  -3  -2   1   26   0   0   0   0   0   0   2   0   5  42   0   7   9   0   1   3   0   0   6  0.40 0.20
  241 A     2  -3  -3  -4  -2  -3  -3   1  -4   2   0  -3   0  -1  -3  -1   0  -4  -3   4   27   0   0   0   0   0   0  10   0  16   3   0   1   2   0   1   6   0   0  35  0.39 0.20
  242 A     2  -3  -3  -3  -2  -3  -3   3  -3   1   1  -3  -1   1  -3  -1  -1  -3  -2   1   25   0   0   0   0   0   0  23   0   8  18   0   0   7   0   1   2   0   0  15  0.29 0.16
  243 T     0  -3  -2  -3  -3  -3  -3  -4  -4   1  -2  -3   0  -3  -3   0   6  -4  -3   3    6   0   0   0   0   0   0   0   0   6   1   0   2   0   0   4  59   0   0  22  0.81 0.33
  244 I    -2  -4  -5  -5   1  -4  -4  -5  -4   3   4  -4   2   1   0  -3  -2  -3  -2   2    0   0   0   0   3   0   0   0   0  24  47   0   3   5   6   0   0   0   0  12  0.61 0.23
  245 L     2  -3  -3  -4  -2  -3  -3   0  -4   1   2  -3   1  -1  -3  -1   0  -3  -2   3   20   0   0   0   0   0   0   9   0   4  24   0   3   1   0   2   4   0   0  34  0.33 0.18
  246 I     1  -4  -4  -4  -2  -3  -4  -4  -4   4   3  -3   1  -1  -4  -2  -2  -4  -3   3   12   0   0   0   0   0   0   0   0  29  33   0   3   0   0   1   0   0   0  21  0.55 0.22
  247 V    -2  -4  -4  -4  -3  -4  -4  -1  -5   3   1  -4  -1  -2  -4  -3   1  -4  -3   5    0   0   0   0   0   0   0   5   0  18  11   0   0   0   0   0  11   0   0  55  0.69 0.28
  248 V     1  -3  -3  -4  -2  -3  -3  -2  -3   3   1  -3   1   2  -3  -1   1   4  -1   2   17   0   0   0   0   0   0   2   0  20  16   0   3  10   0   1   9   7   1  13  0.32 0.17
  249 M     1  -4  -3  -4  -3  -3  -4   4  -3   0  -2  -3   1   2  -4  -2  -2   2   1   2   13   0   0   0   0   0   0  38   0   6   2   0   4  10   0   1   1   3   5  17  0.46 0.22
  250 A     1  -4  -2  -3  -4  -3  -3   6  -4  -3  -3  -3  -1  -1  -4   2  -1  -4  -4  -3   11   0   1   0   0   0   0  62   0   1   1   0   1   4   0  15   3   0   0   1  0.99 0.33
  251 M     0  -4   1  -4  -4  -2  -4  -4  -1  -3  -3  -4   4   2  -5  -2  -3   5   7  -3    8   0   9   0   0   1   0   0   0   0   0   0  13   5   0   1   0   8  53   0  1.29 0.43
  252 S     2   0   0  -3  -2  -1  -2  -1   0   0   1  -1   1   2  -3   0  -1  -2   0   0   24   6   4   0   0   3   1   4   2   7  12   2   4  12   0   8   1   0   2   8  0.09 0.10
  253 S     0  -1   0  -3  -3  -1  -3  -3   0   0  -1  -2   1  -1  -4   1  -1   6   5   1    8   3   6   0   0   2   0   0   1   6   4   1   5   0   0  12   4  13  26  11  0.45 0.22
  254 A     4  -3  -1  -3  -3   0  -3  -1  -3  -2  -3  -3   1  -4  -3   0   5  -5  -4  -2   43   0   2   0   0   5   0   2   0   1   0   0   5   0   0   3  39   0   0   0  0.77 0.36
  255 N     0  -1   4   2  -4   2   3  -3   0  -3  -4   0  -3  -2  -3   0   0  -4  -2  -1    8   1  27  11   0  12  19   0   1   1   0   4   0   1   0   4   3   0   1   6  0.44 0.22
  256 S     1   1   2  -1  -3   1   1  -2   1  -2  -2   0   0  -3  -2   2   0  -4  -1  -1   12   7  12   1   0   7  10   1   4   1   3   2   3   0   0  25   5   0   2   5  0.22 0.15
  257 K     1   2  -2  -2  -3   3   1  -2  -2  -3  -3   3  -2   0  -1   0   1  -4  -3  -2   17   8   0   0   0  15   9   1   0   0   1  27   0   6   2   3   9   0   0   3  0.35 0.21
  258 Y    -4  -4  -1  -1  -5  -1  -4  -3   4  -4  -4  -4  -3   3  -5  -3  -2   5   8  -3    0   0   4   5   0   3   0   2   9   0   0   0   0  12   0   1   3   7  55   1  1.35 0.44
  259 P    -3  -5  -3  -4  -5  -1  -2   0  -5  -5  -4  -4  -5  -6   8  -1  -4  -6  -6  -3    0   0   1   0   0   3   2   7   0   0   1   0   0   0  78   5   0   0   0   2  2.09 0.55
  260 I    -2   2   0   0  -3   0   0  -4  -2   3  -1  -1  -1  -2   1  -1   0  -3   3   1    0  12   5   6   0   3   5   0   0  27   0   2   0   0   7   3   5   0  13  11  0.22 0.18
  261 T     0   0  -1  -3  -3  -1  -3  -4   2  -2  -3   1  -3  -4  -3   1   6  -5  -3   0    5   6   2   0   0   1   0   0   5   2   1   8   0   0   0   6  60   0   0   5  0.80 0.37
  262 I    -2  -4  -4  -5  -3  -4  -5  -5  -5   6   1  -4   2  -2  -4  -3   1  -5  -3   3    1   0   0   0   0   0   0   0   0  51   7   0   5   0   0   1  11   0   0  24  0.89 0.34
  263 P    -2  -5  -5  -5  -6  -4  -4  -5  -5  -6  -6  -4  -6  -7   9  -4  -4  -7  -6  -4    2   0   0   0   0   0   0   0   0   0   0   0   0   0  97   0   0   0   0   1  2.97 0.71
  264 L    -2  -4  -5  -5  -4   2  -4  -5  -4   1   5  -4   1  -2   1  -4  -3  -4  -3  -1    2   0   0   0   0  11   0   0   0   7  70   0   2   0   7   0   0   0   0   0  0.91 0.37
  265 Q    -4  -1  -3  -4  -6   9  -1  -5  -3  -6  -3  -2  -4  -6  -5  -3  -4  -5  -5  -5    0   1   0   0   0  97   0   0   0   0   2   0   0   0   0   0   0   0   0   0  2.43 0.73
  266 A     4  -3  -2  -3  -2  -2  -2   0  -3  -2  -3  -1  -2  -3  -1   1   3  -4  -3   2   40   0   0   0   0   0   2   7   0   0   0   2   0   0   2   6  20   0   0  18  0.46 0.25
  267 G     1  -3  -2  -1  -3  -3  -3   5  -3  -3  -1  -3  -3  -3  -3   0  -1  -3  -3  -1   13   1   1   3   0   1   1  58   0   1   7   1   0   0   1   4   3   0   0   6  0.77 0.26
  268 T    -1   3   0  -1  -3   0   1  -2  -2  -1   1   1  -1  -1  -2   0   0   3  -2  -1    5  18   4   1   0   4  10   1   0   2  17  10   0   3   0   6   7   5   0   5  0.15 0.11
  269 M     0  -2  -2  -2  -2  -1  -2  -3  -3   1   2  -2   2   1  -2   0   0  -3  -2   2    9   1   1   3   0   3   0   0   0   8  23   2   7   7   2   6   7   0   0  21  0.18 0.12
  270 R    -2   3  -1   2  -4   0   2  -2  -1  -3  -2   3  -3  -3  -1  -1   1  -3   0  -3    1  21   2  12   0   1  16   3   1   0   3  19   0   0   3   3  10   0   4   0  0.37 0.18
  271 G     0  -1   0   0  -2   1  -1   2   0  -1  -1  -1  -1  -2   3   0   0  -2   0  -1    8   2   4   4   1   8   2  16   3   3   6   3   1   1  18   4   8   0   3   4  0.20 0.06
  272 M    -1  -3  -4  -3  -2  -3  -3  -4  -4   4   1  -3   3  -1   1  -3  -1  -1  -2   3    5   0   0   1   0   0   0   0   0  34   9   1  10   2   7   0   3   1   0  25  0.49 0.22
  273 K     1  -1   0   1  -3   0   2  -2  -1  -1  -2   2  -2  -2   3  -1   2  -3  -3  -1   13   0   3   6   0   4  13   2   1   3   4  16   0   1  14   1  15   0   0   2  0.24 0.14
  274 P     0  -4  -4  -4  -4  -3  -3  -3  -4  -4  -1  -3  -4  -5   8  -1  -1  -2  -5  -2    9   0   0   0   0   0   0   1   0   0   6   0   0   0  72   4   3   1   0   3  1.76 0.47
  275 L    -1  -2  -3  -4  -2  -2  -2  -4  -2   2   4  -2   1  -1   1   0  -1  -3  -1   1    5   1   0   0   0   2   2   0   1  15  44   1   3   0   7   7   3   0   1   8  0.35 0.19
  276 E     0  -2  -2   1  -4   2   3  -1  -1  -4  -4  -1  -2  -1   5  -1  -1  -4  -3  -2    8   0   1   9   0  11  19   4   2   0   0   2   1   3  33   2   3   0   0   2  0.66 0.25
  277 L     1  -2  -1   0  -2  -1   1  -3  -2   1   1  -1   2  -1  -1  -1  -1  -3  -2   2   13   0   2   7   0   1  14   0   0   7  14   2   8   1   3   3   2   0   0  22  0.15 0.12
  278 P     0  -2   1   0  -3   1   1  -1  -2  -3  -2   0  -2  -2   5  -1  -1  -4  -3   0    9   0   8   5   0   7   9   4   0   0   2   6   0   2  33   3   2   0   0   8  0.51 0.19
  279 A     2  -1   0   0  -3   1   1   0  -1  -2  -3   0  -2  -4   3   1   0  -4  -3  -1   26   1   3   3   0   6  12   4   1   1   1   5   1   0  17  10   6   0   0   4  0.31 0.15
  280 P     0   0   2   0  -3   0   0   2   0  -3  -3   1  -2  -2   3   1   0  -3  -3  -2    6   6  10   3   0   2   6  22   2   1   0  10   0   2  13   9   6   0   0   1  0.28 0.12
  281 T     1  -1  -1   0  -2   2  -1   0  -1  -1   0   0   0   0   2   0   2  -3  -1   0   12   1   1   5   0  14   2   5   1   1   8   5   2   4  10   5  15   0   1   8  0.12 0.10
  282 V     0  -4  -4  -5  -3  -2  -4  -5  -4   2   2  -4   0  -2  -4  -3   0  -4  -3   5    6   0   0   0   0   2   0   0   0  11  19   0   1   0   0   0   4   0   0  56  0.72 0.28
  283 S     1   0   1   1  -3   1   2  -1  -2  -2  -3   2  -1  -3  -2   1   1  -4  -3  -1   16   2   5   9   0   6  17   3   0   1   0  16   2   0   0   7  10   0   0   5  0.23 0.13
  284 V     2  -4  -4  -4  -2  -3  -3  -3  -4   3  -1  -3   0  -3   0  -1   0  -4  -3   5   21   0   0   0   0   0   0   1   0  16   2   0   2   0   4   2   6   0   0  48  0.57 0.26
  285 K    -2   2  -1   1  -4   2   3  -2   1  -2  -4   4  -3  -3  -3  -1  -1  -4  -2  -1    1   9   1   6   0   7  21   1   4   2   0  39   0   1   0   0   2   0   1   5  0.52 0.23
  286 V    -1  -3  -3  -4  -2  -3  -3  -1  -3   2   0  -2   1  -1  -1  -1   0  -3   1   4    3   0   1   0   0   0   0   4   0  12   6   1   4   1   4   3   5   0   7  49  0.42 0.22
  287 E    -2   0   0   2  -3   1   2  -1  -2   0   0   1  -1  -3  -2   0   1  -4  -3   0    0   3   5  12   0   9  15   4   0   9  12  10   0   0   0   3  12   0   0   7  0.14 0.11
  288 D    -1   3   0   3  -4   0   1   0   3  -4  -4   2  -3  -4  -3   2  -1  -4  -1  -3    1  16   1  23   0   2   5   5   8   0   0  15   0   0   0  18   2   0   1   2  0.40 0.19
  289 A     6  -4  -3  -4  -3  -3  -3   0  -4  -1  -3  -3  -3  -4  -3   0  -2  -5  -4  -1   81   0   0   0   0   0   0   6   0   4   0   0   0   0   0   5   1   0   0   4  1.06 0.40
  290 T    -2   1   1   0  -3  -1   2  -2  -2   0  -2   0  -2  -3  -3   0   4  -4  -3   1    0  10   9   3   0   0  17   1   0   5   1   6   0   0   0   6  31   0   0  11  0.31 0.19
  291 Y    -5  -4  -5  -6  -5  -4  -5  -6   2  -4  -3  -5  -3   4  -6  -4  -4  -1   9  -4    0   0   0   0   0   0   0   0   4   0   0   0   0  16   0   0   0   0  80   0  2.25 0.57
  292 R    -3   4   2   4  -4   1   0  -3  -2  -3  -4   1  -3  -3  -3  -1   0  -4   0  -4    0  27  12  29   0   7   2   0   0   1   0   9   0   1   0   2   7   0   4   0  0.58 0.24
  293 V    -1  -4  -4  -4  -3  -3   0  -5  -4   3   1  -3  -1  -3   1  -3  -1  -4  -3   5    4   0   0   0   0   0   7   0   0  14   8   0   0   0   7   0   3   0   0  57  0.66 0.28
  294 P     0  -2  -3  -3  -4   0  -1  -1  -3  -4  -4   0  -4  -5   7  -1  -3  -5  -4  -3    8   2   0   0   0   5   4   5   0   0   0   5   0   0  65   3   0   0   0   1  1.50 0.38
  295 G     1  -3  -2  -2  -3   0  -2   6  -3  -4  -4   0  -3  -4  -3   0   1  -4  -4  -4    9   0   0   2   0   6   1  60   0   0   0   5   0   0   0   3  11   0   0   0  0.87 0.28
  296 R    -3   7  -2   1  -5  -1  -2   1   0  -5  -4   0  -4  -5  -4  -3  -3  -5  -4  -5    0  74   0   9   0   0   0  10   2   0   0   1   0   0   0   0   0   0   0   0  1.33 0.41
  297 A     3   0  -2  -2  -2  -1   1  -2  -3  -3  -3  -2  -1  -4  -2   3   3  -4  -3  -2   27   4   0   0   0   0  10   0   0   0   0   0   1   0   0  29  26   0   0   0  0.52 0.25
  298 M    -3  -4  -4  -5  -3  -3  -4  -5  -4   0   4  -4   6   2  -4  -4  -3  -3  -2   1    0   0   0   0   0   0   0   0   0   2  50   0  27   8   0   0   0   0   0  10  0.86 0.30
  299 R    -1   3  -1   0  -3   1   1  -2  -2   0  -1   1   0  -3  -3   0   2  -4  -3   1    1  21   0   4   0   8   7   2   0   4   3   8   2   0   0   6  22   0   0  13  0.25 0.16
  300 M    -1  -4  -4  -5  -3  -3  -4  -5  -4   2   3  -4   6   3  -4  -3  -2  -3  -1   1    4   0   0   0   0   0   0   0   0  13  29   0  31  14   0   0   0   0   1   9  0.70 0.26
  301 K    -1   0   2   1  -3   0   1  -2   0  -1  -2   2  -1  -2  -2   0   3  -1  -2  -1    3   3  11   9   0   3   9   0   2   3   2  21   1   2   0   5  23   1   0   3  0.25 0.15
  302 L     0  -3  -4  -4  -2  -3  -3  -4  -3   2   3  -3   3   0  -4  -1   0  -3  -1   3    7   0   0   0   0   0   0   0   0   9  35   0  10   4   0   4   4   0   2  25  0.41 0.18
  303 T    -2   1   1   1  -3   2   3  -3   1  -2  -2   1  -2  -4  -2   1   2  -4  -3  -2    0   7   7   7   0  11  19   0   3   2   2  11   0   0   0  10  20   0   0   1  0.33 0.16
  304 I    -1  -4  -5  -5  -3  -4  -4  -5  -5   4   1  -4   0  -2  -4  -4  -2  -4  -3   5    2   0   0   0   0   0   0   0   0  28   8   0   1   0   0   0   0   0   0  61  0.98 0.32
  305 T    -2  -1   0   0  -3  -2   0  -3   0  -3  -3   2  -3  -4  -3   0   6  -5  -4  -2    1   1   2   6   0   0   4   0   2   1   0  12   0   0   0   1  68   0   0   1  0.91 0.36
  306 N    -4  -3   9  -1  -5  -3  -3  -3  -2  -6  -6  -3  -5  -6  -5  -2  -3  -7  -5  -6    0   0 100   0   0   0   0   0   0   0   0   0   0   0   0   0   0   0   0   0  2.34 0.59
  307 H    -2   1   5   0  -4  -1  -1   0   1  -3  -3   1  -3  -4  -3   0   2  -5  -3  -2    2   7  43   2   0   1   1   7   3   1   2  11   0   0   0   5  14   0   0   3  0.54 0.23
  308 G    -1  -3  -1  -3  -3  -3  -3   5  -2  -4  -4  -3  -4  -4  -3   4   1  -4  -4  -4    2   0   1   0   0   0   0  50   1   0   1   0   0   0   0  34  10   0   0   0  0.91 0.31
  309 N     0  -2   3   5  -4   0   0  -2  -2  -3  -4   0  -3  -4   1   1   1  -5  -4  -2    6   1  16  37   0   3   3   1   0   1   0   5   0   0   6  10   8   0   0   3  0.52 0.20
  310 S     0   2   0  -1  -3   2   2  -1   0  -3  -3   2  -2  -4  -2   3   1  -4  -3  -2    5   9   2   1   0  11  14   2   3   1   2  14   0   0   0  28   6   0   0   1  0.34 0.17
  311 P     2  -4  -4  -3  -4  -3  -3  -3  -4  -3  -5  -1  -4  -5   8  -1  -2  -6  -5  -2   17   0   0   1   0   0   0   1   0   1   0   3   0   0  71   2   2   0   0   2  1.79 0.43
  312 I    -1  -4  -4  -5  -3  -2  -4  -5  -4   3   1  -4   2  -1  -4  -3  -2  -4  -1   5    5   0   0   0   0   2   0   0   0  20  12   0   5   1   0   0   0   0   2  54  0.70 0.26
  313 R    -2   5   0  -2  -4   3   0  -2   0  -3  -2   2  -2  -4  -3   0   1  -4  -1  -2    0  39   3   0   0  17   5   1   1   1   3   9   0   0   0   8   9   0   3   2  0.52 0.22
  314 L    -3  -4  -5  -5  -3  -4  -5  -5  -5   4   4  -4   0   1  -4  -4  -2  -3  -2   2    0   0   0   0   0   0   0   0   0  29  51   0   0   5   0   0   0   0   0  15  0.80 0.27
  315 G     0  -1  -2   1  -2   0  -1   6  -3  -4  -4   0  -3  -4  -3  -2  -2  -4  -4  -2    4   3   0   7   1   5   2  65   0   0   0   6   0   0   0   0   2   0   0   3  0.89 0.27
  316 E    -2   1  -2   0  -5   1   6   0  -2  -5  -4   0  -3  -5  -3  -1  -2  -4  -4  -4    2   9   0   1   0   4  69   7   0   0   0   3   0   0   0   3   0   0   0   0  1.01 0.34
  317 F    -4  -4  -5  -5  -4  -5  -5  -5  -3  -2   1  -5  -2   8  -5  -4  -4  -1   3  -2    0   0   0   0   0   0   0   0   0   0  15   0   0  74   0   0   0   0   7   0  1.57 0.40
  318 Y     1  -2   2  -2  -2   1  -1  -1  -2  -1   0  -1   2  -2  -2   1   4  -3   0  -1   12   0  11   0   0   9   2   2   0   2   8   0   6   0   0   6  33   0   3   3  0.24 0.16
  319 T     1  -3  -2  -3  -2  -2  -2  -3  -3  -1  -2  -2  -2   1  -3   1   6  -3  -2  -2   10   0   0   0   0   0   0   1   0   2   3   0   0   7   0  10  64   0   0   0  0.82 0.31
  320 A     5  -3  -2  -1  -2   0  -2   2  -3  -3  -3  -2  -3  -4  -3   1  -1  -4  -3  -2   64   0   0   3   0   4   0  13   0   0   0   0   0   0   0  11   2   0   0   0  0.73 0.29
  321 S    -2   0   5   0  -4  -2  -1   3  -2  -4  -4  -2  -1  -4  -3   1   1  -4  -2  -4    0   4  39   3   0   0   1  29   0   0   0   0   2   0   0   9   9   0   1   0  0.68 0.25
  322 V    -1  -3  -4  -4  -2  -2  -4  -3  -3   4   3  -3   0   0  -4  -3  -2  -3   1   3    4   0   0   0   0   1   0   2   0  25  27   0   0   2   0   0   0   0   6  31  0.49 0.20
  323 R    -2   7  -2  -3  -5   3  -2  -4   1  -4  -4   0  -3  -5  -4  -1   0  -5  -3  -2    3  69   0   0   0  12   0   0   3   0   0   0   0   0   0   4   7   0   0   3  1.16 0.38
  324 F    -2  -5  -6  -6  -5  -6  -6  -5  -4  -2  -2  -6  -2   9  -6  -5  -4   3   1  -1    3   0   0   0   0   0   0   0   0   0   0   0   0  90   0   0   0   3   0   3  2.09 0.52
  325 L    -1  -2  -3  -4  -2  -2  -3  -1  -3   3   3  -3   3  -1   0  -2   0  -3  -2   2    3   2   0   0   0   1   0   5   0  23  34   0   8   1   4   0   8   0   0  11  0.33 0.16
  326 D    -2  -3   7   3  -4  -2   0  -2  -2  -4  -5  -2  -2  -5  -4  -1  -1  -5  -4  -1    2   0  64  18   0   0   5   2   0   0   0   0   1   0   0   0   2   0   0   5  1.16 0.37
  327 S     1  -1   0  -2  -3   0  -1  -1   0  -3  -3   1  -2  -3   5   1   0  -4  -1  -1   16   3   3   0   0   3   1   4   3   0   2   8   0   0  31  13   6   0   3   4  0.50 0.17
  328 D     1  -2   0   4  -3   0   2   0  -1  -2  -2   0  -2  -3  -2   1   0  -4  -2  -1   15   0   3  29   0   1  14   5   1   0   4   5   0   0   0  10   3   0   1   6  0.31 0.15
  329 V     0  -3  -3  -3  -2  -2  -2   0  -3   1   1  -2   1   0  -3  -1  -1  -3  -1   4   10   0   0   0   0   2   3   8   0   6   9   1   3   5   0   2   1   0   1  49  0.35 0.19
  330 Y     1  -1   0  -2  -1   1  -1  -1   0  -1   0   0  -1   1   2   0  -1  -2   1   0   18   2   6   0   1   9   2   2   3   2   9   5   1  10   9   9   1   0   5   6  0.09 0.08
  331 K     0   0   1   1  -3   1   1   0  -1  -2  -2   2  -2  -3   0   0   1  -3  -2  -1   10   2   6   6   0   9  12   5   1   2   3  16   0   0   4   7  10   0   1   7  0.15 0.09
  332 D     0  -2   1   2  -2   0  -1   0   0  -1   0  -1   0  -2   2   0   0  -3  -2   0   11   0   8  19   0   3   2   6   3   3   8   3   2   1  11   3   4   0   0  11  0.14 0.09
  333 T     0   0   1   2  -2   1   2  -2  -1  -1  -1   1  -1  -2   1   0   1  -3  -1  -1    7   3   5  13   0   4  13   1   1   3   8   9   1   0   7   7  12   0   1   3  0.14 0.08
  334 T     0  -1  -1   1  -3   1   0  -1  -2  -1  -2   1  -2  -1   4   1   1   0  -1  -1    7   0   0   9   0   6   4   3   0   3   3   9   0   4  22  11  10   2   2   6  0.27 0.12
  335 G     2   0   2   1  -2  -1   0   3   0  -3  -3   0  -2  -3   0   0   0  -3  -1  -2   20   4  13   6   0   2   5  22   2   1   1   5   0   0   4   5   5   0   3   1  0.22 0.11
  336 Y    -2  -2   0   2  -3  -1   0  -1  -1  -2  -2  -2  -2   2   0   0  -1   1   6  -2    2   1   5  16   0   1   5   4   0   2   1   1   0   8   5   6   2   1  37   2  0.49 0.21
  337 P     0  -2  -2  -1  -3  -1  -1   0  -1  -4  -4  -1  -3  -4   7   1  -1  -4  -3  -3    6   2   0   3   0   1   4   7   1   1   1   2   0   0  54  13   3   0   0   1  1.11 0.29
  338 E     1   1  -1   3  -3   1   3  -1   2  -3  -3   1  -2  -3   0   0  -1  -3  -1  -3   12   8   0  20   0   5  20   3   7   1   1  10   0   0   4   4   2   0   2   1  0.31 0.13
  339 D    -1  -2   0   4  -3   0   4  -1  -1  -3  -3   0  -3  -3  -1   0  -2  -3   1  -2    3   1   1  32   0   1  31   3   1   1   1   5   0   1   3   5   1   0   7   3  0.52 0.19
  340 L    -2  -2  -3  -2  -2  -2  -2  -2  -1   0   3  -2   2   2   1  -1  -2  -2   2   0    1   1   1   2   0   1   3   2   2   3  47   1   5   7   8   4   1   0   7   4  0.30 0.15
  341 L    -1  -3  -3  -1  -2  -2  -3  -3  -3   2   2  -3   2  -1  -2  -2   0   2  -2   4    3   1   1   4   0   1   1   1   0  10  21   1   5   0   2   1   5   4   0  40  0.36 0.16
  342 A     5  -1   0  -2  -2  -2  -1  -1  -3  -1  -3  -2  -2  -3   1   1  -1  -4  -3   0   60   2   5   0   0   0   4   3   0   2   1   1   0   0   6   7   1   0   0   7  0.54 0.25
  343 E    -1   1   0   1  -3   2   2   0  -1  -2  -2   1  -2  -2   2   0   0  -3  -2  -1    4   7   4   9   0  10  17   7   0   0   2   9   0   2  11   6   7   0   0   4  0.23 0.10
  344 D     0   1   2   3  -3   1   2   1  -1  -2  -2   0  -2  -3  -2   1  -1  -3  -1  -2    5   8  13  21   0   4  14  10   0   2   2   3   0   0   1   9   3   0   2   1  0.28 0.11
  345 G     2  -3  -2  -3  -4  -3  -2   6  -3  -5  -4  -1  -4  -4  -1   0  -2  -4  -4  -4   15   0   0   0   0   0   2  68   0   0   0   4   0   0   2   6   2   0   0   0  1.08 0.32
  346 L    -3  -4  -4  -5  -3  -3  -4  -3  -4   0   5  -4   4  -1  -4  -4  -3  -3  -3   1    0   0   0   0   0   0   0   3   0   0  74   0  10   0   0   0   0   0   0   8  0.90 0.32
  347 S    -1   1   0  -1  -3   1   0  -2  -1  -2  -1   1  -2  -3  -2   2   3  -4  -3  -1    2   9   4   1   0   7   6   1   1   2   4   7   0   0   0  23  27   0   0   4  0.30 0.18
  348 V    -2  -4  -3  -4  -2  -3  -4  -5  -4   3   2  -4   2   0  -4  -3  -2  -3   0   5    1   0   1   0   0   0   0   0   0  16  15   0   5   3   0   0   1   0   3  54  0.69 0.27
  349 S    -1  -1   0   3  -3   1   1  -2  -2  -3  -3   0  -2  -3  -2   3   2  -3  -3  -2    3   1   3  24   0   5  10   2   0   1   1   6   0   0   1  30  12   0   0   2  0.40 0.18
  350 D    -3  -2   2   5  -5  -1   2   0  -2  -4  -5  -2  -4  -5   4  -1  -2  -5  -4  -3    0   1  13  35   0   1  12   6   0   0   0   1   0   0  25   4   1   0   0   2  0.82 0.27
  351 N     0  -2   4   2  -3  -1   1   1  -2  -4  -4  -1  -3  -4   3   1   0  -4  -3  -3    6   1  26  13   0   1  11   8   0   0   1   1   0   0  13  12   5   0   0   1  0.44 0.19
  352 S     1  -1  -1   1  -2   0   1   2  -2  -2  -3   0  -2  -4   1   2   2  -4  -3  -1   14   2   1   6   0   4   9  14   0   1   0   3   0   0   6  22  15   0   0   4  0.26 0.14
  353 P     1  -4  -3  -3  -4  -1  -3  -3  -4  -2  -2  -3  -3  -2   7  -2   1   1  -4  -2   15   0   0   0   0   2   0   1   0   2   3   0   0   2  59   1  10   2   0   2  1.31 0.36
  354 L    -3  -5  -5  -5  -3  -5  -5  -6  -5   7   1  -5  -1  -2  -5  -4  -3  -5  -3   2    0   0   0   0   0   0   0   0   0  79  10   0   0   0   0   0   0   0   0  11  1.37 0.42
  355 A     2  -1   0  -1  -3   2   1   0   1  -2   0  -1   1  -2   0   0  -1  -3   1  -2   29   2   6   2   0  15   7   4   3   0  10   2   5   1   4   3   0   0   8   0  0.17 0.15
  356 P     0  -5  -5  -4  -5  -4  -4  -5  -5  -5  -6  -4  -5  -6   8  -3  -4  -6  -6  -5    7   0   0   0   0   0   0   0   0   0   0   0   0   0  93   0   0   0   0   0  2.72 0.61
  357 G    -2  -4  -3  -4  -5  -4  -4   7   0  -6  -6  -2  -5  -5  -4  -1  -4  -5  -5  -6    0   0   0   0   0   0   0  92   3   0   0   2   0   0   0   4   0   0   0   0  1.85 0.48
  358 E    -1  -1  -2  -1  -5   3   6   0  -2  -5  -5  -1  -4  -5  -3  -2  -1  -5  -4  -4    5   2   0   0   0  15  65   8   0   0   0   1   0   0   0   0   3   0   0   0  1.08 0.39
  359 T    -1  -3  -2  -3  -3   0  -2  -3  -4  -3  -4  -1  -3  -4  -3   2   7  -5  -4  -3    3   0   0   0   0   4   2   0   0   0   0   2   0   0   0  16  74   0   0   0  1.20 0.44
  360 R    -1   5  -2  -3  -4   0  -1  -2   0  -3  -3   3  -2  -1  -3  -1   0  -4  -3   0    4  43   0   0   0   3   1   3   2   0   1  23   0   3   0   2   5   0   0  10  0.61 0.27
  361 T    -1   1   0   1  -3   0   1  -3  -2  -1  -1   1  -1  -3  -1   0   4  -4  -3  -1    3   6   4   8   0   4  11   0   0   4   5  11   1   0   3   1  36   0   0   3  0.29 0.18
  362 V    -2  -4  -5  -5  -3  -4  -4  -5  -4   4   3  -4   2   0  -4  -4  -2  -4  -2   4    0   0   0   0   0   0   0   0   0  22  36   0   5   3   0   0   0   0   1  33  0.73 0.26
  363 D    -1   1   0  -1  -3   0   2  -3   1  -2  -2   3   0  -2  -2   1   3  -4  -2  -1    1   8   2   2   0   3  14   0   5   0   1  22   3   2   0   9  23   0   1   5  0.29 0.17
  364 V    -2  -4  -5  -5  -3  -4  -4  -5  -5   5   2  -4   4  -2  -4  -4  -2  -4  -3   4    1   0   0   0   0   0   0   0   0  35  17   0  13   0   0   0   0   0   0  35  0.83 0.30
  365 T    -1  -1   0   1  -3   0   2  -1  -1   0  -2   1  -1  -2  -2   0   3  -3   1   0    2   2   3   7   0   3  18   4   1   6   0   8   1   1   0   4  29   0   6   6  0.22 0.16
  366 A     4  -3  -3  -3   1  -2   0  -1  -3   1   0  -2   1  -3  -3   1  -1  -4  -3   0   53   0   0   0   3   0   7   3   0   9   6   0   5   0   0   7   1   0   0   6  0.43 0.24
  367 S     0   0  -1   1   1   3   1  -2  -2  -3  -3   1  -2  -1  -2   2   3  -3  -2  -2    7   5   0   9   3  19   6   1   0   0   0   7   0   4   0  16  21   0   0   0  0.30 0.17
  368 D    -4  -4  -1   8  -6  -1  -1  -1  -3  -6  -6  -3  -5  -6  -4   0  -3  -6  -5  -5    0   0   0  85   0   3   0   5   0   0   0   0   0   0   0   7   0   0   0   0  1.77 0.50
  369 A     5   1  -3  -3  -2  -2  -2  -1  -1  -2  -2  -1  -2  -4  -3   1  -2  -4  -3   1   66   8   0   0   0   0   1   2   2   0   3   2   0   0   0   6   0   0   0  10  0.67 0.31
  370 A     2   1  -3  -3  -2  -2  -1  -2  -3   0   2  -2   1  -1  -3  -1  -1  -3  -2   1   29  11   0   0   0   0   4   1   0   0  31   0   3   1   0   0   3   0   0  14  0.27 0.18
  371 W    -5  -5  -6  -6  -5  -5  -5  -5  -5  -5  -1  -5  -4   0  -6  -2  -5  12  -1  -5    0   0   0   0   0   0   0   0   0   0   6   0   0   4   0   5   0  83   0   0  3.41 0.69
  372 E     0  -1  -2   1  -5   2   6  -4   0  -4  -2  -1  -3  -4  -3   0  -2  -4  -4  -4    6   2   0   6   0   6  68   0   1   0   5   0   0   0   0   4   0   0   0   0  0.99 0.36
  373 V    -1  -2   0   0  -2   0  -1  -3  -3   2   0  -1  -1  -2  -3   0   2  -4  -1   2    0   1   5   6   0   5   3   0   0  17   6   3   0   1   0   9  20   0   1  24  0.21 0.15
  374 Y    -3   0  -2  -1  -5   4   5  -4  -1  -4  -4   0  -3  -3  -3  -1  -3  -3   4  -2    0   3   0   0   0  26  44   0   0   0   0   4   0   0   0   4   0   0  15   3  0.87 0.35
  375 R    -4   7  -1  -4  -6  -1  -2  -1  -1  -5  -5   2  -4  -5  -4  -3  -3  -5  -4  -5    0  83   2   0   0   0   0   4   1   0   0  10   0   0   0   0   0   0   0   0  1.68 0.49
  376 L    -3  -4   1  -5  -3  -4  -4  -5  -4   0   5  -4   3  -2  -5  -2  -3  -4  -3  -1    0   0   8   0   0   0   0   0   0   3  79   0   7   0   0   3   0   0   0   0  1.00 0.37
  377 S     2  -2  -1   1  -2  -1  -2  -2  -3   0   0  -2   2  -3  -2   2   2  -4  -3   1   18   0   1   8   0   3   0   0   0   6   9   0   8   0   0  20  18   0   0   9  0.22 0.16
  378 D     0   0  -1   3  -3  -1  -1   1  -2  -2  -2   0  -2  -3   2   2   0  -4  -3  -1    6   4   0  22   0   0   1  14   0   0   5   5   0   0  11  18   7   0   0   6  0.27 0.14
  379 I    -2  -3  -3  -3  -2  -3  -3  -4  -3   2   4  -3   3   1   1  -1  -2  -2  -2   0    1   1   0   1   0   0   1   1   0  14  47   1   9   7   8   5   1   0   0   4  0.44 0.18
  380 I    -1  -1  -4  -4  -3  -3  -4  -5  -4   5   2  -3   1  -1  -4  -3   0  -3   1   2    5   4   0   0   0   0   0   0   0  45  20   0   2   0   0   0   5   0   7  13  0.55 0.23
  381 Y    -1   1   3   0  -4  -1  -1   1   3  -4  -3   0  -3  -1  -3  -1  -1  -2   4  -3    4  10  21   4   0   0   2  13   9   0   2   6   0   0   0   3   3   0  23   0  0.41 0.21
  382 D    -2  -3   0   7  -5  -2   3  -1  -3  -5  -5   0  -5  -5  -3   0  -3  -6  -5  -5    2   0   2  64   0   0  17   4   0   0   0   4   0   0   0   7   0   0   0   0  1.21 0.38
  383 P     2  -4  -3  -3  -4  -3  -3  -3  -4  -3  -4  -3  -3  -5   7   1   1  -5  -4   0   19   0   0   0   0   0   0   0   0   0   0   0   0   0  53  11  10   0   0   7  1.24 0.37
  384 D    -2  -1  -1   6  -5   2   2  -3  -3  -4  -5  -2  -4  -5  -3   0  -1  -5  -4  -1    2   3   0  60   0  13  10   0   0   0   0   0   0   0   0   5   3   0   0   5  1.03 0.35
  385 S     0   0   1  -2  -3   1  -2  -2  -3   0  -1  -2   2  -3  -3   5   0  -4  -3  -1    5   4   6   0   0   6   0   1   0   8   4   0   7   0   0  56   1   0   0   2  0.54 0.30
  386 R    -1   7  -1  -3  -5   1  -2  -1  -2  -4  -3   0  -3  -1  -4  -1  -2  -5  -3  -2    4  70   1   0   0   7   0   4   0   0   1   1   0   3   0   4   2   0   0   3  1.10 0.39
  387 F    -2  -4  -5  -5  -3  -4  -5  -5  -4   3   1  -4   0   6  -5  -4  -2  -2   1   3    2   0   0   0   0   0   0   0   0  20   8   0   2  45   0   0   1   0   3  20  0.86 0.30
  388 A     3  -4   0  -3  -3  -3  -3   5  -3  -4  -4  -3  -3  -4  -3  -1   1   2  -4  -3   29   0   4   0   0   0   0  51   0   0   0   0   0   0   0   1  12   3   0   0  0.90 0.32
  389 G     0  -5  -3  -4  -5  -4  -4   7  -4  -6  -6  -4  -5  -5  -5  -3  -4   3  -5  -5    7   0   0   0   0   0   0  90   0   0   0   0   0   0   0   0   0   4   0   0  1.86 0.49
  390 L    -3  -1  -5  -5  -3  -2  -5  -6  -4   0   5  -4   3  -1  -5  -4  -3  -3   0   1    0   4   0   0   0   1   0   0   0   1  78   0   7   0   0   0   0   0   3   7  1.02 0.37
  391 L    -3  -4  -5  -5  -3  -4  -5  -6  -4   2   5  -4   2  -1  -5  -4  -3  -3   0   1    0   0   0   0   0   0   0   0   0  11  72   0   5   1   0   0   0   0   4   7  0.99 0.34
  392 F    -2   0  -3  -5  -4  -4  -3  -4  -2  -1  -1  -4   4   7  -5  -2  -3  -2   2  -2    4   5   1   0   0   0   2   0   1   2   2   0  12  65   0   2   0   0   3   0  1.20 0.38
  393 F    -3  -4  -1  -5  -4  -5  -5  -5  -3  -2   1  -5   0   8  -5  -1  -2  -2   2  -1    1   0   4   0   0   0   0   0   0   0  13   0   1  67   0   6   2   0   3   4  1.25 0.40
  394 F    -3  -2  -4  -4  -4   0  -2  -3  -1  -2  -2  -2  -2   6  -5  -2  -1   5   5  -1    1   2   0   0   0   5   3   1   0   1   0   3   0  38   0   2   4   9  27   3  0.93 0.33
  395 D    -3  -3  -1   7  -5   0   1  -2  -3  -5  -5  -1  -5  -6  -4   0   0  -6  -5  -5    1   0   1  72   0   4   4   3   0   0   0   2   0   0   0   8   6   0   0   0  1.34 0.42
  396 A     2  -2   0   2  -3   0   3  -2  -1  -4  -4  -1  -2  -4   3   2   1  -4  -3  -3   19   0   2  14   0   1  26   0   1   0   0   0   1   0  14  14   8   0   0   0  0.50 0.23
  397 T     1  -2   1   3  -3   1   2  -1  -1  -3  -2   0  -3  -4  -2   2   1  -4  -3  -2   13   0   6  22   0   5  13   3   1   0   3   3   0   0   0  19  11   0   0   1  0.35 0.18
  398 G    -1  -5  -2  -4  -5  -4  -4   7  -4  -6  -6  -3  -5  -6  -5  -2  -4  -5  -6  -6    2   0   1   0   0   0   0  94   0   0   0   1   0   0   0   1   0   0   0   0  1.99 0.51
  399 N     0   1   4  -1  -4   2   3  -2   0  -4  -4   3  -3  -3  -3  -1   0  -4  -3  -4    7   8  25   1   0  10  20   1   1   0   0  21   0   1   0   1   5   0   0   0  0.53 0.24
  400 R    -3   7   0  -3  -5   2   0  -4  -1  -2  -4   0  -2  -5  -4  -2  -2  -5  -4  -4    0  75   4   0   0   9   4   0   1   3   0   0   1   0   0   2   2   0   0   0  1.39 0.45
  401 Q    -2  -2   1  -1  -4   3  -2  -4   4  -3  -2  -1  -1   1  -4   0  -2   0   6  -1    2   1   8   2   0  15   0   0  10   0   4   2   1   5   0   9   1   1  33   4  0.55 0.26
  402 V     0  -2  -4  -4  -2  -3  -3  -3  -1   4   1  -2   3   1  -1  -2   0  -3   0   2   10   1   0   0   0   0   1   0   1  36   8   2  11   5   2   1   4   0   4  12  0.34 0.19
  403 V     1  -1   1  -2  -2   0   0  -2  -1   1  -2  -1  -1  -2  -3   2   0  -3   0   3   12   2   8   0   0   5   6   0   1   6   1   1   1   1   0  21   3   0   4  28  0.19 0.17
  404 Q     0   0  -1   0  -4   0   4  -3  -2  -3  -2  -1  -1  -4   0   2   1  -4   0  -3    9   3   1   2   0   3  42   0   0   0   3   0   2   0   3  18  10   0   3   0  0.48 0.25
  405 I    -3  -5  -5  -5  -3  -4  -5  -5  -5   6   0  -4   1  -1  -4  -4   0  -4  -3   4    0   0   0   0   0   0   0   0   0  52   5   0   4   2   0   0   5   0   0  32  0.96 0.34
  406 D     1  -1   2   3  -3   0   0   3  -1  -4  -4  -2  -3  -3  -3   2   0   1  -1  -3   10   2  10  19   0   4   4  25   1   0   0   0   0   1   0  16   4   2   3   0  0.39 0.18
  407 A     3  -3  -2  -3  -3   1  -3   5  -3  -4  -4  -2  -3  -4  -3   1  -2  -4  -4  -2   27   0   0   0   0   7   0  53   0   0   0   0   0   0   0  11   0   0   0   2  0.89 0.29
  408 P     2  -2  -1  -3  -4  -1  -3  -3   0  -1  -3  -2  -3   0   7   0  -2  -4  -3  -3   19   1   3   0   0   3   0   1   3   3   1   0   0   6  52   6   1   0   0   0  1.06 0.30
  409 L    -2  -4  -5  -5  -3  -4  -4  -5  -5   4   2  -4   4  -2  -4  -3  -2  -4  -3   4    1   0   0   0   0   0   0   0   0  25  18   0  12   0   0   0   0   0   0  45  0.79 0.27
  410 I    -3  -2  -4  -5  -3  -4  -4  -5  -5   6   2  -4   0  -1  -4  -3   0  -4  -3   3    0   3   0   0   0   0   0   0   0  55  16   0   0   1   0   0   6   0   0  19  0.78 0.26
  411 P    -3  -5  -5  -4  -6  -4  -4  -5  -5  -6  -6  -4  -5  -6   9  -2  -4  -6  -6  -5    0   0   0   0   0   0   0   0   0   0   0   0   0   0  99   1   0   0   0   0  2.93 0.57
  412 S    -1   0  -1   0  -3  -1   0  -3  -3   0  -2   2  -2  -2  -3   1   3  -4  -3   3    1   3   2   4   0   0   5   0   0   1   1  17   0   1   0  10  26   0   0  29  0.30 0.18
  413 F    -2  -5  -5  -6  -5  -5  -6  -5  -3  -2  -2  -5  -2   9  -6  -5  -4  -1   2  -3    4   0   0   0   0   0   0   0   0   0   0   0   0  94   0   0   0   0   2   0  2.15 0.47
  414 M    -2  -3  -3  -4  -2   0  -3  -4  -3   4   2  -3   4   0  -3  -3  -1  -3  -2   3    0   0   0   0   0   7   0   0   0  39  10   0  19   4   0   0   0   0   0  22  0.43 0.12

                      K         Lambda
Standard Ungapped    0.1360     0.3205
Standard Gapped      0.0410     0.2670
PSI Ungapped         0.1360     0.3205
PSI Gapped           0.0410     0.2670
