
Last position-specific scoring matrix computed, weighted observed percentages rounded down, information per position, and relative weight of gapless real matches to pseudocounts
            A   R   N   D   C   Q   E   G   H   I   L   K   M   F   P   S   T   W   Y   V   A   R   N   D   C   Q   E   G   H   I   L   K   M   F   P   S   T   W   Y   V
    1 M    -2  -3  -3  -4  -3  -2  -3  -4  -3   0   2  -3   9  -1  -4  -3  -2  -3  -2   0    0   0   0   0   0   0   0   0   0   0   6   0  94   0   0   0   0   0   0   0  1.22 0.25
    2 D    -1  -2   0   7  -4  -1   1   0  -2  -4  -4  -2  -4  -4  -2  -1  -2  -5  -4  -4    6   0   0  87   0   0   0   6   0   0   0   0   0   0   0   0   0   0   0   0  1.14 0.18
    3 L    -2  -3  -4  -4  -2  -3  -4  -4  -3   1   5  -3   1   2  -4  -3  -2  -2  -1   0    0   0   0   0   0   0   0   0   0   0  91   0   0   9   0   0   0   0   0   0  0.73 0.14
    4 E    -2   0  -1   1  -5   1   6  -3  -1  -4  -4   0  -3  -4  -2  -1  -2  -4  -3  -3    0   4   0   0   0   0  96   0   0   0   0   0   0   0   0   0   0   0   0   0  1.15 0.20
    5 S     0  -2   0  -1   1  -1   1   0  -2  -3  -3  -1  -2  -3  -2   5   0  -4  -3  -3    0   0   0   0   3   0   9   6   0   0   0   0   0   0   0  82   0   0   0   0  0.64 0.16
    6 E    -2  -1   1   2  -5   1   6  -3  -1  -4  -4   0  -3  -4  -2  -1  -2  -4  -3  -3    0   0   6   6   0   0  88   0   0   0   0   0   0   0   0   0   0   0   0   0  1.02 0.18
    7 S     0  -2   2  -1   5  -1  -1  -1  -2  -3  -3  -1  -2  -3  -2   4   0  -4  -3  -2    0   0  14   0  19   0   0   0   0   0   0   0   0   0   0  67   0   0   0   0  0.68 0.17
    8 S     0  -2   0   1  -2  -1   1  -1  -2  -3  -4  -1  -3  -4  -2   5   0  -4  -3  -3    0   0   0   5   0   0   7   0   0   0   0   0   0   0   0  87   0   0   0   0  0.79 0.21
    9 V     3  -2  -2  -3  -2  -2  -2   0  -3   0  -1   0  -1  -2   1  -1  -1  -3  -2   3   38   0   0   0   0   0   0   6   0   0   0   7   0   0   7   0   0   0   0  41  0.29 0.12
   10 L    -2  -3  -1  -4  -2  -3  -3  -4  -3   2   4  -3   1   2   0  -3  -2  -2  -1   1    0   0   5   0   0   0   0   0   0  10  65   0   0  10   6   0   0   0   0   4  0.46 0.13
   11 E    -1  -1   1   2  -4   0   5  -1  -1  -3  -3   0  -3  -4  -2  -1  -2  -4  -3  -1    4   0   6  13   0   0  66   5   0   0   0   0   0   0   0   0   0   0   0   6  0.70 0.17
   12 S     0  -2   1  -1  -2  -1   0  -1  -2  -4  -4  -1  -3  -4   1   5   0  -4  -3  -3    0   0   5   0   0   0   6   0   0   0   0   0   0   0   7  82   0   0   0   0  0.79 0.23
   13 V    -1  -3  -3  -4  -2  -3  -3  -4  -4   2   0  -1   0  -2  -3  -2  -1  -4  -2   5    0   0   0   0   0   0   0   0   0   5   4   4   0   0   0   0   0   0   0  84  0.69 0.19
   14 E    -1  -1  -1   2  -3   0   5   1  -1  -1  -3   0  -2  -3   0  -1   0  -3  -3  -2    1   0   0  10   0   0  58  11   0   5   1   0   0   0   4   0   7   0   0   0  0.53 0.14
   15 D    -3  -3   2   7  -5  -2   0  -3  -2  -5  -5  -2  -4  -5  -3  -1  -2  -6  -4  -5    0   0   9  91   0   0   0   0   0   0   0   0   0   0   0   0   0   0   0   0  1.54 0.29
   16 N    -2  -1   6   1  -4   2   0  -2   1  -4  -4  -1  -3  -4  -3  -1   0  -4  -3  -4    0   0  69   4   0  13   5   0   3   0   0   0   0   0   0   0   6   0   0   0  0.96 0.24
   17 N    -2  -1   6   1  -3   1   2   0  -1  -4  -4   1  -3  -4  -2   0  -1  -4  -3  -3    1   0  54   2   0   4  16   7   0   0   1  12   0   0   0   1   0   0   0   0  0.65 0.17
   18 G     0  -2  -1   0  -3  -1   0   5  -3  -3  -4  -1  -3  -4   1  -1  -2  -4  -4  -1    4   0   0   7   0   2   8  63   0   0   0   4   0   0   6   0   0   0   0   7  0.70 0.16
   19 L    -1  -3  -3  -3   2  -2  -3  -3  -3   2   3  -3   1   0   0   0   1  -3  -2   1    0   0   0   0   5   0   0   0   0  12  46   0   2   3   4   8   8   0   0  12  0.29 0.10
   20 I    -2  -3  -3  -1   2  -3  -3  -4  -3   3   1  -3   0   1   0  -2  -1  -3  -2   3    0   0   0   5   7   0   0   0   0  33  14   0   0   6   5   2   0   0   0  27  0.33 0.12
   21 G     0  -2   0  -1  -3   0   0   5  -1  -3  -2  -1  -2  -3   0   1  -1  -3  -3  -2    6   0   5   2   0   3   5  52   2   0   3   4   0   0   4   9   0   0   0   4  0.51 0.14
   22 D    -2   0   1   5  -4  -1   3  -2  -2  -3  -4  -1  -3  -4  -1   1  -1  -5  -3  -1    0   4   6  50   0   0  19   0   0   0   0   0   0   0   2  12   0   0   0   8  0.68 0.20
   23 L    -1  -2   0  -1   1  -1  -1  -3  -2   1   2  -1   3   0  -3  -1   0  -3  -2   2    2   0   7   3   4   2   5   0   0   9  21   3  13   3   0   4   3   0   0  21  0.12 0.08
   24 D    -2  -2   0   5  -4  -1   1   3  -2  -4  -4  -1  -3  -4   0   1  -2  -4  -4  -4    0   0   0  50   0   0   5  24   0   0   0   4   0   0   5  11   0   0   0   0  0.71 0.19
   25 K     0   1   0   0   0   0   0  -2   1  -2  -2   3  -2  -3   1   2  -1  -4  -2   0    2   8   3   3   3   0   2   0   4   0   2  29   0   0   5  24   0   0   0  14  0.21 0.12
   26 E     0  -1  -1   1  -3   1   4  -2   0  -3  -2   0   0  -4   2  -1  -1  -4  -3  -1   11   0   2   5   0   3  47   2   2   0   2   3   4   0  11   0   3   0   0   5  0.45 0.18
   27 L     0  -2  -2  -1  -2  -1   0  -2   0   1   2  -2   2  -1  -2   1   1  -2   0   1    6   0   0   2   0   0   7   0   3   8  23   0   7   0   0  14  12   0   3  11  0.11 0.08
   28 N     0   1   4   1  -3  -1   0   1   0  -3  -3   1  -2  -3  -2   1  -1  -4  -3  -1    7  10  34   8   0   0   2  12   1   0   0   8   0   0   0   9   2   0   0   6  0.34 0.14
   29 S    -1  -1   0   0  -3  -1   0   0  -2  -2  -3  -1  -3  -1   2   4   0  -4  -2  -2    0   3   3   3   0   0   6   7   0   1   0   2   0   3  10  56   2   0   1   3  0.50 0.25
   30 P     0  -3  -2  -3  -4  -3   0   0  -4  -4  -5  -3  -4  -5   7   0  -2  -5  -4  -4    6   0   2   0   0   0   5   6   0   0   0   0   0   0  71   9   0   0   0   0  1.70 0.39
   31 V     0  -2  -2  -1  -2  -1  -2   1  -3   1   0  -2   0  -2  -2   0   0  -3   0   4    7   1   0   3   0   2   0  15   0   7   5   0   1   0   1   6   3   0   3  43  0.24 0.16
   32 E     0   0   2   1  -3  -1   1   2  -2  -2  -3   0  -1  -3   0   1   0  -4  -3  -1    8   3  10  10   0   0  10  20   0   0   0   6   1   0   5  16   3   0   0   6  0.24 0.11
   33 T     1  -1  -1  -2   1  -1  -1   1  -2  -2  -3  -1  -2  -1   2   3   1  -3   0  -1    8   2   1   0   3   1   2  12   0   2   0   2   0   4  10  37  10   0   3   3  0.29 0.16
   34 S    -1  -2   1  -2  -3  -2  -2  -2  -2  -3  -4   2  -3  -4   1   5   2  -4  -3  -2    0   0   5   0   0   0   0   0   0   0   0  12   0   0   5  63  11   0   0   2  0.74 0.32
   35 P    -2  -4  -3  -2  -4  -3  -3   0  -2  -5  -5  -3  -4  -5   7   1  -2  -5  -4  -4    0   0   0   2   0   0   0   8   1   0   0   0   0   0  73  14   0   0   0   0  1.84 0.43
   36 L     1  -2  -2  -2  -2  -1  -2  -1  -2  -1   0  -1   0  -2   4   0   1  -3  -2   1   14   1   1   1   0   3   1   3   0   1  11   2   1   0  24   8  13   0   0  15  0.33 0.13
   37 I     0   0  -2  -3  -2  -2  -1  -3  -3   1   0  -1   0  -2   2   0   2  -3  -2   3   10   5   1   0   0   0   2   0   0   5   8   2   1   1  12   3  20   0   0  29  0.25 0.15
   38 S     1   1  -1  -2  -3  -2  -2  -2  -3  -3  -3   0  -1  -4  -1   2   5  -4  -3  -1   11   9   2   0   0   0   0   1   0   0   0   6   2   0   2  17  49   0   0   2  0.59 0.28
   39 K    -3   1  -3  -3  -6  -1  -2  -4  -3  -5  -5   7  -4  -6  -4  -3  -3  -6  -4  -5    0   2   0   0   0   0   0   0   0   0   0  98   0   0   0   0   0   0   0   0  1.96 0.61
   40 G    -2  -5  -3  -4  -5  -4  -5   7  -5  -6  -6  -4  -5  -6  -5  -3  -4  -5  -6  -6    0   0   0   0   0   0   0 100   0   0   0   0   0   0   0   0   0   0   0   0  2.22 0.58
   41 F    -2   3  -2  -4  -4   0  -3  -4   2  -3  -2   0  -2   5  -4  -3  -3  -1   6  -1    2  21   1   0   0   3   0   0   4   0   0   5   0  29   0   0   0   0  31   4  0.88 0.35
   42 G    -2  -5  -3  -4  -5  -4  -5   7  -5  -6  -6  -4  -5  -6  -5  -3  -4  -5  -6  -6    0   0   0   0   0   0   0 100   0   0   0   0   0   0   0   0   0   0   0   0  2.25 0.60
   43 L    -4  -5  -6  -6  -4  -5  -5  -6  -5  -1   6  -5   0  -2  -5  -5  -4  -4  -3  -2    0   0   0   0   0   0   0   0   0   0 100   0   0   0   0   0   0   0   0   0  1.65 0.54
   44 R    -3   5  -3  -3  -6  -1  -2  -4  -3  -5  -5   6  -4  -5  -4  -3  -3  -5  -4  -5    0  35   0   0   0   0   0   0   0   0   0  65   0   0   0   0   0   0   0   0  1.55 0.52
   45 K    -3   3  -3  -3  -6  -1  -2  -4  -3  -5  -5   7  -4  -6  -4  -3  -3  -5  -4  -5    0  16   0   0   0   0   0   0   0   0   0  84   0   0   0   0   0   0   0   0  1.71 0.57
   46 W    -6  -6  -7  -8  -6  -6  -7  -6  -6  -6  -5  -7  -5  -3  -7  -6  -6  13  -1  -7    0   0   0   0   0   0   0   0   0   0   0   0   0   0   0   0   0 100   0   0  4.68 1.04
   47 K    -1   3   0  -1  -1   0   0  -1   0  -1  -1   3  -1  -1   0   0   0  -1  -1  -1    5  22   3   3   1   3   4   5   1   3   6  23   1   2   3   4   4   1   2   4  0.18 0.05
   48 R    -4   8  -3  -4  -6  -2  -3  -5  -3  -6  -5  -1  -4  -6  -5  -4  -4  -5  -4  -5    0  99   0   0   0   0   0   0   0   0   0   0   0   0   0   0   0   0   0   0  2.35 0.71
   49 R    -3   7  -2  -3  -4  -1  -2  -3  -2   3  -2   0   0  -3  -3  -2  -2  -3  -3  -2    1  66   1   1   0   1   1   1   0  19   1   1   2   1   1   1   1   0   0   1  1.10 0.39
   50 L    -3  -1  -4  -4  -3  -1  -4  -5  -4   6   0   0   2  -1   1  -4  -3  -4  -1   0    1   3   0   0   0   3   0   0   0  67   2   7   5   2   8   0   0   0   2   0  0.91 0.41
   51 R    -3   6  -3  -4  -5   0  -2  -4   1  -5  -4   4  -4  -5   2  -3  -3  -5  -4  -3    0  61   0   0   0   2   0   0   3   0   0  22   0   0  10   0   0   0   0   2  1.31 0.48
   52 R    -4   8  -3   0  -6  -1   1  -5  -3  -6  -5   0  -4  -5  -5  -3  -4  -5  -4  -5    0  85   0   6   0   0   7   0   0   0   0   3   0   0   0   0   0   0   0   0  1.82 0.60
   53 D    -3  -3   1   6  -5   0   3   0   0  -5  -4  -2  -4  -5  -3  -1  -3  -6  -4  -5    0   0   6  56   0   2  23   8   3   0   1   0   0   0   0   2   0   0   0   0  1.12 0.41
   54 L     0  -1  -2  -2  -2   0  -1  -2   1   0   1  -2  -1   3   0   0   0  -2  -1   1    8   3   0   1   0   6   2   2   4   1  21   0   0  17   6  10   4   0   0  16  0.14 0.14
   55 V    -1  -1   0  -3  -3  -1  -1   0   3   0  -1  -2  -1  -1  -3   0   0  -4  -1   4    2   4   6   0   0   2   3   7   9   3   2   1   0   1   0   9   6   0   2  44  0.27 0.22
   56 K    -2   2   0  -3  -5   0   0  -2   1  -5  -4   6  -3  -5  -3  -1  -3  -5  -3  -4    2   9   3   0   0   2   3   2   4   0   0  72   0   0   0   2   0   0   0   0  1.16 0.45
   57 D    -3  -3   0   7  -5  -1   3  -1  -3  -5  -5  -1  -4  -5  -3  -1  -3  -5  -4  -5    0   0   2  65   0   2  18   5   0   0   0   3   0   0   0   3   0   0   0   0  1.28 0.44
   58 D     0  -1   0   2  -2   0   2   2   0  -1  -2   0  -1  -2   1   0  -1  -2  -1  -1    6   2   3  11   0   1  15  22   3   3   2   6   1   1   8   7   2   0   2   4  0.19 0.09
   59 T     1   0   1   1  -2  -1   0   1  -2  -3  -2  -1  -1  -3   0   2   3  -3  -3  -2   12   4   8   9   0   0   5  11   0   0   2   0   1   0   4  14  26   0   0   2  0.27 0.17
   60 S     2  -2   1   0  -3  -2   0   1  -2  -2  -3  -2  -3  -4   1   4   1  -4  -3  -3   16   0   6   4   0   0   4  10   0   2   0   0   0   0   7  42   7   0   0   0  0.47 0.26
   61 V     2  -1   1   0   0  -1  -1   0  -1   0  -1  -1  -1  -2   1   1   1  -2  -2   1   22   1  11   4   2   1   2   8   1   3   3   2   1   1   7   8   8   0   1  16  0.12 0.08
   62 S     2   0   3  -1  -2   0   0   1   0  -2  -2  -1  -2  -2  -1   3   1  -4  -3  -1   16   4  16   1   0   3   3   8   2   2   2   0   0   2   1  31   6   0   0   3  0.30 0.20
   63 M     1  -2  -2   2  -2  -1   0  -2  -2   0   0  -2   3  -1   1   0  -1  -3  -2   2   18   0   0  14   0   2   5   2   0   3   8   1  11   2   6   4   3   0   0  20  0.15 0.14
   64 E    -3  -1   0   6  -4  -2   2   1   0  -4  -4  -2  -4  -5  -3   0  -2  -5  -4  -2    0   3   3  57   0   0  12   9   3   0   0   0   0   0   0   7   0   0   0   3  0.95 0.36
   65 N     0  -2   4   0  -3  -2  -1   1  -2  -2  -2  -1  -3  -4  -3   3   2  -4  -3  -3    8   0  22   3   0   0   3  11   0   2   3   2   0   0   0  32  14   0   0   0  0.45 0.25
   66 S     1  -2   1  -1  -1  -2  -1   2  -1  -3  -4  -1  -3  -3  -2   4  -1  -4  -1  -2   10   0   6   2   1   0   3  19   1   0   1   4   0   0   0  47   0   0   2   3  0.51 0.28
   67 K    -1   2  -2  -2  -4   2   0  -1  -2  -4  -4   6  -3  -4  -3  -1  -1  -4  -3  -2    4   9   0   0   0  10   2   5   0   0   1  59   0   0   0   4   2   0   0   3  0.82 0.35
   68 A     1  -2  -2  -1  -2  -2  -3   0  -3   3   1  -2   2  -2  -3   0  -1  -3  -2   2   11   2   0   3   0   0   0   9   0  25  14   0   6   0   0   8   0   0   0  19  0.22 0.15
   69 L    -2  -2  -2  -3  -2  -2  -2   0   0   0   5  -3   1  -1  -3  -1  -2  -3  -2  -1    1   2   2   1   0   1   2   8   3   2  66   1   2   1   1   4   1   0   0   2  0.54 0.26
   70 K    -2   1  -2  -2  -4  -1   0  -3   0  -2  -3   7   0  -4  -3  -2  -2  -4  -3  -2    1   4   0   0   0   0   3   1   2   2   1  76   3   0   0   1   2   0   0   3  1.14 0.43
   71 R    -2   7  -2  -3  -4  -1  -2  -1  -2  -4  -4   0  -3  -4  -4  -1  -3  -4  -3  -4    2  81   0   0   0   0   1   5   0   0   1   3   0   0   0   3   1   0   0   1  1.53 0.49
   72 V     0   2  -1  -1  -3  -2  -1   5  -2  -3  -2  -2  -2  -3  -1  -1  -2  -3  -1   0    5  12   2   2   0   0   5  49   0   1   4   1   0   0   3   2   1   0   2   9  0.52 0.22
   73 L    -2  -2  -3  -3  -2  -3  -2  -1  -3   0   4  -3   2   1  -1  -1  -2  -3  -2   0    2   2   1   1   0   0   2   5   0   1  63   1   5   6   2   4   1   0   0   3  0.53 0.25
   74 S     1  -2   0  -2  -2   0  -2  -2  -2  -1  -3  -2  -2  -3   2   4   1  -3  -1  -2   13   1   4   1   0   3   1   1   0   3   1   1   0   0  10  49   9   0   2   1  0.53 0.27
   75 G     0  -2   3  -1  -2  -2  -2   4  -2  -1  -2  -2  -2  -3  -2   1  -1  -3  -3  -2    7   1  15   2   0   1   1  43   0   5   4   1   0   1   1  12   3   0   1   1  0.50 0.20
   76 L     1  -2   1  -2  -2  -1  -1  -1  -2   0   1  -1  -1  -2   1   3   0  -3  -2   1   13   1   8   1   0   1   2   4   0   3  16   1   0   1   6  29   2   0   0  11  0.17 0.14
   77 V     2  -2  -2  -1  -2  -1   1   1  -2   0   0  -2   0  -2  -2   0   0  -3  -2   2   29   1   0   2   0   2   9  12   0   4   8   1   3   0   1   4   5   0   0  18  0.17 0.14
   78 D     0  -1   5   2  -3   0   1  -1   1  -2  -3  -1  -3  -3   1   1   0  -4  -3  -3    7   2  39  10   0   2  10   4   4   2   1   1   0   0   6   7   4   0   0   1  0.49 0.23
   79 P    -1  -2   1   1  -3   0  -1  -2   0  -2  -1  -2  -3  -3   6   1  -2  -4  -3  -2    3   1   8   6   0   4   3   2   3   3   6   1   0   0  43  13   1   0   0   2  0.78 0.27
   80 N     0   0   3  -1  -2   0   0   0   1  -2  -1   1  -2  -1   2   2   0  -2  -2  -2    4   3  18   2   0   2   3   5   5   2   5  11   0   3   9  20   6   0   1   1  0.19 0.11
   81 A     2   0   1  -1  -1   0   1   1  -1  -2  -1   1  -1  -2   1   1   0  -3  -2   0   20   4   7   1   1   2  10   9   0   1   5  11   0   1   6   9   6   0   1   6  0.12 0.08
   82 K     1   2   0  -2  -3  -1   0  -1  -2  -2  -2   5  -2  -3   1   0  -1  -3  -2  -2   10   9   4   1   0   1   3   3   0   2   3  45   0   1   8   7   1   0   1   1  0.46 0.23
   83 Q    -1   0  -1  -1  -3   4   1  -1   4  -3  -3   0  -2  -3   3   1  -1  -3  -2  -3    4   5   2   2   0  26   7   5  13   1   1   3   0   1  14  13   2   0   0   1  0.46 0.23
   84 M    -1   0   0  -1  -2   1   1  -2  -1   0   0   0   2  -1   1  -1   1  -2  -2   1    4   3   6   1   0   7  10   3   1   3   7   8   9   2   9   2  10   0   1  16  0.09 0.09
   85 H     0   1   2   1  -3   1   0  -1   5  -2  -1   0  -2   0  -2   0  -1  -2   1  -2    6   7  12   9   0   8   3   2  19   1   6   3   0   4   1   8   3   0   5   2  0.24 0.15
   86 L     0   0   0  -2  -2  -1  -1  -2  -2   0   2   0   1   2  -1   0  -1  -2  -1   0   10   5   5   2   0   0   3   2   0   5  27   5   5  14   3   5   3   0   0   5  0.09 0.10
   87 P     0   0  -1  -1  -2   2  -1  -1  -2  -2  -1   0   0  -3   3   2  -1  -3  -1  -1    7   6   1   2   0  11   2   2   0   1   6   5   4   0  19  25   1   0   3   3  0.31 0.18
   88 G     2  -1  -1  -1  -2  -1  -1   1   0  -2  -2   0  -2  -1   2   2   0  -3  -2  -1   21   3   2   2   0   1   1  12   3   1   3   8   0   2   9  25   2   0   1   3  0.23 0.14
   89 P     0   0  -1  -1  -2  -1  -1   0   0  -1  -1   0  -1  -2   4   1  -1  -3  -2   1    7   6   1   3   0   1   4   9   3   2   3   4   1   1  26  10   2   0   1  17  0.31 0.13
   90 E    -1   1  -1   2  -3   0   4  -1  -2  -3  -3   1  -1  -3   0   0  -1  -3  -3  -2    5   6   1  14   0   2  41   3   0   1   1   6   2   1   4   5   2   0   0   4  0.46 0.22
   91 V     1  -2  -1   0  -1  -2   0  -2  -3   3   1  -1   1  -2  -3  -1   0  -3  -2   2   12   1   2   6   1   0   6   3   0  24  13   2   5   0   0   0   5   0   0  19  0.17 0.14
   92 R    -2   3   0  -1  -4   1   2  -1  -1  -3  -3   4   0  -2  -2   0  -1  -1  -2  -2    1  18   3   2   0   6  13   5   1   1   1  32   3   1   0   6   3   1   0   2  0.39 0.21
   93 Q    -1   0  -1  -1  -4   6   3  -3   2  -4  -2   0  -2  -4  -2   0  -1  -4  -3  -2    5   2   1   2   0  46  18   0   5   0   3   3   0   0   2   6   3   0   0   3  0.71 0.36
   94 D    -2   1   3   3  -4   0   2   0  -2  -4  -4   2  -3  -4  -3   1  -1  -4  -2  -4    0   8  20  16   0   1  16   5   0   0   0  14   0   0   0  15   3   0   1   0  0.47 0.24
   95 S     0  -2   3  -1  -3  -2  -1  -2  -1  -4  -3  -2  -3  -4  -1   5  -1  -4  -3  -2    4   1  13   3   0   0   3   1   1   0   2   0   0   0   2  65   0   0   0   3  0.82 0.41
   96 V     0  -1   0   3  -3   2   4  -2  -2  -2  -2   0  -2  -3  -2   0  -1  -3  -3   1    7   2   3  16   0   8  34   1   0   1   2   3   0   0   1   8   2   0   0  12  0.40 0.21
   97 G     1  -3   0   0  -3  -2   1   5  -3  -3  -4  -2  -3  -4  -1   0  -1  -3  -3  -2   11   1   3   5   0   0  10  53   0   1   1   1   0   0   3   5   3   0   0   3  0.66 0.26
   98 S    -1  -3  -1   1  -3  -2  -2   0   0  -3  -3  -2  -3  -4   0   5   0  -4  -3  -3    2   0   1   7   0   0   0   5   2   1   2   0   0   0   4  69   4   0   0   0  0.84 0.40
   99 V    -1  -2  -3  -2  -2  -2  -1  -2  -3   1   1  -2  -1  -1   0   0   0  -3  -2   4    3   1   0   1   0   0   4   3   0   7  11   0   0   2   5  10   7   0   0  46  0.32 0.22
  100 G     1  -1   1  -2  -3  -2  -1   5  -1  -3  -4  -1  -3  -4  -1   2  -1  -4  -3  -3    8   3   5   0   0   0   4  48   1   1   1   1   0   0   2  21   2   0   0   0  0.65 0.27
  101 S     0  -3   0  -2  -3  -2  -2  -2   0  -3  -2  -2  -1  -2   1   6  -1  -4  -3  -2    5   0   4   0   0   0   0   0   2   0   4   0   2   1   6  71   0   0   0   2  0.87 0.42
  102 V     0  -1   0  -3  -2  -2  -3  -3  -3   1   1  -2   0   0  -1  -1   2  -3  -2   3   10   3   5   0   0   0   0   0   0   3  10   0   2   5   3   0  19   0   0  37  0.29 0.21
  103 N    -1  -2   6   0  -4  -2   1   0  -2  -1  -3   0  -3  -4  -2   0  -1  -4  -3  -3    5   0  58   2   0   0   7   7   0   5   2   5   0   0   2   4   1   0   0   1  0.84 0.36
  104 S     3  -2   1  -2  -2  -2  -1  -1  -2  -1  -1  -2   4  -1  -1   2   0  -3  -2  -1   26   1   6   0   0   0   2   4   0   2   2   0  20   3   2  24   3   0   0   2  0.33 0.24
  105 V     0  -2  -1  -2  -2  -2  -3  -1  -3   1   1  -2   2   0  -1   0   1  -3  -2   4    4   2   3   1   0   0   0   5   0   4  14   0   6   3   2   7   7   0   0  40  0.25 0.18
  106 V     0   0  -1   0  -2  -1  -2  -1   1   1   1   0   0   0  -1   0   0  -3  -1   2    9   5   1   6   0   0   0   3   4   8  12   6   0   4   2   8   4   0   0  26  0.07 0.10
  107 G     0  -3   2  -2  -4  -2  -2   5   3  -4  -4  -1  -3  -4   0   0  -1  -4  -3  -4    5   0  12   1   0   1   0  55   8   0   1   3   0   0   5   4   3   0   0   0  0.81 0.30
  108 F    -1  -3  -1  -3  -3  -3  -2  -1   3  -1   1  -3   0   5  -2  -1  -2  -1   2   0    3   0   4   0   0   0   1   5  10   0  17   0   2  40   1   4   0   0   4   5  0.50 0.24
  109 V     1  -2  -1  -1  -2  -2  -1   0   0   1   1  -1   1  -2  -1   0   0  -3  -2   2   16   0   3   2   0   0   4   7   2   6  14   2   3   0   3   8   2   0   0  27  0.11 0.11
  110 M     0   0   0   0  -2  -1  -1  -1   0   2   1  -1   1   1  -1  -1  -1  -2  -1   1   10   6   6   5   0   1   3   3   2  18  15   2   5   6   2   2   2   0   1  10  0.04 0.06
  111 G     0   1   2   1  -3  -1  -1   4   2  -2  -2  -1  -2  -2   0  -1  -1  -3  -2  -3    6   8  12   9   0   1   1  35   6   2   5   3   0   2   4   2   3   0   0   1  0.32 0.15
  112 G    -1  -1   0   2  -2  -1  -1   3  -1  -2  -2  -1  -2  -1   1   1   0  -2  -2  -2    2   4   4  14   0   2   2  32   2   1   4   1   1   4   7  10   4   0   1   3  0.28 0.12
  113 E     1  -1   0   1  -2  -1   0  -1  -2  -2  -1  -1  -2   2   2   3   0  -2  -1  -2   11   3   2   8   0   1   6   3   0   2   4   1   0  11   9  30   5   0   1   1  0.19 0.13
  114 S     0   0   1  -1  -2  -1  -1   2  -2  -2  -1  -1  -1  -1   1   3   0  -3  -2  -2    6   6   6   2   0   1   1  20   0   2   6   1   2   3   8  31   3   0   1   1  0.26 0.15
  115 Y    -1  -1  -2  -1  -2  -2  -2  -2   2   0   1  -2  -1   4   1  -1  -1  -1   3   0    4   2   1   3   0   1   1   3   8   4  15   2   0  23   7   4   4   0  13   5  0.22 0.12
  116 G     2  -2  -1   3  -2  -1  -1   2  -2  -2  -2  -2   0  -3   0   1   0  -3  -3  -1   19   1   1  21   0   1   1  19   0   2   3   1   4   1   5  14   3   0   0   5  0.26 0.15
  117 N     0  -1   1   1  -2  -1  -1   0   0   0  -1  -1   0  -2   2   1   1  -3  -2   1    8   4   7   8   0   1   1   6   2   3   4   2   2   1  11  13  10   0   0  17  0.11 0.08
  118 G     1  -1  -2  -1  -3  -2  -2   5   0  -3  -3  -2  -3   0  -3   0  -2  -3  -3  -2   10   3   1   3   0   0   2  61   2   1   1   1   0   5   1   5   1   0   0   3  0.80 0.28
  119 L     1  -2  -2  -2   1  -2  -2  -2  -2   1   2  -2   1   0   1   1   0  -2  -1   1   11   1   1   1   3   1   1   1   0   6  25   1   2   5   7  19   3   0   0  11  0.15 0.11
  120 A     2  -2  -1  -1  -1  -1  -1   2  -2   0  -1  -1   1  -2   0   0   1  -2  -1   0   22   1   1   3   0   1   4  23   0   6   3   1   9   1   3   5  10   0   3   5  0.14 0.07
  121 F    -2  -1  -2  -2  -2  -2  -2  -3  -2   1   0  -2  -1   6   0  -1  -2  -1   2   0    1   4   1   3   0   1   1   1   0  10   4   1   0  55   5   4   1   0   3   4  0.55 0.18
  122 A     2  -2   1   0  -2  -1  -1  -1   0   0  -2  -1  -1  -1   0   2   1  -3  -2   0   28   0   9   4   0   0   1   3   2   7   1   1   0   2   4  27   6   0   0   4  0.21 0.11
  123 A     3  -1  -2  -2  -1  -1  -2   1  -2   0  -1  -1  -1  -2   0   1   0  -3  -2   2   34   2   0   0   0   0   1  12   0   5   2   1   0   0   4  14   5   0   0  19  0.22 0.12
  124 G     0   0  -1  -2  -3  -2  -1   5  -2  -3  -3  -2  -3  -3   1  -1   0  -3  -3  -2    4   7   0   0   0   0   3  61   0   0   1   1   0   0   8   2   5   0   0   4  0.71 0.19
  125 V     1  -2  -2  -2  -2   1  -1  -1  -2   1   0  -1   2   1  -2   0   2  -2  -1   1   19   0   0   0   0   9   2   2   0  11   3   1   9   7   0   4  20   0   0  12  0.13 0.10
  126 D    -1  -2   1   6  -4  -1   2   0  -2  -3  -4   0  -3  -3  -2  -1  -2  -4  -2  -3    6   0   3  56   0   0  13   7   0   0   1   7   0   0   0   1   1   0   2   1  0.72 0.21
  127 S     0  -2  -1  -2  -2  -2  -2   0  -2  -2  -1  -2  -2   3  -2   5   0  -3  -1  -2    1   0   0   0   0   0   1   7   0   0   5   1   0  15   0  66   1   0   0   1  0.57 0.25
  128 D    -2   1  -1   3  -4   0   5  -3  -1  -2  -2   0  -2  -3  -2  -1  -2  -3  -3  -3    1   7   0  20   0   0  59   1   0   4   4   1   0   0   0   1   1   0   0   1  0.72 0.23
  129 N    -2  -1   6   0  -3  -1   0   0  -1  -2  -3   1  -3  -3  -2   1  -1  -4  -3  -3    1   0  59   0   0   0   4   7   0   3   1  11   0   0   0   9   1   0   0   1  0.71 0.24
  130 S     0  -1   0   1  -2  -1  -1   0   2  -3  -3   1  -2  -3  -2   5   0  -3  -2  -3    1   0   0   6   0   0   1   5   7   0   1   7   0   0   0  68   1   0   0   1  0.62 0.25
  131 E     0  -1  -1   3  -3   0   5  -1  -1  -3  -3   0  -3  -3  -2   0  -1  -3  -3  -3    9   1   1  20   0   0  53   3   0   1   1   3   0   0   1   5   1   0   0   1  0.62 0.20
  132 D    -2  -2   0   6  -4  -1   2  -2   2  -4  -4  -1  -3  -4  -2  -1  -2  -4  -3  -3    1   1   1  71   0   0  10   1   7   1   1   1   0   0   1   3   1   0   0   1  1.05 0.27
  133 R    -2   5   1   1  -3   1  -1  -1   2  -3  -2   0  -2  -3  -2  -1  -1  -1  -2  -3    1  55   7   8   0   4   1   3   7   1   4   1   0   1   1   1   3   1   0   1  0.58 0.19
  134 S     0   1   0  -1  -2  -1  -1  -1   1  -3  -3  -1  -2  -3   1   4   1  -3  -2  -2    6   7   4   1   0   1   1   2   5   1   1   1   0   1   5  59   4   0   0   1  0.45 0.20
  135 S     1  -2  -1  -1  -2  -1  -1   0   0  -1  -2  -1  -2  -3  -1   4   1  -3  -2  -1   11   1   1   1   0   1   3   5   2   3   1   1   0   1   1  56   9   0   0   5  0.41 0.18
  136 T     0   2   0  -1  -2   0  -1  -2  -2  -1  -2   3  -1  -1   0   1   1  -3  -2   0    8  10   3   1   0   1   1   1   0   2   1  29   1   3   3  12  12   0   1  10  0.20 0.13
  137 M     1  -1  -1  -2  -2  -1  -1  -2   0  -1   1   0   1   0  -2   3   0  -2  -1   0   10   1   1   1   0   1   1   1   2   2  15   8   5   5   1  37   3   0   1   6  0.19 0.15
  138 S     0  -1   1  -1  -2  -1  -2   3  -2  -3  -3   0  -1  -3   0   4  -1  -3  -3  -1    6   2   6   1   0   1   1  22   0   1   1   4   2   0   5  43   1   0   0   5  0.42 0.21
  139 H     0   0   2  -2  -1  -1  -2  -2   4  -2  -2  -1  -2   0   0   1   3  -2   3  -1    6   4  11   1   1   1   1   1  15   1   2   1   0   2   3   9  24   0  17   2  0.33 0.19
  140 S     3  -2  -1  -1  -2  -1   0   1  -2  -1  -1  -1   0  -2   0   1   2  -3  -2   1   30   1   3   2   0   1   5   9   0   1   2   1   3   0   3  13  14   0   0  12  0.20 0.13
  141 W     1   2   0  -1  -2   1  -1  -1   1  -1   0   0   0   0  -1   1  -1   3   0  -1   20  14   4   1   0   6   1   4   5   1   9   4   2   4   1   9   2   6   3   3  0.11 0.07
  142 D     0   0   2   3  -3  -1   2  -1  -1  -3  -3  -1  -2  -3   2   1  -1  -3  -3  -3    7   4  10  25   0   1  15   4   0   1   1   1   0   1  12  15   1   0   0   1  0.39 0.15
  143 K     1   4  -1  -2  -3   0  -1  -2  -2  -2  -2   3  -1  -3   0  -1  -1  -3  -2  -1   18  31   2   1   0   1   1   1   0   3   1  29   1   1   3   2   1   0   0   3  0.45 0.20
  144 H    -1  -1   3  -1  -3   0   0   0   4  -2  -2  -1  -1  -3   3   1   0  -3  -2   0    4   1  20   1   0   2   4   5  15   1   2   3   1   0  16  12   3   0   0   9  0.32 0.16
  145 R     0   5   0  -2  -3   1  -1  -2  -2  -3  -3   2  -2  -3   0   0  -2   1  -2  -2    6  51   3   2   0   4   1   3   0   1   1  13   0   0   4   5   1   2   0   3  0.62 0.24
  146 G     2  -1  -1  -1  -2   0  -1   1   1   0   0   0   1  -1   1   0   0  -2  -2   0   22   2   2   2   0   3   1  13   5   8   6   6   6   1   6   8   2   0   0   7  0.08 0.07
  147 K    -3   4   1   2  -4  -1  -1  -3  -2  -4  -3   5  -1  -3  -3  -1  -2  -4  -2  -2    0  24   5  10   0   0   2   0   0   0   2  43   1   1   0   3   1   0   1   4  0.69 0.33
  148 V    -1  -2   4  -2  -3  -2  -2  -2  -2   1   0  -1   0   2  -1   1  -1  -3   0   1    5   1  32   0   0   0   0   1   0   8   8   3   1  10   2  13   3   0   2  11  0.30 0.23
  149 S    -1   0   0  -2  -2  -2  -2   0  -2   1   1   0  -1  -1   0   2   1  -3  -1   1    2   6   3   0   0   0   0   5   0   7  15   6   1   3   5  23   9   0   1  12  0.12 0.14
  150 G     0  -2   1  -2  -1  -2  -2   4  -3  -2  -3  -2  -1  -1  -1   3  -2  -3   0  -3    3   1   7   1   1   0   1  40   0   2   2   0   2   3   3  27   0   0   4   1  0.54 0.29
  151 G     0  -2   0  -3  -4  -3  -1   6  -1  -4  -4  -1  -4  -4  -2   1  -1  -4  -4  -2    4   2   3   0   0   0   4  62   2   0   1   3   0   0   1  10   4   0   0   3  0.92 0.35
  152 K    -1   2   1  -2  -4   0  -1  -1  -2  -2  -4   5  -3  -4  -1   0  -1  -4  -3  -3    5   9   8   0   0   2   2   5   0   2   1  55   0   0   2   6   2   0   0   0  0.71 0.34
  153 S     0   0   3  -2  -3  -2  -2   2   1  -1  -3  -2   0  -1   1   3  -1  -3  -2  -1    5   5  20   0   0   0   1  14   4   5   1   1   2   2   6  27   2   0   0   5  0.28 0.20
  154 V     1  -1  -1  -2  -2  -1  -2   0  -2   1   1  -2   2   0  -2   0   0  -1  -1   2   11   2   2   1   0   2   1   9   0   5  18   1   7   4   1   8   7   1   1  20  0.11 0.10
  155 I     0  -1   0  -1  -2  -1  -2   2  -2   2  -1  -1   0  -1   0   0   0  -2  -2   2    7   4   4   2   0   2   1  17   0  18   3   2   1   3   4  10   4   0   1  18  0.10 0.10
  156 S     0   0   3  -1  -2   0  -1   2   1  -1  -2  -1  -2  -3  -2   3   0  -3  -2  -1    5   4  19   2   0   5   1  14   4   3   3   1   0   1   1  26   6   0   0   5  0.26 0.17
  157 S     0  -1  -1  -2  -3   0  -1   0   3  -3  -2  -1  -1  -1   1   5  -1  -4  -3  -2    5   3   1   0   0   4   3   5   8   0   3   3   2   2   7  51   1   0   0   2  0.51 0.32
  158 G     1  -1  -1  -2  -3  -1  -3   5   0  -3  -4  -3  -3  -2  -3   0  -1   1  -1   0   14   3   2   1   0   2   0  52   2   1   0   0   0   2   0   6   3   2   2   8  0.68 0.30
  159 D    -2   1   0   3  -4   4   0  -2   3  -4  -3   2  -2  -4   1   0  -1   0  -3  -3    2   5   4  16   0  30   1   2   7   0   2  11   0   0   6   8   3   2   0   1  0.48 0.26
  160 S     0   3   1   0  -3   1  -1   1   0  -1  -2   2  -1  -3  -2   1  -1  -3  -2  -1    7  21   9   4   0   8   1  11   1   3   2  12   1   0   1  13   1   0   0   4  0.23 0.15
  161 S     1  -1  -1   0  -2   0  -1   1  -1  -1  -1  -1  -1  -1   2   1  -1  -3  -2   2   12   3   1   7   0   5   2  13   2   2   3   2   0   2  11  11   2   0   0  20  0.14 0.12
  162 Q    -2   3  -1  -3  -4   6   0  -2   3  -2  -2   0  -1  -4  -1   0  -2  -4  -3  -4    1  15   2   0   0  48   2   3   7   3   3   2   2   0   3   8   0   0   0   0  0.80 0.40
  163 Q    -1   1  -2  -2  -1   6  -1  -1   1  -2  -2   1  -2  -4  -1   0  -1   0  -3  -3    5   7   0   2   1  49   0   4   3   3   3   9   0   0   3   6   3   2   0   0  0.68 0.38
  164 R     0   5   0  -3  -4  -1  -3   4  -3  -4  -4   0  -1  -4  -3  -1  -3   0  -4  -3    7  34   3   0   0   1   0  39   0   0   0   3   1   0   0   4   0   2   0   2  0.78 0.35
  165 K    -1   3   0  -1  -4   1   0   0  -2  -4  -3   5  -1  -4   0   0  -2  -4  -3  -3    5  15   5   2   0   5   3   6   0   0   1  45   2   0   4   4   0   0   0   1  0.57 0.30
  166 S     0  -1   1   1  -3  -1  -2   4   0  -2  -3  -1  -3  -4   0   1  -1  -4  -3  -2    5   3   7   8   0   1   0  42   2   2   2   3   0   0   6  14   2   0   0   3  0.48 0.23
  167 S    -2   5  -1  -2  -2   1  -1   1  -2  -1  -2   1  -2  -3  -1   0   0   2  -2  -1    1  41   1   2   1   8   1  10   0   3   4   5   0   0   3   7   5   3   1   4  0.44 0.24
  168 V     1  -1  -3  -3  -2  -2  -3  -2  -3   3   0  -2  -1  -2   0   0   2  -3  -3   2   17   3   0   0   0   0   0   3   0  23   4   0   1   0   4   4  18   0   0  20  0.31 0.21
  169 E     1  -2   0   3  -4  -1   5  -1   0  -4  -4   0  -4  -4  -3  -1  -2   0  -3  -4   12   0   4  19   0   0  46   5   2   0   0   5   0   0   0   2   0   1   0   0  0.73 0.34
  170 K     1   1   2  -1  -3  -1  -1   0   1  -2  -2   1  -1  -3   1   2   2  -4  -3  -1   10   9  10   2   0   0   0   5   3   2   2   9   1   0   5  24  16   0   0   3  0.24 0.18
  171 S     1  -3  -1  -1  -2   0  -1   2   0  -1  -4  -2  -2  -4   0   5   0  -4  -3  -2    8   0   1   1   1   3   2  13   2   4   0   1   1   0   4  52   4   0   0   2  0.57 0.33
  172 N    -1   1   0  -2  -4  -1  -1   0  -3  -4  -4   6   0  -4  -3   0  -1  -4  -3  -4    3   5   4   0   0   0   2   6   0   0   1  65   3   0   0   5   2   0   0   1  0.95 0.41
  173 K    -1   1  -2  -3  -5  -1   0  -2  -3  -4  -4   7  -3  -5  -3  -2  -3  -5  -4  -2    5   4   1   0   0   0   5   3   0   0   0  75   0   0   0   1   0   0   0   3  1.26 0.51
  174 L     2  -2  -2  -3  -3  -1  -2  -2   4   1   1  -2  -2   0   4  -1  -2  -3  -2  -1   22   1   1   0   0   2   2   2  12  11  13   2   0   4  22   1   0   0   0   3  0.39 0.23
  175 R    -3   7  -3  -4  -5  -2  -2   0   1  -5  -4   0  -4  -4  -4  -2  -1   2  -1  -4    1  71   0   0   0   0   1   7   3   0   0   4   0   0   0   3   4   3   2   0  1.32 0.50
  176 G     2  -1  -3  -3  -4  -3   0   6  -4  -5  -5  -3  -4  -5  -4  -1  -1  -4  -5  -4   15   3   0   0   0   0   7  67   0   0   0   0   0   0   0   2   4   0   0   0  1.19 0.44
  177 E     1  -1   1   3  -4   0   4   1  -2  -4  -4  -1  -3  -2  -3  -1  -2  -4  -3  -2   11   1   6  19   0   1  35  13   0   0   1   2   0   2   0   2   0   0   0   4  0.52 0.27
  178 R     0   6   0  -3  -4   2  -2  -2  -2  -4  -3   0  -3  -4  -3   0   0  -1  -3  -3    6  54   4   1   0  10   1   3   0   1   2   3   0   0   1   6   6   1   0   2  0.79 0.34
  179 I     0  -4  -4  -4  -3  -3  -4  -3  -4   3   0  -4  -1   2  -4  -1  -1  -4  -2   5    9   0   0   0   0   0   0   1   0  15   6   0   0   9   0   4   3   0   0  51  0.63 0.32
  180 K    -3   3   0  -1  -5  -1   0  -3  -3  -3  -4   6  -2  -5   0   0  -1  -5  -4  -4    0  14   3   3   0   1   3   0   0   1   0  59   1   0   4   8   2   0   0   0  0.94 0.42
  181 I    -1  -4   1  -4  -3  -3  -4  -4  -4   5   0  -3   1   1  -4  -3   0  -4  -2   3    6   0   8   0   0   0   0   0   0  49   5   0   3   5   0   0   4   0   0  16  0.64 0.31
  182 E    -2  -3  -3   1  -5   0   7  -4  -3  -5  -5  -1  -4  -5  -3  -2  -3  -5  -1  -3    3   0   0   7   0   2  79   0   0   0   1   2   0   0   0   0   0   0   2   1  1.48 0.55
  183 K     1  -1  -1  -3  -4  -1  -2  -3  -3  -4  -4   6   1  -5   1  -1  -1  -5  -4  -3   12   0   2   0   0   0   0   0   0   0   0  68   4   0   6   3   3   0   0   1  1.07 0.48
  184 E    -2  -3  -3   1  -6   1   7  -4  -3  -6  -5  -2  -5  -6  -4  -3  -3  -6  -5  -5    2   0   0   6   0   3  85   1   0   0   0   0   0   0   0   0   1   0   0   0  1.76 0.65
  185 N    -3  -2   8   0  -5  -3  -1  -3  -2  -6  -6   1  -5  -6  -4  -1  -1  -6  -5  -5    2   2  79   3   0   0   2   0   0   0   0   7   0   0   0   2   2   0   0   0  1.76 0.63
  186 S    -1  -2  -2  -3  -4  -3  -3  -3   0  -5  -5  -3  -4  -2   1   6  -1  -5  -4  -4    2   2   0   0   0   0   0   0   2   0   0   0   0   2   8  82   2   0   0   0  1.38 0.61
  187 H    -3   2  -2  -1   3  -1  -2  -4   7   0  -1  -2  -2   1  -2  -3  -3  -3   4  -2    0  15   0   4   7   3   0   0  33   7   6   0   0   5   2   0   0   0  15   1  0.74 0.35
  188 S    -2  -4  -1  -3   1  -3  -3  -3  -4  -5  -3  -3  -4  -5  -4   7  -1   0  -4  -3    0   0   2   0   3   0   0   0   0   0   2   0   0   0   0  87   0   2   0   2  1.52 0.64
  189 S    -2  -4  -1  -2  -4  -3  -2  -3  -4  -5  -5  -3  -4  -5  -4   7  -1  -5  -4  -4    0   0   2   1   0   0   2   0   0   0   0   0   0   0   0  92   0   0   0   0  1.72 0.69
  190 M    -2  -4  -4  -5  -3  -3  -3  -5  -4   2   2  -4   6  -2  -2  -2  -2  -4  -3   4    1   0   0   0   0   0   2   0   0   8  20   0  28   0   2   4   0   0   0  34  0.80 0.38
  191 E    -3  -3  -3   2  -5   0   7  -3  -3  -5  -3  -2  -1  -5  -4  -1  -3  -5  -4  -5    0   0   0   8   0   2  79   2   0   0   2   0   2   0   0   4   0   0   0   0  1.50 0.57
  192 S    -2  -4  -2  -1  -4  -3  -1  -2  -4  -5  -5  -3  -4  -5  -4   7  -2  -6  -5  -5    0   0   0   3   0   0   3   2   0   0   0   0   0   0   0  91   0   0   0   0  1.66 0.68
  193 A     0  -1   0   4  -1  -1   0   0  -1  -1  -1  -1   0  -1  -1   1  -1  -1  -1  -1    6   3   2  37   1   2   3   6   1   3   5   3   2   2   3  10   3   1   2   6  0.29 0.09
  194 D    -1  -1   2   5  -2  -1   1  -1  -1  -2  -2  -1  -2  -2  -1   0  -1  -2  -2  -2    5   2  10  46   1   2   5   3   1   2   3   2   1   1   2   8   2   1   1   2  0.56 0.18
  195 S    -2   1  -2  -3  -3  -2  -3  -3  -3  -2   3  -2  -1  -3  -3   4  -1  -4  -3  -2    1   7   0   1   0   0   1   1   0   0  39   1   0   0   0  47   1   0   0   1  0.70 0.38
  196 R    -2   7  -3  -1  -5   1  -2  -3  -1  -4  -4   0   0  -4  -4   0  -3  -4  -4  -4    2  70   0   3   0   6   0   2   1   0   1   2   3   0   0   7   0   0   0   1  1.37 0.53
  197 S    -2  -2   0  -3  -1  -3  -3  -2  -3  -5  -5  -3  -4  -5  -3   7  -2  -5  -4  -4    1   2   3   0   1   0   0   2   0   0   1   0   0   0   0  86   0   0   0   0  1.58 0.67
  198 S    -1  -1   2  -3   0  -3  -3  -2  -3  -5  -5  -3  -4  -5  -4   6  -1  -5  -2  -4    2   3   9   0   2   0   0   2   0   0   0   0   0   0   0  77   1   0   1   0  1.33 0.61
  199 N    -2  -3   7   2  -4  -2  -2  -1  -2  -4  -4  -2  -3  -4  -3   0  -1  -4  -4  -2    3   1  64  10   0   1   1   4   0   1   1   1   0   1   1   5   4   0   0   3  1.23 0.47
  200 F     2  -3  -3  -3  -3  -3  -3  -3  -3  -1  -2  -3  -1   7  -3   0  -1  -2   0  -1   21   1   1   1   0   1   1   1   0   2   1   1   1  50   1   8   3   0   1   4  0.88 0.38
  201 V     2  -3  -1  -3  -2  -3  -3  -1  -3   0   0  -3   0   0  -2  -2  -1  -3  -2   5   17   1   3   1   0   1   1   4   0   2   9   1   2   4   2   1   2   0   1  48  0.46 0.27
  202 F    -2  -4  -4  -4  -1  -4  -4  -4   4  -3  -1  -4  -2   7  -2  -3  -4  -2   2  -2    4   0   0   1   1   0   1   1  12   0   4   1   0  63   2   2   1   0   4   3  1.39 0.51
  203 M     2  -1  -2  -3  -2  -2  -1  -3  -3  -1   0   1   5   0  -3   1   1  -3  -2   1   17   2   0   1   0   0   2   1   0   1   7   9  23   4   1  11   8   0   0  12  0.30 0.24
  204 Q    -3   3  -1  -3  -4   7  -1  -3   0  -4  -3   0  -3  -4  -3   1  -2  -4  -3  -4    1  18   2   1   0  54   2   1   2   1   2   5   0   0   1   9   2   0   0   1  1.10 0.49
  205 G    -1   1   0  -2  -3   0  -2   5  -1  -3  -3  -1   0  -3  -3   0  -2   3  -3  -3    4   8   3   1   0   4   1  54   1   1   1   3   3   1   1   7   2   5   1   1  0.74 0.30
  206 A     2  -1   0   0  -1  -1  -1   0  -2   0  -2  -1  -2  -2   0   2   2  -3  -2   1   18   3   4   4   1   1   1   8   0   4   2   3   0   1   4  22  12   0   1  10  0.18 0.14
  207 S    -1  -1   3   0   0  -1  -1  -1  -1  -1  -1  -1  -1   1  -1   3   1  -2  -1   0    2   3  17   3   2   1   2   3   1   4   4   1   1   8   2  29   6   0   1  10  0.22 0.16
  208 Y     1  -1   1  -1   0  -1  -1  -1   1  -1  -1  -1   0   2  -1   2   0  -1   2   0   15   1   6   3   2   1   2   2   3   1   4   2   2   9   3  19   6   0   8   8  0.12 0.10
  209 S     2  -2  -1  -1  -2  -2  -2   2   0  -1  -1  -2  -1  -2  -2   2   1  -3  -1   2   18   1   1   3   0   1   1  14   2   1   4   1   1   1   1  22  10   0   2  16  0.24 0.18
  210 L     0  -1  -2  -2  -2  -2  -2  -1  -2   2   1  -1   1  -1  -2   0   2  -3  -2   2    8   4   1   1   0   1   1   3   0  11  11   3   4   2   1   7  17   0   1  23  0.18 0.14
  211 S     0  -3   3   0   0  -2  -2   0  -3  -3  -4  -1  -3  -4  -3   4   3  -4  -4  -1    6   0  14   5   2   0   0   6   0   0   0   3   0   0   0  36  24   0   0   3  0.60 0.37
  212 S     0  -3   5  -1  -4  -2  -3   1   1  -5  -5  -2  -4  -5  -4   5  -1  -5  -4  -3    4   0  26   2   0   1   0  11   3   0   0   1   0   0   0  47   2   0   0   1  0.90 0.48
  213 R    -1   3   4  -2  -3   0  -1   3  -2  -4  -3   2  -3  -4  -3  -1  -2  -3  -3  -3    3  16  23   1   0   4   3  28   0   1   1  12   0   1   1   2   1   0   0   2  0.56 0.28
  214 E    -1   1   1  -1  -3   2   1   3   0  -1  -3   2  -2  -3  -2  -1   0  -3  -2  -2    4   5   7   1   0  12   8  23   2   4   1  18   0   1   1   1   7   0   1   3  0.28 0.18
  215 Q    -2   2   3  -2  -4   3  -1  -3   2  -3  -2   3  -1  -4   0   1  -2  -4  -3  -3    1  11  14   0   0  18   2   1   6   1   3  23   1   0   5  11   1   0   0   1  0.49 0.29
  216 G    -2  -2   1   1  -2   2  -1   4   2  -3  -4  -1  -2  -4  -2   2  -1  -4  -2  -3    0   1   6   6   1  11   3  35   6   1   1   3   1   0   1  17   3   0   1   1  0.48 0.29
  217 G    -2  -2   1  -2  -3  -2   1   4  -3  -2  -4  -1  -3  -4  -1   2  -1  -4  -4   1    1   1   6   0   0   0  11  41   0   1   1   4   0   0   2  17   2   0   0  12  0.54 0.31
  218 R    -2   4   1  -2  -3   0   1   0   3  -2  -3   1  -1  -3  -1   0  -2  -3  -1  -1    1  31   7   1   0   3  10   7  10   1   1   6   1   1   2   9   1   0   2   5  0.40 0.24
  219 R    -2   3  -1  -2  -3  -1  -1  -3   1  -1  -1   3   1  -3   0   2  -1   0  -3  -2    1  22   2   1   0   1   2   1   3   4   6  22   5   0   5  20   1   1   0   2  0.37 0.26
  220 M    -1  -2   0  -2  -2  -2  -2   0  -1   0   0  -1   3   0   0   2   0  -3  -1   2    2   1   5   1   0   1   2   6   1   4   9   3  13   3   4  21   6   0   1  17  0.17 0.17
  221 M    -1  -2   1  -2  -3  -2  -2   0  -1   1   2  -1   6  -2  -3  -1  -1   1   0   1    3   2   7   1   0   0   1   7   1   7  16   4  27   0   1   4   3   2   3  11  0.32 0.24
  222 D    -2  -2   5   3  -3  -2  -2  -1   0  -1  -2  -2  -3   2  -2   0  -2  -3   0  -2    1   1  39  18   0   1   1   4   1   3   3   2   0   9   1   7   1   0   3   3  0.61 0.31
  223 Y    -2  -3  -1   1   1  -2  -3  -1   3  -2  -3  -3  -3   1   0  -3  -1  -1   7  -3    2   1   3   8   3   1   1   5   7   2   1   1   0   5   6   1   4   0  50   1  1.03 0.46
  224 D    -3  -4   3   7  -2  -3   0  -1  -1  -5  -5  -3  -4  -5  -4  -1  -3  -5  -2  -2    1   0  13  60   1   0   5   5   2   0   1   0   0   0   0   5   0   0   1   3  1.22 0.51
  225 D    -2  -2  -2   4  -1  -3   2   5  -4  -4  -5  -2  -5  -5  -4  -2  -3  -5  -5  -5    3   2   1  25   2   0  14  47   0   1   0   2   0   0   0   1   0   0   0   0  1.00 0.45
  226 E    -2   0   0   3  -5   1   5  -2   1  -3  -2  -1  -3  -5  -3  -2  -3  -5  -4  -1    3   4   3  20   0   5  44   3   4   1   4   3   0   0   0   2   0   0   0   4  0.72 0.39
  227 N    -3   0   6   2  -2   3  -1  -2   3  -4  -2  -2  -3  -1  -4   0  -2  -4   0  -4    1   4  42   9   1  13   3   2   7   1   5   0   0   2   0   4   1   0   4   0  0.73 0.40
  228 S     0  -2  -1   0   0  -1   0   1  -3  -4  -3  -1  -3  -3  -2   5  -1  -5  -4  -2    5   1   2   4   2   2   5  11   0   0   2   2   0   1   2  56   1   0   0   3  0.68 0.42
  229 D    -2  -3   1   7  -5  -3   2   0  -4  -5  -6  -2  -5  -6  -4  -1  -3  -6  -5  -3    4   1   6  62   0   0  11   8   0   0   0   2   0   0   0   3   0   0   0   2  1.29 0.55
  230 H    -1  -1   0   3  -3   0   3   0   3  -2  -1   0  -1  -2  -2  -1  -1  -2  -1  -2    3   3   3  16   1   3  27   8  11   1   6   3   2   1   1   3   4   0   2   2  0.30 0.16
  231 D     0  -2   0   3  -4   2   5  -1  -2  -2  -4  -1  -3  -3  -3  -2  -3  -4  -1  -1    8   0   4  17   0   7  44   4   0   2   1   3   0   1   0   1   0   0   3   4  0.67 0.37
  232 A     3   0  -3  -1   0   2  -1   1  -1  -1  -2  -2  -2  -3   0  -1  -1  -4  -3   2   36   5   0   3   2  11   2   9   1   2   2   0   0   0   3   1   4   0   0  18  0.33 0.28
  233 H    -2   0  -1  -3  -2   3   2   0   7  -3  -4  -2  -3   0   2  -1  -2  -4  -1  -4    1   5   2   0   1  18  12   7  29   2   1   0   0   4  11   4   2   0   1   0  0.73 0.41
  234 T     1  -2   1  -1  -1  -1  -2  -1  -3  -3  -2  -2  -1   0  -1   3   4  -4   0   0   14   1   6   3   1   1   1   4   0   0   2   0   1   3   2  23  30   0   4   5  0.39 0.30
  235 S     0  -3   2   0  -1   0   1   2  -2  -2  -2  -2  -3  -3  -2   3  -1  -3   1  -2    8   0   9   6   1   3   9  19   0   2   4   0   0   0   1  28   1   0   7   2  0.33 0.26
  236 K    -2  -1   1   2  -2   0   4  -1   0  -4  -3   1  -1   1  -1   0  -1  -3   2  -3    1   3   6  12   1   3  29   5   2   0   2   9   2   6   3   6   2   0   8   0  0.33 0.23
  237 R    -2   4   0  -1  -2   2   1   0   2  -3  -3  -1  -1  -1  -1  -1  -2  -3   2   0    3  34   3   2   1   8   8   8   5   0   1   1   1   2   3   4   0   0   8   7  0.38 0.27
  238 K    -1   2   2  -1   2   2   1   0  -2  -3  -3   3  -3  -3  -1   0  -2  -4  -3  -3    4  14   9   3   5  10   8   7   0   1   1  25   0   1   3   8   0   0   0   1  0.35 0.24
  239 D    -1   0   1   3  -4   0   3   0  -2  -3  -2   0  -3  -1   1   1  -2  -4  -1  -2    3   5   7  17   0   2  23   8   0   0   5   3   0   3   7  13   0   0   2   2  0.30 0.21
  240 N    -1  -1   4   2  -3  -2   0   1   2  -2  -4  -1  -3  -2   1   2   0  -4   0  -3    2   2  30  10   0   0   5   8   4   2   1   2   0   2   8  15   5   0   3   1  0.42 0.26
  241 V     1  -2  -1  -1   1  -1   0   2  -2   0  -1  -1  -1   1  -2   0  -1  -2   0   2   10   1   2   2   3   1   9  18   0   5   4   2   1   8   1   8   3   0   4  18  0.10 0.11
  242 E    -1  -1  -1   1  -2   1   4   3   0  -2  -2  -1  -3  -2  -2   0  -2  -3   1  -1    2   3   2   7   1   6  29  22   2   1   3   2   0   1   1   6   1   0   5   5  0.35 0.22
  243 E    -1   0   0   1  -4   1   4   0  -2  -2  -3   1  -3  -1  -2   0  -1  -3  -3  -1    3   4   3   8   0   5  40   7   0   2   2  11   0   4   1   4   2   0   0   4  0.44 0.26
  244 E     0   0   2   1  -3   1   4  -1  -1   0  -2  -1  -2  -1  -2  -1  -1  -3  -1  -1    6   5  10   7   0   5  35   3   1   6   3   2   0   3   1   3   2   0   3   4  0.33 0.22
  245 E     0   0   2   3  -3   1   4  -1  -2  -2  -2  -1  -1  -3  -1   0  -2  -3  -1  -2    7   4   9  16   0   7  31   3   0   2   4   1   2   0   2   5   1   0   3   3  0.36 0.23
  246 E     0   0   0   2  -1   1   3   2  -2  -3  -1   0  -2  -3  -1  -1  -1  -3  -1  -1    8   4   3  15   1   5  22  16   0   0   6   4   0   0   3   1   3   0   3   6  0.23 0.18
  247 E    -1  -1   1   1  -3   0   4  -1  -1  -2   0  -1  -2  -2  -2   1   0  -3  -3  -1    4   1   5   7   0   3  34   5   1   2  10   2   0   1   1  12   6   0   0   5  0.30 0.22
  248 T     1  -1   0   0   0   0  -1   0   1   0  -1  -1   0  -2  -1   1   1  -3  -1   1   10   3   3   5   3   5   3   8   4   4   5   2   2   1   2  18   7   0   2  13  0.06 0.08
  249 E     0   1   1   1  -4   1   4   1  -1  -2  -2   0  -3  -4  -1   0  -2  -4  -3  -3    6   7   5   7   0   5  36  13   1   2   5   3   0   0   2   4   1   0   0   1  0.39 0.24
  250 D     0  -1   1   5  -4  -2   1   0  -3  -3  -3  -2  -3  -1  -3   0   0  -4  -3  -2    6   3   6  44   0   0   8   8   0   1   2   1   0   3   1   7   7   0   0   3  0.63 0.31
  251 Y     0   0   0   1  -2  -1   0  -1   0   0   0  -2  -1   2  -2   0  -1   1   3   0    6   6   4   9   0   0   6   3   3   5  11   1   0   9   1  10   2   2  13  10  0.09 0.11
  252 S     1   0   2  -1  -3  -2  -1  -1  -2  -2   0  -1  -2  -2  -2   4  -1   1  -1  -1   10   7   9   2   0   0   3   4   0   0  13   1   0   1   1  38   2   2   2   5  0.30 0.26
  253 Q     1   1   0   0  -3   3   1  -1   1  -3  -2   1  -1  -4   1   0  -1   1  -3  -2   16   8   5   5   0  20  11   4   3   0   2   6   1   0   6   6   3   2   0   3  0.26 0.20
  254 G     1  -3   2   2  -4  -1   2   3  -3  -4  -4  -1  -3  -4  -2   0  -2   4  -3  -3   11   0   9  11   0   2  17  29   0   0   1   2   0   0   1   6   1   7   0   2  0.52 0.29
  255 D    -3  -2   2   5  -4  -2   3   0   1  -4  -2  -2  -4  -4  -3   0  -3   0   1  -4    1   2  11  40   0   0  18   6   4   0   4   0   0   0   0   5   0   1   6   0  0.74 0.37
  256 C     0  -2  -1  -1   4  -2  -1  -1  -3  -1   2  -1   0  -1  -3   2   0   0  -1   0    8   2   2   2  13   0   5   4   0   2  21   3   1   2   1  18   4   2   2   8  0.18 0.17
  257 V     1  -2  -2   0  -2  -2  -1   0  -3   0  -1   0  -1   0  -1   0   0   3  -1   3   10   1   1   5   0   0   3   6   0   2   4   8   1   5   2   5   6   4   2  33  0.16 0.17
  258 E     0   0  -1   1  -4   0   4   0   0  -4  -4   3  -3  -4  -1   0  -2   0  -3  -2    8   3   2   7   0   2  32   7   2   0   1  21   0   0   3   6   0   2   0   3  0.45 0.28
  259 E    -2  -1   1   2  -5   0   6  -1  -3  -2  -4   0  -4  -5  -3  -2  -2  -1  -4  -2    2   2   6  11   0   2  57   4   0   3   1   4   0   0   0   2   2   1   0   3  0.92 0.45
  260 S     0   0   2   1  -4  -1   3   0  -1  -4  -3   1  -2  -3  -2   3  -2  -4  -3  -2    5   3  11   6   0   1  24   7   1   0   2  11   1   1   1  24   0   0   0   2  0.39 0.27
  261 Q    -1   3   0  -1  -4   2   1  -2   3  -1  -2   3  -2  -3  -1   1  -2  -1  -2  -3    2  16   4   2   0   8  11   2   8   4   4  25   0   0   2  10   0   1   0   0  0.36 0.20
  262 I    -1  -1   0   0  -1  -1   1  -1  -1   1  -1   0   0   0  -2   1  -1   3   0   2    2   2   6   6   1   2  10   4   1  13   2   5   1   5   0  14   2   4   3  18  0.08 0.10
  263 K    -2   0   1   2  -4   0   3  -1   0  -3  -3   4  -3  -4  -2   0  -1   1  -3  -2    2   3   5  10   0   0  27   3   2   1   1  31   0   0   1   6   3   2   0   2  0.49 0.24
  264 S     0  -1   5   0  -3  -1  -1  -1   1  -1  -3   0  -3  -3  -2   2  -1  -3  -1  -2    8   2  36   2   0   1   3   4   4   4   1   7   0   0   1  20   1   0   2   3  0.45 0.23
  265 N    -2   0   5   2  -4   1  -1   0   5  -2  -4   0  -3  -4  -1  -1  -2  -4  -2  -3    1   4  37  11   0   6   3   7  16   3   1   4   0   0   3   3   1   0   0   1  0.64 0.28
  266 G    -1   1   0  -1   0   2  -1   4   2  -3  -3   0  -2  -3  -1  -1  -2   2  -2  -1    1   8   4   2   3  12   3  38   5   1   2   3   0   0   3   3   1   3   0   6  0.37 0.18
  267 S    -1  -1  -1   0  -1  -1  -1  -1   1  -1   0  -1  -1  -1   2   3   0   0   0   0    1   1   1   7   1   0   2   3   4   2   9   4   1   2  11  33   4   1   4   8  0.19 0.15
  268 S     0  -2   0  -2  -2  -1   0   0   3  -2  -1  -1  -1  -2   0   3   1   2  -1   0    4   1   2   1   0   2   5   6   9   1   4   3   2   1   3  38   6   3   2   7  0.26 0.18
  269 D     0  -1   0   4  -3  -1   1  -1  -1  -1  -2  -1  -2  -1   0   1   1  -3  -2  -1    8   1   1  32   0   1   9   3   1   3   4   1   0   3   5  13  11   0   0   3  0.30 0.14
  270 N    -1  -1   2   4  -3   0   1   0   0  -2  -2  -1  -2  -3  -2   1   1  -3  -3  -1    2   1  12  31   0   2   9   8   3   2   3   2   0   0   1  11   9   0   0   4  0.34 0.15
  271 L    -1   0   0   0  -1   2   0  -2   2   1   2   0   0  -1  -1  -1  -1  -1  -1  -1    2   5   3   4   2  14   5   2   7   8  29   7   2   1   2   4   1   1   0   1  0.10 0.09
  272 D    -3  -3   0   7  -4  -2   0  -3  -3  -1  -4  -2  -4  -4  -3  -1  -2  -5  -4  -1    1   0   2  78   0   0   4   1   0   5   1   0   0   0   0   2   0   0   0   5  1.31 0.36
  273 P    -1  -3  -3   0  -4   0  -1  -3  -1  -4  -3  -2  -3  -4   7  -1  -1  -4  -4  -2    5   0   0   4   0   5   3   0   2   0   2   0   0   0  68   3   3   0   0   2  1.51 0.35
  274 L    -2  -3  -3  -4  -2  -3  -3  -4  -3   1   4  -3   2   2  -3  -1  -2   0   2   1    2   0   0   0   0   0   0   0   0   5  59   0   4   7   0   4   0   1   8   6  0.52 0.20
  275 I     2  -3  -3  -2  -2  -2  -2  -2   1   2   1  -2   0  -1  -3  -1   0  -3  -2   2   21   0   0   2   0   0   2   1   4  17  17   1   1   1   0   3   7   0   0  22  0.20 0.13
  276 V    -2  -1  -1   3  -4   1   5   0  -2  -1  -2   0  -3  -4  -3  -2  -2  -4  -3  -1    0   1   1  14   0   5  53   7   0   4   4   5   0   0   0   0   0   0   0   5  0.62 0.26
  277 A     3  -3  -1  -2  -2  -2  -2  -1  -3  -4  -4  -2  -3  -4   1   5   0  -4  -3  -3   22   0   0   0   0   0   0   2   0   0   0   0   0   0   5  68   2   0   0   0  0.87 0.34
  278 V    -1  -3  -3  -3  -2  -2  -1  -4  -3   4   2  -3   2   1  -3  -1  -1  -3  -2   2    2   0   0   0   0   0   7   0   0  46  17   0   6   6   0   6   0   0   0   9  0.40 0.18
  279 N     0   1   2   0  -2   0  -1  -1   0   0   0  -1  -1   1  -2   1   1  -2   0   0    6   9  13   5   0   2   3   2   3   5  11   0   0   7   0  18   7   0   4   5  0.07 0.06
  280 S     0  -1   1  -1   0  -1  -1   1  -2  -2   0  -1   0  -3  -1   3   1  -3  -2  -2    7   1   9   3   2   2   0   8   0   0  10   2   4   0   1  41   9   0   0   0  0.26 0.15
  281 F    -3  -3  -4  -4  -3  -3  -4  -4  -3   0   4  -3   1   3  -4  -3  -2   4   1  -1    1   0   0   0   0   0   0   1   0   0  66   0   3  15   0   1   0   7   4   0  0.73 0.24
  282 Q    -1   1  -1   1  -4   5   2  -3   4  -3  -1   0  -2  -3  -3  -1  -2  -3  -2  -3    5   8   0   7   0  41  10   0  14   0   9   4   0   0   0   2   0   0   0   0  0.56 0.23
  283 T     2   0   0  -2   1  -1  -1  -2  -1  -1   0  -1   0  -2  -2   3   1  -3  -2   0   24   4   3   0   3   0   2   0   1   2   8   2   1   0   0  29  11   0   0   8  0.21 0.13
  284 L     2  -2  -2  -3  -2  -2  -2  -2  -3   0   2   0   0  -2  -2   0   1  -3  -2   2   29   0   0   0   0   0   0   0   0   2  22   7   0   0   0   8  11   0   0  19  0.21 0.14
  285 Q    -3   0  -2  -2  -5   7   2  -4   1  -4  -4   1  -2  -5  -3  -2  -2  -4  -3  -2    0   3   0   0   0  73  12   0   3   0   0   7   0   0   0   0   0   0   0   3  1.28 0.41
  286 E    -2  -2  -2   2  -5   2   6  -4   0  -5  -3   0  -4  -5  -3  -2  -3  -5  -4  -4    1   0   0   8   0   6  79   0   1   0   2   3   0   0   0   0   0   0   0   0  1.25 0.38
  287 A     5  -2  -1  -3  -2  -2  -1  -2  -3  -1  -3   1  -2  -4  -2   0  -1  -4  -3   0   72   0   2   0   0   0   4   0   0   2   0   9   0   0   0   1   2   0   0   8  0.68 0.29
  288 L    -3  -4  -5  -5  -3  -4  -4  -5  -4   1   5  -4   1   0  -4  -4  -3  -3  -2   1    0   0   0   0   0   0   0   0   0   5  87   0   0   2   0   0   0   0   0   6  1.05 0.33
  289 Q    -1  -2  -1   2  -4   2   6  -2  -2  -3  -4   0  -3  -4  -3  -2  -2   3  -3  -3    4   0   2   7   0   8  65   2   0   2   0   2   0   0   0   0   0   5   0   0  0.90 0.30
  290 K     0   1   1   1  -2   1   1   0  -1   0  -1   1  -1  -2  -2   1   1  -3  -2  -1    8   8   8   8   0   8   8   8   0   8   8   8   0   0   0   8   8   0   0   0  0.10 0.08
  291 E    -1   0  -1  -1  -2   0   1  -2  -1   1  -1   1  -1   2   3  -1  -1  -1   0   0    1   1   1   1   0   1  18   1   0  18   2  18   0  17  18   1   1   0   1   1  0.19 0.04
  292 L    -2  -3  -3  -3  -2  -3  -3  -3  -3   4   2  -3   1   1  -3  -2  -1  -2  -1   3    1   1   1   1   0   1   1   1   0  34  19   1   3   7   1   1   1   0   0  27  0.44 0.15
  293 Q    -1   1  -1  -1  -3   5   2  -2   0  -3  -1   2  -2  -3  -2   0  -1   1  -1  -3    2   4   1   1   0  44  12   1   2   1   5  14   0   0   1   6   3   2   2   1  0.53 0.20
  294 K    -1   1   1  -1  -3   1   1  -2   0  -3  -3   5  -1  -3  -2   0   0  -3  -2  -1    1   3   9   1   0   3   6   1   2   1   1  55   2   0   1   5   4   0   0   6  0.51 0.20
  295 F    -2  -3   0  -3  -3  -3  -3  -3  -2   1   2  -3   0   6  -3  -3  -2   2   2  -1    1   1   7   1   0   1   1   1   0  11  21   1   0  46   1   1   1   3   3   1  0.59 0.20
  296 Q    -1   2   0  -1  -2   1   1   1  -1  -1  -2   1   0  -2  -2   1   0   1  -2   0    2  17   4   1   0   9   9  13   0   3   2   9   3   0   1  11   3   3   0   8  0.14 0.07
  297 E    -1  -1  -1   3  -3   1   5  -2  -1  -3  -3  -1   0  -2  -2  -1  -2  -3  -3  -2    4   1   1  18   0   2  57   3   0   1   1   1   3   2   1   1   1   0   0   3  0.69 0.23
  298 L    -2  -3  -3  -3  -2  -3  -3  -3  -3   5   2  -3   1  -1  -3  -2   0  -3  -2   2    1   1   1   1   0   1   1   1   0  47  22   1   4   0   1   1   6   0   0  14  0.49 0.17
  299 G     0   1  -1  -1  -3  -2   0   5  -2  -3  -3  -2  -3  -3  -3   0  -2  -3  -3  -3    4  11   1   3   0   1   7  62   0   2   1   1   0   0   1   5   1   0   0   1  0.79 0.24
  300 K     0   1   1  -2  -3   0   0  -2  -2  -1  -2   5  -2  -3  -2   0   0  -3  -3  -2    6   4   8   1   0   0   3   2   0   5   2  52   0   0   1   8   4   0   0   2  0.47 0.22
  301 E    -2  -2  -1   2  -4   1   6  -1  -2  -3  -1   0  -3  -4  -2  -2  -2  -4  -3  -1    1   0   2  11   0   2  64   4   0   0   6   3   0   0   0   1   1   0   0   4  0.83 0.30
  302 E     0   1   0   2  -2   0   1  -1   0  -1  -1   0   1  -1   1   1   0  -2  -1  -1   10  11   3  13   1   4  12   2   2   2   4   2   7   2   7  10   6   0   1   2  0.12 0.05
  303 P     0  -1  -1   0   1  -1   2  -1  -1   0   0  -1   0  -1   4   0   0  -2  -2  -1    5   2   3   5   4   1  16   4   1   5   8   2   2   3  22   5   6   0   1   5  0.23 0.09
  304 I     0  -2  -2  -1  -2  -1  -1  -1  -2   2   1   0   1   1  -2   0   0  -2  -1   2    4   1   1   4   0   1   5   4   1  17  10   7   3   7   1   6   3   0   1  24  0.10 0.08
  305 T     0  -1   1   1  -2   2   0  -1   0   0   0  -1   0  -1   1   1   1  -2  -1   0    4   3   7   7   0  14   3   2   3   7   9   1   1   2   7  14   8   0   2   7  0.09 0.07
  306 S     0  -1   0   1  -2   0  -1  -1   0  -1  -1   1  -2  -1   2   3   0  -3  -2  -1    3   2   4   8   0   3   1   3   2   3   6  13   0   2  10  32   4   0   1   3  0.23 0.15
  307 L    -1  -1  -1   0  -1  -1   0  -2   0   1   3  -2   0   1   1  -1   0  -2  -1   0    5   2   2   7   1   2   6   2   3   6  35   1   0   5   6   5   4   0   1   5  0.11 0.10
  308 H    -1   1   1   2   0   0   0  -1   3  -2  -1  -1  -1   0   0   0  -1  -2   0  -1    5   8   5  18   3   5   5   5  13   2   9   1   1   5   5   4   2   0   2   3  0.14 0.10
  309 D    -2  -1   1   6  -4  -2   2   0  -2  -4  -4  -1  -3  -4  -1   1  -1  -4  -4  -4    2   2   6  52   0   1  10   7   0   1   1   2   0   1   2   9   3   0   0   1  0.83 0.32
  310 G     0  -1   1   2  -2  -1   0   2   1   0  -1   0  -1  -1  -1   1  -1  -3  -2   1    4   1   7  13   0   1   4  18   4   5   4   7   0   2   2  10   2   0   1  15  0.11 0.09
  311 G     1  -2   0   1  -1  -1   0   3  -2  -1  -2  -1  -1  -3   0   2   0  -3  -2  -2    9   1   5   7   1   1   4  25   0   4   4   1   2   1   4  20   6   0   1   2  0.24 0.14
  312 E    -1  -1   0   2  -2   0   2  -1  -2   0  -1   2  -2   0  -2   0   0   0  -2   0    4   1   3  11   0   1  20   3   0   7   3  17   0   6   1   6   6   1   1   7  0.16 0.13
  313 S    -1  -1   2   0   1   0   1  -2   1  -1  -2   0  -2  -1   1   2   0   3  -1   0    4   2  11   4   3   3   9   2   4   3   2   6   0   2   7  19   4   4   1  10  0.14 0.11
  314 S     1  -1   0   0   1   0   0   0  -1  -1  -2  -1   0  -1   0   3   0   1  -1  -1   10   2   4   6   4   3   4   6   1   4   3   2   2   3   4  30   6   2   2   4  0.15 0.12
  315 S     0   0   2   1  -2   0   1  -1  -1  -2  -2   0   0  -2   0   3   0  -2  -2  -1    6   3   9   6   1   2   9   3   1   2   4   5   2   1   3  33   4   0   1   4  0.23 0.15
  316 C     0  -1   0   1   3  -1   0   0  -1   0  -1  -1  -1   0   1   1   0  -2  -1   0    6   2   5  11   9   2   5   7   1   6   3   2   1   6   7  16   4   0   1   6  0.10 0.07
  317 I     0  -1   0   0   0  -1  -1  -1  -1   2   0  -1   1   0   0   1   0  -2  -1   1   10   2   5   4   2   1   2   3   1  15   9   4   4   5   3  12   5   0   1  11  0.04 0.05
  318 H     0   0  -1   1  -2   0   1  -2   5  -2  -2  -1  -2  -1   2   1   0  -2   1  -2    5   5   1   8   1   4   9   2  20   2   4   2   1   2  10  15   5   0   5   2  0.29 0.14
  319 A     1  -1   0   0   0   0   0   0   0  -1  -1  -1  -1  -1   2   1   0  -2  -1   0   17   2   3   7   2   3   6   7   3   3   6   2   1   3   9  15   3   0   1   7  0.09 0.05
  320 G     0  -1   1   1  -2   0   0   3   0  -1  -1  -1  -1   0  -1   1  -1  -1  -1  -1    7   2   5  10   1   3   5  28   2   2   5   2   1   4   2   9   3   1   1   5  0.16 0.07
  321 H    -1  -1   1   1   0   0   0  -1   3  -1  -1  -1  -1   0   0   1   0  -1   0  -1    3   3   7  11   2   3   7   5  12   3   6   2   1   6   3  11   8   1   4   3  0.10 0.06
  322 E     0   0  -1   1  -2   0   2   0   0  -1  -1   0  -1  -1   1   1   1  -2  -1  -1    6   4   2   7   1   3  18   5   2   4   6   3   2   2   7   9  11   1   3   4  0.10 0.05
  323 G     0   0   0   1  -2   0   0   2  -1  -1  -2  -1  -1   1   0   1   0   1  -1  -1    5   4   4   9   1   4   7  22   1   2   3   3   1   7   4   9   6   2   1   6  0.11 0.06
  324 A     1  -1   0  -1  -1   0   0  -1   0   1   0  -1   0   0   0   0   1   1  -1   0   13   2   4   3   1   3   7   4   3  10   9   2   1   5   5   7  10   2   1   6  0.03 0.03
  325 S     0  -1   1   2   0   1   0   0   1  -2  -1   0  -1  -1   1   1   1   0  -1  -2    4   2   7  15   2   7   6   6   5   2   5   4   1   2   6  14   8   2   1   2  0.13 0.07
  326 E    -1   0   1   0  -2   0   4  -1  -1  -2  -2   1  -2  -2   2   1  -1  -2  -2  -1    2   4   6   2   1   1  36   4   1   2   3  11   1   1   9   9   2   0   1   4  0.35 0.17
  327 A     1  -1  -1   0  -2   0  -1   0  -2   0  -1  -1  -1   0   2   2   0   2  -1  -1   12   2   1   5   1   4   3   7   1   5   7   2   1   4  11  21   6   3   1   3  0.13 0.09
  328 S    -1  -1   2  -1   1  -1  -1  -1  -1  -1  -2  -1  -2  -2   0   4   1  -2  -1  -1    2   2  10   3   4   2   2   2   1   5   4   2   1   2   4  39   9   0   2   4  0.30 0.18
  329 S    -1  -1   0   0   0   1   1  -1   0  -2   0  -1  -1  -1   0   3   1  -2  -2  -2    2   2   5   3   2   9   8   3   2   2   9   3   1   2   4  34   7   0   1   2  0.22 0.15
  330 S     0  -1   0  -1  -1   0   0  -1  -1  -2  -2  -1  -2  -2   1   4   0  -2  -2  -2    6   2   3   3   1   5   7   5   1   2   3   2   1   1   8  43   5   0   1   2  0.36 0.18
  331 Y    -1   0   0   2   0   0   1   0   2  -2  -1   0  -1   0   0   0  -1   0   1  -1    5   6   4  18   3   5   7   7   6   2   4   5   2   4   3   6   2   1   5   4  0.09 0.05
  332 R    -1   1   0   0  -2   4   0  -1   2  -1   0   0   0  -1  -1   0  -1   0  -1  -1    3   8   3   4   1  26   4   3   7   2  10   5   2   2   2   8   2   1   2   4  0.19 0.11
  333 F    -1  -1  -1  -1  -1  -1  -1  -1  -1   0   1  -1   0   3   0   1  -1  -1   0  -1    5   2   2   4   1   3   3   4   1   5  18   2   2  21   4  15   3   1   2   3  0.12 0.08
  334 G     0  -1   0   1  -2   0   0   3   0  -2  -2   0  -2  -1   0   0  -1  -2  -2  -2    7   3   3  10   1   5   6  29   3   2   3   5   1   3   4   8   2   1   1   2  0.21 0.09
  335 S     1  -1   1   0  -2   0   0  -1  -1  -2  -2   0  -1  -2   0   3   0  -2   1  -1   12   2   9   4   1   3   6   3   1   2   4   5   1   1   5  32   2   0   5   3  0.20 0.12
  336 E     0   1   0   1  -2   1   3  -1  -1  -2  -1   1  -1  -1  -1   0  -1  -2  -1  -1    6   6   4   9   1   7  30   4   1   2   5   8   1   3   2   4   3   0   1   3  0.23 0.11
  337 K    -1   1   2   1   0   1   2  -1   1  -2  -2   1  -1  -1   0   0   0  -2  -1  -1    4   6  10   9   2   5  15   4   3   2   4  13   1   3   3   5   4   0   2   4  0.14 0.06
  338 M    -1  -1  -1  -1  -1   1  -1   0  -1   2   0  -1   2   1  -1   0   1  -1  -1   0    4   3   3   3   1   8   3   6   1  18   7   2   7   6   3   9   9   0   1   3  0.04 0.06
  339 G     0   1   0   1  -2   0   0   2   0  -2  -2   1  -1  -2  -1   1   0  -2  -1  -1    8  11   4   9   1   3   5  20   2   2   3   8   2   1   2   9   4   0   1   4  0.13 0.05
  340 E    -1   0   0   1  -2   3   4  -1  -1  -2  -2   0  -1  -2  -1  -1  -1   0  -2  -1    3   3   4   6   1  19  31   5   1   2   3   4   1   1   2   4   2   2   1   6  0.32 0.14
  341 M     0  -1   0  -1  -1  -1   0   0   1   1   0   0   0  -1  -1   0   1  -2  -1   0    6   3   3   2   1   1   5   7   4  12  12   4   2   3   2   9  15   0   2   5  0.03 0.04
  342 E     1   0   1   1  -1   1   2   0   0  -2  -2   0  -1  -1  -1   1   0  -2  -1  -1   12   4   6   8   1   6  14   5   2   1   3   3   1   4   2  16   5   0   1   6  0.11 0.07
  343 L    -1  -1  -1  -2  -2  -1  -1  -2   0   0   2  -1   0   2  -1   2   0   3  -1   0    2   3   3   2   1   3   2   2   3   4  25   2   1   9   3  23   3   4   1   5  0.13 0.11
  344 T     0  -1   1   0  -1  -1  -1   0   0  -1  -2  -1  -2  -2   2   3   2  -3  -2  -1    5   2   9   3   1   1   1   7   3   3   4   2   0   1  10  26  17   0   1   5  0.24 0.15
  345 S    -1  -2   0   0  -2  -1   0  -2   0  -3  -3  -1  -2   0   1   5  -1  -2   2  -3    3   1   3   4   0   1   7   1   2   1   2   2   0   5   7  51   1   0   7   1  0.50 0.27
  346 L     0  -2  -2  -2  -2  -1  -1  -2  -2   1   3  -1   1   0  -1   1  -1  -2  -2   1    5   1   1   1   0   3   2   1   0   5  40   5   3   3   3  13   1   0   1  11  0.22 0.15
  347 D    -2  -1   0   3  -4   0   5   1   0  -3  -2  -1  -3  -4   0  -1  -1  -3  -3  -3    1   1   3  19   0   1  44  10   2   1   3   2   0   1   4   2   3   0   0   1  0.61 0.27
  348 S     1  -1  -1   1  -2  -1   2  -1  -1  -2  -2  -1  -1  -1   1   2   1  -3  -2   0   14   2   2   6   0   0  15   2   1   2   2   2   1   3   7  25   6   0   0   9  0.21 0.16
  349 E    -2   1  -1   2  -4   4   3  -2   1  -4  -3   2  -3  -4   0   0  -1  -4  -3  -3    1   6   2  12   0  22  25   1   4   0   1  11   0   0   4   7   2   0   0   1  0.51 0.25
  350 I    -1  -2  -3  -3  -2  -3  -1  -3  -3   4   1  -2   2  -1  -3  -2   0  -3  -2   4    4   2   0   1   0   0   3   1   0  26   8   3   6   2   1   3   4   0   0  36  0.44 0.22
  351 L    -1  -1  -3  -1  -2  -1   0  -3  -2   1   3  -2   0   1  -3  -1  -1  -2  -1   2    5   4   1   3   0   2   7   1   1   4  40   1   0   7   1   5   1   0   2  18  0.24 0.16
  352 N    -1  -1   2   1  -1   0   3  -1   0   0  -3   1  -1  -3  -2   2   0  -3  -3  -2    2   1  13   5   1   2  23   4   1   6   1   7   1   0   1  24   6   0   0   2  0.30 0.18
  353 L    -2  -3  -4  -4  -3  -2  -2  -4  -3   1   5  -3   2  -1  -2  -2  -2  -3  -2   0    2   1   1   1   0   1   2   1   0   5  68   1   4   1   2   3   2   0   0   6  0.73 0.29
  354 V    -1  -1   3   0   0   0   1  -2  -1  -1  -2   2   0  -3  -2   1   2  -3  -2   0    1   1  16   3   3   2  10   1   0   2   2  20   2   1   1   9  15   0   1   9  0.23 0.15
  355 N    -1   0   1   0  -3   5   3  -1   2  -2  -3   0  -2  -3  -2   0   0   0  -2  -3    3   2   8   3   0  31  21   3   5   2   1   5   0   1   1   6   6   1   0   1  0.47 0.23
  356 N    -2   1   4  -1  -2  -1   0  -2   1  -3  -3   4  -2  -3  -2   0   0  -3  -3  -3    1   7  23   2   1   1   6   1   3   1   1  39   1   1   1   7   4   0   0   1  0.57 0.26
  357 V    -2  -3  -3  -4  -2  -3  -3  -4   0   4   1  -3   3   1  -3  -3  -1  -3  -2   4    1   1   1   1   0   1   1   1   2  23  10   1  10   5   1   1   1   0   0  40  0.58 0.25
  358 E    -1   1   2  -1  -3   1   3  -2   0  -1  -2   3  -2  -3  -2   0  -1  -3  -1  -2    2   5  11   1   0   5  19   2   2   6   3  29   0   0   1   8   3   0   2   1  0.34 0.19
  359 H    -2   0   0  -1   1   1  -2  -3   6   0   1  -1   0  -1  -2   0  -1  -3   1  -1    1   5   3   4   3   7   1   1  27   6  16   1   3   2   1   9   2   0   6   3  0.31 0.20
  360 L    -2  -4  -4  -4  -3  -3  -4  -4  -4   1   5  -4   2   0  -4  -1  -3  -3  -3   0    2   0   0   0   0   1   0   1   0   4  73   0   5   3   0   4   0   0   0   3  0.91 0.36
  361 E    -3  -1  -1  -1  -5   3   6  -2  -2  -5  -5   1  -4  -5  -1  -1  -3  -5  -4  -4    0   1   2   0   0  11  69   2   0   0   1   6   0   0   3   2   0   0   0   0  1.23 0.47
  362 I    -1  -1   1  -2   2   1  -1  -1   2   1  -1  -1  -2  -2  -3   3   0  -1  -1  -2    2   2   8   1   5   9   2   3   6  14   4   2   0   1   0  34   4   1   2   0  0.25 0.21
  363 K    -3   2  -1   0  -4   0   0  -3  -3  -4  -3   6  -2  -4  -3  -1  -1  -4  -4  -4    0  10   1   4   0   2   5   0   0   0   2  65   1   0   0   4   3   0   0   0  1.00 0.41
  364 L    -3  -2  -4  -5  -3  -1  -4  -5  -4   1   5  -4   1  -1  -4  -4  -3  -3  -3   1    0   3   0   0   0   3   0   0   0   5  76   0   2   1   0   0   0   0   0   6  0.99 0.38
  365 E    -2  -2   1   1  -5   1   6  -1  -2  -4  -4   2  -3  -4  -3  -2  -3  -4  -2  -3    1   0   7   6   0   5  57   4   0   0   1  13   0   0   0   0   0   0   1   2  0.90 0.38
  366 E    -3  -2  -2   1  -5   0   6  -3   1  -4  -4   0  -4  -5  -3  -1  -1  -5  -4  -3    1   0   0   7   0   2  73   1   3   0   1   3   0   0   0   2   3   0   0   2  1.23 0.47
  367 A     5  -1  -3  -3  -2  -2  -1  -2  -3  -2  -1  -1  -1  -4  -3   1   1  -4  -3   0   60   2   0   0   0   0   3   0   0   0   6   2   1   0   0   9  10   0   0   5  0.66 0.35
  368 K     1   3   0  -1  -3   1  -1  -2  -2  -3  -2   1  -1  -2  -3   3   1  -4  -3  -2   11  21   3   2   0   5   2   2   0   0   4   5   2   1   0  29   9   0   0   3  0.32 0.21
  369 R     2   1   1   1  -1   0  -1   0  -2  -2  -1  -1   1  -3  -2   1   1  -3  -3  -1   25  12   8   9   1   3   2   6   0   1   3   1   4   0   0  11   7   0   0   5  0.17 0.14
  370 I     0  -2  -2  -2  -2  -1  -2  -3  -3   2   2  -2   3  -1  -3  -1   2  -3  -2   1    9   1   1   2   0   3   1   0   0  10  26   0  12   1   0   2  17   0   0  12  0.27 0.18
  371 L    -3  -4  -5  -5  -3  -4  -4  -5  -4   4   4  -4   1   0  -4  -4  -3  -4  -3   2    0   0   0   0   0   0   0   0   0  33  45   0   3   3   0   0   0   0   0  13  0.85 0.33
  372 E    -1   2   2   0  -4   2   3  -3  -2  -1  -3   3  -3  -4  -1  -1  -1  -4  -3  -2    5   8  10   4   0   7  26   0   0   4   0  25   0   0   3   2   3   0   0   2  0.44 0.23
  373 V     1  -2  -2   0   0   0   3  -3  -3  -1   1  -1   0  -2  -3   0   0  -3  -3   2   12   0   0   5   2   3  23   0   0   0  17   1   1   1   0   9   3   0   0  22  0.22 0.19
  374 K    -3   1  -2  -1  -5   1   0  -2  -3  -4  -3   7  -3  -5  -3  -2  -3  -5  -4  -2    0   4   0   3   0   5   4   3   0   0   2  74   0   0   0   1   0   0   0   2  1.24 0.48
  375 E    -1  -1   0   5  -5  -1   5  -2  -2  -5  -4  -2  -4  -5  -3  -1  -3  -5  -1  -4    5   3   4  31   0   0  47   2   0   0   1   1   0   0   0   2   0   0   3   0  0.99 0.40
  376 T     2  -3  -1  -1   0  -2  -2  -2  -3  -3   0  -1  -1  -3  -3   5   1  -4   0  -3   18   0   2   3   2   0   0   0   0   0   9   3   1   0   0  51   7   0   3   0  0.58 0.34
  377 Q    -3   6  -2  -1  -5   2   0  -4   1  -4  -3   3  -1  -5  -1  -2  -2  -5  -3  -3    0  50   0   3   0   7   5   0   3   0   2  23   2   0   2   0   2   0   0   1  0.95 0.39
  378 I    -3  -4  -2  -2   1  -4  -4  -2  -4   5   1  -4   0  -2  -4  -3  -1  -4  -1   3    0   0   2   3   3   0   0   3   0  48  12   0   1   0   0   0   3   0   2  21  0.67 0.30
  379 R     1   1  -2  -2  -2   1  -1  -2   0   1   1  -1  -1  -1  -2   2   1  -3  -1   0   14  10   0   0   0   6   2   0   2   7  20   0   0   2   0  19   8   0   1   7  0.15 0.15
  380 E    -2  -2  -1   1  -5   1   7  -4  -3  -5  -5   1  -4  -5  -2  -1  -3  -5  -4  -4    2   0   1   5   0   3  75   0   0   0   0   7   0   0   1   3   0   0   0   0  1.37 0.50
  381 L    -2  -4  -5  -5  -3  -4  -3  -5  -5  -1   6  -4   2  -2  -5  -4  -1   1  -3  -1    2   0   0   0   0   0   2   0   0   0  83   0   4   0   0   0   3   2   0   2  1.19 0.45
  382 E    -3   0  -2   2  -5   3   6  -1  -2  -5  -5   0  -4  -5  -3  -2  -3  -5  -4  -4    0   4   0   8   0  14  62   5   0   0   0   3   0   0   0   0   0   0   0   0  1.14 0.44
  383 S     3  -2   0   0  -1  -2  -1  -2  -3  -1  -3  -1  -2  -3  -2   3   2  -4  -2  -1   33   0   4   4   1   0   3   1   0   3   1   3   0   0   0  26  15   0   1   4  0.39 0.24
  384 T     0  -2  -1  -2  -2   0   0  -3  -3   2   1  -2   0  -2  -2   1   3  -3  -2   0    9   1   3   0   0   3   5   0   0  16  13   0   2   0   1   9  30   0   1   4  0.26 0.20
  385 I    -1  -3  -3  -3  -2  -2  -3  -3  -3   4   3  -1   1  -1  -2   0   0  -1  -2   1    2   0   0   1   0   1   1   1   0  29  32   3   2   1   1   8   6   1   0   9  0.37 0.20
  386 N    -2  -1   4   2  -3   1   1   0   0  -2  -2   0  -2  -3  -2   1   0  -4  -3  -3    1   3  32  10   0   8   8   8   1   3   5   4   1   0   1  11   3   0   0   1  0.37 0.20
  387 V    -1  -1   0  -1  -1   0  -1  -1   0   1   1   0  -1  -1   0   1   1  -3  -2   0    1   3   3   2   1   6   3   4   3   8  19   4   0   1   4  18  11   0   0   8  0.08 0.10
  388 S     1   0   0  -1  -2   2   0   0  -2  -2  -2   0  -1  -3  -1   3   1  -3  -3  -1   13   4   4   1   0  10   3   5   0   2   3   6   1   0   2  34   9   0   0   3  0.28 0.18
  389 E    -1   0   1   1  -3   2   4  -1   3  -3  -3   2  -2  -3   0  -1  -1  -1  -2  -3    3   4   6   9   0   9  31   3   7   1   2  12   0   0   3   3   3   1   0   1  0.39 0.19
  390 T     0   1  -1  -1  -2   0   0  -1   1  -1  -1   2   0  -1   1   1   1  -2  -2  -1    7   7   1   1   0   2   7   3   5   4   7  15   2   2   8  16   8   0   1   3  0.12 0.08
  391 C     0  -1  -1  -2   5   0   0  -1  -1  -2  -1   1  -1  -2   3   1   0   0  -2  -1    5   3   2   1  17   3   7   3   1   2   5  11   1   1  15  12   7   1   1   3  0.28 0.14
  392 N    -1   0   3  -1   1   0   0  -2   1  -2  -2   2  -2  -2  -1   1   1   1   0  -2    5   2  21   1   4   4   4   2   4   1   4  20   0   2   2   8   9   2   3   1  0.22 0.14
  393 G     0   1   0   0  -2   0   1   2  -1  -2  -1   0  -1  -2   0   1   0  -2  -2  -1    5   7   5   5   0   4  11  23   1   2  10   7   1   1   3  10   3   0   1   2  0.14 0.07
  394 G    -1   0   1   2  -2   1   2   2  -1  -2  -1   0  -2  -2  -2   1   0  -3  -1  -2    2   4   5  11   0   8  19  16   0   1   7   4   0   1   1  12   3   0   2   3  0.20 0.11
  395 T    -1  -2  -2  -2  -2  -2  -1  -3  -3   2   2  -2   3  -1  -2   1   3  -3  -2   1    2   0   1   1   0   0   4   1   0  12  19   2  12   1   1  10  22   0   0  10  0.26 0.18
  396 E    -1  -1  -1   0  -4   3   5  -3  -1  -2  -3   1  -2  -4  -2  -1  -1  -4  -3  -2    3   1   2   2   0  12  58   0   0   3   1   9   0   0   1   1   3   0   0   2  0.71 0.22
  397 I     0  -1  -1  -2   0  -1   0  -2  -2   1   0   0   1   0  -1   1   2  -2  -1   1    9   1   2   0   2   0   6   1   0  17   8   5   4   3   1  16  16   0   2   6  0.08 0.07
  398 G     0  -1   1   3  -3   0   4   0   0  -3  -3  -1  -3  -3  -2   0  -1  -3  -3  -1    6   0   6  22   0   2  41   7   2   0   1   2   0   0   0   4   1   0   0   5  0.49 0.16
  399 I    -2  -3  -3  -4  -2  -2  -2  -4  -1   2   4  -3   2   0  -3  -2  -1  -2   1   1    1   0   0   0   0   0   2   0   2  15  56   0   4   3   0   1   3   0   5   8  0.41 0.13
  400 E    -1  -1  -1   3  -4   1   5  -3   0  -4  -4  -1  -3  -1  -2  -1  -2  -4  -3  -4    3   0   0  21   0   5  64   0   2   0   0   0   0   3   0   2   0   0   0   0  0.88 0.22
  401 D    -1   0   1   2  -1   2   2   2   1  -2  -2   0  -2  -3  -2   0  -1   1  -2  -2    2   5   6  16   1  13  17  19   4   2   2   1   0   0   0   8   0   2   0   1  0.27 0.08
  402 I    -2  -3  -4  -4  -2  -1  -3  -4   1   2   4  -3   1   1  -4  -3  -2  -3  -1   1    0   0   0   0   0   3   0   0   5  12  65   0   2   5   0   0   0   0   0   8  0.55 0.16
  403 F    -3  -4  -4  -2  -3  -4  -4  -4  -2   0   3  -4   0   6  -4  -3  -3  -1   2  -1    0   0   0   3   0   0   0   0   0   0  38   0   0  50   0   0   0   0   6   2  0.80 0.20
  404 Q    -2   3  -1  -2  -3   4   1  -1  -1  -2   0   3   1  -3  -2  -1   0  -3  -2  -2    0  21   0   0   0  26   8   4   0   0   8  21   6   0   0   0   5   0   0   1  0.38 0.13
  405 Q    -2   2  -1   0  -4   5   4  -3  -1  -4  -2   2  -2  -4  -2  -1  -2  -3  -3  -3    0  10   0   3   0  38  31   0   0   0   4  15   0   0   0   0   0   0   0   0  0.69 0.19
  406 K    -2   3   0  -2  -4   1  -1  -2  -2  -2  -3   6   0  -4  -2  -1  -2  -4  -3  -3    0  15   3   0   0   2   0   2   0   3   0  71   3   0   0   1   0   0   0   0  0.80 0.23
  407 V    -2  -3  -4  -4  -2  -3  -4  -5  -4   5   2  -3   4   0  -4  -3  -2  -3  -2   1    0   0   0   0   0   0   0   0   0  55  18   0  20   3   0   0   0   0   0   3  0.70 0.20
  408 E     0  -1  -2   1  -5   2   6  -3  -1  -4  -4  -1  -3  -5  -2  -1  -2  -4  -3  -4    7   0   0   4   0   5  84   0   0   0   0   0   0   0   0   0   0   0   0   0  1.17 0.28
  409 A     5  -3  -2  -3  -2  -2  -2  -1  -3  -2  -2  -2  -2  -2  -2   0   0  -4  -3   0   85   0   1   0   0   0   0   1   0   1   0   0   0   1   0   2   5   0   0   3  0.78 0.24
  410 E    -2  -2  -2   1  -5   1   7  -4  -2  -5  -4  -1  -1  -5  -3  -2  -2  -4  -3  -4    0   0   0   2   0   3  93   0   0   0   0   0   2   0   0   0   0   0   0   0  1.37 0.31
  411 I    -2  -4  -4  -4  -2  -3  -4  -4  -4   5   1  -3   0  -1  -4  -3   0  -4  -2   4    0   0   0   0   0   0   0   0   0  50   8   0   0   0   0   0   4   0   0  38  0.69 0.19
  412 E    -2   0  -1   0  -4   5   5  -1   0  -4  -4   1  -2  -4  -2  -1  -2  -4  -3  -3    0   2   0   0   0  33  53   4   2   0   0   5   0   0   0   0   0   0   0   2  0.85 0.23
  413 Y    -2  -3  -3  -4   7  -3  -3  -4   3  -1  -2  -3  -2   1  -4   0  -2   0   6  -2    0   0   0   0  30   0   0   0   8   3   0   0   0   3   0   7   0   0  48   1  1.07 0.25
  414 I    -3  -4  -4  -5  -3  -3  -4  -5  -4   2   5  -4   1   2  -4  -3  -1  -3  -2   1    0   0   0   0   0   0   0   0   0   8  67   0   2  10   0   0   5   0   0   8  0.73 0.24
  415 I     2  -3  -4  -4  -2  -3  -3  -3  -4   4   0  -3   2  -2  -3  -2   0  -4  -3   4   23   0   0   0   0   0   0   0   0  30   1   0   5   0   0   0   4   0   0  35  0.53 0.22
  416 F    -2  -3  -4  -4  -2  -1  -3  -4  -3   4   3  -3   4   1  -4  -3  -1  -3   0   1    0   0   0   0   0   3   0   0   0  28  36   0  19   5   0   0   2   0   3   4  0.56 0.20
  417 S     0  -1  -1  -2  -2  -1  -2  -2  -2  -2   0   0   1  -3  -2   2   4  -3  -1   0    7   2   0   0   0   2   0   0   0   0   8   7   5   0   0  22  41   0   2   4  0.39 0.20
  418 R    -2   6   0  -2  -4   0  -1  -2  -2  -2  -3   4  -2  -4  -3   0   0   0  -3  -3    0  51   2   0   0   1   1   2   0   3   0  27   1   0   0   4   6   1   0   0  0.81 0.27
  419 S     3  -2  -1  -2   0  -1  -1  -2  -3  -2  -2  -1   0  -3  -2   2   4  -4  -3   0   32   0   1   0   2   1   1   1   0   0   0   2   2   0   0  22  31   0   0   5  0.47 0.21
  420 V     1   1  -1  -2  -2  -1  -2  -2  -2   2   0  -1   2  -2  -2   1   2  -1  -1   1   11  10   2   0   0   0   0   0   0  19   6   0   7   0   0  11  17   1   2  12  0.16 0.11
  421 G     0   0  -1   0  -3   5   2  -1   0  -3  -3   1  -2  -4  -1   0   0   0  -3  -3   10   3   1   3   0  48   9   3   1   1   0   8   0   0   1   4   4   2   0   0  0.57 0.22
  422 N    -1   0   4   2  -3   1  -1  -2  -1  -1  -1   2  -2  -3  -2   2   0  -4  -3  -2    4   4  25  11   0   5   0   0   0   4   6  15   0   0   0  19   5   0   0   0  0.29 0.14
  423 L    -2  -3  -4  -3   1  -3  -4  -4  -3  -1   4  -2   2   0  -1  -3  -2   7   0   0    1   0   0   2   3   0   0   0   0   0  52   2   4   3   3   0   1  22   2   4  0.78 0.24
  424 K    -1   3   0   0  -4   2   1  -2  -1  -3  -2   4   0  -4  -2  -1  -2  -3  -3  -3    2  16   5   4   0  12  10   2   1   0   3  40   2   0   0   2   0   0   0   0  0.49 0.18
  425 R     1   0   1   3   0  -1   1  -1   1  -1  -1  -1  -2  -2  -1   1  -1  -3  -1   0   12   5   6  22   2   1   8   3   4   3   3   1   0   1   3   9   2   0   2  12  0.14 0.09
  426 R    -1   3  -1  -1  -4   5   1  -2   2  -3  -2   0   0  -4  -1   0  -1  -3  -2  -3    5  15   2   2   0  41   9   3   5   1   3   3   3   0   2   4   2   0   0   1  0.57 0.25
  427 I     0  -2  -2  -2  -2   0  -2  -3  -3   4   1  -1   2   0  -2  -1   0  -3  -2   1   10   1   0   2   0   6   1   1   0  34  10   5   8   3   1   3   4   0   0   9  0.23 0.15
  428 K     2  -1   0  -2  -3   2   1  -2  -2  -3  -3   3  -1  -4  -2   1   3  -4  -3  -2   24   0   3   0   0  10   9   0   0   0   1  20   1   0   0   9  21   0   0   0  0.38 0.21
  429 L    -1  -3  -4  -4  -2  -3  -3  -4  -3   1   4  -3   1   2  -2  -2  -2  -3  -2   1    6   0   0   0   0   0   2   1   0   4  61   0   2   8   2   2   0   0   0  10  0.59 0.24
  430 I    -1  -2  -1  -2  -1  -2  -1  -3  -2   1   3  -2   1   2   0  -1  -1  -2   2   0    5   0   2   1   1   0   6   1   0   6  40   0   3   7   4   6   2   0   9   5  0.22 0.14
  431 E    -1  -1  -2   0  -4   1   6  -2  -2  -3  -2   1  -1  -4  -1  -1  -2  -4  -3  -2    5   2   0   4   0   5  60   2   0   0   4   8   2   0   2   3   0   0   0   3  0.79 0.31
  432 E     0  -2  -1   2  -4   2   5  -2   2  -4  -4   0  -3  -4  -3  -1  -1  -4  -3  -3   10   0   2  12   0   8  51   2   5   0   1   5   0   0   0   1   2   0   0   0  0.75 0.29
  433 E    -2   0  -1   0  -4   6   2  -2   3  -4  -4   0  -3  -4  -1  -2  -2  -4  -1  -4    1   4   1   4   0  54  13   2   8   1   1   3   0   0   3   0   1   0   2   0  0.92 0.36
  434 K    -1   1  -1  -1  -1   2   2  -2   1  -3  -3   5  -2  -4  -1  -1   0  -4  -3  -2    4   6   1   1   1   7  16   2   3   1   2  45   0   0   3   2   4   0   0   1  0.51 0.24
  435 T     1  -1   0   0  -1   1   0  -2   0  -1  -2   1  -2  -3  -2   3   2  -4  -3  -1   12   2   3   3   1   5   3   0   2   3   4  12   0   0   0  34  13   0   0   2  0.30 0.18
  436 L    -1  -1  -2  -2  -3  -1  -2  -4  -1   0   4  -2   1  -1   0  -3  -2  -1  -2   1    5   3   1   3   0   3   2   0   1   3  57   2   2   1   4   0   1   1   0  10  0.41 0.21
  437 G     3  -2  -1  -2  -2  -1  -1   1   0  -1  -1  -1   1  -2  -2   2  -1  -3  -1   0   33   1   3   1   0   2   4  10   2   3   5   2   6   0   1  17   2   0   3   6  0.21 0.16
  438 L     0  -2  -2  -2  -2  -1   0  -2  -1   1   3  -2   3  -1  -1   0   0  -2  -2   1    7   1   1   1   0   1   6   3   1   6  40   1   9   1   2   6   5   0   0   9  0.22 0.14
  439 S     0  -1   4   1  -1   0  -1  -1   2  -2   0   0  -1  -3  -1   1   0  -3  -2  -2    5   1  24   8   1   3   2   4   6   0  14   4   1   0   2  15   6   0   0   2  0.21 0.15
  440 K    -2   1  -1  -2  -4   1   0  -3   1  -3  -2   6  -3  -4  -3  -1  -1  -4  -3  -1    0   4   1   0   0   5   4   0   4   0   5  64   0   0   0   3   3   0   0   4  0.86 0.37
  441 L    -1  -3  -4  -4  -3  -2  -1  -4  -3   1   5  -3   1  -1  -4  -3   0  -3  -1   0    5   0   0   0   0   2   4   1   0   4  67   0   2   1   0   1   5   0   2   5  0.66 0.29
  442 D    -1   4   1   1  -3   1   1   2  -2  -3  -3   0  -2  -3  -2   0  -2  -3  -3  -1    3  28   6   7   0   6  12  21   0   1   1   4   0   0   0   4   1   0   0   4  0.38 0.19
  443 K    -2  -1   0   3  -4   1   4  -2   4  -4  -4   1  -3  -3  -3   0  -2  -4  -1  -2    1   1   3  22   0   6  29   2  15   0   1   9   0   0   0   5   0   0   1   3  0.57 0.25
  444 A     3  -2  -1  -3  -2  -2  -2  -2   0  -1  -2  -2  -2  -3   0   1   3  -4  -3   1   38   0   3   0   0   0   0   1   2   2   2   2   0   0   4   8  26   0   0  11  0.43 0.25
  445 E    -2  -2  -2   0  -5   1   6  -1   0  -4  -4  -1  -3  -4  -1  -1  -3  -4  -4  -2    1   0   0   3   0   4  73   5   2   0   1   1   0   0   2   3   0   0   0   4  1.14 0.43
  446 T    -1   0   4  -1  -2  -1  -1   0   0  -2  -2   0  -1  -3   0   3   1  -4  -3  -1    2   4  23   1   1   2   0   5   1   2   3   5   2   0   4  31   9   0   0   4  0.33 0.20
  447 K    -2   4   0  -2  -4   0   1  -3  -2  -4  -4   6   0  -1  -3  -2  -2  -4  -3  -3    1  21   4   0   0   2   6   0   0   0   1  55   2   4   0   0   0   0   0   2  0.88 0.36
  448 A     5   0  -1  -1  -2  -2  -1  -2  -3   2  -2  -2   0  -3  -1   0  -1  -4  -3  -1   59   5   2   3   0   0   2   0   0  14   1   0   2   0   2   4   3   0   0   3  0.55 0.30
  449 E     1  -1  -1  -1  -2  -1   2  -1   0   0  -1  -1   2  -2  -1   1   0  -3  -2   1   16   3   2   2   0   0  17   4   2   5   3   0  11   1   2  10   5   0   0  16  0.14 0.15
  450 N    -1  -2   3  -1  -3  -2  -2  -3  -3   1   0   0   5  -3  -1  -1   0  -4  -3   1    5   0  18   3   0   1   1   0   0   8   4   7  27   0   2   4   7   0   0  12  0.36 0.25
  451 L    -3  -2  -5  -5  -3  -4  -4  -3  -2   1   5  -3   2  -1  -2  -3  -3  -4  -3   0    0   2   0   0   0   0   0   2   1   5  76   1   4   2   2   1   0   0   0   4  0.91 0.37
  452 K    -2   2  -1  -1  -4   1   3  -1  -2  -4  -3   5   0  -4  -3  -1   0  -4  -3  -3    0   7   2   1   0   3  19   5   0   0   1  48   3   0   0   2   5   0   0   0  0.66 0.30
  453 N    -2   0   3   1  -3   0   3  -1  -1  -2  -3   2  -2  -3  -2   0   0  -4  -1  -1    1   5  20   5   0   2  27   4   0   2   1  15   0   0   0   4   7   0   2   4  0.38 0.20
  454 Q    -2   3  -2  -2  -4   6   1  -2  -1  -3  -3   2   4  -4  -3  -2  -2  -4  -2  -2    0  15   0   0   0  43   6   3   1   0   1  12  13   0   0   1   1   0   1   2  0.79 0.37
  455 A     4  -2  -3  -3  -2  -1  -2   0  -3  -1  -2  -2  -1  -3   0   0   0  -4  -3   2   49   1   0   0   0   3   0   6   0   0   2   0   1   0   4   2   5   0   0  23  0.48 0.28
  456 Q    -1   0   0   3  -4   2   5  -2  -2  -4  -3   1   0  -4  -2  -2  -2  -4  -3  -3    4   3   4  16   0   7  49   2   0   0   1   8   3   0   0   1   1   0   0   1  0.70 0.30
  457 D    -2   1  -1   2  -4   0   3  -2  -2  -2  -3   4   2  -4  -2  -1  -1  -4  -3  -3    1   5   1  14   0   1  25   2   0   2   1  33   7   0   0   3   2   0   0   1  0.51 0.25
  458 L    -3  -4  -5  -5  -3  -4  -5  -5  -4   1   6  -4   2  -1  -5  -3  -3  -4  -2  -1    0   0   0   0   0   0   0   0   0   6  83   0   4   1   0   2   0   0   1   2  1.16 0.43
  459 Q    -1  -2  -2   1  -5   3   5   1  -2  -4  -4   0  -3  -5  -1  -2  -3  -4  -3  -3    4   0   0   6   0  17  52  11   0   0   0   4   0   0   2   0   0   0   1   1  0.83 0.37
  460 N     1   0   3  -1  -3   0  -1  -2  -2  -2  -2   4  -1  -3  -2   1   0  -4  -3   1   13   3  16   1   0   4   2   0   0   0   1  32   1   0   0   9   5   0   0  12  0.32 0.22
  461 H    -1   0  -2  -2   1   3   0  -3   3  -2  -2  -1  -2   0  -1   0   1  -1   5  -2    4   5   0   1   3  21   4   1   8   1   3   3   0   3   3   6   9   0  25   1  0.41 0.24
  462 C    -1  -1  -3  -1   9  -3   1  -1  -1  -3  -3  -2  -3  -4  -2   0  -3  -2  -2   0    3   3   0   3  56   0  10   4   2   0   0   2   0   0   2   6   0   0   2   6  1.29 0.44
  463 V     0   0  -1   1  -3   0   2   2  -2  -1  -2   3  -2  -3  -2  -1  -1  -3  -3   0    4   4   1   8   0   0  16  19   0   3   3  26   0   0   1   2   3   0   0   8  0.24 0.16
  464 E    -2  -2   0   5  -4   0   4  -3  -1  -4  -2  -1  -3  -4  -1  -1  -2  -4  -3  -2    2   0   4  37   0   2  38   1   1   0   3   3   0   0   2   2   0   0   0   3  0.81 0.32
  465 I    -1  -1  -3  -1  -2  -2  -1  -3   0   3   3  -1   1  -1  -3   0   0  -3  -2   1    2   2   0   3   0   0   3   1   2  19  38   4   1   0   0   9   3   0   0  11  0.26 0.17
  466 T     1  -2  -1  -1  -2  -1  -1  -2  -1   1   1  -1   0   0  -2   1   1  -2   0   1   10   0   2   4   0   0   2   2   1   6  18   3   1   3   0  18  11   0   3  14  0.10 0.10
  467 E     0   1   1   0  -3   1   2   2  -2  -2  -2  -1  -2  -3  -2   0   0  -3  -2   0    6  10   7   3   0   4  21  20   0   2   1   1   0   0   1   8   4   0   0  11  0.22 0.14
  468 I     1  -2  -1  -2  -2  -2  -1  -2  -3   0  -1  -2   0  -2  -2   1   4  -3  -2   1   13   1   1   1   0   1   4   1   0   6   6   1   1   1   1   6  44   0   0  12  0.40 0.23
  469 Q     0  -1   0   1  -3   2   4   0  -1  -3  -3   0  -2  -3  -2   2   1  -3  -3  -3    6   1   4   8   0   8  31   5   0   1   1   3   0   0   1  17  10   0   0   1  0.39 0.20
  470 E    -2  -2   0   2  -4   1   6  -3  -2  -4  -4   0  -3  -4  -3  -1  -2  -4  -3  -2    1   1   3   8   0   4  67   1   0   1   1   4   0   0   1   3   1   0   0   4  1.02 0.38
  471 V     1  -3  -1  -3  -2  -2  -3  -2  -3   2  -1  -2  -1  -2  -3   0   1  -3  -1   4   10   1   4   1   0   0   1   2   0   9   2   2   1   0   1   6   7   0   2  51  0.41 0.23
  472 E    -2  -2  -3  -3  -3   0  -1  -1  -3   0   4   0   1   2  -3  -2  -1   2  -1   0    1   1   0   0   0   4   4   5   0   2  52   7   4   9   0   1   4   3   0   3  0.37 0.22
  473 C    -2   2  -1  -2  -1   1   0  -3  -2  -3  -1   5   0  -3  -2  -1   0  -4  -3  -1    1  13   1   0   1   6   6   1   0   0   5  46   3   1   0   3   7   0   0   4  0.50 0.26
  474 L    -3  -3  -4  -4  -3  -3  -3  -4  -3   1   4  -2   5   0  -4  -3  -1  -1  -2   0    1   0   0   0   0   0   1   1   0   6  56   1  22   3   0   1   3   1   0   2  0.78 0.32
  475 K    -3   1  -2  -2  -4   7   0  -3   1  -4  -4   4  -3  -4  -3  -2  -3  -4  -3  -4    1   6   0   0   0  57   3   1   4   0   1  24   0   0   0   1   0   0   0   0  1.17 0.45
  476 K     0   2   3  -2  -3  -1  -1   0  -2  -2  -3   4  -2  -4  -3   2  -1  -4  -2  -2    8  12  18   0   0   1   0   5   0   3   0  32   1   0   0  16   1   0   1   1  0.43 0.25
  477 R    -3   6  -2  -3  -5  -1  -1   1  -2  -3  -3   2  -3  -3  -4  -1  -1  -2  -3  -4    0  59   1   0   0   0   3  13   0   1   2  12   0   1   0   4   2   1   0   0  0.94 0.39
  478 A     3  -3  -3  -4  -1  -3  -3  -2  -4   1   0  -3   1  -2  -2  -1   2  -4  -3   4   26   0   0   0   0   0   0   2   0   3   4   0   3   1   1   3  12   0   0  44  0.48 0.28
  479 F    -2  -1  -3  -4   8  -4  -4  -4  -2  -2  -2  -4  -2   5  -4   1  -2   3   2   0    0   4   1   0  35   0   0   0   1   1   2   0   0  27   0  11   1   5   5   6  0.96 0.37
  480 K    -2   4   0  -3  -2  -1  -2  -4  -2  -3  -4   6  -3  -3  -3  -2  -2  -4   1  -4    2  21   4   0   1   0   0   0   0   1   0  63   0   1   0   1   1   0   5   0  1.07 0.44
  481 T     0  -3  -2  -4  -1  -3  -3  -3   1   2   0  -3  -1   3  -3   0   0  -2   4   3   10   0   1   0   1   0   0   0   3  12   5   0   1  12   0   7   6   0  17  24  0.33 0.21
  482 T     0  -2  -1  -3   1  -2  -2   0  -3  -2  -1  -2  -1  -4  -3   4   4  -4  -3   0    7   1   1   0   4   0   0   5   0   1   4   0   1   0   0  40  32   0   0   6  0.59 0.34
  483 R    -1  -2  -2  -3  -3  -1  -2  -3  -3  -1   3   0  -1   2  -2   3   1   0   0  -1    1   1   0   0   0   3   0   0   0   1  36   5   0   9   1  28   8   1   3   1  0.32 0.25
  484 C    -3  -3  -5  -5   9   0  -5  -5  -4  -2  -1  -5  -3   5  -5  -3  -3  -3   3  -3    1   1   0   0  50   5   0   0   0   1   6   0   0  25   0   1   0   0  11   0  1.56 0.50
  485 L    -2  -4  -4  -5   6  -3  -5   0  -4  -1   2  -4  -1   6  -5  -3  -3  -2  -1   0    2   0   0   0  18   1   0  10   0   2  23   0   0  41   0   0   0   0   0   4  0.85 0.35
  486 L    -2  -4  -3  -4   1  -4  -4  -4  -3   2   3  -4   1   5  -4   0  -2   0   0   0    1   0   1   0   3   0   0   0   0   9  36   0   2  33   0   8   1   1   0   5  0.59 0.27
  487 L    -2  -4  -5  -5  -1  -3  -4  -4  -5   5   2  -4   0  -2  -4  -3  -1  -4  -3   3    1   0   0   0   1   1   0   1   0  47  21   0   1   0   0   0   3   0   0  24  0.78 0.32
  488 Q    -3  -2  -2  -3   0   8   0  -4  -2  -5  -1  -1  -3  -5  -4  -3  -3  -4  -4  -4    0   0   1   0   2  86   1   0   0   0   7   2   0   0   0   0   0   0   0   0  1.79 0.64
  489 L    -2  -4  -4  -5  -3  -4  -4  -4  -4   1   4  -4   1   4  -4  -2  -3  -2  -1   1    1   0   0   0   0   0   0   1   0   5  57   0   2  23   0   4   0   0   0   8  0.74 0.31
  490 G    -1  -3  -3  -4   0  -3  -3  -1  -4   3   1  -3   2   0  -3  -1  -1  -3  -2   4    3   0   0   0   2   0   0   6   0  26   8   0   5   4   0   6   2   0   0  38  0.41 0.21
  491 L    -2  -4  -5  -5  -3  -4  -4  -5  -4   2   5  -4   4   0  -4  -4  -2  -3  -3   0    1   0   0   0   0   0   0   0   0  12  66   0  14   2   0   0   1   0   0   4  0.91 0.34
  492 L    -2  -4  -5  -5  -2  -4  -4  -3  -4   0   5  -4   1   1  -4  -3  -2  -3  -2   0    1   0   0   0   1   0   0   2   0   1  78   0   2   6   0   1   1   0   0   5  0.90 0.35
  493 F    -1   0  -4  -4   6  -3  -4  -3  -3   1   1  -3   0   4  -4  -2  -1   2  -1   2    2   7   0   0  22   0   0   1   0   6  12   0   3  23   0   1   2   3   0  17  0.53 0.24
  494 I    -2  -4  -4  -4  -2  -3  -4  -4  -4   4   3  -3   2   2  -4  -2   0   1  -1   2    0   0   0   0   0   0   0   1   0  28  32   0   4   9   0   2   5   2   0  18  0.50 0.22
  495 L     1  -3  -4  -4  -2  -3  -3  -2  -3   1   2  -3   0   3  -4  -2  -1  -2   0   3   13   0   0   0   0   0   0   2   0   5  24   0   1  19   0   0   3   0   2  30  0.39 0.21
  496 Y    -2  -2  -3  -5  -3  -4  -4  -4  -3   1   2  -4   0   6  -4  -3  -3   0   2   2    2   2   1   0   0   0   0   0   0   7  17   0   2  44   0   0   0   1   4  21  0.72 0.28
  497 Y    -1   0  -2  -4  -3  -2  -3   0  -2  -1   1  -3   3   2  -3  -1  -2   6   3   0    5   6   1   0   0   0   0   7   0   1  18   0  10  12   1   3   0  15  10   9  0.40 0.19
  498 S     0   1  -2  -2  -2   4  -1  -3  -1  -1   0   0   1   0  -2   0   0   3  -1   1    6   8   0   0   1  29   0   0   1   2  11   2   4   5   1   7   7   4   1  10  0.22 0.18
  499 L    -3  -1  -4  -4  -1   0  -2  -5  -3   0   4  -3   1   4  -4  -3  -3   0   1   0    0   4   0   0   1   5   2   0   0   1  49   0   3  25   0   0   0   1   3   5  0.59 0.27
  500 L    -2  -3  -3  -4  -2  -2  -3  -4  -3   1   3  -3   2   1  -1   1   0   0  -2   3    0   0   0   0   0   1   0   0   0   6  33   0   6   8   4  14   3   1   0  24  0.33 0.20
  501 P    -3  -4  -4  -4  -5  -2  -3  -3  -4  -5  -3  -3  -2  -5   8   1  -2  -6  -5  -4    0   0   0   0   0   1   0   2   0   0   3   0   1   0  78  14   1   0   0   0  2.04 0.54
  502 E     1  -1   0   1   0   1   2  -2   2  -3  -3   0  -3  -3   1   3   0  -4  -1  -2    9   3   3   9   2   6  14   1   8   0   0   3   0   0   6  30   4   0   2   1  0.31 0.18
  503 P    -1  -3   1  -2  -1   1  -2  -3  -1  -4  -4  -2  -3  -2   5   4  -1  -4   1  -4    1   0   6   0   1   6   0   0   1   0   1   0   0   2  31  44   1   0   7   0  0.84 0.36
  504 E     0   1   0   2  -3   0   2   1  -2  -3  -3   0  -3  -4   0   1   0  -4  -3  -2    8   8   4  14   0   3  21  14   0   0   0   5   0   0   4  12   6   0   0   1  0.31 0.15
  505 I    -1  -2  -1   1  -3  -1   2   0  -2   1   1  -1   0  -2  -3  -1  -1  -4  -3   2    3   0   1   8   0   0  24   9   0  10  12   3   2   0   0   2   3   0   0  22  0.18 0.15
  506 A    -1  -3  -2  -2  -2  -3  -3  -3  -4   1   0  -3  -1   1  -2  -3  -2  -3  -1   5    5   0   2   3   0   0   0   2   0   4   7   0   0   8   1   0   0   0   1  64  0.61 0.28
  507 V    -1  -5  -5  -5  -3  -4  -5  -5  -5   3  -1  -4  -1  -3  -4  -4  -1  -5  -3   6    2   0   0   0   0   0   0   0   0  16   0   0   0   0   0   0   3   0   0  80  1.24 0.45
  508 P    -3  -5  -5  -4  -6  -4  -4  -5  -5  -6  -6  -4  -5  -6   9  -3  -4  -6  -6  -5    0   0   0   0   0   0   0   0   0   0   0   0   0   0 100   0   0   0   0   0  3.03 0.69
  509 T    -3  -4  -3  -4  -3  -3  -3  -4  -4  -3  -4  -3  -3  -5  -4  -1   7  -5  -4  -3    0   0   0   0   0   0   0   0   0   0   0   0   0   0   0   0 100   0   0   0  1.94 0.63

                      K         Lambda
Standard Ungapped    0.1269     0.3077
Standard Gapped      0.0410     0.2670
PSI Ungapped         0.1269     0.3077
PSI Gapped           0.0410     0.2670
