
Last position-specific scoring matrix computed, weighted observed percentages rounded down, information per position, and relative weight of gapless real matches to pseudocounts
            A   R   N   D   C   Q   E   G   H   I   L   K   M   F   P   S   T   W   Y   V   A   R   N   D   C   Q   E   G   H   I   L   K   M   F   P   S   T   W   Y   V
    1 M    -2  -2  -3  -4  -2  -1  -3  -3  -2   1   2  -2   8  -1  -3  -2  -1  -2  -2   0    0   0   0   0   0   0   0   0   0   0   0   0 100   0   0   0   0   0   0   0  0.80 0.11
    2 I    -1  -3  -3  -2  -2  -2   1  -4  -3   4   2  -2   1  -1  -3  -2  -1  -3  -2   2    0   0   0   0   0   0  16   0   0  52  15   0   0   0   0   0   0   0   0  18  0.30 0.05
    3 S     1  -1   3  -1  -2  -1  -1   2  -1  -2  -2  -1  -2  -3  -2   3   0  -3  -2  -2   14   0  22   0   0   0   0  15   0   0   6   0   0   0   0  43   0   0   0   0  0.33 0.05
    4 L    -2  -3  -4  -5  -2  -3  -4  -5  -4   1   5  -3   3   1  -4  -3  -2  -2  -2   0    0   0   0   0   0   0   0   0   0   3  84   0   9   4   0   0   0   0   0   0  0.78 0.17
    5 P     0  -2  -2  -2  -3   1  -1  -2  -2  -3  -3  -1  -2  -4   7   0   0  -4  -3  -1    8   0   0   0   0  10   0   0   0   0   1   0   0   0  64   4   7   0   0   4  1.26 0.17
    6 L     0  -2   0  -2  -2   0  -2  -2   2   1   2  -2   0  -1   1  -1   1  -3  -1   1   10   0   6   0   0   5   0   0   9   7  33   0   0   0   7   0  11   0   0   8  0.14 0.07
    7 T     1   1  -2  -2  -2  -2  -2  -3   0  -1  -1  -1  -2  -3   4   0   4  -4  -3  -1   12   8   0   0   0   0   0   0   4   4   7   0   0   0  23   3  39   0   0   0  0.49 0.15
    8 T    -1   0   1  -2   3  -1   0   1  -2  -3  -3  -1  -2  -3   0   1   3   4  -2  -2    2   7   6   0   9   0   7  11   0   0   0   0   0   0   4  12  33   8   0   0  0.33 0.12
    9 P     1  -3  -3  -3  -4  -3  -3  -2  -3  -2  -4  -2  -3  -3   7   0  -2  -4   1  -3   13   0   0   0   0   0   0   2   0   3   0   0   0   0  69   5   0   0   7   0  1.54 0.27
   10 I     1  -1  -1  -2  -2  -2  -2   1  -2   2   1  -2   1   1  -1  -1  -1  -2  -1   1   13   3   2   1   0   0   1  15   0  20  16   1   6   8   3   1   3   0   0   7  0.09 0.05
   11 L     0  -2  -2  -2   2  -2  -2  -2  -2   1   2   0   0   1  -2   0   0  -2  -1   1   10   1   1   1   7   1   1   1   0   5  35   7   0   7   1  11   3   0   0   8  0.13 0.07
   12 P    -2   1  -3  -3  -4  -2  -2  -2   1  -4  -4  -2  -4  -5   8   0  -2  -5  -4  -4    0   9   0   0   0   0   0   2   5   0   0   0   0   0  74   7   0   0   0   0  1.77 0.33
   13 S     1  -1   2  -1   0  -1  -1   1   1  -2  -2  -1  -2  -2  -2   2   1  -2   1   0   18   2  12   1   2   1   1  11   5   1   1   1   0   1   1  20   8   0   6   7  0.17 0.09
   14 R     0   5  -1   0  -3   0  -1  -2  -2   0   0   1  -1  -2  -2  -1  -1  -3  -2   1    9  41   1   6   0   2   2   1   0   5   7   4   0   1   1   3   1   0   0  14  0.31 0.13
   15 C     0  -3  -2  -3   8  -2  -3  -1  -1  -1   0  -3  -2  -3  -1   2  -1  -3  -3  -1    4   1   1   1  42   1   1   5   2   4  11   1   0   0   2  19   3   0   0   2  0.74 0.22
   16 L     0  -1  -2  -3  -2  -2  -2  -1   1   0   3  -2   2   1   1   0  -1  -2   0  -1   11   4   0   0   0   0   0   4   5   2  39   0   7   5   6   7   0   0   4   2  0.19 0.12
   17 L     2   0  -2  -2   1  -2  -2  -2  -1   0   3  -2   0   2  -2  -1   0  -2  -1   0   22   6   1   2   4   1   1   1   2   1  35   1   0   9   1   1   7   0   1   5  0.19 0.12
   18 H     0   2   1   2  -3   0   0  -2   5  -3  -2   0  -2  -1  -1   0  -1  -2   2  -3    9  12   8  13   0   3   4   1  22   1   3   2   0   2   2   6   1   0   9   1  0.32 0.14
   19 K     0   3  -1   0   0   0  -1   0   1   0  -2   1  -2  -2   1   1  -1  -3  -1  -2    9  24   0   7   3   1   2   7   4   9   3  10   0   0   7  10   1   0   2   1  0.16 0.10
   20 T     0   0   0  -2  -2  -1  -1  -1   2   0   0   0  -1   0  -1   0   2  -2  -1   0    6   5   6   1   0   0   2   3   6   7  12   4   0   5   3   6  24   0   0   8  0.09 0.09
   21 R    -1   5   2  -1  -4   0   0  -2  -2  -3  -2   2  -2  -4   1   0  -1  -4  -3  -2    2  35  11   1   0   2   5   2   0   0   5  16   0   0   8   6   3   0   0   2  0.46 0.20
   22 R    -2   7  -1   0  -2   0  -1  -2  -1  -5  -4   1  -4  -5   0  -1  -2  -5  -4  -5    2  65   1   5   1   3   3   3   1   0   0   5   0   0   5   5   2   0   0   0  1.08 0.40
   23 Q     1   1  -1  -1  -3   3   0  -1   2  -2  -1   0  -2  -2   2   1   1  -3  -1  -2   12  10   0   2   0  16   4   4   5   2   6   2   0   2  12  11   9   0   2   0  0.22 0.15
   24 N    -1   1   3   0  -3   0   0   1   4  -3  -3  -1  -3  -3   0   2   1  -4  -1  -1    2   8  15   5   0   4   5  10  12   0   1   1   0   1   3  19   8   0   1   4  0.28 0.17
   25 S     1   1   0   0  -3   0  -1   1  -2  -1  -2  -1  -2  -2   0   3   1  -4  -1  -1   15   7   5   6   0   5   0   9   0   4   3   2   0   1   5  28   6   0   1   2  0.20 0.15
   26 T     0   0   1  -1  -1   0  -1  -1   1   0  -1   0  -1  -3   1   1   2  -3  -2   1    7   6   8   2   1   3   1   4   5   8   2   4   0   0   6  11  19   0   1  12  0.12 0.11
   27 R    -2   6  -1  -3  -3   1  -1  -4   1  -3  -1   2  -3  -2   1   0  -2   1  -3  -3    3  49   2   0   1   4   2   0   3   1   7  12   0   2   6   5   2   2   0   0  0.68 0.30
   28 R     0   5   0  -2  -4   0   1  -3   0  -3  -3   2  -3  -4   1   0  -1  -4   0  -3    9  38   4   0   0   3   8   0   2   2   1  10   0   0   6   7   3   0   4   1  0.49 0.25
   29 R     0   6  -2  -3  -1   0   0  -4   0  -1  -3   1   1  -4   1  -1  -3  -4  -3  -2    8  50   1   0   1   2   5   0   3   3   1   6   4   0   6   4   0   0   0   3  0.72 0.32
   30 L     0  -1  -1   0  -2  -2  -1  -2  -2   1   2  -2   0   1   1  -1  -1   3   0   1   10   3   2   6   0   0   3   2   0  11  23   0   0   8   8   2   3   5   3   9  0.13 0.10
   31 L     1   0  -2  -3  -1  -1  -1  -2  -2   1   1  -2   1   1   1   0   0   0  -2   2   12   7   1   0   1   1   3   2   0   7  18   1   3   6   8   7   4   2   0  16  0.11 0.10
   32 I    -1  -1  -2  -3   0  -1  -2  -2  -1   2   2  -2   0  -1  -2   0   0  -3  -1   3    3   4   2   0   2   2   2   3   2  15  18   1   2   1   1   8   5   0   2  26  0.19 0.15
   33 R     0   5   0   0  -2   0   0  -1  -1  -2  -2   1  -1  -2   0   0  -1  -2  -1  -2    9  34   5   6   1   3   3   4   1   2   3   9   1   1   4   5   2   0   2   2  0.34 0.21
   34 S     2   0  -1  -2   0   0   0   0   1  -3  -3  -1   0  -2   0   3   1  -4  -1  -2   22   4   2   1   2   3   5   5   3   0   2   1   3   1   4  28   9   0   2   2  0.28 0.22
   35 S     1   1  -1  -1  -3  -1  -1   0  -1  -1  -3  -1  -1  -2  -1   3   3  -4  -3  -1    9   9   2   3   0   2   3   6   1   4   1   2   1   2   3  24  23   0   0   4  0.28 0.22
   36 S     1   1   0   0  -1  -1  -1   0  -2  -2  -3   0  -1  -3   0   3   3  -4  -2  -2   14   7   4   4   1   2   4   5   0   2   1   3   1   1   5  24  18   0   1   1  0.27 0.21
   37 S     1  -1   0   0  -2   0   0  -1   1  -4  -2  -1  -3  -4   1   4   1  -4  -2  -3   10   3   3   6   1   3   4   3   3   0   5   2   0   0   5  43   7   0   1   0  0.44 0.30
   38 L    -1  -1  -3  -4   0  -2  -4  -2  -3   1   4  -2   4   0  -3  -1  -1   1  -2   1    3   3   1   0   2   1   0   4   0   5  43   3  13   3   1   4   2   2   1   8  0.45 0.28
   39 Q     0   3   0   0  -2   3   1  -2   0  -3  -3   1   0  -1  -1   0   2  -4  -2  -3    6  17   4   5   1  13   7   3   2   0   2  10   2   2   3   7  14   0   1   1  0.26 0.19
   40 D    -1   1   2   4  -2   0   2   0  -1  -3  -3  -1  -3  -4   1   0  -1  -4  -2  -3    6   7  11  25   1   4  15   7   1   1   2   2   0   0   7   4   3   0   2   1  0.38 0.22
   41 Q     0   2   0   0  -3   3   2  -1  -1  -2  -2   2  -1  -2   0   0  -1  -3  -1  -2    6  13   3   5   0  14  14   4   1   3   3  12   2   2   5   8   2   0   2   2  0.21 0.15
   42 F     0  -1  -2  -2  -3  -1  -1   0   1   0   1  -1   3   3   0  -1  -1   0   2  -1    7   3   1   2   0   1   4   7   4   5  15   2  11  17   4   4   2   1   6   3  0.15 0.14
   43 T     0  -1  -1  -2  -2  -1  -1  -2  -2  -1  -1  -1  -1  -1   1   2   4  -3  -1   0    7   3   2   2   1   1   3   3   1   4   7   3   1   2   6  17  30   0   2   5  0.28 0.22
   44 V     0  -1  -2  -2  -2  -2  -2  -2  -3   2   2  -2   4  -1  -1  -1   1  -4  -2   2    8   3   2   2   1   2   2   3   0  10  17   2  15   2   3   3   8   0   0  16  0.26 0.21
   45 E    -1   0  -1   1  -3   2   4  -2  -1  -5  -3   2  -1  -4   0   0   0  -5  -4  -3    4   4   2   8   0   7  29   3   1   0   2  15   2   1   5   7   7   0   0   2  0.46 0.32
   46 T     0  -1  -1  -3  -1  -2  -2  -2  -3  -3  -3  -1  -1  -5   0   3   5  -6  -3  -2    8   3   3   1   1   2   3   3   1   1   2   4   2   0   5  19  39   0   1   3  0.66 0.47
   47 T     0  -1  -2  -4  -2  -3  -1  -3  -3  -2  -3  -2   0  -4   1   3   5  -6  -2   0    9   3   2   1   1   1   3   2   1   2   3   2   3   1   6  18  37   0   1   5  0.65 0.47
   48 K    -2   3  -1  -5  -3  -2  -3  -3  -2  -5  -3   5  -2  -5  -3  -3   5  -7  -3  -4    4  16   3   0   1   2   1   2   1   1   3  29   1   1   1   2  30   0   1   1  0.94 0.56
   49 R    -6   7  -3  -6  -6   2  -2  -9  -3  -5  -6   5  -4  -6  -6  -5  -1  -5  -5  -5    1  49   1   0   0   7   3   0   1   1   1  27   0   0   0   1   4   0   0   1  1.74 0.89
   50 V    -7 -10 -10 -10  -4  -9  -7 -11 -10   6   4 -10   0   0 -10  -9  -6  -4  -5   3    0   0   0   0   0   0   0   0   0  38  38   0   2   4   0   0   0   0   0  16  1.72 0.80
   51 V    -4  -7  -9  -5   0  -7  -8  -5   0   4   1  -8  -3   2  -9  -7  -2  -1   7   3    2   0   0   1   2   0   0   1   2  22  12   0   1   7   0   0   3   1  30  15  1.32 0.68
   52 L    -5 -10 -11 -12  -4 -10 -11  -9 -11   2   6 -11   0   3 -11  -8  -8  -4  -6  -1    1   0   0   0   1   0   0   0   0  11  68   0   2  11   0   0   0   0   0   5  1.93 0.91
   53 V    -2 -10 -10 -11  -2 -10 -10  -8 -11   5   1 -10   1  -3 -10  -8  -1   0  -9   6    4   0   0   0   1   0   0   0   0  27  14   0   3   1   0   0   4   2   0  43  1.59 0.78
   54 R   -13   9  -5 -13  -1  -4 -11 -14 -12 -15 -14  -9 -13 -14 -14 -12 -13 -14 -13 -14    0  97   1   0   2   1   0   0   0   0   0   0   0   0   0   0   0   0   0   0  3.87 1.71
   55 H   -14  -7 -11 -13  -3  -5 -12 -14  12 -15 -15 -13 -14 -13  -6  -8  -7 -14 -10 -15    0   0   0   0   1   1   0   0  97   0   0   0   0   0   1   0   1   0   0   0  5.00 2.07
   56 G    -2 -13 -11 -12  -1 -13 -13   8 -13 -14  -8 -12 -13  -7  -7  -5  -8 -13 -14  -6    4   0   0   0   1   0   0  91   0   0   1   0   0   0   0   1   0   0   0   1  3.01 1.42
   57 Q    -2  -1  -7  -4  -6   6   6  -9  -1  -5  -3  -1  -5  -9  -5  -4  -5 -12  -7  -4    3   4   0   1   0  28  46   0   2   1   3   4   0   0   1   1   1   0   0   2  1.66 0.96
   58 S    -4 -11  -4  -8  -3  -7 -10 -11 -11  -3  -7 -10 -10 -12  -3   3   7 -12 -11   0    2   0   1   0   1   0   0   0   0   2   1   0   0   0   2  20  65   0   0   5  2.22 1.24
   59 T     0  -3  -1   3  -5   1   4  -4  -4  -2  -3  -2  -3  -4  -2  -1   1  -5  -4   1    9   1   3  17   0   6  24   1   1   3   4   3   1   1   3   5  10   0   1   8  0.51 0.40
   60 W    -1  -7  -3  -5  -5  -4  -5   0  -2  -7  -2  -7  -2   0  -5  -3  -3  12   3  -5    5   0   2   1   0   1   1   7   1   1   5   1   1   4   1   2   2  55   8   1  2.62 1.32
   61 N    -5  -7   9  -2 -11  -5  -4  -5   0  -6  -9  -7  -4  -3  -5  -1  -2 -11  -6  -7    1   0  76   2   0   1   1   1   2   1   0   0   1   1   1   6   3   0   0   1  2.63 1.34
   62 E     3   2  -3  -2  -5  -1   1  -5  -1  -1   0   2  -3  -5  -4  -2  -1  -4  -3   2   20  12   1   3   0   3   9   1   1   4  10  13   1   1   1   4   4   0   1  11  0.35 0.28
   63 E     0  -2  -2   1  -5   2   6  -3  -2  -2  -2   1  -3  -7  -2  -1  -1 -10  -7  -4    7   3   2   7   0   9  39   3   1   3   4   7   1   0   2   5   4   0   0   2  0.78 0.57
   64 G    -4   3   3  -1  -5  -2  -3   5   1  -7  -5   2  -4  -3  -5  -2  -5  -5  -4  -6    2  15  11   4   0   2   3  37   4   0   1  12   1   2   1   4   1   0   1   1  0.96 0.60
   65 R    -6   8  -4  -6  -2  -2  -7  -6  -6   0  -1   2  -3  -6  -6  -7  -5  -4  -4  -2    1  62   1   1   1   2   0   1   0   6   6  11   1   0   1   0   1   0   1   3  1.89 1.02
   66 I    -3  -8  -7  -8  -1  -5  -8  -8   0   4   2  -8   3   5  -6  -7  -4   2   5   1    3   0   0   0   1   1   0   0   2  19  15   0   6  22   1   1   1   2  17   8  1.23 0.64
   67 Q    -1  -3  -1  -6   1   8  -6  -5  -3  -3  -3  -5  -3  -3  -4  -1   1  -4  -1  -7    5   2   4   1   2  58   1   1   1   2   3   1   1   1   1   5   8   0   3   1  1.74 1.05
   68 G    -6  -6  -6  -6  -5 -11  -8   8 -11  -8  -8 -11 -12  -7 -11  -5  -7 -12 -12  -8    1   1   0   1   0   0   0  93   0   0   1   0   0   0   0   1   1   0   0   0  3.03 1.47
   69 S    -2   4  -3  -4  -1   4  -6  -3   6  -3  -4  -3  -3  -4  -6   2  -2   7  -5  -4    4  17   2   1   1  15   0   2  15   2   3   2   1   1   1  15   3  12   0   2  1.06 0.67
   70 S     0  -1  -3  -5   0   0  -3  -1  -1   0   0   0  -1  -3  -6   3   4  -3  -3  -1    7   4   2   1   2   4   2   6   2   5  10   5   2   1   0  18  24   0   1   4  0.43 0.36
   71 D    -7  -7   2   8  -6  -5  -2  -3  -6  -4  -9  -6  -6  -6  -3  -6  -3 -12  -7  -5    1   0   7  75   0   1   3   2   0   2   0   1   0   1   2   1   2   0   0   1  2.43 1.25
   72 F    -2  -3  -1   1  -1  -3  -1  -2  -2   5   0  -3  -2   0  -1  -3  -2  -2  -2   4    4   2   4   8   1   1   4   4   1  24   9   2   1   3   3   2   2   1   1  22  0.52 0.24
   73 S     0  -5  -3   1  -4  -4   0  -1  -3  -6  -5  -4  -5  -8   6   4   0  -9  -4  -4    7   1   1   8   0   1   7   5   1   1   1   1   0   0  32  26   5   0   1   1  0.97 0.71
   74 V    -1  -1  -1   0  -1  -1   0  -1  -1   0   2  -1  -1  -2   3  -1  -1  -2  -1   1    6   3   3   5   1   3   6   4   2   6  18   3   1   2  17   4   3   1   2   8  0.19 0.12
   75 L    -4  -9  -1  -4  -2  -9  -9  -7  -4  -4   7  -6  -3  -5  -9  -3  -2  -9  -4  -5    2   0   3   1   1   0   0   1   1   1  79   1   1   1   0   3   3   0   1   1  2.00 1.01
   76 T    -3  -5   5   0  -3  -4  -2  -4  -3  -5  -3  -5  -4  -6  -3   3   6  -9  -9  -5    3   1  20   5   1   1   4   2   1   1   3   1   1   1   2  19  36   0   0   1  1.19 0.76
   77 K     1  -2  -2   2  -5   0   5  -3  -3  -5  -4   1  -4  -6   2  -2  -2  -4  -5  -3   10   2   2  12   0   4  35   3   1   1   3   7   1   0  10   4   3   0   0   2  0.74 0.53
   78 K    -1   1   1  -1  -3   0   2   0  -1  -2   0   3  -2  -3  -5  -3   2  -3  -3  -1    5   8   6   3   1   4  12   8   1   3   8  17   1   1   1   2  11   0   1   5  0.26 0.24
   79 G    -4  -3  -5 -10 -11  -4  -6   7  -4  -5  -6  -6  -4  -5  -6  -5 -10 -11 -11  -5    2   2   1   0   0   1   1  84   1   1   1   1   1   1   1   1   0   0   0   1  2.51 1.27
   80 E    -2   4  -5  -5  -3   1   3  -6   0   3   0   0   0  -2  -6  -4  -3   1  -2   1    4  21   1   1   1   5  17   1   2  14   8   7   2   2   0   2   2   2   2   8  0.59 0.40
   81 S     2   2  -1  -1  -3   4   3  -4  -1  -2  -2   1  -1  -5  -5   0  -2   0  -3  -4   15  10   3   4   1  16  15   2   2   3   5   9   1   1   1   6   2   2   1   2  0.44 0.37
   82 Q    -1  -3  -4  -1  -3   8   1  -5  -1  -5  -3  -4   0 -10  -9  -5  -4 -10  -3  -4    5   2   1   3   1  62   9   2   2   1   4   1   2   0   0   1   1   0   1   1  1.94 1.12
   83 A     7  -4  -9  -9  -1  -3  -5  -4  -9  -3  -4  -4   0  -3  -5  -2  -4 -10  -3  -1   72   1   0   0   1   1   1   2   0   2   2   1   2   2   1   3   2   0   1   4  1.81 1.00
   84 E     1   3  -2  -1  -2   2   4  -2   1  -3  -3   3  -2  -3  -5  -3  -3  -2  -1  -3   10  16   2   4   1   8  21   3   3   2   3  13   1   1   1   3   2   1   2   2  0.51 0.38
   85 I     3   2  -2  -2  -1   1   0  -3  -2   0   1   1   0  -2  -6  -1  -1   0  -2  -1   19  10   2   3   1   6   7   2   1   5  14   9   3   2   0   4   3   2   1   5  0.23 0.21
   86 S     3  -3  -4  -5   0  -3  -5  -2  -3  -1   4  -4  -1  -2  -8  -1   1   2  -7   1   24   2   1   1   2   2   1   3   1   3  30   2   1   2   0   5   7   2   0   9  0.63 0.42
   87 R     4   3  -3  -4  -3  -1  -3   4  -1  -4  -4   1  -3  -4  -5  -1  -4  -1  -3  -3   30  13   2   1   1   3   2  24   2   1   2   7   1   1   1   4   1   1   1   2  0.75 0.50
   88 Q     0   2   0   0   0   2   2  -2   1  -2  -2   2   0  -1  -1  -1  -1   2   0  -2    7   9   4   6   2   9  13   3   3   3   4  10   3   3   4   4   3   2   3   3  0.14 0.18
   89 M    -1   0   0   0   2   0  -1  -1   2   0  -1   0   2   0   0  -1   0   3   1  -1    5   5   5   5   5   5   5   5   5   5   5   5   5   5   5   5   5   5   5   5  0.03 0.09
   90 L    -1  -3  -4  -4  -1  -3  -4  -4  -1   1   5  -3   1   2  -3  -3  -4   0   0  -2    6   2   1   2   1   1   2   2   2   6  49   2   4   8   2   3   2   1   3   4  0.85 0.51
   91 I     2   2  -1   0  -1   0   0  -2  -1   0  -1   3  -1  -2  -2   0  -1   0  -2  -1   16   9   2   5   2   5   5   4   2   5   6  16   2   2   2   8   3   1   2   4  0.18 0.18
   92 D    -1   0   2   3  -1   0   2   1   1  -2  -3   0  -1  -3  -1   0  -1   0  -1  -3    6   5   8  16   2   4  11  12   3   2   3   5   1   1   3   7   4   1   2   3  0.23 0.21
   93 D    -1  -1  -1   1  -2   0   2  -1   2   2   0  -1   0  -1  -2  -2  -1   1   0   0    6   4   3   8   1   4  15   4   5  11   8   3   2   2   2   3   4   2   3   8  0.13 0.12
   94 S     0   1   1   1  -2  -1   0   1   2  -3  -4   1  -2  -2   2   1   0  -1  -1  -3    7   7   6   6   1   3   7  11   5   1   1   8   1   2  11  10   6   1   2   3  0.20 0.20
   95 F    -3  -4  -4  -4  -2  -4  -5  -3  -1   3   0  -5  -3   7   0  -4  -5   3   0   0    3   1   1   1   1   1   1   3   1  16   9   1   1  38   5   1   1   3   3   7  1.13 0.60
   96 D     0  -2   0   6  -2  -1   0  -3   1  -4  -5  -3  -3  -3  -2  -1   0  -1  -3  -3    8   3   4  43   1   3   6   2   3   1   2   2   1   1   2   6   6   1   1   3  0.91 0.58
   97 V     4   1  -4  -4   0  -1  -3  -3   1   0   0   0   0  -2  -2  -3  -1  -1  -1   2   30   7   1   1   2   4   2   2   3   6   8   5   2   2   2   2   4   1   3  13  0.39 0.29
   98 C     0  -2  -2  -2   4  -2  -2  -1  -1   3   0  -3   1   0  -4  -2  -1   1  -1   3    8   2   2   2   9   2   2   4   2  17   9   0   3   4   0   2   3   2   2  24  0.30 0.26
   99 F    -3  -2  -5  -3   0  -2  -3  -3   0   0  -1  -4   1   5  -2  -3  -2   3   6   0    2   2   0   2   2   2   2   2   2   6   6   0   3  23   2   2   2   3  29   6  0.76 0.49
  100 T     0   0  -2  -2   2   1  -2   0   2   0   0  -1   2   1  -3   0   0  -2   1   0    7   7   0   0   7   7   0   7   7   7   7   0   7   7   0   7   7   0   7   7  0.07 0.13
  101 S    -1  -1   0  -4  -5  -4  -4  -1  -5  -5  -6  -4  -5  -6  -5   7   0  -6  -5  -5    5   4   3   0   0   0   0   5   0   0   1   0   0   0   0  72   5   0   0   0  1.47 0.77
  102 P    -2  -2  -1   2  -1  -2  -2  -1  -1  -3  -2  -2  -1  -1   6  -1  -1  -5  -2  -2    2   3   2  10   1   2   2   5   1   2   5   2   1   3  44   5   3   0   2   4  0.82 0.44
  103 L    -2  -2  -4  -3   0  -1  -4  -2  -1   0   5  -2   2  -1  -5  -1  -2   0  -1   0    2   3   0   2   2   3   0   3   1   3  56   2   4   2   0   5   2   2   2   5  0.64 0.39
  104 K    -1   1   0  -2  -2   2   1  -1  -1  -1  -1   3  -1  -3  -2   1  -1  -2  -2  -1    5   7   3   2   1  10   8   5   1   4   8  23   1   1   2  11   4   1   1   3  0.23 0.20
  105 R    -2   8  -5  -6  -7  -1  -5  -6  -5  -7  -6  -2  -6  -7  -1  -1  -6   0  -6  -2    3  77   0   0   0   2   0   0   0   0   0   2   0   0   3   4   0   1   0   3  2.21 0.90
  106 S     6  -5  -3  -5   2  -5  -2  -3  -5  -5  -5  -5   0  -6  -3   0   3  -6  -6  -1   56   0   1   0   4   0   2   2   0   0   0   0   2   0   1   7  16   0   0   5  1.14 0.59
  107 K     0   3  -2  -3  -2   2  -1  -3  -1   1  -1   2   1  -1  -2  -1  -1   0   0   0    7  19   1   1   1  11   4   1   2   8   6  13   3   2   1   4   4   1   4   6  0.24 0.20
  108 K    -1   2  -1   1  -2   4   3  -3   3  -3  -4   2  -2  -4  -5   0  -2  -2  -2  -2    4   9   2   7   1  18  21   1   6   1   2  11   1   1   0   8   2   1   2   3  0.50 0.35
  109 T    -3  -7  -1  -6  -2  -6  -6  -3  -7  -3  -5  -6  -3  -4  -3   0   8  -8  -7  -4    3   0   3   0   1   0   0   2   0   2   1   0   1   1   2   5  78   0   0   1  2.06 0.96
  110 A     6  -4  -5  -7  -1  -4  -5  -2  -4  -3   0  -5  -1  -4  -6  -2  -1  -7  -4  -3   72   1   1   0   1   1   1   3   1   2   8   1   1   1   0   2   3   0   1   2  1.51 0.78
  111 E     0   1   0   1  -3   2   5  -2   0  -4  -4   0  -2  -4  -3  -1  -2   0  -4  -4    7   8   4   7   1  10  37   3   2   1   2   6   1   1   1   3   2   1   1   1  0.64 0.43
  112 I     1  -2  -3  -4  -1  -2  -1  -3   0   5   1  -3  -1  -1   0  -2  -2  -2  -1   0   12   2   1   1   1   2   4   2   2  37  12   1   1   2   4   3   3   0   2   6  0.52 0.33
  113 I    -1  -5  -5  -5  -1  -5  -5  -6  -4   6   2  -5  -1  -1  -5  -4  -3  -3  -4   3    6   1   1   1   1   0   1   1   0  43  20   1   1   2   1   1   1   0   1  16  1.15 0.55
  114 W     3  -2  -1  -5   1  -3  -4   0  -1  -2   2  -2   0  -1  -4   0  -2   6  -1  -2   26   3   3   1   2   1   1   8   1   2  17   3   3   2   1   6   3  12   2   3  0.51 0.33
  115 G     1   0   0   2  -3   1   2   3  -1  -3  -3   2  -3  -4  -2  -1  -2  -3  -2  -3   11   5   4   9   1   6  11  23   1   1   3  10   1   1   2   5   2   0   1   2  0.34 0.25
  116 S     1   0   0   0  -2   1   1   1   1  -2  -1   0  -1  -2   0   1  -1  -2  -1  -1   13   5   5   5   1   6   9  11   4   2   7   5   1   2   5   9   3   0   2   5  0.08 0.10
  117 R    -3   4  -1  -4   1   0  -3  -3   4  -1   2   1   1  -2  -1  -2   1  -2  -3  -2    3  18   3   1   2   4   2   3  10   4  16   9   3   2   3   3   7   1   1   3  0.39 0.26
  118 E    -2  -1   1   4  -4   1   2   3   1  -5  -4   0  -5  -5  -1  -2  -3  -4  -4  -5    4   4   7  17   0   6  14  21   3   1   3   7   0   1   4   4   2   0   1   1  0.53 0.37
  119 S     0  -1  -2  -3   0   0   1  -1  -1   2   3  -1   0  -3  -1   0  -1  -3  -3   1    8   4   2   2   2   4   8   4   2  11  24   4   2   1   3   6   5   0   1   8  0.20 0.15
  120 E    -1  -2  -1   2  -4   1   4  -3  -2  -4  -5   1  -1  -6   5  -1  -1  -4  -6  -4    5   3   3  10   0   5  21   3   1   1   2   7   2   0  25   5   4   0   0   1  0.70 0.50
  121 M    -1  -4  -4  -6  -2  -4  -4  -5  -3   4   2  -4   2  -2   1  -5  -1   2  -3   4    5   1   1   1   1   1   1   1   1  20  18   1   4   2   8   1   4   2   1  25  0.74 0.41
  122 I    -3   1  -2  -4  -3   0  -1  -5   1   5   0  -1  -1  -2  -2  -3   0  -2  -1   3    3   7   2   1   1   5   5   1   4  24   8   4   1   2   2   3   7   1   2  18  0.48 0.28
  123 F    -1   0  -3  -4  -1  -1   0  -5   0   1   0   1  -2   2   1  -2   2  -1   2   1    5   5   1   1   1   3   6   1   2   9   9   8   1   9   6   3  13   1   6  10  0.23 0.17
  124 D    -3  -1  -1   6  -2  -3   2  -5   1  -3   0  -3  -1  -6  -4   0  -1  -4  -5  -1    3   3   4  40   1   1  11   1   4   2   8   2   2   0   1   6   4   0   1   5  0.88 0.53
  125 Y     0  -2  -2   3  -5  -1   3  -5  -1  -4  -4   0  -3  -2   3   0  -2   6   0  -3    7   2   2  15   0   3  15   1   2   1   2   6   1   2  16   7   2   8   3   3  0.56 0.41
  126 D     0   5   0   4  -4  -1   2   2  -2  -7  -5  -2  -4  -7  -4   0  -4  -5  -6  -7    9  26   5  19   0   3  10  13   1   0   1   2   0   0   1   6   1   0   0   0  0.81 0.52
  127 L    -4  -3  -8  -3   1  -8  -2  -8  -8   1   5  -3   0   2  -3  -4  -3   2  -1  -1    2   2   0   2   2   0   3   0   0   8  54   2   2   7   2   2   2   2   2   4  1.09 0.61
  128 R    -2   6   2  -1  -1  -2   0  -4   0   0  -2   1   1  -3  -1  -2  -2   0  -2  -2    4  33   8   4   1   2   6   2   2   5   4   7   3   1   4   3   3   2   1   3  0.59 0.40
  129 E    -4  -3  -2   0  -9  -3   7  -3   1  -3  -3  -4  -9  -3  -4  -8  -4   0  -2  -4    2   2   2   4   0   1  67   3   3   2   4   1   0   1   1   0   1   1   2   2  1.78 1.01
  130 I    -3   2  -4  -4   0  -2  -3  -4  -1   5   1  -3   3   0  -4  -3  -2   3  -1   2    3  11   1   1   2   2   2   2   2  24  11   2   7   4   1   2   3   4   2  12  0.55 0.33
  131 D    -2  -2   3   5   0  -3   2  -1   4  -4  -4  -2  -2  -2   0   0  -4  -1  -1  -4    4   3  11  25   2   1  10   6   8   1   2   2   1   2   6   8   1   1   2   1  0.58 0.40
  132 L    -1  -3  -3  -3  -1  -2  -3  -3   1   1   2  -3   3   5  -4  -4  -4   1   4   0    5   2   1   2   2   2   2   3   3   8  17   2   6  19   1   2   1   2  14   6  0.63 0.35
  133 Y    -4  -4  -4  -3  -3  -4  -3   6  -1  -2  -4  -2  -3  -1  -2  -4  -4  -1   2  -5    2   1   1   2   1   1   2  60   2   3   3   3   1   3   3   2   2   1   6   1  1.37 0.74
  134 S     1   0   0   2  -2   0   3  -2   0   0  -1  -1  -2  -2   0   0  -1  -1  -2   0   10   4   4  11   1   4  17   3   2   5   7   4   1   2   4   7   4   1   2   6  0.15 0.15
  135 F    -3  -2  -2  -2   2  -2  -2  -1   1  -1   1  -2   1   2  -1  -2  -2   8   3  -2    3   3   3   3   4   2   4   5   3   3  13   3   3   7   3   3   3  20   7   4  0.65 0.43
  136 Q     0   0   0   0   2   0   0  -1   1   0  -1   0   1   0   0   0   0  -2   1   0    5   5   5   5   5   5   5   5   5   5   5   5   5   5   5   5   5   0   5   5  0.03 0.05
  137 G     0   0   0   0   2   0   0  -1   1   0  -1   0   1   0   0   0   0   3  -2   0    5   5   5   5   5   5   5   5   5   5   5   5   5   5   5   5   5   5   0   5  0.05 0.09
  138 L    -2   1  -1  -2   1   0  -1  -3   1   0   2   0   5   1  -1  -2  -2   3   1  -1    3   9   3   3   3   3   4   3   3   5  17   7  12   5   4   4   3   4   4   4  0.26 0.19
  139 L    -1   0   0   0   2   0  -1  -1   2   0  -1   0   2   0   0  -1   0   3   1  -1    5   5   5   5   5   5   5   5   5   5   5   5   5   5   5   5   5   5   5   5  0.03 0.09
  140 K    -1   0   0  -1   1   0   0  -2   2   0  -1   2   1   1  -1  -1   0   4   2  -1    5   6   4   3   3   3   6   4   4   6   5  11   3   7   3   5   5   5   6   5  0.11 0.10
  141 K     1   0  -1   3  -1   1   2  -2   0  -3  -3   1  -1  -3  -1   1  -1   1  -1  -2   11   4   3  13   1   7  14   4   3   2   2   8   1   2   3   9   4   2   2   3  0.21 0.23
  142 E    -3  -2  -2   3  -1   0   6  -4  -1  -3  -5  -2  -2  -2  -3  -2  -2   0  -1  -3    3   3   2  12   1   5  47   2   2   2   2   3   1   2   2   3   3   1   2   2  1.02 0.72
  143 G    -1   0   0   0   2   0   0  -1   2   0  -1   0   2   1   0  -1   0   4   1  -1    5   5   5   5   5   5   5   5   5   5   5   5   5   5   5   5   5   5   5   5  0.09 0.08
  144 K     0   1   0  -1   0   0   0  -1   1   1  -1   1   1  -1  -1  -1  -1   2   0  -1    8   9   4   4   3   4   7   4   3   9   6   9   4   3   3   4   4   3   3   4  0.03 0.05
  145 E     1   1  -1   1  -1   1   3  -3   0  -3  -3   1  -1  -2  -1   0  -1   1  -2  -2   13   6   3   8   1   6  21   2   2   2   3   8   2   2   3   6   4   2   2   3  0.29 0.27
  146 K    -1   0   0   0   2   0  -1  -1   2   0  -1   0   2   0   0  -1   0   3   1  -1    5   5   5   5   5   5   5   5   5   5   5   5   5   5   5   5   5   5   5   5  0.03 0.09
  147 F    -2  -2  -1   0   1  -1  -1  -2   4  -1  -1  -2   0   3  -1  -2  -2   4   5  -2    3   3   4   6   3   3   4   3   7   3   6   3   3  12   4   4   3   6  16   3  0.40 0.31
  148 G     0  -1  -1  -1   0  -1  -1   2   0  -3  -3  -1   0  -2   5  -1  -1   1  -1  -3    7   3   3   4   2   2   4  13   2   2   3   4   2   2  31   6   4   2   2   2  0.56 0.45
  149 E    -1  -1  -1   3  -1   0   4  -1   1  -3  -3   0  -1  -3   0  -1  -2   0  -1  -3    6   4   3  14   2   5  26   5   3   2   3   6   2   2   4   4   3   1   3   2  0.41 0.37
  150 A     2  -1  -1   0  -1   2   3  -2   0  -1   0  -2   0  -1   0  -1  -2   0  -2  -1   16   3   3   6   1   7  18   4   2   3   9   2   3   3   5   4   3   1   2   4  0.17 0.20
  151 F    -2  -2  -3  -4  -1  -3  -2  -4   1   0   0  -4   1   5  -4  -3  -4   6   6   0    4   3   1   2   1   1   3   2   3   5  10   1   3  18   1   2   2   9  22   5  0.88 0.53
  152 K     1   2   1   1  -2   1   2  -2   1  -3  -2   2  -1  -2  -2  -1  -1  -1   0  -2   11  12   6   7   1   6  11   3   3   2   5  12   2   2   2   5   4   1   3   3  0.20 0.20
  153 Q     2   2   1   0   0   2   1  -3   1   0  -1   1   0  -2  -2  -1  -1  -1  -2  -2   14  10   6   4   2   9   8   2   4   5   7   7   3   2   2   5   4   1   2   3  0.15 0.16
  154 W    -5  -1  -3  -4  -3  -5  -5  -4  -1  -2  -1  -5  -1   4  -5  -5  -4  11   2  -4    2   3   2   1   1   1   1   2   2   2   6   1   2  16   1   1   2  47   5   2  2.26 1.19
  155 Q    -3   4  -1  -1  -2   3   0  -2   1  -1   0   0   1   2  -3  -2  -2   5   0  -2    3  20   3   3   1  10   6   3   3   3   8   6   3   7   2   3   3   6   4   3  0.38 0.30
  156 E     1   2   2   1  -3   0   3  -3   2  -4  -4   1  -2  -3  -3   0   0  -2  -1  -3    9  11   9   7   1   5  18   3   4   1   2   8   1   1   1   8   6   1   2   2  0.33 0.29
  157 D    -1   2   2   5  -2  -1   1  -1   2  -4  -4  -1  -3  -4  -2   0  -1  -1  -2  -5    5  10   9  29   1   3   8   6   4   1   3   3   1   1   3   7   4   1   2   1  0.54 0.41
  158 P    -2  -1  -2   0  -3  -3  -1  -2  -2  -2  -2  -2  -2  -3   7  -2  -2   1  -2  -3    4   4   2   6   1   2   4   3   1   3   4   3   1   2  49   3   3   2   2   2  1.15 0.77
  159 A     2  -2  -2   0  -3  -1   1   0   3  -1   0  -1  -1   0   1   0  -1   2   0   0   14   2   2   5   1   3  10   6   7   3   8   4   1   3   7   6   4   3   3   6  0.11 0.13
  160 N    -1   0   3   3  -3   0   1   0   2  -3  -1   1  -2  -3  -3   0   0   0  -1  -2    5   4  14  13   1   4   9   7   5   2   6   7   1   1   2   6   6   1   2   3  0.25 0.22
  161 F     0  -2  -2  -3  -1  -3  -2  -1   0  -1   0  -3  -1   5  -2  -3  -1   0   5   1    8   3   2   2   2   1   3   5   2   4   8   2   2  22   2   3   5   1  16  10  0.55 0.35
  162 I     1   2  -1  -2  -1   0  -1  -3  -1   1  -1   0  -1  -1   2  -1   0  -2  -2   1   11  11   3   3   1   4   5   2   1   9   5   7   1   2  10   5   7   1   2  10  0.14 0.14
  163 I     0  -3  -4  -4  -2  -4  -3  -3  -2   3   0  -3   3   2   5  -3  -2  -2  -1   1    8   2   1   1   1   1   2   3   1  14   8   2   6   7  25   3   3   1   2  10  0.58 0.41
  164 D    -3  -2   1   4  -4  -2   2   1  -3  -5  -5  -2  -4  -4   6  -3  -2  -8  -4  -5    3   3   5  17   0   2  12   9   1   1   2   3   1   1  33   3   3   0   1   1  0.93 0.66
  165 G    -1   0   0   0   2   0  -1  -1   2   0  -1   0   2   0   0  -1   0   3   1  -1    5   5   5   5   5   5   5   5   5   5   5   5   5   5   5   5   5   5   5   5  0.03 0.09
  166 H    -1   1  -1  -1   1   0   0   3   4  -2  -2  -1   1   0  -1  -2  -1   2   1  -2    6   8   4   3   3   4   5  21   9   3   4   4   3   4   4   3   3   2   4   3  0.25 0.20
  167 Y    -1   0   0   0   2   0  -1  -1   2   0  -1   0   2   0   0  -1   0   3   1  -1    5   5   5   5   5   5   5   5   5   5   5   5   5   5   5   5   5   5   5   5  0.03 0.09
  168 P    -1   0  -1  -1   1  -1   0  -2   0  -2  -2  -1   0   0   5   0  -1  -7  -1  -2    6   6   3   3   2   3   6   4   3   3   4   4   3   4  27   7   4   0   3   3  0.39 0.37
  169 V    -1  -2  -2  -2  -1  -2  -3  -1  -1   2   2  -3   2   3  -2  -2   0   1   0   2    5   3   2   2   1   2   2   5   2   9  19   2   5  11   3   3   5   2   3  14  0.26 0.18
  170 R     0   3  -1   0  -1   1   1   0   0  -2  -1   0  -1  -2  -2  -1  -1   0  -1  -2    8  16   3   5   1   7  11   7   3   3   6   6   2   2   3   5   4   1   2   3  0.15 0.16
  171 E     0  -1  -1   3  -1   3   5  -3   0  -3  -4  -2   0  -3  -3  -2  -2  -9  -3  -1    8   3   3  16   1  11  30   2   2   2   2   2   2   1   2   3   3   0   1   4  0.67 0.52
  172 L     0  -2  -4  -4  -1  -4  -4  -4  -1   0   3  -4   2   3  -8  -3  -1  -1  -3   4    7   3   1   1   1   1   1   1   1   6  25   1   4  12   0   2   4   1   1  23  0.62 0.39
  173 W     1   1  -2  -3   0   1  -1  -2   1  -1   0  -1   0   1  -2  -1  -1   4   3  -1   13   7   2   2   2   7   5   3   3   4   8   3   3   6   3   5   3   6  10   5  0.22 0.20
  174 S     2   1   0   2  -2   1   3  -2   0  -3  -2   1  -2  -3  -3   0   0  -2  -2  -2   15   8   4  11   1   7  15   3   2   2   4   7   1   1   1   6   5   1   2   3  0.24 0.25
  175 R    -3   8  -4  -4  -3   0  -2  -4  -2  -4  -4  -1  -3  -2  -5  -5  -3  -9  -2  -3    3  66   1   1   1   4   3   2   1   1   3   3   1   2   1   1   2   0   1   3  1.90 1.05
  176 A     4  -3  -4  -5   1  -3  -2  -2  -2   0  -1  -4   1  -1  -7  -1   0  -3  -3   4   32   2   1   1   2   2   3   4   1   5   5   2   4   2   0   4   6   1   1  21  0.64 0.43
  177 R     0   4  -1  -1  -2   0   0  -1   1  -1   0   1   1  -2  -4  -1  -1   1  -2   0    8  21   3   3   1   5   6   5   3   4   9   8   3   2   1   4   4   2   2   7  0.24 0.19
  178 S     2   1   0   1  -2   0   1  -1   0  -3  -3   1  -3  -4   1   1  -1  -3  -3  -2   18   8   5   7   1   5  10   5   2   2   3   7   1   1   7  11   5   1   1   3  0.23 0.23
  179 C     3   0  -4  -3   5  -4  -3  -2  -3   0  -1  -3  -1   4  -5  -2  -1  -2  -1   1   23   5   1   2   9   1   2   4   1   5   6   2   1  16   1   3   4   1   2  10  0.54 0.33
  180 W    -2  -1  -4  -4  -2  -3  -2  -4  -2   2   3  -4   2   2  -5  -4  -3   7   0   1    4   4   1   1   1   1   3   2   1  11  28   2   4   8   1   2   2  13   4   9  0.76 0.42
  181 P     0   1   1   2  -3   2   3  -3   0  -3  -3   1  -1  -4   2  -2  -1  -3  -3  -4    7   8   6  11   1   8  16   3   2   2   4   8   1   1  11   3   4   0   1   2  0.33 0.29
  182 G     0   2   0   2  -3   0   3   1   0   0  -2   1  -2  -2  -4  -1  -2  -2  -2  -2    8   9   4  11   1   4  17  11   2   5   5   7   1   2   1   6   3   1   2   3  0.23 0.20
  183 I    -1  -4  -4  -4  -1  -3  -3  -5  -4   6   3  -4   0   0  -4  -4  -3  -2  -2   2    5   1   1   1   2   1   2   1   1  34  22   1   2   3   1   1   2   1   1  14  0.92 0.49
  184 L     2  -1  -4  -3  -2  -1  -1  -4  -3   2   3  -1   0  -3  -4  -3  -2  -3  -3   1   14   4   1   2   1   4   4   2   1  11  30   4   2   1   1   2   3   0   1  10  0.42 0.28
  185 A     4   1  -1  -2  -2   1   1  -2  -1  -3  -3   2  -3  -4  -2   1  -1  -4  -3  -3   27   7   3   3   1   5  10   4   1   2   3  13   1   1   2   9   4   0   1   2  0.42 0.34
  186 H    -3   0   1  -2  -4   0   0  -3   9  -5  -3   0  -3  -3  -1  -2  -3  -2   3  -5    3   5   6   3   1   4   6   2  39   1   3   5   1   2   3   3   2   1   8   1  1.34 0.74
  187 E     0   0   0   2  -4   2   3  -2   1  -4  -3   0  -3  -4   4  -1  -2  -3  -3  -3    8   5   4   9   1   8  17   3   3   1   3   7   1   1  18   5   3   0   1   2  0.43 0.38
  188 S    -1  -3   2   3  -3  -2   0   5  -1  -6  -6  -2  -4  -5  -2   0  -2  -4  -3  -6    5   2   8  12   1   2   7  39   2   1   1   3   0   1   2   8   3   0   1   1  0.83 0.56
  189 K    -3   1  -2   0  -4   3   3   2  -2  -7  -7   4  -4  -7  -4  -1  -5  -4  -6  -7    3   7   2   5   0  13  18  16   1   0   1  24   0   0   1   4   1   0   0   1  0.86 0.61
  190 S    -3   3   4   0  -2  -1  -3  -4   0  -6  -6   1  -5  -7  -3   1   5  -4  -6  -4    3  12  17   6   1   3   2   1   2   1   1   7   0   0   2  10  28   0   0   2  0.82 0.61
  191 V    -3  -6  -7  -8  -4  -7  -8  -8  -4   5   0  -8  -3  -2  -4  -6  -3  -5  -3   6    3   1   0   0   0   0   0   0   0  30   8   0   1   2   2   1   2   0   1  46  1.66 0.89
  192 L     1 -11 -11 -11  -1 -10  -7  -6 -11   1   6 -11   0  -4 -11  -8  -6  -4  -6   2   12   0   0   0   2   0   0   1   0   6  59   0   2   1   0   0   1   0   0  14  1.60 0.87
  193 V     0  -2  -2  -3   3  -2  -2   0  -2   1   0  -2   2   1   1  -1   0   4  -1   0    8   0   0   0   8   0   0   8   0   8   8   0   8   8   8   1   8   8   0   8  0.12 0.14
  194 V    -1  -3  -3  -3   1  -1  -1  -2  -3   1   0  -1   1   1  -3   0   0  -3   2   4    4   0   0   0   3   3   3   3   0   4   4   3   3   8   0   6   4   0   7  38  0.23 0.25
  195 A     2   0   0  -3   2  -2  -2   0   0  -1  -2  -1   0  -1  -1   2   2   4  -2  -1   18   4   4   0   5   0   0   6   2   2   3   2   3   2   2  16  19   7   0   3  0.24 0.24
  196 H    -3  -4  -3  -2  -5   0  -2  -5  10  -5  -3  -4  -4  -1  -5  -2  -2  -5   0  -1    2   0   0   2   0   4   2   0  70   0   2   0   0   2   0   2   2   0   2   5  2.02 0.83
  197 N    -1  -1   1   1  -2  -1  -1   4   1  -3  -3   0  -2  -3  -2   0   0   0  -2  -3    5   3   8   8   1   1   4  37   4   1   1   6   1   1   1   7   6   1   1   2  0.40 0.28
  198 A     1  -1   0  -1   1  -2  -2   4   1   0  -2  -2  -1  -1   0  -1   0  -4  -1   0   15   4   4   3   3   2   1  30   4   5   3   1   2   3   5   3   5   0   2   6  0.28 0.23
  199 V     0  -3  -3  -4  -1  -1  -3  -3  -1   3   0  -2   0   1   0   0   0   0   0   3   10   1   1   0   1   3   0   2   2  15   8   2   2   6   5   6   6   1   3  25  0.25 0.23
  200 N    -1   0   2  -1  -1  -3  -3  -1  -2   4   2  -3   1   0  -4  -1  -1  -4  -2   0    6   5  12   3   1   1   1   5   1  25  20   1   4   4   0   3   2   0   1   4  0.31 0.27
  201 Q    -2   5  -1  -1  -2   2  -1  -1  -1  -2  -3   3  -1  -2  -1  -1  -1  -2  -3  -2    3  33   3   3   1   7   3   4   1   2   3  17   2   2   3   3   3   1   1   3  0.57 0.40
  202 A     3  -3  -3   0   3  -2  -2  -2  -2   1   0  -1   1  -2  -3   0   0  -1  -3   2   26   1   1   5   6   1   2   2   1   6   9   4   4   2   1   8   5   1   1  14  0.28 0.26
  203 L     0  -2  -2  -3   2   0  -2   0   2   0   0  -2   1   1   1   0   0   4   1   0    6   0   0   0   6   6   0   6   6   6   6   0   6   6   6   6   6   6   6   6  0.09 0.17
  204 L    -2  -2  -2  -2   1  -1  -2  -3   1   2   3  -2   2   0  -2  -2  -2   2   2   0    3   3   3   2   3   2   3   3   3  12  27   3   5   4   2   3   3   2   6   6  0.31 0.21
  205 A     2   2  -2  -3   6  -2  -2   1   0  -1  -2  -1   1  -2  -3   0  -1   3   0  -2   14  11   2   2  13   2   3   9   2   3   5   3   4   2   2   7   4   4   3   3  0.32 0.25
  206 T     1   2  -1  -2  -1  -1  -1  -1   3   0  -1  -1   1   0  -3   0   1   1   3  -1   10   9   3   3   2   3   4   5   8   5   6   4   4   3   1   6   8   2   8   4  0.11 0.13
  207 A     3  -4  -4  -7   0  -3  -4  -3  -1   2   3  -2   1   2  -4  -3  -2   2   0   1   23   1   1   0   2   1   1   2   1  10  23   3   3   7   1   3   2   3   3   8  0.48 0.33
  208 I    -3  -1  -2  -3  -1  -2  -1  -4  -1   2   4  -1   1   0  -4  -2  -1   0   0  -1    2   3   2   2   2   2   5   2   2   9  40   4   3   4   1   4   4   1   4   4  0.52 0.34
  209 G    -2  -2   1   1  -2  -2  -2   6   0  -4  -5  -2  -3  -4  -2  -3  -4  -1  -4  -5    4   3   7   7   1   2   4  53   2   1   1   3   1   1   3   3   2   1   1   1  1.11 0.67
  210 L    -1   0   0   0   2   0  -1  -1   2   0  -1   0   2   0   0  -1   0   3   1  -1    5   5   5   5   5   5   5   5   5   5   5   5   5   5   5   5   5   5   5   5  0.03 0.09
  211 G     0  -1   0   2   1  -1   0   1   1  -2  -3  -1   0  -1   3   0  -1   2  -1  -2    7   3   5  10   2   3   6  12   3   3   3   5   3   3  14   6   4   3   3   3  0.19 0.19
  212 T    -1  -1  -1  -1   0   0  -1  -2   1   0   1   0   2  -1   3   0   0   1  -1  -1    6   3   3   4   2   4   5   3   3   5  16   5   4   3  13   6   7   2   2   4  0.13 0.13
  213 E    -1   0   0   3  -1   1   4  -2   1  -3  -4   0  -1  -3  -1   0  -1   0  -2  -3    5   6   5  14   1   6  22   4   3   2   2   5   2   2   3   8   4   1   2   2  0.35 0.34
  214 Y     0   1   1   0   0   0  -1   0   4  -2  -1  -1   0   2  -3  -1  -1   2   3  -2    8   7   6   5   2   4   4   6   9   3   6   4   3   8   2   4   4   2   9   4  0.18 0.15
  215 F    -2  -2  -4  -3  -2  -4  -2  -2   1   0   0  -4   2   5   0  -4  -3   6   4  -2    4   2   1   2   1   1   4   4   3   5  10   2   4  21   6   2   2  10  13   3  0.74 0.46
  216 R    -2   5  -1  -2  -3   0  -1  -2   3  -4  -3   0  -2   0  -2  -2  -2   7   0  -4    4  28   3   2   1   4   5   3   7   1   3   6   1   4   3   3   3  13   3   2  0.81 0.55
  217 S    -1   4   1   1  -2   1  -1  -1   1  -2  -3   1  -1  -3  -1   2   0  -1  -3  -3    6  18   7   7   1   5   4   5   3   2   3   8   2   1   4  12   6   1   1   2  0.27 0.26
  218 L    -1   0   0   0   2   0  -1  -1   2   0  -1   0   2   0   0  -1   0   3   1  -1    5   5   5   5   5   5   5   5   5   5   5   5   5   5   5   5   5   5   5   5  0.03 0.09
  219 L    -1   0  -1   0   1   0   0  -1   1   0   1  -1   1   1   0  -1   0   3   0   0    5   6   3   5   3   5   5   5   4   5  12   4   3   5   5   4   6   4   3   9  0.03 0.04
  220 Q    -2  -2  -2  -1   0   4  -2  -2   1   2   1  -2   2  -1   1  -2  -2   1  -1   1    3   3   2   3   2  16   3   4   3  10  14   3   4   3   8   3   3   2   2   8  0.27 0.23
  221 S     0  -1   0   3  -1  -1   0   1   1  -2  -2   0  -1  -2   1   2  -1   0  -1  -3    7   4   5  15   1   3   5   9   4   2   4   6   1   2   7  14   4   1   2   2  0.17 0.20
  222 N    -3  -4   8  -3  -2  -2  -4  -3   0  -4  -3  -4  -2  -3   0  -3  -1  -1  -1  -4    3   1  58   2   1   2   1   3   2   1   3   1   1   1   6   2   3   1   3   2  1.63 1.00
  223 C     3  -4  -3  -3   8  -3  -5   1  -2  -3  -3  -5  -3  -9  -4  -2   3  -1  -2  -3   22   1   2   2  29   2   1   9   1   2   3   1   1   0   1   3  14   1   1   2  1.19 0.73
  224 G     2  -3   0  -2   3  -3  -2   3   0  -4  -5  -3  -3  -4  -3   4  -2  -1  -3  -4   17   2   4   2   6   1   3  22   2   1   1   2   1   1   2  27   3   1   1   2  0.70 0.51
  225 V    -2  -4  -3  -8  -1  -3  -8  -5  -2   5   2  -4   0  -1  -3  -4  -1   3   0   4    4   1   2   0   1   2   0   1   1  23  19   1   2   3   2   2   4   3   4  23  0.80 0.46
  226 S     0  -2   4  -4   2  -3  -3  -4  -1  -4  -6  -3  -1  -3  -4   4   3  -1  -1  -4    8   2  19   1   3   2   2   2   2   1   1   2   2   1   1  29  18   1   3   1  0.85 0.62
  227 V    -2   1  -5  -5   2  -2   0  -5  -2   4   0  -2   0  -4  -5  -3   0   0  -3   4    4   8   1   1   3   2   6   1   1  22   9   3   2   1   1   3   5   2   1  25  0.65 0.39
  228 L    -4  -5  -5  -5  -3  -5  -6  -9  -4   4   4  -6  -1   3  -5  -5  -2  -1  -1   3    2   1   1   1   1   1   1   0   1  18  39   1   2   9   1   1   3   1   2  16  1.05 0.57
  229 D    -2  -1   2   4  -3  -1   4  -3   0  -4  -3  -1  -4  -5  -4  -2   0  -2  -2  -4    3   4   9  23   1   3  28   2   2   1   3   3   1   1   1   4   6   1   2   2  0.76 0.52
  230 F    -3  -3  -5  -5  -1  -5  -4  -3  -2   1   1  -4  -2   6  -5  -6  -4   5   6  -1    3   2   1   1   1   1   1   3   1   8  11   2   1  29   1   1   1   7  20   4  1.19 0.63
  231 I    -1   0  -1   0  -1  -2  -1  -2  -1   2   0  -1   0   0  -1   0   1   1   2   1    4   6   3   5   1   2   5   4   1  12   9   3   2   4   3   6   9   2   7  11  0.11 0.08
  232 P    -1  -1  -2   0  -4  -1   1  -2  -1  -2  -1  -2  -2  -3   6  -1  -2  -4   0  -1    5   3   2   5   0   3   8   4   2   3   6   3   1   1  38   4   3   0   3   5  0.71 0.42
  233 R    -2   5   0   0  -2   1   0  -1   1  -2  -2   0  -2  -2  -2  -1  -1   0  -1  -2    4  29   5   5   1   6   7   5   3   2   5   6   1   2   3   5   4   2   2   4  0.44 0.25
  234 A     2   0   0  -1  -1  -1   0   1  -1  -1  -1   0  -1  -1   0   0   0   0  -1   0   18   5   4   4   1   2   6  13   1   3   6   5   2   3   4   8   5   2   2   6  0.07 0.08
  235 D    -3  -2   1   6  -5  -1   2  -1   1  -4  -3  -2  -2  -3  -2  -1  -2   1  -2  -3    3   2   5  45   0   2  11   5   3   1   3   2   1   1   3   4   2   2   2   2  0.91 0.54
  236 G    -1  -2   0   0  -4  -3  -2   6  -2  -4  -4  -2  -4  -2  -2  -1  -1   0  -3  -4    6   3   5   5   1   1   3  53   1   1   2   3   1   2   3   4   3   1   1   2  0.95 0.55
  237 G    -1  -1   0   0   0   0  -1   5  -1  -3  -3  -1  -1  -2  -3   0  -1   2  -2  -2    6   3   4   6   2   4   4  39   1   1   3   3   2   2   1   6   4   2   2   3  0.52 0.34
  238 S     1   0   0  -1   0   0   0   0  -1  -1  -2  -1  -1  -1   0   2   1   1   0  -1   12   5   4   4   2   4   5   7   1   3   4   4   2   3   5  15   9   2   3   4  0.08 0.11
  239 P     0   1  -3   0  -2   0  -1  -2   0  -2  -2  -1  -2  -2   5   0   0   0   0  -1    8   7   2   5   1   4   5   4   2   3   5   4   1   2  28   6   5   1   3   6  0.40 0.28
  240 H    -1   1   0  -3  -4   1   0  -2   6  -1   1  -1  -1  -1  -1  -1  -1   0   1   0    4   7   4   2   0   6   5   4  19   3  14   4   1   3   3   4   3   1   5   7  0.31 0.23
  241 V     1  -2  -1  -5  -2  -1  -3  -3  -3   3   1  -3   1   0  -2  -3  -1   0  -1   4   10   3   4   1   1   3   2   2   1  13  14   2   3   3   3   2   3   2   2  29  0.41 0.28
  242 C     0   0  -3  -2   7   2  -2  -2  -1   1   0  -2  -1  -2  -4   0   1  -3  -1   0    8   5   1   2  20  10   2   3   1   7   8   2   2   2   1   8   7   0   2   7  0.43 0.32
  243 L    -5  -4  -6  -5  -4  -5  -5  -6  -7   2   6  -6   2  -1  -8  -5  -2   1  -1   2    1   1   0   1   0   1   1   1   0  10  59   0   4   2   0   1   2   2   2  11  1.27 0.70
  244 N    -3   1   6   0  -3  -1   2  -3   1  -3  -3   0  -1  -6  -3  -1   0  -3  -3  -1    2   8  33   5   1   2  14   2   4   2   4   5   2   0   1   5   5   0   1   5  0.64 0.46
  245 R    -1   5  -1  -1   0   1  -1  -3   3  -4  -1   1  -3  -2  -4   2  -1  -6  -1  -3    6  26   3   4   2   5   4   2   6   1   8   7   0   2   1  16   3   0   2   2  0.46 0.37
  246 L    -3  -5  -7  -7  -2  -4  -4  -6  -3   1   5  -5   2   1  -5  -5   0  -1   0   2    2   1   0   0   1   1   1   1   1   7  52   0   5   6   1   1   5   1   4  11  1.00 0.58
  247 N    -4  -3   8  -1  -3  -3  -2  -3   0  -6  -6  -2  -3  -6  -4   0  -2  -9  -8  -5    2   2  68   4   1   1   3   2   2   1   1   2   1   0   1   6   2   0   0   1  1.97 1.05
  248 Q    -1   0   0   0   2   0   0  -1   2   0  -1   0   2   1   0  -1   0   4   1  -1    5   5   5   5   5   5   5   5   5   5   5   5   5   5   5   5   5   5   5   5  0.09 0.08
  249 T     0  -1  -1  -1   1   0  -2  -2   1  -1  -2  -2  -6  -1   0  -1   5  -7   0   0    7   4   3   3   3   4   3   4   3   4   5   3   0   3   5   6  31   0   3   6  0.44 0.34
  250 P     1  -3  -1  -2   0  -1  -2  -2   1  -3  -3   0  -1  -2   6  -1   0   1  -1  -2   10   2   3   2   2   3   3   4   3   2   3   5   2   2  36   5   5   2   2   3  0.70 0.50
  251 N    -2  -1   4   2  -8  -1  -1   0   7  -3  -2   0  -1  -3  -2  -1  -2   0   0  -3    4   4  15  10   0   3   4   7  23   2   4   5   2   1   2   5   3   2   3   2  0.71 0.44
  252 S     0  -1   0   0  -1   1  -1  -1   1  -1   0  -2   0   0   0   2   0   0   0  -1    9   3   5   5   1   6   4   4   3   4  10   2   3   5   6  15   7   1   3   4  0.06 0.11
  253 P    -2  -1  -6  -3   0  -3  -2   0   2  -3  -2  -1  -1  -7   7  -4  -3  -7  -3  -3    4   3   0   2   2   1   3   7   4   2   4   4   1   0  54   2   2   0   1   2  1.34 0.81
  254 L    -1  -2  -2   0  -1  -2  -1  -2   0   2   3  -2   1   0  -2  -3  -1  -4   0   1    5   1   2   5   1   1   5   3   2  10  33   2   4   4   2   1   3   0   3  11  0.26 0.24
  255 A     2   0  -2  -1   0   1  -1   0   0  -1  -1   1  -2  -2   2   0  -1  -4  -1  -1   19   6   1   2   2   6   2   7   3   3   7  11   1   2  12   7   3   0   2   5  0.16 0.19
  256 G     0  -1  -1  -2  -2  -1  -2   4  -2  -1   0   0  -2   0   0  -1  -1   0  -4  -2    8   4   2   3   1   3   2  36   1   4  11   5   1   4   5   4   3   1   0   2  0.37 0.29
  257 G    -1  -2   0  -1  -5  -1   0   4  -4  -3  -3  -1  -2  -2   4  -2  -2   1  -1  -4    4   3   5   4   0   2   7  36   0   1   2   4   1   1  19   2   2   2   3   1  0.63 0.43
  258 S     0   1   1   1  -2  -1  -1   0   2  -3  -2   1  -1  -1   1   3  -1   0  -3  -3    9   8   5   7   1   2   2   6   5   1   4   8   1   2   8  24   3   1   0   2  0.23 0.25
  259 S     0   0  -1   0  -3  -1  -1   0  -1  -2   0   1  -2  -1   2   2   0  -1  -2   0    9   5   2   6   0   2   4   6   1   1  11   9   1   3  11  18   6   1   1   6  0.13 0.17
  260 G     0   0   1   0  -3   1   0   0   2  -2  -1   0  -2   1   1   0   0   3   1  -1    6   6   6   6   0   6   6   6   6   0   6   6   0   6   6   6   6   6   6   6  0.09 0.11
  261 G     0   0   1   0  -3   0   0   1   2  -1  -2   1  -2  -1   2   0  -1   2   0  -2    7   5   6   5   0   4   5  12   7   3   4   8   0   3  11   7   3   3   4   3  0.13 0.14
  262 R    -2   5   0  -1   0   0   0  -1   2  -2  -1   2  -3  -4  -1  -1  -1   1  -1  -2    2  33   5   3   2   4   5   5   4   2   6  13   0   0   3   3   3   2   2   3  0.42 0.35
  263 K    -1   1   0   0  -4   0   1  -1   5  -2  -3   3  -1  -1   1  -1  -1  -3   1  -3    5   7   3   5   0   2   7   5  14   2   1  23   2   3   8   4   2   0   4   1  0.33 0.26
  264 A     1   0   1  -1  -2   2   0   0   0  -1  -1   1   0  -1   0   0   1  -3  -1  -1   16   4   6   3   0  11   6   6   3   3   4   8   2   3   4   6  10   0   2   4  0.10 0.12
  265 S    -1  -2   0  -3   0  -1  -2   4   0  -1  -2  -1  -3  -2   1   1   0  -3   0  -1    4   2   4   1   2   3   2  35   3   4   4   3   0   2   6  12   7   0   3   4  0.34 0.27
  266 K     0   0  -1  -1  -1  -1  -1  -1   1   0   1   2  -1  -2   3  -1  -1   0  -2   0    6   5   3   3   1   2   2   4   4   4  16  16   1   2  15   5   3   1   0   5  0.16 0.18
  267 Q    -4   7  -4  -1   0   2  -1  -2  -4  -5  -5   0  -4  -5  -5  -4  -2  -5  -2  -5    1  67   0   3   2   9   3   3   0   1   1   4   0   0   1   1   3   0   2   1  1.58 0.75
  268 I    -2  -5  -6  -6  -4  -5  -6  -6  -5   4   5  -3   1   1  -6  -5  -4   1   0   2    4   0   0   0   0   0   0   0   0  21  50   2   2   5   0   0   0   2   3  10  0.96 0.51
  269 I    -4  -1  -6  -6  -4  -5  -5  -6  -5   3   4  -5   1   1  -5  -5  -1  -4   1   3    0   3   0   0   0   0   0   0   0  15  45   0   3   5   0   0   3   0   4  20  0.88 0.46
  270 L    -5  -5  -6  -6  -5  -5  -6  -6  -6   1   6  -6  -2   0  -6  -5  -2  -5  -1   0    0   0   0   0   0   0   0   0   0   5  82   0   0   3   0   0   2   0   2   4  1.56 0.62
  271 V    -2  -5  -5  -6  -4  -5  -5  -6  -6   3   1  -5  -2  -4  -5  -5  -3  -5  -4   6    3   0   0   0   0   0   0   0   0  14  11   0   0   0   0   0   0   0   0  67  1.43 0.57
  272 C    -2   7  -4  -5   6  -3  -4  -5  -4  -2  -1  -2  -4  -5  -2   0  -2  -5  -2  -4    3  54   0   0  18   0   0   1   0   3   7   0   0   0   2   7   2   0   1   0  1.32 0.54
  273 H    -4  -1   1  -4  -5   0  -1  -3  10  -5  -5  -3  -4  -4  -4  -1  -4   3  -1  -1    1   3   6   1   0   3   4   2  62   1   1   1   0   0   1   4   1   3   1   5  1.83 0.62
  274 G     0   0  -2  -2   1  -3  -1   6  -4  -5  -4  -3  -4  -5  -1  -2  -3  -4  -5  -4    5   5   1   2   3   0   4  67   0   0   2   1   0   0   4   2   1   0   0   1  1.21 0.46
  275 Q     0  -3  -3  -2  -4   3   5  -2   2  -3  -1  -2  -3  -1  -1   0   0  -4  -3  -1    7   0   0   0   0  13  44   2   5   1   6   0   0   2   3   5   5   0   0   4  0.62 0.36
  276 G    -1  -2  -2  -2  -3  -2  -3   3  -3  -3  -1  -3  -3  -4   0   1   5   0  -3  -3    4   1   1   1   0   1   1  20   0   1   7   1   0   0   4   9  45   2   0   1  0.66 0.35
  277 N     0  -2   3   3  -3   2   3   0  -1  -3  -3   0  -2  -4  -1   1  -1  -4  -3  -3    7   1  13  15   0  10  20   7   1   1   2   5   1   1   2  11   2   0   0   1  0.36 0.21
  278 N    -1  -2   5   0  -4  -2   0   1  -2  -2  -4  -1  -3  -4  -1   0   3   2  -3  -2    6   2  35   3   0   0   6  10   0   2   1   3   0   0   2   5  17   3   1   3  0.53 0.31
  279 E     0   4   1   1  -4   1   4  -3  -2  -4  -3   1  -2  -2  -3   0  -1  -4  -3  -2    6  23   7   6   0   4  28   1   0   0   2   8   1   2   0   4   3   0   0   3  0.47 0.27
  280 D    -1  -1   0   3  -3   2   2   0  -2  -2  -2   0   0  -3  -3   0  -1   4  -3  -1    5   3   3  22   0  13  13   5   0   2   2   5   3   1   1   8   4   7   0   4  0.33 0.21
  281 S     1  -1   1   0  -3   1   2   2  -2  -3  -3   1  -2  -3  -1   2   0  -3  -1  -2   11   2   8   3   0   5  14  15   0   1   1   7   0   0   2  20   5   0   3   2  0.25 0.17
  282 A     2   4  -1  -2  -3   0   0   1  -2  -3  -2   0  -2   0  -3   1   0  -3  -1  -1   19  28   2   1   0   2   5  12   0   1   3   4   0   5   1   8   4   0   2   3  0.30 0.21
  283 V     0   0  -1  -2  -3  -1   0  -3  -2  -1   0  -1   1   5  -1  -1  -1  -2   0   1    7   6   2   2   0   2   8   1   1   1   9   2   3  31   2   3   3   0   1  14  0.30 0.19
  284 I     0  -1  -2  -2  -2   4   0  -1  -2   1   1   0   0   2  -1   0  -1  -2  -1  -1    8   3   1   1   0  23   4   4   0  10  12   4   2  11   2   8   2   0   1   4  0.19 0.17
  285 N    -1   2   2  -1  -3   1  -1   3   0  -3  -2  -1  -2  -3   0   1   0  -3  -1  -3    2  12  13   2   0   7   2  27   2   1   3   2   0   1   4  11   5   0   2   1  0.33 0.19
  286 Q    -1  -1   0  -1  -2   4   0  -1  -1  -1   0   0   1   2   0  -1   0   0   1  -1    3   3   4   2   1  26   4   4   1   2  10   4   4  11   4   3   4   1   5   5  0.21 0.16
  287 A     0  -1  -2  -1  -1   2  -2   1  -2   2  -1  -2  -1  -1   2   0  -1   0  -1  -1    8   4   1   4   1  13   1  12   0  20   6   1   1   2   9   9   3   1   2   2  0.14 0.15
  288 A     1  -1   0   0   0  -1  -1   4  -1  -2  -2  -1  -2  -1  -1   1   0  -2   0  -2   11   3   5   4   2   3   2  31   1   3   4   3   1   3   2  12   5   0   3   2  0.24 0.11
  289 N     0   1   1  -1  -1   1  -1   1   0   0  -1   0   0  -1  -1   1   0  -2  -1   0    5   8   7   3   1   7   2  12   2   6   4   4   3   3   2  16   7   0   3   7  0.06 0.05
  290 N     0   0   1   1  -2   0   0   2  -1   0  -1   0   1  -1  -1   0  -1  -1  -2  -1    5   7   8   7   1   3   4  21   1   9   4   6   5   2   2   8   2   1   1   3  0.10 0.07
  291 D    -3  -3   1   7  -4  -2   0  -1  -3  -4  -4  -2  -4  -4  -3  -2  -3  -4   2  -4    1   1   6  64   0   1   5   4   0   1   1   2   0   1   1   2   1   0   7   1  1.32 0.49
  292 Q     0  -1  -2  -2  -3   2   2  -1  -2   3  -1   0  -1  -3  -2   0  -1  -3  -3   2    8   2   1   1   0  12  14   4   1  20   2   4   1   0   2   7   3   0   0  18  0.21 0.19
  293 A     1  -5  -3  -4  -5  -2  -2  -5  -5  -5  -5  -4  -5  -6   8  -1  -1  -6  -5  -2   11   0   1   0   0   2   2   0   0   0   1   0   0   0  70   5   3   0   0   3  1.89 0.68
  294 M    -1  -2  -2  -2   4  -2  -2   1  -2   1   1  -2   2  -1   2  -1  -1  -2  -2   1    1   1   1   1  13   1   1  13   0  13  14   1  13   0  13   1   1   0   0  13  0.20 0.07
  295 N    -1  -1   7   0  -4  -2  -3   0  -2  -4  -4  -1  -4  -4   0   0  -1  -5  -4  -4    5   3  59   3   0   1   1   7   0   1   1   2   0   0   5   7   4   0   0   1  1.12 0.44
  296 M    -1  -2  -1   2  -3   0   2  -2  -2  -1   0  -1   5   0   0  -1  -1  -3  -2  -1    6   1   2  13   0   4  18   3   0   2   6   4  21   5   4   3   4   0   0   5  0.28 0.21
  297 L    -2  -1   4  -2  -3   0  -3  -3   1   2   3  -1  -1  -1  -3  -2   0  -3  -2   0    2   4  22   1   0   4   1   1   3  11  36   2   0   2   1   1   5   0   0   4  0.39 0.24
  298 G    -3   0   1  -3  -5  -4  -4   7  -4  -5  -5  -3  -4  -5  -4  -3  -4  -4  -5  -5    1   6   6   1   0   0   1  80   0   1   1   1   0   0   1   1   1   0   0   1  1.69 0.55
  299 V    -1   3  -1  -2   0   0   0  -1   1   1   0   1   1  -1  -2  -1   0   0  -1   1    2  20   2   1   2   4   5   4   4   8   7   8   5   2   1   3   8   1   1  12  0.11 0.11
  300 I     0  -1  -1  -1   0   1   0   0  -1   4  -1  -1   0   0  -3  -1  -1   0  -2   1    9   2   2   2   2   7   8   6   2  30   2   4   1   3   1   4   1   1   0  12  0.16 0.15
  301 H    -3  -2  -1  -3  -4   7  -1  -4   5  -4  -4   0  -3  -4  -3   1  -3  -4  -3  -4    1   1   3   1   0  62   1   1  12   1   1   3   0   0   1  11   1   0   0   1  1.42 0.50
  302 S     5  -3  -3  -3  -3  -3  -3   0  -3  -1  -3  -3   0  -1  -3   3   0  -4  -3  -2   50   0   0   0   0   0   0   6   0   4   1   0   3   2   0  24   6   0   0   0  0.68 0.34
  303 Q     1   2   1  -1  -2   5   2   0  -1  -3  -3   0  -2  -4  -3  -1  -2  -4  -3  -3   12  10   6   2   1  38  12   6   1   1   2   3   1   0   1   2   1   0   0   2  0.56 0.29
  304 K     1   2  -2  -3  -2   3  -1  -3  -2  -3  -1   5  -2  -4  -3  -1  -1  -4  -3  -3   16  10   0   1   1  13   2   1   0   1   7  43   0   0   1   2   2   0   0   1  0.60 0.30
  305 T     4  -3  -2  -3  -2   0  -2  -2  -3   0  -1  -2  -2  -3  -2  -1   3  -4  -3   1   47   0   1   0   0   4   1   1   0   6   6   1   0   0   1   2  18   0   0  10  0.52 0.29
  306 A     5   1  -2  -3  -3  -1  -2   2  -3  -3  -3  -2  -3  -2  -3   0  -2  -4  -3  -2   59   7   2   1   0   2   2  13   0   1   1   2   0   2   1   6   1   0   0   1  0.70 0.32
  307 E    -1  -1   0   2  -4   2   5  -2  -1  -3  -3   1  -3  -3  -2  -1  -1  -3  -2  -3    4   3   3   9   0   7  50   2   1   2   1   7   0   1   1   3   3   0   1   2  0.66 0.28
  308 L    -2  -1  -4  -5   0  -4  -4  -4  -2  -2   3  -4  -1   7  -4  -2  -3  -2   1  -1    2   3   0   0   2   0   1   1   1   0  31   0   0  45   0   4   0   0   4   3  0.95 0.37
  309 L    -4  -4  -5  -5  -3  -4  -5  -5  -4   0   6  -4   1   1  -5  -4  -3  -4  -3  -1    1   0   0   0   0   0   1   1   0   2  83   0   2   4   0   1   1   0   0   3  1.31 0.47
  310 L     1   1  -2  -2  -3   1   0  -2  -1   0   2   2   1  -1  -3  -1   0  -3  -2  -1   11   8   0   0   0   7   5   2   1   5  27  19   3   1   0   3   5   0   0   1  0.18 0.16
  311 D    -2  -2   1   6  -3  -1   1  -2  -1  -4  -5  -2  -4  -5   1  -1  -1  -5  -4  -4    3   1   7  55   1   1   9   2   1   0   1   2   0   0   6   5   4   0   0   1  0.98 0.37
  312 L    -2  -2  -1  -3  -2  -2  -2  -4  -3   2   2  -2   0   1  -3  -2   0   0  -2   4    2   2   4   0   1   2   2   1   0  11  21   1   1   5   0   3   4   1   0  37  0.38 0.21
  313 R     1   1   0  -2  -3   1   0  -2  -1  -1  -2   3  -2  -3   3   1  -1  -3  -1  -2   12   8   5   1   0   7   5   2   1   4   2  20   0   0  15  11   3   0   2   1  0.29 0.17
  314 V    -2  -4  -4  -4  -3  -2  -4  -4  -3   4   1  -4   0   3  -1  -3  -1  -3   1   3    2   0   0   0   0   2   0   0   0  29  11   0   1  12   3   0   3   0   6  27  0.53 0.26
  315 S     0  -2   3   4  -4   1  -1  -1   0  -4  -4  -1  -3  -4  -3   2   1  -4  -1  -3    5   1  15  28   0   6   1   3   3   0   0   3   0   0   0  21  10   0   2   0  0.52 0.28
  316 S     0   3  -1  -2  -1  -1  -2  -1  -1  -2  -1   1  -2   3  -1   3   0  -3  -1  -2    8  18   1   0   1   2   1   3   1   1   4   7   0  15   2  27   6   0   1   2  0.27 0.21
  317 I     3  -3  -3  -3   1  -3  -3  -2  -3   4   0  -3  -1  -2   0   0  -1  -1  -3   1   35   0   0   0   3   0   0   2   0  28   6   0   0   1   4   5   2   1   0  10  0.42 0.26
  318 V    -2  -4  -4  -4  -1  -3  -4  -4  -3   2   1  -4   4   3  -4  -3  -2   2   2   4    1   0   0   0   1   0   0   1   0  13   8   0  14  13   0   0   0   3   8  33  0.57 0.29
  319 C     1  -3  -2  -3   6  -3  -3  -2  -1  -3  -1  -2  -3  -4  -3   5   2  -4  -3  -3   11   0   1   0  16   0   0   1   1   0   5   1   0   0   0  46  12   0   0   0  0.73 0.38
  320 S    -2   3  -2  -3  -3  -2  -3   0  -3  -4  -4  -2  -4  -3  -3   6  -1  -5  -4  -4    1  14   0   0   0   0   0   6   0   0   1   0   0   1   0  69   2   0   0   0  1.08 0.51
  321 P    -2  -3  -3  -3  -5  -2  -3  -4  -4  -5  -4  -3  -4  -5   7   2   0  -5  -5  -4    1   1   1   1   0   2   0   0   0   0   1   0   0   0  66  17   5   0   0   0  1.73 0.60
  322 K    -2   2  -1  -3  -4   1  -2  -3   0  -1   1   3   6  -3  -1  -2  -2   0  -2  -2    3  13   3   0   0   7   1   1   2   1  12  23  25   0   2   2   2   2   0   1  0.48 0.31
  323 T     1   0   0   0  -2   1   0  -2  -1   0   1   0   0  -2   0   1   0  -3  -2   0   11   4   3   4   0   9   5   1   1   6  16   6   3   0   3  15   7   0   0   6  0.08 0.09
  324 A     3   5  -2  -3   1  -2   0  -3  -3  -3  -3  -1  -3  -2  -3   0   1  -4  -3  -3   27  40   0   1   3   0   6   1   0   0   1   1   0   2   0   4  11   0   0   1  0.68 0.35
  325 S     3  -3  -3  -3   3  -1  -1  -3  -3  -2  -3  -2  -3  -4   5   2  -1  -4  -4  -2   25   1   0   1   7   2   3   1   0   2   1   1   0   0  33  16   3   0   0   2  0.78 0.34
  326 I     0   1  -2  -2  -2   0  -1  -3  -2   2   0   2   0  -1  -2  -1   1  -1   0   1    7   8   1   1   0   3   2   1   1  17   8  20   1   3   1   2   8   1   3  13  0.14 0.13
  327 E    -1  -1  -1   2  -4   3   5  -3   0  -2  -3  -1  -3  -4  -3  -1  -1  -4  -3  -4    5   2   1  11   0  11  51   2   2   3   3   1   0   0   0   3   3   0   0   1  0.78 0.37
  328 S     0  -3  -2  -3  -3  -2  -3  -4   3  -2  -3  -2   0   0  -3   1   6  -4  -1  -3    6   0   1   0   0   1   0   0   6   2   1   2   2   4   0   7  64   0   2   0  1.03 0.49
  329 S     6  -3  -3  -4  -3  -3  -2  -2   0  -1  -2  -2  -3  -4  -2   2  -1  -5  -4  -2   71   0   0   0   0   0   1   0   2   3   4   1   0   0   1  12   2   0   0   1  1.00 0.47
  330 G    -1  -2   1   0  -3   1   4   0   0  -2  -2   0   0  -3  -1   0   1  -4  -3  -2    4   1   7   3   0   6  38   8   2   2   5   4   3   0   2   3  10   0   0   1  0.37 0.23
  331 V     2  -3  -3  -3  -1  -3  -3  -1  -3   4   0  -3  -1  -2  -2  -1   0  -3  -1   2   24   1   1   1   1   0   1   4   0  34   8   1   0   0   2   4   5   0   2  11  0.35 0.23
  332 I     0  -1  -1   1  -2   1   0   0   2   0   0   0   1   1   1  -1  -1  -2  -1   0    8   0   0   8   0   7   8   8   7   8   8   8   7   7   8   1   0   0   0   8  0.06 0.11
  333 S     0  -1  -1  -1   1  -1  -2  -2   1   0   3  -2   0  -2   0   1  -1   1  -2   0    8   3   2   4   3   3   2   2   5   4  34   0   2   0   5  14   3   2   0   4  0.18 0.22
  334 R    -1   2   0   0  -1   3   2  -1   1  -3  -2   2  -2  -4   1   0   0  -4  -3  -2    4  13   4   5   2  13  14   3   4   0   4  12   0   0   8   5   4   0   0   3  0.26 0.22
  335 V     0  -3  -1  -2  -3  -1  -1  -1   3   1   2  -1  -1  -1   0   0  -1  -3   0   2    6   0   3   2   0   2   3   6  11   6  24   2   0   2   5   6   3   0   3  16  0.14 0.18
  336 Q    -3   0  -1  -1  -5   5   0  -4   8  -5  -2   0  -4  -4  -1  -2  -1  -5  -3  -3    2   4   3   3   0  28   5   1  34   0   5   6   0   0   4   2   3   0   0   2  1.05 0.60
  337 E    -1  -1  -1   0  -5   1   4  -1   1  -3  -3  -1  -4  -5   5   0  -1  -5  -3  -3    3   2   2   5   0   5  30   4   4   1   3   3   0   0  25   6   3   0   1   2  0.64 0.43
  338 A     1  -1   1   1  -3   0   0   0   2   0   0  -1  -1  -2   0   0   0  -3  -1  -1   14   2   8   9   0   4   4   9   8   9  12   1   0   0   4   5   6   0   1   2  0.09 0.14
  339 A     2  -1  -2  -1  -1  -1  -1  -1   1   1   0   0  -1  -2   0   0   0  -3  -2   2   26   3   1   4   1   3   3   3   4   9   8   4   0   0   4   6   7   0   0  14  0.14 0.17
  340 G     0   0   0   1  -3   0   1   1   2  -2  -1   1  -1  -2   1   0   0  -3  -1  -2    5   5   3  10   0   4  10  14   6   1   7   7   1   1   6   8   7   0   2   3  0.13 0.11
  341 C     0  -2  -2  -1   5  -1  -2   0  -1   1   3  -3  -1   0  -2  -2   0  -3  -1  -1    6   2   2   4  17   2   2   7   2   7  30   1   1   3   2   1   6   0   2   3  0.30 0.23
  342 L    -2  -1  -2   0  -3   1   0  -1   0   1   3  -1  -1  -2  -1  -1   0   0  -2   0    2   3   1   5   0   6   8   4   3   8  34   4   0   0   3   4   6   2   0   7  0.15 0.19
  343 G    -1  -2  -2  -1  -2   0   1   4  -3  -2  -1   0  -3  -2  -1  -1   0   4  -3  -2    5   1   0   3   1   5  11  37   0   2   8   6   0   2   2   4   6   6   0   2  0.41 0.29
  344 V     1  -2  -3  -2  -2  -2   0  -2  -4   2   4  -2   0  -2  -2  -2   0  -4  -3   1   11   2   1   3   1   1   7   2   0  11  40   2   1   1   1   2   6   0   0   8  0.32 0.28
  345 D    -2   2   0   4  -4   0   2   0  -3  -3  -3  -1  -1  -4  -2   0   0   0  -2   0    3  11   3  31   0   4  13   8   0   0   1   3   1   0   2   6   5   2   2   7  0.40 0.32
  346 N    -2  -1   2   1   4  -1   4  -1   3  -2  -2   1  -3  -2  -2   0  -1  -4  -2  -4    3   2   9   6   9   1  33   4   7   2   4   8   0   1   2   6   3   0   1   0  0.43 0.35
  347 V    -2  -2  -4  -3  -1   0  -2  -1   1   4   2  -3   0   1  -3  -3  -2  -4  -1   1    1   2   0   1   1   5   3   6   4  34  20   1   1   5   1   0   2   0   1  10  0.40 0.31
  348 P    -1  -2  -2  -2  -2  -1   0   1  -2  -2  -2  -1  -2  -4   5   2  -2   0  -4  -1    4   2   1   1   1   3   6  13   1   2   5   4   1   0  29  19   1   2   0   5  0.52 0.36
  349 H    -2   3  -2  -2  -5  -1   3  -2   8  -5  -4  -2  -4  -4  -3  -2  -4   4   0  -5    2  16   1   1   0   2  19   3  38   0   2   2   0   0   1   2   0   5   2   0  1.19 0.63
  350 Y    -3  -2  -3  -2  -3  -2   1   4   2   2   0  -3  -2   0  -4  -2  -3   0   2   0    0   2   1   1   1   1  13  31   6  14   9   0   0   3   0   1   0   1   8   7  0.40 0.33
  351 V    -1  -3  -3  -4  -1  -1  -2   2  -4   2   3  -3   0  -2   0  -1  -1   2  -3   2    2   0   1   0   1   3   2  15   0  13  28   0   1   1   5   5   4   3   0  15  0.27 0.25
  352 K    -3  -1  -2  -1  -5   0   4  -4   4  -3  -1   3  -4  -4  -4  -2  -1   7  -3  -3    1   3   1   3   0   2  31   1  10   1   6  16   0   0   0   2   3  17   0   2  0.85 0.52
  353 T    -1  -3  -3  -2  -3  -2   2   2  -2   1   1  -2   3   0  -3  -1   1   3  -3  -1    4   0   0   2   0   1  17  18   1   7  14   1   9   4   0   5  10   4   0   2  0.25 0.27
  354 K    -2  -1  -3  -2  -5   0   3   2   0  -3  -2   4  -3  -3  -1  -1  -2  -5  -4  -2    2   2   0   1   0   3  20  18   2   2   4  34   0   1   3   3   2   0   0   3  0.54 0.41
  355 Q    -2   0   0  -2  -4   3   1   0   1  -3   0   2  -2   0  -2  -1  -1   5   1  -3    2   3   4   0   0  15  10   8   4   0  10  15   0   4   2   5   4   9   4   0  0.30 0.28
  356 M    -2  -2  -3  -2  -2  -1   4  -4  -3   1   3  -1   4   0   0  -3  -3  -1  -3  -1    3   1   1   1   1   2  29   1   0   7  26   3  12   4   4   1   1   1   0   3  0.47 0.39
  357 N    -1   0   1   0  -2   0   1   2  -2   1  -1   0  -1  -1   0   0  -1   1  -1  -1    4   5   7   4   0   6   9  19   0  13   7   5   0   2   4   7   3   2   2   2  0.09 0.11
  358 E    -3  -2   1   1  -5   0   6  -3   0  -5  -2   1  -2  -3  -2  -1  -3  -5  -3  -5    1   1   5   8   0   3  57   2   2   0   4   9   1   1   1   3   0   0   1   0  1.03 0.60
  359 L     1  -1  -3  -2  -3  -1  -1   0  -2   2   3  -2   0  -1  -1  -1   0  -3  -2   0   12   3   0   1   0   4   4   7   1  13  34   1   2   2   2   4   5   0   1   4  0.21 0.22
  360 D    -2  -3  -1   5  -3   0   5  -1  -3  -2  -5   0  -5  -6  -2  -2  -4  -6  -5  -5    3   1   2  27   1   3  46   4   0   3   0   6   0   0   1   2   0   0   0   0  1.05 0.61
  361 V     1  -2  -3  -3  -2  -1  -2  -2  -3   4   0  -3   0   2  -3   0  -2   3   1   2   11   2   0   1   0   4   2   3   0  26   6   1   2  11   0   7   1   5   4  14  0.30 0.25
  362 E    -2  -2  -3   1  -5   2   5   0  -2  -4  -4  -1  -4  -5   2  -1  -3   2  -4  -4    2   2   0   6   0   8  47   8   0   1   1   2   0   0  12   4   1   3   0   1  0.84 0.54
  363 S     1  -1   0   1  -3   2   1   2   1  -3  -2  -1  -3  -1   1   1  -1  -3   0  -3   11   2   4   8   0   9   9  18   4   0   3   2   0   4   6  13   3   0   4   0  0.21 0.21
  364 V     0  -2  -1  -1  -2   0   2   0  -3   1   2  -2   2  -1   1  -2  -1   0  -1   0    8   1   2   2   1   3  17   9   0   9  19   1   7   2   7   1   2   1   1   6  0.13 0.18
  365 L    -3  -1  -4  -5  -4  -1  -3  -1  -3   1   5  -4   0   3  -2  -4  -3  -2   1  -1    1   4   1   0   0   3   2   6   0   5  55   0   1  11   2   0   1   0   4   2  0.68 0.44
  366 R    -1   2   0  -2  -4   2   1  -2   1  -3   1   0  -1  -3   2  -2  -2   4  -1  -3    6  13   4   1   0  11  12   3   4   0  18   5   1   1   9   1   2   7   1   1  0.27 0.27
  367 K    -1   1  -1   1  -4   5   2   0  -2  -2  -1   0  -3  -4  -1  -2  -1   4  -3  -2    6   6   2   6   0  28  15   7   1   2   7   6   0   0   3   1   3   6   0   2  0.43 0.36
  368 S     0   0  -2  -1  -4   2   2   0   0  -3  -2   0  -2  -2  -2   1   0   8  -2  -4    7   6   1   3   0   8  15   6   3   1   3   5   1   1   2  13   6  20   1   0  0.55 0.38
  369 N    -2   0   0  -1  -4   4   0  -2   1  -2  -1   2  -3  -3  -4  -2   0   7   1  -3    2   5   5   3   0  19   5   2   3   2   7  15   0   0   0   2   5  18   5   1  0.59 0.40
  370 K    -1   2  -1  -3  -4   2   1  -2   0  -2  -2   4  -1  -3   0  -1   0   4  -3  -1    4  11   2   0   0   8   8   3   3   2   4  29   1   1   5   4   5   6   0   4  0.36 0.30
  371 D     0   1   0   4  -4   0   1  -1   0  -2  -3  -1  -3  -1   0   1   0   3  -1  -2    7   8   4  22   0   5   9   5   3   3   2   2   0   3   5   9   6   4   2   2  0.25 0.25
  372 N     1   0   0  -1  -3   0   1   0   0  -2  -2  -1  -3  -1   3   1   1   3  -3  -2   12   6   5   2   0   5   9   7   2   2   4   3   0   3  13  10  10   5   0   2  0.19 0.21
  373 D    -1   0   0   2  -4   0   3  -1   0  -1  -3  -1  -1  -4   3   1   1   0  -4  -2    5   5   3  10   0   3  18   4   2   4   2   2   2   0  15  12   7   1   0   2  0.31 0.29
  374 V     0  -2  -1  -1  -3   0   2   0   0   1  -1  -1  -1  -1   1  -1   2  -4  -1   1    6   2   3   2   0   4  15   6   2  10   4   2   1   2   8   4  13   0   2  14  0.14 0.19
  375 I     0  -1  -2  -2  -3  -1  -1  -2   0   2  -1  -1  -1   1   0  -1   1   4   0   2    7   4   2   2   0   2   5   3   2  12   5   3   1   7   4   3  11   7   3  18  0.17 0.19
  376 A     1  -2  -1  -2   1   1  -1   0  -1  -1   0  -1   2  -1   2   0   0  -2  -2   2   13   1   2   1   3   7   3   6   1   1   9   3   8   2  13   5   4   1   1  18  0.14 0.14
  377 S     0  -2   1   0  -2   4   0   0  -1  -2  -2  -1   0  -3   2   1  -1  -3  -3   0    9   1   9   4   1  25   3   6   1   1   4   2   3   1   9  13   2   0   0   6  0.27 0.22
  378 Q    -2   0  -2  -2  -4   5   1   0  -3  -4  -2   0   5  -4   0   1  -2  -2  -1  -3    1   5   1   2   0  31   8   9   0   0   2   4  18   0   5  11   1   1   2   0  0.57 0.40
  379 L    -1  -3  -4  -3  -1  -2  -2  -2  -3  -1   2  -3   6   1   4  -3  -2  -3  -1   1    6   0   0   1   1   1   2   3   0   2  21   0  24   6  19   1   1   0   2   8  0.54 0.33
  380 D    -2  -3   1   2  -4   0   4   1  -2  -4  -2  -1  -3  -4   3  -1  -1  -4  -4  -4    2   0   7  13   0   3  34  11   0   0   4   1   0   0  17   3   2   0   0   1  0.60 0.33
  381 E    -1  -2  -1   3  -4  -1   3   4   0  -4  -4  -2  -2  -4  -3   0  -3  -4   0  -4    3   1   2  18   0   1  25  32   2   0   1   0   1   0   0   5   0   0   5   0  0.63 0.34
  382 E    -3   0  -1   0  -5   0   6   0  -3  -4  -5   1  -4  -5  -3  -2  -2  -5  -4  -3    1   4   3   4   0   2  64   8   0   1   1   6   0   0   0   1   2   0   0   2  1.09 0.52
  383 A     0  -2   5   0   1  -1  -2  -3   0  -1  -1   0  -1  -3  -2   1   2  -4  -3   0    6   0  34   3   3   1   1   1   2   4   5   4   2   1   2   8  16   0   0   7  0.41 0.28
  384 F    -2  -1  -3  -4  -3  -3  -4  -5  -4   3   5  -3   1   0  -4  -2   0  -3  -3   1    1   3   1   0   0   0   0   0   0  15  56   2   3   4   0   3   5   0   0   6  0.68 0.36
  385 S    -1  -1   1  -1  -4   5   1   0  -1  -4  -3   0  -3  -4  -2   1   2  -4  -2  -3    3   1   6   3   0  36  10   8   1   0   1   5   0   0   2   8  13   0   1   1  0.54 0.35
  386 A     0  -1  -1   2  -4   5   2  -2  -1  -4  -4  -1  -3  -5   0   0   0  -4  -4  -3   10   2   2  13   0  35  15   2   1   0   1   2   0   0   4   7   5   0   0   1  0.60 0.38
  387 L    -1  -5  -5  -6  -3  -5  -5  -5  -5   2   3  -5  -1   0  -5  -4  -3  -5  -3   6    3   0   0   0   0   0   0   0   0   7  25   0   0   4   0   0   0   0   0  59  1.07 0.51
  388 W    -4  -2  -6  -2  -3  -5  -4  -5  -2  -6  -5  -2  -5  -1  -6  -1  -5  12   0  -5    1   2   0   3   1   0   1   1   1   0   1   3   0   2   0   6   0  75   3   1  3.22 1.01
  389 N     0  -2   2   5  -5   2   3  -2  -1  -4  -4  -1  -3  -4  -3  -1   0  -4   0  -4    9   1  12  31   0  11  19   1   1   0   1   2   0   0   0   2   4   0   4   1  0.63 0.36
  390 R    -2   7  -3  -4  -6   5  -2  -5  -3  -5  -4   0  -4  -5  -5  -3  -4  -5  -4  -2    3  64   0   0   0  23   0   0   0   0   1   3   0   0   0   0   0   0   0   3  1.59 0.68
  391 S     3  -3  -3  -3   0  -3  -3  -2  -4  -4  -4  -3  -3  -5  -1   5   1  -5  -4   0   28   0   0   0   2   0   0   1   0   0   0   0   0   0   3  50   6   0   0   6  0.88 0.51
  392 E    -1  -1  -1  -2  -3  -2   0   2  -2   2  -1   0  -1  -3  -1  -2   0  -1  -3   2    4   3   3   1   0   0   9  19   1  18   3   8   1   0   3   1   4   1   0  20  0.19 0.19
  393 K     2   1   1   1  -3   1   0   0   0  -1  -2   3  -2  -4  -2   0   0  -4  -3  -1   23   6   7   7   0   4   6   5   2   4   1  20   0   0   1   3   5   0   0   5  0.21 0.19
  394 A     5  -4  -3  -3   3  -3  -3  -1  -4  -1  -4  -3  -3  -4  -3   1   1  -5  -4  -1   61   0   1   1   7   0   0   4   0   4   0   0   0   0   0   9   7   0   0   4  0.87 0.48
  395 W    -2  -2  -7  -7  -6  -5  -6  -6  -6  -2  -4  -4  -3   0  -6  -6  -6  12  -1  -6    3   2   0   0   0   0   0   0   0   3   1   1   1   3   0   0   0  82   1   0  3.67 1.09
  396 E    -2   1   2   1  -3   5   2  -2  -1  -4  -3   2  -2  -5  -3  -1  -2  -4  -4  -4    3   6  10   7   1  33  15   3   1   0   2  12   1   0   0   4   1   0   0   1  0.62 0.37
  397 S     1   0   0   1  -2   1   2  -1   0  -3  -2   1  -2  -3  -2   2   1  -3  -1  -2   14   5   2   8   1   6  12   3   3   0   4   8   0   1   0  23   7   0   2   1  0.23 0.19
  398 L    -3  -3  -5  -5  -3  -1  -4  -5  -4   5   4  -4   1   0  -4  -4  -3   0  -2   1    1   1   0   0   0   3   0   1   0  43  36   0   2   3   0   1   0   1   1   6  0.87 0.41
  399 L     0  -1  -1  -4   1  -2  -3  -4  -3   1   3  -3   0  -2  -3  -2  -1  -3  -2   3    9   4   3   1   3   1   1   1   0   6  36   1   1   0   0   2   3   0   1  28  0.42 0.26
  400 D     1   0   2   2  -3   2   2  -2   1  -3  -2   1  -2  -3  -2   0   0  -3  -1  -2   14   5   9  14   0  11  13   1   4   1   3  10   0   0   1   5   5   0   2   1  0.26 0.18
  401 E     1  -1  -1   0  -2   1   4  -1   1  -1  -3   0  -2  -2  -2   1   0  -3   0  -2   13   2   2   4   1   6  32   3   4   4   1   3   0   1   1  13   5   0   3   2  0.33 0.24
  402 L     1  -3  -3  -4   1   0  -3  -3   0   0   4  -2   1   0  -3  -2  -1   0   2   0   14   0   1   1   4   4   1   2   2   4  43   2   2   2   1   2   2   1   8   6  0.33 0.24
  403 S     2  -1  -1  -1   0   0   0  -1  -2  -2   0   1  -1  -2   1   3   0  -2  -1  -2   16   2   2   3   2   2   5   4   0   2  10   8   1   1   7  29   3   1   1   1  0.19 0.17
  404 D     0  -2   2   4  -3   1   1  -1  -1  -3  -3  -1  -2  -3  -1   0   0  -3  -3  -2    8   1  12  32   0   8   7   5   1   1   3   3   1   1   2   7   4   0   1   3  0.40 0.21
  405 E     0   1   1   2  -2   2   3  -1  -1  -2  -2   1  -2  -2  -1   1  -1  -2  -1  -1    7   6   5  12   0   8  21   4   1   1   5  10   1   1   2   9   3   0   2   3  0.21 0.12
  406 K     1   0   0   0  -2   1   1   1   1  -2  -2   1  -1  -2   0   1   1  -1   0  -1   11   3   3   5   1   9   7  10   4   2   3  10   1   1   5  11   9   1   3   3  0.10 0.06
  407 S     1   0   0   0  -2   0   1   0   0  -2  -1  -1  -1  -2   0   3   1  -3  -1  -2   11   3   3   4   1   3  11   5   2   1   7   3   1   1   3  30   9   0   2   2  0.19 0.15
  408 N     0   0   2   1  -2   1   2   0   0  -3  -3   1  -2  -2  -1   0   0   1  -1  -2    7   4  14   7   0   7  18   8   2   1   2   8   1   2   2   7   5   2   1   2  0.20 0.11
  409 P     0  -1  -1  -2  -3   1   1   0  -2  -2  -2  -1  -2  -2   5   1   1  -3  -3  -2    5   2   2   1   0   7   9   7   0   2   4   3   0   2  32  10   9   0   1   2  0.50 0.21
  410 G    -1  -1   1   1  -3   0   1   4  -1  -2  -2   0  -2  -2  -1   0  -1  -2  -3  -2    3   2   6   7   0   5  11  37   1   2   3   4   0   2   3   6   4   0   1   3  0.34 0.18
  411 E    -2   2   1   1  -3   2   2  -1  -1  -2  -3   2  -2  -3  -2   0   1  -3  -2  -2    1  10   7   8   0  12  17   4   1   1   2  12   0   0   1   7  12   0   1   3  0.29 0.18
  412 I    -1  -3   0  -3  -2  -2  -3   0   0   2   0  -3   0  -2  -2  -1   4  -3  -3   3    3   1   4   1   0   0   1   6   3  16   8   1   2   0   1   3  28   0   0  21  0.34 0.24
  413 M     1  -3  -3  -3  -1  -3  -3   0  -3   2   2  -2   2  -2  -1  -2  -1  -3  -3   3   12   0   0   0   1   0   1   9   0  14  17   2   7   0   3   2   3   0   0  26  0.28 0.20
  414 V     0  -4  -5  -5  -3  -1  -4  -5  -5   2   3  -4   0  -3  -4  -2  -1  -5  -3   5    6   0   0   0   0   3   0   0   0  11  28   0   1   0   0   2   2   0   0  46  0.78 0.39
  415 V     1  -5  -5  -5  -3  -4  -2  -3  -5   1  -1  -4  -2  -4  -4  -3  -2  -5  -4   6   12   0   0   0   0   0   3   2   0   4   3   0   0   0   0   1   2   0   0  72  1.15 0.52
  416 V     2  -5  -5  -5  -3  -4  -4  -3  -5   1   0  -4  -2  -2  -4  -3  -2  -5  -4   6   19   0   0   0   0   0   0   2   0   5   5   0   0   1   0   1   1   0   0  65  1.05 0.49
  417 G     4  -4  -3  -4  -1  -3  -3   4   6  -4  -4  -3  -4  -4  -4   0  -2  -5  -3  -2   35   0   0   0   2   0   0  32  20   0   0   0   0   0   0   5   1   0   0   2  0.92 0.44
  418 P    -2  -3  -2   4  -5  -3  -3  -4   9  -5  -5  -2  -4  -4   1  -2  -4  -5  -2  -5    2   0   1  21   0   0   0   1  60   0   1   1   0   0   7   3   0   0   0   0  1.87 0.66
  419 A     3  -4  -1   5  -4  -3  -1  -1  -4  -2  -4  -3  -4  -5   4   0  -3  -5  -2  -2   29   0   1  32   0   0   3   3   0   2   0   0   0   0  21   5   0   0   1   2  0.79 0.40
  420 M     4  -3  -3  -3  -3  -3  -3   0   2   2  -2  -3  -1  -1  -2  -1   0  -4  -1   1   47   0   0   1   0   0   0   5   5  15   2   0   1   2   1   2   5   0   2  10  0.49 0.33
  421 T    -1  -3   3   0  -3  -3  -3  -3  -3   3   0  -3   0  -3  -1  -2   2  -4  -3   3    5   0  18   5   0   0   0   0   0  19   7   0   1   0   3   1  13   0   0  26  0.39 0.27
  422 H     0  -1   5  -2  -5  -1  -3  -1   6  -1  -2   2  -3  -4  -4  -2  -3  -5  -2  -4    7   2  36   0   0   1   0   3  24   5   4  15   0   0   0   0   0   0   0   0  0.90 0.45
  423 I    -1  -1  -2  -3  -3   0  -1  -3  -3   3   0   4  -1  -2  -3  -1  -1  -3  -3   1    4   1   1   1   0   4   2   1   0  24   8  34   1   1   1   4   2   0   0  10  0.39 0.25
  424 S     4  -1   1  -2  -2  -2  -2   0  -2   0  -2  -2  -2  -3  -2   0   2  -3  -3   0   40   4   9   1   0   1   1   4   0   6   1   1   0   0   1   5  19   0   0   6  0.36 0.23
  425 L    -3  -3  -4  -4  -3  -3  -3  -4  -4   4   4   0   2  -2  -4  -3  -2  -3  -3   0    1   0   0   0   0   0   1   1   0  28  48   9   5   0   0   1   1   0   0   3  0.67 0.30
  426 I    -1  -3  -4  -4   0  -3  -3  -4  -4   3   4  -3   3  -1  -3  -3  -2  -3  -2   2    3   1   0   1   2   0   1   1   0  18  47   1   8   1   1   1   1   0   0  13  0.59 0.26
  427 A     1   0  -3  -4   9  -1  -3   0  -4   0  -3  -3  -3  -4  -3   0  -2  -4  -3  -1   13   5   0   1  48   3   1   8   0   6   1   1   0   0   1   6   2   0   0   4  1.09 0.39
  428 Q    -1   1   0   0  -3   2  -1  -2   7  -1  -1  -1   0  -2  -3  -2  -2  -3   2  -3    5   6   4   5   0  13   1   2  37   5   5   2   3   0   1   2   1   0   6   1  0.63 0.29
  429 C     0  -4  -4  -4   8  -4  -4  -4  -4   1   2  -4  -1  -2  -4  -2  -2  -4  -3   1    6   0   0   0  38   0   0   1   0   9  26   0   0   1   0   2   2   0   0  12  0.93 0.35
  430 L    -2  -1  -4  -4  -3  -3  -4  -4  -3  -1   5  -3   2   2  -4  -2  -2  -2   2   0    3   3   0   0   0   0   0   1   0   0  62   0   4   8   0   3   2   0   7   4  0.67 0.31
  431 N    -2  -1   3   1  -4  -1  -2   5  -1  -3   0  -1  -3  -4  -3  -1  -1  -4  -3  -3    1   2  17   6   0   3   2  47   1   0  12   2   0   0   0   2   3   0   0   0  0.61 0.28
  432 L    -2  -4  -4  -5  -3  -2  -4  -5  -4   0   5  -4   3   0  -4  -4  -3   1  -3   0    3   0   0   0   0   2   0   1   0   3  73   0   7   2   0   1   0   2   0   5  0.92 0.38
  433 T    -1  -1   1   0  -3  -1  -1   3  -2  -3  -3   0  -2  -4   0   1   3  -4  -3  -3    2   2   7   4   0   2   4  30   0   0   1   4   1   0   5  12  24   0   0   0  0.42 0.23
  434 K    -1  -2  -2  -2   0  -1  -2  -3  -2  -2   1   2   2  -2   6  -2  -1  -4  -1  -3    4   0   2   2   2   1   2   1   1   1  14  14   5   2  43   2   2   0   2   0  0.78 0.31
  435 E     1  -2   0   2  -4   2   4  -2   1  -4  -4   2  -3  -4  -3   0  -1  -4  -3  -3   14   0   3  14   0   8  32   3   4   0   1  11   0   0   0   5   3   0   0   1  0.51 0.29
  436 A     0  -1   1   2   1  -1  -1  -1   2  -3  -1  -1  -1   0   1   0  -1   6   2  -3    7   3   8  12   4   2   3   5   7   0   6   3   1   3   7   5   3  12   7   1  0.25 0.17
  437 L    -1  -3  -3  -1  -3  -3  -3  -4  -3   3   2  -2   3   5  -2  -1  -1  -2  -1   0    5   0   0   4   0   0   1   1   0  18  20   3   9  26   2   4   3   0   0   3  0.44 0.26
  438 G    -1  -2   2  -1  -4  -3  -2   2  -4  -5  -3  -2  -4  -1   0   0  -3  10   0  -4    4   2   9   4   0   0   2  17   0   0   3   2   0   2   4   7   0  39   2   0  1.29 0.51
  439 L     0  -1   1  -2   0   0  -2  -2   2   0   1  -1   1   2  -3   2   0  -3  -1  -1    7   3  10   0   2   5   0   0   7   6  14   3   4   9   0  22   4   0   2   2  0.15 0.17
  440 F    -4  -5  -5  -5   0  -5  -5  -5  -4   1   0  -5   1   7  -5  -4  -4   6   1   1    0   0   0   0   2   0   0   0   0   9   6   0   4  51   0   0   0  12   3   8  1.30 0.50
  441 H    -2   3   1  -3  -5   1  -1  -3   7  -5  -4   4  -3  -4  -3  -1  -3  -5  -2  -4    2  15   8   0   0   4   0   0  35   0   0  33   0   0   0   3   0   0   0   0  1.01 0.32
  442 L    -3  -2  -2  -3  -4   5  -2  -4  -3   1   3  -2   1   0  -1  -3  -1  -3  -2  -1    0   0   1   0   0  39   0   0   0  10  33   0   4   5   3   0   2   0   0   3  0.57 0.27
  443 D    -2  -2   0   5  -4  -1  -1   4   0  -5  -5   1  -4  -5  -3   1  -2  -5  -4  -4    1   1   1  38   0   1   0  35   2   0   0  10   0   0   0   9   1   0   0   0  0.78 0.26
  444 A     1  -2   5   1  -4   2   0  -2  -2  -4  -2  -2  -3  -4   0  -1   0  -4  -2  -3   16   0  42   8   0  12   4   1   0   0   4   0   0   0   4   1   5   0   1   0  0.57 0.24
  445 G     1  -4  -3  -4   2  -4  -4   7  -4  -5  -5  -4  -5  -5  -4  -2  -3  -5  -5  -5   12   0   0   0   6   0   0  82   0   0   0   0   0   0   0   0   0   0   0   0  1.60 0.39
  446 S     3  -3   0  -2   2  -2  -2   3  -3  -4  -4  -2  -3  -4  -3   4  -1  -4  -4  -3   26   0   3   0   4   0   0  23   0   0   0   0   0   0   0  43   0   0   0   0  0.73 0.28
  447 I    -2  -4  -5  -5  -3  -4  -5  -5  -5   4   1  -4  -1  -1  -4  -4  -2  -4  -3   5    0   0   0   0   0   0   0   0   0  31  12   0   0   2   0   0   0   0   0  55  0.98 0.31
  448 S    -1  -3   0  -3   1  -2  -2  -3  -3  -4  -4  -2  -3  -5  -3   5   4  -5  -4  -3    0   0   4   0   2   0   0   0   0   0   0   0   0   0   0  64  30   0   0   0  1.09 0.39
  449 V    -2  -5  -5  -5  -3  -4  -5  -5  -5   3   0  -4  -1  -3  -5  -4  -1  -5  -3   6    1   0   0   0   0   0   0   0   0  11   3   0   0   0   0   0   1   0   0  84  1.30 0.39
  450 I    -3  -5  -5  -5  -3  -4  -5  -6  -5   6   1  -4   0  -2  -5  -4  -1  -5  -3   3    0   0   0   0   0   0   0   0   0  70   8   0   2   0   0   0   3   0   0  18  1.14 0.34
  451 D    -4  -3   1   7   0  -2   2  -3   1  -5  -6  -3  -5  -6  -4  -2  -3  -6  -5  -5    0   0   4  83   2   0   8   0   3   0   0   0   0   0   0   0   0   0   0   0  1.67 0.41
  452 F    -4  -4  -5  -5  -4  -4  -5  -5  -1   0  -1  -4   0   6  -5  -4  -4   4   7  -3    0   0   0   0   0   0   0   0   0   4   4   0   2  42   0   0   0   5  44   0  1.46 0.37
  453 P    -2  -3  -4  -4  -2  -3  -3  -3   0  -4  -2  -3  -4  -2   8  -2  -2  -6  -4  -3    3   1   0   0   1   0   0   1   3   0   4   0   0   2  82   2   2   0   0   1  2.09 0.44
  454 D    -2  -1   1   5  -4   2   1  -2   0  -4  -3   1  -3  -3  -1   0  -1  -4  -1  -3    2   2   4  44   0  12   7   1   1   0   1   9   0   1   2   6   3   0   2   1  0.62 0.23
  455 G    -2  -3  -2   1  -5  -1  -2   7  -4  -5  -5  -2  -5  -5  -4  -2  -3  -5  -5  -3    1   1   1   8   0   2   2  81   0   0   0   1   0   0   0   0   1   0   0   2  1.46 0.39
  456 P     1  -2  -3  -2  -3   0  -1   0  -3  -1   0  -1  -2  -3   6  -1  -1  -1  -2  -1   15   1   0   1   0   6   3   6   0   4  11   2   0   0  40   3   3   1   1   2  0.67 0.22
  457 S     0   0   1   3  -2   1   1   1  -1  -3  -2   1  -2  -3  -2   2   0  -4  -3  -3    6   5   6  18   1   6  11   9   1   1   2   9   0   1   0  18   6   0   0   0  0.26 0.13
  458 S     0  -2  -1  -2  -4   2  -1   5  -2  -4  -4   0  -3  -4  -2   2  -2  -4  -4  -4    4   1   1   1   0  10   2  51   1   1   1   5   0   0   1  19   1   0   0   0  0.77 0.28
  459 K    -1   4  -1  -1  -3   0   0  -1   1  -2   0   2   0  -2   3  -1  -1   0  -2  -2    4  28   1   2   0   2   4   4   5   1  11  12   3   2  14   3   2   1   1   2  0.30 0.16
  460 G     1  -4  -2  -1  -4  -3  -3   4  -2  -4  -5  -3  -4  -5   6  -1  -3  -5  -4  -4   13   0   1   3   0   0   0  34   1   0   0   0   0   0  43   2   0   0   0   0  1.19 0.35
  461 V    -2  -3  -5  -5  -3  -2  -4  -4  -5   3  -1  -4   0  -3  -5  -4   0  -5  -2   6    1   1   0   0   0   2   0   1   0  11   3   0   2   0   0   0   4   0   1  74  1.12 0.40
  462 I    -3  -4  -5  -5  -3  -4  -5  -5  -5   4   4  -4   1  -2  -5  -4  -2  -4  -3   4    0   0   0   0   0   0   0   0   0  25  39   0   3   0   0   0   1   0   0  32  0.88 0.31
  463 R    -1   5  -2  -3  -4   5  -1  -3  -1  -3  -2   0   0  -4  -4   0   1  -4  -2  -3    4  34   0   0   0  32   2   0   1   1   3   1   2   0   0   6  11   0   1   1  0.74 0.33
  464 C     4  -4  -4  -5   9  -4  -4  -1  -5  -4  -4  -4  -4  -5  -4   1   0  -5  -5  -2   39   1   0   0  44   0   0   3   0   0   0   0   0   0   0   8   5   0   0   1  1.42 0.44
  465 T    -1  -4  -4  -4  -2  -3  -4  -3  -2   3   3  -3   5  -2  -4  -2   1   0  -3   2    4   0   0   0   1   0   0   1   1  23  27   0  18   0   0   2  11   1   0  10  0.53 0.24
  466 N    -5  -4   9  -2  -6  -3  -3  -4  -2  -6  -4  -3  -5  -6  -5  -2  -3  -7  -5  -6    0   0  96   0   0   0   0   0   0   0   2   0   0   0   0   0   0   0   0   0  2.40 0.65
  467 Y    -3  -4  -2  -3  -4  -3  -2  -5  -1   5   2  -4  -1   0  -5  -2  -3  -2   5   0    0   0   2   2   0   1   2   0   1  39  19   0   1   1   0   3   0   0  28   2  0.77 0.31
  468 T    -1  -4  -2  -4  -4  -4  -4  -4  -5  -4  -4  -4  -2  -5  -4  -1   8  -5  -5  -3    3   0   1   0   0   0   0   0   0   0   0   0   1   0   0   1  94   0   0   0  1.93 0.58
  469 A     4  -2   0  -3  -3  -2  -2  -1   0  -2  -3  -2  -2  -4  -2   3   3  -4  -3  -1   40   1   3   0   0   0   0   3   2   1   1   0   0   0   1  25  20   0   0   2  0.58 0.28
  470 H    -5   0  -3  -4  -6  -3  -3  -5  11  -6  -6  -4  -5  -4  -5  -4  -5  -5   1  -6    0   4   0   0   0   0   0   0  93   0   0   0   0   0   0   0   0   0   3   0  3.01 0.66
  471 L    -4  -4  -6  -6  -4  -3  -5  -6  -5  -1   6  -5   0   1  -5  -5  -3  -4  -3   0    0   0   0   0   0   1   0   0   0   0  88   0   1   6   0   0   0   0   0   4  1.33 0.40
  472 G    -1   0   0  -2  -5  -4  -4   7  -4  -6  -6  -3  -5  -5  -4  -2  -3  -5  -5  -5    3   5   3   2   0   0   0  86   0   0   0   0   0   0   0   1   0   0   0   0  1.62 0.37
  473 R    -2   6  -1   1  -4   2   1  -3   3  -4  -3   2  -2  -4  -3  -1  -2  -4  -2  -4    0  62   0   8   0  10   5   0   8   0   0   7   0   0   0   0   0   0   0   0  0.79 0.15
  474 W    -3  -4  -4  -5  -4  -3  -4   1  -4  -4  -3  -4  -3  -1  -5  -4  -4  12   1  -4    0   0   0   0   0   0   0  15   0   0   0   0   0   0   0   0   0  85   0   0  2.74 0.25
  475 S     2  -2  -1  -2   0  -1  -1  -1  -2  -2  -2  -1  -2  -3  -2   4   0  -3  -1   0   22   0   0   0   1   0   0   0   0   0   1   0   0   0   0  65   0   0   1   9  0.48 0.12
  476 I    -1  -4  -4  -4  -2  -3  -4  -4  -4   5   1  -3   1  -1  -3  -3  -1  -3  -2   3    1   0   0   0   0   0   0   0   0  68   1   0   1   0   0   0   0   0   0  29  0.67 0.12
  477 P    -2  -3  -3  -2  -4  -2  -2  -3  -3  -4  -4  -2  -3  -5   8  -2  -2  -5  -4  -3    0   0   0   0   0   0   0   0   0   0   0   0   0   0 100   0   0   0   0   0  2.35 0.13
  478 I    -2  -4  -4  -4  -2  -3  -4  -4  -4   5   1  -3   1  -1  -3  -3  -1  -3  -2   3    0   0   0   0   0   0   0   0   0  75   0   0   0   0   0   0   0   0   0  25  0.60 0.08
  479 T     0  -2  -1  -2  -2  -1  -2  -2  -2  -1  -2  -1  -1  -3  -2   1   6  -3  -2  -1    1   0   0   0   0   0   0   0   0   0   0   0   0   0   0   3  96   0   0   0  0.81 0.11
  480 K    -2   6  -1  -2  -4   0  -1  -3  -1  -4  -3   2  -2  -4   1  -1  -2  -3  -2  -3    0  83   0   0   0   0   0   0   0   0   0  11   0   0   6   0   0   0   0   0  0.90 0.09
  481 P    -1  -2  -2  -2  -3  -2  -1  -2  -2  -3  -3  -1  -3  -4   8   0   0  -4  -3  -3    0   0   0   0   0   0   0   0   0   0   0   0   0   0  88   8   4   0   0   0  1.82 0.05
  482 A     4  -2  -1  -2  -1  -1  -1   3  -2  -2  -2  -1  -1  -3  -1   1   0  -3  -2  -1   75   0   0   0   0   0   0  25   0   0   0   0   0   0   0   0   0   0   0   0  0.43 0.02

                      K         Lambda
Standard Ungapped    0.1314     0.3161
Standard Gapped      0.0410     0.2670
PSI Ungapped         0.1314     0.3161
PSI Gapped           0.0410     0.2670
