
Last position-specific scoring matrix computed, weighted observed percentages rounded down, information per position, and relative weight of gapless real matches to pseudocounts
            A   R   N   D   C   Q   E   G   H   I   L   K   M   F   P   S   T   W   Y   V   A   R   N   D   C   Q   E   G   H   I   L   K   M   F   P   S   T   W   Y   V
    1 M    -1  -2  -3  -4  -2  -1  -3  -3  -2   1   2  -2   8   0  -3  -2  -1  -2  -2   0    0   0   0   0   0   0   0   0   0   0   0   0 100   0   0   0   0   0   0   0  0.75 0.11
    2 G     0   2  -1  -1  -3  -1   0   5  -2  -4  -3   0  -3  -3  -2   0  -1   4  -2  -3    0  15   0   0   0   0   7  58   0   0   0   2   0   0   0   9   0   8   0   0  0.61 0.07
    3 R    -1   5  -1  -2  -3   2   0  -2  -1  -3  -3   2  -2  -3   2   1  -1  -3  -2  -3    0  58   0   0   0  11   0   0   0   0   0  10   0   0   9  12   0   0   0   0  0.62 0.09
    4 L    -2  -3  -3   0  -2  -2  -2  -4  -2   2   3  -3   1   1  -3  -2  -1  -2   2   1    0   0   0  10   0   0   0   0   0  23  45   0   0   2   0   2   0   0  11   6  0.27 0.07
    5 S     1   3   1  -1  -2   0  -1  -1  -1  -2  -1   0  -1  -3  -2   3   1  -3  -2  -2   18  24   9   0   0   0   0   0   0   0   8   0   0   0   0  32   9   0   0   0  0.28 0.09
    6 W    -3  -3  -3  -1  -4  -2  -1  -2   2  -4  -3  -3  -3  -1   1  -3  -3  11   0  -4    0   0   0   4   0   0   4   2   7   0   0   0   0   0   7   0   0  71   0   0  2.11 0.29
    7 Q     0   1   1  -1   2   3   0   1  -1  -2  -2   0  -1  -3  -2   0   2  -3  -2  -1    8   7   7   1   5  21   1  14   0   1   1   4   0   0   1   5  18   0   0   4  0.20 0.08
    8 V     0   0  -3  -1  -2  -2  -3  -3  -3   3   2  -2   2  -1  -3  -2  -1  -3  -2   3    5   6   0   4   0   0   0   0   0  20  16   0   5   0   0   0   2   0   0  39  0.31 0.13
    9 A     3  -2  -2  -2  -1  -2  -2   0  -2  -1  -1  -2  -1   0  -2   1   1  -3  -2   2   43   0   0   0   0   0   0   4   0   0   5   0   0   5   0  11  10   0   0  19  0.27 0.14
   10 A     2  -2  -2  -2  -2  -2  -2   1  -3   0   1  -1  -1  -1  -2   1   0  -3  -2   1   31   0   0   0   0   0   0  10   0   5  18   3   0   1   0  16   4   0   0  12  0.18 0.11
   11 A     3  -2   1  -2  -2  -2  -2   1  -2  -1   0  -2  -1   1  -2   2   0  -3  -2   1   34   0   8   0   0   0   0   8   0   0  12   0   0   7   0  15   5   0   0  11  0.21 0.15
   12 A     2  -1  -2  -2  -2  -2   0   0  -2   1   1  -2  -1   1  -3  -1   1  -2   0   2   24   4   0   0   0   0   8   6   0  10  11   0   0   8   0   0   9   0   3  17  0.11 0.11
   13 A     3  -3  -2  -3  -2  -2  -2   0  -3   2   0  -2  -1  -2  -2   1   2  -4  -3   2   33   0   0   0   0   0   0   7   0  12   6   0   0   0   0   8  15   0   0  20  0.29 0.18
   14 V    -1  -3  -1  -3  -2  -2  -1  -2  -3   3   1  -3   1   1  -3  -1   0  -3  -2   4    2   0   4   0   0   0   4   2   0  19  13   0   4   5   0   3   3   0   0  38  0.31 0.17
   15 G     1  -3  -2  -3   1  -2  -3   5  -3  -4  -4  -1  -3  -3   0   1   0   4   0  -3   11   0   0   0   3   0   0  50   0   0   0   5   0   0   4  10   5   7   4   0  0.66 0.25
   16 L    -1  -3  -3  -4  -2  -3  -2  -4  -3   2   4  -3   0   2  -3  -2   1  -3  -2   2    4   0   0   0   0   0   4   0   0  11  46   0   0   9   0   0  11   0   0  14  0.42 0.21
   17 A     3  -2   0  -2  -2  -2   0   1  -3   0  -1  -2  -2  -1  -2   2   0  -3  -2   1   33   0   3   0   0   0   7  10   0   5   3   0   0   3   0  17   3   0   0  15  0.24 0.18
   18 L    -1  -3  -4  -4   1  -3  -4  -4  -3   2   3  -3   1   0  -4  -2  -2  -3   2   3    2   1   0   0   3   0   0   0   0  14  42   0   3   2   0   3   0   0   9  20  0.51 0.23
   19 T     2  -2  -2  -2  -2   0  -2   1  -2   0   0   1  -1  -2   0   1   1  -3   1   0   22   0   0   0   0   3   0  13   0   3  11   9   0   0   3   8  11   0   6   9  0.13 0.12
   20 L    -1  -2  -2  -3   0   0  -1  -3  -3   2   2  -2   0   1  -3   2   0  -3  -2   0    3   0   0   0   2   5   4   1   0  16  29   0   0   6   0  25   2   0   0   5  0.23 0.18
   21 E    -2   1  -2   0  -4   1   5  -3  -2  -3  -2  -1   1  -3   0   0   0  -3   1  -3    1   7   1   4   0   6  50   1   0   1   3   1   4   0   3   6   6   0   5   1  0.58 0.27
   22 A     2  -3   0  -3  -2  -2  -3   1  -3   1   0  -2   0   0  -3  -1   0   0   0   3   20   0   6   0   0   0   0  10   0   5   7   0   3   3   0   3   6   2   3  32  0.21 0.17
   23 L     0  -3  -3  -2  -2  -3  -3  -4  -3   3   3  -3   0   0  -3  -2   1  -3   0   2    7   0   0   3   0   0   1   1   0  22  38   0   0   3   0   1   8   0   3  12  0.39 0.20
   24 P     0  -3  -2  -3  -3  -2  -1  -2   0  -2  -3  -2  -3  -2   6  -2  -1   5   4  -2    8   1   2   1   0   1   3   2   2   3   1   2   0   0  43   2   3   8  14   3  0.96 0.34
   25 W    -2   0  -1   1  -3   1   1  -1  -2  -3  -1   0   0   1  -3  -1   0   7   2  -2    3   4   3   7   0   6   9   4   0   0   7   6   2   5   0   4   7  20   9   3  0.42 0.21
   26 V     0  -3  -1  -4  -3   0  -3  -2   2   3   1  -3   0  -1  -3  -2   1  -3   0   3    6   0   2   0   0   5   0   2   5  22  10   0   2   2   0   0   9   0   3  30  0.34 0.22
   27 L    -1  -2  -4  -4   1  -3  -2  -4  -3   1   3  -2   2   1  -4  -2  -2   2   2   2    4   2   0   0   4   0   2   0   0   9  35   2   6   5   0   3   1   3  10  13  0.37 0.22
   28 R    -1   4   2  -2  -3   1   0  -2   0   0  -1   3   0  -3  -3  -2  -1  -3   1  -2    4  25  11   0   1   5   5   3   2   7   8  18   2   0   0   0   3   0   5   0  0.32 0.22
   29 W    -3  -1  -5  -5   0  -1  -5  -3  -3  -1  -2  -2  -1   3  -5  -2   0  10   5  -4    2   3   0   0   2   3   0   2   0   3   3   3   1  11   0   2   6  38  19   0  1.49 0.56
   30 L    -1  -1  -1  -4   0  -2  -3  -1  -3   1   3  -2   4   0  -2  -1  -1   1  -1   0    5   3   4   0   2   1   0   4   0   9  39   1  13   3   2   4   3   2   1   4  0.34 0.23
   31 R    -2   6  -1  -2  -5   0   0  -4   2  -4  -2   3  -3  -3  -4   0  -1   3  -3  -3    2  44   3   2   0   2   4   0   6   0   3  17   0   1   0   5   4   5   0   2  0.80 0.41
   32 S     1  -1   1   0  -3   0  -1  -1  -1  -2  -3   0  -3  -1  -2   3   1   1   1  -2   10   3   7   6   0   5   2   3   1   2   2   6   0   2   1  33   6   2   7   3  0.27 0.23
   33 R    -3   5   0  -3  -5   2  -1   0  -3  -3  -3   4  -2  -4  -4  -1   0  -3  -1  -2    0  32   4   0   0   8   3   7   0   1   2  23   1   0   0   5   7   0   2   2  0.62 0.36
   34 R     0   4   0  -2  -3   0   0  -1   0  -2  -2   3  -1  -1  -1   0  -1   1  -1  -1   10  23   4   1   0   3   3   5   2   3   3  18   1   2   3   8   3   2   1   4  0.25 0.19
   35 R     0   5  -2  -1  -4   1   0  -2  -3  -4  -3   3  -3   1  -4   0  -2  -4   0  -3   10  34   1   2   0   5   5   3   0   0   1  20   0   6   0   5   2   0   3   1  0.57 0.34
   36 R    -1   4   0  -1  -4   2   0  -3  -1  -1  -2   2  -3  -2   0   0   0  -4  -3   0    4  31   4   2   0   8   5   0   1   3   3  14   0   2   4   7   4   0   0   7  0.40 0.27
   37 P     0  -1   0   0  -4  -1  -1  -3  -2  -1   1   0   0  -4   5   0  -2  -5  -1  -1    8   3   4   4   0   2   3   1   1   4  13   6   2   0  34   6   2   0   2   4  0.52 0.30
   38 R    -1   4   0  -1  -4   2   0  -2   1   0  -1   2  -1  -3  -1   0  -1  -4  -1   0    5  24   4   3   0   9   4   2   4   6   4  13   1   1   2   5   2   0   3   8  0.25 0.20
   39 R    -2   4   3  -3  -4   1   0   0   1  -2  -2   2  -2  -1  -2   0   0  -4  -2  -2    2  27  13   0   0   5   6   6   3   2   5  11   1   3   2   6   5   0   1   2  0.36 0.26
   40 E    -2  -1   0   2  -5   3   5  -3   2  -5  -4   2  -2  -5  -2  -1  -1  -1  -4  -3    3   3   4  10   0  13  36   1   5   0   2  12   1   0   2   4   3   1   0   2  0.67 0.41
   41 A     3  -3  -3  -3  -2  -1  -1  -1  -4   0  -1  -2  -1  -3  -1   1   0  -5  -4   4   28   1   1   1   1   3   3   5   0   4   4   2   2   1   4   9   4   0   0  29  0.42 0.32
   42 L     0  -3  -5  -5  -4  -4  -3  -3  -5   2   4  -4   3  -1  -5  -3  -1  -4   0   1    7   1   0   0   0   1   1   2   0  12  48   1   8   2   0   1   3   0   3  10  0.72 0.39
   43 F    -2  -4  -4  -2  -5  -5  -4  -6  -5   1   0  -4  -1   8  -6  -2  -1  -1   2  -1    4   1   1   2   0   0   1   0   0   7   8   1   1  56   0   3   3   1   6   4  1.35 0.59
   44 F    -2  -2   0  -3  -3  -3  -5  -2   1  -1   0  -5   0   7  -3  -2  -3  -3   1  -1    4   2   5   2   1   1   1   4   3   3   7   0   2  51   1   2   1   0   4   3  1.10 0.51
   45 P     0  -3   0   1  -1  -2   0  -3  -4  -3  -3  -2  -2  -3   6   0   0  -5  -5  -1    7   2   4   9   1   1   5   2   0   2   3   2   1   1  43   6   6   0   0   4  0.89 0.47
   46 S     0  -2   2   3  -2  -1   0  -1  -2  -3  -1   0  -2  -1  -1   3   0  -4  -4  -1    9   2  10  14   1   3   6   4   1   1   6   4   1   2   3  23   6   0   0   3  0.26 0.23
   47 Q     0   1  -1   0  -1   3   1   0  -1  -2  -1   2  -1  -3   0   0   1   3  -1  -2    8   6   3   4   2  15   8   6   1   2   7  12   1   0   5   5   8   4   2   2  0.18 0.16
   48 V    -1  -3  -3  -3  -1  -2  -3  -2  -2   3   1  -2   1   0   0  -1   0  -4  -3   4    5   1   1   2   1   2   2   3   1  18  13   3   3   5   4   4   4   0   0  27  0.34 0.22
   49 T     0  -2   0  -1  -1  -2   0  -2  -1   0  -1   0   1  -1  -1   2   3  -3  -1   0    9   2   4   3   1   1   6   3   1   6   6   6   4   3   3  14  20   0   2   7  0.15 0.16
   50 C     1  -2  -1  -3   8  -3  -2  -3  -4   0  -1  -3  -3   1  -1   0   0   1  -2   1   14   2   3   1  30   1   2   2   0   4   6   1   1   6   3   7   5   2   1   8  0.72 0.37
   51 T     0   0  -1  -2   1  -1  -1  -1  -2   0   0   0   0   1   0   1   3  -1  -1   0    9   4   3   2   4   3   2   4   1   7   7   5   2   6   4   8  21   1   2   7  0.11 0.13
   52 E     0   0   1   1  -2   1   4  -1  -2  -3  -1   1  -2  -2   0   0  -1  -1   0  -2    7   4   6   7   1   6  27   5   1   1   5   7   1   2   4   7   4   1   3   2  0.25 0.21
   53 A     3  -2  -1  -1   0   0   0  -1   1  -1  -1  -1  -2  -1  -1   1   1  -1  -1   0   27   2   3   3   2   3   5   5   4   3   5   3   1   3   3  10   7   1   2   8  0.15 0.16
   54 L    -1  -3  -3  -3  -1  -3  -2  -2   0   2   3  -3   0   3  -3  -2   0   0   0   2    6   1   1   1   1   1   2   3   3  10  27   1   1  11   1   3   7   1   3  15  0.30 0.21
   55 L    -1  -2  -3  -2   0  -2  -2  -3  -1   2   3  -2   1   2  -3  -2   0  -2   1   1    5   1   1   2   2   1   2   1   2  10  33   2   3   9   1   3   5   1   4  11  0.33 0.22
   56 R     0   3   2  -1  -1   1   0  -1   0  -2  -2   2  -1  -1   0   0   0  -2  -1  -2    7  17  10   3   1   5   7   5   2   2   5  12   1   3   4   8   5   1   2   2  0.18 0.15
   57 A     4  -2  -1  -1  -1  -1   0   0  -1  -1  -2  -1  -1  -2  -1   2   0  -4  -1  -1   34   2   3   3   1   2   5   7   1   4   3   3   2   2   2  14   6   0   3   4  0.29 0.25
   58 P     0  -3  -1  -2  -3  -1  -2  -1  -1  -2  -2  -2  -4  -2   6   1  -1  -4  -1  -2    7   1   4   2   1   3   3   4   1   2   4   2   0   2  45   9   4   0   2   3  0.90 0.50
   59 G     1  -2   0  -1  -3  -1  -3   5   0  -3  -3  -2  -2  -1  -1   1   0  -1  -2  -3   10   2   5   4   0   2   2  40   3   1   3   2   1   3   3  12   5   1   2   2  0.55 0.34
   60 A     3  -2  -1  -1   2  -1  -1  -1  -2   1  -1  -1   0  -1  -1   1   0  -4  -1   2   25   2   3   4   4   2   3   3   1   8   5   3   2   2   3   9   6   0   2  13  0.16 0.17
   61 E     0   0   0   1  -4   2   4  -2   0  -2  -3   0   0  -2  -1   1   0  -1  -1  -1    6   4   3   8   0  10  26   3   2   2   2   5   2   2   3   9   6   1   2   4  0.30 0.25
   62 L     0   0  -1  -1   0   0  -2  -2  -1   2   1  -1   1   0   0  -1  -1  -3  -1   2    9   4   3   3   2   4   2   2   2  11  17   3   3   5   6   3   3   0   2  17  0.10 0.10
   63 A     3  -1   0  -2  -1  -1  -1   1   0   0  -2  -1  -2  -1  -1   1   0  -2   1   0   26   3   4   2   1   3   5  11   2   5   4   4   1   2   2   9   5   0   5   5  0.15 0.16
   64 E    -1  -1   0   1  -2   1   2  -2   1  -1  -2   0  -2   3   0   0  -1  -3   1  -1    5   3   4   6   1   6  16   3   4   4   3   5   0  16   4   6   3   0   5   5  0.18 0.17
   65 L     0  -2  -1  -2   0  -1  -2  -2  -2   1   2  -2   1   1  -1   1   0  -3   0   1    9   2   2   2   2   3   2   2   1   7  23   2   4   5   3  14   6   0   3   8  0.12 0.13
   66 P    -2  -2  -1  -1  -1  -1  -2  -3  -3  -3  -4  -2  -1   1   7  -1  -1  -5  -4  -2    3   3   4   4   2   3   3   2   1   1   2   2   2   5  52   4   4   0   1   2  1.17 0.60
   67 E    -1   0   0   2  -2   1   4  -2  -1  -2  -3   1  -3  -2  -1   1  -1  -4  -2  -1    5   6   4  11   1   6  27   3   1   3   3   7   0   2   3  10   4   0   1   5  0.31 0.25
   68 G     0  -2   1   1  -2  -1   0   4  -2  -1  -4  -1  -3  -1   0   1  -1  -4  -3  -1    8   2   6   6   1   3   5  35   1   4   1   3   0   3   4   8   4   0   1   4  0.38 0.26
   69 C     0  -2  -1  -2   6  -1  -2  -2   0   1  -1  -2  -1  -1  -1   1   1  -3   0   0    8   2   3   2  18   2   3   3   2   7   7   2   1   3   3  13   9   0   3   8  0.28 0.21
   70 P    -1  -1  -1  -1  -3  -1   0  -2  -1  -2  -3  -1  -3  -2   6   0  -1  -2  -2   0    6   4   3   4   0   3   5   3   2   2   3   4   1   2  37   7   4   1   2   7  0.64 0.37
   71 C     1  -2  -1  -2   7  -2  -1  -2  -1   0  -1  -1  -2  -1  -3   0   0  -2   0   1   13   2   2   2  26   2   4   3   1   4   6   4   1   2   2   6   5   1   3  11  0.53 0.30
   72 G     0  -1   0   0  -1   0  -1   3   0  -2  -2  -1  -1   3  -2   1  -1  -1   1  -2    7   4   4   5   1   4   4  23   2   2   4   3   1  13   2   9   3   1   5   3  0.20 0.16
   73 L    -1  -2  -1  -2  -2  -1  -2  -2  -3   2   2  -2   1   4  -2   0   0  -3   0   1    3   2   3   2   1   2   2   3   0  10  22   2   3  17   2   8   7   0   2   9  0.25 0.19
   74 P     0  -1  -2  -2  -2  -2  -2  -4  -2  -2  -3  -1  -4  -2   6   2  -1  -2  -2  -2    7   3   2   2   1   2   2   2   1   2   3   3   0   2  46  13   3   1   2   3  0.98 0.53
   75 H    -1   0   1   0  -2   0   1  -1   6  -3  -3  -1  -3  -1   2  -1  -1   3   2  -3    4   4   7   6   1   4  10   4  18   1   3   4   1   2  10   5   3   5   7   2  0.39 0.27
   76 G    -1  -4   1   0   0  -2   0   5  -3  -3  -4  -2  -3   0  -2   1  -2  -5  -3  -3    5   1   6   6   2   1   7  44   1   2   1   2   1   4   2   9   3   0   1   2  0.67 0.41
   77 E    -2   0   0   4  -4   2   4  -1  -1  -4  -4   1  -2  -3  -2  -1  -1  -5  -2  -3    3   5   4  23   0   9  25   4   1   1   2   8   1   1   2   5   3   0   1   2  0.59 0.39
   78 S     0  -2   3   2   0   0   0   0  -1  -3  -4  -1  -3  -4  -3   3   2  -4  -3  -4    7   2  12  11   2   4   7   8   2   1   1   4   1   1   1  22  11   0   1   1  0.40 0.33
   79 A     3  -3  -1  -3   4  -3  -2  -1  -2   2  -1  -3   0  -3  -1   1   1  -5   0   0   26   1   3   2   9   1   3   5   1  10   6   1   2   1   3  10   7   0   3   5  0.33 0.28
   80 L    -1   0   0  -2  -3   1   1  -3   0   1   2  -1   1   1  -3  -2   0  -3   0   0    4   5   5   2   0   6   9   2   2   8  26   3   3   5   1   3   6   0   4   5  0.16 0.17
   81 S     1   0   2   2  -3   2   1   0  -1  -4  -2   0  -2  -3  -1   2   0  -4  -3  -3   11   4  10  10   0   9   8   7   1   1   5   6   1   1   3  15   5   0   1   1  0.23 0.23
   82 R     1   4  -1  -2  -3   1   0  -3   1  -1   1   3   0  -3  -3  -2  -1  -3  -2  -2   10  20   3   2   1   6   7   2   3   4  13  16   2   1   1   2   3   0   1   3  0.33 0.28
   83 L    -3  -7  -9  -8  -7  -6  -7  -7  -5   6   4  -6   0  -1  -8  -8  -4  -5  -3   3    2   0   0   0   0   0   0   0   0  41  32   0   2   3   0   0   1   0   1  15  1.46 0.74
   84 L    -1  -2  -3  -4  -2  -2  -3  -3  -2   4   4  -3   1  -2  -7  -4  -2  -7  -2   2    6   3   1   1   1   2   2   2   1  23  31   2   3   1   0   1   2   0   1  15  0.68 0.41
   85 R    -1   3   2   2  -5   2   2  -2   1  -5  -5   3  -1  -6  -3   1  -2  -3  -2  -5    6  15   8  10   0   8  12   3   3   1   1  17   1   0   1   8   3   0   2   1  0.48 0.38
   86 A     2  -1  -2  -3  -2   1   1  -3   0  -1   1  -2   0  -1  -3   0   2  -2   1   0   20   3   2   1   1   5  11   2   2   3  12   2   2   2   1   6  12   1   6   6  0.21 0.23
   87 L    -5  -6  -5  -6  -2  -8  -8  -8  -8   6   4  -8   1  -1  -8  -7  -4  -7  -3   0    1   0   1   0   1   0   0   0   0  47  35   0   3   3   0   0   1   0   1   7  1.64 0.80
   88 L     0   1   3   3  -3   1   1  -1   0  -2  -1   1  -2  -3  -5   0  -1  -2  -3  -3    7   7  15  16   1   6   8   5   2   2   7   7   1   1   0   8   3   1   1   2  0.29 0.25
   89 A     2   0   1  -1  -3   2   0   1   0  -5  -3   2  -3  -4  -5   3   0  -4  -4  -3   16   6   7   3   0   9   5  10   2   1   2  10   0   1   0  21   5   0   1   1  0.39 0.35
   90 A     7  -8  -6  -7  -1  -7  -4  -4  -8  -6  -6  -5  -8  -9  -6   1  -1  -9  -8  -4   79   0   0   0   1   0   1   1   0   0   1   1   0   0   0   9   3   0   0   2  2.09 1.12
   91 R    -3   4   0  -1  -4   4   1  -5  -1  -6  -6   4  -6  -6  -7  -2   1  -8  -6  -3    2  22   5   3   0  16   8   1   2   0   1  25   0   0   0   4   9   0   0   2  0.91 0.61
   92 A    -1   2   0  -2  -4   3   2  -3   3  -4  -5   3  -4  -2  -5   2   1  -4   0  -3    5  10   4   2   0  10  11   2   6   1   1  17   0   2   0  14   7   0   4   2  0.44 0.38
   93 S    -4   0  -1  -1  -3  -1   1  -5  -4  -6  -7  -2  -5  -5  -7   6   3  -2  -1  -6    1   4   3   3   1   2   9   1   0   1   0   3   0   1   0  51  16   1   2   0  1.20 0.80
   94 L    -4  -5  -9  -9  -4  -8  -9  -9  -9   7   2  -8  -1  -2  -9  -8  -5  -8  -7   4    2   1   0   0   0   0   0   0   0  51  20   0   1   2   0   0   1   0   0  22  1.80 0.87
   95 D    -6   2   0   6  -3   0  -1  -5   2  -5  -1  -1  -4  -1  -7  -3  -4   1   3  -5    1  11   5  41   1   3   4   1   4   1   6   5   0   2   0   2   1   2   9   1  1.00 0.63
   96 L    -3  -8  -9  -9  -3  -6  -9  -6  -8   5   2  -8   3   4  -7  -6  -6  -7  -2   4    2   0   0   0   1   0   0   1   0  29  18   0   7  14   0   1   0   0   1  24  1.31 0.67
   97 C     5  -6  -6  -6   7   1  -3  -4  -2  -4  -2  -5   4  -4  -5  -1  -3  -3  -3  -3   43   0   0   1  17   6   2   2   1   1   5   1  10   1   1   5   1   1   1   2  1.21 0.73
   98 L     2  -7  -6  -6  -4  -3  -6  -2  -3   3   2  -7   6  -1  -6  -4  -1  -7  -5   3   16   0   0   1   0   1   0   3   1  14  15   0  17   2   0   1   5   0   0  21  0.86 0.53
   99 F     0  -7  -4  -8  -5  -4  -6 -10  -2  -7  -2  -9   0   7  -4  -4  -6  -2   8  -7    7   0   1   0   0   1   1   0   1   0   4   0   2  36   1   2   0   1  41   0  2.16 1.09
  100 A     0  -2   1   0  -3  -2  -1  -2  -3  -2  -2  -4  -1  -2  -5   3   2   5   0   1    8   2   6   4   0   1   5   3   1   2   5   1   1   2   0  24  14   6   3  11  0.41 0.37
  101 F    -4  -9  -6 -10  -4  -9  -9  -7  -1   3   2  -9   0   8 -10  -6  -7   0   0  -4    2   0   1   0   1   0   0   1   2  13  15   0   2  57   0   1   0   1   2   2  2.07 1.00
  102 S    -2  -3   0  -1  -5  -2  -5  -5  -4  -6  -6  -3  -5  -5  -5   3   7  -9  -2  -4    4   2   4   3   0   2   1   1   0   1   1   2   0   1   1  20  53   0   2   1  1.42 0.91
  103 S    -1   0   2   4   0  -4   0  -3   3  -5  -2  -3  -4  -3  -3   4  -3  -3  -1  -5    5   5  10  21   2   1   5   2   6   1   5   1   0   1   2  28   1   1   3   1  0.67 0.50
  104 P    -2   1   1   3  -4   3   0  -4  -1  -4  -4   2  -4  -4   4   0  -2  -4  -3  -3    3   7   5  14   0  11   6   2   1   1   2  11   1   1  22   6   3   0   1   2  0.56 0.45
  105 Q    -2   2   0   3  -5   1   3  -1  -1  -3  -3   0  -4  -4   2  -1   0  -4  -2  -2    4  10   5  17   0   7  16   5   1   1   3   6   0   1   9   4   5   0   1   3  0.36 0.32
  106 L    -5  -6  -6  -6  -7  -6  -7  -7  -3   6   4  -8  -1  -1  -5  -5  -3  -8  -3   2    1   0   0   0   0   0   0   0   1  39  37   0   1   3   1   1   2   0   1  11  1.44 0.75
  107 G     4  -1  -3  -2  -2  -3  -2   2  -3   0  -2  -3   0   0  -4   1   1  -3  -2   1   30   3   1   3   1   1   3  13   1   5   4   1   2   5   1   8   8   0   2   9  0.34 0.30
  108 R     0   2   3   4  -6   1   2  -2  -1  -3  -3   2  -2  -5  -4  -1  -2  -2  -3  -4    7  10  13  20   0   7  11   3   2   2   3  11   1   0   1   5   3   1   1   1  0.49 0.38
  109 A     6  -3  -3  -4  -2  -2  -1  -4  -3   1  -1  -2  -2  -5  -5  -1   1  -3  -5   0   52   2   1   1   1   2   5   1   1   6   5   3   1   1   1   5   7   0   0   5  0.88 0.61
  110 V    -5  -6  -4  -4  -3  -5  -6  -8  -8   4   5  -6   3  -1  -6  -6  -4  -7  -6   2    1   0   1   1   1   0   1   0   0  19  54   1   6   3   1   1   1   0   0  11  1.34 0.73
  111 Q     0   0  -1  -1  -1   1   1  -3  -2   3   1   0   1  -2  -5  -2  -1  -3  -1   2    6   5   3   3   1   8   9   2   1  19  13   6   3   1   0   3   3   0   2  12  0.23 0.21
  112 L     2   2   0   2  -5   0   2  -3  -2  -1   0   1  -2  -3  -4  -1   0  -2  -3  -1   15  11   5  10   0   4  13   2   1   3   9   9   1   1   1   4   6   1   1   4  0.21 0.22
  113 L     5   1  -4  -4  -1  -2  -4  -5  -4  -2   2   1  -2  -4  -4  -2  -4  -3  -4   0   43   8   1   1   1   2   1   1   0   3  18   8   1   1   1   3   1   0   0   6  0.77 0.54
  114 H     2   1   0  -1  -3   1  -2  -3   6  -2  -2   3  -2   0  -5   0  -2  -2   1  -3   14   7   5   4   1   6   2   2  20   2   4  14   1   4   1   7   2   1   4   2  0.54 0.39
  115 Q     0   3   2   0  -3   4   1  -2   1  -3  -4   3  -3  -4  -2  -1  -3  -3  -3  -3    7  13  10   5   1  16   9   3   3   2   2  18   1   1   2   4   1   0   1   2  0.49 0.40
  116 R    -1   6   0  -1  -3   1  -1  -5  -2  -5  -4   2  -3  -4  -3  -1  -4  -3  -3  -5    5  46   5   3   1   7   4   1   1   1   2  12   1   1   1   6   1   1   1   1  1.06 0.68
  117 G    -3  -3   1  -1  -2  -3  -4   7  -2  -5  -5  -2  -3  -7  -4  -1  -3  -7  -7  -4    2   1   6   3   1   1   1  68   1   1   1   3   1   0   1   5   2   0   0   1  1.49 0.82
  118 V    -2  -3  -2  -5  -1  -3  -5  -4  -6   2  -1  -3  -2   0  -4  -3  -3  -6  -3   6    3   2   2   1   1   1   1   2   0  11   4   2   1   3   1   2   2   0   1  60  1.20 0.70
  119 R    -1   3   1   2  -2   1   1  -1   0  -2  -2   3   0   0  -2   0   0  -1  -1  -3    4  14   6  11   1   6   7   5   2   2   3  17   2   5   2   6   5   1   2   2  0.23 0.23
  120 V    -3  -3  -2  -4  -2  -3  -2  -5  -7   4  -2  -4  -1  -2  -7  -2  -2  -7  -2   6    1   1   2   1   1   1   3   1   0  20   3   1   1   2   0   3   2   0   1  53  1.20 0.69
  121 R    -1   6  -1  -2  -2   1   0  -4  -1  -3  -4   2  -2  -3  -6  -1  -2  -1  -2  -4    5  45   3   2   1   7   6   2   1   2   1  12   1   1   0   5   3   1   1   1  0.94 0.61
  122 V    -2  -5  -3  -3  -1  -5  -5   0  -5   4   2  -3   0  -1  -1  -3  -3   0   0   4    4   0   1   2   1   0   0   7   0  20  16   2   2   3   3   2   1   1   4  31  0.60 0.40
  123 V    -2  -1  -5  -2  -1  -2  -5  -4  -2   5   2  -3   1  -2  -3  -3  -2  -1  -1   4    3   3   0   3   1   2   0   2   1  30  15   2   3   2   1   2   2   1   3  24  0.65 0.41
  124 T     0  -2   0  -1  -1  -2  -2   0  -1   2   1  -1   1   1  -2   0   1  -1   0   1    7   2   5   4   1   1   1   7   1  11  15   3   3   5   1   6  10   1   4  11  0.07 0.11
  125 D     0   0   0   0   2   0   0  -1   1   0  -1   0   1   0   0   0   0  -2   1   0    5   5   5   5   5   5   5   5   5   5   5   5   5   5   5   5   5   0   5   5  0.03 0.05
  126 C     0   1   2   2   2   0  -1   0  -1  -2  -3   2  -2  -3   1   1  -1  -2   0  -3    9   8  10  10   3   4   4   6   2   2   3  12   1   1   7   9   4   1   3   2  0.20 0.19
  127 D    -4  -1   2   5  -4   1   2   0  -2  -4  -6   1  -4  -4  -3   2  -2  -1  -4  -4    2   4   8  26   0   6  12   7   1   1   1   9   0   1   2  13   3   1   1   1  0.63 0.47
  128 Y    -2   0   1  -3  -2   3  -1  -1   1  -3  -3   1   2   3  -4  -1  -2   1   4  -2    4   6   7   2   1  14   4   5   3   2   3   8   4  11   1   5   3   2  12   3  0.41 0.30
  129 M     2   0   2  -2  -2   0  -1  -2  -2   1   0  -1   2  -2  -3   0   0  -1  -1   0   17   5   8   2   1   3   5   3   1   8  11   5   5   2   1   8   5   1   2   6  0.13 0.13
  130 A     2   0   2   0  -2  -1   0   0   1  -3  -3   1  -3   0  -3   1   1  -2   1  -3   15   5  10   5   1   3   6   7   3   1   3   8   1   4   1  10   8   1   5   2  0.18 0.18
  131 L     0   1   1   1  -2   0   0   0  -1   0   1   0   0  -1  -2   1   0  -1   0  -1    7   8   5  10   1   4   5   6   1   5  14   5   2   3   2   9   6   1   3   3  0.05 0.06
  132 N    -2   1   4   2  -3   0   0  -1  -1  -3  -3   2  -3  -3   0   1   0  -8  -2  -5    4   7  20   9   1   4   5   5   2   2   3  11   1   1   4  11   5   0   2   1  0.42 0.34
  133 G    -1   0   1   0  -2  -1  -2   4   1  -3  -3  -1   1   0  -2   0  -2   0   4  -3    6   6   7   5   1   3   3  25   3   2   3   4   3   4   2   7   3   1  12   2  0.40 0.31
  134 S     1  -2   0  -1  -2  -1  -2  -2  -3  -3  -4  -1   1  -3  -1   5   0  -2  -1  -3    9   3   4   4   1   3   3   4   1   2   2   4   3   1   4  40   7   1   2   2  0.62 0.52
  135 Q     1   0   0   2  -3   3   2  -1  -1  -2  -2   1  -1  -3  -2  -1  -1   1  -2  -1   11   6   4   9   1  13  12   6   1   2   5   7   2   1   2   5   4   2   2   4  0.19 0.21
  136 I     0  -2  -3  -3  -2  -2  -3  -4  -1   4   1  -3   2   1  -3  -2  -1   0   1   3    8   3   2   2   1   2   2   2   2  20  14   2   5   6   2   3   4   2   5  17  0.40 0.25
  137 G     1   1   1   2  -1   0   0   2   0  -3  -2   1  -1  -2  -1   1   0  -1  -1  -3   10   6   7   9   1   4   7  13   3   2   4   8   1   2   4   8   5   1   2   2  0.14 0.15
  138 L    -1   1  -1   0  -2   0  -1  -3  -1   0   2   0   1   2  -1  -1   0   1   2   0    5   7   3   5   1   4   5   2   2   5  21   5   3   7   4   4   5   2   7   5  0.15 0.13
  139 L    -2  -3  -2  -3  -2  -4  -4  -4  -1   0   5  -3   2   2  -3  -2  -3   0  -1  -1    4   2   2   2   1   1   2   2   1   5  50   2   4   7   2   3   2   1   2   4  0.86 0.51
  140 R     0   2   1   0  -1   0   0  -2   0  -1  -1   2  -1  -1  -1  -1   0   0   0  -1    8  13   8   5   1   5   6   3   2   4   7  10   2   3   3   5   5   1   3   5  0.10 0.10
  141 K     0   1   2   1   0   1   1  -1   0  -3  -2   3   0  -2  -2   0  -1  -1  -1  -2    7   7  10   7   2   5   7   4   2   2   4  16   3   2   2   8   4   1   3   3  0.20 0.18
  142 A     1  -1   0  -1   3   1  -1  -1   2  -1  -2   1   0  -1   0   0  -1   2   0  -1   14   3   5   4   5   5   5   4   6   4   4   8   3   3   5   8   4   2   3   4  0.08 0.12
  143 G    -1   0   0   0   2   0   0  -1   2   0  -1   0   2   1   0  -1   0   4   1  -1    5   5   5   5   5   5   5   5   5   5   5   5   5   5   5   5   5   5   5   5  0.09 0.08
  144 I    -1   0   0   0   2   0   0  -1   2   0  -1   0   2   1   0  -1   0   4   1  -1    5   5   5   5   5   5   5   5   5   5   5   5   5   5   5   5   5   5   5   5  0.09 0.08
  145 Q    -1  -1   0   1  -3   2   2  -3  -1  -4  -3   1  -3  -3   5  -2  -1  -2  -2  -4    5   4   4   8   1   9  13   3   2   1   3   7   1   2  27   4   4   1   2   2  0.58 0.47
  146 V    -2  -5  -3  -4   0  -5  -6  -6  -3   3   0  -5  -1  -1  -3  -2  -1  -1   0   6    4   1   1   1   2   1   1   1   1  16   9   1   2   3   2   3   5   1   3  43  1.01 0.57
  147 R    -2   6  -2  -2  -3  -1  -1  -4   0  -1  -2   3  -1  -1  -3  -2  -2   1   1  -2    3  35   2   2   1   3   4   2   2   4   5  15   2   3   2   3   3   2   5   3  0.74 0.48
  148 H    -1   0   1  -1   0   0  -1  -2   2   1   0  -1   0   1  -1  -1   1   1   2   1    4   5   7   4   2   3   3   4   5  10   8   5   2   6   3   3   9   2   6   8  0.09 0.08
  149 D    -3  -2   2   5  -2  -1   0  -2   0  -1  -3  -1  -2  -3  -1   0  -2  -1  -2  -1    3   3  10  33   1   3   6   4   2   4   3   5   1   2   3   6   3   1   2   5  0.59 0.42
  150 Q    -1   1   2   1  -1   1  -1   1   0  -3  -3   1   0  -2  -1   1   0   0   0  -2    5   7  11   8   1   6   4  10   3   2   3   9   2   2   4  11   6   1   3   3  0.18 0.18
  151 D    -1   1   2   1  -1   0   0   0   2  -2  -2   0  -1  -1  -1   1   1   0  -1  -1    5   6  11   8   1   4   6   6   4   2   4   6   2   2   4  10   8   1   2   4  0.12 0.13
  152 P    -1   0   0   0   0  -1  -1  -1   2  -2  -3   0  -1   0   4   0   0   1   3  -2    5   4   4   5   2   3   5   6   5   2   3   6   2   4  17   7   6   2   9   3  0.23 0.22
  153 G     0  -1   1   0   1   0  -1   2   1  -1  -3   0   1   0   0   0   0   2   1  -2    9   4   6   6   3   4   3  18   4   3   3   5   3   4   4   6   6   3   5   3  0.13 0.12
  154 Y    -1   0   0   0   2   0   0  -1   2   0  -1   0   2   1   0  -1   0   4   1  -1    5   5   5   5   5   5   5   5   5   5   5   5   5   5   5   5   5   5   5   5  0.09 0.08
  155 M    -1  -4  -1  -2   0   1  -2  -2   0   0   1  -4   7   0  -1  -2   0   1   1  -1    6   0   3   2   2   7   2   4   2   4  12   0  31   3   3   2   7   2   5   3  0.52 0.36
  156 H     0  -3   2   0   2   0   0  -4   8  -1  -4  -1   0  -3  -4  -3  -1  -4   0  -1    8   0   9   4   4   3   4   1  46   4   1   3   3   0   0   1   3   0   3   4  1.02 0.50
  157 H    -2  -1   3  -1   0   1   0  -2   7  -2  -1  -1   0  -3  -4  -1  -2   1   0  -2    3   2  13   3   2   7   6   2  36   2   7   2   2   0   0   3   2   2   2   2  0.67 0.38
  158 K     0   1   0   1  -4   1   1  -3  -3  -4  -4   5   0  -4  -3   0  -1  -4  -4  -4    8   5   4   9   0   4   7   0   0   0   1  49   3   0   0   4   4   0   0   0  0.70 0.41
  159 F    -1  -3  -2  -4  -1  -2  -3  -2  -3   0   0   0   3   6  -4  -1  -1   1   1   1    4   0   2   0   1   2   0   2   0   5   6   8   8  38   0   4   2   1   4   9  0.54 0.35
  160 A     2  -2  -3  -4   3  -1  -3  -2  -3   3   1  -3   3   0  -3  -1   0   1   0   1   20   2   0   0   8   2   0   2   0  19  10   0  10   3   0   3   5   2   3   9  0.29 0.25
  161 I    -2  -4  -4  -3   1  -1  -3  -5  -2   5   1  -4   1  -2  -4  -3  -2   0  -1   4    2   0   0   1   3   3   1   0   1  36  14   0   2   0   0   2   1   1   1  28  0.64 0.39
  162 V     0  -3  -4  -4   0  -3  -3  -3  -4   4   1  -3   0   2  -2  -2  -1  -3  -1   3    6   1   0   0   1   1   1   2   0  29   8   1   1  11   2   2   4   0   1  28  0.46 0.31
  163 D    -2  -3   0   8  -6  -2  -1  -3  -1  -5  -3  -4  -5  -6  -4  -1  -2  -6  -5  -5    3   1   2  78   0   1   2   2   2   0   3   0   0   0   0   3   2   0   0   0  1.74 0.74
  164 K    -1   0   2   3  -2   1   1   3   0  -4  -4   1  -2  -3  -2   0  -2  -4  -3  -4    4   5  11  16   1   8   8  22   2   0   1  10   1   1   1   7   1   0   1   1  0.39 0.28
  165 R    -1   3   0   0  -2   2   1  -1   0  -3  -3   3  -2  -2  -2   0   0  -2   0  -2    5  20   5   5   1   8   9   3   2   1   2  19   1   1   2   5   4   1   4   2  0.29 0.23
  166 V    -1  -1  -1  -3  -2  -1  -1  -2   0   2   1  -1   1  -1  -3  -1   3   0   1   2    4   2   2   1   1   2   4   2   3  14  12   3   3   3   0   4  19   2   5  15  0.19 0.20
  167 L     1  -5  -3  -6   0  -5  -5  -3  -3   1   3  -5   0  -1  -4  -3   0  -2  -3   5   10   0   1   0   2   0   0   2   1   6  30   0   2   2   1   1   4   1   1  38  0.73 0.45
  168 I    -1  -2  -4  -4   0  -1   0  -4  -2   4   2  -3   1   2  -4  -2  -1   4  -1   2    4   3   1   0   2   3   6   1   1  27  16   1   4   8   0   3   3   5   1  12  0.38 0.28
  169 T    -1  -4   0  -4  -2  -3  -3  -4  -1   1   0  -3   0   0  -4   0   5  -2  -3   2    5   0   5   1   1   1   1   1   1   6   7   1   2   4   1   5  45   1   1  12  0.69 0.48
  170 G    -4  -6  -5  -6  -3  -4  -4   7  -3  -7  -7  -4  -3  -7  -6  -3  -4  -6  -3  -7    1   0   0   0   1   1   1  89   1   0   0   1   1   0   0   1   1   0   1   0  2.33 0.98
  171 S    -2  -5  -2  -4  -2  -4  -5  -2  -3  -6  -6  -4  -6  -6  -5   7   0  -7  -6  -3    3   0   1   1   1   0   0   3   1   0   0   1   0   0   0  83   4   0   0   2  1.90 0.95
  172 L     1  -4  -3  -5  -2  -2  -2  -3   3  -1   1  -4   2   4  -2  -1   0   1   5  -2   12   0   1   0   1   1   2   2   6   2  11   0   5  20   2   4   6   2  19   2  0.53 0.35
  173 N    -4  -4   9  -1  -7  -4  -4  -4  -3  -7  -6  -3  -6  -7  -4  -3  -3  -7  -4  -7    1   1  87   2   0   0   1   1   1   0   1   1   0   0   1   1   1   0   1   0  2.59 1.07
  174 W    -4  -6  -6  -6  -3  -4  -6  -4  -1  -2  -1  -6  -1   5  -3  -5  -5  10   4  -4    1   0   0   1   0   1   0   1   1   2   7   0   2  22   2   1   1  44  12   1  2.14 0.87
  175 T    -2  -4  -2  -1  -5  -3  -2  -2  -2  -4  -3  -3  -2  -5  -4   4   6  -6  -5  -4    2   1   2   4   0   1   2   3   1   1   2   1   1   0   1  26  52   0   0   1  1.16 0.69
  176 T     0   2   1   0  -2   0   1  -1  -1  -2  -2   1  -1  -2   0   0   1  -1   0  -1    8  10   6   6   0   3  10   4   1   2   3  11   2   1   4   6  12   1   4   4  0.12 0.14
  177 Q     2   1   2   0  -3   1  -1  -1   0  -4  -3   0  -3  -4  -2   3   0  -3   0  -3   16   6  11   4   0   7   4   4   2   0   2   6   0   0   2  24   5   0   4   1  0.32 0.30
  178 A     5  -2   1  -1  -2  -2  -3   2  -1  -5  -5  -3  -3  -4  -5   1  -2  -1  -3  -3   49   3   6   3   1   1   1  16   1   0   1   1   1   1   0  12   2   1   1   1  0.81 0.53
  179 I     0  -2   1   0  -2  -1   1  -2  -2   0   1  -2   0   3  -3   0  -1   0  -1   0   10   2   9   5   0   3  12   2   1   5  16   1   2  13   1   8   4   1   1   6  0.12 0.15
  180 Q    -1   2   2   0  -2   1   1  -2   2  -3  -2   2  -2  -1  -3   0   2  -1   0  -2    4  11   9   5   1   6   8   2   4   1   4  11   1   3   1   6  14   1   4   3  0.18 0.19
  181 N    -1   2   2   0  -1   0   0   0   1  -2  -2   2  -1   0  -2   0   0  -1   1  -1    4  13  13   5   1   4   5   7   4   2   3  11   1   5   1   7   4   1   5   4  0.16 0.16
  182 N    -4  -5   8   0  -8  -1  -5  -5   1  -3  -6  -5  -5  -6  -5  -1  -1  -2  -4  -6    1   0  71   5   0   2   0   1   4   2   1   0   0   0   0   5   4   1   1   0  2.07 1.00
  183 R     1   3   1   3   1   0   0  -3   2  -4  -3  -2  -3   1  -4   0  -3   3   2  -3   10  15   6  20   3   5   5   2   4   1   2   2   0   5   1   6   1   4   8   1  0.41 0.32
  184 E    -5  -4   3   1  -8  -2   7  -3  -4  -7  -7  -4  -7  -6  -4  -2  -4  -8  -5  -6    1   1  11   8   0   1  67   2   0   0   0   1   0   0   1   3   1   0   0   1  1.76 0.92
  185 N    -2  -2   7   1  -3  -2  -3  -5   0  -2  -3  -4  -2  -1  -6   0   0  -2   1  -2    4   2  52   6   1   1   1   0   2   3   3   0   1   3   0   6   5   1   5   3  1.17 0.67
  186 V     1  -5  -2  -4  -1  -4  -5  -1  -2   2   2  -4   1   0  -5  -1   0  -3  -2   4   10   0   2   1   1   0   0   5   1  12  21   0   3   4   0   5   6   0   1  27  0.48 0.33
  187 L    -2  -5  -5  -3  -3  -3  -4  -7  -4   3   4  -4   1   0  -4  -4  -1  -3   0   3    4   0   1   2   1   1   1   0   0  17  36   1   3   4   1   1   4   0   3  21  0.76 0.44
  188 I    -3  -3  -4  -6  -3  -5  -3  -6  -4   5   0  -4  -1   3  -7  -4  -3   0  -2   4    2   1   1   0   0   0   2   0   0  32  10   1   1  11   0   1   1   1   1  31  1.01 0.54
  189 T    -4  -3  -3  -4  -1  -4  -4  -6  -1   5   1  -4   1  -1  -4   0   4  -2  -2   1    1   1   1   1   1   1   1   0   2  29  12   1   3   3   1   6  23   1   1  10  0.71 0.44
  190 E    -2   2   2   2  -3   1   1  -2   3  -4  -5   1  -3  -3  -3   1   0   0   1  -4    3  13  10  13   0   6  10   2   7   1   1   8   1   1   1  10   6   1   4   1  0.38 0.31
  191 D    -3  -3   4   6  -3  -2   0  -1   1  -4  -5  -1  -5  -6  -4   2  -3  -8  -5  -4    2   2  16  39   1   2   6   5   3   1   1   3   0   0   1  14   1   0   0   1  0.99 0.59
  192 D     0   1   0   1  -3   1   1  -1   1  -4  -4   1  -3  -4   5   1   0  -6  -3  -3    8   6   3   8   1   6   8   5   3   1   1   8   1   1  25   9   5   0   1   2  0.45 0.35
  193 E     1   0   0   1  -5   1   3  -1   0  -3  -4   1  -3  -4   1   0   0  -1  -1  -2   10   5   4   8   0   6  21   4   2   1   1  10   0   1   7   7   5   1   2   2  0.30 0.27
  194 Y    -1  -2  -4  -4  -2  -2  -2  -5  -1   3   3  -4   0   1  -4  -3  -1  -4   1   3    5   3   1   1   1   2   3   1   1  17  29   0   2   5   1   2   4   0   5  18  0.55 0.34
  195 V     4  -6  -5  -5  -1  -5  -5  -4  -6   3  -1  -5  -3  -3  -5  -3   0  -4  -3   4   38   0   0   0   1   0   0   1   0  13   7   0   0   1   0   1   6   0   1  27  0.99 0.59
  196 R     2   3   1  -1  -3   3   1  -1   0  -4  -3   3  -3  -5  -4   0  -1  -6  -3  -2   16  14   6   4   1  11   9   5   3   1   2  15   0   0   1   5   4   0   1   3  0.38 0.32
  197 L     1   1  -1  -1  -2   2   1  -2   2   0  -1   1  -1  -2   0   0  -1   0  -1  -1   15   8   3   3   1   9   7   3   5   6   8  10   1   2   4   6   4   1   2   3  0.10 0.13
  198 F    -2  -6  -6  -7  -3  -4  -6  -7  -2  -1  -1  -6   0   6  -7  -6  -5   0   8  -3    4   0   0   0   1   1   0   0   1   3   6   0   2  34   0   1   1   1  41   2  1.93 0.91
  199 L     0   1  -1  -2  -2   2   1  -3   0   0   1   1   0  -3  -4   0   1  -5  -2   0    8   7   2   2   1  12   8   2   3   6  17   8   2   1   0   7   9   0   1   6  0.17 0.20
  200 E     1   2   1   1  -4   3   3  -2  -1  -3  -3   1  -3  -5  -4  -1  -1  -4  -4  -3   13  13   6   8   0  11  17   4   2   1   3  10   1   0   0   5   5   0   1   2  0.38 0.32
  201 E    -1  -2   1   0   0   2   6  -5   3  -4  -3  -1  -2  -2  -6  -4  -2  -2   0  -2    4   3   5   4   2   8  45   1   6   1   3   4   1   2   0   1   3   1   4   3  0.88 0.59
  202 F    -8  -8 -10 -10  -6 -10  -8 -10  -5  -4  -4  -8  -1   9 -10  -9  -9   6   2  -5    0   0   0   0   0   0   0   0   0   1   2   0   2  79   0   0   0   9   5   1  3.11 1.33
  203 E    -2  -1   3   3  -3   2   5  -5  -2  -5  -3  -1  -2  -5  -6  -2  -3  -1  -2  -4    4   3  11  14   1  10  39   1   1   1   3   4   1   1   0   2   2   1   2   1  0.88 0.59
  204 R    -1   5  -1  -2  -5   2   2  -4  -1  -5  -3   2  -4  -3  -6   0  -1  -1   0  -5    6  34   3   2   0   7  11   1   2   1   2  13   0   1   0   7   4   1   3   0  0.73 0.50
  205 I    -5   1  -3   1  -4  -4  -5  -6  -1   2   4  -4   6  -3  -6  -6  -4  -6  -4   0    1   7   2   7   0   1   0   1   2  12  41   1  18   1   0   0   1   0   1   5  1.02 0.58
  206 W    -5  -3  -6  -9  -4  -5  -7  -9  -5  -4  -4  -4  -4   3  -7  -7  -7  12   3  -6    1   2   0   0   0   1   0   0   0   1   2   2   0  10   0   0   0  69   9   1  3.54 1.48
  207 E     1   0   2   2  -5   2   3  -1   0  -4  -4   2  -4  -5  -4   0  -1  -6  -4  -4   10   5  11  12   0  10  18   4   2   1   1  12   0   0   1   6   3   0   0   1  0.45 0.35
  208 Q    -1   2   1   1  -5   4   3  -2   0  -3  -2   2   0  -3  -3  -1  -2  -5  -3  -3    5   9   5   9   0  16  19   3   2   2   3  11   2   1   1   5   2   0   1   1  0.41 0.33
  209 F     1  -3  -3  -4  -1  -4  -3   1  -1   0   0  -3  -1   5  -2   0  -1  -2   3  -1   10   1   1   1   1   1   2  10   1   5  10   1   2  27   2   9   4   0   9   3  0.45 0.30
  210 N    -1   0   4   2  -4   0   1   0   0  -3  -3   1  -2  -3  -3   1   1  -5  -2  -2    5   6  18  11   0   5   8   6   2   1   2   8   1   1   1  11  10   0   1   2  0.30 0.24
  211 P     0  -2  -3   0  -4  -2  -2  -1  -4  -4  -5  -1  -5  -3   7  -1  -1  -6  -3  -4    7   2   2   6   0   1   3   4   0   1   1   4   0   1  56   5   3   0   1   2  1.36 0.70
  212 T     1  -1   0   0  -3   0   0  -1  -2   0  -1  -1  -2  -2  -1   1   3   1   1   0   10   4   5   4   0   4   5   4   1   5   4   3   1   2   2   9  22   2   5   8  0.16 0.18
  213 K    -1   3   1   0  -3   0   1  -2  -1  -3  -4   4  -3  -3  -1   1  -1  -1  -3  -3    5  14   8   4   0   3   9   3   1   2   1  27   1   1   3  11   4   1   1   1  0.43 0.30
  214 Y     0  -1  -1  -1  -3   0  -1  -2   1  -1  -1  -1  -1   2  -1   0  -1   2   5  -1    8   3   2   3   0   4   4   2   3   3   7   4   1   9   3   9   2   2  24   5  0.30 0.23
  215 T     0   0  -1  -1  -2  -1  -2  -1  -2  -1   0   1  -1  -3   0   1   4  -4  -2   0    7   5   3   4   0   2   2   4   1   4  10   8   1   1   4  12  27   0   1   6  0.23 0.22
  216 F    -2  -2  -2  -1  -3  -2  -2  -2   1   0   0  -2  -1   5   0  -2  -2  -1   5  -1    4   2   1   4   1   2   3   4   3   6   9   3   1  26   5   2   2   0  19   4  0.48 0.29
  217 F     0  -1  -1  -1  -3  -2  -2   0   0   0   1  -2   0   4  -2  -1   0   1   2   0    7   4   3   3   0   2   2   6   3   5  12   2   2  23   2   4   5   2   8   5  0.22 0.18
  218 P     0  -3  -1  -2  -3  -1  -1  -1  -3  -2  -4   0  -4  -3   6   1   0  -6  -5  -3    7   1   3   2   1   3   4   5   1   2   2   6   0   1  44  11   5   0   0   2  0.92 0.49
  219 P    -2  -2  -2   0  -6  -1  -1  -2  -3  -3  -4  -2  -5  -2   7   0  -1  -2   0  -4    3   2   2   6   0   3   4   3   0   1   2   3   0   2  52   8   3   1   3   1  1.17 0.58
  220 K    -1   1  -1   0  -5   1   2  -2   0  -3  -4   5  -4  -3  -1  -1  -2  -1  -1  -2    5   7   3   6   0   7  12   2   2   2   1  36   0   1   3   4   2   1   2   3  0.48 0.32
  221 K     0   2   1   1  -2   0   2  -2  -3  -2  -3   4  -3  -3   1  -1  -1   0  -2  -2    6   9   7   6   1   4  13   2   0   3   2  26   0   1   7   3   3   2   2   3  0.32 0.24
  222 S     1  -2   0   1  -1  -1   0  -1   0  -1  -2  -1  -2  -1   0   3   2  -4  -2  -2   12   1   5   7   1   2   5   3   2   3   4   4   1   2   3  30  11   0   1   2  0.26 0.23
  223 H    -1   1   2   0  -3   0   0  -1   6  -1  -3   0  -3  -1   1  -1  -2  -3   1  -1    3   9  10   4   1   3   7   4  20   5   2   7   0   3   6   5   2   0   5   4  0.30 0.22
  224 G     0   0   0  -1  -4   1   0   5  -2  -3  -3  -1  -3  -1  -2  -1  -2  -2  -1  -1    8   4   5   3   0   6   7  43   0   1   3   3   0   2   1   3   2   1   2   4  0.49 0.27
  225 S     1   0   0   1  -3   0   0  -1  -2  -1  -2   0  -2  -3   0   3   1   1  -1  -1    9   5   4   8   0   3   5   5   0   4   3   6   1   0   4  26  10   2   2   5  0.18 0.17
  226 C     0  -2  -1  -2   6  -2  -1  -1  -1   0   0  -3  -1  -1   1   0   1   1  -1   1    6   1   3   2  21   1   3   4   1   6   8   1   1   2   6   8   9   2   2  12  0.31 0.20
  227 A     3  -1   0  -1   1  -2  -1  -1  -1   0  -1  -1  -2  -1   1   1   1  -3  -1   0   30   3   4   2   3   1   4   3   1   4   7   2   0   3   5  13   7   0   2   5  0.17 0.17
  228 P    -1  -1  -2   2  -5   0  -1  -3  -2  -1  -4  -2  -4  -3   6   0  -1  -5  -3  -2    5   3   2  11   0   4   3   2   1   4   1   2   0   1  46   8   4   0   1   3  0.95 0.44
  229 P    -1   1  -1  -2  -5  -2  -2   0   3  -3  -2  -1  -4  -2   6  -1  -3  -5  -3  -3    4   8   3   2   0   1   2   9   7   2   5   3   0   2  45   3   1   0   1   1  0.90 0.41
  230 V     0  -1  -1  -3  -3  -2  -2  -4  -3   3   1  -1   0   0  -2  -2   1  -2  -1   3    7   3   3   1   0   1   3   0   0  24  10   4   2   3   2   2  10   1   2  24  0.28 0.21
  231 S     0  -2   1   2  -3   0   0  -1  -2  -1  -2   0  -2   0   1   1   1  -3   0   0    8   1   6  16   0   5   3   5   0   4   1   4   0   5   7  14  10   0   3   6  0.16 0.15
  232 R    -2   3   3   0  -4   1  -1   0  -2  -1  -1   1  -2   0  -2  -1   1  -4  -3  -1    0  16  21   5   0   5   2   7   0   3   7  11   0   4   1   3   8   0   0   5  0.25 0.20
  233 A     2  -2   1   1   1  -1  -1  -1   0   1  -2  -1   0  -1  -2   1   0  -3  -1   0   25   1   9   8   3   2   3   3   2   9   1   2   3   2   1  10   5   0   2   8  0.13 0.15
  234 G    -1  -2   1   1  -4  -1  -2   5   1   0  -4  -2  -2  -3  -4  -1  -1  -4  -1  -3    4   2   5   7   0   3   2  55   3   6   0   1   1   1   0   3   3   0   2   2  0.78 0.36
  235 G    -1  -1  -1   1  -1  -2  -1   5  -4  -1  -4   0  -2  -5  -4   0   0  -5  -4  -2    3   3   2   7   2   1   3  50   0   4   1   7   1   0   0   7   6   0   0   2  0.67 0.33
  236 R    -1   4  -1  -1  -4   1   0  -1  -2  -3  -3   4  -1  -4   0  -1  -1  -4  -2  -1    3  28   2   2   0   6   5   5   0   1   1  26   1   0   4   3   3   0   1   6  0.47 0.27
  237 L    -1  -2  -4  -4  -3  -2  -2  -4  -4   2   3  -3   1   1  -2  -1   0  -3  -2   2    2   2   0   0   0   1   3   0   0  14  37   1   3   7   2   5   5   0   0  17  0.37 0.22
  238 L    -2  -1  -1   1  -3  -3  -1  -4  -4   2   3  -2   1   0   1  -3  -2  -4  -3   3    0   3   2  11   0   0   4   0   0  13  29   2   2   3   8   0   0   0   0  22  0.33 0.21
  239 S     1   1   2   0  -3   0   1  -1   0   0  -3   0  -2  -3  -1   2   1  -4  -1  -1   11   6   9   5   0   1   8   3   3   8   0   6   0   0   1  24   8   0   2   3  0.18 0.14
  240 W    -2  -1  -2  -4   2   0  -2  -4  -2  -1   0  -1  -2   4  -4  -2  -3   7   5  -3    4   4   2   0   5   4   2   0   0   4   7   4   0  17   0   2   0  19  24   0  0.77 0.29
  241 H    -2  -2   1   2  -4  -1   1  -3   5  -3  -1  -1  -2   1  -3   1  -2  -2   4  -2    0   0   8  11   0   0   8   0  21   0   7   3   0   7   0  13   0   0  18   3  0.44 0.22
  242 R    -1   2  -2   0  -3  -1   0  -3  -2  -2  -1   1  -2   3   2   0  -1  -2   0  -1    3  17   0   5   0   0   7   0   0   0   6  11   0  22  11   9   3   0   2   5  0.23 0.15
  243 T     0  -2  -1  -2  -3  -2  -1   1  -3  -1  -2   0  -2  -3   2   3   3  -4  -1  -1    3   0   0   0   0   0   4  13   0   2   2   4   0   0   8  29  27   0   3   5  0.36 0.20
  244 C     0  -4  -3   1   7  -3  -3   0  -4  -1  -1  -3   0  -2   3   0   0  -4  -3  -1    7   0   0   9  32   0   0   7   0   3   4   0   3   1  18   6   7   0   0   3  0.64 0.24
  245 G    -1  -2   1   1  -1  -2  -2   5  -3  -4  -5  -1  -4  -4   1   1   0  -4  -4  -4    0   1   8   6   2   0   0  56   0   0   0   4   0   0   7  11   5   0   0   0  0.76 0.24
  246 T     0  -1  -1   1  -2  -1   0  -1  -2   0  -1   1  -2  -3  -1   2   3  -4  -3  -1    6   0   0  10   0   0   4   3   0   8   3  13   0   0   2  22  29   0   0   0  0.28 0.16
  247 S     0  -1   3   2  -3  -1  -1  -1  -2  -4  -4  -1  -3  -3   0   4   1  -4   0  -3    4   3  15  11   0   0   0   3   0   0   0   0   0   0   4  46   9   0   4   0  0.48 0.21
  248 S     1  -2  -1  -1  -2  -2  -2   0  -2   0  -2  -2  -2  -3  -2   4   3  -3   1   0   13   0   0   3   0   0   0   4   0   5   0   0   0   0   0  42  19   0   5   9  0.37 0.19
  249 E    -1   0   0   3  -4   3   5  -3  -1  -4  -4   1  -3  -4   0  -1  -2  -4  -3  -4    4   2   4  15   0  17  49   0   0   0   0   5   0   0   4   0   0   0   0   0  0.74 0.23
  250 S     0  -1   3  -1  -2  -1   1  -2  -1  -1  -3   0  -2  -3  -2   4   1  -4  -3  -2    6   0  23   0   0   0  10   0   0   5   0   5   0   0   0  46   6   0   0   0  0.47 0.18
  251 Q    -2   3   1  -1  -4   5   2  -3  -1  -3  -1   0  -1   0  -3  -1  -2  -3  -2  -3    0  19   6   0   0  50  10   0   0   0   8   0   0   7   0   0   0   0   0   0  0.56 0.17
  252 T     0  -2   0  -1  -1  -1  -1  -2  -2  -1  -2  -1  -1  -3  -2   1   6  -3  -2   0    0   0   0   0   0   0   0   0   0   0   0   0   0   0   0   0 100   0   0   0  0.68 0.08

                      K         Lambda
Standard Ungapped    0.1360     0.3233
Standard Gapped      0.0410     0.2670
PSI Ungapped         0.1360     0.3233
PSI Gapped           0.0410     0.2670
