
Last position-specific scoring matrix computed, weighted observed percentages rounded down, information per position, and relative weight of gapless real matches to pseudocounts
            A   R   N   D   C   Q   E   G   H   I   L   K   M   F   P   S   T   W   Y   V   A   R   N   D   C   Q   E   G   H   I   L   K   M   F   P   S   T   W   Y   V
    1 M    -2  -2  -3  -4  -2  -1  -3  -4  -2   1   3  -2   7   0  -3  -2  -1  -2  -2   0    0   0   0   0   0   0   0   0   0   0  20   0  80   0   0   0   0   0   0   0  0.61 0.09
    2 L    -2  -3  -4  -5  -2  -3  -4  -5  -4   1   5  -4   1   2  -4  -3  -2  -2  -1   0    0   0   0   0   0   0   0   0   0   0  91   0   0   9   0   0   0   0   0   0  0.80 0.18
    3 H    -1  -1   2  -1  -3  -1   1  -2   6  -3  -1   0  -2   2  -3   2   0  -3   0  -3    0   0  12   0   0   0   8   0  27   0   5   7   0  12   0  24   6   0   0   0  0.36 0.15
    4 L    -2  -3  -3  -4  -2  -3  -3  -4  -2   1   2  -3   1   4  -3  -2   2   2   3   2    0   0   0   0   0   0   0   0   0   5  22   0   4  20   0   0  20   2  11  16  0.35 0.13
    5 R     1   3  -1  -2  -2   0   0  -2  -2   0   0   1  -1  -2  -2   2   1  -3  -2  -1   12  23   0   0   0   0   5   0   0  10  11  11   0   0   0  18  10   0   0   0  0.20 0.10
    6 L    -1  -2   0  -3  -2   0  -2  -4  -3   2   3  -2   0   1  -3  -2   1  -3  -2   1    4   0   6   0   0   7   0   0   0  12  46   0   0   7   0   0  13   0   0   4  0.29 0.14
    7 F    -3   2   3   0  -4  -2  -3  -3  -2   1  -2  -2  -2   5  -4  -2   0  -2   2  -2    0  12  17   6   0   0   0   0   0  11   0   0   0  39   0   0   8   0   6   0  0.49 0.21
    8 D    -2  -3   5   6  -5  -2  -1  -3  -3  -2  -3  -2  -4  -5   3  -2  -1  -6  -5  -4    2   0  28  48   0   0   0   0   0   3   3   0   0   0  13   0   4   0   0   0  1.02 0.35
    9 S    -1  -2  -2   0  -4   1   2  -2  -3  -5  -3  -2  -4  -4  -3   6  -1  -5   1  -4    3   2   0   4   0   7  11   2   0   0   2   0   0   0   0  65   0   0   5   0  0.85 0.41
   10 S     0  -1   1   0  -3  -2  -1  -1  -2  -3  -2   0  -3  -3  -1   3   4   1   0  -3    8   3   8   4   0   0   2   3   0   0   4   3   0   0   2  29  28   2   3   0  0.38 0.24
   11 L     0  -3  -3  -1  -3  -3  -2  -1  -3   1   3  -3   1  -2  -3  -1   2  -3   0   2    8   0   0   3   0   0   2   4   0   5  37   0   4   0   0   4  13   0   3  16  0.28 0.19
   12 Y    -1  -1   1  -1  -3  -1   1   0  -2  -2   1  -2   1   1  -3   1   2  -2   2  -1    4   4   7   2   0   2  13   8   0   0  17   0   4   6   0   9  14   0  10   1  0.13 0.15
   13 Y     0  -2   2  -1  -3  -1  -1  -2   3  -1  -2  -2   0   1   2   0   2  -3   3   0    6   0  13   1   0   1   2   1   9   2   1   1   4   5  10   7  15   0  11  10  0.23 0.18
   14 T     1  -3   1   2  -3  -3  -3  -3  -1  -2  -3  -3  -3  -2   1  -1   5   1  -3   0   11   0   6  13   0   0   0   0   2   2   2   0   0   2   5   2  47   2   0   5  0.62 0.36
   15 L    -1   0   1  -3  -3   1  -1  -3   1   0   3  -1   1  -1  -2  -1   0  -3  -2   1    5   5  10   0   0   8   3   1   4   3  35   1   3   2   2   2   5   0   0  10  0.19 0.17
   16 A     2  -2   1  -2  -3  -2  -1   1  -1  -1   0  -2  -2  -2  -3   2   2  -4  -3   1   21   1   7   1   0   0   2  11   2   2  11   0   0   2   0  16  14   0   0  10  0.21 0.19
   17 S     1  -3   2   2   0  -1  -2  -1   1  -2  -3  -3  -3  -4  -2   4   3  -5  -1  -3   10   0   8  11   2   1   0   2   4   3   3   0   0   0   1  35  17   0   3   0  0.47 0.31
   18 A     1  -3   2  -2  -3  -1  -2   2   3  -1  -1  -2   2  -1  -1   2   0  -4  -1  -1   14   0  11   0   0   2   0  15   8   4   5   0   7   3   3  15   6   0   2   5  0.20 0.18
   19 S     0  -2   2  -1  -3  -1   0   1  -1  -2  -2   0  -3  -3   1   3   2   0  -3  -1    7   0   9   2   0   2   5  10   2   1   4   6   0   1   6  25  15   1   0   4  0.25 0.20
   20 E     1  -2   1   1  -3   0   0  -2   0   0   0  -2   0  -3   1   1   1  -1  -2   1   11   0   9   6   0   4   6   1   3   3  12   0   2   0   7  14   8   1   1  11  0.12 0.13
   21 S     0  -1  -2   1  -3  -1  -1   0   1   0   0  -1   1  -3   0   2   2  -4  -3   1    5   4   0  11   0   1   2   6   5   6   8   2   4   0   5  17  15   0   0  10  0.13 0.15
   22 S     2  -3   1  -1  -3  -1  -2   0   1  -1   0  -2   0  -3   1   2   3  -4  -1  -1   17   0   9   3   0   1   0   7   5   2   8   0   2   0   6  15  18   0   3   2  0.23 0.21
   23 G     1  -1   0  -1  -3  -1   0   1  -2   0   0  -2  -1   1   2   1  -1  -3   1  -1   15   3   4   2   0   2   5  11   0   6  12   0   0   9  10  10   3   0   6   4  0.11 0.12
   24 L     1  -2  -1  -1  -3  -2  -2   0  -3   2   1  -1   2  -1  -1   0   0  -3  -1   1   15   1   3   4   0   1   1   6   0  18  17   3   6   1   3   6   5   0   1   8  0.12 0.13
   25 A     2  -3   2   0  -3  -1   1  -1  -3  -1  -1  -2  -2  -3   1   2   1   2  -3  -2   23   0  13   4   0   1  11   3   0   3   6   1   1   1   7  14   8   3   0   2  0.25 0.22
   26 S     0  -3   0   1  -4   0  -2  -2  -3   1  -1  -1  -1  -4   3   3   1  -1  -2  -1    5   1   4   9   0   3   0   2   0   8   5   3   2   0  16  28   8   1   1   4  0.34 0.26
   27 S     1   0   0  -3  -3   1  -1  -1   1  -2  -1  -2   0  -4   0   3   3  -5  -4  -2   14   5   5   0   0   8   3   3   3   2   5   0   2   0   5  25  18   0   0   1  0.33 0.27
   28 T     1   0   2  -2  -3   2   0   0  -1  -2  -2  -1   0  -3  -1   2   2   0  -1  -3   14   5  10   1   0  11   5   6   1   2   3   2   3   1   2  14  15   1   2   0  0.23 0.21
   29 S     1  -2   3  -1  -1   0   0  -1  -3  -2  -2  -2  -2  -4   3   3   1   0  -3  -3   11   2  15   3   1   4   6   4   0   2   4   1   1   0  13  22   7   1   1   1  0.33 0.26
   30 T    -1  -1   0  -3  -3  -1   1   0  -2  -1   0  -1  -2   0  -3   2   3  -4   1   1    3   3   4   0   0   2  11   6   1   2  11   2   0   5   0  15  18   0   4  12  0.16 0.19
   31 E     1   0  -1   1  -3  -1   1  -2  -1   0   1  -2   2  -2  -3   0   1  -2  -3   1   12   4   3   9   0   1   8   2   2   4  14   1   6   1   0   8  11   1   0  12  0.12 0.15
   32 R     0   3   2   0  -4  -1   1   1  -1  -1  -4  -1  -3  -4   0   1   2  -5  -4   0    9  16   9   5   0   2   8  10   1   3   0   1   0   0   5   9  12   0   0   9  0.22 0.20
   33 S     1  -1   1  -1  -3   0   0  -1  -3  -1  -1  -2  -1   1   0   2   2  -2  -3  -1   15   2   7   3   0   3   7   4   0   4   5   0   2   8   5  17  12   0   0   4  0.16 0.18
   34 F     1  -2  -2  -2  -3  -3   0  -2  -4  -1   2  -3   0   1   2   0   2  -1  -1  -1   14   1   2   2   0   0   6   3   0   3  25   0   1   6  10   6  14   1   2   3  0.22 0.21
   35 N    -1   0   3   2  -4   2   0   0   1  -1  -1  -1  -3  -4  -2   0   1  -5  -4  -1    4   6  19  12   0  13   4   6   3   4   7   2   0   0   1   8   8   0   0   4  0.27 0.22
   36 G     0  -1   0   1  -3  -1  -1   2  -1  -2  -1  -1  -2  -2   0   1   2   1   2  -1    6   3   5   8   0   3   2  15   1   1   6   4   1   1   5  11  16   2   7   5  0.15 0.16
   37 T     0  -1   0   0  -3   0   0  -1   0  -2  -1  -2  -1  -2   0   2   2   2  -1   1    6   3   3   4   0   3   4   5   3   0   4   1   1   1   5  20  17   3   2  12  0.18 0.20
   38 Q     0  -1   3   0  -2   1   0   0   0  -3  -1  -2  -2   0  -3   2   2  -4  -2  -2    8   3  15   4   1   6   7   7   3   1   7   1   1   4   0  15  15   0   1   3  0.21 0.20
   39 G     1   0   1   0  -3   0   1   1  -2  -1   0   0   0  -1   1   0   1  -3  -2   0   11   4   6   5   0   2   9  12   0   2  10   4   2   2   7   7   8   0   0   7  0.08 0.08
   40 A     1  -1   1   1  -3  -1  -1   1  -3  -2   0  -1   3   0  -2   1   1  -4  -2   0   14   3   6   7   0   2   3  11   0   0   8   2  10   5   2  13   8   0   1   6  0.12 0.15
   41 G    -1   0   2  -1   0  -1  -2   1   2  -4  -3  -1  -3  -1   0   2   2   3   0  -2    5   4  12   2   2   2   1  13   5   0   3   3   0   3   5  18  13   4   4   2  0.26 0.22
   42 G     1  -1   1  -2  -3   0  -2   2   1  -2  -1  -1  -1  -1   2   0   1   1   1  -1   10   2   7   1   0   5   1  15   5   2   6   3   2   3  10   7   8   2   5   4  0.13 0.12
   43 V     0  -2  -1  -2  -3  -2  -1  -1  -1   2   1  -1   0   0  -1   1   0  -3   0   1    9   1   2   2   0   0   3   6   2  16  16   3   2   3   3  11   6   0   3  11  0.10 0.12
   44 A     2  -1   1   0  -3  -2  -1   1   0  -1   0  -2   2  -3  -3   2   0  -1  -3   0   17   4   7   6   0   0   2  10   2   4  11   1   6   0   0  19   4   1   0   5  0.17 0.18
   45 A     1  -2   2  -1  -4  -1   0  -1  -1  -1  -2  -2   2  -2   2   2   2  -1  -2   0   12   1  10   3   0   2   7   4   1   2   2   1   5   2  11  17  12   1   1   7  0.22 0.21
   46 G     1  -2   1  -3  -2   0  -2   0  -3   0  -1  -2  -1   0  -2   1   2  -1   2   1   13   1   9   1   1   5   1   8   0   6   6   0   1   3   2   8  17   1   7   9  0.16 0.18
   47 G    -1  -1   2   1  -4   1   1   2  -2  -3  -2  -2   2  -3   0   2   0  -2  -4   0    4   3   9   8   0   7  10  15   1   0   4   0   5   1   4  15   5   0   0   7  0.20 0.19
   48 E     1  -2   2   0  -4  -1   0  -2   1  -2  -3  -2  -4  -3   3   2   2  -5  -2  -1   12   1   9   6   0   2   6   2   4   3   2   2   0   1  13  18  16   0   1   4  0.33 0.26
   49 S     1  -1   0   0  -2  -1   0   0   0  -1  -1  -2   1  -2   1   3   2  -1  -3  -1   11   4   3   5   0   2   6   5   2   3   5   0   4   1   7  21  13   1   0   5  0.18 0.19
   50 L     0  -3  -3  -1  -1  -2  -1  -3  -1   0   3  -3   3  -2  -1   2   2  -4  -1   0    7   1   0   3   1   1   4   2   1   4  26   0   7   1   3  21  11   0   2   5  0.28 0.25
   51 T     0  -1   0   1  -2  -1  -1  -1  -2   0  -1  -2  -1  -4   1   1   4  -4   0  -1    8   3   4   7   0   2   4   4   1   5   7   2   1   0   7  12  26   0   3   4  0.23 0.21
   52 P    -1  -2   1   1  -4   0  -1  -1  -4  -1  -1  -2  -2  -1   4   3   1  -2  -2  -3    5   2   7   8   0   4   3   5   0   4   6   1   1   3  21  21   8   1   1   1  0.38 0.28
   53 T     0  -2   0  -1  -4  -1   1  -3   0  -2   0  -2   2   1   0   2   2  -4  -1   0    6   1   4   4   0   1  10   1   2   1  11   2   7   6   4  17  15   0   2   5  0.19 0.20
   54 D     1  -2  -1   3  -4  -1   1  -1  -1   0  -2  -3  -1  -4   1   1   0  -5  -3   1   11   2   3  19   0   2  10   5   1   5   3   0   2   0   7  11   6   0   1  12  0.23 0.20
   55 V     0  -1   0   1  -1  -1  -2  -1  -3   1   0  -2   2   0   1   0   0   0  -1   2    6   4   5   8   1   2   2   6   0  11  11   0   6   4   7   7   4   2   1  14  0.08 0.10
   56 A     1  -3   0  -1  -2   0  -1   1  -2  -1   0  -2  -2   0   1   1   2  -2   1  -1   13   0   5   4   0   4   3  12   0   3   8   1   0   4   7  12  14   0   5   3  0.14 0.15
   57 A     2  -3   0  -1   0  -1  -1   0   1  -1  -1  -3  -1  -2  -1   2   1   2   1  -1   19   0   3   3   2   2   3   7   4   4   7   0   1   1   3  19   9   3   5   3  0.20 0.19
   58 V     1   0  -1  -2  -2  -1  -1   0  -2   0   0  -1   2  -1  -2   2   1  -2  -2   1    9   6   3   1   0   3   5   7   1   6  10   2   7   3   2  17   7   0   1  11  0.09 0.12
   59 N    -2  -1   5   2  -5  -2   1  -1   2  -3  -3  -3  -3  -2  -3   2   1  -6  -4  -2    2   3  31  11   0   2   8   4   4   1   3   0   1   2   1  15   8   0   0   3  0.62 0.38
   60 L     0  -1  -1   0  -2  -1   0   0   0   0   0  -2   1   1   0   0   1   3   1  -1    7   2   2   5   1   1   6   8   3   5  12   1   5   7   5   8   9   5   6   3  0.08 0.10
   61 T     0  -3  -2   0  -5  -1  -1  -2  -1  -2  -2  -4  -2  -3   2   4   4  -1  -3  -2    7   1   1   5   0   3   3   3   1   2   4   0   1   1   9  28  25   1   1   2  0.55 0.38
   62 Y    -1  -1   2  -2  -4  -1  -2  -3   1  -1   0  -3   1   1  -2   1   3   0   4  -1    4   4   9   2   0   2   2   2   4   3  10   1   4   6   2  10  17   1  14   4  0.25 0.22
   63 F     0  -1   1  -1  -2  -1  -1  -1  -3   0   0  -2   2   2  -2   1   1   0   0   1    7   2   8   3   1   2   4   4   0   5  10   2   7   8   1  13  10   1   3   9  0.09 0.12
   64 T     0  -4   1  -3  -5   0  -2  -1  -3  -1   0  -2  -2  -4  -1   2   4   0  -2  -1    7   1   7   1   0   4   2   5   0   4  10   2   1   0   3  18  29   1   2   4  0.42 0.33
   65 P    -1  -2   2  -1  -3  -3  -3  -2   1  -2  -4  -3   0  -1   4   4   2  -6  -2  -3    4   2   9   4   1   1   1   3   3   3   2   1   2   3  22  27  10   0   1   2  0.59 0.40
   66 A     3  -3   1   0  -4  -2  -1   1  -1  -2  -1  -2  -2  -2  -2   1   2  -2  -1   0   23   1   8   4   0   1   3   9   2   2   7   2   0   1   1  12  13   0   2   7  0.24 0.22
   67 I     1  -4  -2  -1  -1  -1  -1  -3  -4   2   0  -3   4  -2   0   2   1  -2  -1   1   14   0   2   4   1   3   4   1   0  10   9   0  11   1   6  13   8   1   2   9  0.23 0.22
   68 S     0  -2   2   1  -4  -3  -1  -1  -3  -1   0  -3  -3  -2   0   4   1   0  -2  -1    7   2   9   7   0   1   4   5   0   4   9   1   0   2   6  29   7   2   1   5  0.28 0.26
   69 H    -2  -3   1   1  -4   0   0  -2   4  -1   0  -2   0   0   1   2   0  -1   0  -2    3   1   7   7   0   5   6   3  12   4  11   1   2   4   7  16   5   1   3   2  0.21 0.20
   70 V     0  -1   1  -1  -1  -2  -1  -2  -2   0   1  -2   3   0  -2   1   1  -1  -1   1    8   3   7   4   1   1   4   3   1   5  16   1   8   5   2  10   7   1   1  11  0.10 0.13
   71 M     0  -1   0  -1  -2  -1  -1  -2   0   1   1  -2   3   0   0   1   0  -4   0   1    9   2   4   3   1   2   4   3   3   7  11   2  11   4   5  13   5   0   4   9  0.10 0.13
   72 L    -1  -2   0  -2  -2  -1  -1  -3   2   0   2  -4   5   0  -1  -1   2  -1   0  -1    4   2   4   2   1   3   4   2   5   4  23   0  14   4   3   5  11   1   4   4  0.28 0.24
   73 A     1  -1   2   1  -3   0   1   0  -1  -3  -1  -2  -2  -2   0   1   2  -5  -2  -1   13   3  11   9   0   3   7   6   1   1   6   2   1   2   5  11  12   0   2   5  0.17 0.18
   74 P     0  -4   2   1  -4  -1  -1  -3  -3  -3  -2  -3  -3  -4   5   3   0   0  -3  -4    6   1  11   9   0   2   5   1   1   1   5   1   1   1  28  18   5   2   1   1  0.65 0.43
   75 T     0  -1   1   1  -4  -3  -2  -2  -2  -3  -1  -4  -3  -1   0   3   4   1  -2  -3    6   3   5   6   0   1   2   4   1   1   7   0   0   3   5  25  24   2   1   2  0.44 0.36
   76 T     1  -2   1  -1  -2   0  -1  -1   1  -2  -2  -3   2  -2   0   2   3   0  -2   0    9   2   6   4   1   4   4   5   3   2   4   0   5   2   5  16  20   1   1   7  0.24 0.24
   77 I     0  -2   1  -1  -2  -1  -1  -2  -1   0   1  -2   3  -1   0   1   1   0  -1   0    6   1   7   4   1   2   4   3   2   6  13   2  10   2   5   9  11   1   2   8  0.11 0.14
   78 A     1  -3   2   0  -4  -1  -2  -1   0  -1  -1  -2   2  -2   1   3   1   2  -1  -1   12   1   9   5   0   2   3   5   3   4   5   1   6   2   7  19   7   3   2   4  0.20 0.21
   79 T    -1  -3   0   1  -3  -2  -2  -1  -1  -1   0  -4   3  -1   0   2   3   0  -1  -1    6   2   4   8   0   1   3   4   1   4  10   0   8   3   4  14  20   1   2   5  0.25 0.25
   80 T     1  -1   1  -1   0  -3  -1   0  -5  -1  -1  -3  -1  -2   0   3   3  -1  -2  -1   10   3   6   4   2   1   4   7   0   4   8   0   1   1   4  19  20   1   1   4  0.25 0.25
   81 T    -1  -3   4   1  -2  -2   0  -2  -3  -2   0  -4   1   0  -2   2   3  -1  -2  -1    4   1  16   8   1   1   6   3   0   2   9   0   3   4   2  15  17   1   2   4  0.32 0.29
   82 A     0  -2   1   0  -2  -2  -1  -1  -1  -1   0  -3   2   2   0   3   0  -2   0  -2    9   1   7   4   1   2   5   6   1   4   9   1   6   8   5  21   6   1   3   2  0.17 0.20
   83 S    -1  -3   3  -1  -4  -2  -1  -2  -2  -2  -1  -4   3  -1   0   4   1   2  -2  -1    4   1  13   3   0   1   3   3   1   2   5   0   7   3   5  30   9   2   1   4  0.47 0.38
   84 A     1  -2   0   0  -2  -1   1  -1   1  -1  -1  -2  -1   0   2   1   1   0  -1   0   12   1   4   5   1   3  10   5   3   3   5   2   2   5  10  10  11   2   2   5  0.11 0.14
   85 T     0  -1   2   0  -3  -1   0  -1   1  -1   0  -2  -2   0  -1   2   3   1  -1  -2    6   3  11   4   0   2   6   4   3   4  10   1   1   4   4  15  16   2   2   3  0.17 0.19
   86 M    -1  -3   0   0  -1  -1  -1  -2  -3   0   1  -4   5  -1   0   1   0   3   0   0    4   1   5   6   1   2   5   4   1   4  13   0  14   3   6  11   6   4   3   7  0.22 0.21
   87 V    -1  -2   1   1  -1  -1   0  -1   1   0   0  -2   3   1   1   0   1   0   0  -1    5   2   6   7   1   3   7   4   4   4  11   1   8   5   6   9   8   1   4   3  0.07 0.11
   88 Q    -1  -2   3   1  -4  -1   1  -2   2  -3   0  -3  -1   0   1   2   0  -1   0  -2    6   2  15   8   0   3   9   3   4   1   9   1   2   4   8  13   5   1   4   3  0.21 0.21
   89 I    -1  -4   2  -2  -3  -2  -2   0  -3   2   1  -3   5   0  -1   1   0  -3   1   1    4   0   8   3   1   1   2   7   1   9  15   1  13   4   3   9   7   0   4   9  0.26 0.22
   90 Q    -1  -3   4   1  -5   0   1  -2  -1  -3  -1  -3   2  -1  -2   2   2   3  -1  -2    4   1  18   7   0   4   8   3   1   2   6   1   5   3   3  14  11   4   2   3  0.34 0.29
   91 T    -1  -4   2   1  -2  -1  -2  -1  -1  -1  -3  -4  -3  -2  -1   3   3  -3   0  -2    5   1  10   8   1   3   3   5   2   3   3   1   1   2   3  24  20   0   3   3  0.44 0.36
   92 T    -1  -5   1  -2  -2  -3  -1  -2  -2  -1  -1  -4   0  -2  -1   3   5  -5  -3   0    6   0   6   3   1   1   4   4   1   3   6   1   2   2   3  21  29   0   1   6  0.52 0.40
   93 A     1  -3   2   0  -1  -1   0  -2  -1  -1   0  -3   0  -1  -2   2   2  -1  -1  -1   12   1  10   6   1   3   5   3   1   4   8   1   2   3   2  17  13   1   2   4  0.20 0.21
   94 A     1  -4   3   1  -4  -2   0   0  -1  -2   0  -3  -2   1  -1   2   1   2  -1  -1   12   1  14   7   0   1   6   6   1   3   9   1   1   6   3  13   9   2   2   4  0.19 0.20
   95 P    -1  -3   1   0  -3  -3  -1  -2  -2  -1  -1  -3  -2   0   4   2   2  -1   0  -2    5   1   8   4   1   1   4   3   1   4   6   1   1   3  23  13  12   1   3   4  0.40 0.32
   96 S    -1  -3   3   1  -2  -2   0  -1  -4  -2  -2  -3  -1  -1   0   3   2   1  -1  -3    6   1  12   7   1   2   6   6   0   2   5   2   1   3   5  25  11   2   3   2  0.32 0.29
   97 H    -1  -3   2   0  -3   0   0   0   3  -2  -1  -4   1   2  -1   1  -1   2   2  -2    5   1   8   6   0   3   7   6   7   2   7   0   4   9   3  13   3   3   8   3  0.20 0.20
   98 D    -1  -3   3   4  -1  -1   0  -2  -1  -1  -1  -3  -1  -1   0   1   0   0  -2  -1    6   1  14  20   2   2   7   3   2   3   6   1   2   3   5  10   7   2   2   4  0.28 0.24
   99 L    -1  -4   3  -1  -1  -2  -2  -2  -1   0   1  -4   4   1   0   0   0   0   2  -1    4   0  13   4   1   1   3   4   1   5  15   0  11   6   4   8   6   1   6   4  0.27 0.23
  100 E    -2  -2   4   2  -4  -2   2  -2  -3  -3  -3  -4  -2  -1  -1   2   2  -1   1  -2    4   2  16  12   0   1  13   4   1   2   3   1   1   3   3  14  10   1   5   3  0.37 0.31
  101 T     0  -3   2   0  -2  -2   0  -1   0  -2  -2  -3   1  -1   0   2   3   0   1  -1    6   1   9   5   1   2   6   4   2   2   5   1   3   3   5  15  19   1   6   4  0.26 0.25
  102 G     0  -3   1   1   0  -2   0   1  -1  -1  -1  -3  -1   1  -1   2   1   0   1  -1    6   1   8   7   2   2   6   9   2   4   7   1   1   5   3  18   9   1   6   4  0.15 0.17
  103 G     0  -4   2   1  -1  -1  -1   1  -1   0  -1  -3   0   0   0   1   1   0   1  -1    6   1   9   7   1   2   5  13   1   5   7   1   3   5   4  12   9   1   5   3  0.12 0.14
  104 N    -3  -4   7   1  -6  -4  -2  -1  -2  -3  -3  -4  -2  -1  -1   0   0  -1   1  -3    3   1  46   7   0   1   3   5   1   2   3   1   1   3   4   6   5   1   5   2  1.08 0.61
  105 S     0  -3   1   1   1  -2   0   0  -1   0   0  -3   0   1  -1   2   0  -2   1   0    9   1   8   9   3   2   5   7   1   5   8   1   2   5   3  14   6   1   5   6  0.10 0.12
  106 T    -3  -5   3   0   0  -4  -2  -3  -4  -3  -3  -5  -2  -3  -3   3   5  -4  -1  -3    2   1  13   5   2   1   3   2   1   2   3   1   1   1   2  21  37   0   2   2  0.92 0.59
  107 S     0  -3   1   1   0  -1   0  -1  -1  -1   0  -3   1   1  -2   2   1  -1   1   0    6   1   7   9   2   2   6   5   2   3   8   1   3   6   2  15  10   1   5   6  0.13 0.15
  108 S    -1  -3   2   0  -2  -1   1  -2  -1  -1  -1  -3  -1  -1   1   2   2  -3   0   0    5   2  10   4   1   3   9   4   1   4   7   1   1   2   7  17  11   0   4   6  0.19 0.21
  109 D    -1  -4   3   3  -2  -1   1   0   1  -2  -2  -3  -2  -1   1   1   0  -2   0  -1    6   1  12  18   1   3   9   6   3   3   4   1   1   2   7   9   7   1   3   4  0.27 0.24
  110 P     0  -3   0   1  -1  -2   1  -1  -1  -2  -2  -3  -2   0   4   1   1   0   2  -1    6   2   5   7   1   2   8   5   2   3   3   1   1   4  18  10  10   1   7   5  0.27 0.25
  111 G    -1  -2   1   1   1  -1   0   0   3  -1  -1  -2  -1   0  -1   1   1  -2   1  -1    5   2   6   8   3   3   6   8   7   3   6   2   2   4   3  10  11   1   6   5  0.10 0.11
  112 E    -1  -2   0   2   0   0   2  -2  -1  -1  -1  -3  -1   0   1   0   0   5   1  -2    5   2   4  10   2   4  15   4   2   3   5   1   2   3   8   9   6   8   4   3  0.25 0.22
  113 F    -1  -1   0   0   2  -1   0  -1   0  -1   0  -2   1   1   1   0   0  -1   3  -1    4   3   4   5   5   3   7   6   2   4   9   2   3   6   8   8   5   1  11   3  0.11 0.12
  114 D    -2  -1   0   3   1   2   2   0   0  -3  -2  -2  -2  -2   3   0   0  -3  -2  -3    3   3   5  13   3   9  15   7   2   2   4   2   1   2  12   8   5   0   2   2  0.28 0.25
  115 N    -1  -1   1   2  -2   0   1  -2   1  -1  -1  -1  -2   2   2   0   0   0   1  -1    4   3   6  11   1   3   8   3   4   4   5   4   1   9  10   9   6   1   4   4  0.13 0.14
  116 L    -1  -1  -1   0   1  -1   0  -2  -1   0   1  -1   0   1   3   0   0   2   2   0    5   3   2   5   3   3   5   3   2   6  12   3   2   6  13   6   5   3   7   6  0.11 0.11
  117 N    -1   0   1   1  -2  -1   1  -2   0  -1  -1  -2   1  -1   3   1   1   1   0  -2    4   6   6   7   1   3   8   3   2   4   6   2   3   2  16   9   8   2   4   3  0.18 0.18
  118 S    -1   1  -1   1  -3   0   0  -2   1   0   0  -1   2   0   0   1   0   2   1   0    3   7   2   7   1   5   6   2   4   5   9   3   5   5   6  10   6   3   4   8  0.07 0.10
  119 F    -2   0   1   0  -3  -1   0  -2   1  -2   0  -2  -1   2   3   2  -1   1   0  -2    2   4   8   5   0   2   5   2   3   3  10   2   2   8  16  15   4   2   3   3  0.25 0.23
  120 Y    -1  -1   1  -1  -3   0   0  -2  -1  -1   0  -2  -1  -1   4   1   1   1   1  -1    5   3   6   4   1   3   6   3   2   3   9   2   1   3  18  11   9   2   5   4  0.21 0.21
  121 F     0  -2  -2  -1  -4  -2  -1  -1   0   1   1  -3   0   2   1  -1   0   5   2   0    7   2   2   4   0   1   4   5   2   7  13   1   2  10   7   5   5   7   8   7  0.19 0.17
  122 Y     0  -2  -1  -2  -2   0   0   0  -1   1   0  -2   0   1  -2   0   0   5   1   2    8   2   3   2   1   4   7   6   1   8  10   2   2   6   2   6   6   7   4  14  0.13 0.13
  123 E     0   2   0  -2  -3   2   0  -2   3   0  -2   2   0  -1  -2  -1   0   1   0  -1    9  11   4   2   0   9   5   2   8   6   4  10   3   2   2   5   7   2   3   5  0.17 0.17
  124 T     1  -2  -3  -4   0  -1  -3  -1  -1   3   0  -2   0   0  -3  -1   0   4   3   2   10   2   1   1   2   3   1   4   1  16   8   3   2   3   1   4   7   5   8  16  0.26 0.20
  125 E     0  -7  -6  -7  -4  -6  -4  -4  -5   4   2  -6  -1   3  -1  -3   0   1  -3   3    9   0   0   0   0   0   1   2   0  23  19   0   1  10   4   2   6   2   1  18  0.70 0.41
  126 Q    -2  -2  -5  -6  -3   0  -1  -4  -4   2   3  -1   2   2  -5  -2  -1   3   0   2    3   3   0   0   0   5   4   1   0  10  27   4   4   8   1   4   4   4   3  14  0.42 0.29
  127 F     1  -6  -5  -6   0  -4  -5   1  -5   3   0  -5   0  -1   3   0   1  -3   1   2   10   0   0   0   2   1   0  10   0  17   8   0   2   3  13   8  10   0   4  11  0.42 0.33
  128 A     1  -7  -7  -7   1  -6  -7  -3  -7   4   0  -6   0   2  -1  -1   2  -5  -4   3   13   0   0   0   3   0   0   3   0  21  10   0   2   8   3   5  11   0   0  21  0.66 0.43
  129 V     1  -7  -7  -8   1  -7  -7  -5  -7   3   3  -7   2   3  -6  -2  -1  -3  -3   4   11   0   0   0   3   0   0   1   0  14  25   0   4  11   0   3   5   0   1  22  0.81 0.47
  130 L    -5  -7  -6  -8  -1  -3  -5  -7  -2   0   2  -8   2   4  -7  -6  -5  -3   8  -3    1   0   1   0   2   2   1   1   1   5  17   0   5  14   0   1   1   0  47   2  1.78 0.90
  131 W     2  -6  -5  -6   3  -6  -6   2  -6   2   0  -6  -2   0  -5   3   1   2  -4   1   15   0   0   0   5   0   0  15   0   9   9   0   1   4   1  21   7   3   0   8  0.53 0.40
  132 I     0  -7  -6  -8   0  -6  -7  -3  -6   4   3  -7   0   2  -3  -2   0  -6  -5   3    8   0   0   0   2   0   0   2   0  20  28   0   2   7   2   3   5   0   0  21  0.81 0.47
  133 L    -3  -8  -7  -9  -4  -7  -7  -5  -9   6   2  -8   2  -2  -8  -4   0  -8  -6   4    3   0   0   0   0   0   0   1   0  39  20   0   5   2   0   2   5   0   0  23  1.33 0.67
  134 F     0  -8  -6  -7   4  -8  -7   0  -8   3  -1  -8   4   7  -8  -2  -2  -1  -4   0    7   0   0   0   7   0   0   7   0  15   7   0   9  34   0   4   3   1   0   5  1.12 0.60
  135 T    -1  -8  -7  -9   0  -8  -8  -6  -8   4   3  -8  -1   3  -7  -4  -1  -5  -5   4    6   0   0   0   2   0   0   1   0  21  25   0   1   9   0   1   4   0   0  28  1.06 0.57
  136 V     0  -8  -7  -8   1  -7  -8  -5  -8   3   3  -8   1   2  -7  -3   0  -4  -6   4    7   0   0   0   2   0   0   1   0  14  26   0   3   9   0   2   6   0   0  28  0.93 0.53
  137 I     3  -8  -4  -4   1  -8  -8   6  -8  -2  -8  -8  -7  -9  -8   3   1  -9  -9  -6   19   0   1   1   3   0   0  46   0   3   0   0   0   0   0  18   8   0   0   1  1.36 0.79
  138 V    -1  -8  -8  -8  -2  -8  -8  -5  -7   4   3  -8   1   2  -8  -4   0  -1  -6   4    6   0   0   0   1   0   0   1   0  19  28   0   3   7   0   1   6   1   0  26  1.02 0.56
  139 L     0  -8  -7  -8   1  -7  -8  -2  -7   4   3  -8  -1   3  -4  -3   0  -7  -4   4    7   0   0   0   2   0   0   4   0  17  22   0   1  13   1   3   6   0   0  24  0.83 0.48
  140 G    -3 -10  -7  -9  -5 -10  -6   8 -10 -10  -9 -10  -9  -7 -10  -4  -7  -7 -11  -8    2   0   0   0   0   0   1  93   0   0   0   0   0   0   0   1   0   0   0   0  2.95 1.37
  141 N   -10  -8  10  -8 -11  -8  -9  -8  -7 -12 -12  -9 -11 -12 -11  -7  -9 -12 -11 -12    0   0  99   0   0   0   0   0   0   0   0   0   0   0   0   0   0   0   0   0  3.96 1.76
  142 S     1  -7  -6  -7   0  -6  -7   1  -7   2   2  -6   0   0  -7   2   1  -4  -5   2   10   0   0   0   2   0   0  12   0  12  22   0   2   4   0  15   8   0   0  11  0.54 0.40
  143 A    -1  -8  -8  -9   2  -7  -9  -5  -9   2   5  -8   4   1  -7  -2   0  -5  -4   1    5   0   0   0   3   0   0   1   0   9  51   0   8   5   0   4   6   0   1   8  1.13 0.63
  144 V    -6 -10  -9 -11  -9 -10  -9  -9 -11   1  -1 -10  -2  -5 -10  -8   1 -10  -7   8    1   0   0   0   0   0   0   0   0   6   6   0   1   0   0   0   7   0   0  78  2.37 1.14
  145 L    -4 -10  -9 -10   7  -9 -10  -8 -10   6   2  -9   3  -1  -5  -7  -7  -5  -7   2    1   0   0   0  17   0   0   0   0  41  17   0   5   2   1   0   0   0   0  14  1.69 0.81
  146 F     0  -5  -7  -8  -1  -6  -8  -4  -2   3   2  -5   0   2  -8  -3  -1   5   5   2    8   1   0   0   1   0   0   1   1  14  18   1   2   9   0   2   4   7  16  13  0.80 0.47
  147 V     2  -7  -5  -8  -3  -6  -8  -6  -6   4  -2  -7  -2  -6  -8   1   1  -5  -7   5   17   0   1   0   1   0   0   0   0  19   4   0   1   0   0   9   7   0   0  39  1.19 0.67
  148 M    -6  -9  -8 -10  -5  -9  -9  -9  -8   5   2  -8   0   3  -8  -7  -2  -6  -2   5    0   0   0   0   0   0   0   0   0  28  16   0   2  12   0   0   3   0   1  35  1.49 0.74
  149 F     1  -2  -5  -7   3  -4  -6  -3  -1   2   3  -3   2   2  -6   0   0   3   3   0   11   2   0   0   5   1   0   2   1  10  23   2   4   8   0   6   5   3   8   7  0.44 0.30
  150 I    -1   6  -2  -7   1   0  -6  -3   1  -4  -2   3  -2  -1  -7  -1   1  -1   0  -4    5  36   2   0   2   3   0   3   3   1   5  16   1   3   0   5   8   1   3   2  0.83 0.53
  151 N    -4   1   5  -1   1  -1  -2  -3   4  -4  -5   0  -3   3  -5   1   1  -3   3  -2    2   7  21   3   3   3   2   2  10   1   1   5   1  10   0   9   9   0   8   3  0.60 0.42
  152 K    -3   6  -3  -7  -7   1  -4  -4   0  -6  -6   5  -5  -8   2  -1  -3  -6  -5  -6    2  32   1   0   0   5   1   1   2   1   1  33   0   0  10   5   2   0   0   1  1.29 0.76
  153 N    -1   5   0  -2  -4   2  -1  -2   3  -5  -6   3  -2  -5  -4   2  -2  -3  -3  -3    6  25   4   2   0   8   3   3   6   1   1  17   1   1   1  14   3   1   1   2  0.67 0.47
  154 R    -4   0  -5  -8  -6  -5  -6  -7  -4  -3   4  -1   9  -3  -5  -2  -3  -5  -5  -3    2   5   1   0   0   1   0   1   1   2  36   5  38   1   1   3   2   0   0   2  1.64 0.85
  155 K    -7   7  -5  -7  -3   3  -5  -7   5  -7  -5   3  -5  -7  -6  -4  -5   1  -7  -6    0  52   1   0   1  11   1   0  11   0   1  15   0   0   0   1   1   2   0   1  1.84 0.96
  156 S    -4   0   3  -6  -4  -5  -7  -6  -5  -4  -8  -2  -7  -8  -8   4   6  -6  -6  -5    1   4  11   0   0   0   0   1   0   1   0   2   0   0   0  29  47   0   0   1  1.59 0.94
  157 R     1   1  -5  -6  -3  -6  -5  -6  -5   1  -2  -5   1  -4   3   0   1  -8  -6   4   10   8   1   0   1   0   1   1   0   8   4   1   4   1  16   6   8   0   0  30  0.73 0.50
  158 M    -1  -1  -3  -8  -3  -4  -7  -3  -5   0  -4  -6   3  -3   0   0   7  -9  -7  -1    6   3   1   0   1   1   0   2   0   5   2   0   5   1   4   6  57   0   0   4  1.40 0.84
  159 N    -6  -6   9   1  -6  -5  -4  -6   1 -10 -10  -6  -8  -5 -10  -2  -3  -7  -1  -9    1   0  76   8   0   0   1   1   3   0   0   0   0   1   0   3   2   0   2   0  2.62 1.27
  160 Y    -3  -5  -6  -9   2  -6  -8  -7  -4   4   2  -5   3   4  -6  -4  -1   0   6   1    2   1   1   0   3   0   0   0   0  18  18   1   7  13   0   1   5   1  20   8  0.99 0.54
  161 F   -10 -10  -9 -11  -5  -9 -10 -11  -5  -4   3 -10   0   8  -9  -8  -9  -1   6  -7    0   0   0   0   0   0   0   0   0   1  23   0   2  50   0   0   0   1  21   0  2.35 1.09
  162 I    -8  -7  -9 -10  -7 -10 -10 -11 -10   7   4  -9  -1  -2 -10  -9  -6  -9  -6   2    0   0   0   0   0   0   0   0   0  50  32   0   2   2   0   0   0   0   0  13  1.95 0.91
  163 K     1  -5  -8  -8   0  -7  -7  -3  -5   1   3  -5   3   2  -7  -4  -1  -5  -6   4   11   1   0   0   2   0   0   3   0   8  26   1   5   9   0   1   5   0   0  27  0.83 0.49
  164 Q    -5  -9   8  -7  -5  -3  -8  -5   4 -11 -10  -8  -8 -10  -9   4  -6 -11  -8  -9    1   0  59   0   0   1   0   1   7   0   0   0   0   0   0  28   1   0   0   0  2.43 1.23
  165 L   -10 -10  -9 -11  -7  -6 -11 -11 -11  -5   7  -9   3  -8 -11  -9  -7 -10  -9  -5    0   0   0   0   0   0   0   0   0   1  91   0   6   0   0   0   0   0   0   1  2.71 1.26
  166 A     7 -10  -7 -10   1  -9  -9  -6 -10  -7  -9  -9  -6  -8  -7   2  -4 -11 -10  -6   81   0   0   0   2   0   0   1   0   0   0   0   0   0   0  13   1   0   0   1  2.40 1.23
  167 L    -1  -9  -9  -9   3  -9  -9  -7  -6   5   2  -9   0   2  -9  -4  -1  -6  -5   5    6   0   0   0   5   0   0   0   0  26  17   0   2   8   0   1   4   0   0  30  1.19 0.62
  168 A     6  -9  -6  -7  -1  -8  -9  -1  -7  -7  -9  -8  -8  -9  -8   5   0  -7  -7  -5   53   0   0   0   1   0   0   4   0   0   0   0   0   0   0  32   6   0   0   1  1.78 1.02
  169 D   -10  -9  -3   9  -8  -8  -7  -8  -6 -11 -11 -10 -11 -12  -8  -8 -10 -12  -9 -11    0   0   1  96   0   0   0   0   0   0   0   0   0   0   0   0   0   0   0   0  3.64 1.65
  170 L    -4  -9  -9  -6  -2  -7  -3  -8  -8   3   6 -10   2   4  -9  -6  -4  -5  -7  -1    2   0   0   1   1   0   2   0   0  13  55   0   4  15   0   1   1   0   0   4  1.50 0.77
  171 C    -2  -9  -9  -9   3  -6  -9  -4  -9   2   5  -9   4   1  -9  -3  -2  -5  -8   0    4   0   0   0   5   0   0   2   0   8  55   0   8   5   0   3   3   0   0   6  1.31 0.69
  172 V    -6  -8  -5  -8  -5  -7  -8  -9  -6   2   2  -8   5   5  -9  -6   0  -8  -2   5    1   0   1   0   0   0   0   0   0   8  15   0  12  18   0   1   5   0   2  36  1.39 0.71
  173 G     2  -6  -3  -6   4  -6  -6   2  -5   1   1  -6   3  -3  -4   1   2  -7  -5  -1   18   0   1   0   8   0   1  14   0   7  15   0   6   1   1  11  11   0   0   5  0.55 0.36
  174 L    -1  -9  -8 -10   2  -9  -9  -6  -9   3   4  -9  -1   2  -8  -3  -1  -4  -6   3    5   0   0   0   4   0   0   1   0  15  37   0   2   9   0   3   4   0   0  20  1.10 0.58
  175 L    -2  -8  -8 -10   2  -8  -9  -6  -7   3   3  -8  -1   6  -9  -3   2  -3  -2   2    3   0   0   0   4   0   0   1   0  12  22   0   1  28   0   3  10   0   1  13  1.13 0.58
  176 N     0  -7   2  -6   8  -2  -8   1  -4  -2  -2  -7   2  -5  -4   1   1  -7  -4   2    7   0   8   1  27   2   0   9   1   2   4   0   5   1   1  10   8   0   1  12  1.02 0.57
  177 V    -2 -10  -5 -10   0  -5  -8  -4 -10   4   2  -9   7  -1  -1  -4  -1  -7  -2   3    4   0   1   0   2   1   0   2   0  16  20   0  22   3   3   2   4   0   1  19  1.15 0.60
  178 L    -5 -10  -9 -11  -5  -9 -10  -7 -12  -4  -1 -11  -5  -4   9  -5  -1  -1  -7  -5    1   0   0   0   0   0   0   1   0   2   7   0   0   1  79   1   4   1   0   1  2.75 1.44
  179 T    -3  -6  -5  -8  -5  -2  -6  -6  -3   1   1  -8   1   7   2  -5  -1   2  -1   0    3   1   1   0   0   2   1   1   1   7  12   0   3  42   8   1   5   2   2   7  1.29 0.67
  180 D     0  -3   1   0  -4   1   1  -4  -2  -2  -3  -2   2  -2  -4   1   4   5  -2  -1    7   1   6   5   0   6   8   2   1   3   3   3   4   2   1  11  24   7   1   4  0.48 0.38
  181 I     2  -7  -8  -7  -4  -8  -8  -4  -8   3   3  -7   3   2   0  -2  -1  -2  -2   2   17   0   0   0   0   0   0   2   0  15  24   0   5   9   4   4   4   1   1  12  0.71 0.41
  182 I     1  -7  -6  -3  -2  -2  -5  -2   1   3   0  -5   1  -2  -6  -1   2  -1   3   3   11   0   0   2   1   2   1   3   3  17  10   1   3   2   0   6  10   1   8  20  0.53 0.34
  183 W     0   0   2   0  -5   0   0  -4   0  -1  -3  -3  -3   0  -5   1   1   6   4  -1    8   5   9   5   0   5   6   2   2   3   3   2   1   4   1  10   9   8  12   5  0.37 0.29
  184 R     1  -1   1   0   2  -1  -1  -5   0   1   0  -3   2   2  -6   0  -1  -2   4  -1   11   3   8   6   4   3   4   1   2   7   8   2   4   7   0   8   5   1  12   4  0.25 0.20
  185 I     0  -3  -4  -7  -5  -5  -6  -6  -2   4   3  -6   1   3  -6  -3  -1   4   2   3    7   1   1   0   0   1   1   1   1  19  21   0   3  11   0   2   4   4   7  15  0.71 0.41
  186 T    -1  -3   1  -2  -5  -1  -1  -3   2  -1   1  -2   2   1  -3   0   3  -1   2  -2    4   2   8   2   0   2   4   3   5   3  15   3   4   5   2   8  18   1   7   3  0.28 0.25
  187 I    -3   0   1   1  -3   1   1   2   0  -3  -3   1  -3  -1   0   0  -2  -1   2   0    2   5   6   9   1   6   8  17   3   1   3   8   0   3   4   7   2   1   7   6  0.21 0.20
  188 S    -2   2   1   1   2   1   1   0   3  -3  -4  -1  -3  -2   1   1   2  -4   2  -3    2  10   5   7   4   7   8   7   6   2   1   4   1   2   7   9  11   0   7   2  0.24 0.23
  189 W    -9  -6  -6  -9  -7  -8  -8  -6  -5  -8  -7  -8  -8   1  -6  -8  -6  13   1  -6    0   1   1   0   0   0   0   1   0   0   1   0   0   6   1   0   1  82   4   1  4.46 1.88
  190 R    -2  -1  -2  -4  -3  -1  -4  -5   0   3   0  -3   0   0   4  -3  -1   0   2   3    3   3   3   1   1   3   1   1   2  14   9   2   3   3  21   2   4   1   6  17  0.50 0.35
  191 A    -1  -8  -8  -7  -9  -6  -7  -2  -1  -5   3  -8  -1   8  -8  -7  -5   2   1  -6    6   0   0   0   0   1   0   3   1   1  22   0   2  53   0   1   1   3   5   0  1.88 0.91
  192 G    -5  -7  -4  -4  -9  -6  -7   7  -4  -8  -9  -6  -6  -8   0  -1  -5  -4  -7  -8    1   0   1   1   0   0   0  81   0   0   0   0   0   0   6   4   1   0   0   0  2.32 1.14
  193 N     0   0   2   3  -4  -1   3  -2   0  -3  -2   0  -3  -4   1   1  -1  -1  -2  -3    8   5   9  15   0   3  15   3   2   1   5   4   1   1   8   9   5   1   2   2  0.28 0.26
  194 L     2  -5  -4  -5  -4  -4  -3  -2  -1   1   1  -4  -1   5  -2  -2   1   2  -2   2   14   1   1   0   0   1   2   4   1   8  12   1   2  21   2   3   7   2   1  16  0.51 0.34
  195 A     0  -6  -7  -8  -5  -6  -7  -1  -3  -1   3  -7   7   3  -6  -5  -2   3   1   0    7   0   0   0   0   0   0   6   1   4  28   0  23  11   0   1   3   3   5   6  1.04 0.59
  196 C    -7  -8  -9 -11  12  -9 -10  -9  -8  -9  -9  -9  -5  -8 -11  -8  -9 -10  -6  -9    1   0   0   0  96   0   0   0   0   0   0   0   0   0   0   0   0   0   0   0  4.95 1.95
  197 K    -3   3  -2  -1  -7   1  -1  -6   1  -3  -3   6  -4  -6  -3  -2  -2  -6   0  -3    2  14   2   4   0   5   4   1   3   2   3  45   1   0   2   3   3   0   3   2  1.05 0.63
  198 A     0  -7  -7  -8  -4  -7  -8  -4  -7   4   3  -7   2   4  -7  -4  -1  -2  -4   3    8   0   0   0   0   0   0   2   0  20  28   0   4  14   0   2   5   1   1  15  0.92 0.51
  199 I    -3  -2   0  -6  -1  -2  -4  -6   2   2   0  -4   1   1  -6   0   0   5   3   4    2   3   4   0   1   2   1   0   4   9   8   1   3   5   0   8   5   7  10  26  0.59 0.38
  200 R     1  -1   2  -4  -4   0  -2   1   1  -1  -2   0   0  -1   3   1   1  -1   0  -1   10   4   9   0   0   4   2  12   3   4   4   5   3   2  12   9   8   1   3   4  0.17 0.19
  201 F    -1  -7  -5  -8   2  -8  -8  -2  -4  -3  -1  -8   2   6  -2   1  -2   0   6  -2    6   0   1   0   4   0   0   4   0   2   7   0   4  31   3  10   3   1  20   3  1.13 0.63
  202 S     0  -7  -6  -8   2  -7  -8  -4  -8   3   4  -7   3   4  -7  -2  -1  -3  -5   2    7   0   0   0   3   0   0   1   0  14  30   0   7  15   0   4   4   0   0  13  0.87 0.49
  203 Q    -1   0  -1   3  -4   6  -1   0  -1  -1  -3  -2   2  -1  -3  -1  -1  -4   1  -3    5   4   3  15   0  30   3   7   1   4   3   3   4   3   1   4   4   0   4   2  0.58 0.45
  204 V     0  -4   0  -1  -1  -2  -1   1   0   1  -2  -3   1   0  -3   1   1   1   2   2    9   0   4   3   2   2   5  13   3   7   4   1   3   4   1   9   9   2   7  14  0.16 0.17
  205 C    -1  -7  -5  -8   0  -5  -6  -4  -5   2   3  -7   4   2  -7  -2   1  -4  -1   4    5   0   1   0   2   0   0   1   0  11  22   0   9   8   0   3  10   0   2  25  0.79 0.46
  206 V     0  -7   3  -6   4  -7  -7   1  -5  -5  -1  -6  -3   3  -4   4   2  -6  -5  -1    6   0  11   0   8   0   0   9   0   1   7   0   1  11   1  30  11   0   0   4  0.77 0.54
  207 T     0  -6  -5  -7   4  -2  -6   1  -5   2   1  -5   4   1  -3   0   0  -4  -2   4    7   0   0   0   7   2   0   9   0   9  12   1   8   5   2   6   6   0   2  22  0.51 0.34
  208 Y    -1  -6   0  -6   4  -3  -6  -1   1   0  -1  -6  -1   4  -6   0   2  -3   5  -2    6   0   5   0   7   2   0   5   3   5   5   0   1  16   0   7  13   0  20   3  0.70 0.45
  209 S     4  -7  -5  -6   2  -6  -4  -2  -8  -1  -1  -7  -2  -3  -5   2   1  -4  -6   4   35   0   1   0   4   0   1   4   0   3   6   0   1   1   0  12   8   0   0  23  0.87 0.56
  210 S    -4  -7  -5  -7  -3  -5  -5  -2  -6  -8  -8  -7  -6 -10  -8   8  -1 -10  -8  -8    2   0   1   0   1   1   1   4   0   0   0   0   0   0   0  84   5   0   0   0  2.44 1.30
  211 T    -1  -8  -6  -8  -1  -7  -8  -6  -8   6  -2  -8   1  -6  -6   1   2  -8  -7   4    5   0   0   0   1   0   0   1   0  35   4   0   3   0   1   9  12   0   0  28  1.27 0.68
  212 Y    -4  -8  -2  -7  -2  -5  -5  -4  -2  -1   3  -6   2   6  -7  -5  -4   5   4  -3    2   0   2   0   1   1   1   2   1   4  26   0   4  33   0   1   1   6  13   2  1.30 0.68
  213 V    -5  -7   2  -6   1  -6  -7  -7   3   0  -2  -7   0   2  -8   2   6  -6  -6   0    1   0   8   0   3   0   0   0   6   5   4   0   2   7   0  14  45   0   0   5  1.23 0.75
  214 L    -7  -8  -6  -9  -5  -6  -9  -9  -5   3   6  -9   4  -3  -8  -6  -6  -8  -7  -2    0   0   0   0   0   0   0   0   0  14  70   0   8   1   0   1   0   0   0   3  1.94 0.94
  215 V     1  -7  -7  -8   5  -7  -7  -5  -8   0  -1  -7   3  -4  -7  -2   5  -6  -6   4   11   0   0   0  11   0   0   1   0   4   7   0   7   1   0   3  30   0   0  23  1.12 0.66
  216 A     5  -6  -6  -7   4  -7  -7  -4  -6   0   1  -7   2   1  -7  -1  -1  -3  -4   2   42   0   0   0   8   0   0   2   0   4  11   0   4   5   0   5   3   0   1  12  0.96 0.58
  217 M    -7  -9  -7  -9  -4  -8  -9  -8  -9   7   1  -9   6   1  -9  -6  -4  -8  -7   1    0   0   0   0   0   0   0   0   0  57  12   0  15   5   0   1   1   0   0   8  2.00 0.92
  218 S     4  -8  -6  -7   1  -7  -7  -2  -8  -8  -8  -7  -8  -9  -8   6   2  -9  -8  -8   29   0   0   0   2   0   0   3   0   0   0   0   0   0   0  53  10   0   0   0  1.75 1.00
  219 I    -1  -7  -7  -8  -1  -7  -8  -5  -6   5   2  -7   1   2  -8  -5  -4  -2  -1   4    6   0   0   0   1   0   0   1   0  26  20   0   3   8   0   1   1   1   2  28  1.09 0.56
  220 D    -7  -6   0   8  -7  -6   3  -7  -1  -8  -8  -7  -7  -5  -8  -6  -7 -10  -7  -7    1   0   4  69   0   0  19   0   2   0   0   0   0   1   0   0   0   0   0   1  2.40 1.17
  221 R    -8   9  -8  -9  -7  -6  -6  -9  -6  -8  -9  -2  -6  -8  -9  -8  -8  -6  -9  -9    0  94   0   0   0   0   0   0   0   0   0   2   0   0   0   0   0   0   0   0  3.44 1.55
  222 Y    -9  -7  -8 -10   2  -6 -10 -10   1  -9  -5  -9  -5   5 -10  -7  -9   2   9  -6    0   0   0   0   4   0   0   0   3   0   2   0   0  16   0   0   0   3  69   1  3.02 1.38
  223 D    -5   1   0  -4   2  -1  -6  -7   0   3   3  -4   1   3  -7  -5  -4   2   3   1    1   7   5   1   4   3   0   0   2  15  24   1   4  10   0   1   1   3  10   9  0.62 0.38
  224 A     6  -5  -6  -8   1  -6  -6  -3  -1  -3  -2  -5  -1  -7  -7  -1  -3  -9  -3   2   62   1   0   0   3   0   0   2   1   1   5   1   2   0   0   4   2   0   1  13  1.44 0.82
  225 I    -7 -10  -8 -10  -5  -7 -10  -8 -10   8  -3  -9  -4  -6 -10  -8  -3 -10  -9   4    1   0   0   0   0   0   0   0   0  65   3   0   0   0   0   0   2   0   0  27  2.43 1.09
  226 T    -2  -1  -6  -8   7  -5  -7  -6  -5   1  -1  -2   2  -3  -7  -3   1  -1  -4   5    4   3   1   0  19   0   0   1   0   6   7   3   4   1   0   3   9   1   1  36  1.11 0.61
  227 H    -5   2   0   0  -1  -1  -4  -6   8  -6  -4   2  -4   2  -7  -2  -4   2   4  -6    1  10   5   5   1   3   1   1  30   1   2  10   1   7   0   4   1   2  14   0  1.23 0.68
  228 P    -1  -7  -6  -8  -5  -8  -7  -1  -3  -8  -8  -7  -7  -9   8  -2  -4  -5  -5  -6    7   0   1   0   0   0   0   5   1   0   0   0   0   0  77   4   2   0   1   1  2.58 1.33
  229 M    -4  -2  -5  -7  -5  -4  -7  -6  -2   1   5  -4   5   4  -5  -4   0  -4  -2   0    1   2   1   0   0   1   0   1   1   8  42   1  12  13   1   2   5   0   1   7  1.00 0.56
  230 N    -2   5   0  -3  -4   1  -2  -2   3  -5  -3   4  -2  -2  -6   1  -1   0  -3  -3    3  24   5   2   0   6   2   3   5   1   3  21   1   2   0  11   4   1   1   2  0.64 0.44
  231 F     2   1  -3  -3  -2  -1  -3  -3  -1  -4  -3   0  -2   1   2   2  -1   0   5  -3   15   7   1   2   1   3   1   2   2   1   2   5   1   6   9  17   4   1  18   2  0.49 0.40
  232 S    -3   5  -2  -5  -4   1  -4  -4   3  -1  -1   2   2  -3   2   0  -2  -1   0  -3    2  24   2   1   0   7   1   2   7   3   8  13   4   1  10   6   2   1   3   2  0.52 0.39
  233 K    -4   4  -3  -4   2   0  -5  -4  -3   2   2  -2   5  -2  -2  -1   0   0  -3  -1    1  24   1   1   3   4   1   2   1   9  16   3  13   2   2   4   7   1   1   4  0.58 0.40
  234 S    -2   0   0  -6  -1  -1  -6  -3  -2  -3  -3  -1   0  -4  -5   3   6   1  -5  -3    4   4   4   0   1   3   0   3   1   2   3   4   3   1   1  18  43   2   0   2  0.97 0.65
  235 W    -2   3  -1  -3  -2  -1  -2  -2   0   0  -1   3   0   0   2   0   0   0   0   0    4  15   3   1   1   3   2   3   3   5   5  16   3   4  10   7   6   1   3   6  0.22 0.21
  236 K    -2   5   0  -5  -2  -1  -4  -2  -1  -5  -3   4  -3  -2  -2   1   2  -1  -4  -4    4  30   4   0   1   2   1   3   1   1   3  20   1   2   2  10  11   1   1   2  0.74 0.51
  237 R    -3   5   1  -6  -2   1  -5  -2   3  -1  -2   2  -1  -3  -5  -2   1  -1  -3   0    3  32   6   0   1   6   0   4   6   3   4  11   2   1   1   3   7   1   1   8  0.63 0.44
  238 A     5  -3  -5  -7   2  -6  -7  -1  -6  -1  -3  -5  -2  -5  -3   1   2  -3  -3   1   45   2   0   0   4   0   0   5   0   4   2   1   1   0   2   9  11   0   1  10  0.92 0.60
  239 R    -2   3  -3  -6  -1  -3  -5  -3  -1   2   1   4   0   1  -5  -3  -1   2   1   1    4  13   1   0   1   1   0   2   1  10  14  21   2   5   1   2   3   2   4  11  0.44 0.32
  240 H     0   1  -4  -6   1  -3  -6  -2  -4   4   2   0   1   1  -5  -3  -1   2   0   2    9   7   1   0   3   1   0   4   0  19  18   6   4   6   0   2   4   3   3  12  0.38 0.26
  241 L     0  -3  -6  -8   2  -5  -6  -4  -4   4   1  -4   5  -1  -6  -2   0   0   0   3    9   2   0   0   3   0   0   2   0  22  13   1  13   3   0   3   6   2   3  16  0.70 0.42
  242 V    -2  -8  -3  -9   3  -8  -8  -8  -7   7   1  -8  -1  -4  -9  -1  -2  -9  -5   2    3   0   1   0   5   0   0   0   0  50  13   0   1   1   0   6   3   0   1  13  1.48 0.74
  243 A     3  -6  -6  -7   2  -6  -7   0  -5   2   2  -6   0   1  -4  -1  -1  -3  -3   2   21   0   0   0   4   0   0   9   0  12  18   0   2   6   1   5   4   0   1  15  0.54 0.37
  244 G     2  -7  -5  -7   3  -5  -7   1  -7   2   2  -6   0   2  -6  -1  -1  -2  -4   2   14   0   0   0   5   0   0  12   0  12  19   0   2   9   0   5   4   1   0  14  0.55 0.36
  245 A     1  -8  -4  -7   2  -7  -8  -5  -6   6  -1  -8  -2  -6  -6  -1   1  -6  -6   4   11   0   1   0   3   0   0   1   0  40   5   0   1   0   0   5   8   0   0  22  1.21 0.65
  246 W    -7 -10  -9 -10  -2 -10 -10  -9  -6  -5  -8 -11 -10  -6 -10  -8  -8  13  -2  -7    1   0   0   0   1   0   0   0   0   1   1   0   0   0   0   1   0  92   2   1  5.17 2.13
  247 L     1  -7  -7  -8   0  -6  -6  -1  -8   4   3  -7   1   0  -6  -2   0  -3  -5   3   11   0   0   0   2   0   0   5   0  21  25   0   3   4   0   4   6   0   0  19  0.75 0.44
  248 I     0  -7  -4  -7   0  -5  -7  -2  -2   3   3  -7   1   3  -6  -2  -1   2   1   3    8   0   1   0   2   1   0   4   1  13  26   0   3  11   0   4   4   3   4  16  0.61 0.38
  249 S     5  -7  -6  -7  -1  -7  -7  -1  -8  -3  -6  -7  -4  -6  -1   6  -2  -9  -9  -4   36   0   0   0   2   0   0   5   0   2   1   0   1   0   4  44   3   0   0   1  1.47 0.89
  250 A     2  -7  -7  -8   1  -7  -7  -2  -6   3   3  -7   1   4  -5  -1  -1  -5  -3   1   15   0   0   0   3   0   0   4   0  16  25   0   3  14   1   4   4   0   1  10  0.70 0.43
  251 L     2  -7  -7  -8   2  -7  -7  -1  -8   3   4  -7   0   0  -5  -1   0  -5  -5   2   14   0   0   0   3   0   0   5   0  15  32   0   2   4   1   5   5   0   0  14  0.73 0.45
  252 F     0  -6  -6  -7   3  -6  -7  -6  -6   3   3  -7   2   3  -5  -1  -1   5   0   2    8   0   0   0   6   0   0   1   0  15  22   0   5  12   1   5   4   6   3  12  0.71 0.42
  253 S     4  -7   0  -5   2  -3  -6  -1  -4  -3  -4  -6   2  -2  -5   5   2  -4  -5  -1   26   0   4   1   4   1   0   5   1   1   2   0   5   2   1  33  11   0   0   4  0.87 0.61
  254 L     0  -7  -6  -7   0  -5  -7  -3  -6   4   3  -6   1   1  -7   1   0  -6  -4   2    7   0   0   0   2   0   0   2   0  19  29   0   3   6   0  12   5   0   0  12  0.73 0.45
  255 P    -2  -8  -7  -8  -5  -7  -8  -5  -5  -4  -2  -9  -3  -3   8  -5  -4  -6  -7  -3    3   0   0   0   0   0   0   1   0   1   5   0   1   1  79   1   1   0   0   3  2.61 1.34
  256 I    -2  -3  -1  -3  -2   3  -2  -3  -1   2   0  -4   2   0   3  -1   0   3   2   1    4   1   3   2   1  11   3   2   1  11   8   1   5   4  13   5   5   3   7   8  0.29 0.26
  257 L     2  -6  -6  -7  -1  -4  -6  -2  -4   2   4  -7   3   4  -2  -3  -3  -1  -1   0   17   0   0   0   1   1   0   3   0  10  30   0   6  15   3   2   2   1   2   5  0.71 0.43
  258 V    -2  -5  -5  -6  -4  -5  -7  -4  -2   3   2  -6   2   5  -6  -2  -3  -2   2   2    4   1   1   1   0   1   0   2   1  17  19   0   5  20   0   3   2   1   7  15  0.81 0.45
  259 L    -1  -4  -2  -5  -4  -2  -4   2   1   1   0  -4   1   4  -5  -2  -1   0   4   2    4   1   2   0   0   2   1  15   3   8   8   1   3  18   0   3   3   1  12  12  0.51 0.33
  260 Y     0   0  -1  -6  -5   0  -5  -2   2  -3  -1  -4   1   4  -6   2   0   7   3  -1    7   5   3   0   0   4   1   4   5   2   5   1   3  14   0  14   5  15   8   4  0.67 0.44
  261 E    -3   2   2   1  -5   1   1   1   3  -4  -5   2  -3  -3  -4   0   1   2   0  -3    2  11   9   7   0   5   9  10   7   1   1  11   1   1   1   8   9   2   3   2  0.33 0.28
  262 E    -1   0  -2  -3  -2  -1  -1  -3   1   1   2  -2   0  -2  -5  -2   2  -3   1   3    4   6   2   2   1   3   5   2   3   8  19   2   2   2   0   3  14   0   4  18  0.29 0.23
  263 K    -2   1  -1  -1  -4   1   1  -2   0   0  -2   1  -1  -1  -2  -1   0  -1   4   1    3   8   3   3   0   7  10   4   2   6   3  10   1   3   2   4   6   1  12  12  0.20 0.20
  264 L    -2  -1   0   0  -3   0   2  -2   1  -1  -1   0  -1   0   2   0   1  -1   2   1    2   4   4   5   0   4  15   3   3   3   5   5   1   4   9   6   9   1   7  11  0.15 0.17
  265 I    -2  -2   0   1  -5  -1   1  -2   3   1  -1  -1   0   1   2  -1  -2  -1   2   1    3   2   5   8   0   2  10   4   7   9   6   3   2   5   9   4   3   1   8  10  0.17 0.16
  266 Q    -3   0   1   2  -2   1   3   0   1  -3  -4   0  -2  -2   3   0  -2  -5   0  -4    2   5   7  10   1   6  20   8   3   2   1   5   1   2  14   6   3   0   3   2  0.37 0.31
  267 G    -3  -2   2   2  -1  -1   0   3  -1  -2  -1  -2  -2  -1  -2  -1  -1   1   2  -3    2   3  10  10   1   3   7  23   2   3   5   2   1   3   2   5   4   2   7   2  0.29 0.24
  268 H    -1   1   0  -1  -1   0   0   0   2   0  -1   0   1   1  -1   0   0  -1   1   0    4   8   4   3   1   5   5   7   5   6   5   6   5   7   4   5   5   1   5   8  0.03 0.05
  269 P    -2  -1   1   0   2  -1  -1  -1   1  -1  -2  -1  -1  -1   1   1   3  -2   3   0    2   3   6   5   5   2   4   4   3   3   3   4   2   2   7  10  18   0  10   7  0.22 0.23
  270 Q     0  -1  -1   0   1   1  -1  -2   0   0  -1  -1   0   2  -2   0   0   3   2   0    9   3   3   5   3   8   3   3   3   6   6   4   2   8   2   8   6   4   7   7  0.07 0.09
  271 C    -4  -4  -4  -5  11  -3  -4  -4  -1  -3  -3  -4  -1  -2  -4  -2  -1  -4  -1  -2    2   1   1   1  64   1   2   2   1   2   3   1   1   2   1   3   4   0   2   3  2.63 1.18
  272 W    -2   0   0  -2   4  -1  -1   0   0   0  -2  -3   0   1  -4   0   2   4   2   1    4   5   5   3   8   3   4   8   2   5   5   2   2   5   1   7  12   5   7   8  0.22 0.17
  273 I    -2  -2  -2  -2   4   0   4  -4  -2   1  -1  -4   1   1   2  -2   1  -2  -1   0    4   2   2   3   7   4  22   1   1   8   7   1   3   6  10   3   7   1   2   5  0.37 0.28
  274 E    -1  -1   1   3   2  -1   1  -3   2  -1  -2   0  -2  -1  -1   0   0  -4   0   1    6   4   6  15   4   3   9   3   4   4   5   6   1   2   4   6   7   0   3   9  0.15 0.13
  275 L    -5  -5  -2  -2   1  -2  -2  -2  -3   0  -2  -4  -1   4  -4  -4  -3  10   4  -1    1   1   2   3   2   2   3   4   1   5   5   1   1  13   1   2   2  30  12   5  1.39 0.72
  276 G    -2  -3   0  -2   4  -3  -2  -1   0  -2  -2  -3  -1  -2   5   0   0   2  -2  -2    4   2   4   3   8   1   4   6   2   3   5   2   2   2  30   7   6   3   1   3  0.60 0.42
  277 S    -2  -2   2   3   1   0   2  -2   1  -3  -4  -1  -3  -2   0   3   0  -1  -1  -3    4   2   9  13   3   4  11   4   3   2   3   5   1   2   4  20   7   1   3   2  0.31 0.27
  278 P    -3   0   0   3  -6   2   1  -2   0  -2  -3  -1   0   1   4   0   0  -4  -3  -3    3   5   4  14   0   8  10   4   2   2   3   4   2   5  16   7   6   0   1   3  0.33 0.29
  279 I     0  -1   0   0  -2   0   0  -3   0   1  -1  -1   1   0  -1   0   2   6   0  -1    7   4   4   5   1   4   6   2   3   6   7   5   3   5   3   8  11   9   3   4  0.18 0.16
  280 A     0  -2   0  -1  -5   1  -2   0   2  -2   0  -2   1   1  -3   1  -1   5   3   0    8   2   4   3   0   7   3   8   5   3   8   2   3   6   1  10   4   8   8   6  0.23 0.19
  281 W    -2   3   2  -1  -6   1   1  -1   1  -3  -3   0  -1  -1  -1   0  -3   5   1  -2    4  15  10   4   0   5   9   5   3   1   4   7   2   3   3   7   2   8   5   3  0.33 0.26
  282 Q    -2   4   0  -5  -7   2  -2  -5   0  -1  -1   4   0   0  -1  -1   0  -1   0  -2    4  17   4   1   0   8   2   1   2   4   6  22   3   4   3   4   6   1   3   4  0.46 0.32
  283 V     2  -3  -3  -5  -5  -1  -5  -2  -1   3   1  -5  -1   1  -2   1   1   0   1   2   16   2   1   1   0   3   1   4   1  13  12   1   1   5   3  11   8   1   4  14  0.33 0.24
  284 Y    -7  -7  -3  -7  -7  -7  -9  -9   1  -4  -2  -8   0   5  -9  -3  -5   2   9  -2    1   1   1   1   0   0   0   0   3   1   4   0   2  18   0   3   1   2  57   3  2.39 1.16
  285 M     0  -2   1  -3  -5   0  -2   0   0   1  -2  -3   1   2  -6   0   3   2   1   1    8   2   7   2   0   4   2   7   3   9   5   2   3   7   0   7  17   2   4   8  0.25 0.20
  286 S    -1  -7  -5  -8  -2  -4  -4  -4  -3   4   3  -7   2   0  -7  -2   2   1   0   3    5   0   1   0   1   1   1   2   1  20  22   0   4   4   0   3  12   2   3  19  0.75 0.43
  287 L     0  -6  -7  -7   2  -5  -6  -3  -6   2   1  -6   0   4  -7   0   0   2   3   2    9   0   0   0   5   1   1   3   0  10  15   0   2  15   0   7   6   3   9  14  0.60 0.38
  288 V    -1  -2  -1  -3   0  -2  -4  -3  -2   1   2  -2   2   1  -4   1   1  -2   1   2    5   2   3   2   2   2   1   2   1   9  20   3   4   6   1  12   9   1   5  12  0.26 0.21
  289 S    -1  -8   0  -4  -1  -4  -7  -5  -3   0   2  -8   3   6  -7   2   1  -6  -2   0    6   0   5   1   2   1   0   1   1   4  15   0   5  29   0  13   8   0   1   7  0.82 0.50
  290 A     0  -8  -6  -9   2  -7  -7  -3  -7   4   3  -8   0   3  -8  -1   0  -6  -6   4    7   0   0   0   4   0   0   2   0  19  21   0   2  11   0   4   6   0   0  22  0.85 0.48
  291 T     0  -8  -5  -7   0  -7  -8  -3  -5   3   3  -8   1   4  -5  -2  -1  -1  -4   3    7   0   1   0   2   0   0   3   0  13  28   0   3  15   1   3   4   1   0  17  0.78 0.45
  292 L    -1  -4  -2  -4   3   3  -4   2  -1   0   0  -5   1   3  -5   1   0  -2   0   1    5   1   2   1   5  14   1  14   2   4  11   0   3  10   0  10   6   0   3   8  0.34 0.29
  293 F    -7  -9  -8 -11  -4  -9  -8  -7  -6  -2  -1 -10  -4   8 -10  -7  -8  -3   8  -5    1   0   0   0   0   0   0   1   0   2   5   0   1  47   0   0   0   0  39   1  2.66 1.23
  294 A     1  -7  -8  -9   2  -8  -7  -3  -6   3   2  -8  -2   5  -7  -6  -4   2   2   4   10   0   0   0   3   0   0   2   0  12  21   0   1  18   0   0   1   3   5  21  0.94 0.52
  295 I    -1  -8  -8  -9  -3  -8  -8  -3  -9   5   4  -9  -1   1  -7  -6  -2  -6  -6   3    6   0   0   0   1   0   0   3   0  28  35   0   2   6   0   0   3   0   0  16  1.19 0.62
  296 P    -9  -9  -9 -10  -8  -8 -10 -11  -8  -8 -11 -10 -11  -9   9  -5  -7 -12  -9 -11    0   0   0   0   0   0   0   0   0   0   0   0   0   0  96   1   0   0   0   0  3.75 1.81
  297 A    -2  -8  -8 -10   2  -8  -9  -3  -9   0   5  -8   4   2  -9  -5  -2  -4  -7   1    4   0   0   0   4   0   0   3   0   5  54   0   9   8   0   1   3   0   0   8  1.32 0.70
  298 L     1  -6  -7  -7   2  -7  -7  -1  -8   3   3  -7   0   2  -5   0   2  -5  -6   2   10   0   0   0   4   0   0   5   0  13  25   0   2   7   1   7  10   0   0  13  0.62 0.40
  299 I    -1  -7  -8  -9  -2  -7  -8  -6  -9   6   2  -9  -1   0  -8  -4   0  -7  -7   5    6   0   0   0   1   0   0   1   0  32  15   0   2   4   0   2   6   0   0  31  1.26 0.66
  300 I    -6  -8  -7  -9  -4  -6 -10  -9 -10   7   1 -10   8  -5  -9  -6  -2 -10  -7  -1    1   0   0   0   0   1   0   0   0  45  12   0  31   1   0   1   3   0   0   5  2.17 1.03
  301 S     1  -8  -6  -6   4  -7  -7  -1  -7   4   1  -7   0   0  -7   2   2  -5  -6   2   11   0   0   0   7   0   0   6   0  18  11   0   2   4   0  16  12   0   0  13  0.66 0.44
  302 A    -1  -7  -8  -9   1  -7  -8  -1  -5   3   0  -8  -2   5  -6  -3  -1  -1   4   4    6   0   0   0   3   0   0   6   0  14   8   0   1  20   0   2   4   1  11  23  0.90 0.51
  303 C     1  -9  -5  -9   8  -8  -8  -7  -7  -1   2  -8   2   2  -7   0   2  -6  -4  -1   10   0   1   0  31   0   0   0   0   4  19   0   4   7   0   8  11   0   1   4  1.31 0.70
  304 Y    -9 -10  -5 -11  -3  -5 -11  -9   0  -9  -9 -10 -10  -4 -11  -6  -6  -6  10 -10    0   0   1   0   1   1   0   0   2   0   0   0   0   1   0   1   1   0  91   0  3.97 1.77
  305 A     1  -5  -6  -6   2  -5  -6   1  -4   2   0  -6   0   1  -6   2   2   3   2   1   12   0   0   0   4   1   0  10   0  11   8   0   2   7   0  13  12   3   6  11  0.44 0.34
  306 I    -1   4  -2  -6   2   0  -5  -2   1   0   2   2   1   2  -6  -1  -3  -4  -2  -2    4  22   2   0   3   4   1   3   4   5  18  10   4   7   0   5   1   0   1   3  0.46 0.32
  307 I    -6 -10  -8 -10  -6  -9 -10  -9  -8   8  -2 -10   4  -8  -9  -8  -2 -10  -8   2    1   0   0   0   0   0   0   0   0  68   4   0  10   0   0   0   3   0   0  12  2.40 1.09
  308 V     1  -6  -6  -7   2  -7  -6   2  -5   2   1  -6  -2   4  -6  -1  -3   3   2   2   13   0   0   0   4   0   0  13   0  12  12   0   1  14   0   5   2   3   7  12  0.58 0.37
  309 K    -2   4  -3  -6   1   1  -5  -4   2   1   1   2   0  -1  -6  -2  -2   2   1   0    4  23   2   0   3   5   1   1   4   9  12  11   2   3   0   3   2   3   4   7  0.47 0.33
  310 T     1   2  -2  -5  -2  -1   1  -5   2   0  -4   3  -4  -1  -6  -2   2  -7  -1   2   10  12   2   0   1   3   9   1   4   5   2  17   0   2   0   4  14   0   2  12  0.43 0.34
  311 I     1  -7  -7  -9  -6  -8  -8  -8  -8   3   5  -8   1  -5  -7  -6  -5  -6  -5   3   11   0   0   0   0   0   0   0   0  15  51   0   3   0   0   1   1   0   0  16  1.38 0.71
  312 W    -2   4  -2  -5   1  -1  -6  -5   2  -2  -1   2  -1   1  -6  -1  -4   9  -1  -3    4  20   3   1   2   3   1   1   4   3   6  10   1   5   0   5   1  25   3   2  1.11 0.61
  313 A     0   4   0  -2  -3   1  -2  -1   1  -2  -3   3  -1  -2  -5   0  -1  -3  -1  -3    9  23   5   3   1   6   3   5   3   3   3  16   2   2   1   8   5   0   2   2  0.42 0.30
  314 K    -2   4   1  -3   1   3  -3  -2   5  -3  -4   0  -2  -5  -4   2  -1  -4  -3  -1    4  17   5   2   3  11   1   4  12   2   2   6   1   1   1  17   4   0   1   5  0.55 0.37
  315 G     2   2   0  -1  -3   0   1   0  -1  -1  -1   0  -1  -3  -1   1   1  -3  -3  -1   15  11   4   3   0   4  10   6   1   3   5   7   2   1   3  11   7   0   1   5  0.14 0.14
  316 S    -1   0   0   0   2   0  -1  -1   2   0  -1   0   2   0   0  -1   0   3   1  -1    5   5   5   5   5   5   5   5   5   5   5   5   5   5   5   5   5   5   5   5  0.03 0.09
  317 I     0   1   0  -1   0   1  -1  -1   0   0   0   1   1  -1   2  -1  -1   1  -1  -1    6   7   5   3   2   6   4   4   3   6   8   9   3   3  10   5   4   2   2   5  0.06 0.09
  318 F    -1   0   0   0   2   0   0  -1   2   0  -1   0   2   1   0  -1   0   4   1  -1    5   5   5   5   5   5   5   5   5   5   5   5   5   5   5   5   5   5   5   5  0.09 0.08
  319 V    -1   0   0   0   2   0   0  -1   2   0  -1   0   2   1   0  -1   0   4   1  -1    5   5   5   5   5   5   5   5   5   5   5   5   5   5   5   5   5   5   5   5  0.09 0.08
  320 P    -1   0   0   0   2   0   0  -1   2   0  -1   0   2   1   0  -1   0   4   1  -1    5   5   5   5   5   5   5   5   5   5   5   5   5   5   5   5   5   5   5   5  0.09 0.08
  321 T    -1   0   0  -1   1   2  -1  -1   1  -1  -1   0   2  -1  -1   1   2   2   0  -1    5   5   4   4   3   8   5   6   3   4   5   6   4   3   4  11  11   2   3   4  0.08 0.10
  322 E    -1   0   0   0   2   0  -1  -1   2   0  -1   0   2   0   0  -1   0   3   1  -1    5   5   5   5   5   5   5   5   5   5   5   5   5   5   5   5   5   5   5   5  0.03 0.09
  323 R     0   1   1  -1   0   0   0  -1   1  -1  -1   1   0  -1  -1   1   0   1  -1  -1    7   9   6   4   2   5   5   5   3   5   5   9   3   2   4   9   6   2   2   5  0.02 0.07
  324 A     0   1   1  -1   0   2  -1  -1   1  -2  -3   1   0  -2   1   2   0   1  -1  -1    8   8   6   3   2   7   5   6   3   3   3   7   2   2   6  13   5   2   2   4  0.07 0.14
  325 G     0   1   1  -1   0   0  -1   0   1  -1  -1   0   2  -2  -1   1   0   0  -2  -2    7   7   7   3   2   5   5   8   4   3   5   6   5   2   3  12   5   1   2   3  0.04 0.10
  326 F    -1   2   2  -1   1   1   0  -1   1  -1  -1   0   0  -2  -1   1   0  -1  -1  -1    6  11   9   3   3   5   6   6   3   3   6   7   3   2   4   9   5   1   2   4  0.06 0.10
  327 G     0   1   2  -1   0   0   0   1   1  -2  -2   0   0  -2  -1   1  -1   0  -1   0    7   8   9   4   2   4   5  10   3   2   4   6   2   2   3  12   4   1   2   6  0.07 0.11
  328 A     0   1   1   0   0   1   0   0   1  -1  -1   0   0  -1  -1   1   0   0  -1  -2    9   8   6   5   2   6   6   8   3   3   6   6   3   2   4   9   6   1   2   3  0.03 0.06
  329 A     0   1   1  -1  -1   1   0   0   1  -1  -1   0   0  -2   0   1   0   1   0  -1    8   7   6   4   2   6   5   8   4   3   6   5   2   2   4  11   6   2   3   5  0.03 0.07
  330 P    -1   0   0   0   2   0  -1  -1   2   0  -1   0   2   0   0  -1   0   3   1  -1    5   5   5   5   5   5   5   5   5   5   5   5   5   5   5   5   5   5   5   5  0.03 0.09
  331 A    -1   2   0  -1   1   0   0  -1   1  -1  -1   0   1  -1   0   0   0   2   0  -1    5  10   5   4   3   4   5   6   4   4   5   6   4   3   5   7   6   3   3   5  0.01 0.06
  332 R    -1   0   0   0   1   0   0   0   1   0  -1   0   0   0   0   0   0   1   0  -1    5   6   5   4   4   5   5   6   4   5   7   5   3   4   5   8   6   2   3   4  -0.01 0.03
  333 R    -1   0   0   0   2   0  -1  -1   2   0  -1   0   2   0   0  -1   0   3   1  -1    5   5   5   5   5   5   5   5   5   5   5   5   5   5   5   5   5   5   5   5  0.03 0.09
  334 A    -1   0   0   0   2   0  -1  -1   2   0  -1   0   2   0   0  -1   0   3   1  -1    5   5   5   5   5   5   5   5   5   5   5   5   5   5   5   5   5   5   5   5  0.03 0.09
  335 S    -1   0   0   0   2   0  -1  -1   2   0  -1   0   2   0   0  -1   0   3   1  -1    5   5   5   5   5   5   5   5   5   5   5   5   5   5   5   5   5   5   5   5  0.03 0.09
  336 S    -1   1   1   0   1   1  -1  -1   1  -1  -2   0   1   0   0   1   0   2   0  -1    5   7   7   5   3   5   4   5   4   4   4   6   3   3   4   9   5   3   4   5  0.02 0.07
  337 R    -1   0   0   0   2   0  -1  -1   2   0  -1   0   2   0   0  -1   0   3   1  -1    5   5   5   5   5   5   5   5   5   5   5   5   5   5   5   5   5   5   5   5  0.03 0.09
  338 G    -1   2   1  -1   1   1   0   0   2  -1  -2   1   1  -1  -1   0  -1   2   0  -1    6  11   6   4   3   6   5   7   4   4   4   7   4   3   3   6   4   2   3   4  0.04 0.09
  339 I     0   2   0  -1   0   1   0  -2   1   0  -1   1   1  -1  -1   0  -1   1  -1   0    8  12   4   3   2   6   5   3   3   5   7   9   3   3   3   6   4   2   2   6  0.05 0.10
  340 I    -1   1   1  -1  -1   2  -1  -2   2   2   0   0   1  -1  -2   0  -1   0  -1   0    6   9   6   3   1  11   3   3   4  10   8   6   3   2   2   7   3   1   2   7  0.09 0.12
  341 P    -1   1   0  -2  -1   0  -1  -1   1   1   1   0   2  -1   0   0   1   0  -1   0    6   7   5   2   1   4   5   4   4   7  12   5   5   2   4   9   7   1   2   6  0.04 0.06
  342 R    -1   5  -1  -4  -1   2  -1  -3  -1  -3  -3   4  -1  -3  -3   1  -2  -1  -3  -1    5  24   4   1   1   7   4   3   2   2   3  20   1   1   2  11   2   1   1   4  0.59 0.45
  343 A     1   3   1  -1   1   1  -1  -2   1  -1  -2   0   1  -1  -1   1   0   2   0  -1   10  13   5   3   3   5   4   3   3   4   4   6   3   3   3  12   5   2   3   4  0.13 0.14
  344 K    -2   4   0   0   1   0   1  -2   1  -2  -3   3   1  -1  -2  -2  -1  -7   0  -1    4  18   4   5   3   4  10   3   4   3   4  16   3   3   3   4   4   0   3   4  0.32 0.24
  345 V    -1   0   0   0   2   0   0  -1   2   0  -1   0   2   1   0  -1   0   4   1  -1    5   5   5   5   5   5   5   5   5   5   5   5   5   5   5   5   5   5   5   5  0.09 0.08
  346 K    -1   0   0   0   2   0   0  -1   2   0  -1   0   2   1   0  -1   0   4   1  -1    5   5   5   5   5   5   5   5   5   5   5   5   5   5   5   5   5   5   5   5  0.09 0.08
  347 T     0  -1  -1  -1   1  -1  -6  -2   0   2  -1  -2   1   1  -2  -1   1  -7  -1   4    7   3   3   3   3   3   0   3   3   9   5   3   4   5   3   4   7   0   3  27  0.33 0.25
  348 V    -1   0   0  -2   2   0   0  -1   2   0  -1   0   1   1   0   0   0   3   1   0    5   5   5   0   5   5   5   5   5   5   5   5   5   5   5   5   5   5   5   5  0.07 0.11
  349 K    -1   3  -1  -3   1   0  -1  -2   1   0   0   3   0   0  -1  -1   0   2   0  -1    6  15   3   0   3   4   3   3   3   5   9  19   3   3   3   3   5   3   3   4  0.16 0.20
  350 M    -2  -2  -1  -5   0  -2  -2  -3  -5   2   2  -2   7  -1  -2  -2   2  -5  -1   1    2   3   3   0   2   2   2   2   0  10  15   2  27   2   2   3  12   0   2   8  0.62 0.46
  351 T    -1  -3  -3  -4  -1  -2  -3  -3  -4   1   4  -3   3  -1  -3  -1   0  -4  -2   2    5   1   1   0   2   1   2   2   0   8  39   2   7   3   1   5   6   0   1  15  0.45 0.34
  352 L     0  -2  -4  -4   0  -2  -4   0  -4   3   2  -2   2   3  -2  -1  -1   0  -1   2    8   2   0   0   2   1   0   8   0  17  18   2   5  12   2   4   3   1   2  13  0.27 0.23
  353 T     2  -2  -3  -4   1  -2  -3  -2  -4   3   0  -3   2  -1  -2  -1   1  -1  -1   3   19   3   1   0   4   1   1   2   0  15   9   1   4   2   2   5   9   1   2  19  0.28 0.26
  354 I    -2  -3  -3  -4  -1  -3  -3  -4  -1   4   0  -4   3   0  -2  -3  -1  -5  -2   5    2   1   1   1   1   1   2   1   2  23   9   1   8   3   2   1   4   0   1  35  0.71 0.45
  355 V    -1  -5  -3  -5  -1  -3  -5  -4  -5   3  -1  -3   2   1  -3  -1   0  -1  -2   5    5   0   1   0   1   1   0   1   0  13   5   2   6   7   1   5   5   1   1  44  0.71 0.49
  356 F     1  -3  -2  -3   0  -3  -3   0  -4   2   2  -2   0   0  -4   0   0  -2  -2   2   10   1   1   1   2   0   1   9   0  14  18   2   2   5   0   7   6   1   1  17  0.22 0.23
  357 V     2  -2  -3  -4   2  -3  -3  -3  -3   2   2  -4   1   1  -4  -1   0  -2  -3   3   15   2   1   0   5   1   1   2   1  12  19   0   3   5   0   3   7   1   0  21  0.33 0.30
  358 F    -5  -6  -5  -7  -2  -5  -7  -5  -2  -2  -3  -5  -3   9  -7  -4  -4   4   3  -4    1   0   1   0   1   1   0   1   1   2   2   1   1  69   0   1   1   5  10   1  2.13 1.02
  359 I     2  -4  -4  -4   0  -3  -4  -1  -3   2   1  -2   1   3  -2  -1   0  -1  -1   2   22   0   0   0   2   1   0   5   1  10  10   2   3  15   2   3   5   1   1  16  0.34 0.31
  360 I    -1  -3  -3  -5   2  -3  -5  -3  -3   4   3  -4   1   1  -5  -3  -2  -2   0   3    6   1   1   0   5   1   0   2   0  23  26   0   3   6   0   1   2   1   3  19  0.55 0.38
  361 C    -1  -3  -1  -2   9  -4  -2  -3  -5  -2  -1  -4   1   0  -2   2   0   0  -4  -2    5   2   4   2  41   0   3   2   0   2   6   0   3   4   2  17   5   2   0   2  1.08 0.59
  362 W    -2  -2   1  -2  -1   0  -2  -3  -1  -3  -2  -5   0  -1  -6  -3  -3  11   1  -2    3   2   6   2   1   4   2   2   1   2   3   0   2   2   0   2   2  55   3   3  2.05 0.90
  363 S     0  -2  -3  -4   0  -2  -2  -2  -3   1   3  -3   1   2  -2   0   1   0   0   0    7   2   0   0   2   2   2   3   0  10  28   0   4  11   2   6  11   1   3   3  0.20 0.23
  364 P    -3  -5  -2  -5   1  -5  -3  -3  -5  -2  -3  -5  -1  -2   8  -3  -2   1  -5  -5    2   0   2   0   3   0   2   3   0   2   3   0   2   2  68   2   2   2   0   0  1.79 0.89
  365 Y    -3  -2   0  -2  -2  -1  -3  -2   3   0   0  -2   0   4  -1  -1  -2   0   5  -2    2   2   5   2   1   3   1   3   7   4   8   3   2  19   4   4   2   1  23   3  0.46 0.37
  366 I    -2  -1   3  -3  -2   1  -2  -3   5  -1  -1  -3  -1   3  -3   0   0   2   2  -1    4   4  13   1   1   7   1   2  14   3   6   1   2  12   1   6   5   3   7   5  0.34 0.31
  367 I     0  -3  -2  -5   1  -3  -3  -3  -4   4   2  -2   0   0  -3  -1   1  -4  -2   3    7   1   2   0   3   1   2   2   0  23  15   2   2   3   1   4   7   0   1  20  0.36 0.30
  368 F    -1  -2  -2  -2   1  -2  -3  -2   0   2   1  -4   2   3  -3  -2   0   1   2   2    5   2   2   3   3   2   1   3   2  10  12   0   5  12   1   3   6   2   8  16  0.21 0.21
  369 D    -1  -1   3  -1  -1   1  -1  -2   2  -1   0  -1   1   1  -3   0   1   2   1  -1    4   4  16   3   1   6   3   2   4   3  10   3   4   5   1   6   7   3   6   5  0.12 0.18
  370 L    -2  -5  -4  -5  -1  -4  -4  -5  -6   3   4  -5   3   2  -4  -4  -2   1   0   2    3   1   1   1   1   1   1   1   0  12  37   1   6   8   1   2   3   2   3  13  0.66 0.44
  371 L    -1  -3  -2  -5   0  -4  -6  -5  -3   3   3  -4   2   0  -6  -3  -1   6   2   1    6   2   2   1   2   1   0   1   1  13  27   1   5   3   0   2   4  12   7   9  0.61 0.44
  372 Q     0   1   0   1  -2   1   0   0   0   0  -1   0   0   0  -2   0   0   0   1   0    7   8   5   8   1   6   4   8   2   6   6   4   2   5   1   6   6   1   6   5  0.01 0.06
  373 V     1  -1   0   1  -2  -2  -1  -3   0   1   0  -2   1  -1  -1   1   1   1   1   1   10   2   4  10   1   1   4   1   2   7   7   2   3   3   3  10   8   2   5  10  0.06 0.13
  374 F    -3  -5  -3  -4  -3  -4  -5  -4   0   0   1  -5   0   7  -5  -3  -2   3   4  -1    2   1   2   1   1   1   1   2   2   6  12   1   2  34   1   3   3   4  14   5  0.96 0.57
  375 G    -1   0   1   2   2   0  -1   2   1  -1  -2  -1  -1  -1  -2   1  -1   2  -1  -2    5   4   6  10   5   4   4  17   3   4   4   3   2   2   2   9   3   3   2   3  0.12 0.15
  376 Q    -2   0   1   2  -2   0   0  -1  -1  -3  -2   0  -2  -1   3   1   0   1   1  -1    3   5   6  10   1   4   5   6   2   2   5   6   1   3  14   9   5   2   5   4  0.13 0.17
  377 I    -1  -2   0   1   3  -1   0  -2   0   0   1  -1   0   1   0  -1   0  -1   1   0    4   2   5   7   6   2   7   3   2   6  12   3   2   7   5   6   6   1   4   6  0.04 0.07
  378 P    -1  -2  -1   0   1  -1   1  -1  -2   1  -2  -1  -1  -2   3   1   1   0   0  -2    6   2   3   4   3   3   9   5   1   6   4   3   1   2  16  11   7   1   3   3  0.17 0.21
  379 H    -1   0   1   1  -3   1   0  -2   1   0  -1   0   0   1  -1   0   0   0   1  -1    6   4   6   8   0   7   6   3   4   6   7   5   2   6   4   7   5   1   5   3  0.03 0.07
  380 S    -2  -2   0   0   2  -1   1  -2   2  -1  -3  -1  -1   0  -1   2   2   3  -1  -3    3   3   4   6   4   3   8   3   4   3   3   5   2   4   4  17  12   4   2   2  0.20 0.23
  381 Q    -2   1   0   1   1   2   1  -3   2  -2  -3   2  -1  -2   2   0  -1   2   1  -1    3   6   5   7   3   8   8   2   4   2   3  12   2   2   8   7   4   2   4   4  0.15 0.19
  382 T    -1  -1  -2  -3  -3   0  -2  -4   1   2   1  -2  -1   1  -1   0   1   2   2   2    6   4   2   1   1   4   3   2   3  11  13   2   2   5   4   6   9   3   7  12  0.17 0.15
  383 N    -3  -3   2  -1  -2  -3  -2  -3   2   0  -1  -4   0   2   3   1   1   1   3  -1    3   2   9   4   1   1   3   3   5   5   7   1   2   8  12  10   9   2   9   4  0.27 0.25
  384 I    -2  -1   0   1  -2   1   0  -3   2   1  -1  -2  -1   0   3  -1  -2  -1   3   0    4   3   5   7   1   6   5   3   5   7   7   2   2   5  12   5   3   1   8   7  0.15 0.16
  385 A     0  -2  -1  -2  -3  -1  -1  -2   0   2   1  -2  -1  -1  -1  -2   0   3   4   1    9   3   3   2   0   3   4   3   2  10  14   3   2   3   3   3   7   3  12   8  0.18 0.17
  386 I     1  -6  -7  -7  -1  -7  -7  -4   0   3   3  -7   1   2  -6  -5  -1   0  -2   3   12   0   0   0   1   0   0   2   2  15  24   0   3   9   1   1   4   1   2  20  0.74 0.45
  387 A    -2   0   0  -4  -4   0  -4  -4   1   0   0  -2   1   5  -6   0   1   3   4  -1    4   5   4   1   0   5   1   2   3   6   8   3   3  19   0   6   8   4  12   4  0.47 0.34
  388 T    -1  -3  -2  -1  -4  -1  -2  -5   0   3   1  -1   1   2   1   0   1  -1   2   0    5   2   2   4   0   4   3   1   2  14  12   5   3   9   6   6   7   1   6   7  0.18 0.17
  389 F     1  -8  -5 -10  -2  -9  -9  -1  -6   4   1  -7   0   4  -7  -3  -2   4  -3   3   11   0   1   0   1   0   0   5   0  19  13   0   2  15   0   2   3   5   1  19  0.83 0.51
  390 I     2  -6  -7  -7   5  -7  -7   0  -6   1   1  -6  -1   2  -1   2   2  -4  -5   0   16   1   0   0  11   0   0   7   0   8  11   0   2   8   3  14  12   0   0   6  0.60 0.43
  391 Q    -1  -1  -1  -5  -2   2   0  -1   6  -1  -1  -3  -1   3  -6  -1   0  -3   3  -1    5   3   3   1   1   9   5   5  17   3   7   2   2  11   1   5   7   0   7   5  0.49 0.36
  392 S    -2  -8  -4  -8   5  -7  -9  -6  -7   2   2  -8   0   1  -7  -1   0   9  -2   2    5   0   1   0   9   0   0   1   0   9  16   0   2   5   0   5   6  25   1  14  1.30 0.74
  393 L    -7 -11 -11 -11   2  -8 -11  -8  -4   3   5 -11   3   4  -8  -6  -5  -5  -6  -1    1   0   0   0   3   0   0   0   1  13  53   0   7  14   0   1   1   0   0   4  1.63 0.86
  394 A     5  -8  -6  -8   0  -7  -7   3  -4  -4  -4  -8  -2  -2  -3   1  -2  -4   0  -2   43   0   0   0   2   0   0  23   0   1   2   0   1   2   2  11   3   0   3   4  1.10 0.71
  395 P    -3  -8  -4  -8   0  -6 -10  -8   2  -3  -3   1   6   4  -4  -3  -6   0   8  -3    3   0   1   0   2   1   0   0   4   2   3   7  17  14   1   3   1   1  37   2  1.70 0.94
  396 L     3  -9  -9  -9   2  -9  -9  -5  -9   0   2  -9   1   2  -9   4   1  -9  -2   0   18   0   0   0   3   0   0   1   0   6  18   0   3   8   0  26   9   0   1   6  0.85 0.58
  397 N    -4  -4   8  -8  -4  -6 -10  -6   4  -9  -9  -6  -8  -8  -8   3  -5 -13  -6  -9    2   1  59   0   1   1   0   1   9   0   0   1   0   0   0  22   1   0   0   0  2.37 1.28
  398 S     1 -11  -4 -10   5 -10  -9  -7  -5  -5 -12 -10  -6  -6  -5   7   1  -6  -8  -4   10   0   1   0  10   0   0   1   0   1   0   0   0   0   1  64   9   0   0   2  2.03 1.19
  399 A     4  -9  -8 -11   9 -11 -11  -4 -11  -1  -4 -11   2  -3 -11   0  -1  -3  -8   1   26   0   0   0  40   0   0   2   0   4   3   0   5   1   0   6   5   0   0   9  1.94 0.99
  400 A     0 -10  -8 -10   2  -6 -10  -7  -3   4   2 -10   3   0  -8  -4  -3   2   4   3    7   0   0   0   4   1   0   1   1  20  19   0   6   4   0   2   2   3  12  18  0.97 0.53
  401 N   -10 -10   9  -3 -11 -10 -10 -10  -3 -11 -11  -6 -11 -11 -11  -6  -6 -11 -11 -11    0   0  94   2   0   0   0   0   1   0   0   1   0   0   0   1   1   0   0   0  3.76 1.72
  402 P    -6 -10 -10 -10  -5 -10 -10 -10 -10  -7 -11 -10 -10  -6   9  -7  -6 -11 -11  -5    1   0   0   0   0   0   0   0   0   0   0   0   0   1  93   1   1   0   0   1  3.58 1.75
  403 L    -6 -10 -10 -10   0 -10 -10  -8 -10   6   2 -10  -1   4  -7  -9  -6   2  -2   3    1   0   0   0   2   0   0   1   0  40  18   0   1  14   0   0   1   3   2  16  1.59 0.75
  404 I    -3 -10 -10  -8  -2 -10 -10 -10 -10   6   4 -10  -3  -4  -8  -7  -3  -5  -9   3    3   0   0   0   1   0   0   0   0  42  33   0   1   1   0   0   2   0   0  15  1.72 0.80
  405 Y   -10 -10 -10 -10  -3 -10 -10 -10  -4  -7  -3 -10 -10  -1 -10  -8  -8  -8  10  -6    0   0   0   0   1   0   0   0   0   0   4   0   0   3   0   0   0   0  89   1  3.89 1.68
  406 C     4  -8   2  -7   5  -7  -7   3  -3  -2  -3  -8  -2   0  -5  -1  -2  -3   1  -1   31   0   8   0  10   0   0  19   1   2   3   0   1   4   1   5   3   0   5   5  0.87 0.50
  407 L    -1  -8  -8  -8   1  -7  -9  -4  -6   3   2  -6  -1   6 -10  -5  -3   6   2   0    6   0   0   0   3   0   0   2   0  14  17   1   2  29   0   1   2  10   6   6  1.22 0.60
  408 F    -3  -1  -5 -10  -1  -5 -10  -8  -2  -1   3  -6   7   6  -9   0  -3  -3   0   0    3   3   1   0   1   1   0   0   1   4  23   1  20  23   0   7   2   0   3   7  1.17 0.61
  409 S    -7  -6   7  -3  -2  -7  -8   1   4  -5  -6  -6  -4  -8  -9   5  -2 -10   0  -8    0   1  39   2   1   0   0   9   8   1   1   1   1   0   0  31   3   0   3   0  1.62 0.90
  410 S    -2   2  -1   2  -5   1   2  -2   1  -2  -4   2  -4  -6   3   0   0  -5  -5  -3    4  10   3   9   0   7  13   4   3   2   2  13   1   0  12   7   5   0   1   2  0.37 0.30
  411 Q    -4   3   5   1  -5   0   0  -5   1  -7  -7   4  -6  -8  -6  -1  -2   2  -4  -5    2  12  22   7   0   5   7   1   3   0   1  25   0   0   0   6   3   3   1   1  0.94 0.57
  412 V    -8  -8  -8  -8  -6  -5 -10  -8  -5  -2  -2  -9  -4   9  -8  -8  -6  -7   4  -5    1   0   0   0   0   1   0   0   0   3   4   0   1  74   0   0   1   0  13   1  2.92 1.27
  413 F    -7   8  -4  -8  -1  -1  -7  -8  -4  -6  -6   2  -5  -5  -9  -6  -7  -4  -5  -6    0  79   1   0   1   3   0   0   1   1   1   9   0   1   0   1   0   0   1   1  2.65 1.25
  414 R     0   4   0  -1  -6   2   1  -4   0  -3  -4   4  -2  -6  -6  -1  -1  -5  -4  -3    8  22   4   3   0   8   8   1   2   2   2  23   1   0   0   5   4   0   1   2  0.65 0.44
  415 T     4  -3  -2  -1   0  -3   2   3   2  -5  -6  -3  -3  -5  -4   0  -1  -5   1  -3   32   2   2   3   2   1  13  18   4   1   1   2   1   0   1   7   3   0   5   2  0.65 0.45
  416 L    -6  -7  -6  -7   0  -7  -8  -7  -6   1   3  -7   0   8  -8  -5  -6  -3   2  -2    1   0   0   0   2   0   0   0   0   6  23   0   2  52   0   1   1   0   5   3  1.85 0.86
  417 S    -2   4   0  -4   0   1  -4  -4   0  -1  -1   5   0  -1  -5  -2  -2   1   0  -1    4  20   4   1   2   5   1   1   2   3   7  27   2   3   0   3   3   2   3   5  0.58 0.39
  418 R     0   4   0   0  -4   2   1  -3   1  -3  -3   3  -1  -4  -5   0  -2  -5   0  -3    7  20   5   4   1   9  10   2   3   2   3  18   2   1   1   6   2   0   4   2  0.49 0.35
  419 F     0  -2  -4  -6  -2  -3  -5  -5  -2   4   3  -1   2   1  -5  -3   1  -2   0   2    8   3   1   0   1   1   1   1   1  20  23   4   4   6   1   2   8   1   4  11  0.51 0.30
  420 P    -4  -4  -6  -6   3  -5  -6  -6  -3   2   4  -5   1   5  -2  -4  -5   0  -1   0    2   1   1   0   5   1   1   1   1  10  39   1   4  21   2   2   1   1   2   5  1.05 0.52
  421 P    -1   2  -2  -4   6   0  -4  -1   1  -2  -1   0  -1  -1   3   0   0  -1  -1  -3    5  12   2   1  14   4   1   6   3   2   6   6   1   3  15   7   6   1   2   2  0.41 0.28
  422 F    -2   2  -3  -3   8  -3  -4   0  -1  -1  -1  -1   0   3  -2   1  -2   3  -1  -3    3   9   2   2  26   2   1   7   2   3   7   4   2   9   2   8   2   4   2   2  0.82 0.39
  423 K    -2   3  -1  -3   4   0  -3  -1   2  -1   1   2  -1   0  -2   0  -1  -1  -2  -2    3  16   3   2   8   5   2   5   5   3  14  12   1   4   2   7   3   1   1   3  0.27 0.19
  424 W    -1   2  -2  -2   4  -1  -2  -1   0  -1   0   0  -2   1   1   0  -1   5   0  -1    6  12   2   2   9   3   2   4   2   4   8   6   1   6   7   7   3   8   3   5  0.28 0.18
  425 F    -1   1  -1  -3   5  -1  -3  -1  -1   0   1  -1   0   3  -1  -1  -2  -1  -1  -1    6   8   3   1  13   3   2   4   2   5  15   5   3  12   4   6   3   1   2   4  0.28 0.17
  426 T    -1   2  -1  -4   5  -1  -3  -1   0   0   0   0  -2   0   1   2   0   0  -1   0    4  12   3   1  10   2   1   4   2   5   8   6   1   4   8  13   6   2   2   6  0.24 0.18
  427 C    -1   2  -1  -3   8  -1  -2  -1   0  -1  -1  -1  -3  -1  -2   1  -2   2  -2  -2    5   9   3   2  28   3   3   5   2   4   7   5   1   3   2   9   3   2   2   3  0.72 0.37
  428 C    -1   2  -1  -3   8   0  -3  -1   1  -2   0  -2   0   0   0  -1  -2   1  -1  -1    6   9   3   2  23   5   2   6   3   2   9   3   2   3   5   5   3   2   2   5  0.56 0.31
  429 C    -1   2  -1  -3   6  -1  -2   1   0  -2  -1   0  -2   1   0   1  -1   0  -2  -3    6  11   3   2  15   3   3  10   2   3   6   5   1   5   5  12   4   1   1   2  0.38 0.25
  430 K    -3   4  -1  -4   0   0  -2   1   1  -2  -3   3  -3  -2   2   0   0  -1  -2  -2    3  18   3   1   2   4   3   9   3   3   3  17   1   2   9   6   6   1   2   4  0.37 0.27
  431 S    -1   2   1  -1   1  -1  -2   0   1  -2  -2   1  -2  -2   1   3   1  -2  -1  -2    5  12   6   3   3   3   2   8   3   3   5   7   1   2   6  18   7   1   2   3  0.20 0.19
  432 Y    -1   2   0   0  -3  -1   0  -1   1  -1  -1   1  -1   1   1   1  -1   0   1  -1    4  10   4   6   1   3   7   5   4   3   5  10   2   6   6  10   4   1   5   4  0.10 0.10
  433 R    -2   5  -1   0  -2   0   0   0   0  -4  -3   1  -3  -4   1   1  -1  -1   0  -2    3  23   3   5   1   4   6   6   2   1   4   8   1   1   8  10   5   1   4   4  0.35 0.28
  434 N    -1   2   2   0  -3   1   0   0   2  -2  -2   0  -2  -1   0   1   0  -3  -3  -1    5  11  10   6   1   5   5   6   5   3   5   6   1   3   4  11   7   1   1   4  0.17 0.15
  435 N     0   2   2   0  -3  -1  -1   0   0  -1  -1  -1   0  -2   0   2   0  -4  -1  -2    7  12   8   5   1   3   5   9   3   4   7   4   2   2   5  14   5   0   2   3  0.13 0.13
  436 S     0   2   0  -1  -3  -1  -1  -1   2  -3  -2  -3  -1  -1   0   4   2  -5  -1  -3    8   9   4   4   1   3   4   5   4   2   4   2   2   3   5  24  10   0   3   2  0.31 0.27
  437 Q     0   2   0   0  -2   2   1  -2   1  -3  -1   0   0  -2   0   1   1  -5  -1  -2    6  10   5   6   1   8   8   4   3   2   7   6   2   2   5  11   7   0   3   3  0.13 0.15
  438 Q     0   2   0   0  -4   1   0  -1   1  -2   0  -1   1  -3  -1   2   1  -3   0  -1    6  11   5   6   0   7   6   4   3   3   9   4   3   1   3  13   9   0   3   4  0.13 0.14
  439 N    -1   1   2   0  -2   1  -1  -1   1  -2  -1  -2   0  -2  -2   3   1  -3  -1  -3    5   9  10   5   1   6   4   6   3   3   6   2   2   2   2  21   9   1   2   2  0.26 0.24
  440 R    -2   4  -1   0  -2  -1  -1  -1   2  -3  -1   0  -1  -4  -2   2   0  -2  -2  -2    3  22   3   5   1   3   4   6   5   2   7   6   2   1   3  16   7   1   1   4  0.33 0.27
  441 C    -1   1   0  -2   2  -1   0  -1  -1  -2  -1  -2   1  -1   0   2   2  -7   0  -1    5   8   5   3   4   2   5   5   1   2   6   3   4   3   4  17  14   0   3   4  0.19 0.19
  442 H    -1   2   1  -1  -4  -1  -1  -1   4  -5  -4  -2  -1  -3  -3   3   2  -1   2  -3    5  10   6   3   0   3   4   4   7   1   2   3   1   1   2  22  12   1   7   2  0.43 0.34
  443 T    -1   0  -1  -4   0  -3  -3  -2   0  -3  -3  -3   0   0   0   4   4  -5  -3   0    5   6   3   1   2   1   2   3   3   2   4   2   2   4   4  27  21   0   1   6  0.54 0.41
  444 V     0   0   0  -3  -2   0  -2  -1  -1   0   0  -1   1   0  -2   2   2  -2   0   1    6   5   4   2   1   3   3   5   2   5   9   3   4   4   3  16  13   0   3   9  0.13 0.14
  445 G    -1   1   0  -3   0  -2  -2   1   2  -2  -3  -3  -1   1   0   3   2  -3   0  -3    5   7   4   2   2   2   3  12   4   3   3   2   1   5   5  22  13   0   3   2  0.32 0.28
  446 R    -2   4   0  -3  -2  -2  -3  -1   0  -2  -2  -1   1  -1  -2   2   3  -1  -2  -2    3  23   4   2   1   2   2   5   2   3   5   4   3   2   2  15  15   1   2   3  0.43 0.33
  447 R    -1   5   1  -2  -5  -1  -1  -3   1  -4  -4   0  -1  -2  -2   3   1  -8  -2  -3    5  24   6   3   0   3   4   2   3   1   2   5   2   2   3  21   9   0   2   2  0.55 0.40
  448 L    -1   1   0  -1  -1   0   0  -1   0  -1   0  -1   1   0  -1   1   2  -1   0   0    5   8   4   3   1   4   5   4   3   4   9   3   4   3   4   9  13   1   4   7  0.08 0.10
  449 H    -1   2   1   0  -3   2   0  -1   5  -2  -2  -1   0  -2  -3   2   1  -3   0  -2    6   9   7   5   1   9   6   4  11   2   4   4   2   2   2  13   7   1   4   4  0.28 0.23
  450 N    -1   3   3  -1  -3   1  -3  -2   2  -3  -2   0  -3  -2  -4   2   3  -6  -1  -3    4  12  14   4   1   7   2   4   4   2   4   6   1   2   1  14  14   0   2   3  0.39 0.31
  451 S    -3   2   1  -1   0  -2   0  -1   1  -2  -3  -2  -3  -4  -2   4   2  -8  -4  -2    2  12   7   4   2   2   5   5   3   2   4   3   1   1   3  28  12   0   1   3  0.47 0.37
  452 C     0   1   1  -2   4  -2  -2  -2  -2   0  -1  -1   0  -2   0   2   3  -4  -1  -1    8   6   6   3   8   2   2   3   1   5   6   4   2   2   4  15  14   0   3   5  0.23 0.20
  453 D    -3   0   2   1  -1  -2  -1  -1   2  -4  -2  -1   0  -1  -1   3   2  -5  -2  -1    2   6   9   8   1   2   4   5   5   1   5   4   3   3   4  22  11   0   1   5  0.29 0.26
  454 S    -2   2   0  -4  -5  -2  -2  -1   1  -4  -5  -2  -1  -3  -2   5   2  -5  -3  -3    4  10   5   1   0   2   3   6   4   2   1   3   2   2   3  36  13   0   1   3  0.70 0.50
  455 M    -1   1   2  -2   0   0  -1  -3   1  -1   0  -1   5   0  -2   2   0  -4  -3   0    4   7  10   3   2   4   4   2   3   4  10   4  11   3   3  14   6   0   1   7  0.23 0.19
  456 R    -2   5   2  -2  -2   1   0  -1   1  -3  -3   0  -4  -3  -2   1   0  -5   0  -1    4  25  10   3   1   6   6   5   3   2   3   6   1   1   2   8   5   0   4   4  0.42 0.30
  457 T    -2   2   1  -2  -3   0  -3  -3  -1  -2  -2  -2  -8  -6  -1   3   5  -6  -4  -2    4  10   7   3   1   4   2   3   2   3   5   3   0   0   3  20  26   0   1   3  0.60 0.43
  458 L    -2   2   1  -2   0   0   0  -1   1  -1   1  -1   1  -1   0   1   1  -3   0   0    3  10   6   2   2   4   6   4   3   3  12   4   4   3   5  11   7   0   3   7  0.08 0.09
  459 T    -1   3   1  -1  -3   1  -2  -2   0  -2  -3  -1  -1  -5  -1   2   3  -4  -1  -1    5  13   7   4   1   6   3   3   2   3   3   4   2   0   4  15  18   0   3   4  0.32 0.27
  460 T    -3   0   1  -2  -3  -2   1  -2  -1  -2  -1  -2  -2  -5  -1   2   5  -6  -2  -2    2   6   6   3   1   2   8   3   2   3   7   3   1   1   4  16  27   0   1   4  0.47 0.36
  461 S    -1   0   1  -4  -3   1  -3  -3   2  -5  -3  -2  -2  -2  -3   5   3  -5  -1  -5    5   5   6   1   1   5   2   2   4   1   3   3   1   2   2  39  14   0   2   1  0.78 0.52
  462 L    -1   0  -1  -3   0  -2  -3  -3   2   1   2  -2   2   1  -1   1   1   1   0   1    4   6   3   1   2   2   2   2   4   8  16   3   5   5   3  11   8   2   4  11  0.17 0.13
  463 T    -2   1   2  -1  -3  -1  -2  -3   1   1  -2  -3  -1  -3  -2   3   3  -5  -2  -1    3   7   9   4   1   3   3   2   3   7   5   2   2   1   3  22  16   0   2   4  0.38 0.30
  464 V    -1   0   0  -3   0   0  -2   0   0   1   0  -2   2  -1   0   1   1  -2  -1   2    5   6   4   1   2   4   2   6   2   8   9   2   5   2   5  12   8   1   2  13  0.11 0.11
  465 S    -1   2   2  -1  -4  -1   0   0  -2  -2  -3  -2  -1  -2  -1   4   1   2  -1  -3    5  10   9   4   1   2   5   6   1   2   3   3   2   2   3  25   9   3   2   2  0.36 0.29
  466 R    -4   6   2  -3  -2   0  -2  -3   3  -2  -4   1  -2  -2  -1   1   1  -3  -5  -5    2  33   8   2   1   5   3   2   5   2   2   9   1   2   4   9   7   0   0   1  0.74 0.45
  467 R    -4   6   2   1   0   2  -3  -3   2  -4  -2   2  -4  -5  -2  -2  -2 -10  -4  -6    2  34  10   6   2   8   2   3   4   2   5  10   1   1   3   4   3   0   1   1  0.84 0.49
  468 S    -2   2   1  -2  -2   0  -2  -3   1  -6  -6  -1  -4  -6   0   5   2  -4   0  -5    3   9   7   3   1   4   3   3   3   1   1   4   0   1   6  38  10   0   4   1  0.75 0.50
  469 T    -1   0   2  -2   1   1  -4  -2   2  -1  -2  -3  -2  -4  -1   3   3  -8  -4  -2    5   5  10   3   2   7   1   3   5   3   5   2   1   1   4  21  19   0   1   3  0.44 0.34
  470 N    -1   2   4  -1  -3   1  -1  -1   2  -4  -2  -1  -1  -7  -4   4   0  -8  -5  -5    4  11  17   3   1   7   4   6   4   1   4   4   1   0   1  24   6   0   0   1  0.54 0.39
  471 K    -2   4   1   0  -3   0   1  -2   0  -2  -3   2  -2  -5  -2   3  -1  -7  -3  -4    3  18   7   4   1   4  10   4   2   3   3  13   1   0   2  18   4   0   1   1  0.43 0.33
  472 T    -1   1   0   0  -1  -1  -1  -2   2  -3  -1  -2   0  -1   1   3   3  -6  -1  -3    4   7   4   4   2   3   4   3   4   2   6   2   3   2   8  20  17   0   2   2  0.29 0.27
  473 N    -3  -2   5   0  -2   2  -3   1  -1  -5  -6   1   1  -4  -2   3   0  -8  -7  -3    2   2  26   5   1   9   2   9   1   1   1   7   3   1   3  22   5   0   0   2  0.71 0.48
  474 A     0   0   0  -2   1   2  -1  -1   0   0  -2   1  -1  -3  -1   3   1  -6  -5  -1    9   6   4   2   3   9   4   5   2   6   3   7   2   1   3  22   9   0   0   4  0.22 0.23
  475 R    -4   5   1  -1  -4   1   2  -5   2  -5  -3   1   1  -7  -1   2   1  -7  -5  -5    1  26   5   3   0   7  12   1   4   1   3   7   3   0   3  14   9   0   0   0  0.63 0.44
  476 V    -2   0   0  -1   0  -1  -1  -3   0   1   1  -1   2  -1   0   0   1  -5  -3   3    2   5   4   3   2   3   4   2   2   7  15   4   4   2   4   9  10   0   1  18  0.16 0.16
  477 V    -1   0   0  -1  -2   0   1  -3   0   0   0  -1  -1   0   0   2   0  -5  -2   1    4   6   5   3   1   4  11   2   2   6  10   3   1   4   4  15   6   0   1  12  0.10 0.14
  478 I    -2  -3   2  -2  -3   0  -3  -2   1   3   1  -1   2  -2  -4   2   0  -6  -4   1    3   1   9   2   0   4   1   3   4  17  14   3   6   2   1  16   5   0   0   8  0.30 0.25
  479 C    -1  -2   0  -3   6  -1   0   0  -3   1   0  -1  -1  -3   1   1   0  -3  -4   0    4   2   5   1  16   3   7   6   0   8   9   4   1   1   7  11   6   0   0   7  0.28 0.22
  480 E    -1   0   2  -1  -3   0   3  -3   3   0  -1   0   0  -4  -1   1   0   3  -4  -1    4   5  10   2   1   3  17   2   8   6   7   4   2   0   3  10   7   4   0   4  0.24 0.23
  481 R    -1   4   1  -2  -6   4   0  -3   0  -4  -2   1  -1  -5  -2   0   0  -2  -1  -2    4  23   7   2   0  16   5   2   3   1   5   8   2   0   2   6   7   1   2   3  0.47 0.35
  482 P    -3   1   1   2  -4  -1   3  -4  -1  -4  -5  -1  -3  -8   5  -1   1  -8  -7  -3    2   7   8  10   1   2  17   1   2   1   1   4   1   0  29   5   7   0   0   2  0.76 0.49
  483 T    -2   0   1  -1  -1  -4  -2  -3  -1  -2  -1   1  -1  -7  -5   2   5  -3  -3  -2    3   4   8   4   1   0   3   2   1   3   5   7   2   0   0  14  39   0   1   3  0.68 0.48
  484 K    -2   2   2   0  -6   1   2  -3  -1  -2  -4   0  -2  -6   1   2   2  -7  -5  -1    3  10  11   4   0   5  13   2   1   2   2   6   1   0   7  16  12   0   0   5  0.35 0.31
  485 V     2  -2  -2  -4   1  -2  -1  -4  -5   3   0  -3   0  -4  -1   1   1  -6  -1   2   16   2   2   1   3   2   4   1   0  19  10   1   3   0   3  11   8   0   2  13  0.31 0.26
  486 V     0  -5  -1  -3  -5  -2  -3  -4  -3   1   1  -2  -2  -4  -2   3   4  -3  -4   1    7   0   3   1   0   2   1   1   1   9  14   3   1   1   2  20  25   0   1   9  0.47 0.37
  487 T     1  -5   1  -2  -3  -3  -2  -3   1   1  -1  -3   1  -2   0   2   4  -6  -5  -1   13   0   7   2   0   1   2   2   4   8   6   1   3   1   5  14  28   0   0   4  0.42 0.35
  488 V     1  -2  -3  -4   0  -1  -1  -1   0   1   1  -1   1  -1   0   0   1  -3  -3   2   10   2   1   0   2   2   4   4   2   7  15   4   4   2   5   7  10   0   0  19  0.15 0.16
  489 P    -3  -5   2  -3  -6   0  -2  -3  -5  -3  -4  -2  -1  -6   6   3   0   4  -3  -6    2   0   9   1   0   4   3   1   0   2   2   3   2   0  39  21   5   6   1   0  1.06 0.58
  490 A     2  -3   3   0  -1   0  -1   1   0  -1  -3  -2   0  -5  -1   2   0  -5  -4  -2   16   1  17   4   1   3   4  12   2   4   2   2   2   0   2  19   5   0   0   3  0.32 0.26
  491 M     1  -2  -2  -2  -2   0  -2   1   0   2   0  -3   4  -3  -1   0   0  -5  -4   3   10   2   1   2   1   4   2  11   2  11   8   1  11   0   3   6   6   0   0  21  0.23 0.21
  492 S     1   1   3  -3  -2   0  -3   1   1  -2  -5  -3  -4  -4  -2   4   2  -6  -5  -4    9   7  14   1   1   3   1   9   3   3   1   0   0   1   2  37  10   0   0   1  0.58 0.41
  493 E    -4   1  -2  -2  -6   4   5  -5   3  -6  -5   0  -5  -5  -4   3  -2  -5   1  -5    0   7   1   1   0  17  33   0   8   0   0   5   0   0   0  21   1   0   5   0  0.87 0.50
  494 R    -3   5  -1   3  -6   3   0  -3  -3  -6  -5   2  -4  -6  -4  -2  -1  -6  -5  -5    1  39   2  20   0  15   4   1   0   0   0  12   0   0   0   2   3   0   0   0  0.98 0.46
  495 V    -2  -4  -5  -5  -3  -4  -5  -5  -5   5   1  -4   2  -2  -4  -4  -2  -4  -3   4    0   0   0   0   0   0   0   0   0  46  10   0   5   0   0   0   0   0   0  39  0.94 0.31

                      K         Lambda
Standard Ungapped    0.1330     0.3241
Standard Gapped      0.0481     0.2670
PSI Ungapped         0.1571     0.3177
PSI Gapped           0.0481     0.2670
