
Last position-specific scoring matrix computed, weighted observed percentages rounded down, information per position, and relative weight of gapless real matches to pseudocounts
            A   R   N   D   C   Q   E   G   H   I   L   K   M   F   P   S   T   W   Y   V   A   R   N   D   C   Q   E   G   H   I   L   K   M   F   P   S   T   W   Y   V
    1 M    -2  -3  -4  -5  -3  -2  -3  -4  -3   1   3  -3   8  -1  -4  -3  -2  -3  -2   0    0   0   0   0   0   0   0   0   0   5  25   0  69   0   0   0   0   0   0   0  1.00 0.22
    2 A     1   1  -2  -2  -2  -1   1  -2   1   1   1  -1   1  -2  -2   1  -1  -3  -2   0   19  12   0   0   0   0  13   0   4  11  19   0   6   0   0  13   1   0   0   3  0.11 0.07
    3 S     1  -1  -1   1  -2   3   2  -1  -2  -3  -3  -1  -2  -4   0   3   2  -4  -3  -2   10   0   0  10   0  16  11   3   0   0   0   0   0   0   3  34  12   0   0   0  0.38 0.14
    4 L    -2   0  -3  -3  -2   0  -3  -4  -3   2   3  -2   2  -1  -3  -1   1  -3  -2   1    0   7   0   0   0   4   0   0   0  16  41   0   7   0   0   6  10   0   0   9  0.32 0.14
    5 R    -2   4  -1   0  -4   3   1  -3  -2   1  -1   2  -2  -3  -2  -1   0  -4  -3  -1    2  36   1   4   0  17   6   0   0  11   4  10   0   0   1   1   5   0   0   2  0.42 0.18
    6 L    -1   4   0  -3  -3   1  -2  -4  -2   0   2  -1   1   0   0  -1   0  -3  -2  -1    4  30   4   0   0   9   0   0   0   4  23   0   3   6   4   2   7   0   0   4  0.29 0.18
    7 F    -2   0  -3  -2  -3  -2  -1  -3   1   1   2   2   0   3  -2  -2  -2   0   1   1    2   3   0   1   0   0   2   0   5  12  22  22   1  14   1   1   1   1   3   8  0.20 0.14
    8 S     3   0   1  -2   0  -1   1  -2  -1  -2  -2   0  -2  -4  -1   2   2  -4  -3  -1   28   3   9   0   2   0  12   0   1   1   2   7   0   0   2  17  13   0   0   4  0.30 0.19
    9 T     3  -2  -2  -2   1  -2  -1   1  -3   1   0  -1  -2  -3   1   1   0  -4  -3   0   34   2   1   1   3   0   5   9   0   8   8   1   0   0   6  10   6   0   0   7  0.22 0.16
   10 N    -1  -1   3   2  -4   2   4  -1   0  -3  -2   0  -3   0   0   0  -1  -4  -3  -3    2   2  14  12   0   8  30   4   2   1   3   3   0   5   4   6   2   0   0   1  0.38 0.20
   11 H     0   1  -1   0   2   0   2  -1   3  -3  -2   2  -2  -3   1  -1  -1  -3   1  -2    6  10   1   6   5   3  14   4  10   1   2  14   0   0   8   2   3   0   7   2  0.22 0.14
   12 Q     2   2   0  -1  -3   2   1   0  -1  -2  -3   1  -2  -2   1   0   0  -4  -3  -2   22  10   5   2   0  14   8   5   1   2   1  10   0   1   7   5   4   0   0   2  0.24 0.15
   13 S     1   0   0  -1  -2   1  -2  -1  -1   0   0  -1  -1  -3   2   0   0  -4  -2   2   17   4   5   2   0   7   0   4   1   5   7   1   0   0  12   8   4   0   1  19  0.16 0.13
   14 L     1  -1   0  -1  -2  -1   1  -2  -1   0   1  -1   0  -2  -1   2   0  -3  -2   0   14   3   4   2   0   1  11   1   1   7  21   2   1   0   3  19   6   0   0   4  0.12 0.12
   15 L     2  -1  -1  -2  -2  -1  -2  -1  -2   0   2  -1   0   1  -2   0   0  -3  -1   0   21   4   2   1   0   3   2   4   0   4  29   1   1   6   1   9   7   0   1   6  0.14 0.14
   16 L    -2  -2  -3  -4  -3  -1  -2  -4  -3   2   4  -2   2  -2  -3  -2   1  -4  -3   1    2   2   1   0   0   2   2   1   0   9  52   1   4   0   1   2   8   0   0  11  0.56 0.28
   17 P    -1   1  -4   0  -6  -1  -2  -3  -4  -6  -5  -3  -6  -7   8  -1  -4  -7  -6  -5    5   9   0   5   0   3   2   2   0   0   0   1   0   0  66   4   0   0   0   0  1.75 0.61
   18 S     1   0  -2  -1  -4  -2  -1   5  -2  -4  -3  -1  -4  -1  -3   1  -2  -5  -3  -3   11   4   1   3   0   1   3  52   1   0   2   3   0   3   1  11   1   0   1   2  0.74 0.34
   19 S     1  -3  -2  -2  -1   0  -1  -3  -3   1   0  -1   0  -3   1   0   0  -4  -3   4   11   1   1   1   1   4   4   2   0   5   6   4   1   0   8   6   4   0   0  40  0.34 0.24
   20 L     0   0  -1   0  -2   0   0  -1  -1   0   1  -1   1   0  -1   1   1  -3  -2   1    4   5   3   4   0   4   7   4   2   5  17   2   4   4   2  10  13   0   0  10  0.05 0.08
   21 S     1   0   0   0  -3   0   0   0  -2  -3  -2   1  -3  -4   1   3   1  -4  -3  -2    8   6   3   6   0   3   6   6   1   1   5   8   0   0   6  31   8   0   0   2  0.28 0.21
   22 Q     2   2  -2   0  -2   1  -1  -1  -3   0  -1  -1  -2  -2  -1   0  -1  -4  -3   3   21  11   1   5   1   6   3   4   0   3   3   2   0   1   2   6   1   0   0  28  0.24 0.21
   23 K     1   1  -1  -1  -3   1   0  -1  -2  -2  -2   2  -2  -3   0   2   2  -3  -2   0   13   7   1   3   0   6   4   3   0   2   3  12   0   1   4  18  16   0   1   6  0.21 0.18
   24 T     2  -1  -1  -1  -2   0   1  -2  -1   0  -1  -1   1  -3   0   1   1  -4  -3   2   22   3   2   2   0   3   9   1   1   4   4   4   4   0   4  10   9   0   0  17  0.16 0.16
   25 L    -1  -1  -2  -3  -3  -1  -1  -2  -3   1   2  -1   0  -1  -1  -1   0  -4  -3   4    4   3   1   1   0   3   3   2   0   6  18   3   2   2   3   3   7   0   0  36  0.30 0.21
   26 I     0  -2  -4  -4  -1  -2  -2  -2  -3   2   4  -2   2  -1  -1  -1  -1  -4  -2   1   10   2   0   0   1   1   2   2   1  11  41   2   6   2   3   4   4   0   1   7  0.35 0.22
   27 S     0   0  -2  -1  -3  -2  -1   0  -2  -3  -2  -2  -2  -2   0   2   5  -4  -2  -1    6   6   1   4   0   1   4   8   1   0   4   1   1   2   5  15  37   0   1   3  0.42 0.29
   28 S     4  -1   0  -2  -3   0  -1   1  -1  -3  -3   1  -3  -3  -2   2   1  -4  -3  -2   41   2   3   2   0   3   2   9   1   1   1   7   0   1   1  13  10   0   0   2  0.45 0.29
   29 P     0  -1  -2  -2  -4  -1   2  -3   6  -2  -2  -1  -1  -4   5   0  -1  -5  -3  -1    9   3   1   1   0   2  13   1  19   3   4   3   2   0  26   5   4   0   0   4  0.62 0.32
   30 R     0   6   0  -1  -5   2   0  -1  -2  -3  -4   1  -4  -4  -1   0  -2  -3  -4  -2    8  44   4   3   0   7   5   4   0   1   1   5   0   0   3   8   2   0   0   3  0.67 0.35
   31 F     1   0  -1  -1  -2   0  -1   0   0   0  -2   0   0   1   2   0   0  -1   0  -1   14   6   1   3   0   4   2   7   2   6   2   7   3   8  13   9   4   1   2   4  0.11 0.10
   32 V     1  -1  -2  -3  -3   0  -2  -2  -2   0   0   0   2  -1   2   0   1  -4  -2   3   13   2   1   1   0   4   1   2   1   5   6   6   6   2  12   6   8   0   0  24  0.23 0.19
   33 N     1   0   2  -1  -3   0  -1  -2  -1  -2  -2   1   5  -3   1   0   1  -5  -3  -1   11   6  12   3   0   3   3   3   2   1   2   7  20   1   6   7   7   0   0   5  0.31 0.27
   34 N     0   0   2   0  -4   2   0   0   1  -1  -3   0  -2  -3   2   1   0  -3  -2  -1    6   5  10   5   0  10   6   6   3   4   2   5   1   1  12  12   7   0   1   3  0.20 0.16
   35 P     2  -2  -1  -1  -4   1   0  -3  -1  -3  -2   2  -3  -3   5   0  -2  -6  -3  -2   15   1   2   4   0   7   5   1   1   1   3  14   1   1  30   6   2   0   1   4  0.59 0.36
   36 S     0  -2  -1   7  -7  -1   1  -3  -2  -5  -5  -3  -5  -6   1   0  -1  -7  -5  -4    7   2   3  52   0   2   8   2   1   1   1   1   0   0   7   7   3   0   0   1  1.13 0.58
   37 R    -2   1  -1  -2  -6   8  -2  -4  -3  -5  -4   0  -3  -6  -1  -2  -3  -4  -6  -3    4   7   3   2   0  62   2   2   1   1   2   5   1   0   4   3   2   0   0   2  1.57 0.79
   38 R     6   3  -3  -4  -5  -1  -3  -2  -2  -5  -3  -1  -3  -6   1  -2  -2  -7  -5  -2   56  13   1   1   0   2   2   2   1   0   3   4   0   0   7   2   2   0   0   3  1.01 0.57
   39 S     2   0  -2  -1  -5   3   3  -2  -1  -4  -2   0  -3  -4   0   2   0  -4  -4  -3   16   4   2   3   0  12  21   2   1   1   4   5   0   0   5  13   6   0   0   2  0.38 0.31
   40 P     1   1   1  -2  -3   2   0   0  -1  -3  -3   2  -3  -5   3   1   1  -4  -4  -3   14   8   6   2   1   8   6   7   1   1   2  11   0   0  13   9   9   0   0   1  0.30 0.24
   41 I    -1  -3  -4  -4  -4  -2  -4  -4  -2   1   5  -3   0  -3   0  -3  -2  -6  -5   1    6   1   1   1   0   2   1   2   1   7  55   2   2   0   4   2   2   0   0  11  0.82 0.43
   42 R    -1   7  -3  -4  -5   1  -2  -5   1  -3  -4   0  -3  -6  -2   0  -3  -7  -6  -3    5  60   1   1   0   5   2   1   3   2   2   5   1   0   3   7   2   0   0   2  1.39 0.65
   43 S     1   1   2  -1  -4   2   2  -1   1  -4  -3   1  -2  -5  -1   2   0  -5  -3  -3   13   7  11   3   0   8  11   3   3   1   2   9   1   0   3  16   5   0   1   2  0.30 0.24
   44 V     1   0  -3  -3  -3   0  -2  -2  -2   2   2   0   3  -2  -1  -1   0  -3  -2   1   12   4   1   1   0   3   2   2   1  10  21   7   8   1   2   5   5   0   1  11  0.19 0.17
   45 L     1  -2  -2  -3  -3  -1  -2  -2   0   2   2  -2   4  -1   0  -2  -1  -4  -3   2   12   1   2   1   0   3   2   2   2  10  20   2  10   3   6   2   3   0   1  18  0.29 0.21
   46 Q     0   3   0  -2  -5   5   1  -1  -1  -4  -4   2  -2  -5  -1   0  -1  -4  -4  -4    7  14   3   2   0  29   8   4   1   1   1  13   1   0   3   6   4   0   0   1  0.66 0.40
   47 F     1   0   0   0  -3   1   0   1  -1  -2  -1   1   0  -1   0   0   0   3   0  -1   11   5   5   4   0   9   7  10   1   2   6   8   3   2   5   7   4   5   3   3  0.10 0.10
   48 N     0   1   4   0  -4   3   0   0   0  -3  -2   1  -2  -3   0   0   0  -5  -3  -3    6   9  21   5   0  12   5   6   2   2   3   6   1   1   5   8   5   0   1   2  0.32 0.23
   49 R    -1   5   1  -1  -5   2   0  -1   0  -3  -2   2  -2  -4   0   0  -1  -4  -3  -2    6  28   6   3   0   8   6   5   3   1   4  13   1   1   5   6   3   0   1   3  0.42 0.27
   50 K     0   1   0  -1  -4   2   1   1   0  -2  -2   4   0  -3  -1  -1  -1  -3  -3  -2    7   8   5   2   0   8   7  12   3   3   4  24   3   1   3   5   4   0   0   2  0.27 0.20
   51 P     0   0   0  -1  -4   0   0  -2  -1  -2  -3   1  -2  -4   6  -1  -1  -5  -4   0    9   4   4   3   0   4   7   4   1   2   3   7   1   1  35   5   3   0   0   6  0.62 0.34
   52 E     0   1   0   0  -4   4   3  -1   0  -3  -3   2  -2  -3   1   0  -1  -3  -2  -3    8   6   4   4   0  17  19   4   2   1   3  11   1   1   6   6   4   0   1   2  0.34 0.24
   53 L     0   0   0  -1  -2   0  -1  -1  -1   0   2   0   2  -2   1   0  -1  -3  -2   0   10   4   5   2   0   5   3   4   1   5  21   7   6   1   6   6   4   0   1   7  0.08 0.09
   54 A     2   0   0  -2  -3   0   0  -1  -1   0   0   0   0  -2   1   1   0  -3  -2   0   20   4   4   2   0   4   5   5   1   6  10   6   3   1   8   9   5   0   1   6  0.11 0.11
   55 G     1  -1   1  -1  -4  -1  -1   3  -2  -4  -4   1  -3  -3   3   1  -1  -4  -4  -3   11   4   7   3   0   3   4  23   1   1   2   9   1   1  16   8   4   0   0   2  0.41 0.26
   56 E    -2   2   2   1  -4   1   1   1   2  -3  -4   3  -3  -4   0   1  -1  -5  -3  -3    3  11  10   7   0   6   9  12   5   1   1  15   0   1   4   9   3   0   1   2  0.33 0.23
   57 T    -1   0   0  -2  -3   0  -1  -1  -2   0   0   1   0  -3   2   0   2  -4  -3   2    4   6   4   1   0   4   3   5   1   6   7   9   2   1  10   8  13   0   1  17  0.16 0.16
   58 P     3  -1  -3  -3  -2  -3  -4   1  -3  -3  -4   2  -3  -5   3   0   3  -6  -5   0   20   4   1   1   1   0   0  12   1   1   1  11   1   0  16   7  16   0   0   6  0.51 0.37
   59 R    -4   6   2  -6  -7   1  -4  -7   3  -7  -6   4  -5  -8  -6  -4  -5  -7  -4  -7    2  45  10   0   0   6   1   0   6   0   1  25   0   0   0   1   1   0   1   0  1.60 0.77
   60 I    -3  -7  -8  -8  -3  -7  -8  -9  -8   5  -3  -4  -1  -1  -8  -4   1  -8  -4   6    2   0   0   0   0   0   0   0   0  31   2   1   1   2   0   2   9   0   1  48  1.57 0.73
   61 V    -7  -9 -10 -10  -8  -9 -10 -10  -9   8   0  -9  -2  -2  -9  -8  -5  -6   1   3    0   0   0   0   0   0   0   0   0  69   8   0   1   2   0   0   1   0   4  15  2.25 0.92
   62 V     6  -7  -7  -7  -1  -7  -7  -4  -7  -4  -3  -7  -3  -7  -6   0   2  -8  -6   4   52   0   0   0   2   0   0   2   0   0   2   0   0   0   0   6  13   0   0  23  1.37 0.72
   63 I    -7  -9  -9  -9  -6  -8  -9  -9  -9   6  -4  -8  -4  -2  -9  -8  -6  -9  -7   7    0   0   0   0   0   0   0   0   0  35   1   0   0   1   0   0   0   0   0  61  2.32 0.96
   64 T     4  -7  -6  -5  -3  -6  -6  -4  -7  -3  -4  -6  -3  -6  -7   0   6  -8  -6  -1   31   0   0   1   1   0   0   2   0   2   2   0   1   0   0   8  48   0   0   5  1.49 0.79
   65 S    -5  -7  -5  -7  -4  -7  -7  -2  -8  -9  -9  -7  -8  -9  -8   8  -6  -9  -8  -8    1   0   0   0   0   0   0   4   0   0   0   0   0   0   0  93   0   0   0   0  2.80 1.28
   66 G    -5  -8  -5  -8  -6  -8  -8   8  -7  -7  -9  -8  -9  -9  -6  -6  -8  -8  -9  -8    1   0   1   0   0   0   0  95   0   0   0   0   0   0   1   0   0   0   0   0  3.00 1.22
   67 K    -7  -4  -7  -7  -9  -6  -6  -8  -7  -9  -9   9  -8  -9  -8  -7  -6  -9  -8  -8    0   0   0   0   0   0   0   0   0   0   0  97   0   0   0   0   0   0   0   0  3.30 1.35
   68 G    -7  -8  -7  -6  -9  -8  -8   8  -8  -9  -9  -8  -9  -9  -4  -7  -8  -9  -9  -9    0   0   0   0   0   0   0  96   0   0   0   0   0   0   1   0   0   0   0   0  3.08 1.26
   69 G    -7  -9  -7  -8  -9  -8  -5   8  -8  -9  -9  -8  -9  -9  -8  -7  -8  -9  -9  -9    0   0   0   0   0   0   1  97   0   0   0   0   0   0   0   0   0   0   0   0  3.12 1.28
   70 V    -5  -9  -9  -9  -5  -8  -9  -8  -9  -4  -6  -8  -6  -7  -8  -7   0  -9  -8   8    1   0   0   0   0   0   0   0   0   0   0   0   0   0   0   0   5   0   0  91  2.85 1.21
   71 G    -7  -9  -7  -6  -9  -8  -9   8  -9 -10 -10  -8  -9  -9  -9  -7  -8  -9  -9  -9    0   0   0   1   0   0   0  98   0   0   0   0   0   0   0   0   0   0   0   0  3.16 1.31
   72 K    -8  -5  -7  -8 -10  -6  -6  -8  -8  -9  -9   9  -8 -10  -8  -6  -7  -9  -9  -9    0   0   0   0   0   0   0   0   0   0   0  98   0   0   0   0   0   0   0   0  3.39 1.44
   73 T    -6  -8  -7  -7  -8  -7  -7  -8  -8  -8  -8  -7  -8  -9  -8   5   7  -9  -8  -7    0   0   0   0   0   0   0   0   0   0   0   0   0   0   0  43  55   0   0   0  2.39 1.19
   74 T    -5  -7   5  -7  -4  -5  -7  -7  -5  -6  -7  -7  -3  -2  -8   1   7   0  -8  -5    1   0  26   0   0   0   0   0   0   0   0   0   1   2   0   9  57   1   0   1  1.98 1.01
   75 T    -3  -7  -6  -7  -2  -7  -7  -7  -7   3   0  -7  -2   3  -7  -1   4  -6  -5   4    2   0   0   0   1   0   0   0   0  13   9   0   1  12   0   4  26   0   0  30  1.09 0.61
   76 T     4  -7  -6  -7   0  -7  -7  -6  -7  -5  -7  -6  -7  -8  -7   4   5  -8  -8   1   29   0   0   0   2   0   0   0   0   1   0   0   0   0   0  32  27   0   0   8  1.40 0.82
   77 A     5  -7  -7  -8  -2  -7  -7  -5  -8   1   0  -7  -4  -5  -7  -2  -2  -8  -7   5   38   0   0   0   1   0   0   1   0   8  10   0   0   0   0   3   3   0   0  36  1.27 0.69
   78 N    -2  -8   9  -6  -7  -7  -7  -3  -6 -10  -8  -7  -9 -10  -9  -1  -4 -10  -6  -8    4   0  86   0   0   0   0   2   0   0   0   0   0   0   0   4   1   0   0   0  3.03 1.35
   79 V    -6  -8  -9  -9  -5  -8  -8  -9  -8   3   6  -8   0   2  -8  -8  -4  -6  -6   0    0   0   0   0   0   0   0   0   0  12  69   0   2   8   0   0   1   0   0   6  1.76 0.82
   80 G     6  -8  -7  -8  -4  -7  -7   4  -8  -8  -8  -7  -7  -8  -7   1  -6  -8  -8  -6   62   0   0   0   0   0   0  27   0   0   0   0   0   0   0   9   0   0   0   0  1.89 0.96
   81 L     1  -5  -5  -6   2  -5  -6  -6  -2   3   3  -6   2  -2  -6  -2   2  -4   0   3   12   0   0   0   4   0   0   0   1  16  23   0   4   1   0   3  11   0   4  18  0.65 0.40
   82 S     6  -6  -5  -7   1  -2  -3   1  -4  -3  -5  -4  -3  -7  -6   1  -1  -5  -6  -3   60   0   1   0   2   2   2  11   0   1   1   1   1   0   0  10   4   0   0   2  1.32 0.76
   83 L    -6  -8  -9  -9  -6  -8  -9  -9  -8  -1   7  -9   2   0  -9  -8  -7  -6  -3  -5    1   0   0   0   0   0   0   0   0   3  86   0   5   4   0   0   0   0   1   0  2.29 1.05
   84 A     6  -1  -2  -6  -2   1  -6  -3  -3  -5  -6  -2  -5  -7  -7   2  -2  -4  -6  -3   64   3   2   0   1   6   0   2   1   1   0   3   0   0   0  12   2   0   0   2  1.45 0.82
   85 R     2   3  -1  -2  -5   4   0  -3  -2  -4   0   3   1  -6  -6  -1  -4  -4  -3  -5   14  15   3   2   0  18   7   2   1   1   9  18   4   0   0   5   1   0   1   1  0.58 0.43
   86 Y     0   2  -2  -2  -3   2   1  -4  -2  -3   2   0   4  -1  -6  -1  -1  -5  -2  -4    8  13   2   2   1   9   9   1   1   1  22   7  10   3   0   5   4   0   1   0  0.39 0.33
   87 G    -6  -6   0  -3  -6  -5  -5   7  -5  -8 -10  -4  -9  -7  -9  -6  -7  -9  -8  -9    0   1   5   2   0   1   1  87   0   0   0   2   0   0   0   1   0   0   0   0  2.56 1.17
   88 F     2   2  -1  -5  -4   1  -1  -5   3  -6   0   5  -3  -1  -6  -3  -5  -5   2  -5   14  11   2   0   0   6   3   1   8   0   8  33   1   3   0   2   0   0   6   1  0.76 0.50
   89 S    -5   6  -1  -2  -9  -2  -3  -7  -4  -9  -8   6  -6  -7  -6   0  -4  -7  -8  -8    1  38   4   3   0   2   2   0   0   0   0  41   0   0   0   7   1   0   0   0  1.70 0.88
   90 V    -5  -9  -8  -9  -4  -9  -9  -9  -9  -2  -6  -9  -6  -7  -7  -7   2  -9  -8   8    1   0   0   0   0   0   0   0   0   2   0   0   0   0   0   0  12   0   0  83  2.55 1.17
   91 V     0  -7  -7  -7   4  -7  -7   4  -7   1   3  -7   2  -5  -7  -5  -3  -6  -5   3    8   0   0   0   7   0   0  28   0   6  26   0   4   0   0   0   1   0   0  18  0.94 0.54
   92 A    -3  -8  -9  -8  -1  -8  -8  -9  -8   4   5  -8   0  -6  -8  -7  -6  -8  -6   4    3   0   0   0   2   0   0   0   0  23  45   0   2   0   0   0   0   0   0  25  1.51 0.73
   93 I    -6  -8  -9  -9  -5  -8  -8  -9  -8   4   4  -8   3   3  -8  -8  -7  -5  -5   3    0   0   0   0   0   0   0   0   0  22  39   0   7  13   0   0   0   0   0  17  1.44 0.70
   94 D    -9  -9  -6   9 -11  -8  -3  -9  -9 -10 -11  -8 -10 -11  -9  -8  -9 -11 -10 -10    0   0   0  97   0   0   2   0   0   0   0   0   0   0   0   0   0   0   0   0  3.60 1.55
   95 A     6  -8  -7  -8   1  -7  -7   0  -8  -6  -2  -7   2   2  -8  -4   0  -8  -6  -3   65   0   0   0   2   0   0   8   0   0   5   0   4   7   0   1   6   0   0   2  1.56 0.87
   96 D    -9  -9  -1   9 -11  -8  -6  -8  -9 -11 -11  -8 -11 -11  -9  -7  -9 -11 -11 -11    0   0   3  95   0   0   0   0   0   0   0   0   0   0   0   0   0   0   0   0  3.51 1.55
   97 L    -5  -8  -8  -9  -3  -8  -8  -9  -9   6   3  -8   1   2  -6  -6  -3  -8  -6   3    1   0   0   0   0   0   0   0   0  42  29   0   3   7   0   1   2   0   0  15  1.52 0.74
   98 G    -4  -7  -5  -7  -7  -7  -7   7  -1  -7  -8  -8  -9  -5  -8  -3  -2  -4   6  -8    2   0   1   0   0   0   0  63   1   0   0   0   0   0   0   2   3   0  25   0  2.16 1.06
   99 L    -6  -8  -6  -9  -5  -7  -9   4  -9  -5   5  -8   5  -3  -9  -6  -2  -8  -7  -6    0   0   0   0   0   0   0  28   0   0  51   0  14   1   0   1   3   0   0   0  1.67 0.87
  100 R     4   4  -4  -8  -6  -7  -7   0  -1  -8  -8  -4  -8  -5   5  -3  -6  -9  -8  -8   34  23   1   0   0   0   0   8   1   0   0   1   0   1  29   2   0   0   0   0  1.49 0.87
  101 N    -8  -8   9  -5  -2  -7  -8  -5  -7 -10 -10  -7  -9 -10  -9   3  -6 -11  -9 -10    0   0  75   1   1   0   0   1   0   0   0   0   0   0   0  21   0   0   0   0  2.89 1.37
  102 L    -2  -8  -9  -3  -5   1  -8  -8  -9   4   4  -8   0  -6  -9  -7  -6  -8  -7   4    3   0   0   2   0   6   0   0   0  22  38   0   2   0   0   0   0   0   0  25  1.33 0.71
  103 D    -3  -9  -1   7  -7  -4  -1  -2  -1 -10 -10  -8 -10  -9   5  -4  -6 -11  -7 -10    3   0   3  54   0   1   5   4   2   0   0   0   0   0  27   1   0   0   0   0  1.98 1.05
  104 L    -4   1  -6  -7  -6  -3  -7  -4  -2   4   3  -3   2  -5  -8  -6   0  -6  -6   5    1   9   0   0   0   1   0   2   1  21  22   2   4   0   0   0   5   0   0  31  0.99 0.56
  105 L    -3  -7  -8  -9  -6  -2  -8  -9   0   2   4  -8   8  -3  -6  -6  -6  -8  -3   2    2   0   0   0   0   2   0   0   2  11  30   0  34   1   0   1   0   0   1  14  1.63 0.84
  106 L    -5  -9  -9 -10  -1  -8  -9 -10  -9  -1   6  -9   7   3  -9  -7  -5  -8  -5  -3    1   0   0   0   1   0   0   0   0   3  58   0  24   9   0   0   1   0   0   2  1.99 0.97
  107 G    -6  -7   0  -6  -7  -7  -8   8  -6 -10 -10  -7 -10 -10  -9  -5  -9 -10 -10 -10    0   0   4   1   0   0   0  91   0   0   0   0   0   0   0   1   0   0   0   0  2.90 1.35
  108 L    -2  -5  -5  -6   3  -5  -6  -6  -5   3   5  -5   2  -3  -6  -5  -3  -6  -4   3    4   1   1   1   5   1   1   1   0  15  43   1   4   1   0   1   2   0   0  18  1.06 0.53
  109 E    -1   0   1   0  -4   1   4  -3   1  -3  -4   0  -3  -4  -2   2   1  -5  -4  -2    6   5   6   5   0   5  27   2   3   2   2   6   1   1   2  16  10   0   1   3  0.47 0.34
  110 N    -1   2   4   1  -4  -1   0   2  -2  -4  -5  -1  -4  -5   4  -1  -1  -5  -5  -4    4   9  15   7   0   3   6  13   1   1   1   4   1   1  21   5   4   0   0   2  0.54 0.36
  111 R    -1   6  -2  -2  -4   1  -1  -3   0  -2  -2   2   0  -3  -2  -1  -2  -5   0  -3    5  37   2   2   0   7   4   2   2   3   4  13   2   2   3   4   3   0   3   2  0.72 0.43
  112 V     0  -1  -4  -5  -4  -2  -4  -3  -2   2  -3  -1  -3  -2   5  -1  -2  -3   2   3    7   4   1   1   0   2   1   2   1  12   3   4   1   2  28   5   2   0   7  16  0.67 0.41
  113 N    -2  -1   3   0  -4  -1   1  -3  -1   0  -2   2  -2  -4   1  -1   0  -5  -4   3    2   4  15   4   0   2   8   2   1   4   4  12   1   1   8   4   5   0   1  21  0.34 0.26
  114 Y    -2  -1  -2  -3  -2  -1  -2  -3   2   0  -1  -1   1   2  -1   0  -1  -1   7  -1    4   4   2   1   1   3   3   2   5   5   5   4   3   8   3   7   5   1  30   4  0.61 0.31
  115 T    -2  -3   2   4  -4  -3  -3  -3   0  -3  -3  -3  -3  -3   0   1   4  -4  -3  -1    3   1  10  24   0   1   2   2   3   2   3   2   1   1   4  10  25   0   1   4  0.68 0.38
  116 C    -1  -4  -4   0  -4  -3  -4  -4  -4   3   4  -4  -1   2  -4  -3  -3  -3  -3   0    4   1   1   7   0   1   1   2   1  16  43   1   1   8   1   2   2   0   1   6  0.76 0.38
  117 V     0  -1   0  -2  -2   0  -1   1   3   1   0  -2   0   0  -2   0  -1  -2   1   2    8   3   4   2   1   4   4   9   7   7   7   3   3   3   2   9   2   1   4  18  0.12 0.11
  118 E    -4  -3   3   6  -5  -1   1  -4   6  -4  -4  -3  -4  -4  -3  -3  -4  -5  -4  -4    2   2  11  41   0   3   9   2  17   1   2   2   1   1   1   2   1   0   1   1  1.29 0.60
  119 V    -2  -4  -4  -4  -3  -4  -4  -4  -3   0   1  -4   0  -1  -4  -4  -2  -3  -1   6    3   1   1   1   1   1   1   2   1   5  12   1   3   3   1   2   2   0   3  56  1.18 0.54
  120 I    -1  -3  -4  -4  -3  -2  -3  -4  -4   4   3  -3   2   2  -3  -3  -1  -4  -3   2    5   2   1   1   0   2   2   2   1  24  30   1   4   7   2   3   3   0   1  10  0.65 0.33
  121 N     1   0   2   0  -2   2   3  -2   0  -3  -3   1  -2  -1  -3   1   0  -4   0  -3   10   5  10   5   1   8  17   3   2   1   3   8   1   3   1  11   5   0   4   1  0.28 0.23
  122 G    -4  -1   0  -1  -4  -1  -1   6  -1  -5  -5   0  -5  -5  -2  -3  -4  -5  -5  -5    2   4   5   4   1   3   5  60   1   1   1   5   0   1   3   2   1   0   1   1  1.31 0.65
  123 D    -3   3   2   3  -5   0   4   0  -1  -5  -5   2  -4  -5  -4  -2  -1  -6  -4  -3    2  15   8  13   0   5  24   9   1   1   1  10   1   1   1   3   3   0   1   2  0.61 0.40
  124 C     2   0  -2  -4   7  -2  -3  -3  -2  -1  -2   4   0  -4  -4  -3  -2  -5  -3   0   18   5   2   1  23   2   2   2   1   3   5  20   2   1   1   2   2   0   1   6  0.82 0.46
  125 R    -3   3   1   0  -4  -1   0  -2  -2  -3  -4   2  -3  -5   0   3   3  -6  -4  -4    2  16   6   6   0   2   7   3   1   1   1  13   1   1   4  17  16   0   1   1  0.49 0.38
  126 L    -4  -5  -5  -5  -6  -5  -5  -6  -5   4   5  -6   2  -2   0  -6  -4  -5  -5   0    2   1   1   1   0   1   1   1   0  23  50   1   5   2   5   1   1   0   0   6  1.23 0.63
  127 D    -1   1   1   2  -5   1   3  -3   1  -2  -3   2  -1  -3  -2   0  -1   1  -3  -2    5   8   7  11   0   6  18   2   3   3   3  13   1   1   2   7   3   2   1   3  0.30 0.26
  128 Q    -5  -2  -3   4  -9   5   3  -4  -4  -6  -7   0  -3  -9   3  -4  -4  -8  -8  -7    1   2   1  24   0  26  20   2   0   1   1   5   1   0  14   1   1   0   0   0  1.26 0.78
  129 A     5  -5  -6  -5  -4  -5  -5  -5  -6   5  -1  -2   2  -6  -3  -4  -4  -8  -7   2   39   1   0   1   0   0   1   1   0  25   6   3   4   0   2   1   1   0   0  14  1.10 0.63
  130 L    -3  -3  -6  -6  -5  -3  -1  -7  -5   5   4  -5   4  -1  -5  -5  -2  -6  -5   2    3   2   0   0   0   1   5   0   0  28  33   1   8   2   1   1   3   0   0  10  0.99 0.54
  131 V    -1  -4  -1  -6  -1  -2  -2  -4  -2   5   0  -3   0  -2  -1  -2   0  -5   2   3    6   1   3   0   1   2   2   1   1  29   7   2   2   2   4   3   5   0   8  20  0.61 0.38
  132 R    -2   3  -1   0  -4   1   2  -4   4  -3  -2   3  -1  -2   0  -2  -1   0   0  -3    3  14   2   5   0   6  14   1   8   2   4  17   2   2   5   3   4   2   4   2  0.39 0.30
  133 D    -2  -4  -4   4  -4  -4  -2   5   3  -2  -5  -5  -6  -5   0  -3  -1  -7  -3  -2    3   1   1  23   1   1   3  40   6   2   2   1   0   1   5   2   5   0   1   4  1.00 0.58
  134 K    -4  -2  -3  -3  -6  -4  -1  -5  -3  -1  -2   4  -2  -6   6  -3  -2  -7  -5   1    2   3   2   2   0   1   5   1   1   3   4  26   1   0  37   2   2   0   0   8  1.11 0.66
  135 R    -1   4   0  -1  -3   1   0  -2   3  -2  -2   2   0  -1  -3  -2  -1  -2   1  -2    5  23   4   3   1   7   6   4   7   2   4  11   2   3   1   3   4   1   6   3  0.36 0.22
  136 W     0  -2   0  -1   1  -1  -1   2  -1   0   0  -2   0   1  -1   0   0   2   1   0    9   2   5   3   4   3   4  14   2   4   9   2   3   7   3   5   5   3   5   9  0.06 0.05
  137 S    -1  -2  -1   1  -2  -1   2   1   1   1  -2  -1   3  -3   1   0  -2  -3  -1   0    5   1   2   8   1   2  14  10   3   7   4   3   9   1   8   9   2   0   2   8  0.18 0.17
  138 N    -5  -3   4  -1  -4  -4  -3   5  -2  -5  -6   0  -4  -7  -6   2  -1  -8  -6  -6    0   2  20   3   0   1   2  41   1   1   1   6   1   0   0  16   4   0   0   1  1.14 0.67
  139 F    -6  -7  -8  -8  -6  -6  -7  -5  -8   4   4  -7   3   3  -7  -6  -6  -5  -2   2    0   0   0   0   0   0   0   1   0  22  41   0   6  11   0   0   0   0   1  13  1.31 0.66
  140 E    -1   0  -3   1  -2   0  -2   2   1  -2  -3   2   1   1  -4   1  -2  -1   4  -2    4   5   1   7   1   4   3  13   4   3   2  14   4   7   1   9   2   1  13   3  0.29 0.24
  141 L    -4  -6  -7  -6  -4  -6  -7  -5  -5   4   3  -6   1   4  -5  -1  -4  -6   2   3    1   0   0   0   0   0   0   1   0  22  29   0   3  13   1   5   1   0   5  16  0.97 0.50
  142 L    -4  -7  -6  -7  -6  -6  -7  -6  -6   5   5  -6   4  -3  -6  -5  -6  -6  -5   1    1   0   0   0   0   0   0   1   0  29  45   0   7   1   1   1   0   0   1  10  1.44 0.70
  143 C     1  -6  -6  -6   1  -7  -6  -1  -6   0  -2  -6  -3  -5   7   2  -2  -8  -6   0   12   0   0   1   2   0   0   5   0   5   4   0   1   1  46  12   2   0   0   7  1.26 0.74
  144 I     5  -5  -4  -3  -2  -4  -3   3  -4   1  -3  -4   0  -1  -3  -1  -2  -6  -5  -3   41   1   1   2   1   1   2  24   0   8   3   1   3   3   1   5   2   0   0   2  0.87 0.50
  145 S     3  -2  -3  -3  -2  -3  -3   4  -3  -4  -3  -4  -1  -3   0   4  -1  -5  -4  -4   21   2   1   2   1   1   2  26   1   1   3   1   2   1   5  25   3   0   1   1  0.68 0.44
  146 K    -2  -3  -2  -2  -4   5  -3  -1  -2  -2  -1  -1   0  -3  -2   5   0  -5  -4  -1    3   1   2   2   0  22   2   6   1   3   6   4   2   1   2  34   5   0   1   4  0.69 0.47
  147 P    -3  -3   0  -1  -4  -4  -2   5  -3  -4  -4  -4  -3  -5   1   0   4  -6  -4  -3    2   1   5   4   1   1   3  40   1   1   2   1   1   1   8   6  22   0   1   2  0.91 0.53
  148 R    -1   3  -2   0  -3   0   0  -2  -2   1   0   0   1   0  -1   0  -1  -2  -2   1    4  17   1   6   1   3   7   3   1   9  10   6   4   4   3   7   4   1   1   9  0.14 0.14
  149 S    -1  -1   0   5  -5   2   2   0  -2  -4  -3  -2  -1  -3  -2   0  -1  -4  -3  -2    5   3   4  29   0   9  12   8   1   1   3   2   1   1   2   8   4   0   1   3  0.52 0.37
  150 K    -2   0   0   2  -5   1   3  -2   0  -1  -5   5  -3  -4  -4   0  -1  -4  -4  -3    3   5   4  11   0   6  16   3   2   5   1  28   1   1   1   6   3   0   1   2  0.58 0.39
  151 L     1  -3  -3   2  -3   0  -2  -3  -4   0   2  -4   4  -1   0  -1   1  -1   0  -1   10   1   1  12   0   4   3   2   0   6  21   1  11   3   4   4   8   1   3   4  0.30 0.24
  152 P     3  -1  -3  -2  -1  -3  -2  -3  -3  -1  -1  -1   1  -3   3   0   1  -2  -2   0   27   3   1   3   1   1   3   2   1   3   7   4   4   1  16   6   8   1   1   8  0.38 0.26
  153 M    -1  -1   0  -1  -2   0   0  -2  -1   2   1  -2   3   0  -3  -1  -2  -3  -1   2    6   4   5   3   1   4   6   3   2  10  15   2   7   4   1   5   2   0   2  17  0.17 0.13
  154 G     0  -3   2   0  -4  -2   0  -1  -2   2   0  -2  -1  -3  -2   0   2   6  -3  -1    9   1  10   6   0   2   6   6   1  11   9   2   1   1   2   6  11  11   1   4  0.33 0.26
  155 F    -3   3  -2  -1  -4  -3  -4  -4  -4   0   3  -3   2   0  -2  -1  -1   6  -2   0    2  13   2   4   0   1   1   1   0   6  27   1   4   4   3   6   4  12   1   6  0.56 0.34
  156 G    -1   3   1   2  -4  -1   0   3  -3  -4  -4  -2  -4  -4  -1   2   1  -5  -4  -4    5  13   6  10   0   2   6  19   1   1   2   2   0   1   4  16   9   0   1   1  0.42 0.31
  157 G    -1  -1  -1   0  -3   0   1   2   0  -3  -4   0  -2  -2   5  -1  -1  -3  -3  -3    6   4   2   6   1   4   9  15   2   2   2   6   1   2  27   4   4   0   1   2  0.50 0.36
  158 K     0  -1  -1   1  -5   2   3  -4  -1  -2  -3   0   5  -4   2   0  -1  -4  -3  -3    8   4   3   6   0   8  20   2   1   2   3   6  13   1  12   6   3   0   1   2  0.47 0.36
  159 A     0   0  -1   0  -4   4   1   0  -2  -1  -1   1   4  -3  -4  -2  -3  -3  -2   0    8   6   3   6   0  17   9   6   1   3   7   9  11   1   1   3   2   0   1   7  0.32 0.27
  160 L    -3   1  -3  -4  -5  -2  -3  -4   3   1   3  -2   6   0  -2  -3  -1  -3  -3   2    2   7   1   1   0   2   2   1   7   6  25   2  18   3   2   2   4   0   1  14  0.64 0.38
  161 E     1   1   1   1  -4   2   2   0   2  -2  -3   2  -2  -4  -3   0   0  -5  -3  -2   10   7   5   7   0   9  13   7   5   2   2  13   1   1   1   8   5   0   1   3  0.26 0.23
  162 W     2   2  -1  -1  -4   1   0   2  -1  -2  -2   2  -1   0  -4  -1  -2   1   0  -3   18  12   3   3   0   7   7  13   1   2   4  10   1   5   0   4   2   2   4   2  0.24 0.22
  163 L    -2  -5  -6  -7  -4  -5  -7  -4  -6   3   5  -5   1   2  -7  -6  -5  -4  -3   2    4   1   0   0   0   1   0   2   0  15  51   1   3   7   0   0   1   0   1  11  1.18 0.61
  164 V    -2  -1  -3  -4   1   1  -1  -3  -5   4   2  -2   1   0  -5  -3   0  -4  -5   3    3   4   1   1   3   7   5   2   0  24  15   2   3   3   0   2   5   0   0  17  0.48 0.31
  165 D    -2   2   2   3  -6   5   2  -3   1  -6  -5   1  -4  -4  -5  -1  -2  -5  -4  -5    3   9   7  15   0  26  14   2   3   0   2   7   0   1   1   4   2   0   1   1  0.77 0.51
  166 A     2  -2  -2   0  -4   3   3  -3  -2  -3   0  -1   3   1  -5  -1  -3  -6  -4   0   14   2   2   5   0  14  18   2   1   1  10   3   7   6   0   6   1   0   0   6  0.37 0.32
  167 L    -4  -5  -4  -5  -4  -3  -4  -5  -5   1   5  -4   2   5  -7  -5  -3  -6  -4   0    2   1   1   1   0   1   1   1   0   7  48   1   5  19   0   1   2   0   0   7  1.14 0.59
  168 K    -1   2   1  -1   0   0   0  -1   0   0   1   2   1  -1  -3   0  -1  -2  -2  -1    4  13   6   3   2   4   6   5   2   5  13  15   3   2   1   7   4   1   2   4  0.13 0.12
  169 T     0  -2   0   3  -4   2   3  -2  -2  -3  -3  -1  -3  -4  -2   2   0   1  -2  -3    8   3   4  17   0   9  16   4   1   1   3   3   1   1   2  15   7   2   2   2  0.38 0.31
  170 R    -1   0  -2   1  -3   2   1  -2  -2  -1   2   0   0  -2  -2  -2   0  -3  -2   2    4   6   1   8   1  10  10   4   1   3  17   5   2   1   2   3   6   0   1  14  0.18 0.16
  171 P     0  -1   0   0  -2   0  -1  -2  -2   1   3  -2   0   0  -2  -1  -1  -2  -1   1    9   3   4   6   1   4   4   3   1   6  28   3   2   3   2   5   3   1   2  10  0.16 0.13
  172 E     0   0  -1   2  -3   1   3  -2  -1  -3  -2   0  -3  -2  -2  -1  -3   8  -1  -3    8   5   3   9   1   5  18   3   2   2   4   6   1   1   2   5   2  20   2   2  0.69 0.37
  173 G    -1   0   0   2  -3   0   0   3  -1  -3  -2   2   1  -3  -1   0  -2   1  -3  -3    5   4   4  11   1   3   7  25   1   2   4  10   3   1   3   7   3   2   1   2  0.31 0.21
  174 S    -1   0   1   4  -3   0   3   0   1  -3  -3  -1  -1  -4  -1   0  -1  -4   0  -3    5   5   6  18   1   4  21   7   3   2   3   4   2   1   3   7   3   0   3   2  0.36 0.28
  175 P    -1  -6  -5  -3  -1  -6  -7  -7  -3  -1   3  -6  -1   6  -2  -5  -4  -3   5  -1    7   0   1   2   1   0   0   0   1   3  27   0   1  27   2   1   1   0  18   5  1.14 0.60
  176 D    -8  -8  -5   9 -10  -4   0  -8  -4  -8  -4  -7 -10 -10  -9  -7  -8 -11 -10  -8    0   0   1  87   0   1   6   0   1   0   3   0   0   0   0   0   0   0   0   0  2.99 1.38
  177 F    -7  -5  -6  -4  -5  -6  -9 -10  -2   2  -2  -8  -4   5 -10  -8  -4   2   8   3    0   1   0   1   0   0   0   0   1  10   3   0   0  17   0   0   1   3  43  17  1.85 0.92
  178 I    -6  -9 -10  -6  -3  -9  -9 -10  -9   5   4  -9   2  -2  -9  -9  -6  -9  -5   4    0   0   0   1   1   0   0   0   0  32  38   0   4   2   0   0   0   0   0  22  1.63 0.80
  179 I    -8  -9 -10  -5  -6  -9 -10 -10 -10   6   4  -9  -2   0  -9  -9  -8  -9  -6   3    0   0   0   1   0   0   0   0   0  38  40   0   1   4   0   0   0   0   0  17  1.76 0.85
  180 I    -7  -9 -10  -6   4  -9 -10 -10 -10   6   1  -9   1   2  -6  -9  -7  -5  -5   4    0   0   0   1   8   0   0   0   0  42  13   0   3   7   1   0   0   0   0  25  1.66 0.80
  181 D   -10 -10  -6   9 -12  -9  -6 -10  -9  -8  -7  -9 -11 -12  -4  -9  -9 -12 -11 -11    0   0   0  96   0   0   0   0   0   0   1   0   0   0   1   0   0   0   0   0  3.57 1.60
  182 C    -2  -7  -4  -4   6  -6  -8  -3  -8  -5   2  -8   5  -5  -5   2   5  -9  -6  -3    4   0   1   1  12   0   0   2   0   0  16   0  12   0   1  15  33   0   0   2  1.21 0.74
  183 P     1  -8  -9  -8  -7  -9  -6   4 -10 -10  -6  -9  -7 -11   7  -2  -6 -11 -10 -10   13   0   0   0   0   0   1  29   0   0   1   0   0   0  52   3   1   0   0   0  2.04 1.10
  184 A     7  -9  -9  -8  -9  -9  -9  -7  -9  -7  -9  -8  -9 -10   5  -3  -4 -10 -10  -7   70   0   0   0   0   0   0   0   0   0   0   0   0   0  25   2   1   0   0   0  2.35 1.22
  185 G    -8 -11  -6  -7 -11 -10 -11   8 -11 -12 -12 -10 -11 -12 -11  -7 -10 -11 -12 -12    0   0   0   0   0   0   0  99   0   0   0   0   0   0   0   0   0   0   0   0  3.35 1.51
  186 I    -3  -6  -7  -2  -8  -8  -9  -9  -9   7   1  -8  -1  -4  -9  -7   4  -9  -6   0    2   0   0   3   0   0   0   0   0  52  11   0   1   1   0   0  22   0   0   6  1.71 0.85
  187 D    -2  -4   1   0  -6  -2   3   4  -2  -5  -5  -4  -5  -6  -4   3  -1  -2  -4  -4    3   1   5   6   0   2  21  28   1   1   1   1   0   0   1  24   4   1   0   1  0.77 0.53
  188 A     0   2   0   5  -6   2   1  -2   1  -4  -5   1  -2  -5  -1   0  -1  -3  -3  -4    7  10   4  29   0   7   8   3   3   1   1  10   1   0   4   6   3   0   1   1  0.52 0.38
  189 G     0  -3   2   0  -4  -2   1   3  -1   0  -3  -3   1  -4  -3   1   0   0  -3   0    8   1  11   5   0   2   9  25   1   7   2   1   4   1   1  10   5   1   1   7  0.32 0.28
  190 F     1  -4  -3  -4  -3   0  -5  -4  -2  -1  -2  -5   0   3  -4   0   2  -5  -2   4   13   1   1   1   0   5   0   1   1   2   2   0   2  14   1   8  15   0   1  31  0.63 0.46
  191 I    -3   0  -4  -4  -3   1  -2  -6  -1   2   4  -1   3  -1  -5  -3  -1  -3  -3   1    2   6   1   1   0   6   3   0   2  11  39   5   7   3   0   1   4   0   1   8  0.55 0.37
  192 T     1  -1   2  -1  -2  -1  -1  -2   1  -1  -1  -1   3  -1  -3   2   1  -1   1  -2   11   3  12   4   1   3   3   2   3   3   7   3   7   3   1  17  10   1   4   2  0.19 0.22
  193 A     3  -5  -4  -6  -2   4  -4  -5  -3  -2   0  -4  -1   6  -2  -2  -2  -2  -2  -3   25   0   1   0   1  18   1   0   1   2   7   1   1  32   2   3   2   0   1   2  0.99 0.62
  194 I     0  -1   0  -4   1  -2  -3  -4  -3   3   2   0   3  -2  -3  -1   0  -5  -3   2   10   3   5   1   3   2   1   1   1  18  18   5   8   1   1   5   5   0   0  14  0.32 0.25
  195 T     2   1  -1  -2  -1   0  -1  -1  -1   0   1  -1   1  -1  -3   0   0  -2   1   1   20   7   2   2   1   4   3   3   2   4  12   3   3   3   1   8   5   0   6  11  0.11 0.15
  196 P     4  -2  -3  -4   0  -2  -3   0   0  -2  -2  -3  -1   2   3   1  -3   0   0  -2   31   2   1   1   2   2   1   7   2   3   4   1   1   7  17   9   1   1   3   3  0.45 0.37
  197 A     5  -4  -4  -5   1  -3  -4  -2  -4  -1   0  -4  -1  -4  -4   2  -2  -6  -5   1   53   1   1   0   3   1   1   2   0   3   8   1   2   1   1  13   2   0   0   9  0.95 0.61
  198 N     0  -2   0   6  -4   3   0  -2   1  -5  -5  -3  -4  -5  -2   0   0  -7  -6  -5    8   3   4  44   0  12   4   3   4   1   1   2   0   0   2   6   6   0   0   1  0.96 0.59
  199 E    -3   0  -3   2  -3   0   5   2   0  -4  -3  -1  -1  -5  -4  -2  -2  -3  -3  -4    2   6   1   9   1   3  42  18   2   1   3   4   1   1   1   2   2   0   1   1  0.80 0.54
  200 A     4  -2  -3  -6   1  -4  -4  -3  -6   3  -1  -4   0  -3  -4  -2  -1  -6  -4   4   37   2   1   0   2   1   1   1   0  13   6   1   2   1   1   2   4   0   1  24  0.75 0.50
  201 V    -4  -6  -6  -7  -2  -6  -6  -5  -6   6   3  -6   0   0  -6  -5  -4  -2  -3   4    1   0   0   0   1   0   0   1   0  39  24   0   2   3   0   1   1   1   1  23  1.23 0.62
  202 L    -4  -6  -6  -7  -2  -5  -6  -6  -4   5   2  -6   0  -3  -5  -6  -3  -2  -4   6    1   0   0   0   1   1   0   1   1  29  16   0   2   1   1   0   1   1   1  44  1.35 0.68
  203 V    -4  -7  -5  -7  -2  -7  -7  -5  -7   3  -2  -7  -2  -6  -7  -6  -3  -7  -6   7    1   0   1   0   1   0   0   1   0  12   3   0   1   0   0   0   2   0   0  76  2.04 0.95
  204 T     0  -5  -4  -5   0  -5  -5  -5  -5  -1  -2  -5  -1  -5  -5   1   6  -6  -5   2    7   0   0   0   2   0   0   1   0   4   3   0   1   0   0  12  53   0   0  16  1.20 0.70
  205 T    -4  -5   4  -4   3  -4  -4  -5  -3  -4  -4  -4  -2  -6  -5  -1   7  -4  -6  -3    1   0  16   1   6   1   1   1   1   1   2   1   1   0   0   3  63   0   0   2  1.62 0.85
  206 P    -3  -5  -2   1  -4  -5  -4  -4  -4  -7  -5  -5  -6  -6   8  -3  -2  -7  -6  -6    2   1   2   7   0   0   1   1   0   0   1   0   0   0  77   2   3   0   0   0  2.36 1.06
  207 D    -5  -4  -3   3  -5   5   6  -5  -2  -7  -6  -4  -4  -6  -5  -4  -4  -6  -5  -6    1   0   1  14   0  21  55   1   1   0   0   0   0   0   0   1   1   0   0   1  1.63 0.85
  208 I    -2  -3  -3   2  -4  -1  -1  -4  -3   1  -1  -3  -1  -3   6  -3  -2  -6  -2   1    3   2   1  11   0   3   4   1   1   7   5   1   2   1  42   2   2   0   2  12  0.91 0.53
  209 T     2  -5  -4  -5  -3  -4  -4  -4  -3   0  -3  -4  -2  -3   0   3   5  -5  -4   2   15   0   0   0   0   0   0   1   1   6   2   0   1   1   4  19  32   0   0  15  0.74 0.51
  210 A     5  -5  -5  -5   2  -5  -5  -4  -5  -6  -6  -5  -5  -6  -4   6  -2  -6  -6  -5   41   0   0   0   3   0   0   1   0   0   0   0   0   0   1  49   1   0   0   0  1.55 0.85
  211 L    -2  -5  -5  -6  -3  -4  -6  -6  -5   4   4  -5   2  -2  -5  -4  -3  -3  -4   3    3   1   0   0   0   1   0   0   0  25  38   1   4   1   0   1   1   0   0  23  1.02 0.52
  212 R     1   4  -2  -3  -5  -1  -1  -3  -1  -1   0  -2   0  -4  -5  -1   5  -5  -4  -2   10  26   1   1   0   2   3   1   1   4   8   1   2   0   0   3  32   0   0   2  0.67 0.47
  213 D    -5  -6  -3   8  -7  -5  -3  -4  -6  -3  -7  -5  -7  -7  -6  -4  -5  -7  -7  -2    1   0   1  86   0   0   1   2   0   2   0   1   0   0   0   1   1   0   0   3  2.55 1.10
  214 A     6  -5  -4  -5  -1  -5  -5  -2  -5  -4  -5  -5  -5  -6  -5   1  -1  -6  -4   0   71   0   1   0   1   0   0   3   0   1   0   0   0   0   0  11   4   0   1   5  1.51 0.80
  215 D    -3   2  -3   4  -6   0  -1  -5  -3  -3  -1  -2   0  -1  -5  -3  -4  -4   7  -3    3  13   1  20   0   4   4   1   0   1   6   2   2   1   0   1   1   0  37   1  1.04 0.60
  216 R     3   5  -3  -5  -4  -3  -4  -1  -3  -4  -4   4  -2  -5  -5   0  -3  -6  -5  -4   26  30   1   0   0   0   0   5   1   1   1  22   1   0   0   8   1   0   0   1  0.91 0.56
  217 V     1  -4  -4  -5  -2  -3  -4   1  -5   2   2  -4   3  -1  -4  -2   1  -4  -3   2   12   0   0   0   1   1   1  12   0  13  21   0   8   2   0   2   9   0   1  16  0.42 0.31
  218 T    -1  -3  -5  -4  -3  -4  -4  -2  -4   6   2  -1   3  -3  -5  -3  -3  -5  -3   2    5   1   0   1   0   0   1   3   0  40  20   5   7   1   0   2   1   0   0  10  0.78 0.44
  219 G    -1   1  -1   0  -4  -1  -1   3  -3  -2  -4   6  -1  -5  -4  -2  -2  -6  -4  -4    5   5   2   4   0   2   4  20   0   3   1  43   2   0   0   3   2   0   0   1  0.80 0.50
  220 L    -1  -3  -5  -5  -3  -3  -3  -5  -3   2   3  -3   6  -1  -5  -3  -2  -3   0   3    5   1   0   0   1   1   2   1   1  13  23   1  23   2   0   2   3   0   3  18  0.75 0.44
  221 L     1  -6  -5  -6  -2  -5  -5  -5  -4   2   4  -5   2   4  -6  -4  -2  -3  -2   0   10   0   0   0   1   0   0   1   0  12  42   0   4  18   0   1   2   0   1   5  0.87 0.50
  222 E     0   1   1   0  -3   2   4  -3   3  -4  -3   1  -3  -4  -4   1  -1  -3   0  -3    7   8   8   5   1   7  27   1   6   1   3   7   1   0   0  10   3   0   3   2  0.41 0.33
  223 C     0   4  -1  -2  -2   3  -1  -3   0  -3  -2   3   0  -4  -4   1  -1  -5  -3  -3    9  22   3   2   1  12   4   2   2   1   3  20   3   0   0  11   3   0   1   1  0.49 0.37
  224 D    -1   0   0   1  -2   0   0  -1   2  -1   0   1   1  -1  -3  -1  -1  -3   1   1    5   5   4   9   0   4   7   4   5   1  11  11   5   3   1   2   3   0   7  12  0.08 0.13
  225 G    -2   0   3   0  -4   0   1   4   2  -5  -5   1  -4  -4  -1   0  -1  -3  -3  -5    2   5  13   6   0   4  10  31   5   0   1   8   0   1   3   7   3   0   1   1  0.55 0.38
  226 I    -1   0  -1  -2  -1   0  -1  -2  -2   2   0   1   1  -2  -1  -2   0  -2  -1   3    4   4   3   2   1   4   4   3   1  14   9  11   3   1   2   2   5   0   2  23  0.17 0.18
  227 R    -2   2   1   0  -4   0   0  -2   0  -4  -4   3   1  -2   4  -1   0  -3  -2  -3    3  13   6   5   0   3   6   3   3   1   1  17   4   2  21   4   5   0   1   1  0.46 0.35
  228 D    -2   3   1   2  -4   0   0  -4   0   2  -2   1  -2  -4   1  -1  -1  -5  -2   2    3  15   8  10   0   3   5   1   3  11   2   8   1   0   8   4   3   0   1  15  0.25 0.24
  229 I    -2  -2  -4  -5  -3  -2  -2  -5  -2   3   2  -1   0   4   1  -3  -2  -3  -2   1    4   2   0   0   0   2   3   1   1  19  22   5   2  18   6   1   2   0   1  10  0.49 0.34
  230 K    -3   3  -1  -3  -4   0  -3   4   5  -6  -4   3  -3  -2  -5   0  -4  -2   1  -4    1  15   3   1   0   4   1  29  14   0   1  15   1   2   0   6   0   1   4   1  0.76 0.49
  231 M    -3  -5  -6  -8  -4  -6  -6  -8  -6   4   5  -6   3  -2  -7  -5  -4  -5  -3   3    2   0   0   0   0   0   0   0   0  19  45   0   6   2   0   1   0   0   1  21  1.19 0.63
  232 I    -5  -8  -8  -8  -4  -6  -8  -9  -6   5   3  -7  -2  -4  -8  -6  -5  -8  -6   5    1   0   0   0   0   0   0   0   0  33  23   0   1   1   0   0   0   0   0  41  1.61 0.78
  233 V     0  -5  -6  -5   0  -4   3  -6  -6   4   1  -5   0  -3  -4  -4  -3  -7  -5   4    9   0   0   0   2   0  18   0   0  19  14   0   2   1   1   1   1   0   0  32  0.83 0.52
  234 N    -7  -7   9  -5  -6  -5  -7  -6  -6  -6  -6  -6  -8  -7  -7  -4   2 -10  -8  -3    0   0  83   0   0   0   0   0   0   1   1   0   0   0   0   1  10   0   0   3  2.79 1.28
  235 R    -5   6   1  -6  -5   1  -5  -5  -5  -6  -4   1   8  -5  -7  -4  -6  -5  -6  -6    1  43   5   0   0   5   0   1   0   0   1   6  33   1   0   1   0   0   0   0  1.85 0.94
  236 V     2  -5  -5  -6  -2  -4  -6  -6  -5   3  -1  -4   0  -2  -6   1   0  -5   3   5   15   0   0   0   1   1   0   0   0  12   5   1   2   2   0  10   5   0  10  33  0.78 0.50
  237 R    -1   4   1   1   4   1  -1  -1   1  -3  -3   1  -2  -2  -2   0  -1   0   1  -2    6  20   7   8   8   6   4   5   3   1   2   8   1   1   2   5   3   1   4   3  0.29 0.24
  238 T    -1  -2   1  -1  -4  -2  -1  -1   0  -3  -2  -1  -1   1   4   3   0  -3  -1  -4    5   2   7   4   0   2   3   5   3   1   4   3   2   5  22  22   6   0   2   1  0.44 0.36
  239 D    -1   0   2   4  -3   0   3  -2   3  -2  -4   0  -4  -4   0   0  -1  -4  -3  -1    5   4   9  19   0   4  16   4   6   3   1   6   0   0   5   7   3   0   1   4  0.36 0.28
  240 M    -1   3  -3  -3   5   1  -1  -4  -2  -2   1   1   5  -2  -3  -2  -2  -3  -2  -2    6  16   1   2  13   6   4   1   1   2  12  10  13   2   1   3   2   0   1   3  0.49 0.34
  241 I     0  -1  -1  -1  -4   0   2   1  -1   0  -2  -1   0  -2   1  -1  -1  -4  -1   2    8   3   2   4   0   4  17  11   1   6   2   3   3   2   7   5   3   0   2  16  0.18 0.19
  242 K     2   1  -1   0  -4   1   4   1   3  -4  -5   2  -5  -3  -5  -1  -2  -5  -4  -4   14   6   3   6   0   5  27  11   6   1   1  11   0   1   0   3   2   0   0   1  0.53 0.39
  243 G     0   4  -1  -2   3  -1   0   3  -1  -4  -3   2  -2  -3  -4   0  -2  -4  -2  -3    9  19   3   3   6   3   6  20   1   1   2  11   1   1   1   6   3   0   1   2  0.41 0.30
  244 E    -1   1   0  -1  -5   2   3   4  -1  -3  -3   1  -3  -5  -4  -1  -2  -5  -2  -5    4   8   4   4   0   8  19  29   2   2   3   7   1   0   1   4   3   0   2   1  0.55 0.38
  245 D    -1   1   1   4  -3   0   3  -2   3  -1  -2   1  -3  -4  -4  -2   0  -5  -3   0    4   7   5  19   0   4  17   3   6   4   4   8   1   1   1   2   6   0   1   7  0.35 0.28
  246 M    -1  -2  -5  -3  -2  -3  -3  -3  -1   2   1  -3   7   1  -4  -2   1  -4   1   1    5   2   0   1   1   1   2   2   2  12  15   1  25   6   1   3   7   0   4   9  0.65 0.40
  247 M    -1  -2  -2  -3  -3  -1  -1  -2  -1   0   2  -2   4   5  -2  -2  -1  -2   2  -2    6   2   2   2   0   3   5   3   1   4  21   2   9  21   2   3   4   0   7   2  0.42 0.30
  248 S    -1   2   2   1  -6   0  -1   1   0  -5  -5   2  -3  -6  -2   3   1  -6  -4  -4    4  11   8   9   0   4   4  11   2   1   1  13   0   0   2  20   7   0   1   1  0.43 0.35
  249 V    -1   1  -4  -5  -4  -3  -3  -4   2   3   1   1   0  -1  -2  -2  -1  -5  -3   4    5   7   1   1   0   1   1   2   4  17  12   9   2   2   2   3   3   0   1  28  0.48 0.33
  250 L     0  -2  -1   2  -1   0   3  -1  -3  -2   1   0  -1   1  -4  -1   1  -5  -3  -2    7   2   2  14   1   4  18   5   0   2  14   5   1   7   0   5   8   0   1   2  0.24 0.24
  251 D     0   1   2   5  -6   0   2   0  -3  -6  -6   1  -4  -7  -6  -1  -2  -8  -6  -4    8   7   8  34   0   4  11   7   0   0   1   9   0   0   0   5   3   0   0   1  0.79 0.51
  252 V     1   2  -5  -7   1  -2  -4  -6  -3   4  -1  -2   3  -4  -6  -5  -1  -6  -6   5   13  11   0   0   3   2   1   1   1  18   4   2   6   0   0   1   4   0   0  34  0.83 0.50
  253 Q     3  -1  -2  -3   0   1   1  -3  -2   0   0  -1   0   3  -5  -1  -1  -5  -1  -1   24   3   1   1   2   7  10   1   1   4   8   4   3  14   0   5   4   0   2   4  0.31 0.28
  254 E    -2   2  -1   3  -6   1   4  -4  -1  -5   1   2  -3  -6  -6  -2  -2  -7  -6  -5    4  11   3  15   0   7  24   1   1   0  16  11   1   0   0   3   2   0   0   0  0.61 0.45
  255 M    -2   1   0   2  -5   0   0  -3   1   3  -2   0   1   4  -3  -3  -1  -3  -1  -1    3   7   4  10   0   4   6   2   3  16   4   7   4  19   1   2   3   0   2   3  0.35 0.27
  256 L    -3  -6  -7  -8  -5  -5  -8  -8  -5   0   6  -6   1   1  -7  -6  -3  -4   1   2    3   0   0   0   0   0   0   0   0   4  63   1   3   4   0   0   1   0   5  12  1.39 0.73
  257 G     1   0   2   1  -4  -1   1   4   0  -6  -6   1  -4  -7  -4   2  -2  -7  -6  -5   12   6   9   8   0   2   7  26   2   0   0   7   0   0   1  15   2   0   0   1  0.57 0.42
  258 L    -3  -5  -7  -8  -3  -6  -6  -7  -6   5   3  -4   0  -4  -6  -6  -2  -6  -3   4    2   1   0   0   1   0   1   1   0  29  27   1   2   1   0   0   2   0   1  29  1.21 0.64
  259 S    -4  -1   0   3  -5   1   3  -5  -1  -5  -7   1  -6  -8   6  -1  -3  -9  -6  -6    1   3   4  16   0   5  16   1   1   1   0   7   0   0  35   5   2   0   0   1  1.07 0.68
  260 L    -6  -8  -7  -8  -3  -7  -7  -8  -1   1   5  -7  -1   4  -5  -5  -4  -3   5   1    1   0   0   0   1   0   0   0   2   6  45   0   1  15   1   1   1   0  18   8  1.31 0.69
  261 L    -1  -6  -8  -7  -5  -6  -8  -8  -5   3   6  -7   1  -3  -8  -6  -5  -4  -4   0    6   0   0   0   0   0   0   0   0  16  64   0   3   1   0   0   1   0   1   7  1.52 0.78
  262 G    -1  -9  -7  -7  -6  -7  -6   8  -5  -9 -10  -9 -10 -10  -7  -5  -7 -10  -7  -7    6   0   0   0   0   0   1  90   0   0   0   0   0   0   0   1   0   0   0   1  2.75 1.27
  263 V     1  -2  -3  -2   1  -1   1  -3  -1   2  -2  -3   0   1  -4   1  -1   0   2   3   10   2   1   2   3   3   9   2   2  13   2   2   3   6   0   9   4   1   8  19  0.28 0.25
  264 I    -7  -9  -9 -10  -6  -9  -9 -10 -10   7   1  -9  -2  -5  -9  -8  -6  -9  -8   5    0   0   0   0   0   0   0   0   0  52  11   0   1   0   0   0   0   0   0  34  2.08 0.97
  265 P    -5  -2  -5  -7  -5  -3  -4  -7  -4  -5  -2  -6  -3  -3   8  -3  -5  -3  -1  -3    1   3   1   0   0   2   1   0   1   1   5   0   1   1  74   2   1   1   3   2  2.30 1.20
  266 E    -3   0  -2   3  -5   0   4  -6   0  -1   2  -3   0   1  -6  -2  -4  -3   1  -4    2   5   2  14   0   4  29   0   2   4  17   2   2   5   0   2   1   0   5   1  0.60 0.44
  267 D    -6  -8  -3   8  -5  -5  -1  -7   0  -9  -8  -7  -6  -7  -9   1  -6  -8  -4  -7    1   0   1  77   0   1   4   0   2   0   0   0   0   0   0  10   1   0   1   0  2.49 1.21
  268 S    -1   0  -2   1  -6   1   4  -4  -2   0  -2   1   0  -5   4  -1  -1  -6  -5  -3    5   5   2   8   0   6  22   1   1   5   4   7   3   1  18   5   4   0   0   2  0.46 0.38
  269 E     2   1   3   1   0   1   1  -2   2  -3  -3   1  -1  -4  -3   1   0  -2  -1  -2   16   7  13   7   2   6   8   2   5   1   3   8   2   1   1  10   4   1   2   3  0.23 0.23
  270 V    -5  -9  -8  -9  -6  -8  -9 -10  -9   5   1  -9   1  -4  -9  -7  -5  -9  -6   6    1   0   0   0   0   0   0   0   0  25  13   0   3   1   0   0   1   0   0  55  1.87 0.90
  271 I    -2   6  -3  -6  -3  -1  -3  -4  -1   2   1  -1  -1  -5  -1   0  -1  -4  -5   1    3  37   1   0   1   3   2   2   2  11  11   3   2   0   4   6   3   0   0   9  0.70 0.47
  272 R    -2   3  -1  -1  -6   2   3  -6  -1   0  -2   4  -2  -5  -5  -2  -1  -5  -4  -1    4  14   3   4   0   9  19   0   1   6   5  20   1   0   0   3   3   0   1   5  0.53 0.40
  273 S     6  -6  -5  -5   0  -2  -5   1  -4  -7  -6  -6  -6  -5  -7   4  -2  -6  -4  -7   53   0   0   1   2   2   1   9   0   0   1   0   0   1   0  26   3   0   1   0  1.42 0.85
  274 T     0  -6  -3  -6  -4  -4  -6   1  -7   1  -3  -6  -3  -5  -7   3   2  -8  -5   5    9   0   1   0   0   1   0  10   0   8   3   0   1   1   0  18  12   0   0  35  0.85 0.56
  275 N    -2   3   5   4  -4   1  -4  -4  -2  -2  -3   2   2  -5  -7  -2  -4  -8  -3  -4    4  15  24  21   0   5   1   1   1   3   3  10   5   0   0   3   1   0   1   1  0.83 0.55
  276 R     1   4   0  -3  -4   2   1  -2   0  -3  -2   3  -1  -3  -5   1  -1  -6  -3  -2   11  18   5   1   0  10   7   3   2   1   4  17   2   1   0   9   4   0   1   3  0.42 0.35
  277 G    -7   2  -6  -7  -6   6  -5   6  -5  -8  -8  -2  -6  -9  -8  -5  -7  -9  -6  -9    0   9   0   0   0  35   1  50   0   0   0   3   0   0   0   1   0   0   0   0  1.97 1.05
  278 F    -1   2  -1  -3  -3   2   2  -5  -2   0  -3   3   0  -4  -5  -1   2  -6  -3   1    4  11   2   1   1   9  15   0   1   5   3  16   2   1   0   4  13   0   1  11  0.42 0.35
  279 P     0  -9  -9  -7  -3  -7  -8  -7  -7  -5  -2  -7  -6  -9   8  -3  -5 -10  -8  -5    8   0   0   0   1   0   0   1   0   1   5   0   0   0  79   2   1   0   0   1  2.66 1.32
  280 L    -2  -7  -7  -8  -3  -6  -7  -7  -5   4   2  -7  -1   4  -7  -5  -1  -4  -2   5    4   0   0   0   1   0   0   0   0  19  17   0   1  17   0   1   4   0   2  33  1.11 0.59
  281 V    -1  -5  -6  -7  -1  -6  -7  -6  -7   3   1  -6   1  -2  -5  -1   1  -5   0   6    5   1   0   0   2   0   0   1   0  13  11   0   4   2   1   5   7   0   3  46  1.04 0.58
  282 L    -1  -3  -3   0  -3  -1   1  -4   0   2   3  -2   1  -2  -5  -2  -1  -4  -3   2    5   1   1   5   1   3   9   1   3  11  31   3   3   2   0   2   4   0   1  14  0.39 0.28
  283 N     3   0   1   1  -3  -1  -1  -2   1  -2   0  -1   0  -1  -4   2  -1  -3   1  -2   23   5   6   7   0   3   4   3   3   2   9   4   2   2   0  13   4   0   5   3  0.19 0.21
  284 K     0  -2   1   2  -3   0   1  -3   2  -5  -4   1  -2   3  -4   0  -2  -2   5  -4    9   2   7  13   0   5  10   2   5   0   1   7   1  10   1   6   2   0  17   1  0.49 0.36
  285 P    -3  -3  -4  -4  -5  -2  -2  -3  -4  -5  -5  -2  -4  -5   8  -3  -3  -5  -4  -5    2   2   1   1   0   3   3   2   1   1   1   3   1   1  72   3   2   0   1   1  2.15 1.00
  286 P    -2   2   3   4  -6   0   2   0   1  -6  -4   2  -4  -5  -3   0  -1  -5  -3  -5    3  10  15  20   0   4  11   9   3   0   2  10   0   1   1   6   4   0   1   0  0.53 0.39
  287 T     1  -5  -2  -3   4  -5  -6  -1  -4  -6  -7  -6  -6  -6  -6   6   1  -9  -5  -7   10   1   2   1   7   0   0   5   1   1   1   0   0   0   0  62   8   0   0   0  1.56 0.93
  288 L     1   1  -1   1  -6   0   0  -4  -2  -2  -1   2  -2  -5   5  -1  -3  -5  -2  -3   10   7   3   6   0   3   7   1   1   2   8  14   1   0  27   4   2   0   2   2  0.52 0.40
  289 A     6  -6  -6  -7  -1  -1  -5  -4   0   0  -4  -6  -5  -4   0   2  -3  -8  -4   0   56   0   0   0   2   3   1   1   2   5   1   0   0   1   5  13   1   0   1   7  1.16 0.73
  290 G     5  -5  -6  -7  -3  -6  -6   3  -5  -8  -7  -6  -6  -6  -7   4  -1  -6  -4  -5   42   1   0   0   0   0   0  17   0   0   0   0   0   0   0  31   4   0   1   1  1.40 0.85
  291 L    -1   3  -2  -3  -4   4   0  -4  -1   0   0   4   1  -5  -6  -3  -2  -6  -5  -1    5  17   2   1   0  17   6   1   1   5  10  21   4   0   0   1   3   0   0   4  0.58 0.43
  292 A     6  -3  -1   0   4  -2  -3  -2  -4  -2  -5  -4  -4  -8  -6   0  -3  -7  -6  -3   59   2   3   5   8   2   2   3   1   3   1   1   0   0   0   6   2   0   0   2  1.23 0.74
  293 F    -7  -9  -9  -9  -3  -9  -9 -10  -7   4   1  -9   0   6 -10  -8  -6  -4   7   0    0   0   0   0   1   0   0   0   0  18  11   0   2  32   0   0   0   0  29   6  1.82 0.89
  294 E    -1   5  -1   0  -3   1   1  -2   0  -2  -1   2   2  -2  -6  -1  -1  -4  -2  -3    4  25   3   5   1   6  11   3   2   2   6  14   5   2   0   4   4   0   1   2  0.44 0.34
  295 Q     1   2   4   3  -5   2   2  -3   0  -4  -4   1  -3  -6  -6  -1  -2  -2  -5  -4   10  10  17  16   0  10  11   2   2   1   2   8   1   0   0   4   3   1   0   1  0.56 0.42
  296 A     0  -9  -9  -9  -5  -8  -9  -9  -7   7   3  -8   1  -4  -9  -7  -3  -8  -7   1    8   0   0   0   0   0   0   0   0  50  26   0   3   1   0   0   2   0   0   9  1.64 0.80
  297 A     7  -7  -8  -9   0  -8  -8  -4  -9  -3  -7  -7  -6  -9  -7  -1  -2  -9  -8   2   76   0   0   0   2   0   0   1   0   1   0   0   0   0   0   4   3   0   0  11  2.02 1.06
  298 W     1   5   0   1  -4   1   1  -1  -1  -5  -3   2  -2  -5  -5   0  -3   0  -3  -5   13  26   4   6   0   7  10   5   2   0   3  12   1   0   0   6   2   1   1   1  0.53 0.39
  299 R    -2   7   1  -2  -4   0  -1  -5  -2  -4  -5   4  -5  -5  -7  -2  -2  -6  -4  -5    3  47   6   3   0   5   3   1   1   1   1  20   0   1   0   3   3   0   1   1  1.28 0.71
  300 L    -5  -7  -7  -7  -6  -6  -7  -7  -7   5   5  -7   1   1  -7  -6  -4  -6   1   2    1   0   0   0   0   0   0   0   0  25  44   0   3   6   0   0   1   0   4  14  1.27 0.63
  301 V     2  -3  -2  -2   0  -1  -1  -3  -4   1   3  -3   2  -3  -4  -1   0  -1  -4   1   18   2   2   3   2   2   5   2   0   9  28   2   6   1   0   3   5   1   0   9  0.35 0.26
  302 E     1  -1   0   0  -5   0   1   5  -2  -5  -5   0  -4  -5  -4  -2  -3  -5  -3  -4   10   3   5   5   0   4  11  45   1   1   1   5   0   1   1   3   2   0   1   1  0.81 0.47
  303 Q    -3   2   0  -1  -5   3   4  -1  -1  -2  -3   2  -2  -4  -3  -2  -2   3  -3  -3    2  10   4   3   0  12  30   4   2   3   2  13   1   1   1   3   3   4   1   2  0.60 0.39
  304 D    -2   0   1   3  -2   0   3  -2  -2   0   0   1  -1  -3   0  -1  -1  -2  -3   0    3   4   5  17   1   3  17   2   1   6   8   7   1   1   5   5   4   1   1   8  0.21 0.18
  305 S     0   0  -1  -1  -2  -1   0  -1  -2   0  -1  -1   0  -2   0   2   0  -3   0   2    8   5   3   3   1   2   6   4   1   6   4   3   2   2   5  17   5   0   4  19  0.14 0.15
  306 M    -1   0  -1  -1  -3  -1   1  -1  -1   1   0  -1   1  -3   5  -1  -1  -2  -2   1    5   4   2   3   1   3   8   4   1   7   8   4   3   1  26   3   4   1   2   9  0.34 0.23
  307 K     0   1   0  -1  -3   1   1  -2   1  -1   0   2   2   0   1  -1  -1  -2  -1  -1    7   8   4   3   0   6   8   3   3   3  11  12   6   5   8   4   4   0   2   3  0.10 0.10
  308 A     2   1   1  -1  -3   0  -1  -1  -2  -1  -1   0   1  -1   1   0   0  -3  -1   0   20  10   6   3   0   3   3   4   1   3   6   4   4   3   7   7   5   0   2   7  0.11 0.12
  309 V     0   0  -1   0  -2  -1  -1  -1  -1   1   1  -1   1   2   0   0   0  -1   0   1    8   4   3   6   0   2   4   4   1   7  12   4   3  10   4   5   5   1   2  13  0.03 0.05
  310 M     0  -1   0  -1  -2  -1   0   0  -1   0   1   0   1   0   2   0   1  -2  -1   0    6   3   4   4   0   3   5   6   1   6  13   6   4   5  12   7   8   0   2   5  0.08 0.08
  311 V     0  -1   0   0  -2   0   0   0  -1   0   0   0   0   0   0   0   0   3   0   0    6   3   4   6   1   3   8   6   2   7   9   5   3   4   5   8   7   5   3   9  0.03 0.03
  312 E    -1  -1   0   1  -3   2   3  -1   0  -2  -2   1  -1  -2   1   0   0  -1  -2  -2    6   3   4   8   0   7  23   4   2   2   5   7   1   2   8   6   5   1   2   3  0.23 0.18
  313 E    -1  -1   0   1  -2   1   3  -2   0  -1   0   1  -2  -1   0   0   0  -2  -2  -1    6   3   5   7   1   6  22   3   2   4   8   8   1   3   4   6   5   0   1   4  0.16 0.13
  314 E     0   0   0   0  -3   1   3  -1  -1  -2  -1   1  -2  -1   2   0   0  -1  -1  -1    6   4   5   5   0   7  17   4   1   2   6  10   1   3   9   8   5   1   2   3  0.17 0.15
  315 P     0  -1   0  -1  -2   0   0   1  -1  -2  -2   0  -1   0   4   1   0  -2  -2  -1    7   4   4   4   1   4   5   9   1   3   4   6   2   4  20   9   6   0   2   4  0.22 0.17
  316 K    -1   1   0  -1  -2   1   0   1  -1  -1  -1   3  -1   1   1   0  -1  -1  -2  -1    4   7   3   3   1   6   7  10   1   3   5  19   2   7   6   6   3   1   1   4  0.14 0.13
  317 K    -1   1  -2  -3  -4   0  -2  -1  -1   1   0   4   0   0   2  -1  -2  -1  -1  -1    4   8   2   1   0   4   2   4   1   7   8  30   3   5   9   4   2   1   2   3  0.36 0.27
  318 R    -2   4  -1   0  -5   0  -1   0  -2  -4  -4   4  -3  -4  -2   1  -1  -4  -5  -4    3  24   3   5   0   4   5   8   1   1   2  25   1   1   3   9   4   0   0   1  0.62 0.39
  319 G    -4   1  -2  -5  -7  -5  -6   6  -4  -4  -3   0  -6   1  -6  -1  -5  -5  -6  -5    1   6   2   1   0   0   0  64   0   1   3   7   0   5   0   5   1   0   0   1  1.49 0.73
  320 F    -6  -5   0  -8  -5  -6  -7  -3   4   2   2  -6   1   7  -8  -5  -5   1  -3  -2    0   1   5   0   0   0   0   2   8  10  20   0   4  41   0   1   1   2   0   3  1.34 0.66
  321 F    -1  -1  -5  -6  -6  -2  -5  -5  -5   2   3   2   1   6  -7  -3  -3   3  -3  -2    4   4   0   0   0   2   0   1   0  10  24  13   4  27   0   2   1   4   0   3  0.81 0.47
  322 S    -1   3   0  -3  -7   3   2   0  -2  -7  -7   4  -6  -7  -5   3  -3  -7  -6  -6    6  15   4   1   0  10  11   8   1   0   0  21   0   0   0  21   1   0   0   0  0.73 0.50
  323 F    -5   3  -6  -7  -7  -5  -7  -8  -6   1   3   0   1   7  -8  -6  -5   1   0  -3    1  14   0   0   0   1   0   0   0   7  22   5   3  40   0   0   0   2   2   1  1.34 0.67
  324 F    -9  -9 -10 -10  -9  -8 -10 -10  -8  -2   1  -8  -3   9  -8  -9  -8   2  -4  -6    0   0   0   0   0   0   0   0   0   2  14   0   1  79   0   0   0   3   0   0  2.93 1.19
  325 G    -3  -3  -4  -6  -7  -6  -6   7  -7  -2   0  -1  -3  -5  -7  -2  -4  -4  -7  -4    2   1   0   0   0   0   0  74   0   2   9   4   1   0   0   3   1   0   0   2  1.68 0.75
  326 G    -5  -7  -5  -6  -7  -7  -7   8  -7  -9  -9  -6  -8  -8  -7  -5  -6  -7  -8  -8    0   0   0   0   0   0   0 100   0   0   0   0   0   0   0   0   0   0   0   0  2.90 0.98

                      K         Lambda
Standard Ungapped    0.1379     0.3203
Standard Gapped      0.0450     0.2670
PSI Ungapped         0.1470     0.3182
PSI Gapped           0.0450     0.2670
