
Last position-specific scoring matrix computed, weighted observed percentages rounded down, information per position, and relative weight of gapless real matches to pseudocounts
            A   R   N   D   C   Q   E   G   H   I   L   K   M   F   P   S   T   W   Y   V   A   R   N   D   C   Q   E   G   H   I   L   K   M   F   P   S   T   W   Y   V
    1 M    -1  -2  -3  -4  -2  -1  -3  -3  -2   2   3  -2   6   0  -3  -2  -1  -2  -1   1    0   0   0   0   0   0   0   0   0  12  26   0  62   0   0   0   0   0   0   0  0.42 0.04
    2 D    -1  -1   3   4  -3   0   0  -1  -1  -3  -3  -1  -2  -3  -2   1   2  -4  -3  -2    0   0  25  46   0   0   0   0   0   0   0   0   0   0   0  10  19   0   0   0  0.54 0.04
    3 R    -1   4   2  -1  -3   0   0  -2   0  -2   0   2  -1  -2  -2  -1  -1  -2  -2  -2    1  44  20   1   0   1   1   1   0   1  15  11   0   1   1   1   1   0   0   1  0.30 0.03
    4 I     0  -3  -3  -4  -2  -3  -3  -3  -3   4   2  -3   2  -1  -3  -2  -1  -3  -2   3    8   0   0   0   0   0   0   0   0  41  13   0  10   0   0   0   0   0   0  28  0.38 0.09
    5 A     3   1  -1  -2  -2   1  -1   0  -1  -2  -1  -1  -1   0  -2   2   0  -2   0  -1   45  11   0   0   0   6   0   4   0   0   5   0   0   4   0  21   0   0   4   0  0.25 0.09
    6 S     0  -1  -1  -2  -2  -1  -1  -2   3  -2   0   0  -1   2   1   3   1  -2   0  -2    4   0   0   0   0   0   0   0  11   0   9   8   0  15   6  38   9   0   0   0  0.21 0.09
    7 A     3  -2  -1  -2  -1  -1  -1  -1  -2   0  -2  -1  -1  -3   2   2   1  -3  -2   0   46   0   0   0   0   0   0   0   0   8   0   0   0   0   8  23   9   0   0   6  0.33 0.10
    8 T     1  -2  -1  -2  -2  -1  -2   1  -2  -1  -2  -1  -1  -2   3   1   3   4  -2   0   14   0   0   0   0   0   0  11   0   5   0   0   0   0  13  12  32   8   0   4  0.34 0.09
    9 F    -2  -2  -2  -3   4  -2  -3  -3  -2   1  -1   0  -1   5  -3   1  -1  -1   1  -1    0   0   0   0  13   0   0   0   0  10   0   8   0  50   0  19   0   0   0   0  0.47 0.13
   10 S    -1  -2   1  -2  -2  -2  -2   1  -2   0   1  -2   0   2  -2   2   0  -2  -1   0    0   0   7   0   0   0   0  10   0   0  26   0   0  16   0  30   4   0   0   7  0.15 0.08
   11 C    -1   2  -2  -3   5  -1  -2  -3   1  -1  -1   1  -1  -1  -3  -1  -1  -1   3   0    0  21   0   0  23   0   0   0   4   0   7  11   0   0   0   5   0   0  18  10  0.32 0.10
   12 P    -2   0  -3  -3  -4  -2  -2  -1  -3  -4  -4  -2  -4  -4   8  -2  -2  -4  -1  -4    0   6   0   0   0   0   0   5   0   0   0   0   0   0  86   0   0   0   3   0  2.01 0.26
   13 A     3  -2   0  -2  -2  -1  -1   0   2  -1  -2  -1  -1  -2   2   1   0  -3  -2   0   39   0   3   0   0   0   0   6  10   0   1   0   0   0  11  13   3   0   0  12  0.26 0.09
   14 I     0  -1   0  -3  -2  -2  -3  -3  -3   3   2  -2   0   1  -3  -1   1  -2  -1   2    6   3   5   0   0   0   0   0   0  28  21   0   0   9   0   5   8   0   0  14  0.19 0.08
   15 S     1  -2   0   0  -2   2  -1   2  -2  -3  -3  -1  -2  -1  -2   4   0  -3  -2  -2    5   0   2   3   0  13   0  16   0   0   0   0   0   3   0  55   0   0   0   2  0.45 0.16
   16 L     0  -1  -1  -2  -2  -1  -2  -1  -2   1   1   0   1   2  -2   0   1  -2  -1   1    8   3   3   0   0   0   0   3   0  15  13   8   6  14   0   3  17   0   0   8  0.09 0.06
   17 S     0   2  -1  -2  -3  -1  -1   0  -2  -1  -3   0  -2  -3   4   3  -1   2  -3  -2    2  15   0   0   0   0   0   8   0   6   0   2   0   0  25  40   0   3   0   0  0.53 0.17
   18 R     0   6   1  -2  -3   0  -1  -2   2  -3  -2   0   0  -3   0  -1  -2  -4  -2  -2    8  59   7   0   0   0   0   2   6   0   4   0   4   0   5   2   0   0   0   2  0.58 0.18
   19 V    -1   0  -2  -2  -2  -2  -2   0  -2   2   1  -2   0  -1  -2   1   1  -3  -2   2    1   6   0   0   0   0   0   7   0  19   9   0   0   2   0  19   7   0   0  27  0.15 0.09
   20 C    -1   0  -1   0   6  -1  -2   0   1   0  -2  -1  -2   1   1   2   0  -2   0  -1    1   7   2   5  23   0   0   5   5   8   1   0   0   8   6  21   6   0   2   0  0.23 0.10
   21 R    -1   3  -1  -1  -3   1   1  -2  -1  -2  -2   3   1   0   0   0   0  -2  -1  -2    1  24   1   1   0   5   6   1   0   1   1  30   5   6   3   7   4   0   0   1  0.31 0.10
   22 I    -1  -2  -2  -2  -2  -2  -2  -3  -2   4   1   0   0  -1   2  -2  -1  -2  -2   2    2   1   1   1   0   1   1   1   0  46   7   7   0   1  10   1   1   0   1  16  0.30 0.11
   23 S     1   1   0  -1  -2   0   0  -1  -1  -2  -1   3  -1  -2  -1   2   0  -3  -2  -1   10   8   4   1   0   1   5   1   0   1   5  28   0   1   1  28   1   0   1   3  0.25 0.10
   24 P    -1  -1  -2  -2  -3  -2  -2  -2  -2  -3  -3   0  -3  -3   7   0   0  -3  -3  -3    1   3   1   1   0   1   1   1   0   1   2   7   0   1  65   6   5   0   1   1  1.36 0.23
   25 F     0  -1  -2  -2   0  -1  -2  -1   0  -1   1   0   0   4   1   0  -1  -1   1  -1    7   1   1   1   3   1   2   5   3   1  15   6   1  29   7   9   1   0   4   3  0.15 0.07
   26 G     0  -2   0   1   1   0  -1   3   0  -2  -3  -1  -2  -1  -2   2   0  -2  -2  -2    1   1   2  11   3   5   1  33   3   2   2   1   0   3   1  25   3   0   1   1  0.33 0.11
   27 L     1  -1  -1  -2   0  -1  -1  -2  -1   0   2  -1   0   1   1   1   0  -1   1   0   12   4   3   1   2   1   1   2   0   4  30   1   0   7   6  12   4   0   5   5  0.08 0.05
   28 N     0   0   3   1  -2  -1  -1   1   2  -2  -2   0  -1  -1   2   1   0  -2  -2  -2    6   6  23   6   0   1   1  11   7   1   2   3   3   2  10   9   7   0   1   1  0.22 0.08
   29 I    -1   0  -1  -2  -2  -2  -2  -2  -2   2   2  -1   0   2  -1  -1   1  -1   1   1    5   8   4   1   0   1   1   1   0  13  21   1   0  11   2   1  10   0   5  13  0.11 0.07
   30 K     1   1   2   0  -3   2   1  -1  -1  -2  -2   2  -2  -3   1   0  -1  -3  -2  -1   11   9  13   5   0  14   5   3   0   0   2  19   0   0   5   7   1   0   0   5  0.22 0.10
   31 T    -1   0  -1  -1   0  -1   0  -2  -2   0   0   1  -1  -2   0   1   3  -3  -2   1    0   5   1   2   2   0   4   2   0   2   8   8   0   0   3  12  30   0   0  17  0.19 0.13
   32 N     0   0   4   2  -3   1   0  -2   0  -3  -3   0  -1  -4  -1   2   1  -4  -3  -2    5   6  25  11   0   8   5   0   1   0   2   2   2   0   3  23   6   0   0   2  0.35 0.16
   33 H    -1   3  -1   1  -4   2   1  -3   5  -3  -3   1  -2  -1   1   0   1  -3   0  -3    5  17   1   7   0  13   9   0  18   0   0   5   0   3   7   4  10   0   2   0  0.36 0.16
   34 R    -2   5  -1   0  -4   2   0  -3   1  -4  -2   1  -2  -4  -3   0  -1   2  -2  -3    0  48   1   7   0  10   4   0   4   0   3   5   0   0   0   9   4   4   0   0  0.64 0.24
   35 K    -2   4   0  -1  -4   1   1   1  -1  -4  -3   4  -3  -4   1  -1  -1  -4  -2  -3    1  27   4   3   0   4   6  10   1   0   2  30   0   0   7   0   4   0   1   0  0.48 0.20
   36 R    -2   4   1  -2  -4   0  -1  -2  -2  -2  -2   2  -1  -1   0   0   0   4   0  -1    0  33   7   0   0   3   2   2   0   2   1  16   2   2   5   8   4   8   4   4  0.40 0.19
   37 F    -3  -4  -4  -4  -3  -3  -2   0  -2  -1   1  -3  -1   6  -2  -1  -3  -1   3   0    0   0   0   0   0   0   3   8   0   1  14   1   0  50   1   6   0   0   9   6  0.69 0.26
   38 S     1   0   0  -1  -3  -1  -1  -1  -2  -3  -1  -1  -2  -2   3   4   1  -4  -1  -1    7   4   3   3   0   2   2   4   0   0   6   2   0   1  13  43   5   0   2   3  0.35 0.19
   39 C     0  -1  -3  -3   8  -2  -1  -1  -3  -1  -1  -2  -2  -3  -2   0   1  -3  -1   1    6   4   0   0  40   1   6   5   0   1   6   1   0   0   1   5   8   0   2  11  0.65 0.24
   40 R    -1   3   0  -2  -3   1   0  -1   0   0   0   1  -1  -1   0   1  -1  -3  -2  -1    1  25   3   1   0   6   5   3   2   6  10   9   0   2   4  18   1   0   0   3  0.19 0.12
   41 V     2  -2  -2  -3   0  -2  -1  -1  -3   0   0   0   0  -2  -2   1   0  -3  -2   3   28   0   0   0   1   0   2   4   0   3   9   5   2   0   0   8   5   0   0  29  0.22 0.15
   42 A     3  -2   0  -1   0  -1   0  -1  -2  -2  -2   0  -2  -3   1   1   2  -3  -1  -2   38   0   5   2   1   0   6   3   0   2   3   5   0   0   6  11  14   0   3   0  0.28 0.17
   43 V     0  -3   0  -3  -2  -2  -3  -3  -3   2   0  -3   2  -2   0  -1   2  -3  -1   4    6   0   6   0   0   0   0   0   0  13   6   0   6   0   4   4  13   0   1  39  0.33 0.18
   44 A     3  -1  -1   1  -1  -2  -1   1  -2  -2  -2  -2  -2  -1  -1   2   0  -3   0  -2   37   3   1   9   1   0   2  13   0   0   4   0   0   2   2  14   5   0   5   1  0.26 0.16
   45 S     1  -2   1   0  -1  -1   0  -1  -2  -2  -2  -2   1  -3   1   3   2  -4  -3   0   11   0   7   5   1   0   5   3   0   0   2   0   6   0   6  30  14   0   0   7  0.26 0.16
   46 G     1  -1  -1   1  -3   0   1   3  -2  -3  -3  -1  -2  -3  -1   1  -1  -3  -3  -1   15   2   2   9   0   3  13  31   0   0   2   3   0   0   2  11   3   0   0   4  0.33 0.14
   47 E     0   0   2   1  -3   1   3  -2  -1  -3  -2   0   0  -2   1   1   0  -3  -2  -1    9   5  13   4   0   6  29   1   0   0   2   2   2   2   6   9   5   0   0   4  0.28 0.14
   48 T     0  -2   1   0   1   1   0   0   1  -2  -2   0  -1  -2   0   1   3  -3  -2  -1    6   0   5   4   3   6   5   8   4   1   2   4   2   1   4  13  29   0   0   5  0.20 0.14
   49 S     2  -1  -1   0  -2   1   0   0  -1  -3  -3  -1  -2  -3   1   2   3  -4  -2  -2   18   3   0   6   0   7   4   5   1   0   1   0   0   0   7  23  21   0   1   1  0.31 0.18
   50 A     3  -2  -2  -2  -2   0   1  -1  -3  -2  -2  -1   1  -2   2   1  -1  -4  -3   1   40   0   1   0   0   3   9   1   0   0   2   1   4   2  10  12   2   0   0  12  0.34 0.20
   51 R     0   2  -1  -1  -3   2   1  -1  -1  -2  -2   1  -2  -1   1   0   2  -3   0  -1    7  12   1   2   0  12  10   4   0   1   1  11   0   2   8   4  16   0   4   4  0.19 0.11
   52 V     1  -2  -2  -2  -2   1   0  -2  -2   1   0  -1   1  -2   0   0   1  -3   0   3   13   0   0   1   0   7   6   1   0   7   7   1   3   0   4   9   7   0   3  29  0.14 0.11
   53 V     2  -1  -1   1  -2  -1   1  -2  -2   0  -1  -1  -1  -2  -1   0   2  -3  -1   2   21   2   1   8   0   1   9   1   0   3   1   1   0   1   3   7  14   0   2  26  0.16 0.11
   54 V     1   0  -1  -1  -1   1   0  -1   0   1  -1   0  -1  -1  -1   0   1   0   0   2   11   5   1   1   0   7   6   4   2   7   2   3   1   2   1   4  12   1   3  24  0.07 0.06
   55 D     0   0   0   5  -3  -1   2  -1   1  -2  -2  -1  -2  -3   0   0  -1  -3  -2  -3    9   4   3  42   0   1  14   2   4   1   4   2   0   1   4   6   1   0   1   1  0.46 0.16
   56 N     0   0   1   2  -2   0   0   0   1  -2  -3   1  -2  -2   1   2   1  -3  -1  -2    4   4   7  12   0   1   1   4   4   2   1  12   0   2   7  26   9   0   1   2  0.22 0.12
   57 E     0  -1  -1   2  -3   1   5  -1  -2  -3  -2  -1   1  -3   0   0  -1  -4  -3  -2    6   1   1  12   0   3  47   5   0   0   2   2   4   0   4   6   3   0   0   3  0.49 0.20
   58 L     0  -1  -1   0  -2   0   0  -1  -2   0   1  -1   2   1  -1  -1   0   2   0   0    9   2   2   5   0   4   8   5   0   2  22   1   8   9   2   4   4   3   4   8  0.05 0.06
   59 D    -1  -1   0   5  -3  -1   3  -1  -2  -3  -3   0  -3  -4   0   1   0  -4  -3  -2    4   2   2  35   0   0  25   3   0   1   1   3   0   0   4  11   5   0   0   2  0.54 0.21
   60 L    -1   0  -2  -4   1  -3  -3  -4  -3   2   3  -2   1  -1  -3  -2   0  -3  -1   2    3   7   2   0   3   0   0   1   0  13  42   0   2   0   0   1   6   0   2  17  0.38 0.19
   61 E     0  -2   1   0  -4   1   5  -3   0  -4  -3   0  -3  -4  -2   1  -2  -4  -3  -3    9   0   8   3   0   4  56   1   1   0   2   4   0   0   1   9   0   0   1   1  0.78 0.34
   62 H    -1   1   3   1  -3   1   1  -1   2  -3  -3   1  -2  -2  -2   1   1  -3   1  -2    2   7  15   9   0   7  11   4   5   0   0  11   0   1   0  13   8   0   7   1  0.26 0.15
   63 K     0   2  -1  -2  -2   1   0  -3  -2  -1   2   4  -1  -3  -3  -1  -2  -4  -3  -1    8  13   2   0   1   6   7   0   0   2  26  29   0   0   0   2   0   0   0   2  0.35 0.23
   64 K    -4   0  -4  -4  -7  -1  -3  -5  -4  -6  -4   8  -5  -4  -5  -4  -3  -7  -5  -6    1   2   0   0   0   2   0   0   0   0   2  92   0   1   0   0   1   0   0   0  2.18 0.80
   65 H     2   2  -1  -1  -2   0  -1  -2   5  -2  -2   0   1  -1  -3   1   1  -4   0  -2   18  12   1   3   1   4   3   1  18   2   4   3   4   2   1  11   9   0   3   1  0.28 0.22
   66 D     1  -1   1   4   2   0   3  -3  -3  -3  -3   1  -2  -4  -3  -1  -1  -5  -2  -3   16   3   7  25   6   3  21   0   0   1   1   8   1   0   0   2   4   0   1   0  0.47 0.28
   67 L    -5  -5  -7  -7  -5  -5  -6  -7  -6  -2   6  -6  -1  -3  -6  -6  -4  -5  -4  -1    0   0   0   0   0   0   0   0   0   0  97   0   0   0   0   0   0   0   0   3  1.90 0.69
   68 L    -3  -2  -5  -6  -4  -4  -5  -6  -5   2   5  -2   1  -2  -5  -5  -3  -4  -1   1    1   2   0   0   0   0   0   0   0   8  73   3   2   1   0   0   0   0   2   9  1.10 0.46
   69 R    -1   3   1   3  -4   0   3  -2  -1  -4  -2   0  -2  -4  -3   0  -1  -4  -2  -3    3  21   8  21   0   3  20   1   1   0   4   4   0   0   0   7   4   0   1   1  0.47 0.27
   70 A     5  -3  -4  -4  -1  -3  -3  -3  -4  -1   0  -3   0  -4  -3   2   1  -1  -2  -1   58   1   0   0   1   0   1   0   0   2  10   1   2   0   0  12   8   1   1   2  0.76 0.43
   71 V    -2  -5  -5  -6   3  -5  -5  -3  -5   5   1  -5   0   0  -5  -4  -2  -5  -3   5    2   0   0   0   7   0   0   3   0  34  10   0   1   4   0   0   1   0   0  39  0.93 0.42
   72 Q     4  -1  -2  -3   0   3  -1  -2  -2  -2  -3  -1  -1  -1  -1   1  -1  -1   4  -1   37   3   1   0   2  15   3   1   0   1   1   2   1   2   2   8   3   1  15   2  0.45 0.31
   73 D    -1  -2  -1   3  -4  -3   0   5  -2  -5  -3  -3  -4  -2   0   0  -2  -4  -3  -4    3   2   2  15   0   0   6  52   1   0   2   0   0   2   5   6   1   0   1   0  0.80 0.36
   74 T    -2  -2  -3  -3   0   0  -3  -4  -3  -3  -1   2  -3  -4  -3  -1   6  -4   0  -1    1   1   0   0   2   4   0   0   0   0   7  17   0   0   0   2  56   0   3   5  0.87 0.46
   75 Q    -2  -1   6   3  -5   3   1  -1  -2  -5  -5   0  -4  -4  -4  -1  -3  -4   0  -4    2   3  43  13   0  15   8   4   0   0   1   4   0   0   0   2   0   0   4   0  0.87 0.41
   76 R    -4   8  -3  -4  -5  -2  -3  -5  -3  -5  -2  -1  -4  -1  -5  -4  -4   1  -2  -5    1  83   0   0   0   0   0   0   0   0   5   2   0   3   0   0   0   2   1   0  1.92 0.68
   77 G    -3  -5  -3  -4  -5  -4  -5   7  -5  -6  -6  -4  -5  -5  -5  -3  -4  -5  -5  -5    1   0   0   0   0   0   0  94   0   0   1   0   0   0   0   0   0   0   0   0  2.25 0.71
   78 L     0  -3  -3  -5  -4  -3  -5  -3  -4   1   5  -4   0   2  -5  -3  -3  -3   0  -1    7   1   1   0   0   1   0   1   0   5  63   0   1  10   0   2   0   0   3   3  0.84 0.43
   79 T     1   1   1  -1  -3   0  -2  -1  -2   0   2   0   0  -2  -3   0  -1  -3  -2   1   11   9   7   3   0   5   1   3   0   3  30   5   1   1   0   7   3   0   0   9  0.13 0.15
   80 A     6  -4  -3  -4  -3  -3  -3  -1  -4  -2  -3  -3  -1  -4  -3   0   2  -5  -4   0   64   0   1   0   0   0   0   3   0   2   1   0   2   0   0   4  13   0   0   7  0.99 0.51
   81 T    -2   0   1  -2  -3  -2  -2  -1  -3  -4  -3  -2  -3  -1  -3   4   5  -4  -4  -3    1   5   6   2   0   1   1   4   0   0   1   2   0   3   0  29  41   0   0   1  0.76 0.45
   82 S     1   0  -2   0  -3   1   3  -2  -1  -3  -3   0  -1  -4   3   2   0  -4  -3  -3   12   4   1   5   0   5  22   2   1   1   2   3   1   0  15  19   5   0   0   1  0.41 0.27
   83 D     0  -1   1   4  -3   1   2  -2   0  -2  -2  -1  -2  -1  -1   0   0  -4  -2  -2    7   1   7  25   0   6  18   1   2   3   4   3   1   2   2   7   7   0   1   2  0.32 0.22
   84 Q    -2  -2  -1   4  -5   6   2  -3  -3  -2  -3  -1  -3  -5  -4  -1   0  -5  -4  -1    2   0   2  28   0  36   9   1   0   3   2   2   0   0   0   2   7   0   0   4  0.84 0.46
   85 R    -2   6  -1  -4  -1   0  -2  -4  -1  -4   0   3   1  -4  -4  -2  -2  -5  -4  -4    3  50   2   0   1   3   0   0   1   0   9  20   4   0   0   2   2   0   0   0  0.97 0.46
   86 S     3   0   0  -1  -1   3   0   0  -2  -2  -2   0  -1  -2  -1   1  -1  -3  -3   0   26   3   4   2   1  19   5   5   0   2   2   6   1   2   2  11   2   0   0   6  0.24 0.21
   87 I     3   1   0   1  -1   0   2  -2  -2  -2  -2   0  -1  -2   0   0  -1  -3  -2  -1   29   7   4   6   2   3  18   1   0   2   4   6   1   1   4   5   2   0   1   3  0.23 0.19
   88 I     0  -4  -4  -4  -3  -4  -1  -5  -4   6   0  -4  -2  -3  -4  -3  -1  -4  -3   3    9   0   0   0   0   0   6   1   0  59   4   0   0   0   0   1   2   0   0  16  1.02 0.46
   89 E    -1  -1  -1   1  -3   1   3  -2  -1  -1   3  -2   0   0  -3  -1  -2   0  -2  -1    5   4   2   8   0   6  21   2   1   1  33   0   2   4   0   3   1   2   1   3  0.26 0.23
   90 E     1  -2   0   1  -3   0   4  -1  -2  -2  -2   0  -1  -3  -2   1   0  -3  -3  -1   15   0   4   8   0   2  34   3   0   2   3   2   2   0   0  14   6   0   0   3  0.35 0.23
   91 A     4  -2  -2  -3   1  -1  -1  -2  -3   0   1  -1   1   0  -2   0   0  -3  -2   0   44   0   0   0   3   3   3   1   0   4  16   3   3   5   0   4   4   0   0   6  0.27 0.21
   92 L     1  -2  -3  -3  -2   1  -2  -3  -3   3   1   0   3  -2  -3  -2   0  -3  -2   2   13   0   0   0   0   9   1   1   0  22  12   6  10   0   0   1   6   0   0  18  0.27 0.19
   93 V     0   1   1   1   2   1   0   0  -2   0  -2   0   1  -3  -2   0   0  -3  -2   0    7   7   7   7   7   7   7   7   0   7   1   7   7   0   0   7   7   0   0   7  0.09 0.11
   94 T     0   1   0  -1   5   3   1   0  -2  -3  -1   0   0  -3  -3   0   1  -4  -1  -1    5   7   5   3  15  18   7   6   0   0   5   3   2   0   0   6  11   0   2   3  0.27 0.21
   95 V    -1  -4  -5  -5   2  -4  -4  -5  -5   1   4  -4   2  -2  -4  -1  -3  -4  -3   3    5   0   0   0   5   0   0   0   0   7  49   0   6   0   0   5   0   0   0  23  0.73 0.35
   96 E     0  -4  -3   1  -6  -2   7  -5  -4  -6  -6  -3  -5  -6  -4   1  -4  -6  -5  -6    7   0   0   5   0   0  79   0   0   0   0   0   0   0   0   9   0   0   0   0  1.73 0.66
   97 G     2  -1  -1   3  -1  -1   0   2   2  -4  -2  -1  -3  -4  -2   1  -1  -4  -3  -2   17   2   1  22   1   2   6  19   6   0   4   4   0   0   1   9   3   0   0   2  0.33 0.20
   98 F     0   0   0  -3   2   0  -2  -4   0  -1   1  -1   1   3  -4  -2  -2  -2   4   0    7   6   6   0   4   4   1   0   2   2  18   3   4  14   0   2   2   0  17   6  0.25 0.18
   99 N    -2  -3   7   1  -3   0  -2   1   0  -6  -6  -2  -5  -5  -4   0  -2  -6  -5  -5    2   1  63   6   1   4   1  12   1   0   0   1   0   0   0   5   1   0   0   0  1.28 0.47
  100 G     1  -3  -2  -3  -4  -2  -3   2  -4  -3  -3  -2   0  -5   6  -1   0  -5  -4  -3   14   1   1   1   0   1   0  20   0   1   2   2   2   0  46   4   5   0   0   1  1.04 0.36
  101 G     1  -3   2  -1  -2  -2  -2   3  -1  -3  -3  -2  -3  -4   1   0   4  -4  -3  -2   10   0  12   2   1   0   1  28   2   0   2   0   0   0   7   5  28   0   0   1  0.51 0.26
  102 E     0  -2   0   0  -4  -1   2  -3  -1  -3  -3  -1  -3  -5   6   0   0   0  -4  -1    7   1   4   6   0   1  17   1   1   0   1   3   0   0  38   8   5   1   0   5  0.75 0.30
  103 E     1   1   0   2  -2   0   1  -2  -1  -3  -3   0  -3  -4   4   0   1  -4  -3  -2   14  10   4  11   1   2   9   2   1   0   2   3   0   0  26   4   8   0   0   2  0.45 0.20
  104 I    -1  -2  -2  -2  -2  -2  -1  -3  -3   2   2  -1   0  -1   3  -1   1  -3  -1   2    5   1   1   2   0   1   4   1   0  14  25   3   1   1  16   2   8   0   1  14  0.25 0.12
  105 D    -1  -2   2   5  -3   0   2  -2  -1  -3  -1  -1  -2  -3  -2   0   0  -3  -2  -2    6   1  10  39   0   4  11   2   1   1   6   1   0   1   1   5   7   0   2   3  0.48 0.19
  106 P     1  -2  -3  -2  -3  -2   0  -3  -3  -2   2  -2  -1  -1   5  -1  -2   0   0  -2   12   2   0   2   0   0   8   1   0   1  24   0   1   3  33   4   1   1   4   1  0.56 0.22
  107 V     1  -2  -1   1  -1  -1   0  -1   0   0   0  -2   0  -2  -1   1   1  -3  -2   1   13   0   2  10   1   2   8   5   2   2  12   0   2   1   2   9  10   0   1  18  0.09 0.09
  108 K     0   0  -1  -1  -3   1   2  -1  -1  -2   0   3   0  -3   0   0  -1  -4  -3  -2    9   3   1   2   0   8  18   3   1   1  14  25   2   0   3   4   3   0   0   2  0.22 0.15
  109 L    -4  -5  -6  -6  -4  -5  -6  -6  -5   0   6  -5   2  -1  -6  -5  -4  -4  -4  -1    0   0   0   0   0   0   0   0   0   2  92   0   3   1   0   0   0   0   0   1  1.57 0.50
  110 D     0  -3   3   5  -2   1   2  -2   0  -5  -5  -1  -4  -5  -2   0  -2  -5  -4  -4    7   0  17  40   1   8  13   2   2   0   0   1   0   0   1   6   1   0   0   0  0.77 0.30
  111 G    -3  -5  -3  -4  -6  -5  -5   7  -5  -7  -7  -5  -6  -6  -5  -3  -5  -6  -6  -6    0   0   0   0   0   0   0 100   0   0   0   0   0   0   0   0   0   0   0   0  2.39 0.62
  112 T    -2   3   4   2  -4  -1  -1  -3  -2  -3  -4   3  -2  -4  -3  -1   3   2  -3  -3    1  15  24  12   0   0   2   0   0   1   1  20   1   0   0   0  19   3   0   1  0.59 0.29
  113 W    -7  -7  -8  -8  -6  -6  -7  -7  -6  -7  -6  -7  -5  -3  -8  -7  -7  13  -2  -7    0   0   0   0   0   0   0   0   0   0   0   0   0   0   0   0   0 100   0   0  4.84 1.01
  114 R    -3   6  -2  -4  -5   0  -2  -5  -3   1  -1   3  -3  -4  -4  -3  -3  -5   0  -1    0  57   1   0   0   2   1   0   0  10   6  15   0   0   0   0   0   0   3   4  1.01 0.39
  115 L    -4  -5  -6  -6  -4  -5  -6  -6  -5  -1   6  -5   2  -2  -6  -5  -3  -4  -4  -2    0   0   0   0   0   0   0   0   0   0  94   0   5   0   0   0   1   0   0   0  1.63 0.52
  116 Q     1  -2  -2  -4   1   2  -2  -4  -3   2   3  -3   1  -2  -4  -1  -2  -4  -3   2   12   1   1   0   3  13   1   0   0  16  33   0   2   0   0   4   0   0   0  15  0.36 0.21
  117 Y    -5  -5  -4  -6  -6  -5  -5  -6  -2  -5  -4  -5  -4   3  -6  -5  -5   2   9  -5    0   0   1   0   0   0   0   0   0   0   0   0   0   8   0   0   0   2  90   0  2.76 0.72
  118 T    -3  -4  -3  -4  -4  -4  -4  -5  -5  -4  -4  -4  -4  -5  -4   1   7  -6  -5  -1    0   0   0   0   0   0   0   0   0   0   0   0   0   0   0   8  89   0   0   3  1.86 0.62
  119 S     0  -3   1  -2  -3  -3  -3  -3  -4  -4  -4  -3  -4  -5  -3   5   5  -5  -4  -3    5   0   5   1   0   0   0   0   0   0   0   0   0   0   0  47  42   0   0   0  1.13 0.46
  120 A     4  -3   0  -3  -3  -2  -1  -2  -3  -3  -3  -3  -3   2  -3   4  -1  -4  -1  -2   44   0   5   0   0   0   3   1   0   0   0   0   0   9   0  33   1   0   1   2  0.68 0.33
  121 P     0   1  -1  -1  -3   1  -1  -2  -2  -2  -1   2  -2   1   2   2   0  -3  -2  -1    7   8   1   2   0   7   2   0   0   1   5  13   0   9  11  26   4   0   0   4  0.23 0.16
  122 D     1  -3  -1   5  -4  -1   3   1  -3  -4  -4  -2  -4  -5  -2   1  -2  -5  -4  -4   11   0   1  38   0   2  25  10   0   0   0   0   0   0   1  10   0   0   0   0  0.75 0.30
  123 V    -2  -4  -4  -4  -1  -4  -4  -4  -4   2   3  -4   0   0  -4   0   0  -4  -2   4    0   0   0   0   1   0   0   0   0   7  35   0   1   4   0   8   6   0   0  37  0.60 0.27
  124 V    -3   1  -1  -5  -3  -3  -4  -5  -4   0   5  -3   1   1  -5  -4  -2  -3  -2   1    1   9   3   0   0   0   0   0   0   3  67   0   2   5   0   0   1   0   1   7  0.80 0.32
  125 V     0  -1   2  -2  -2  -2  -2   1  -2   0  -1  -2   0  -2   3   0   1  -3  -3   1    8   4  11   0   0   1   1  11   0   7   4   1   3   1  19   6   9   0   0  13  0.24 0.13
  126 L    -2  -4  -4  -4  -3  -3  -4  -3  -4   2   5  -4   0  -2  -4  -3  -3  -3  -3   0    2   1   0   1   0   0   1   2   0  12  73   1   0   0   1   1   1   0   0   4  0.94 0.32
  127 F    -2  -2  -2  -2  -2  -2  -2   1  -2   1   3  -2   0   3  -2  -2  -2  -2  -1   1    2   1   1   1   1   1   2  12   1   5  41   2   1  15   1   2   2   0   1   8  0.30 0.16
  128 E     0   1  -1   0  -2   1   2   1  -1   0   0   0   0  -2   1   0  -1  -2  -1  -1    5   7   2   5   1   8  17  11   1   6   9   3   3   2   8   7   2   1   1   3  0.10 0.05
  129 A     3  -1  -1  -2  -2  -2  -2   1  -2  -1   0  -2  -1  -2   1   1  -1  -3  -2   0   38   3   2   1   0   1   1  10   0   3  10   1   0   1   7  14   1   0   1   5  0.28 0.18
  130 A     2  -1  -1   0  -2   0   0   0  -2   1   0  -1  -1   0   0   1   0   0  -2   0   27   3   3   4   0   3   4   8   0  11   7   1   1   4   4   8   7   1   1   3  0.08 0.09
  131 S     0   1   0   3  -3   1   1   2  -2  -3  -3  -1  -3  -1   0   1   0  -4  -1  -3    9   9   4  21   0   6   6  17   0   0   2   2   0   2   3  10   5   0   2   0  0.27 0.17
  132 R    -2   6   0   0  -4   1  -1  -1  -2  -3  -2   0  -3  -4   0  -1   0  -1  -2  -2    3  50   5   4   0   6   2   4   0   1   5   3   0   0   4   2   7   1   1   2  0.61 0.32
  133 L    -2  -3  -3  -5   0  -4  -4  -5  -4   1   4  -4   1   3  -2  -3   0  -3  -1   1    2   1   1   0   2   0   0   0   0   5  55   0   3  13   2   1   6   0   1   7  0.63 0.32
  134 P    -2  -5  -5  -5  -6  -4  -4  -1  -5  -5   0  -4  -5  -6   8  -2  -4  -7  -6  -5    2   0   0   0   0   0   0   5   0   0   9   0   0   0  82   2   0   0   0   0  2.30 0.74
  135 F    -1  -4  -4  -5  -3  -4  -4  -3  -4  -1   3  -4   0   5   2  -2  -2   2  -1   1    3   0   0   0   0   0   0   2   0   1  37   0   2  29   9   3   2   2   0   9  0.61 0.32
  136 F    -1  -3  -3  -4   0  -3  -3  -4  -3   2   2  -3   0   3  -1  -1   0   0   1   3    4   0   1   0   1   0   0   0   0  12  22   0   1  14   4   4   4   1   4  26  0.34 0.21
  137 Q     0   1   1   1  -3   1   1   0   2  -2  -2   1  -2  -3   1   0   0  -3  -2  -1    8   8   7   8   0   7   8   8   7   0   1   8   0   0   8   8   8   0   0   8  0.16 0.11
  138 V     0  -3  -3  -3  -2  -2  -3  -3  -3   2   3  -3   0  -1  -1  -2   0  -3  -2   4    5   1   1   1   0   1   1   1   0   9  31   1   0   0   4   1   5   0   0  38  0.37 0.16
  139 G    -1  -1   0   0  -3  -1   0   5  -2  -4  -4   0  -3  -3  -2   0  -1  -3  -3  -3    1   3   3   5   0   3   5  64   0   1   1   5   0   0   1   4   3   0   0   1  0.81 0.23
  140 Q    -1   0   1   2  -3   4   2  -1  -1  -3  -3   1  -2  -3   0   0   0  -3  -2  -3    4   4   6  10   0  33  12   3   0   1   1   8   0   0   5   7   4   0   0   1  0.40 0.16
  141 V    -2  -3  -3  -3  -2  -3  -3  -4  -4   6   1  -3   0  -1  -3  -3   0  -3  -2   3    1   1   1   1   0   1   1   1   0  66   5   1   0   0   1   1   5   0   0  14  0.76 0.26
  142 F    -1  -2  -2  -3   1  -2  -3  -2   1   0  -2  -2  -2   3  -3   0   0   2   6  -1    3   2   1   1   4   0   1   2   2   6   1   1   0  14   1   9   8   2  41   3  0.60 0.22
  143 Q    -3  -1  -2  -2  -4   8   0  -3  -2  -4  -4   1  -2  -4  -3  -2  -2  -3  -3  -4    1   1   1   1   0  84   1   1   0   1   1   6   0   0   1   1   1   0   0   1  1.63 0.46
  144 K     0   1   0   0   5   0   0  -1  -1  -1  -2   1  -1  -2  -2   1   1  -2   0   0    4   8   5   5  20   3   6   2   0   2   2  10   0   1   1   9   8   0   4   7  0.20 0.10
  145 F    -2  -3  -3  -3  -2  -3  -3  -3  -3   5   0  -3   0   4  -1  -3  -2  -2   0   1    1   1   1   1   0   1   1   1   0  49   4   1   0  23   3   1   1   0   2   8  0.56 0.20
  146 E    -1   2   1   4  -2   0   2  -1   0  -2  -2   0  -2  -1  -1   0   0  -2  -1  -2    2  14   6  27   1   1  13   3   2   2   3   4   1   2   2   9   4   0   2   2  0.27 0.09
  147 C     0  -2  -2  -2   7  -2  -2  -1  -2   1  -1  -2  -1  -2   0   0   1  -2  -1   1    7   1   1   2  27   1   2   4   1   7   6   2   1   1   5   9   8   0   2  14  0.41 0.18
  148 R     0   1   0  -1  -1   1   0  -1   0   0   0   1  -1  -1   0   0   0  -2  -1   0    7  10   4   2   1   7   5   3   2   4  10  14   1   2   4   8   2   0   2  10  0.06 0.04
  149 D    -1   1   1   3  -2   0   1   0   0  -2  -1   0  -1  -2  -1   1   1  -2  -2  -2    4   8   9  17   1   2  10   7   2   3   6   3   1   1   2  12  10   0   1   2  0.16 0.08
  150 R    -1   3   0  -1  -2   2   1  -1  -1  -2   0   1   0  -1  -1   0   0  -2  -2  -1    4  24   5   1   1  10   7   3   0   1  11   8   3   4   3   4   6   0   1   4  0.17 0.12
  151 S     1   0  -1   1  -2  -1   0  -1  -1  -2  -2   1  -2  -2   0   3   2  -3  -2  -1   10   3   1   8   0   1   3   3   2   2   3   7   0   1   3  27  18   0   1   4  0.23 0.16
  152 D    -1   0   2   3  -2   0   1  -1  -1  -1  -1   0  -1   0   0   0   0  -2  -1  -2    5   4   9  22   1   3  12   3   1   3   7   5   1   5   3   9   3   1   2   3  0.17 0.08
  153 G     0   0   0   0  -2   0   0   3   0  -1  -2  -1  -1  -2   0   1   0  -2   0  -1    8   6   4   5   1   4   7  25   2   4   4   3   1   1   4   9   6   1   3   2  0.14 0.06
  154 G     0  -1   1  -1  -2   0   0   3  -1  -2  -1   0  -1   0  -1   0   0  -2  -1  -1    9   3   9   3   1   5   4  28   1   2   6   8   2   5   3   4   4   0   1   3  0.17 0.08
  155 I    -1   1  -1  -2  -2   0  -1  -2  -2   2   0   0   0  -1  -1   0   1  -2   0   1    3  10   1   2   1   3   4   3   1  23   6   7   1   1   2   5  12   0   3  12  0.10 0.08
  156 I     0  -4  -4  -4  -3  -4  -4  -4  -4   4   0  -4  -1   0  -4  -3  -1  -4   1   5    7   0   0   0   0   0   0   0   0  30   7   0   0   3   0   0   3   0   5  42  0.73 0.34
  157 R    -2   2   2   0  -2   1   3  -3   0  -2  -3  -1  -3   0  -3  -2  -1  -2   5  -1    1  14   9   5   1   7  21   1   1   1   1   1   0   2   0   1   3   0  25   6  0.47 0.28
  158 N    -4  -3   8  -1  -5  -3  -2  -3  -2   0  -2  -3  -4  -4  -4  -2  -3  -5  -3  -2    1   0  76   1   0   0   2   0   0   7   5   0   0   0   0   1   0   0   1   3  1.59 0.60
  159 V     1  -2  -3  -3  -1  -2  -1  -2  -3   4  -1  -1   0  -2  -3   0   0  -4  -3   3   10   2   0   0   1   1   5   2   0  33   2   4   1   1   0   9   4   0   0  23  0.34 0.23
  160 V     3  -3  -3  -1  -2  -2   0  -2  -3   2   0  -3  -1  -3  -2  -1   0  -4  -3   3   29   0   0   3   0   0   6   1   0  15   6   0   0   0   2   2   5   0   0  30  0.38 0.25
  161 Q    -2   2  -1   0  -4   2   4  -3  -1  -2  -2   0  -2  -4   1  -1   1  -4  -3  -1    2  14   2   4   0  10  35   1   1   2   4   3   0   0   6   3   9   0   0   4  0.44 0.26
  162 W    -1  -3  -3  -4  -3  -3  -3  -4  -2   2   2  -2  -1   3  -2  -3  -3   8   3   1    4   0   2   0   0   0   1   1   1  13  19   3   1  13   2   1   1  21   9   8  0.69 0.29
  163 S     0  -2  -1  -2  -3   0  -1   2  -2  -3  -2   0  -3  -4   1   4   0  -4  -3  -2    7   2   2   1   0   4   3  19   1   1   4   4   0   0   7  39   3   0   0   3  0.39 0.26
  164 L    -1  -3  -2  -3  -2  -3  -3   2  -3   2   2  -3  -1   1  -2   0   0  -3  -2   1    3   0   1   0   0   0   1  19   0  13  27   1   0   5   2   8   5   0   0  13  0.24 0.17
  165 P    -3  -3  -4  -2  -4  -3  -2  -4  -4  -1  -1  -3  -4  -4   8  -1  -3  -5  -4  -1    1   1   0   2   0   1   2   1   0   3   5   1   0   1  72   4   1   0   0   4  1.79 0.56
  166 S    -1  -1   1  -2  -3  -2  -2  -1  -2  -2  -1  -2   0   3   4   0   0   3   3  -1    4   3   9   1   0   1   1   5   0   1   6   1   3  15  21   6   5   4  10   4  0.34 0.18
  167 L     0  -3  -3  -3   0  -3  -3  -2  -3   1   4  -3   2   2  -2  -2  -2   0   0   0    7   1   1   1   2   1   1   2   0   4  51   1   4   8   2   3   2   1   2   6  0.43 0.22
  168 L     0   1  -2  -2   3  -1   0  -2  -2   0   0  -1   2   1   1   0   1  -2  -1  -1    9   9   0   0   8   0   9   1   0   9   9   0   9   9   9   9   9   0   0   1  0.10 0.12
  169 E     0   0   1   1  -2   2   2   0  -1  -2  -1   1  -1  -2   0   1   0  -3  -2  -2    9   5   6   6   0   9  16   5   0   1   5   8   0   1   5  14   6   0   1   1  0.18 0.10
  170 E     1   0  -1   0  -2   0   1   0  -1   0  -1   0  -1  -2   3   0   0  -2  -2  -1   14   7   1   4   0   3  14   5   0   7   7   6   0   1  15   5   6   0   1   4  0.15 0.08
  171 Q     0   0   0   0  -2   2   1   0   0  -1   0   0  -1   0   0   0  -1   1   0  -1    8   6   5   4   1  14   9   6   1   2  11   5   1   6   3   7   2   2   2   3  0.06 0.04
  172 E     1   0   0   1  -2   1   3   0  -1  -2  -1   0  -1   0   0   1   0  -2  -1  -2   11   4   2   5   0   5  26   7   1   1   8   4   1   5   3  12   3   0   1   2  0.16 0.11
  173 G     0   0  -1  -1  -3  -1   0   5   0  -2  -3  -1  -3  -3  -1   0   0  -3  -3  -3    4   4   2   2   0   1   5  50   3   2   1   3   0   1   3   6   8   0   1   1  0.56 0.24
  174 A     3  -2  -1  -2  -2  -2  -2   1  -3  -1   0  -2  -1   0  -1   1   2  -3  -2   1   28   0   2   0   0   0   1  12   0   2   9   0   0   5   3   9  13   0   0  13  0.21 0.18
  175 T     0   0  -1  -2  -2  -1  -2  -1  -3   1   0  -2   0  -3  -3   2   4  -3  -3   0    4   6   2   0   0   2   0   3   0   9  11   0   1   0   0  20  33   0   0   6  0.33 0.25
  176 L     0  -3  -4  -4  -3  -3  -4  -4  -3   2   3  -3   0   4  -4  -1  -2  -3  -1   2    6   0   0   0   0   0   0   0   0   8  39   0   0  19   0   7   0   0   0  18  0.50 0.28
  177 V     0   0   0  -2   1   0  -1  -1  -2   1  -1   0   1   0  -2   2   2  -3  -2   0    4   4   4   0   3   4   4   4   0  12   5   4   4   4   0  20  17   0   0   7  0.13 0.14
  178 V     0  -3  -3  -4  -3  -3  -3  -3  -4   1   0   0  -1   1  -3   0   1  -3  -2   5    8   0   0   0   0   0   1   1   0   6   8   6   0   6   0   6   7   0   0  48  0.48 0.28
  179 T     2   0   0   0   2   0   0  -1  -2  -2  -2  -1  -2   1  -2   1   2  -3  -2   0   22   4   3   4   4   3   5   3   0   0   2   2   0   8   0  13  19   0   0   5  0.18 0.16
  180 A     5  -3  -3   0  -3  -3  -3  -2   2  -3  -3  -3  -3   0   0   0   0  -4  -3  -2   67   0   0   4   0   0   0   0   5   0   1   0   0   5   5   6   5   0   0   0  0.84 0.43
  181 K    -1   3   0  -1  -3   0   0   0  -1  -3  -1   4  -2   0  -2   1   0  -3  -2  -3    3  16   3   3   0   3   3   6   1   0   5  31   0   6   0  12   6   0   0   0  0.32 0.21
  182 F    -1  -4  -4  -4   0  -3  -1  -3  -3   0   1  -2   1   7  -4  -3  -3   2   3  -2    5   0   0   0   2   0   5   2   0   5  10   3   4  50   0   0   0   2  10   0  0.85 0.36
  183 D    -1  -1   0   2  -4   0   4   0  -2  -3  -3   0  -3  -4   1   1   0  -4  -2  -3    4   3   4  10   0   2  40   6   0   1   1   5   0   0   6   9   7   0   1   1  0.49 0.29
  184 K     1  -1  -3  -2  -1  -2  -3  -1  -3   1  -1   0   0  -3   4   0  -1  -4  -3   3   12   3   0   1   1   0   0   3   0   6   5   6   2   0  21   7   1   0   0  30  0.39 0.25
  185 V    -1   3  -1  -3   0  -2  -2  -4  -3   2   1  -2   0  -2  -1  -1   0  -4  -3   3    5  18   2   0   2   1   2   0   0  11  12   0   2   0   3   3   5   0   0  32  0.31 0.24
  186 S     0  -1   1  -1  -2   0  -2   2  -3  -4  -4  -1  -3  -3  -3   5   1  -4  -4  -4    5   2   6   2   1   3   0  13   0   0   1   2   0   1   0  54   7   0   0   0  0.72 0.42
  187 S     0  -1   0   2  -3  -1   1  -1  -2  -2  -2   1   0  -3   4   1   0  -4  -3  -1    7   3   3  12   0   2  10   4   1   1   4   8   3   1  24   9   4   0   1   5  0.34 0.19
  188 R    -2   5   0  -2   0   1   1  -3   0  -3  -4   3  -3  -4   1   1  -1  -4  -2  -3    2  38   3   0   2   5   7   0   2   1   1  16   0   0   6  11   2   0   1   1  0.60 0.32
  189 N    -1   6   3  -2  -4   0   0  -2  -1  -2  -3   1  -3  -4  -3   0   0  -4  -3  -4    4  45  17   0   0   4   6   2   1   2   1   6   0   0   0   7   5   0   0   0  0.76 0.38
  190 I     0  -4  -4  -2  -3  -4  -4  -4  -4   5   1  -4  -1   0  -4  -3  -1  -4  -3   4    7   0   0   3   0   0   1   1   0  39  13   0   0   3   0   1   2   0   0  29  0.67 0.33
  191 Y     0   0   1   0  -3   3   0  -1  -1  -3  -3   2  -2   0  -1   0  -1  -2   4  -2    7   5   8   5   0  19   6   3   1   0   1  13   1   4   3   4   1   0  16   3  0.28 0.22
  192 L    -2  -4  -4  -4  -3  -3  -4  -4  -4   3   3  -4   1  -1  -3  -1  -2  -4  -3   4    1   0   0   0   0   0   1   1   0  15  32   0   2   2   1   7   0   0   0  36  0.64 0.33
  193 Q     0   2   0  -2  -3   4   0  -1  -2  -1  -3   3   0  -3  -3  -1   1  -4  -2  -1    7  13   3   1   0  20   3   3   0   3   1  24   3   1   0   3  10   0   1   4  0.36 0.26
  194 F    -2  -4  -2  -2  -4  -5  -4  -5  -4  -2  -1  -2  -2   8  -5  -4  -4  -2   1   1    3   0   2   3   0   0   0   0   0   0   4   2   0  70   0   0   0   0   2   9  1.53 0.57
  195 E    -3  -1   0   0  -4   2   6  -4  -1  -4  -3   0  -3  -4  -3  -1   1  -4  -4  -1    1   2   3   3   0  11  55   1   1   0   1   6   0   0   0   3   8   0   0   4  0.85 0.41
  196 E    -1   3  -1  -1  -3   1   5  -3  -2  -1  -3   2  -3  -3  -2   0   0  -3  -3  -3    5  16   1   2   0   3  43   1   0   4   1  10   0   1   1   4   6   0   1   1  0.58 0.29
  197 I     0  -1  -1  -2  -2  -1  -2   0  -1   1   0   0   0   1  -2   0   1  -1   2   1   10   0   0   0   0   0   1  10   0  10  10  10   0   9   0  10  10   0   9  10  0.06 0.07
  198 S     0   0   0  -2  -2   0   0   0   1   1  -1   0  -1   0  -2   1   1  -3  -2   1    7   5   4   0   0   4   4   6   4  15   5   5   0   4   0  14  11   0   0  10  0.06 0.10
  199 V     0  -1  -3  -3  -2   0  -2  -3  -3   3   1  -2   0   1   0  -2   0  -3  -1   3    6   4   0   0   0   4   1   1   0  21  14   0   0   7   5   1   7   0   0  28  0.24 0.17
  200 R     0   3   0   0  -3   3   1   1  -1  -2  -2   1  -2  -3   1   0  -1  -3  -2  -2    5  18   3   4   0  16  11  14   0   3   3   7   0   1   6   5   3   0   0   1  0.25 0.15
  201 N    -1   1   3   1  -3   0   0   0   0  -3  -3  -1  -2  -2   0   2   2  -1   0  -3    3   7  17   6   0   2   5   8   1   0   2   2   0   1   5  19  16   1   3   1  0.26 0.21
  202 I    -1  -2  -3  -3  -2   0  -3  -3  -3   4   1  -2  -1  -1   2  -1   0  -3  -1   2    4   2   0   1   0   4   1   1   0  32  12   3   0   2  10   3   4   0   2  19  0.37 0.24
  203 N    -1   1   2   1  -3   1   1   0  -1   0   0   1  -1  -1  -2   0   0  -3  -1  -1    2   7  15   7   0   8  11   7   1   8   8   9   1   3   1   6   3   0   1   3  0.10 0.10
  204 I    -1  -1   0  -3  -3  -3  -3   2  -3   4   1  -2  -1  -1  -1  -1  -2  -3   0   1    2   3   6   1   0   0   1  16   0  30  16   2   0   1   3   3   1   0   3  11  0.26 0.21
  205 N    -1   0   1   0  -3  -1  -2  -1  -2  -2   1  -1  -2   1   2   3   0  -1   1  -2    2   5   6   5   0   2   1   3   0   1  15   3   0   7   9  28   6   1   6   1  0.19 0.20
  206 E    -1   0  -1   2  -3   3   3  -1  -2  -2  -2  -1  -2  -2   1   1  -1  -3  -3  -3    4   5   2  10   0  17  24   5   0   3   4   2   0   2   8  10   3   0   0   1  0.32 0.23
  207 Q    -1   2   1   0  -3   3   2   1  -2  -3  -1   0  -2  -2  -2   1  -1  -3  -2  -2    4  13   7   3   0  20  13  14   0   0   5   4   0   1   1   9   2   0   1   2  0.29 0.22
  208 L    -1  -3  -3  -3  -3  -3  -3  -4  -3   1   4  -3   1   1  -2  -2  -2  -1   0   2    5   0   1   1   0   0   1   1   0   7  48   1   2   6   2   2   2   1   3  16  0.48 0.28
  209 Q    -2   1  -1   0  -4   4   2  -3  -1   0   0   0  -1  -1   1  -1  -1  -4  -3  -2    2   6   2   6   0  27  17   1   1   8   9   5   1   2   7   2   3   0   0   2  0.33 0.27
  210 A     2   0   0   0  -2   0  -1   2  -2   0  -1  -1  -2  -1   1   1   0  -3  -1  -1   20   6   5   5   0   3   3  15   0   6   6   2   0   2   7  11   4   0   2   4  0.12 0.12
  211 L    -2  -3  -3  -4  -3  -3  -4  -4  -2  -1   3  -3   1   4   1  -2  -2  -2   4  -1    4   0   1   1   0   0   1   1   0   1  35   1   3  18   7   3   2   0  18   4  0.58 0.34
  212 I    -2  -1  -1  -1  -3   1   0  -2  -2   3   2  -1   1  -1  -3  -1  -1  -3  -1   0    2   4   2   2   0   7   8   3   1  29  21   3   3   2   1   4   2   0   1   3  0.21 0.19
  213 A     2  -2   0  -1  -1   1   0   1  -2  -1  -1  -1  -2  -2  -1   2   0  -3  -3  -1   25   1   4   3   1   7   5  11   0   3   6   1   0   1   3  21   3   0   0   4  0.22 0.20
  214 P    -2  -3  -2  -2  -4  -1  -2  -3   0  -2  -1  -1  -3  -3   7  -2  -1  -4   2  -2    3   1   1   2   0   2   2   1   2   2   6   3   0   1  57   3   3   0   7   3  1.25 0.49
  215 A     3   0   0   0  -2   0   0  -1  -2   0  -1   0   0  -2  -1   0  -1  -3  -1   0   30   6   5   4   0   5   5   4   0   5   7   5   3   1   2   6   2   0   2   7  0.12 0.14
  216 I    -1   0   0   0  -2   1   0  -1  -1   2   1  -1   0   0  -1   0   0  -2  -1   1    4   4   4   4   1  10   6   3   1  18  14   3   1   5   3   6   4   0   1   9  0.05 0.07
  217 L    -1  -2  -1  -2  -2   0  -1  -1  -2   0   3  -1   1   1  -1   0  -1   0   0   0    3   1   3   1   0   5   3   4   1   4  40   3   4   5   2   8   3   1   4   3  0.21 0.16
  218 P    -2  -3  -2  -2  -3   0  -2   1  -3   0  -2  -1  -3  -3   6   0  -1  -4  -3  -1    2   1   2   2   0   4   1  12   0   5   5   3   0   1  48   5   4   0   1   4  0.93 0.39
  219 R    -1   4   0   0  -3   2   1  -1  -1  -3   0   1  -2  -3   0  -1  -1  -3  -3  -2    4  32   4   5   0  10  11   6   1   1   9   6   0   1   4   3   2   0   0   2  0.37 0.25
  220 S     0   0   1   0  -3   1  -1   1  -2  -2  -2   1  -2  -2  -1   3   1  -3  -2  -1    6   3   7   4   0   5   1  12   0   2   2  11   0   2   2  27  10   0   1   4  0.23 0.20
  221 F    -2  -3  -3  -2  -3   0  -2  -2  -3   1   1  -1  -1   5   0  -1  -2   3   1   0    2   1   1   2   0   4   2   2   0   6  16   4   1  34   6   5   2   4   3   5  0.43 0.27
  222 L    -1  -1   0   0  -2   0  -1  -1  -2   2   2  -1   0   1  -2  -1   0   2  -1   0    5   2   5   5   0   4   3   4   0  13  31   4   1   5   2   4   5   3   1   3  0.12 0.13
  223 S     1  -1   2   0  -2   1  -1   0  -1  -2  -1  -1  -1  -2   0   3   1  -3  -1  -1    9   2   9   4   0   9   3   7   1   1   6   2   1   1   5  26   8   0   3   4  0.19 0.17
  224 L    -1  -2  -1  -1  -2   1   0  -1   1   2   2  -1   0  -1  -1  -1   0  -2  -1   0    5   1   3   3   0   7   5   4   4  17  28   4   2   2   2   2   6   0   2   4  0.12 0.13
  225 Q    -1   1   0   1  -4   6   1  -1  -1  -4  -3   0  -1  -4   1  -1  -2  -4  -3  -2    5   9   4   9   0  39   7   4   1   1   2   4   1   1   6   4   2   0   0   3  0.58 0.37
  226 L     0  -1  -3  -2  -2   0  -1  -2  -3   2   2   0  -1   1   1  -1  -1  -2  -1   1   10   2   1   1   0   5   2   3   0  12  24   6   0   8   8   3   2   0   1  11  0.15 0.15
  227 L     0  -2  -3  -2  -2  -2  -1  -2  -3   3   3  -2   0   0  -3   0  -1  -3  -1   1   10   2   1   2   0   1   4   3   0  21  33   2   2   3   1   6   3   0   1   5  0.26 0.20
  228 Q    -1  -1   1   0  -3   4   2   0  -1  -3   0  -1  -1  -3  -1   1  -1  -4  -2  -3    3   2   8   5   0  27  14   6   1   1   9   3   1   0   2  13   3   0   1   1  0.37 0.29
  229 F     0  -2  -2  -1  -2   0   0  -1  -2   1   0  -2  -1   3   0  -1  -1  -2   1   1   11   1   1   3   0   6   5   5   0   9  11   1   1  20   5   5   3   0   5   9  0.13 0.15
  230 I     0  -3  -1  -2  -3  -1  -3   0  -3   4   2   0   1   0  -3  -1  -1  -3  -2   1   10   0   3   3   0   2   0   7   0  31  17   6   2   4   0   4   3   0   0   7  0.24 0.21
  231 R    -2   4   0  -1  -4   2   2  -1   0  -4  -3   3  -3  -4   1   0  -2  -4  -3  -4    2  24   5   3   0   9  12   5   2   0   2  21   0   0   6   7   0   0   0   0  0.47 0.30
  232 T     0   0  -1  -1  -3   1   0   0  -2  -2  -1   1  -1   0  -1   1   2  -3  -1  -1    7   5   2   3   0   9   5   6   0   0   7  11   1   5   3  11  17   0   2   5  0.11 0.14
  233 F    -1  -3  -1  -2  -3  -2  -3   1  -3   2   2  -3   0   5  -1  -3  -1  -2  -1   0    5   0   4   2   0   2   0  10   0  15  19   0   2  26   3   0   5   0   0   4  0.34 0.26
  234 K     1   0   0   1  -3   1   1  -1   0  -1  -2   2  -1  -2  -1   1   0   3  -2  -2   10   4   3   7   0   7   9   3   2   4   3  18   1   2   2  14   6   5   0   0  0.18 0.17
  235 A     2  -1  -1  -2  -2   0  -1   1  -2   0   0   1  -1   0   1   1  -1  -3  -2  -1   24   2   3   0   0   3   3  12   0   7   8  10   0   5   5   9   3   0   0   4  0.12 0.15
  236 Q    -2   2   0   2  -4   4   0  -1   0  -3  -1   0  -1   2  -3   0  -2   2  -2  -2    2  10   4  14   0  26   4   5   1   0   5   4   2  10   0   5   1   3   0   2  0.35 0.29
  237 I    -1  -1  -3  -2  -3   0  -2  -4  -1   3   1  -1   0   3   2  -2  -1  -1  -1   2    6   3   1   3   0   5   1   0   2  19  10   3   1  18  10   2   2   1   0  14  0.25 0.22
  238 P     1  -2  -2   0  -4   0  -3  -2  -2  -4  -3   1  -4  -5   7  -2  -2  -5  -4  -4   10   1   2   5   0   5   1   3   1   0   3   9   0   0  53   2   2   0   0   1  1.21 0.55
  239 V    -1  -2  -2  -2  -3  -3  -3  -4  -3   3   2  -2  -1   2  -1  -1  -1   1  -2   2    4   2   2   3   0   0   0   1   0  21  24   2   0  11   2   5   2   2   0  18  0.33 0.24
  240 N     0   1   2   3  -3   1   0  -1   1  -1  -2   1  -1  -2  -1   0   0  -4  -3  -1    6   6  14  20   0   6   4   3   3   4   4  12   1   2   2   3   7   0   0   3  0.22 0.18
  241 A     2   0   0   0  -2   0  -1   0  -2   0   0  -2  -1   2  -1   1  -1  -2  -1   0   19   5   3   5   0   5   2   6   0   7   7   1   0  14   2  14   3   0   1   4  0.10 0.14
  242 T     0   0   0   0  -2   0   0  -1  -2   1   0   0  -1   0   2   1   1  -2  -2  -1   10   5   5   5   0   5   3   4   0  10   8   5   1   5   9  10  10   0   1   2  0.07 0.08
  243 S    -1   0   1   0  -2   1   0  -1  -2   1   0  -1  -1   0   0   2   0  -3  -2  -1    3   4   8   6   0   6   7   3   0  13  10   2   0   6   5  19   5   0   0   3  0.09 0.13
  244 P    -1  -1   0   0  -3   2   0  -2  -3   0  -1  -1  -2  -2   5   0  -1  -4  -3  -1    4   2   5   5   0  10   5   3   0   8   5   2   1   2  33   8   2   0   0   3  0.52 0.30
  245 G     0  -1   2   0  -3  -1   1   3  -2  -2  -1  -1  -2  -2   0   1   0  -1  -3  -2    6   2  10   4   0   2   9  28   0   3   5   2   0   1   4  14   4   1   0   3  0.26 0.19
  246 R    -2   5   2   1  -4   1   0  -1  -2  -4  -2   1  -1  -4  -3   0  -2   1  -3  -3    3  36  11   9   0   6   5   4   0   1   3   6   2   0   1   8   2   2   0   1  0.52 0.32
  247 R    -1   5   2   1   0   2   1  -1  -2  -4  -3   0  -3  -4  -2   0  -1  -4  -1  -3    3  34   9   8   2   9  11   3   0   0   2   3   0   0   1   7   2   0   3   1  0.49 0.32
  248 S     1   0   1   1  -3   2   1   1  -2  -3  -3  -1  -1  -1   0   2   0  -3  -3  -2   11   4   8   7   0  12   9   8   0   1   1   2   2   3   4  21   5   0   0   2  0.23 0.20
  249 V     1   0   0  -2   2   3   0  -2  -2   0  -1   0  -1  -1   1   0   0  -3  -2   1   11   4   4   1   4  21   6   3   0   5   4   3   1   3   8   5   4   0   0  12  0.17 0.18
  250 G     0  -1   0  -1  -3   3  -1   4  -3  -3  -2  -1  -3  -2  -2   1  -1  -3  -3  -2    9   3   3   2   0  15   2  37   0   1   4   3   0   2   2  11   3   0   0   3  0.46 0.29
  251 G     0  -5  -4  -3  -5  -2  -4   6   1  -4  -4  -4  -5  -4  -5   1  -3   8  -3  -5    6   0   0   1   0   2   0  54   3   1   2   0   0   0   0   9   1  20   0   0  1.41 0.64
  252 L    -3  -1  -3  -1  -5  -4  -3  -4  -5  -2   4  -5  -2  -2  -2  -2  -2  10  -1  -3    1   3   2   4   0   0   2   2   0   1  37   0   0   1   2   3   2  38   1   1  1.50 0.66
  253 Y    -3  -3  -3  -2  -3  -1  -2  -4  -2   0   3  -3  -1   1  -2  -2  -2   4   5  -1    1   1   1   2   0   3   3   1   0   4  38   1   0   5   2   2   2   5  24   3  0.59 0.33
  254 Y    -3  -3  -2   5  -4  -2   3  -4  -1  -2   1  -3   1  -1  -4  -2  -1   1   3  -2    0   0   1  31   0   1  17   0   1   2  18   0   3   2   0   1   4   2  14   3  0.60 0.41
  255 L    -3  -4  -4  -4  -3  -2  -4  -5  -4   5   3  -4  -1  -1  -4  -3   1  -4  -1   1    1   0   0   0   0   2   0   1   0  41  30   0   0   2   0   1  11   0   2   8  0.80 0.43
  256 S    -3  -2  -3  -4  -4  -4  -4  -5  -5  -4  -2  -4   1  -5  -3   2   7  -6  -5  -4    0   2   0   0   0   0   0   0   0   0   4   0   3   0   1  16  72   0   0   0  1.57 0.72
  257 Y    -6  -6  -6  -7  -7  -6  -6  -7   0  -5  -5  -6  -5   2  -7  -6  -6  -2  10  -2    0   0   0   0   0   0   0   0   1   0   0   0   0   7   0   0   0   0  88   3  2.98 1.01
  258 L    -4  -5  -7  -7   0  -5  -6  -7  -6   2   6  -6   0  -3  -6  -6  -4  -5  -4   0    0   0   0   0   2   0   0   0   0   9  82   0   1   0   0   0   0   0   0   6  1.55 0.63
  259 D    -5  -5  -3   8  -7  -4  -1  -5  -5  -7  -8  -4  -7  -7  -5  -1  -5  -8  -7  -7    0   0   0  92   0   0   3   0   0   0   0   0   0   0   0   5   0   0   0   0  2.55 0.90
  260 N    -2   1   3   3  -3   1   4  -1   0  -3  -5   1  -4  -5  -2   0  -3  -5  -4  -4    2   7  14  15   0   6  31   3   2   2   0  10   0   0   1   6   0   0   0   0  0.60 0.34
  261 N    -5  -4   4   7  -1  -2   1  -4  -4  -6  -7  -1  -6  -6  -5  -3  -1  -7  -4  -6    0   0  20  62   1   1   8   0   0   0   0   3   0   0   0   0   4   0   1   0  1.60 0.65
  262 M    -1  -5  -6  -6  -4  -4  -5  -6  -5   0   5  -5   7  -1  -5  -4  -1  -4  -4   0    4   0   0   0   0   0   0   0   0   2  54   0  29   2   0   0   4   0   0   4  1.25 0.55
  263 L    -5   7  -4  -5  -6  -3  -4  -6  -4   0   3  -2  -3  -5  -6  -4  -4  -6  -5  -4    0  66   0   0   0   0   0   0   0   6  28   0   0   0   0   0   0   0   0   0  1.59 0.65
  264 L    -5  -6  -7  -7  -5  -6  -7  -7  -7   8   2  -6  -2  -3  -6  -6  -4  -6  -5   1    0   0   0   0   0   0   0   0   0  81  14   0   0   0   0   0   0   0   0   5  1.97 0.73
  265 G    -1  -5  -3  -4  -5  -2  -4   6  -5  -6  -6  -2  -5  -6  -5   3   0  -6  -6  -5    4   0   0   0   0   1   0  64   0   0   0   2   0   0   0  23   7   0   0   0  1.41 0.60
  266 R    -5   8  -2  -6  -7  -1  -4  -6  -4  -7  -6  -1  -5  -7  -6  -4  -5  -7  -6  -7    0  95   1   0   0   2   0   0   0   0   0   1   0   0   0   1   0   0   0   0  2.66 0.95
  267 S     3  -4  -1  -2  -4  -2  -3   6  -4  -4  -4  -3  -4  -4  -3   0  -1  -4  -4  -4   23   0   2   2   0   1   1  58   0   0   1   1   0   0   1   5   3   0   0   1  1.10 0.44
  268 V     0   0   0   0  -1   1   0  -1  -1   0   0   0   0   0   0   0   1  -1   0   1    6   3   3   4   1   9   4   5   1   6   7   5   2   3   5   6   8   1   3  17  0.03 0.02
  269 G    -1  -4   6   3  -5  -3  -3   4  -3  -5  -6  -3  -5  -5  -4  -2  -3  -5  -5  -5    6   0  42  16   0   0   0  31   0   0   0   0   0   0   0   1   1   0   0   0  1.19 0.51
  270 G    -1  -3   0   1  -5   1   4   4  -3  -5  -3  -1  -4  -5  -2  -1  -3  -5  -5  -3    4   1   4   8   0   7  31  34   0   0   2   2   0   0   1   3   1   0   0   2  0.72 0.39
  271 G    -2  -6  -2  -2  -6  -3  -4   7  -5  -7  -7  -5  -6  -7  -6  -4  -4  -6  -7  -7    1   0   2   2   0   1   1  93   0   0   0   0   0   0   0   0   1   0   0   0  2.27 0.78
  272 G    -2  -1   2  -3  -5  -3  -3   5  -4  -6  -6  -3  -5  -6  -4   5  -3  -6  -5  -4    1   3   8   0   0   0   1  41   0   0   0   0   0   0   0  45   0   0   0   1  1.18 0.55
  273 V    -2  -5  -5  -6  -3  -5  -5  -6  -5   2   2  -5  -1  -1  -5  -2   0  -5  -4   5    2   0   0   0   0   0   0   0   0  10  23   0   0   2   0   2   5   0   0  56  1.00 0.45
  274 F    -6  -7  -7  -7  -6  -7  -7  -7  -5  -4  -2  -7  -4   9  -7  -6  -6  -3   2  -5    0   0   0   0   0   0   0   0   0   0   2   0   0  94   0   0   0   0   4   0  2.91 0.88
  275 V    -2  -6  -6  -6  -4  -5  -6  -6  -6   4  -1  -6  -1  -4  -6  -5  -3  -6  -4   7    2   0   0   0   0   0   0   0   0  18   2   0   1   0   0   0   0   0   0  78  1.70 0.64
  276 F    -4  -5  -6  -6  -4  -5  -6  -6  -5  -2   5  -6   1   6  -6  -3  -4  -3  -2  -1    0   0   0   0   0   0   0   0   0   0  64   0   2  31   0   2   0   0   0   2  1.43 0.56
  277 T     1   0  -2  -3  -3  -1  -2  -3  -4   0  -1  -1  -2  -4  -3   1   5  -5  -4   2   11   4   0   0   0   2   1   0   0   6   4   4   0   0   0  11  42   0   0  14  0.56 0.35
  278 K    -4   5  -4  -4  -7  -2  -1  -5  -4  -6  -6   7  -5  -6  -5  -4  -4  -6  -5  -6    0  33   0   0   0   0   2   0   0   0   0  66   0   0   0   0   0   0   0   0  1.84 0.69
  279 S     4  -2   0   0  -2  -1   2   0  -3  -2  -3  -2  -2  -4  -2   1   2  -4  -3   0   43   0   3   6   0   0  14   6   0   0   0   0   0   0   0   8  15   0   0   6  0.41 0.22
  280 Q    -1   0   1   0  -4   4   1   1   1  -4  -4   3  -2  -4  -2   0  -1  -4  -3  -3    2   1   7   4   0  34   6  11   4   0   0  23   0   0   0   5   2   0   0   0  0.48 0.18
  281 P    -1  -1  -2   0  -4   0  -1  -3  -2  -4  -4  -2  -3  -3   7   0  -1  -3   1  -3    4   2   0   4   0   4   3   0   0   0   0   0   0   0  66   8   1   0   7   0  1.35 0.21
  282 L    -2  -2  -3  -3  -2  -2   0  -4  -1   1   3   0   1   2  -3  -1  -2   2  -1   1    0   0   0   0   0   0   7   0   1   7  55   7   0   9   0   4   0   3   0   7  0.29 0.11
  283 E    -1  -1  -1   2  -4   2   4  -3  -1  -3  -3   1  -2  -4   3  -1   0  -4  -3  -2    0   0   0   9   0  12  53   0   0   0   0   6   0   0  14   0   5   0   0   2  0.60 0.09
  284 L    -2  -2  -4  -4  -2  -2  -3  -4  -3   1   4  -3   3   1  -3  -3  -1  -2  -1   1    0   0   0   0   0   0   0   0   0   0  75   0  13   7   0   0   0   0   0   5  0.47 0.05

                      K         Lambda
Standard Ungapped    0.1363     0.3209
Standard Gapped      0.0410     0.2670
PSI Ungapped         0.1363     0.3209
PSI Gapped           0.0410     0.2670
