
Last position-specific scoring matrix computed, weighted observed percentages rounded down, information per position, and relative weight of gapless real matches to pseudocounts
            A   R   N   D   C   Q   E   G   H   I   L   K   M   F   P   S   T   W   Y   V   A   R   N   D   C   Q   E   G   H   I   L   K   M   F   P   S   T   W   Y   V
    1 M    -3  -3  -4  -5  -4  -2  -4  -5  -4  -1   0  -3  10  -2  -5  -4  -3  -4  -3  -1    0   0   0   0   0   0   0   0   0   0   0   0 100   0   0   0   0   0   0   0  2.18 0.44
    2 A     6  -3  -3  -3  -2  -2  -2  -1  -3  -3  -3  -2  -3  -4  -2   0  -2  -4  -3  -2  100   0   0   0   0   0   0   0   0   0   0   0   0   0   0   0   0   0   0   0  1.25 0.31
    3 M    -2  -4  -4  -5  -4  -3  -4  -5  -4  -1   0  -4  10  -3  -5  -1  -1  -4  -4  -2    1   0   0   0   0   0   0   0   0   0   2   0  88   0   0   5   4   0   0   0  2.09 0.56
    4 A     6  -3  -3  -4  -3  -1  -3  -2  -4  -3  -1  -3  -3  -4  -3   0  -1  -5  -4  -2   89   0   0   0   0   2   0   0   0   0   4   0   0   0   0   3   2   0   0   0  1.22 0.42
    5 T     0  -3  -2  -3  -3  -3  -3  -4  -4  -3  -4  -3  -3  -5  -2   0   7  -5  -4  -2    7   0   0   0   0   0   0   0   0   0   0   0   0   0   1   4  88   0   0   0  1.52 0.50
    6 Q    -2  -2  -2  -3  -5   8  -1  -4   0  -5  -5  -1  -3  -6  -4  -1  -1  -5  -4  -5    1   0   0   0   0  89   0   0   2   0   0   0   0   0   0   4   4   0   0   0  1.90 0.58
    7 A     6  -3  -3  -4  -2  -3  -3  -1  -4  -3  -3  -3  -3  -4  -2   1   1  -5  -4  -1   81   0   0   0   0   0   0   1   0   0   0   0   0   0   1   6   7   0   0   4  1.07 0.39
    8 T     1  -3  -2  -2   3  -2  -2   0   0  -2  -3  -2  -3  -4  -3   5   2  -4  -3  -1   10   0   0   0   7   0   0   7   2   2   0   0   0   0   0  56  13   0   0   4  0.67 0.31
    9 L     0  -4  -5  -5  -3  -4  -4  -2  -4   1   5  -4   0   0  -2  -3  -3  -3  -3  -1    9   0   0   0   0   0   0   3   0   5  78   0   0   3   2   0   0   0   0   0  0.87 0.32
   10 F     0  -5  -5  -5  -4  -5  -5  -5  -3   0   0  -5  -2   8  -5  -3  -4  -2   0  -2    9   0   0   0   0   0   0   0   0   5   5   0   0  78   0   2   0   0   0   0  1.57 0.43
   11 S     2  -3  -2  -3  -3  -2  -3  -3  -3  -3  -3  -2  -3  -1  -3   1   6  -4  -3  -2   16   0   0   0   0   0   0   0   0   0   0   2   0   3   0  10  68   0   0   0  1.02 0.39
   12 P    -2  -1  -2  -3   0  -3  -3  -3  -3  -1  -3  -3  -3  -4   8  -1  -1  -4  -4  -3    3   3   2   0   2   0   1   1   0   5   2   1   0   0  74   3   2   0   0   1  1.75 0.39
   13 S     1  -2  -1  -2  -2  -2  -2  -2   0  -3  -3   0  -2  -3   3   3   4  -4  -3  -2   12   0   2   0   0   0   0   0   3   0   1   5   0   0  13  31  30   0   0   0  0.54 0.24
   14 S     1  -2  -1  -1  -1  -1  -1  -1  -2   0   0  -1  -1   0  -1   2   3   1  -1   0   11   1   2   1   0   1   2   4   1   8  11   1   1   4   2  18  26   2   1   3  0.16 0.10
   15 L    -1  -2  -2  -3  -2   0  -2  -2  -2   1   3  -2   0   0   0   0   0   0  -1   0    3   1   1   1   0   7   1   2   0   9  47   2   0   4   4   7   4   1   0   5  0.24 0.13
   16 S     2  -1   1  -2  -1  -1  -1  -1  -2  -2  -2   0  -2  -3   0   4   2  -3  -2  -1   18   3   5   1   1   1   1   1   0   1   3   5   0   1   5  38  14   0   0   2  0.36 0.17
   17 S     2  -2  -1  -1  -2   0  -1   1  -2  -2  -2  -1  -2  -3   1   2   2  -3  -2   0   25   1   1   3   0   4   2   8   0   1   3   1   0   1   5  24  15   0   0   5  0.25 0.13
   18 A     1  -1  -1  -2  -2  -1  -1  -1  -2  -1  -1   0  -1   1   2   2   1   3  -1   0   14   1   1   1   0   1   1   4   0   1   7   6   0   7  13  20   7   6   1   8  0.19 0.10
   19 K     0   2   0  -1  -2   0  -1  -2  -1  -1  -1   4  -1  -2  -1   0   1  -2  -2  -1   10  14   3   1   0   1   1   2   0   3   4  36   1   1   2   7   9   0   1   3  0.28 0.13
   20 P    -1  -2   0  -2  -3  -2  -2  -2   0  -3  -3  -1  -3  -3   6   1   1  -3  -3  -2    3   1   5   1   0   1   1   1   2   1   2   3   0   1  51  13  10   0   1   1  1.02 0.24
   21 I     1  -1   0  -1  -2  -1  -1   0  -2   0   0  -1  -1  -1  -1   2   1   6  -1  -1   12   3   5   1   1   1   2   6   1   6   8   3   1   2   1  21   9  15   1   3  0.24 0.10
   22 D     0   1   1   2  -2   0   1   0   0  -1  -2   1  -1  -2  -1   1   0  -2  -2  -1   10   7   7  15   0   3   8   4   2   5   2  11   1   1   1  10   7   0   1   6  0.12 0.05
   23 T     0   0   0   2  -2   1   1  -1   0  -2  -2  -1  -2  -2   2   1   2  -2  -2  -1    5   6   4  15   0   9   6   2   2   1   2   1   1   2   9  14  15   0   1   4  0.20 0.09
   24 R     0   4  -1  -2  -3   2  -1  -1   0  -2  -1   1  -2  -1  -1   1   0  -1  -2  -2    8  32   2   1   0  14   1   5   2   2   7   5   0   2   2  10   5   1   0   2  0.28 0.14
   25 L     1  -2  -1  -2  -2  -1  -2  -2  -1   1   1  -1   0   1   0   1   1   0  -1   2   12   1   2   1   0   3   1   1   1   6  12   4   0   8   3  10  13   1   0  21  0.10 0.08
   26 T     1   0  -1  -2   0  -1  -2  -2   2   0  -1  -1  -1  -1  -1   2   3   1  -1   0   15   4   2   0   2   0   1   1   7   6   6   0   0   3   2  18  24   3   0   5  0.20 0.14
   27 T     1  -2   1  -2  -2  -2  -2  -2  -1   1   0  -2  -1   0  -1   2   2  -1  -2   1   17   1   7   0   0   0   0   0   1  11   7   0   0   3   2  17  15   1   0  15  0.16 0.12
   28 S     0  -2  -1  -2   0  -1  -2  -1   0  -2   0  -1  -2  -2   5   1   1   0  -3  -2    5   2   3   0   3   3   1   5   2   1   9   1   0   1  33  14  12   1   0   2  0.50 0.17
   29 F    -3  -2  -2  -5  -4  -4  -4  -2  -4  -3  -1  -2  -3   5  -1  -2  -1   9   0  -2    1   3   3   0   0   0   0   3   0   0   3   3   0  31   3   3   4  40   0   3  1.43 0.37
   30 K     0   1  -1  -2  -3   1  -1  -3   0   0  -2   5   0  -4  -2  -1   0  -4  -3  -2   10   3   2   0   0   4   0   0   3   8   3  54   3   0   1   3   6   0   0   0  0.54 0.25
   31 Q     1   0  -1  -2  -3   5  -1  -1   0  -4  -3   1  -2  -4   2   0   0  -4  -3  -3   10   4   2   0   0  44   0   4   2   0   2   7   0   0  11   6   5   0   0   0  0.59 0.25
   32 P    -1  -1  -1  -2  -3   2  -1  -2  -2  -2  -2  -1  -2  -3   5   3   0  -3  -3  -2    3   2   1   1   0  12   1   1   0   2   5   3   0   0  35  27   3   0   0   3  0.69 0.22
   33 S     0   0  -1  -2  -1   0  -1  -1  -1  -2  -1   2  -2  -2   1   4   0   0  -2  -1    5   3   2   1   1   4   1   2   1   1   5  13   0   1   7  45   2   2   0   6  0.33 0.18
   34 A     1   0   0  -2  -2   0  -1  -1  -1  -1   0   1  -1   0   2   2   1  -3  -2  -1   14   3   3   0   0   2   1   2   1   2  10  11   0   6   9  23  12   0   0   1  0.16 0.11
   35 V     0  -1  -2  -2  -2  -1  -2  -2  -2   1   2  -1   0   0   1   0   0   1  -1   1    8   4   2   1   0   2   1   1   0   8  32   2   0   4   8  10   3   2   0  12  0.15 0.09
   36 T     0  -1   0  -2  -2  -1  -1  -2  -1  -3  -2   0  -2  -1   0   5   2  -3  -2  -2    4   3   3   1   0   2   1   1   1   1   3   5   0   3   4  55  12   0   0   1  0.52 0.23
   37 F    -2  -2  -2  -3  -1  -3  -3  -2  -3   0   1  -3   0   6   1  -1  -1  -1   0   0    2   2   1   0   2   0   0   2   0   5  13   0   1  46   8   6   3   0   0   6  0.53 0.20
   38 A     2  -2   1  -2   1  -1  -2  -1  -2  -1  -1  -1  -1  -2   1   3   2  -3  -2   0   18   0   6   0   3   0   0   4   0   2   7   2   0   2   6  28  13   0   0   8  0.22 0.13
   39 S     1  -1   1  -1  -2   0  -1  -1  -1  -2  -1   0   0  -2   0   3   2  -3  -2  -1   15   3   6   1   0   3   1   3   2   1   3   5   4   1   3  31  17   0   0   2  0.24 0.13
   40 K     1   2  -1  -1  -2   0  -1   0  -1  -2  -2   3  -1   0   1   0   1  -2  -2  -1   12  10   2   1   0   2   1   5   0   1   3  30   1   4   7   8   9   0   1   3  0.20 0.10
   41 P     0  -1  -1  -2  -3  -2  -2  -2  -2  -3  -2  -1  -2  -2   7   1   0  -3  -3  -2    8   4   3   1   0   1   1   1   0   1   4   3   0   2  55  10   4   0   1   1  1.06 0.23
   42 A     1   0   0  -2  -2   0  -1   0  -2   0  -1   1  -1  -1  -1   1   1   4  -1   0   19   3   3   1   0   5   1   6   0   5   6  11   0   2   2  11  10   8   0   6  0.13 0.07
   43 S     1   0  -1  -2  -2   0  -1  -1  -2  -1   1   0   0  -2   1   2   1  -3  -2   0    9   7   1   0   0   4   1   3   0   2  15   7   1   0   8  26  11   0   0   5  0.15 0.09
   44 R    -1   4  -1  -2  -3   0  -1  -2   1  -2  -1   2  -2  -1   1   0   0  -3  -2  -2    3  37   2   1   0   1   1   2   4   1   9  17   0   3   6   5   6   0   0   1  0.36 0.15
   45 H     0   1   0  -1   1   1   1   0   2  -2  -1   0   0   1   1   0   0  -2   0  -1    4  10   2   0   4   5  11   6   8   0   2   4   2   9   8  10   6   0   1   7  0.09 0.06
   46 H     0   2   0  -2  -2   0  -1   0   3  -1  -1   0   0  -1   1   0   1  -3  -1   0    7  18   3   0   0   3   2   6  11   2   5   5   4   4   6   5  12   0   0   7  0.12 0.08
   47 S     2   0  -1  -2  -2  -1  -2  -1  -2  -1  -1  -1   1  -2   1   3   2  -3  -2  -1   17   6   1   0   0   0   0   1   0   1   5   1   5   1   8  28  20   0   0   4  0.27 0.14
   48 I     0  -2  -3  -3  -2  -1  -2  -3  -1   3   2  -2   1   0  -1   0   1  -3  -1   2    7   0   0   0   0   2   0   0   1  25  25   1   3   4   3   6   8   0   2  11  0.21 0.10
   49 R    -1   5  -1  -1  -3   2   0  -3  -2  -1   0   2  -1  -3  -3   0  -1  -3  -2  -2    3  43   0   2   0  11   2   0   0   2  12  15   1   0   0   5   2   0   0   1  0.49 0.18
   50 A     3  -1  -2  -2  -2  -2  -2  -1  -2  -1  -1  -1   0  -1   2   1   1  -3  -2   0   41   3   0   2   0   0   0   3   0   2   4   3   3   3  10   8   8   0   0   9  0.25 0.12
   51 A     2   0  -1  -2  -2   0   0   0   0   0  -1  -1   1  -2   3   1   0  -3  -2   1   26   4   1   0   0   5   4   5   3   5   0   2   6   0  13   9   4   0   0  12  0.18 0.09
   52 A     3   0  -1  -2   2  -1  -1   1  -2  -1  -2   0  -1  -3  -2   0   0  -3  -2   0   43   7   2   1   5   0   3  11   0   4   1   5   2   0   1   4   6   0   0   6  0.23 0.11
   53 A     3   0  -1  -2  -1  -1   1   0  -2   0  -1  -1  -1  -2  -2   1   1  -3  -2   0   45   5   1   1   0   0   9   3   0   5   4   2   0   0   1   5   7   0   0   9  0.21 0.10
   54 A     2  -1  -1   1  -2   1   2   0  -1  -2  -2  -1  -1  -1   1   0  -1   0  -2  -1   29   3   1  11   0   9  15   7   0   2   1   1   2   4   7   4   1   2   0   3  0.18 0.07
   55 E     0   0   0   2  -3   1   4  -2  -1  -2  -2   0  -2  -3  -1   0   0  -3  -2   0    9   4   2  11   0   3  42   2   0   0   1   3   0   0   1   5   8   0   0   8  0.35 0.12
   56 G     0  -1  -1   0  -2  -1   2   3  -2  -2  -2   0  -2  -1   1   0   1  -2  -2  -2    9   1   1   4   0   1  17  26   0   3   1   6   0   3   8   4  16   0   0   1  0.23 0.07
   57 K     1   2  -1   0  -2   2   1  -2  -1  -2  -2   3  -1  -3   1   0   0  -3  -2  -1   17   9   1   3   0  11  10   1   0   2   1  27   1   0   5   3   3   0   0   5  0.23 0.08
   58 A     2  -1  -1  -1   0  -1   0  -1  -2  -1  -2   1  -1  -2   2   0   1  -3  -2   0   30   2   0   0   3   0   7   3   0   1   1  14   0   0  10   4  12   0   0  12  0.18 0.07
   59 A     3  -1  -1   0  -2   0   1  -1  -2  -2  -2   1  -2  -3   0   1   1  -3  -2  -1   51   0   0   6   0   1   9   0   0   0   1  11   0   0   4   4   7   0   0   2  0.29 0.11
   60 A     4  -1  -1  -1  -1   0   0  -1  -2  -2  -2   0  -1  -3   1   1   1  -3  -2   0   56   2   0   1   0   3   4   1   0   0   1   7   0   0   7   2  11   0   0   4  0.32 0.10
   61 A     1   0  -1   0  -2   0   0  -2  -2  -2  -2   2  -1   1   4   0   0  -2  -1  -1   18   0   0   3   0   0   7   1   0   0   1  23   0  10  20   3   8   0   0   4  0.28 0.07
   62 T     1  -1  -1  -1  -1  -1   0  -2  -2  -1  -1   0  -1  -2   1   1   3  -3  -2   1   20   3   0   0   0   0   8   1   0   0   2   4   0   0   7   6  37   0   0  12  0.23 0.08
   63 E     0   0  -1   1  -2   0   2  -1  -1  -2  -2   1  -1  -2   3   0   0  -2  -2  -1    9   1   1   8   0   1  24   2   1   1   4  13   1   1  20   2   7   0   1   4  0.30 0.05
   64 T     1  -1  -1  -1  -1   0   1   0  -1   0  -1   0  -1  -2   0   0   2  -2  -1   1   12   1   1   1   1   1  12   5   1   1   2   7   1   1   4   3  23   0   1  21  0.10 0.04
   65 K    -1   1  -1   0  -3   2   2  -2  -1  -2  -2   4  -1  -3   0   0   0  -3  -2  -2    3   1   1   1   0   6  21   1   0   1   1  49   2   1   4   3   4   0   0   3  0.38 0.09
   66 E     0  -1  -1   1  -3   1   5  -2  -1  -2  -2   0  -2  -3   0   0   0  -3  -2   0    8   1   1   2   0   2  60   1   0   1   1   2   0   1   3   1   4   0   1  12  0.42 0.09
   67 A     3  -2  -1  -1  -1  -1   0   1  -2  -1  -2  -1  -1  -2  -1   1   0  -3  -2   0   54   1   0   2   0   0   6  11   0   1   1   1   0   0   2   3   6   0   0  11  0.25 0.07
   68 P     0  -2  -2  -2  -3  -1  -1  -2  -2  -3  -3   0  -3  -4   7  -1  -1  -4  -3  -2   11   0   0   0   0   0   1   1   0   0   1   6   0   0  76   1   1   0   0   1  1.56 0.15
   69 K     1   0  -1  -1  -2   0   1  -2  -1   0  -1   3   0  -2  -2  -1  -1  -2   0   2   14   0   0   0   0   0  10   0   0   4   1  34   3   0   0   0   0   0   4  27  0.14 0.07
   70 G     2  -2  -1  -2  -2  -1  -2   4  -2  -2  -2  -1  -2  -3   2   0   0  -3  -2  -1   21   1   1   1   0   1   1  47   0   1   1   1   0   0  11   1   9   0   0   4  0.47 0.07
   71 F    -2  -2  -3  -3  -2  -2  -3  -3  -2   1   0  -3  -1   6  -3  -2  -2   6   2  -1    1   1   1   1   0   1   1   1   0  10   2   1   0  60   1   1   1  14   1   1  0.71 0.11
   72 T     0  -1  -1  -2  -1   1  -1  -2  -2   0  -2  -1  -1  -3   1   1   4  -3  -2   0    2   0   0   0   1  10   0   0   0   4   1   1   0   0   7   8  57   0   0   5  0.41 0.12
   73 P     0   0  -2  -2  -3   0  -1  -2  -2  -3  -3  -1  -2  -3   7   0  -1  -3  -3  -2    5   7   1   1   0   3   2   1   0   1   1   2   0   0  65   7   1   0   0   4  1.22 0.14
   74 P    -1  -2  -1   1  -3  -1  -1   0   3  -3  -3  -1  -3  -3   7  -1  -2  -3  -2  -3    3   1   1  10   0   0   1   7  10   1   1   1   0   0  62   1   1   0   0   1  1.19 0.14
   75 E     0   1   1   0  -2   2   3  -2  -1  -2  -2   1  -1  -3  -1   0   2  -3  -2  -1    6   9   6   0   0   9  28   1   0   0   2  11   0   0   0   1  20   0   0   3  0.27 0.07
   76 L     0  -3  -3  -1  -2  -3  -3  -3  -3   2   4  -3   2   1  -3  -2  -2  -2  -2   0    9   0   0   5   0   0   0   1   0  17  57   0   3   4   0   1   0   0   0   0  0.42 0.15
   77 D    -2   1   4   5  -3   0   0  -1  -1  -3  -2   0  -2  -3  -2  -1  -2  -3   0  -2    1   8  26  38   0   2   0   3   0   0   5   6   0   0   0   1   0   0   5   2  0.52 0.17
   78 P     0  -3  -3  -3  -3  -2  -3  -3  -3  -2   1  -2  -2   1   6  -1  -2   2  -3  -2    7   0   0   0   0   1   0   0   0   1  21   2   0   6  53   4   1   3   0   0  1.03 0.26
   79 N    -2   1   4   3  -4   2   1  -2  -1  -4  -4   2  -3  -4  -3   1   0  -4  -3  -3    0   9  27  17   0   9   4   0   0   0   0  18   0   0   0  11   5   0   0   0  0.52 0.20
   80 T     0  -2  -2  -2  -2  -1  -2   2   2   0  -1   1   2   0  -1   0   3  -3  -2   0    5   0   0   0   0   2   0  15   6   6   3  10   7   5   2   5  28   0   0   6  0.18 0.15
   81 P    -1  -2  -2   1  -4   2  -1  -1  -2  -3  -1   1  -3   0   6  -1  -1  -3   1  -3    2   0   0   9   0  13   0   4   0   0   5   9   0   4  44   2   2   0   6   0  0.80 0.24
   82 S     0   0  -1  -1  -2  -1  -2  -3   2   1   0  -1   1   0  -3   2   3  -3  -2   0    7   7   0   2   0   0   0   0   7   8  10   3   4   5   0  17  26   0   0   4  0.19 0.13
   83 P    -2  -3  -3  -3  -4  -2  -3  -4   3  -3   1  -3  -2  -4   7  -2  -2  -4  -3  -3    0   0   0   0   0   0   0   0  12   0  17   0   0   0  72   0   0   0   0   0  1.65 0.30
   84 I     0   0   0  -2  -2   1   0  -1  -2   2   0   1   1  -2  -2   0   1  -3  -2   0    6   4   4   1   0   8   5   4   0  20   9  14   4   0   1   5   8   0   0   6  0.08 0.08
   85 F    -3   1  -3  -4  -4  -3  -3  -4   3  -2  -2  -3  -2   7  -4  -3  -3   5   4  -3    1   9   1   1   0   1   1   1   9   1   1   1   0  51   1   1   1   9  12   1  1.11 0.32
   86 A     0   1  -1  -2  -3   2   0   3  -2   1  -1  -1  -2  -3  -1  -1  -2  -3  -1  -1    7   9   3   0   0  13   5  31   0  15   4   0   0   0   3   4   0   0   3   4  0.24 0.18
   87 G     0   0  -1  -1  -2  -1  -2   5  -2  -3  -3  -1  -2  -3  -2   1  -1  -2  -3  -2    3   8   1   1   0   1   1  63   0   1   1   1   0   1   1  14   1   0   0   3  0.62 0.09
   88 S     0  -1   2  -1  -2  -1  -1   1   1  -3  -3  -1  -2  -3  -1   4   0  -3  -2  -2    1   1  10   1   0   1   1  10   3   1   1   1   0   1   1  66   1   0   0   1  0.42 0.11
   89 T    -1  -1  -1  -1  -2  -1   1   0  -2  -1  -2  -1  -1  -2  -2   0   5  -3  -2  -1    1   1   1   1   0   1  15   7   0   4   1   1   0   0   1   1  64   0   0   1  0.45 0.13
   90 G    -1   0  -1   0  -3  -1   1   5  -2  -3  -3  -1  -3  -3  -2   0  -2  -3  -3  -3    1   7   1   5   0   1  15  61   0   1   1   1   0   0   1   4   1   0   0   1  0.62 0.11
   91 G     1  -2  -1  -1  -2  -2  -2   5  -2  -3  -3  -1  -2  -3  -2   0  -1  -2  -2  -2   15   1   1   1   0   1   1  64   0   1   2   1   0   1   1   6   1   0   1   1  0.68 0.10
   92 L    -2  -2  -3  -3  -2  -2  -2  -3  -2   0   3  -2   0   0  -2  -2  -2   7   2  -1    1   1   1   1   0   1   1   1   0   1  50   1   0   1   1   1   1  25   8   1  0.63 0.11
   93 L    -1  -2  -2  -2  -2  -2  -2   1  -2   0   3  -2   2   0  -2  -1  -1  -2  -1   0    1   1   1   1   0   1   1  15   0   1  58   1   8   1   1   5   1   0   1   1  0.25 0.08
   94 R     0   3   0   2   0   0   0   0  -1  -2  -2   0  -2  -2  -1   1   0   0  -2  -2    3  23   3  16   3   2   3   9   0   1   3   3   0   1   1  19   6   1   1   1  0.18 0.05
   95 K     1   1   0  -1   4   0   0  -1  -1  -2  -2   3  -1  -2  -1   1   0  -2  -2  -1   14   9   2   1  13   2   1   1   0   1   2  29   2   1   1  15   4   0   1   1  0.22 0.06
   96 A     4  -1  -1  -1  -1  -1  -1   1  -2  -2  -2  -1  -1  -2  -1   2   0  -2  -2  -1   57   1   1   1   0   1   1   6   0   1   2   1   0   1   1  22   1   0   1   1  0.39 0.11
   97 Q    -1   0   1   1  -2   2   4  -1  -1  -2  -2   0  -1  -2  -1   0  -1  -2  -1  -2    3   4   7   5   0  13  36   5   1   1   4   3   1   2   1   7   2   0   2   3  0.29 0.08
   98 V    -1   0   0  -1  -1  -1   0  -2  -2   1   0   1   0  -1  -2  -1   2  -2  -1   2    1   3   7   1   1   1   7   1   0  10   8  12   0   3   1   1  17   0   0  24  0.09 0.07
   99 E    -2   1  -1   0  -4   1   5   1  -1  -3  -3   0  -3  -3  -2  -1  -2  -3   1  -3    1   8   1   2   0   3  62  11   0   1   1   1   0   0   1   1   1   0   6   1  0.67 0.20
  100 E     0  -1  -1   0  -3   1   4   1  -1  -3  -2   0  -2  -3   2   0  -1  -2  -2  -2    8   1   1   1   0   1  54  12   0   1   2   1   0   1  13   1   1   0   1   1  0.41 0.06
  101 F    -1   2  -1  -1  -2   0   0  -2  -1  -1  -1   3   1   3  -2  -1   0  -1   0  -1    1  17   1   1   0   1   1   1   0   1   2  31   6  26   1   1   7   0   1   1  0.18 0.04
  102 Y    -1  -2  -2  -2   2  -1  -2  -2   3  -1   0  -2   0   3  -2  -2  -1   1   5  -1    1   1   1   1   6   1   1   1   8   1  14   1   0  14   1   1   1   0  44   1  0.38 0.06
  103 V     4   1  -2  -2  -2  -2  -2  -1  -2   0   0  -1  -1  -2  -2   0  -1  -3  -2   2   45   9   1   1   0   1   1   2   0   1   8   1   0   1   1   2   1   0   0  25  0.31 0.15
  104 I    -2  -3  -3  -3  -2  -3  -3  -4  -4   6   1  -3   2  -1  -3  -3  -2  -3  -2   1    1   1   1   1   0   1   1   1   0  78   4   1   5   1   1   1   1   0   0   3  0.91 0.26
  105 T    -1  -2  -1  -2  -2  -2  -2  -2  -3   0  -2  -2  -2  -3  -2   1   6  -3  -3   0    1   1   1   1   0   1   1   1   0   4   1   1   0   1   1   7  75   0   0   3  0.91 0.28
  106 W    -3  -4  -4  -4  -3  -3  -4  -4  -3   1  -3  -4  -3   0  -4  -4  -3  11   0  -3    1   1   1   1   0   1   1   1   0   9   1   1   0   3   1   1   1  76   0   1  2.68 0.43
  107 E    -1   1   1   0  -2   0   1  -2  -2  -1  -2   0  -2  -3  -1   1   4  -3  -2  -1    2   9   7   4   0   3  13   2   0   2   1   3   0   1   2   5  40   0   0   4  0.30 0.13
  108 S     1  -1   0  -1   0   1  -1   1   1  -3  -3  -1  -2  -3  -2   4   0  -3  -2  -2    8   1   4   1   2   9   1   8   5   1   1   1   0   1   1  54   4   0   0   1  0.46 0.18
  109 P    -1   2   1   0  -3   0   0  -1  -1  -2  -2   3  -2  -3   4   0  -1  -3  -2  -2    3   9   8   4   0   2   2   2   0   2   2  30   0   1  23   7   3   0   0   1  0.44 0.13
  110 K    -1   1   1   0  -3   1   1  -1  -2  -1  -3   3  -2  -4   1   0   0  -4  -3  -1    4   7   9   5   0   4   9   4   0   4   0  31   0   0   8   6   5   0   0   4  0.29 0.21
  111 E     0   0   0   1  -3   2   4   0  -2  -4  -3   1  -3  -4   0   0   0  -4  -3  -3    7   4   4   7   0  11  31   6   0   0   0   9   0   0   4   6   6   0   0   0  0.35 0.23
  112 Q    -1   1   0  -1  -4   6   1  -2   1  -3  -3   1  -1  -4  -2  -1  -1  -3  -1  -3    3   5   4   3   0  57   6   1   3   1   1   8   1   0   1   3   1   0   1   1  0.75 0.25
  113 I     1  -2  -2  -3  -2  -2  -2  -2  -2   3   0  -1   0   0   0   0  -1  -2   1   2   14   0   2   1   0   0   1   1   0  29   6   3   0   4   4   6   2   0   5  22  0.20 0.11
  114 F    -3  -3  -3  -3  -3  -2   1  -3  -2  -1   0  -3   2   7  -3  -3  -2  -1   1  -2    1   1   0   1   0   0  11   1   0   1   7   1   6  68   1   1   1   0   0   1  0.89 0.22
  115 E     0   2  -1   0  -3   0   5  -2  -1  -3  -3   0  -2  -3   0  -1  -2  -3  -3  -3   11  10   0   1   0   0  65   1   0   1   1   2   0   0   4   1   1   0   0   1  0.71 0.20
  116 M    -2  -2  -3  -3   3  -2  -3  -3  -3   0   2   1   8  -1  -3  -2  -2  -3  -2  -1    1   0   0   1   6   0   1   1   0   3  14  10  59   0   0   1   1   0   0   1  0.82 0.26
  117 P    -1  -2  -3  -2  -4   0  -2  -3  -3  -3  -4   1  -3  -4   7  -2  -2  -4  -4  -3    2   0   0   1   0   3   1   1   0   0   1  10   0   0  76   1   1   0   0   2  1.75 0.29
  118 T    -1  -2   3  -2  -2  -2  -2  -2  -2  -1  -2  -2   1  -3  -2   1   5  -3  -3  -1    1   0  16   1   0   0   1   1   0   2   2   1   4   0   0   4  66   0   0   1  0.71 0.23
  119 G     0  -3  -2  -2  -3  -3  -3   6  -3  -4  -4  -2  -3  -4  -3  -1  -2  -3  -4  -4    5   0   0   1   0   0   1  85   0   0   1   1   0   0   0   3   1   0   0   1  1.31 0.25
  120 G     0  -3  -1   1  -3  -2  -2   6  -3  -4  -4  -2  -3  -4  -3  -1  -2  -3  -4  -3    6   0   0  10   0   0   1  77   0   0   1   1   0   0   0   1   1   0   0   1  1.11 0.23
  121 A     4  -2  -2  -2   1  -1   0   1  -2   0  -2  -2  -2  -2  -2   2   1  -3  -2  -1   50   0   0   0   2   0   5   8   0   6   0   0   0   2   0  14   9   0   0   2  0.37 0.18
  122 A     5  -3  -3  -2  -2  -2   1  -1  -3  -3  -3  -2  -2  -4   0   0  -1  -4  -3  -2   77   0   0   0   0   0   9   3   0   0   0   0   0   0   4   4   0   0   0   0  0.79 0.29
  123 I    -2  -1  -3  -3   0  -2  -1  -3  -3   4   1   0   1   0  -3  -2   0  -3  -2   1    1   2   1   1   2   0   4   1   0  49  12   6   3   3   1   1   7   0   0   7  0.32 0.15
  124 M    -1  -3  -3  -4  -3  -2  -3  -4  -3  -1   0  -3   9  -2  -3  -3  -2  -3  -2   0    3   1   1   1   0   0   1   1   0   1   1   1  83   0   1   1   1   0   0   4  1.55 0.41
  125 R    -1   5   3  -1  -3   0   1  -2   1  -3  -2   2  -2  -3  -3  -1  -1  -4  -2  -2    6  43  17   0   0   2   8   0   3   0   4   9   0   0   0   1   1   0   0   4  0.49 0.19
  126 E     0  -1  -1   0  -4   3   4  -3  -1  -2  -2   1  -2  -4   0   0  -1  -4  -3  -2    7   0   2   1   0  19  44   0   0   2   2   8   0   0   4   8   1   0   0   2  0.54 0.21
  127 G    -1  -4  -1   0  -4  -2  -2   6  -3  -5  -5  -3  -4  -5  -4  -1  -3  -4  -5  -5    1   0   2   6   0   2   2  86   0   0   0   0   0   0   0   2   0   0   0   0  1.43 0.34
  128 P     0  -1   0   2  -3   1   3  -2  -2  -3  -3   1  -3  -4   5  -1  -1  -4  -3  -3    6   0   4  16   0   4  24   1   0   0   2   9   0   0  28   2   4   0   0   0  0.59 0.16
  129 N    -3   1   7   0  -4  -1  -2  -2  -1  -4  -4  -1  -3  -4  -3   0  -2  -5  -3  -4    1   8  83   0   0   0   0   1   0   0   1   0   0   0   0   3   0   0   0   0  1.42 0.37
  130 L     0  -1  -3  -4  -2  -2  -3  -3  -3   1   4  -2   1   0   0  -2  -2  -3  -2   1    9   4   0   0   0   0   0   1   0   7  62   2   2   2   4   1   0   0   0   5  0.44 0.17
  131 L    -1   0  -4  -4   0  -3  -3  -4  -3   1   4  -3   2   0  -4  -3  -2  -3  -1   1    3   8   0   0   2   0   0   0   0   5  65   0   6   1   0   0   0   0   1   7  0.55 0.21
  132 K    -2  -1  -2  -2  -3  -1   0  -3   1  -2  -1   2  -2   1  -2  -2  -1   0   6   0    1   1   1   0   0   0   8   0   2   0   3  22   0   1   1   1   3   0  46   9  0.57 0.20
  133 L    -2  -3  -4  -4  -2  -3  -3  -4  -3   2   4  -3   1   3   1  -3  -2  -2  -1   0    1   0   0   0   0   0   0   0   0  10  52   0   2  20   9   0   0   0   0   1  0.50 0.16
  134 A     5  -1  -2  -2  -2  -2  -2  -1  -2  -2  -3   0  -2  -3   1   1   0  -3  -3  -1   71   1   0   0   0   0   0   1   0   0   1   6   0   0   6   6   5   0   0   0  0.61 0.21
  135 R    -2   5  -1  -2  -3   0  -1  -1  -1  -3  -3   3  -2  -3   2  -1  -1  -3  -2  -3    1  55   1   1   0   1   1   5   0   1   1  19   0   0  10   1   3   0   0   1  0.72 0.19
  136 K    -2   1  -1  -2  -3   0   1  -2  -2  -3  -3   6  -2  -4   2  -1  -2  -3  -3  -3    1   1   1   1   0   1   6   1   0   1   1  75   0   0  10   1   1   0   0   1  0.86 0.24
  137 E    -2  -1  -1   0  -4   0   6  -3  -1  -4  -3  -1  -3  -4  -2   0  -2  -3  -3  -3    1   1   1   1   0   1  84   1   0   1   1   1   0   0   1   5   1   0   0   1  1.13 0.28
  138 Q     0  -1  -1  -2  -3   6   0  -2   1  -3  -3   0  -2  -3  -2   0  -2  -2   1  -3   10   1   1   1   0  65   1   1   3   1   1   1   0   0   1   5   1   0   6   1  0.81 0.25
  139 C     2  -2  -3  -3   9  -3  -3   1  -3  -2  -2  -3  -2  -3  -3  -1  -2  -3  -3  -2   19   2   1   1  56   1   1  12   0   1   1   1   0   1   1   2   1   0   0   1  1.09 0.23
  140 L    -2  -3  -3  -3  -2  -2  -3  -3  -2   2   4  -3   1   0  -3  -3  -2   3  -1   0    1   1   1   1   0   1   1   1   1  17  63   1   1   1   1   1   1   5   0   2  0.51 0.15
  141 A     5  -2  -2  -2  -1  -2  -2  -1  -2  -2  -1  -2  -1  -1   2   0  -1  -3  -1  -1   68   1   1   1   0   1   1   1   0   1   6   1   1   2  10   3   1   0   2   1  0.53 0.18
  142 L    -2  -3  -4  -4  -2  -3  -3  -4  -3   1   5  -3   1   0  -3  -3  -2  -3  -2   1    1   0   0   0   0   0   0   0   0   2  83   0   1   1   0   0   1   0   0   7  0.75 0.21
  143 G     1  -3  -1  -2  -3  -2  -3   5  -1  -3  -3  -2  -3  -4  -3   0  -1  -4  -3   0    9   0   1   0   0   0   0  66   2   0   2   0   0   0   0   7   3   0   0  10  0.80 0.20
  144 T     1   1   0  -2  -2   1  -1   1  -2  -2  -2   0  -1  -3  -2   1   4   0  -2  -1   11   8   3   0   0   9   1  13   0   0   1   5   1   0   0   6  38   1   1   1  0.32 0.17
  145 R    -2   3   1  -2  -5   6   0   0  -2  -4  -4   0  -1  -5  -3  -1  -1   2  -3  -4    0  16   7   0   0  61   0   7   0   0   0   0   1   0   0   2   2   3   0   0  0.98 0.35
  146 L    -3  -4  -5  -5  -3  -2  -4  -5  -4   0   5  -3   3   1  -4  -4  -3  -3  -2   0    0   0   0   0   0   2   0   0   0   1  83   1   8   4   0   0   0   0   0   1  1.01 0.32
  147 R    -3   7  -2  -3  -4   0  -1  -3  -2  -4  -1   3  -2  -4  -3  -1  -2  -4  -3  -3    0  70   1   0   0   2   0   0   0   0   5  14   0   0   0   3   0   0   0   2  1.09 0.32
  148 S     0   2   1  -1  -2  -1  -1  -1  -2  -2  -2   0  -2  -3  -1   3   3  -3  -2  -2    5  15   7   1   0   1   1   4   0   1   1   5   1   0   1  27  28   0   0   1  0.34 0.16
  149 K     0   0   0  -1  -3   0  -1  -2  -2  -3  -2   5  -1  -1  -1  -1   0  -3  -2  -2    9   1   5   2   0   2   1   1   0   1   3  59   2   4   1   2   5   0   0   1  0.54 0.22
  150 Y    -3   1  -1  -3  -3  -2  -3  -3  -1  -2   0   0   0   6  -1  -2  -2  -1   4  -2    1   8   3   0   0   1   0   1   0   0   7   9   1  46   3   0   2   0  17   0  0.65 0.22
  151 K    -2   1  -1  -2  -4   0  -1  -3  -2   0  -2   6  -2  -4   1  -1   0  -4  -3  -2    1   3   1   0   0   1   1   1   0   8   2  65   0   0   8   2   7   0   0   0  0.71 0.26
  152 I    -2  -3  -2  -3  -1  -3  -2  -4  -3   5   0  -2   0  -2   4  -2  -1  -3  -1   1    1   0   2   1   1   0   3   1   0  54   2   1   1   1  20   2   4   0   1   6  0.60 0.22
  153 K    -1   2   4   3  -3   2   0  -2  -1  -3  -3   2  -2  -3  -2   0   0  -3  -3  -3    2  10  26  19   0   9   3   1   0   1   1  18   0   0   1   3   4   0   0   1  0.44 0.15
  154 Y    -2  -3  -3  -3  -2  -2  -3  -1  -1  -1   0  -3  -2   3   0  -2  -1   3   7  -2    1   1   1   1   1   1   1   5   0   2   8   1   0  14   4   3   4   3  50   1  0.78 0.24
  155 Q     1   1  -1  -2   1   2   0  -2  -2  -3  -3   5  -2  -2  -2  -1  -2  -3  -2  -2   12   5   2   1   4  10   2   1   0   1   1  54   0   1   1   1   1   0   1   1  0.56 0.21
  156 F     0  -4  -4  -2  -2  -3  -3  -4  -3   5   0  -3   0   2  -3  -2  -2  -3  -1   2    8   0   0   2   0   0   0   1   0  61   1   0   0  12   0   3   0   0   0   9  0.63 0.24
  157 Y    -3  -3  -3  -4  -4  -3  -3  -4   0  -2   0  -3  -2   3  -4  -3  -2   2   8  -3    1   0   0   0   0   0   0   1   1   0   8   0   0  10   0   1   2   2  71   0  1.46 0.37
  158 R    -3   7  -2  -3  -5  -1  -1  -4  -2  -4  -4   1  -3  -4  -3  -2  -3  -4  -3  -4    1  89   0   0   0   0   3   1   0   0   1   2   0   0   0   0   0   0   0   0  1.62 0.40
  159 V     0  -3  -3  -3  -2  -3  -2  -3  -3   5   0  -3   0  -1  -3  -2  -1  -3  -2   4    8   0   0   0   0   0   3   1   0  45   4   1   0   1   0   1   1   0   0  32  0.56 0.21
  160 F    -2  -3  -2  -3  -3  -3  -3  -3  -1  -1   1  -1  -1   6  -2  -2  -2   0   4  -2    2   1   1   1   0   1   1   1   0   1  11   5   0  51   2   2   2   0  18   1  0.78 0.22
  161 P    -1  -3  -3  -2  -3  -1  -2  -3  -3  -3  -3  -1  -3  -4   8  -2  -2  -4  -3  -3    3   1   1   1   0   2   1   1   0   1   1   2   0   1  80   2   1   0   0   1  1.93 0.33
  162 S    -1  -1   5   2  -2  -1  -1   1  -1  -3  -2  -1   1  -3  -1   2   0  -3  -2  -2    2   3  36  10   0   1   1  10   0   1   1   1   8   1   2  18   3   0   0   1  0.40 0.15
  163 G    -1  -3  -2  -2  -3  -2  -3   6  -3  -4  -3  -2  -3  -3  -3  -1  -2  -3  -3  -3    2   1   1   1   0   1   1  82   0   1   3   2   0   1   1   2   1   0   0   1  1.25 0.26
  164 E    -1   0   0   2  -3   1   5  -2  -1  -3  -3   0  -2  -3  -2   1   0  -3  -3  -3    2   5   2  11   0   2  54   1   0   1   1   3   0   0   1  11   5   0   0   1  0.62 0.19
  165 V     1  -2  -2  -2  -2  -1  -2  -3  -3   2   0  -2   0  -2  -2  -1   2  -3  -2   4   10   2   1   1   0   3   1   1   0  10   6   1   1   0   1   2  15   0   0  43  0.27 0.13
  166 Q    -1   1  -1  -1  -3   5   2  -2  -1  -1  -2   0  -1  -3  -2  -1   1  -3  -2   0    2   8   1   1   0  48  13   2   0   5   1   1   0   0   1   2   8   0   0   6  0.55 0.21
  167 Y    -2   1  -3  -3  -3  -2  -3  -3   1  -2   1  -2   0   3  -3  -2  -2   0   7  -2    1   8   1   1   0   1   1   1   2   1  14   2   2  12   1   1   1   0  50   1  0.75 0.22
  168 L     0  -1  -3  -3  -2  -2  -3  -3  -3   2   4  -2   1   0  -3  -2  -2  -2  -2   0    8   3   1   1   0   1   1   1   0  12  63   1   2   1   1   1   1   0   0   2  0.49 0.17
  169 H    -3  -2  -1  -2  -4  -1   1  -3   9  -4  -3  -2  -3   0  -3  -1  -3  -3   2  -4    1   1   1   1   0   1   8   1  71   1   1   1   0   3   1   4   1   0   5   1  1.49 0.34
  170 P    -2  -3  -3  -2  -3  -2  -2  -3  -3  -3  -3  -2  -3  -3   8  -2  -2  -3  -3  -3    2   1   1   1   0   1   1   1   0   1   2   1   0   1  81   1   1   0   1   1  1.94 0.31
  171 K     1   0  -1  -1  -3   0   1  -2   0  -2  -2   5  -1  -2  -2  -1  -1  -3  -2  -2   18   2   1   1   0   1   8   1   2   2   2  54   2   2   1   2   1   0   0   1  0.47 0.19
  172 D    -2  -2   0   6  -3  -1   1  -2  -2  -3  -3  -1  -3  -3  -2  -1  -2  -3  -3  -3    1   1   1  76   0   1   7   1   0   1   2   1   0   1   1   1   1   0   1   1  1.04 0.19
  173 G    -1  -2  -1  -2  -3  -2  -2   6   2  -3  -3  -2  -3  -3  -2  -1  -2  -2  -2  -3    1   1   1   1   0   1   1  75   8   1   2   1   0   1   1   1   1   0   1   1  0.95 0.17
  174 V    -1  -2  -1  -2  -1  -2  -1  -3  -3   2   0  -1   0  -1  -2  -2   0  -3  -2   5    1   1   3   1   0   1   3   1   0   6   2   3   0   1   1   1   6   0   1  67  0.40 0.14
  175 Y    -1  -2  -2  -2  -2  -2  -2  -2   2  -1   0  -2   0   5   0  -1  -2   0   4   0    5   1   1   1   0   1   1   1   8   2   6   1   1  32   6   2   1   0  22   6  0.38 0.10
  176 P    -1  -2  -2  -2  -3  -1  -1  -2  -2  -2  -1  -1  -2  -3   7   1  -1  -3  -3  -2    1   1   1   1   0   3   1   1   0   1   7   1   0   1  65  10   1   0   1   1  1.29 0.18
  177 E    -2  -1  -1   2  -4   1   5  -2  -1  -3  -3   1  -2  -3  -2  -1  -2  -3   0  -3    1   1   1   8   0   1  69   1   0   1   1   6   0   1   1   1   1   0   4   1  0.76 0.19
  178 K     0   1  -1  -1  -3   1   0  -2  -1  -2  -3   5  -2  -3  -2  -1  -1  -3  -2  -2    9   2   2   1   0   4   1   1   0   2   1  69   0   1   1   1   3   0   0   3  0.60 0.18
  179 V     0  -2  -2  -1   0  -2  -2  -3  -3   1   0  -1   0  -2  -1   0  -1  -3  -2   5    7   1   1   3   1   1   1   1   0   1   3   3   0   1   2   6   1   0   0  68  0.40 0.15
  180 N    -1  -1   6   2  -3  -1   0  -1   1  -3  -3   0  -3  -3  -2   0   0  -3  -2  -3    2   1  63  10   0   1   3   1   2   1   1   5   0   1   1   2   4   0   0   1  0.75 0.18
  181 P     0  -1  -1   0  -2   1   2  -2  -1  -2  -1   1  -1  -3   4   0  -1  -3  -2   0    8   1   1   4   0   4  23   1   0   1   8   7   0   1  27   3   3   0   0   7  0.40 0.09
  182 G    -1   0   0  -2   1  -2  -1   6  -2  -4  -4  -1  -3  -3  -2  -1  -1  -3  -3  -3    1   8   2   0   3   0   4  72   0   0   1   0   0   0   0   2   4   0   0   1  0.84 0.16
  183 R    -2   7  -1  -2  -4   0  -1  -3  -1  -3  -3   1  -2  -3  -3  -2  -2  -3  -2  -3    1  89   1   1   0   0   1   1   0   1   1   1   0   0   1   1   1   0   0   1  1.17 0.21
  184 Q    -1  -1   0  -1  -3   3   2  -2  -1   0  -1   1  -1  -3   1   0   0  -3  -2   1    4   0   2   2   0  20  19   2   0   9   3   7   0   0   6   8   5   0   0  12  0.21 0.11
  185 G     1  -1  -1  -2  -1   0  -1   4  -2  -2  -2   0   1   0   0   0  -1  -2   1  -1   10   1   0   0   1   6   1  35   0   2   2   7   6   3   4   7   1   0   7   5  0.26 0.12
  186 V     0  -3  -1  -2  -2  -2  -1  -3  -2   1  -1  -2   1  -2  -3  -2  -1  -3  -2   5    8   0   3   2   0   1   4   1   1   5   1   1   4   1   0   2   2   0   1  63  0.55 0.22
  187 G    -2   0   4  -2  -4  -2  -2   5  -2  -4  -4  -2  -3  -4  -3   0  -2  -4  -4  -4    1   6  23   0   0   0   1  59   0   0   1   1   0   0   0   5   1   0   0   1  0.99 0.26
  188 L    -1   0   2  -1  -2   2   0  -1   2  -2  -1   2  -1  -1  -2   0   0  -2   0  -1    3   3  13   1   1  15   5   4   8   1   5  17   1   2   0   7   7   0   4   3  0.18 0.10
  189 N    -2   1   4  -1  -3  -1   0  -3  -2   3  -1   0   0  -2  -2  -1  -1  -3  -2   2    1   8  29   0   0   1   5   1   0  24   2   5   1   0   1   1   1   0   0  18  0.33 0.17
  190 M    -1  -2   1   2  -3   0   0  -1  -1  -1   0   0   2   2   2   0  -1  -2  -1  -2    4   0   9  18   0   2   7   5   1   1   9   4   8  11  12   4   1   0   1   1  0.17 0.09
  191 R    -2   6  -2  -3  -2  -1  -2  -2   5  -4  -3   0  -3   1  -3   0  -2  -3   0  -3    2  52   0   0   1   0   1   2  19   0   1   2   0   7   0   8   1   0   2   1  0.82 0.26
  192 S    -1   2   3  -1   0  -1  -1  -1  -2  -3  -3   1  -3  -3  -2   4   1  -4  -3  -3    2  14  14   0   2   0   1   3   0   0   1   6   0   0   0  49   5   0   0   1  0.54 0.22
  193 I    -4  -5  -6  -5  -3  -5  -6  -6  -6   7   0  -5  -1  -2  -5  -5  -3  -5  -4   1    0   0   0   0   0   0   0   0   0  94   5   0   0   0   0   0   0   0   0   1  1.69 0.44
  194 G    -2  -2  -3  -4  -5  -4  -4   7  -4  -6  -6  -4  -5  -5  -4  -2  -4  -5  -5  -5    0   2   0   0   0   0   0  96   0   0   0   0   0   0   0   2   0   0   0   0  1.97 0.44
  195 K    -1   0   0   0  -4   2   1  -1  -2  -4  -4   6  -3  -5  -3   0  -2  -5  -4  -4    4   1   2   4   0   8   7   4   0   0   1  61   0   0   0   8   1   0   0   0  0.78 0.28
  196 N    -4  -3   8  -1  -5  -2  -3  -3  -2  -6  -6  -2  -5  -5  -4  -2  -2  -6  -4  -5    0   0 100   0   0   0   0   0   0   0   0   0   0   0   0   0   0   0   0   0  2.19 0.49
  197 V     0  -3  -2   0  -2  -2  -2  -3  -4   0  -1  -2  -2  -3   6  -2   0  -5  -3   3    6   0   1   5   0   0   1   0   0   4   3   2   0   0  40   1   5   0   0  30  0.77 0.22
  198 S    -2  -2   6   2  -4   1   2  -2  -1  -5  -5  -1  -3  -4  -3   3  -1  -5  -4  -4    1   0  44   8   0   5  12   0   0   0   0   0   0   0   0  30   0   0   0   0  0.83 0.26
  199 P    -2  -4  -4  -4  -5  -1  -3  -4  -4  -5  -5  -3  -5  -6   8  -3  -3  -6  -5  -5    2   0   0   0   0   3   0   0   0   0   0   0   0   0  94   0   0   0   0   0  2.69 0.48
  200 I     3  -3  -3  -3  -2  -3  -3  -2   0   4  -1  -3  -1  -2  -3   1  -1  -4  -2   3   31   0   0   0   0   0   0   1   3  32   0   0   0   1   0  10   0   0   0  22  0.44 0.20
  201 E    -1  -1   3   1  -3   2   3  -2  -1  -3  -3   1  -3  -4  -2   1   2  -4  -3  -2    4   0  15   4   0   7  29   0   0   0   0  10   0   0   0  12  17   0   0   1  0.44 0.17
  202 V    -2  -2  -3  -4  -3  -2  -3  -4  -4   3   2   1   0  -1  -3  -3  -1  -4  -2   4    0   1   0   0   0   0   0   0   0  17  20  15   0   1   0   0   1   0   0  44  0.49 0.19
  203 K    -3   1  -2  -3  -5  -1  -1  -4  -3  -5  -5   7  -4  -5  -3  -2  -3  -5  -4  -5    0   3   0   0   0   0   0   0   0   0   0  97   0   0   0   0   0   0   0   0  1.76 0.43
  204 F    -2  -5  -5  -6  -5  -5  -5  -5  -3  -2  -2  -5  -2   8  -6  -4  -4   2   1  -3    3   0   0   0   0   0   0   0   0   0   0   0   0  93   0   0   0   2   1   0  2.06 0.43
  205 T    -1  -3  -1  -3  -3  -2  -2  -2  -3  -2  -3  -2  -3  -4  -3   4   6  -4  -3  -2    1   0   1   0   0   1   0   1   0   1   0   1   0   0   0  33  62   0   1   0  1.03 0.32
  206 G    -1  -4   0   0  -4  -3  -2   6  -2  -5  -5  -1  -4  -5  -4  -1  -2  -4  -5  -5    1   0   3   4   0   0   1  81   1   0   0   3   0   0   0   4   1   0   0   0  1.36 0.30
  207 K    -2   2  -1  -2  -5   2   0  -3  -2  -3  -3   6  -3  -4  -3  -2  -1  -4  -1  -2    1   6   2   0   0   9   4   1   0   1   1  69   0   0   0   0   3   0   3   2  0.91 0.28
  208 Q     2  -1   2  -1  -3   4   1   0  -1  -2  -3   1  -1  -3  -1   0   0  -3  -1  -2   24   1  11   1   0  28   6   5   0   1   0   8   1   0   2   3   6   0   2   0  0.35 0.16
  209 P     0  -3  -1  -3  -3  -2  -2  -3  -3  -2  -3  -2  -2  -3   4   1   5  -4  -3   1    4   0   2   0   0   0   0   1   0   1   0   0   0   0  21  11  50   0   1  10  0.75 0.25
  210 Y    -2  -4  -4  -2  -2  -3  -4  -5   2  -3  -3  -3  -2   4  -5  -3  -3   1   8  -3    2   0   0   3   1   0   0   0   4   1   0   1   0  15   0   1   0   1  71   0  1.62 0.38
  211 D    -3  -3   0   6  -5  -1   5  -3  -2  -5  -5  -2  -4  -5  -3  -2  -2  -6  -5  -5    0   0   1  59   0   0  39   0   0   0   0   0   0   0   0   0   1   0   0   0  1.41 0.33
  212 L    -1  -3  -4  -4  -2  -3  -4  -4  -4   2   3  -3   1   0  -3  -3  -1  -3  -2   4    0   0   0   0   0   0   0   0   0  11  32   0   0   4   0   0   0   0   0  54  0.56 0.13

                      K         Lambda
Standard Ungapped    0.1302     0.3140
Standard Gapped      0.0410     0.2670
PSI Ungapped         0.1302     0.3140
PSI Gapped           0.0410     0.2670
