
Last position-specific scoring matrix computed, weighted observed percentages rounded down, information per position, and relative weight of gapless real matches to pseudocounts
            A   R   N   D   C   Q   E   G   H   I   L   K   M   F   P   S   T   W   Y   V   A   R   N   D   C   Q   E   G   H   I   L   K   M   F   P   S   T   W   Y   V
    1 M    -1  -2  -3  -4  -2  -1  -2  -3  -2   1   2  -2   7   0  -3  -2  -1  -2  -1   1    0   0   0   0   0   0   0   0   0   0   0   0 100   0   0   0   0   0   0   0  0.49 0.04
    2 L    -2  -3  -4  -4  -2  -2  -3  -4  -3   2   5  -3   2   0  -3  -3  -1  -2  -1   1    0   0   0   0   0   0   0   0   0   0 100   0   0   0   0   0   0   0   0   0  0.53 0.03
    3 H    -2  -1   3  -1  -3   0   0  -2   8  -4  -3  -1  -2  -2  -3  -1  -2  -3   1  -4    0   0  23   0   0   0   0   0  77   0   0   0   0   0   0   0   0   0   0   0  0.84 0.05
    4 L    -2  -2  -4  -4  -2  -2  -3  -4  -3   1   4  -3   4   0  -3  -3  -1   6   0   0    0   0   0   0   0   0   0   0   0   0  62   0  23   0   0   0   0  14   0   0  0.49 0.03
    5 R    -2   6  -1  -2  -4   1   0  -3   0  -4  -3   2  -2  -3  -3  -1  -1  -3  -2  -3    0 100   0   0   0   0   0   0   0   0   0   0   0   0   0   0   0   0   0   0  0.88 0.05
    6 L    -2  -3  -4  -4  -2  -3  -3  -4  -3   1   4  -3   2   3  -3  -3  -2  -1   0   0    0   0   0   0   0   0   0   0   0   0  82   0   0  18   0   0   0   0   0   0  0.48 0.04
    7 F    -2   2   2  -2  -3  -2  -2  -3  -1  -1  -1  -1  -1   6  -3  -2  -2   0   2  -2    0  18  21   0   0   0   0   0   0   0   0   0   0  61   0   0   0   0   0   0  0.43 0.05
    8 D    -2  -2   1   7  -4  -1   1  -2  -2  -4  -4  -1  -4  -4  -2  -1  -1  -5  -4  -4    0   0   0 100   0   0   0   0   0   0   0   0   0   0   0   0   0   0   0   0  1.11 0.07
    9 S     0   0   0   0  -2   3   2  -1  -1  -3  -3   0  -2  -3  -1   4   1  -3  -2  -2    0   0   0   0   0  18  21   0   0   0   0   0   0   0   0  61   0   0   0   0  0.43 0.05
   10 S     0   2   0  -1  -2   0   0  -1  -1  -2  -3   0  -2  -3  -1   4   2  -3  -2  -2    0  21   0   0   0   0   0   0   0   0   0   0   0   0   0  61  18   0   0   0  0.39 0.04
   11 L    -2  -2  -2   2  -2  -2  -2  -3  -3   1   4  -2   1   0  -3  -2  -1  -2  -2   1    0   0   0  18   0   0   0   0   0   0  70   0   0   0   0   0   0   0   0  12  0.30 0.04
   12 Y    -2  -2  -2  -3  -3  -2  -2  -3   1  -2  -2  -2  -1   2  -3  -1   1   2   7  -1    0   0   0   0   0   0   0   0   0   0   0   0   0   0   0   0  18   0  82   0  0.82 0.07
   13 Y    -2  -2  -3  -4  -3  -2  -3  -4   1  -2  -2  -2  -1   3  -4  -2  -2   2   8  -2    0   0   0   0   0   0   0   0   0   0   0   0   0   0   0   0   0   0 100   0  1.15 0.09
   14 T     0  -1   0  -1  -1  -1  -1  -2  -2  -1  -1  -1  -1  -2  -1   1   5  -2  -2   0    1   1   1   1   0   1   1   1   0   1   2   1   0   1   1   1  82   0   1   1  0.48 0.07
   15 L    -1  -2  -2  -2  -1  -1  -2  -2  -2   2   3  -2   3   0  -2  -2  -1  -1  -1   1    2   1   1   1   0   1   2   2   1  13  54   1  13   1   1   2   1   0   1   2  0.25 0.04
   16 A     4  -2  -1  -2  -1  -1  -1   1  -2  -2  -2  -1  -1  -2  -1   2   0  -3  -2  -1   68   1   1   1   0   1   1  10   0   1   1   1   0   0   1  13   1   0   0   1  0.39 0.09
   17 S     1  -1   0   1  -2  -1  -1  -1  -2  -3  -3  -1  -2  -3  -1   4   2  -3  -2  -2    9   1   0   9   0   0   1   1   0   1   1   1   0   0   1  66   9   0   0   1  0.46 0.13
   18 A     3   1   1  -2  -1  -1  -1  -1  -2  -1  -1  -1   1  -2  -2   1   0  -3  -2   1   50   9   8   0   0   0   1   1   0   0   1   1   5   0   0   8   1   0   0  13  0.23 0.10
   19 S     1   1   2  -1  -2   1  -1   2  -1  -3  -3   0  -2  -3  -1   3   1  -3  -2  -2   10   8   9   0   0   7   1  16   0   0   1   1   0   0   0  35   9   0   0   1  0.28 0.08
   20 E     2  -1  -1  -1  -1   0   2  -1  -1   0   0  -1   0  -2  -1   1   1  -2  -2   1   30   1   1   1   0   1  20   1   0   8  10   1   0   1   1   7   7   0   1   9  0.12 0.06
   21 S    -1  -2  -1   2  -2  -1  -1  -2  -2   1   0  -1   0  -2   1   1   1  -2  -2   1    1   1   1  17   0   1   1   1   0  17   8   1   0   1   7  19  13   0   1   9  0.12 0.05
   22 S     2  -2  -1   1  -1  -1  -1   1  -2   0  -2  -1  -2  -3  -1   3   2  -3  -2  -1   26   0   0   8   0   0   0   8   0   7   1   0   0   0   0  33  12   0   0   0  0.26 0.10
   23 G     1  -2  -1  -2  -3   0   0   4  -2  -3  -3  -1  -2   1   1  -1  -2  -2   1  -2   16   0   0   0   0   6   5  49   0   0   1   0   0   7   6   1   0   0   7   0  0.45 0.12
   24 L     0  -1  -3   0  -2  -2  -2  -3  -2   3   2  -2   2  -1  -3  -2  -1  -2   1   1   12   5   0   8   0   0   0   0   0  35  19   0   9   0   0   0   0   0   6   6  0.20 0.10
   25 A     2  -2   1   2  -2  -1  -1   0  -2   0   0  -1  -1  -2  -2   2   1  -3  -2   0   28   0   7  14   0   0   0   5   0   6   8   0   0   0   0  21   6   0   0   4  0.18 0.10
   26 S     0   0  -1   3  -2  -1  -1  -2  -2   1  -2  -1  -2  -3   3   3   0  -4  -3  -1    5   7   0  21   0   0   0   0   0  12   0   0   0   0  15  36   0   0   0   4  0.35 0.15
   27 S     2   1  -1  -2  -2   2  -1  -2  -2  -3  -2  -1  -2  -3   2   4   0  -4  -3  -2   15   7   0   0   0  13   0   0   0   0   4   0   0   0  12  50   0   0   0   0  0.46 0.20
   28 T     2  -1   2  -1  -2   2  -1  -1  -1  -2  -3  -1  -2  -3  -2   2   3  -3  -2  -2   25   0  14   0   0  15   0   0   0   0   0   0   0   0   0  13  30   0   0   0  0.37 0.17
   29 S     1   1   1  -1  -2  -1  -1  -1  -1  -2  -1  -1  -2  -3   3   3   1  -3  -2  -2   11   8   9   1   0   1   1   1   0   1   6   1   0   1  13  34  11   0   0   1  0.29 0.12
   30 T    -1   0   1  -1  -2  -1   0   0  -1   0   0  -1  -1   0  -2   1   2  -2  -1   1    1   8   7   1   0   1   8   6   0   5   7   1   0   7   1  13  22   0   0  12  0.08 0.07
   31 E     0   0  -1   0  -2   1   1  -1  -2  -1   0   0  -1  -2   0   1  -1  -3  -2   1    7   6   0   5   0   6  14   4   0   0  10   6   0   0   3  16   0   0   0  19  0.09 0.08
   32 R     0   4   3  -1  -3   1   2   0   2  -4  -3   1  -2  -3   1   0  -1  -4  -2  -3    9  30  16   0   0   3  15   6   5   0   0   6   0   0   6   3   0   0   0   0  0.37 0.16
   33 S     1  -1   1   1  -2   1   2   0  -1  -3  -3  -1  -2  -1  -2   3   1  -3  -2  -2   16   0   5   6   0   5  19   5   0   0   0   0   0   4   0  31   5   0   0   0  0.30 0.17
   34 F    -1  -3  -3  -3  -3   0   0  -3  -2   1   2  -2   2   5  -3  -1  -2  -1   0   0    6   0   0   0   0   5   8   0   0   6  22   0   6  35   0   6   0   0   0   5  0.33 0.18
   35 N    -1   0   5   4  -4   1  -1   0   2  -3  -2  -1  -3  -4  -3   0  -1  -4  -3  -3    4   6  35  24   0   9   0   5   5   0   6   0   0   0   0   6   0   0   0   0  0.50 0.23
   36 G     0   1   1   2  -3  -1   1   3  -1  -3  -3  -1  -3  -2  -2   1   0  -2   2  -3    6   8   6  12   0   0   8  30   0   0   1   0   0   0   0  12   4   0  10   1  0.31 0.15
   37 T     0  -2   0   0  -2  -2  -2   0   0  -2  -2  -2  -2  -2   2   2   2   2   0   1    6   0   5   5   0   0   0   7   3   0   0   0   0   0   9  25  18   3   4  13  0.24 0.18
   38 Q     0   0   2   0  -3   3   2  -1   2  -3  -3   1  -2  -1  -2   1   0  -3  -2  -3    7   3  11   5   0  20  12   4   5   0   0   9   0   4   0  11   7   0   0   0  0.27 0.17
   39 G     1   0  -2   0  -3  -1  -1   4  -2  -2   0  -2  -2   0   0   0  -1  -3  -2  -2   12   5   0   4   0   3   4  40   0   1  12   1   0   5   4   4   4   0   0   1  0.33 0.18
   40 A     2  -1   0   0  -2   0   0   2  -2  -2  -1  -1   0  -3   1   2   0  -3  -3  -1   24   2   4   4   0   4   4  16   0   0   5   0   3   0   6  16   6   0   0   3  0.21 0.14
   41 G     1  -2   3  -2  -3  -2  -2   4  -2  -3  -2  -2  -2  -3   0   1  -1  -3   0  -1   13   1  17   1   0   1   1  38   0   1   3   1   0   0   3  12   1   0   5   4  0.45 0.22
   42 G    -1  -2   0  -2  -3   0  -2   5   0  -3  -2  -2  -2  -2   1   0  -1   3   0  -1    4   1   3   1   0   6   1  45   2   1   4   1   0   1   8   5   3   4   4   7  0.46 0.21
   43 V     1  -2  -1  -2  -2   0  -1  -1  -2   2   1   0   0   0  -2  -1  -1  -2   0   2   14   0   2   0   0   4   3   6   0  11  17   6   0   5   0   1   2   0   3  23  0.11 0.12
   44 A     2  -2   0   1  -2  -1  -1   1  -2  -2  -1   0   0  -3  -2   2   0  -3  -3   0   26   0   3   8   0   0   3  11   0   0   6   4   3   0   0  20   5   0   0   8  0.19 0.17
   45 A     3  -2   1   0  -2  -1   1   0   0  -1  -2  -1   0  -3  -1   2  -1  -4  -3  -1   34   0   7   4   0   0   9   7   3   4   3   3   3   0   3  16   0   0   0   5  0.23 0.20
   46 G     1  -1   1  -2  -3   0  -2   4  -2  -1  -1  -2  -2  -3   0   0   0  -3   0   0   14   3   9   0   0   4   0  32   0   3   7   0   0   0   4   8   6   0   3   7  0.26 0.17
   47 G     0  -2   2   2  -3  -2  -1   4  -2  -3  -1  -1  -3  -4  -3   1   0  -4  -3  -1    6   0  12  14   0   0   3  34   0   0   6   4   0   0   0   9   5   0   0   5  0.38 0.22
   48 E     0  -1   1   2  -3  -1   3  -1   2  -2  -3   0  -2  -3   3   0   1  -3  -2  -2    6   1   7  10   0   1  22   4   6   3   1   6   0   1  14   8   9   0   0   1  0.32 0.18
   49 S     0  -2   0   2  -2  -1   0  -1  -2  -2  -1  -1  -2  -2   3   2   2  -3  -3   0    8   1   3  14   0   0   3   2   0   1   5   3   0   2  13  24  13   0   0   6  0.27 0.20
   50 L     0  -1  -1  -2   1  -2   0   0  -3   0   3  -2   0   0  -3   0   0  -3  -2   1   10   3   3   1   3   0   6   6   0   2  36   1   0   3   0  10   6   0   0  10  0.15 0.16
   51 T     2  -1  -2  -1  -2  -1   0  -3  -3   1   0  -2  -2  -3   0   0   4  -3   0  -1   22   3   0   2   0   2   5   0   0   9   8   0   0   0   3   5  31   0   3   3  0.27 0.25
   52 P     0  -1   0   1  -3  -2   0  -1  -3  -2  -2  -1  -3  -1   5   1   1  -4  -1  -2    9   3   3  10   0   0   6   5   0   2   3   3   0   3  30   9   9   0   2   2  0.45 0.24
   53 T     1   1   1  -2  -2   0  -1  -2   0  -2   0  -1   2  -1   1   2   3  -3  -2   0   10   7   6   0   0   3   3   0   2   0   7   0   7   2   6  16  21   0   0   6  0.18 0.19
   54 D    -1  -3  -1   5  -4  -2   3  -1  -3  -1  -3  -1  -3  -4   0   0   0  -5  -4  -1    5   0   0  42   0   0  19   4   0   3   2   3   0   0   5   8   4   0   0   4  0.63 0.35
   55 V    -1  -3   0  -1  -2  -1  -2   0  -3   2   1  -2   2  -2   1  -1  -1  -3  -2   3    3   1   5   3   0   3   1   8   0  11  16   1   5   0   8   3   1   0   0  32  0.24 0.20
   56 A     2  -2   0   0  -2   0  -1   1  -2  -1  -2  -1  -2   0   0   2   1  -3   0  -1   27   0   4   4   0   4   2  12   0   3   3   3   0   5   5  15   8   0   3   2  0.19 0.18
   57 A     2  -2   0  -2   1  -1  -1   1   0  -1  -1  -2  -2  -3   1   2   0   3  -3  -1   25   0   5   0   3   2   3   8   3   4   8   0   0   0   5  20   6   4   0   3  0.21 0.21
   58 V     0   0   0  -2  -2  -2   0   0  -2   0   1  -2   2   0  -1   1   1  -3  -1   2    6   5   4   0   0   0   6   6   0   1  13   0   8   5   3  13   7   0   2  20  0.09 0.16
   59 N    -2  -1   6   3  -4  -2   0   0   2  -4  -3  -2  -3  -4  -3   0   1  -5  -4  -2    3   3  40  15   0   0   5   7   4   0   3   0   0   0   0   7   8   0   0   2  0.65 0.38
   60 L    -1  -2  -3  -1   0  -1  -1  -2   0   1   3  -2   2   1  -3  -2  -1   4   1   0    3   2   0   3   2   3   5   3   2   6  36   1   6   7   0   2   3   6   4   5  0.23 0.19
   61 T    -1  -1   0   1  -3  -1  -1   0   2  -2  -1  -1   0  -4  -1   3   4  -4  -3  -3    2   3   2   6   0   2   2   7   5   1   5   3   2   0   3  21  33   0   0   0  0.37 0.30
   62 Y    -3  -1  -1  -3  -4  -1  -1  -4   3  -1  -1  -3  -2   2  -4   0   2  -1   6   0    1   2   3   0   0   3   3   1   6   3   6   0   0   7   0   7  12   0  35   8  0.59 0.37
   63 F    -1  -2   0  -1  -3  -2   0  -1  -2   0   1  -2   1   4  -3   0   0   4   2   0    2   2   6   2   0   0   7   5   0   5  12   0   3  20   0   7   6   5   8   8  0.19 0.18
   64 T    -2  -3   0  -1  -4  -1  -2  -1  -4   1  -2  -1  -3  -4  -4   2   5  -5  -4   0    2   0   5   4   0   2   2   4   0   9   2   2   0   0   0  15  45   0   0   6  0.64 0.45
   65 P    -1  -4  -1  -1  -5  -1  -1  -2  -1  -2  -5  -2   0  -5   7   2  -1  -6  -5  -4    5   0   3   3   0   3   3   3   2   3   0   2   2   0  49  17   4   0   0   0  1.11 0.58
   66 A     4  -3   0  -2  -3  -1  -1   2  -1  -3   0  -3   0  -1  -1   1   0  -4  -3   0   35   0   6   2   0   3   3  14   2   0  11   0   2   2   2  10   4   0   0   5  0.29 0.28
   67 I     0  -3  -3   0  -3  -1   0  -3  -3   2   1  -3   3  -1  -1   0   1  -4  -3   2   10   0   0   6   0   3   5   0   0  14  16   0   9   2   3   8  11   0   0  13  0.20 0.22
   68 S    -1  -1   0   1  -3  -1   0  -2  -3   0  -1  -1  -3  -4  -1   4   1   0  -3   0    4   4   5   8   0   1   7   2   0   7   6   2   0   0   3  36   7   1   0   6  0.32 0.32
   69 H    -1  -2   2   1  -4   0   0  -2   7  -1  -1  -1   0  -3   0  -1  -1  -4   2  -4    4   2   9   7   0   4   4   2  30   4   5   4   3   0   5   5   3   0   7   1  0.58 0.39
   70 V     1  -1   0  -2   0  -1  -2  -3  -3   1   1  -2   2   1  -2   0   1  -3   0   2   12   3   5   2   2   2   3   1   0   9  13   0   6   6   2   5   8   0   3  20  0.15 0.17
   71 M    -1  -2   0  -1  -3  -1  -2  -2   1   1   2  -2   3   1   0   0  -1  -3   0   1    5   2   4   4   0   2   2   3   4   7  19   1  12   5   5   8   4   0   3  10  0.12 0.16
   72 L    -3  -3  -1  -2   0  -2  -1  -2   1   0   4  -3   2   0  -1  -2   0   1   0   1    1   0   3   3   2   2   3   3   4   5  38   0   6   4   3   3   7   2   3   8  0.31 0.27
   73 A     2  -1   0   0  -1   0   0   1  -1  -1  -1  -1  -2  -3   1   0   1  -4  -3   0   23   4   5   6   1   3   6  10   2   3   6   3   0   0   5   7   9   0   0   5  0.14 0.17
   74 P    -2  -5   0   0  -6  -2  -1  -6   0  -6  -4  -2  -6  -7   7   1  -1   0  -6  -6    3   0   4   5   0   1   4   0   2   0   2   2   0   0  58  11   5   2   0   0  1.55 0.85
   75 T     0  -2   0   0  -1  -2  -2  -1  -4  -1  -1  -3  -1  -1   1   3   4  -1  -1  -2    6   3   4   5   1   2   2   4   0   4   8   1   2   2   6  19  28   1   2   1  0.37 0.38
   76 T     1  -2  -1  -1   0   0  -1  -1   1  -1  -2  -2   1  -1   1   2   4  -5  -4   0    9   1   3   3   2   3   4   4   3   3   3   1   4   2   6  15  26   0   0   6  0.32 0.34
   77 I     0  -2   0  -3  -4  -2  -1  -3   0   3   1  -2   3  -1  -2  -1   0   2  -1   2    6   2   4   1   0   1   4   1   2  18  15   1   8   3   2   5   6   3   2  14  0.24 0.23
   78 A     2  -1   0   0  -4  -1  -2   1   1  -1  -2  -2   0  -2   1   2   0  -1   0   0   19   2   4   5   0   2   2   8   3   3   4   1   3   1   7  18   6   1   3   5  0.18 0.23
   79 T    -1  -3   0   1  -1  -2  -1  -3  -1  -1  -1  -4   2  -1  -1   2   4  -5  -2   0    5   1   5   7   1   2   5   2   2   3   6   0   5   3   4  14  28   0   1   7  0.33 0.35
   80 T     0  -1  -1  -1  -1  -2  -1  -1  -4  -1  -1  -2  -1  -3  -2   3   4   0  -2  -1    9   4   3   4   1   1   3   5   0   3   7   2   2   1   2  19  26   1   1   5  0.34 0.36
   81 T    -1  -1   2   0   1  -2  -1  -2  -4  -2  -1  -2   0   0  -2   2   4  -5  -1  -1    5   3   8   4   3   2   5   4   0   3   7   3   3   4   2  14  27   0   2   3  0.32 0.32
   82 A     2  -3   0  -1  -1  -2  -1   0   0  -1  -1  -3   0   1  -1   3   1   0   0  -2   17   2   5   3   1   2   4   8   2   3   7   2   3   5   4  19   8   1   3   2  0.20 0.22
   83 S     0  -2   2   0  -6  -1  -1   0  -5  -1  -2  -2   0   0  -1   4   0   1  -1  -1    6   2  10   5   0   3   5   6   0   4   4   2   3   4   3  29   5   2   3   4  0.34 0.33
   84 A     3  -3   0   0   0   1   1  -1   1  -1  -2  -2   0  -2   0   1   1   1  -1  -1   22   2   4   5   2   5   9   5   3   4   4   2   2   2   4   9   8   2   2   5  0.16 0.20
   85 T    -1  -2   1  -1  -6  -2   0  -2   0   0  -1  -2   0  -1  -2   2   4   1  -1  -1    6   3   7   3   0   2   7   3   2   5   6   2   2   3   2  12  26   2   2   4  0.32 0.31
   86 M    -1  -1   0  -1   1  -1  -1  -2   1   0   1  -1   4   0   0   0   0   3   0   0    5   4   4   4   3   3   4   4   3   6  11   4  10   4   5   7   5   4   3   6  0.11 0.12
   87 V    -1   0   0   0   2   0   0  -1   2   0  -1   0   2   1   0  -1   0   4   1  -1    5   5   5   5   5   5   5   5   5   5   5   5   5   5   5   5   5   5   5   5  0.07 0.08
   88 Q     0   1   2   1  -4   3   2  -2   1  -2  -1   0  -1  -2  -1   1   0   0  -1  -1    6   7  11   7   0  13  13   2   4   3   5   3   2   1   3   9   5   2   2   3  0.18 0.16
   89 I    -1  -3  -1  -2  -3  -2  -2  -2  -2   3   2  -3   3  -1  -2  -1   0  -3  -1   2    4   1   4   2   0   1   2   4   1  21  18   1   8   2   2   5   5   0   2  15  0.29 0.21
   90 Q    -1   0   2   1  -4   3   2  -3   0  -2  -2  -1   0  -3   0   1   1   1  -2  -2    5   4  12   7   0  14  13   1   2   2   5   3   3   1   4   9   9   2   1   2  0.24 0.22
   91 T     0  -3   1   1   0  -2  -2  -2  -2  -2  -2  -3  -1  -4  -1   2   5  -3  -2  -2    7   1   7   7   2   2   3   3   1   2   3   1   1   1   3  17  34   0   1   3  0.52 0.38
   92 T    -1  -3   0  -1  -1  -2  -1  -1   0  -2  -1  -1  -1  -2  -2   3   5  -5  -3  -1    4   1   5   3   1   1   4   5   2   3   6   4   2   2   2  18  33   0   1   4  0.45 0.34
   93 A     3  -2   0  -1  -1   0  -1  -1   0  -1  -1  -2  -1  -3  -1   2   1  -2  -3   0   26   2   4   4   1   4   3   6   2   3   6   2   2   1   4  14  10   1   1   6  0.23 0.21
   94 A     3  -2   1  -1  -4  -2  -1   0  -1  -2  -1  -2  -2  -1  -1   2   1  -1  -2  -1   22   2   6   3   0   2   4   8   2   3   8   2   1   2   4  17   7   1   2   4  0.21 0.20
   95 P    -1  -3   0  -3  -4  -3  -1  -3  -3  -2  -3  -4  -3  -6   7   0   0  -5  -3  -2    6   1   4   2   0   1   4   2   1   2   3   1   1   0  50   8   6   0   1   3  1.19 0.65
   96 S     0  -3   2   1  -4  -1  -1   0  -3  -3  -2  -3  -2  -2   0   4   1   0  -1  -4    9   2   8   7   0   3   4   8   0   2   4   1   1   2   4  32   9   1   2   1  0.43 0.34
   97 H    -1  -1   2  -1  -3   0   1   0   6  -2  -2  -3   0   1  -2   1  -2   0   2  -4    4   3   9   4   1   4   9   6  18   2   5   1   2   6   2  11   3   1   7   1  0.40 0.27
   98 D    -2  -2   3   5  -3   0   2  -2   0  -3  -2  -3  -3  -3   0   0  -1  -2  -3  -2    3   3  12  32   1   3  12   4   2   2   4   2   1   1   4   6   3   1   1   3  0.61 0.37
   99 L    -2  -3  -1  -3  -1  -2  -3  -3  -3   1   4  -4   4   1  -1  -1  -1   0   0   0    3   2   4   2   1   2   2   2   1   7  31   1  10   6   4   5   4   1   4   7  0.40 0.25
  100 E    -2  -1   2   2  -3   0   4  -1  -1  -4  -4  -1  -2  -4  -1   1  -1  -2  -1  -3    4   3   9  12   1   4  26   4   2   1   2   4   1   1   4  12   5   1   2   3  0.44 0.31
  101 T     0  -2   1  -1  -1  -1  -1  -2  -1  -2  -2  -2   0  -1   0   2   4  -1   0  -1    7   2   7   3   2   2   5   4   1   3   4   3   2   2   5  13  26   1   3   5  0.31 0.26
  102 G     0  -3   2   0   1  -2  -1   4  -1  -2  -2  -3  -2  -1  -3   2  -1  -1  -2  -3    8   1   8   6   3   2   4  31   2   2   5   1   1   3   2  12   4   1   2   2  0.43 0.29
  103 G     0  -3   2   0  -1  -2  -2   4  -1  -2  -2  -3   0  -1  -1   1  -1  -1   0  -3    7   1   8   6   1   1   3  31   2   3   4   2   2   2   4  11   4   1   3   2  0.39 0.27
  104 N    -2  -3   7   1  -4  -2  -1  -1  -1  -5  -5  -4  -2  -2  -4   0   0  -3  -1  -4    4   2  52   7   0   2   4   5   1   1   1   1   1   2   1   6   5   0   2   2  1.28 0.67
  105 S     0  -3   2   0  -1  -2   0   0  -2  -2  -3  -2  -1  -1  -2   4   1  -1   0  -1    9   2   9   6   2   2   7   7   1   2   3   2   2   2   2  26   8   1   3   4  0.28 0.25
  106 T    -2  -3   2  -1   0  -4  -2  -3  -4  -2  -2  -4  -1  -3  -3   2   6  -6  -3  -1    4   2   8   3   2   1   3   2   0   2   4   1   2   1   2  15  41   0   1   5  0.84 0.53
  107 S     0  -2   1   1  -1  -2   0  -1  -1  -1  -2  -3   0   0   0   3   2  -2  -1  -1    8   2   6   7   1   2   6   4   1   3   4   2   2   4   4  23  13   1   2   4  0.24 0.23
  108 S     0  -1   1  -1  -1   0   0  -1  -1  -3  -1  -2  -2  -2   1   3   2  -2  -1  -2    7   3   8   4   1   5   7   4   1   1   6   3   1   2   6  22  12   1   2   3  0.22 0.22
  109 D    -2  -3   2   5  -3   0   2  -1  -1  -2  -2  -3  -3  -3  -1   1  -1  -3  -2  -2    4   1   9  32   1   4  11   5   2   2   4   2   1   1   4   9   5   0   2   3  0.55 0.36
  110 P    -1  -3  -1   0  -2  -2   0  -1  -1  -2  -3  -3  -2  -2   6   0   0  -4  -1  -1    6   2   4   5   1   2   6   5   2   2   4   2   1   2  37   7   6   0   2   4  0.67 0.42
  111 G     0  -2   1   1   0  -1   0   3  -1  -2  -2  -2  -1  -2  -1   1   0  -1  -1  -1    6   2   6   7   2   3   6  25   1   2   5   2   2   2   4  10   7   1   2   4  0.22 0.17
  112 E    -1  -1   0   2  -1   1   4  -1   0  -3  -3  -1  -2  -2   0   0   0  -1   0  -2    5   3   5  11   1   6  29   4   2   2   3   3   1   2   4   8   5   1   3   3  0.36 0.28
  113 F    -1  -2  -1  -1   0  -1  -2  -1   0   0   1  -3   1   4  -1  -1  -1   0   3   0    5   2   3   3   2   3   3   5   2   5  12   1   4  19   4   5   3   1  11   5  0.25 0.18
  114 D    -1  -1   1   5  -3  -1   2  -2   1  -4  -2  -2  -2  -2   0   0   0  -2  -3  -3    5   3   6  33   1   3  12   3   3   1   5   2   1   2   5   8   5   1   1   2  0.53 0.35
  115 N    -1   0   4   2  -3  -1   1  -1   1  -2  -3  -1  -1  -2   0   1   0  -2  -1  -1    4   4  23  11   1   3   8   4   3   2   3   3   2   2   5   9   6   1   2   4  0.31 0.24
  116 L    -1  -2  -2  -2   1  -2  -1  -3  -1   2   3  -3   2   1  -1  -1   0   1   1   0    5   3   2   2   2   1   4   2   1  10  29   1   5   5   3   5   5   2   5   7  0.24 0.18
  117 N    -2  -1   4   1  -2  -1   0  -1   0  -2  -2  -1  -2  -2   1   1   1  -1  -1  -3    3   4  21   8   1   3   7   5   2   2   5   3   1   2   7  10  10   1   2   2  0.28 0.22
  118 S     0  -1   0   1  -2   0   1  -1  -1  -1  -2  -1  -2  -2   0   3   1  -2  -1  -1    6   4   3   8   1   4  10   5   2   4   4   3   1   2   5  21   9   1   2   4  0.17 0.18
  119 F    -2  -2  -1  -1  -1  -2  -1  -3   1   0   1  -3   0   5   0  -1   0   2   2  -1    3   3   3   4   2   2   4   2   3   5  13   2   2  23   5   6   6   2   8   5  0.29 0.20
  120 Y    -2  -1   0  -1  -2  -1  -1  -2   2   0  -1  -2   0   2   0   0   0   2   5  -1    3   3   4   3   1   3   4   3   5   6   5   2   3   6   4   7   6   3  23   4  0.33 0.24
  121 F    -2  -2  -2  -1  -2  -2  -2  -2   0   1   1  -2   0   5  -1  -2  -1   2   3   0    4   3   2   3   1   2   3   3   2   7  12   2   2  25   3   3   4   3  11   5  0.40 0.24
  122 Y    -1  -1   0  -1  -3  -1  -1  -2   2   0  -1  -1  -1   3  -1  -1  -1   3   5   0    4   3   5   3   1   3   3   3   5   5   7   3   1  12   3   5   3   3  20   6  0.31 0.22
  123 E    -1   1   0   1  -3   2   3  -2   1  -1  -2   1  -1  -3   0   0   0  -1  -2  -1    5   6   4   8   0   8  22   3   3   3   4   7   1   1   4   6   5   1   2   4  0.21 0.19
  124 T    -1  -1   0  -1  -2  -1   0  -2  -1   0   0  -1  -1  -2   0   1   3   1  -1   1    5   3   5   3   1   3   5   3   1   5   8   4   1   2   4   8  23   2   2  11  0.16 0.19
  125 E     0  -1  -1   0  -2   0   2  -1   0   1   0  -1   0   0   0   0   0   1   0   1    6   3   3   4   1   3  16   4   3   8   7   3   2   3   4   9   7   2   3   9  0.07 0.10
  126 Q    -1   1  -1  -1  -2   4   1  -3   0   0   0   0   0  -1   0  -1   0   1  -1   0    5   8   2   3   1  19   9   2   2   5   8   6   2   3   4   4   6   2   2   7  0.16 0.18
  127 F    -1  -2  -3  -4  -3  -2  -4  -4  -2   2   1  -3   0   5  -1  -1  -1   1   4   1    5   2   1   1   1   1   1   2   1  12  13   1   2  22   3   4   4   2  13  11  0.46 0.30
  128 A     3  -2  -2  -4   1  -2  -2  -1  -2   1  -1  -2   0  -2   0   0   1  -3  -2   2   28   1   2   0   3   2   2   5   1   9   5   2   2   2   5   8   7   0   1  14  0.25 0.24
  129 V    -2  -4  -5  -5  -1  -4  -4  -4  -6   4   1  -4   0   1  -3  -3  -1  -4  -2   5    3   1   0   1   1   1   1   1   0  23  14   1   2   5   1   2   4   0   1  36  0.78 0.45
  130 L    -3  -4  -4  -5  -2  -3  -4  -4  -3   3   4  -4   2   2  -4  -4  -1  -2   3   1    2   0   1   0   1   1   1   1   1  13  41   1   5   7   1   1   3   1  10  10  0.71 0.43
  131 W     0  -5  -4  -5   2  -4  -3   0  -3   0   0  -4   0   3  -2   0  -1   8   4   0    7   0   0   0   4   1   2   8   0   6   9   1   2  11   2   8   3  17  12   6  0.61 0.39
  132 I    -2  -6  -4  -7  -1  -5  -6  -4  -5   5   2  -5   1   1  -4  -3  -1  -6  -3   4    4   0   1   0   1   0   0   2   0  31  19   0   3   5   1   2   4   0   1  26  0.87 0.49
  133 L    -3  -6  -6  -6  -1  -5  -5  -6  -5   5   4  -6   2   0  -6  -4  -2  -2  -1   3    2   0   0   0   1   1   1   0   0  26  37   0   5   3   0   1   3   0   2  17  0.98 0.53
  134 F    -2  -7  -5  -6   0  -6  -6  -2  -6   1   0  -7   3   7  -6  -2  -4  -1   3   0    4   0   1   0   2   0   0   4   0   8   8   0   6  47   0   3   1   1   8   5  1.26 0.65
  135 T     0  -4  -2  -5   1  -3  -4  -2  -4   3   2  -4   0   0  -3  -1   2  -3  -2   3    9   0   2   0   3   1   0   4   0  14  17   0   2   5   1   5  13   0   1  21  0.40 0.31
  136 V     0  -6  -5  -7   0  -5  -6  -4  -6   4   3  -6   1   1  -4  -3  -1  -3  -4   4    7   0   1   0   2   0   0   2   0  18  22   0   3   7   1   2   4   0   0  31  0.76 0.45
  137 I     2  -5  -3  -4   0  -4  -5   3  -4   3  -1  -5  -1  -1  -5   1   0  -3  -4   1   18   0   1   1   2   0   0  24   0  15   6   0   2   2   0  12   6   0   0   9  0.48 0.37
  138 V     0  -6  -5  -6  -2  -6  -6  -4  -5   4   2  -6   1   1  -6  -3   0  -3  -4   4    9   0   0   0   1   0   0   2   0  20  21   0   3   6   0   2   6   0   0  28  0.75 0.44
  139 L    -1  -4  -6  -7   0  -6  -6  -3  -5   4   3  -6   0   3  -4  -3  -1  -5  -3   3    4   1   0   0   2   0   0   2   0  19  30   0   2  10   1   3   4   0   1  21  0.74 0.43
  140 G    -2  -8  -5  -6  -4  -8  -3   7  -8  -4  -5  -8  -6  -4  -6  -3  -5  -5  -9  -4    4   0   0   0   0   0   2  84   0   1   1   0   0   1   0   2   1   0   0   1  2.29 1.09
  141 N    -7  -6   9  -5  -3  -3  -7  -4  -4  -4  -6  -7  -6  -5  -9  -4  -4 -10  -9  -4    0   0  88   0   1   1   0   1   0   1   1   0   0   1   0   2   1   0   0   2  3.03 1.40
  142 S     1  -4  -2  -4   1  -5  -5   1  -5   2   1  -5   0   0  -4   2   1  -3  -4   2   10   0   2   0   3   0   0  11   0  12  15   0   2   4   1  18   8   0   0  12  0.35 0.31
  143 A     1  -6  -4  -6   1  -5  -5  -2  -4   1   4  -5   3   2  -5  -1   1  -1  -2   1   10   0   1   0   3   0   1   3   0   7  38   0   6   7   1   4   8   1   1   8  0.58 0.39
  144 V    -3  -5  -3  -8  -4  -8  -8  -6  -8   1   0  -8   0  -3  -4  -4   0  -8  -5   7    3   1   2   0   0   0   0   1   0   7   7   0   2   1   1   2   6   0   0  68  1.66 0.86
  145 L    -3  -8  -6  -8   5  -6  -8  -6  -5   5   4  -8   2   0  -4  -6  -5  -3  -5   2    3   0   0   0  11   0   0   1   0  33  30   0   5   4   1   0   1   1   0  10  1.26 0.64
  146 F     0  -4  -3  -7  -1  -5  -6  -4  -2   2   2  -4   0   4  -7  -2   0   5   4   2    7   1   1   0   1   0   0   2   1  12  17   1   2  13   0   3   5   8  14  12  0.65 0.40
  147 V     1  -4  -5  -7  -2  -5  -8  -5  -4   4  -2  -5  -2  -5  -8  -1   1   0  -5   6   13   1   1   0   1   1   0   1   1  18   4   1   1   1   0   6   8   1   0  41  1.04 0.60
  148 M    -3  -3  -5  -8  -1  -5  -7  -7  -4   4   3  -6   2   2  -6  -3  -2  -2  -1   4    2   2   1   0   1   0   0   0   0  22  23   0   4   8   0   3   3   1   3  25  0.89 0.49
  149 F     0  -2  -4  -6   3  -3  -5  -2   0   1   2  -2   0   3  -6  -1  -1   4   3   0    8   3   1   0   6   1   1   4   2   8  19   3   2  13   0   4   4   5  10   6  0.43 0.27
  150 I    -2   4  -3  -5   1   0  -4  -3   0   0   0   2   0  -1  -4   0   1  -1   0   0    3  23   1   1   3   4   1   2   2   5  10  12   2   3   1   6   8   1   3   7  0.37 0.28
  151 N    -3   2   4   0  -1   1  -2  -2   4  -3  -5   1  -1   0  -3   1   0  -3   1  -2    2  12  18   5   1   5   2   3   8   2   1   8   2   4   1  11   7   0   4   3  0.41 0.31
  152 K    -2   5  -1  -4  -3   1  -3  -3   0  -5  -3   5  -1  -5   0  -1  -2  -3  -4  -5    3  31   3   1   1   5   2   2   2   1   3  29   2   0   5   6   3   1   1   1  0.94 0.58
  153 N    -1   4   2  -1   0   1  -2  -1   3  -4  -4   3  -1  -3  -2   1  -1  -3  -1  -3    5  20   9   3   2   5   2   5   5   1   2  15   2   1   2  12   3   0   2   2  0.37 0.30
  154 R    -2   4  -1  -5  -3  -2  -3  -3  -1  -3   2   1   6  -2  -3  -1  -2  -3  -4  -2    3  22   3   1   1   1   2   2   1   1  21   8  20   1   1   5   3   0   1   2  0.69 0.48
  155 K    -3   5  -2  -4   0   2  -2  -3   3  -2  -2   3  -1  -4  -3  -1  -2   0  -3  -2    2  33   2   1   2   8   2   2   7   2   4  18   1   1   2   5   3   2   1   3  0.71 0.47
  156 S    -1   0   2  -4  -1  -3  -3  -3   1  -4  -4  -1  -2  -3  -4   4   5  -3  -4  -3    4   5   8   1   1   1   1   2   3   1   2   3   1   1   1  32  30   0   1   1  0.79 0.57
  157 R     0   4  -2  -3   0  -2  -2  -3  -2   0  -1   0  -1  -3   2   0   1  -2  -3   2    7  22   2   1   2   1   2   1   1   5   5   4   2   1  10   7   8   1   1  18  0.33 0.29
  158 M    -1  -1  -1  -4  -2  -1  -3  -2  -1   1   0  -3   3  -2   0   0   5  -5  -3   1    4   4   2   1   1   3   1   2   2   8   7   1   9   1   4   6  32   0   1  10  0.43 0.36
  159 N    -4   0   7   1   0  -1  -2  -2   3  -4  -4  -2  -3  -2  -4   0   0  -2  -1  -3    1   4  48   6   2   2   2   3   8   1   1   2   1   2   1   6   6   1   2   2  0.98 0.58
  160 Y    -2  -2  -2  -4   0  -3  -4  -2   0   2   1  -1   1   3  -3  -1   0   2   5   1    2   2   1   0   2   1   0   3   3  12  13   3   4  11   1   4   7   2  19   8  0.34 0.27
  161 F    -3  -5  -6  -6   1  -3  -4  -6   0  -1   3  -5   2   6  -4  -3  -3   0   4  -2    2   0   0   0   3   1   1   0   2   2  27   0   5  35   1   2   1   1  14   2  1.01 0.54
  162 I    -3  -4  -4  -6  -4  -3  -5  -4  -1   6   3  -4   2   0  -3  -4  -3  -5  -2   2    1   1   1   0   0   1   0   1   2  42  25   1   5   3   1   1   1   0   1  13  0.87 0.49
  163 K     1   0  -1  -3   1  -1  -1  -1  -1   1   2  -1   1   1  -2   0   0  -1  -1   1   13   4   3   0   3   1   3   5   1   6  20   3   5   5   1   6   4   1   2  12  0.09 0.12
  164 Q    -2  -2   6  -1  -1   0   0  -2   4  -3  -1   0  -2  -4  -3   2  -1  -5  -1  -3    2   1  36   1   1   4   5   2  12   1   6   5   1   0   1  15   3   0   2   1  0.61 0.42
  165 L    -2  -2  -2  -5   0  -2  -4  -5  -4   0   5  -2   4   1  -2  -2  -2  -4  -3   0    3   3   2   0   2   2   0   0   0   3  58   2   9   5   2   3   2   0   0   5  0.68 0.43
  166 A     4  -4  -1  -4   3  -3  -3  -1   0  -1   0  -3   0   0  -1   1   0  -4   0  -1   44   0   3   0   7   0   0   4   2   3   9   0   3   5   2   9   4   0   3   3  0.42 0.37
  167 L     0  -3  -3  -3   2  -2  -3  -1  -3   2   1   0   1   1   0   0   1   2   0   2    6   0   0   0   4   0   0   4   0  14  13   6   5   6   4   7   8   3   4  15  0.15 0.16
  168 A     0  -2   0   0   2  -2   0   0  -2   0   0   0   1   1   1   0   0   4   1   0    6   0   6   6   6   0   6   6   0   6   6   6   6   6   6   6   6   6   6   6  0.07 0.11
  169 D     0  -1   1   0   2   1   0   0   2   0  -1   0  -1  -2   1   0   0  -3   1   0    6   0   6   6   6   6   6   6   6   6   6   6   0   0   6   6   6   0   6   6  0.06 0.10
  170 L    -3  -4  -6  -5  -2  -4  -3  -5  -6   2   5  -4   1   3  -5  -3  -2   0  -3  -1    3   1   0   1   1   1   2   1   0  10  54   1   3  11   1   2   3   1   1   3  0.99 0.59
  171 C    -1  -5  -3  -4   5  -3  -4  -2  -2   1   4  -5   3   1  -3  -2  -1  -1  -2   0    5   0   1   1  10   2   1   3   1   8  36   1   7   6   1   4   5   1   1   6  0.57 0.37
  172 V    -2  -3  -3  -4  -1  -3  -4  -4  -2   2   1  -4   4   2  -4  -3   0  -5  -1   4    4   1   1   1   1   1   1   2   1  11  14   1  10   9   1   2   5   0   2  31  0.59 0.39
  173 G     2  -3  -2  -3   2  -2  -2   3  -2  -1  -1  -3   0  -2  -1   1   2  -5  -2  -1   17   1   2   1   5   1   2  19   1   4   7   2   3   2   3  12  11   0   1   5  0.28 0.26
  174 L    -1  -5  -3  -3   1  -5  -4  -3  -2   2   4  -4   1   3  -3  -2   0   0  -2   2    5   0   1   1   3   0   1   3   1  11  34   1   4  10   1   3   5   1   1  12  0.51 0.35
  175 L    -2  -7  -3  -8   1  -3  -4  -4  -1   2   3  -4   2   5   0  -3   0   1   0   1    3   0   2   0   2   2   2   2   1   9  23   2   5  19   6   2   5   2   3   9  0.60 0.35
  176 N    -1  -3   3  -2   5  -1  -3   0   0  -1  -2  -2   1   2   1   0   0   1  -1  -1    5   2  13   3  12   3   2   7   2   4   4   2   3   7   7   8   6   2   2   5  0.29 0.24
  177 V     0  -7  -2  -3   1  -2  -3  -2  -1   3   1  -3   5   1  -1  -3  -1   1  -1   3    7   0   2   2   3   2   2   3   2  12  13   2  12   5   4   3   4   2   2  18  0.44 0.28
  178 L    -1   0   0   0   2   0   0  -1   2   0  -1   0   2   1   0  -1   0   4   1  -1    5   5   5   5   5   5   5   5   5   5   5   5   5   5   5   5   5   5   5   5  0.09 0.08
  179 T    -2  -5  -3  -4  -1  -2  -4  -4  -3   1   1  -4   1   6   2  -2   2  -1   0   1    4   1   2   1   1   2   1   2   1   7  11   1   3  24  11   4  13   1   3   8  0.59 0.39
  180 D     1  -2   2   1  -3   1   1  -2   0  -2  -2  -2  -1   0  -2   1   3   0  -2  -3   11   2   8   9   1   7  10   3   2   2   5   3   1   3   3  10  16   1   2   2  0.25 0.25
  181 I     1  -5  -6  -6  -2  -6  -6  -3  -5   4   2  -6   3   3   1  -3  -2  -2  -1   2   10   1   1   1   1   0   1   2   0  19  21   1   5   9   7   2   3   1   3  14  0.62 0.37
  182 I     0  -5  -3  -4  -2  -2  -4  -3  -1   4   1  -4   2   1  -3  -2   0   0   1   3    9   1   1   1   1   2   1   3   1  18  14   2   4   6   2   4   7   1   5  17  0.42 0.26
  183 W     0  -2   0  -2  -3   0  -2  -3   1  -2  -2  -3  -1   2  -4   0   0   8   5  -2    7   3   4   3   1   4   3   2   3   3   5   2   1   8   1   7   6  19  15   3  0.76 0.48
  184 R     1   2   2   0  -2   0   0  -3   0  -1  -1  -1   1  -1  -4   1   0  -2   2  -2   10   9   9   5   1   4   7   2   2   4   6   4   4   3   1  10   7   1   7   3  0.14 0.14
  185 I    -2  -4  -4  -4  -1  -4  -4  -5   0   4   3  -5   2   2  -3  -3  -2  -1   1   3    4   1   1   1   1   1   1   1   2  21  22   1   4   7   2   3   3   1   5  15  0.61 0.34
  186 T    -1  -3   1  -2  -2  -1  -1  -1   1  -1   1  -2   1   0  -1   0   4  -2   1  -1    6   2   6   3   1   3   4   6   3   4  11   3   4   4   3   8  21   1   4   5  0.21 0.20
  187 I    -1  -1   0  -1  -2   0  -1   1   0   1   0   0   0   1   0  -1   0  -2   2   1    4   3   4   4   1   5   4  11   2   8   9   5   2   5   4   5   5   1   7  11  0.06 0.06
  188 S    -1   1   1   1  -1   1   0   0   2  -3  -4  -1  -2  -1   1   2   1  -1   1  -2    6   8   5   7   1   6   7   8   4   2   2   4   1   3   7  13   9   1   5   3  0.17 0.18
  189 W    -6  -5  -6  -5  -4  -5  -6  -3  -1  -5  -3  -5  -4   2  -2  -7  -6  12   2  -5    1   1   1   1   0   1   1   3   1   1   3   1   1   8   2   1   1  65   6   1  3.29 1.54
  190 R    -2   1   0  -1  -1   0  -2  -3   1   1   0  -1   0   0   4  -2  -1   0   1   1    4   9   5   3   1   5   3   2   3   9   9   4   3   3  16   3   4   1   4   9  0.22 0.19
  191 A     1  -3  -4  -6  -1  -4  -3  -1  -1  -2   2  -5   0   7  -2  -2  -2   2   1  -2   10   2   1   1   1   1   2   5   2   2  16   1   2  35   3   3   3   3   5   3  0.88 0.50
  192 G    -3  -4  -2  -2   0  -4  -5   7  -2  -6  -5  -6  -2  -4   0  -2  -3  -3  -3  -6    2   1   2   3   2   1   1  67   1   1   2   1   1   1   6   4   2   0   1   1  1.64 0.92
  193 N    -1   0   3   3  -1  -1   2  -2   1  -2  -3   0  -2  -2   0   1  -1  -1  -1  -2    6   5  12  15   1   3  11   4   3   3   4   5   1   2   5  10   4   1   3   3  0.23 0.21
  194 L     1  -4  -4  -4  -1  -4  -3  -3   0   2   2  -4   1   4  -2  -3   0   1   0   2   10   1   1   1   1   1   2   3   2  11  16   1   3  16   3   3   6   2   3  13  0.42 0.26
  195 A     0  -5  -5  -8   1  -5  -4   0  -2  -1   3  -5   6   2  -2  -2  -1   3   1   0    8   1   1   0   3   1   1   7   1   3  24   1  15   9   3   3   4   4   5   7  0.63 0.39
  196 C    -5  -5  -5  -5  12  -5  -6  -6  -2  -4  -4  -6  -3  -4 -10  -5  -5 -10  -3  -4    2   1   1   1  79   1   1   1   1   1   3   1   1   1   0   1   1   0   1   2  3.70 1.61
  197 K    -3   4  -2  -1  -2   0  -2  -4   1  -2  -3   6  -3  -2  -3  -2  -1  -1  -1  -3    3  17   2   4   1   4   3   2   3   2   4  37   1   2   2   3   4   1   3   2  0.82 0.52
  198 A     0  -7  -4  -5  -1  -4  -5  -3  -3   3   3  -5   2   4  -4  -2   0   0  -2   2    8   0   1   1   1   1   1   3   1  16  22   1   5  14   1   3   6   1   1  12  0.60 0.34
  199 I    -2  -2  -1  -4   0  -2  -3  -5   0   2   1  -4   3   1  -4  -1   0   4   2   4    4   3   3   1   2   2   2   1   3  10  11   1   5   5   1   6   5   5   7  23  0.43 0.28
  200 R     0   1   1  -2  -1   0  -1   0   1  -1  -1   0   2  -1   1   1   1   1   0  -1    7   6   7   2   2   5   4   8   4   3   7   5   6   3   6   9   8   2   3   4  0.08 0.10
  201 F    -1  -3  -2  -3   1  -8  -8  -2   0  -1  -1  -8   2   6  -2  -1  -1   2   4  -1    5   2   2   2   3   0   0   4   2   4   7   0   5  31   3   6   4   3  12   5  0.85 0.48
  202 S    -1  -3  -2  -2   1  -2  -2  -2  -1   2   2  -2   3   2  -2   0   0   1  -1   1    5   2   2   3   3   2   3   4   2   9  22   2   6   8   2   7   6   2   2   9  0.24 0.16
  203 Q    -1   0   0   0   2   0  -1  -1   2   0  -1   0   2   0   0  -1   0   4   1  -1    5   5   5   5   5   5   5   5   5   5   5   5   5   5   5   5   5   5   5   5  0.03 0.09
  204 V    -1   0   0   0   2   0  -1  -1   2   0  -1   0   2   0   0  -1   0   4   1  -1    5   5   5   5   5   5   5   5   5   5   5   5   5   5   5   5   5   5   5   5  0.03 0.09
  205 C     0  -2  -2  -2   5  -1  -2  -2   0   1   0  -2   3   2  -2  -2   0   3   0   2    7   2   2   2   9   3   3   3   2   7   9   2   6   7   2   3   6   4   3  12  0.19 0.18
  206 V     0  -2   0   0   2  -2   0  -1   1   0  -1   0   1   1   0   0   0   3   1   0    5   0   5   5   5   0   5   5   5   5   5   5   5   5   5   5   5   5   5   5  0.03 0.12
  207 T    -1  -3  -3  -4   2  -1  -4  -1  -1   2   1  -3   4   1  -2  -1   1  -1  -1   3    5   1   1   0   5   2   1   4   1  11  15   1  10   5   2   6   9   1   2  18  0.27 0.24
  208 Y     0  -4  -1  -4   1  -2  -3  -1   1   0  -1  -4   0   4  -4   0   1   0   5  -1    7   1   3   1   3   2   1   6   3   5   4   1   2  15   1   8   9   1  23   4  0.45 0.33
  209 S     4  -3  -2  -4   1  -3  -3  -1  -4   0   0  -4  -1  -3  -2   2   0  -5  -3   3   30   1   2   1   3   1   1   3   0   4   9   0   1   1   1  17   6   0   1  19  0.44 0.37
  210 S     0  -4  -3  -4  -1  -2  -3  -2  -4  -4  -5  -5  -1  -6  -3   7   1  -2  -2  -4    5   1   1   1   1   1   2   2   0   1   1   0   1   0   1  69   7   1   2   1  1.41 0.83
  211 T     0  -4  -2  -4   1  -3  -4  -2  -4   4  -1  -4   0  -3  -3   1   2  -3  -3   3    7   1   2   1   3   1   1   3   0  24   4   0   2   1   1  12  14   0   0  23  0.53 0.38
  212 Y    -2  -5   0  -5  -1  -3  -4  -4   0   0   2  -3   1   6  -5  -3  -3   2   5  -2    3   0   5   1   1   1   1   2   2   4  19   1   3  31   1   2   2   3  17   2  0.83 0.48
  213 V    -1  -4   0  -4   1  -3  -4  -3   0   1   0  -4   1   1  -4   1   5  -2  -1   1    4   0   5   0   3   1   0   2   3   7   7   0   4   6   0  11  35   1   1   9  0.48 0.39
  214 L    -4  -3  -4  -6  -1  -3  -5  -6  -3   2   5  -5   3   0  -3  -4  -2  -5  -3   0    1   1   1   0   1   1   0   0   1  11  61   0   6   4   1   2   2   0   1   5  1.01 0.54
  215 V     1  -3  -3  -4   3  -3  -4  -2  -5   1   0  -3   2  -2  -3  -1   4  -5  -3   4   11   1   1   0   6   1   1   2   0   8   8   1   6   2   1   3  23   0   1  26  0.50 0.37
  216 A     4  -2  -3  -4   4  -4  -4  -2  -4   0   0  -4   1  -1  -4   0  -1  -1  -2   3   38   2   1   1   7   0   0   2   0   5   8   0   3   3   0   6   3   1   1  18  0.52 0.39
  217 M    -3  -2  -4  -6  -2  -5  -6  -5  -5   6   1  -5   5   0  -6  -2  -1  -5  -2   1    1   2   1   0   1   0   0   1   0  47  11   0  15   3   0   3   3   0   1   8  1.07 0.56
  218 S     3  -3  -2  -5   2  -5  -5  -1  -5  -6  -4  -5  -2  -3  -3   5   1  -6  -3  -5   25   1   1   0   4   0   0   5   0   0   1   0   1   1   1  47   9   0   1   0  1.06 0.67
  219 I    -1  -4  -5  -6   0  -3  -5  -3  -2   4   2  -4   0   0  -5  -3  -2   0  -1   4    5   1   0   0   2   1   0   3   1  25  20   1   2   4   0   2   1   1   2  28  0.69 0.40
  220 D    -3  -3   0   7  -2  -2   3  -4   1  -4  -5  -4  -3  -4  -4  -4  -4   1  -3  -4    3   1   3  56   1   1  16   1   3   1   1   1   1   1   1   1   1   2   1   1  1.45 0.78
  221 R    -3   8  -5  -6  -1  -2  -2  -4  -1  -4  -4   0  -1  -7  -3  -3  -3   0  -6  -4    3  73   0   0   1   1   2   1   1   1   1   5   2   0   2   1   1   1   0   1  1.82 0.92
  222 Y    -3  -3  -3  -6   2  -1  -6  -6   1  -3  -2  -3  -1   5  -3  -3  -3   3   8  -3    2   1   1   0   5   3   0   0   3   1   4   2   2  18   1   2   1   3  46   2  1.41 0.74
  223 D    -1   0  -2  -1   2  -1  -2  -2   1   0   2  -2   0   2  -4  -1  -1   2   3   0    3   7   2   3   5   3   2   3   3   6  19   2   3  10   0   4   4   3  11   7  0.14 0.16
  224 A     5  -3  -2  -3   2  -2  -2  -1   0  -2  -2  -2  -1  -2  -2   0   1  -5  -2   0   48   2   1   1   4   1   2   3   2   2   3   1   2   1   1   6   9   0   1   8  0.60 0.45
  225 I    -2  -5  -3  -5   0  -2  -3  -4  -5   6   0  -5   0  -2  -5  -3   0  -5  -4   4    2   0   2   0   2   2   2   2   0  44   5   0   2   2   0   2   5   0   0  27  1.01 0.56
  226 T    -1   0  -3  -4   5  -3  -4  -4  -1   0   0  -2   2  -1  -3  -1   2  -1  -1   4    5   5   1   1  11   1   1   1   1   5  10   3   4   3   2   4  13   1   2  24  0.41 0.31
  227 H    -2   1   0  -1   2   1  -1  -3   6  -2  -2   1   1   1  -1  -2  -1   2   3  -2    4   7   5   4   4   6   4   3  15   3   5   7   3   6   3   4   4   3   8   3  0.36 0.25
  228 P    -1   0   0   0   2   0  -2  -1   2   0  -1   0   1   1   0   0   0   3   1   0    5   5   5   5   5   5   0   5   5   5   5   5   5   5   5   5   5   5   5   5  0.06 0.11
  229 M    -1   0   0   0   2   0  -1  -1   2   0  -1   0   2   0   0  -1   0   4   1  -1    5   5   5   5   5   5   5   5   5   5   5   5   5   5   5   5   5   5   5   5  0.03 0.09
  230 N    -1   2   1   0   1   0  -1  -1   2  -1  -2   2   0  -1  -1   0   0   2   0  -2    5   9   6   5   3   5   4   6   5   4   5  14   3   3   3   6   5   2   3   4  0.09 0.11
  231 F     0   0  -2  -3   1  -1  -2  -2   2  -1   0  -1   0   3   1   0  -1   1   5  -1    9   6   2   2   2   2   2   3   4   3   8   4   2   9   6   7   4   2  15   5  0.24 0.20
  232 S    -1   3   0  -2   0   1  -2  -1   2  -1  -1   0   1  -1   0   2   0   1   0  -2    6  12   4   3   2   6   3   5   5   4   6   7   3   3   5  15   5   2   3   4  0.14 0.15
  233 K    -1   4   0  -1   1   1  -2  -2   1   0  -1   1   2  -1  -1   0  -1   1   0  -1    5  18   4   4   3   6   3   4   3   5   6   9   5   2   3   7   5   2   3   4  0.18 0.16
  234 S    -1   0   0  -2   1   0  -3  -1   1  -1  -2   0   0  -2  -2   2   4   2  -1  -1    6   6   4   2   2   4   2   5   3   3   4   5   3   2   3  16  21   2   2   5  0.29 0.27
  235 W    -1   0   0   0   2   0   0  -1   2   0  -1   0   2   1   0  -1   0   4   1  -1    5   5   5   5   5   5   5   5   5   5   5   5   5   5   5   5   5   5   5   5  0.09 0.08
  236 K    -1   0   0   0   2   0  -1  -1   2   0  -1   0   2   0   0  -1   0   4   1  -1    5   5   5   5   5   5   5   5   5   5   5   5   5   5   5   5   5   5   5   5  0.03 0.09
  237 R    -2   4  -1  -2   1   1  -2  -2   1  -1  -2   1   1  -1  -1  -1   2   2   0  -1    4  23   3   3   3   5   3   4   4   3   4   7   3   3   3   4  11   3   3   4  0.32 0.26
  238 A     3   0   0  -2   3  -1  -2  -1   0  -1  -2  -1   1  -1  -1   0   1   2   0   0   22   4   4   3   5   3   3   5   2   4   4   4   3   3   3   8   8   3   3   7  0.18 0.17
  239 R    -2   4  -1  -3   1   0  -3  -3   0   0   0   3   0   0  -3  -1  -1   1   0  -1    4  22   4   2   2   4   2   3   3   5   8  15   3   4   2   4   4   2   3   5  0.34 0.26
  240 H     0   1  -1  -3   1  -2  -3  -2   4   1   0   0   1   1  -2  -1   0   1   1   1    8   6   4   2   3   2   2   4   9   9  11   6   3   6   2   5   5   2   5   8  0.15 0.11
  241 L    -1   0   0   0   2   0   0  -1   2   0  -1   0   2   1   0  -1   0   4   1  -1    5   5   5   5   5   5   5   5   5   5   5   5   5   5   5   5   5   5   5   5  0.09 0.08
  242 V    -2  -3  -1  -8   2  -3  -4  -4  -1   5   1  -4   1  -1  -8  -2  -2   1   0   4    4   2   3   0   4   1   1   2   1  28  12   2   3   2   0   4   3   2   4  20  0.74 0.41
  243 A     3  -2  -3  -7   2  -2  -6   0  -1   1   1  -2   1  -1  -3   0  -1   0  -2   2   20   3   1   0   4   2   0   8   2   8  13   3   3   3   2   8   4   1   2  12  0.28 0.22
  244 G     1  -3  -2  -3   2  -3  -4   3  -1   1   0  -3   0   2  -3  -1  -1   0  -2   2   12   1   2   1   4   1   1  17   1   9  10   2   2   7   1   5   4   1   2  12  0.27 0.18
  245 A     1  -1   0  -1   1  -1  -2  -1   1   2   0  -2   2  -1  -2   0  -1   2   0   2   11   4   5   3   3   3   3   5   3  11   7   3   4   3   3   6   4   3   4  13  0.11 0.08
  246 W    -2  -2  -1  -9   4  -9  -9  -2   1   0  -2  -9   1   1  -2  -1  -2  11   1  -2    4   3   4   0   6   0   0   4   3   5   4   0   3   5   3   5   3  38   4   4  1.61 0.85
  247 L     0  -4  -1  -4   1  -1  -2  -1  -4   3   2  -3   2   0  -2  -1   0   3  -1   2   10   0   3   0   3   2   2   4   0  17  18   0   5   4   2   4   6   5   2  12  0.22 0.22
  248 I     0  -4  -2  -3   1  -1  -4  -2  -1   3   2  -2   1   1  -2  -1   0   2   0   2    7   0   2   2   3   2   0   3   2  15  20   2   3   6   2   5   6   3   3  13  0.23 0.21
  249 S     3  -2  -3  -3   1  -3  -3   0  -1  -1  -2  -2  -2  -2  -2   4  -1   2  -3  -1   24   2   1   1   3   1   1   6   1   4   4   2   1   2   2  32   3   3   1   5  0.51 0.45
  250 A     2  -4  -3  -4   1  -2  -3  -1  -1   1   1  -3   1   2  -1   0   0   1   0   1   19   0   1   0   3   2   1   4   1   9  16   1   4  11   3   6   6   2   2   9  0.21 0.21
  251 L     1  -5  -2  -5   1  -4  -5  -1  -1   3   3  -5   1   0  -2  -1  -1  -1  -2   2   10   0   2   0   3   0   0   5   1  15  31   0   3   3   2   4   4   1   1  14  0.42 0.32
  252 F    -1   0   0   0   2   0   0  -1   2   0  -1  -2   1   1   0   0   0   3   1   0    5   5   5   5   5   5   5   5   5   5   5   0   5   5   5   5   5   5   5   5  0.07 0.11
  253 S     2  -1   0  -2   2  -1  -2  -1   0  -1  -2  -2   2  -1  -1   2   0   2  -1   0   17   3   5   3   4   3   3   5   3   3   5   3   5   3   4  16   7   3   3   6  0.19 0.18
  254 L     0  -4  -2  -2   1  -2  -2  -1  -1   2   2  -2   1   0  -2   0   0   1  -1   1    7   0   2   2   3   2   2   4   2  14  23   2   4   4   2   9   5   2   2   8  0.18 0.19
  255 P    -3  -4  -3  -3  -1  -3  -4  -4  -1  -3  -2  -4  -1  -2   8  -3  -1   0  -1  -3    3   1   1   2   1   2   2   2   2   2   4   2   2   2  60   3   4   1   2   3  1.63 0.98
  256 I    -1   0   0   0   2   0  -1  -1   2   0  -1   0   2   0   0  -1   0   4   1  -1    5   5   5   5   5   5   5   5   5   5   5   5   5   5   5   5   5   5   5   5  0.03 0.09
  257 L     0  -2  -1  -2   1  -1  -2  -2   0   0   2  -2   2   3  -1  -2  -1   2   0   0    9   3   3   3   3   3   3   4   3   6  22   3   4  11   3   3   4   3   3   6  0.20 0.15
  258 V    -1  -3  -2  -3   0  -2  -3  -2   0   3   1  -3   2   3  -2  -1  -1   1   1   3    5   2   2   2   2   2   2   3   2  16  12   2   5   9   2   5   4   2   4  16  0.31 0.20
  259 L    -2  -2  -2  -2   0  -2  -3   0   1   2   2  -2   2   3  -3  -2  -1   2   3   1    4   2   2   2   2   2   2   6   3  11  16   2   4  11   2   4   4   3   8  11  0.27 0.18
  260 Y    -2  -1  -2  -3  -1  -1  -3  -3   3  -2  -2  -4   1   4  -4   0  -1   6   6  -1    4   4   2   2   1   3   2   3   7   3   4   2   3  14   2   8   3   9  20   4  0.71 0.47
  261 E    -1   0   0   0   2   0  -1  -1   2   0  -1   0   2   0   0  -1   0   4   1  -1    5   5   5   5   5   5   5   5   5   5   5   5   5   5   5   5   5   5   5   5  0.03 0.09
  262 E    -1   0   1   1   0   1   1  -1   1  -1  -1   0   0   0  -1   0   0   2   0   0    5   6   6   7   2   6   8   4   4   4   6   5   3   3   3   5   6   2   4   6  0.00 0.06
  263 K    -1   1   0   0  -1   1   0  -1   1  -1  -2   2   0  -1   0  -1   0   1   1  -1    5   8   5   5   2   5   7   4   3   3   4  12   2   2   4   5   6   2   4   6  0.04 0.10
  264 L    -1  -1  -1  -1   1  -1   0  -2   0   1   1  -1   1   1   0  -1   0   1   1   1    4   4   3   4   3   3   6   3   3   6  12   4   3   5   5   4   6   2   5  10  0.00 0.04
  265 I    -1  -1  -1   0   0  -1  -1  -2   0   2   0  -1   0   1   0  -1   0   0   1   2    4   3   3   5   2   2   5   3   3  12   8   3   2   6   4   4   5   1   4  14  0.05 0.08
  266 Q    -2   0   1   1  -1   2   2  -1   1  -3  -4   0  -1  -2   1   0  -1  -1   0  -2    3   6   7   8   2  10  13   5   3   2   2   6   2   2   7   7   4   1   3   3  0.15 0.23
  267 G    -1   0   0   0   2   0  -1  -1   2   0  -1   0   2   0   0  -1   0   4   1  -1    5   5   5   5   5   5   5   5   5   5   5   5   5   5   5   5   5   5   5   5  0.03 0.09
  268 H    -2   0   0   0   3   0  -1  -1   5  -1  -2  -1   1   0  -1  -1  -1   2   2  -1    4   5   5   5   5   4   5   4  11   4   4   5   3   5   4   5   4   3   7   4  0.15 0.18
  269 P    -1  -1   0   0   1  -1  -1  -1   0  -2  -2  -1   0  -1   4   0   1   1   1  -1    4   3   4   5   2   3   5   5   3   3   4   4   2   3  20   6   8   2   4   5  0.19 0.26
  270 Q    -1   0   0   0   2   0  -1  -1   2   0  -1   0   2   0   0  -1   0   4   1  -1    5   5   5   5   5   5   5   5   5   5   5   5   5   5   5   5   5   5   5   5  0.03 0.09
  271 C    -2  -2  -1  -2   9  -1  -2  -2   0  -1  -2  -2   1   0  -2  -2  -1   2   0  -1    4   3   3   3  33   3   3   3   3   4   5   3   3   3   3   4   5   2   3   4  0.95 0.59
  272 W    -2  -1  -1  -2   2  -1  -1  -1   1  -1  -1  -2   1   1  -2  -1   0   8   2   0    4   3   3   3   4   3   4   5   3   4   6   3   3   6   2   4   5  19   7   6  0.51 0.38
  273 I    -1  -1  -1  -1   4  -1   0  -3   0   2   0  -2   1   1   1  -2   0   0   0   1    5   3   3   3   8   3   7   2   2  10  10   2   4   6   6   3   6   1   3   8  0.12 0.13
  274 E    -2   0   0   2   1   1   3  -2   1  -2  -3   0  -1  -1  -1   0   0  -1   0  -1    4   5   5  11   3   6  15   3   3   3   3   6   2   2   4   6   6   1   3   5  0.13 0.18
  275 L    -1  -1   0  -1   1  -1  -1  -1   1   0   0  -1   1   2  -1  -1   0   4   2   0    4   4   4   4   3   3   4   4   3   5  11   4   4  10   3   4   5   5   6   7  0.08 0.10
  276 G    -1  -1   1   0   2   0  -1   1   1  -1  -2  -1   0   0   1   0   0   3   0  -1    6   4   6   5   4   4   4  10   4   4   4   4   3   4   6   8   5   4   3   5  0.02 0.08
  277 S    -1  -1   1   1   2   0   0  -1   1  -2  -3  -1   0   0   0   2   1   2   1  -2    4   4   6   7   4   5   6   5   3   2   3   4   2   4   4  15   7   2   5   3  0.09 0.17
  278 P    -2   0   0   1   0   0   0  -2   1  -2  -3   0   0  -1   5  -1   0   0  -1  -2    3   4   5   7   2   4   7   4   3   2   3   5   2   3  24   6   6   1   2   3  0.31 0.34
  279 I    -1  -1  -1  -1  -1   0  -1  -2   0   2   0   0   1   0   0  -1   1   3   0   1    5   4   3   4   1   4   5   3   2  10   9   5   4   5   4   4   7   4   4   8  0.03 0.07
  280 A     1  -1   0   0   0   0  -1   0   1  -1  -2  -1   0   0  -1   1   0   1   1  -1   14   3   4   4   2   4   4   9   3   3   5   4   3   4   3  11   5   2   4   5  0.02 0.09
  281 W    -3   0  -1  -1   0   0  -1  -2   1  -2  -2  -1   0   2  -2  -2  -2   8   4  -2    3   5   4   4   2   4   5   3   3   3   5   4   3   7   3   3   3  17  11   3  0.53 0.41
  282 Q    -1   2   0  -1   0   2   0  -2   1  -1  -2   1   1  -1   0   0   0   3   1  -1    4   9   5   4   2   9   6   3   3   3   5   8   3   3   4   6   5   3   5   4  0.08 0.14
  283 V     0  -1  -1  -1   1  -1  -1  -2   0   2   0  -1   1   0  -1  -1   0   2   1   2    6   4   3   3   3   3   3   3   3  11   9   3   3   4   3   4   6   3   5  12  0.03 0.07
  284 Y    -2  -2  -2  -3   0  -2  -3  -3   1  -1  -2  -3   0   3  -3  -2  -1   3   7  -1    5   2   3   2   2   2   3   3   3   4   4   2   2  11   2   4   4   3  34   4  0.89 0.61
  285 M    -1  -1   0  -1   1   0  -1  -1   1   0   0  -1   3   1  -1   0   1   2   1   0    5   4   5   3   3   4   3   4   3   6   9   4   7   6   3   6   8   3   5   6  0.03 0.07
  286 S     0  -1   0  -1   1  -1  -1  -1   0   1   0  -1   1   0  -1   0   1   2   1   0    6   3   4   3   3   3   4   4   3   7   8   4   4   5   3   9  10   3   4   7  0.00 0.06
  287 L    -1  -2  -2  -3   1  -2  -2  -3  -1   2   2  -3   1   3  -3  -2  -1   3   1   1    5   2   2   2   3   2   2   3   2  10  20   2   4  10   2   4   5   3   5   9  0.23 0.19
  288 V    -1  -1  -1  -1   1  -1  -1  -2   0   1   1  -1   2   1  -2  -1   0   2   1   1    6   3   3   3   3   3   4   4   3   9  13   3   4   6   2   5   6   2   4  12  0.06 0.07
  289 S    -1  -2   0  -1   1  -1  -2  -1   1   0   0  -1   3   3  -1   1   1   2   0   0    6   3   4   3   3   3   3   4   3   4   9   3   6  11   3  11   7   3   3   6  0.13 0.12
  290 A     1  -2  -1  -3   3  -1  -2  -1  -1   2   1  -2   1   2  -2   0   0   0   0   2   11   2   3   2   5   3   2   4   2   9  14   2   3   8   2   6   5   1   3  13  0.16 0.11
  291 T    -1  -2  -2  -3   2  -2  -3  -1  -1   2   1  -3   2   2  -3  -1   2   0  -1   2    6   2   2   2   3   2   2   4   2   9  15   2   4   7   2   5  13   1   2  14  0.24 0.17
  292 L    -1   0   0   0   2   0   0  -1   2   0  -1   0   2   1   0  -1   0   4   1  -1    5   5   5   5   5   5   5   5   5   5   5   5   5   5   5   5   5   5   5   5  0.09 0.08
  293 F    -4  -2  -2  -4  -1  -6  -3  -4  -1  -1  -1  -6  -1   7  -3  -4  -3   1   6  -1    2   3   2   1   1   0   2   2   1   3   6   0   2  36   2   2   2   2  27   4  1.27 0.73
  294 A     2  -2  -2  -3   1  -1  -2  -1  -1   1   1  -4   0   2  -2  -2  -1   1   1   2   19   2   2   1   3   3   3   4   1   8  15   0   2   9   2   2   4   2   4  13  0.19 0.21
  295 I    -1  -3  -3  -3   0  -2  -5  -2  -1   4   2  -3   1   2  -3  -2  -1   0  -1   2    4   2   1   1   2   2   0   3   1  24  21   2   2   7   2   3   4   1   2  15  0.43 0.31
  296 P    -2  -4  -1  -4  -1  -3  -2  -4  -2  -2  -2  -6  -2  -2   8  -2  -3  -1  -3  -3    4   1   3   1   1   1   2   2   1   3   4   0   1   2  62   3   2   1   1   2  1.60 0.95
  297 A     0  -3  -3  -2   0  -3  -3  -2  -4   1   3  -2   2   2  -2  -1  -1  -1  -1   1    9   1   1   3   2   1   2   3   0   5  33   2   6   9   3   4   4   1   2   7  0.31 0.28
  298 L    -1  -3  -3  -5   1  -3  -4  -2  -1   3   3  -3   2   2  -3  -1   0  -1  -1   1    6   1   1   0   3   1   1   3   2  14  27   1   5   8   1   5   6   1   2  11  0.35 0.29
  299 I    -1  -3  -3  -6  -1  -4  -3  -3  -6   5   2  -5   1   1  -4  -3   0  -1  -2   4    5   2   1   0   1   1   2   2   0  29  15   0   3   5   1   2   6   1   2  23  0.64 0.43
  300 I    -3  -4  -3  -5  -2  -2  -6  -5  -1   6   1  -6   6   0  -4  -3  -1  -1  -2   1    2   1   1   1   1   2   0   1   2  36  13   0  18   3   1   2   4   1   1   9  0.95 0.58
  301 S     1  -2  -1  -3   3  -2  -4  -1  -2   1   0  -3   0   1  -2   2   1  -1  -1   1   10   2   4   1   5   2   0   4   1  10  11   1   3   5   2  19   9   1   2  10  0.19 0.23
  302 A     1  -3  -2  -3   0  -2  -3  -1  -2   2   0  -2   0   3  -2  -1   0  -1   2   3   11   1   1   1   2   2   1   5   1  11   8   2   2  13   2   4   5   1   7  19  0.25 0.23
  303 C     0  -4  -4  -6   8  -4  -5  -3  -3  -1   2  -4   1   1  -3  -1   1   0  -1   0    9   1   1   0  30   1   1   2   1   4  18   1   4   6   1   5   8   1   2   5  0.90 0.55
  304 Y    -5  -3  -4  -7  -2  -3  -4  -4   1  -2  -1  -5  -2   2  -6  -4  -2  -1   9  -3    1   2   1   0   1   1   2   2   3   3   5   1   1   6   1   1   2   1  65   2  2.05 1.09
  305 A     1  -1  -2  -2   2  -2  -3   0  -1   1   0  -2   0   1  -1   1   1   0   1   1   14   3   1   2   4   1   1   9   2   7   7   1   2   6   3  12  10   1   5  10  0.11 0.16
  306 I    -1   2  -2  -3   1   0  -3  -3   0   2   2   0   1   1  -3  -1  -1  -2  -1   1    5  13   2   1   3   5   1   2   3  12  21   6   4   5   1   4   3   1   2   8  0.18 0.19
  307 I    -3  -3  -2  -5  -2  -4  -6  -5  -3   6   1  -4   4  -2  -3  -4  -1  -5   0   3    2   1   2   1   1   1   0   1   1  43  11   1   9   2   2   2   3   0   3  15  0.98 0.56
  308 V     1  -2  -3  -4   2  -3  -3   0  -2   2   1  -2   1   1  -3  -1  -1   0   2   2   11   2   1   1   4   1   1   9   1  14  12   2   3   7   1   5   3   1   7  15  0.21 0.19
  309 K    -1   4  -1  -2   1   1  -2  -2   1   0   0   2   0   0  -2  -1  -1   1   1  -1    5  22   2   2   3   5   2   2   3   6   8  13   2   3   2   4   3   2   5   5  0.24 0.22
  310 T     0   2  -1  -2   0   0   1  -2   1   1  -2   2   0  -1  -2   0   2  -4  -1   0    6  10   3   2   2   4   7   2   4   7   4  13   2   3   1   6  14   0   2   8  0.14 0.17
  311 I    -1  -3  -3  -4  -1  -4  -4  -5  -3   4   4  -2   0  -1  -4  -3  -2  -2  -1   2    5   1   2   1   1   1   1   1   1  22  35   2   2   2   1   2   2   1   2  14  0.68 0.41
  312 W    -2   2  -2  -3   0  -1  -3  -2   1  -2  -1   0   0   0  -3  -1  -2   9   3  -2    4   9   2   1   2   3   2   3   3   3   7   6   3   4   1   4   2  28   8   3  0.93 0.50
  313 A     1   2   0  -1   0   0  -1   0   0  -1  -1   1   0  -1  -2   1   0  -2  -1  -1   14  12   4   3   2   4   4   6   2   4   5   8   3   3   2  11   6   1   3   4  0.08 0.10
  314 K    -1   0   0   0   2   0  -1  -1   2   0  -1   0   2   0   0  -1   0   4   1  -1    5   5   5   5   5   5   5   5   5   5   5   5   5   5   5   5   5   5   5   5  0.03 0.09
  315 G     0   0   1   0   1   0   0   2   1  -1  -2   0   0  -1  -1   0   0   2   0  -1    7   6   5   4   3   4   5  13   3   4   4   5   3   3   4   7   5   2   3   4  0.01 0.07
  316 S     0   2   1  -1   0   0  -1  -1   1  -1  -2   1   0  -2  -1   2   0  -5   0  -2    7   9   5   4   2   4   4   4   3   4   4   8   2   2   4  14   7   0   3   3  0.06 0.13
  317 I    -1   0  -1  -2   0   0  -1  -2   0   3   1   0   1  -1   0  -1   0   0  -1   1    5   6   3   3   2   4   4   3   2  14  11   6   4   3   4   4   5   1   2   9  0.04 0.07
  318 F    -1   0   0  -1   0  -1  -1  -1   1   0   1  -1   1   2  -1   0  -1   0   0   0    5   5   5   3   2   3   4   5   4   7  13   4   3  10   4   5   4   2   4   6  0.00 0.04
  319 V     0   0   0  -1   1   0  -1  -1   0   1   0   0   1  -1  -1   0   0   0  -1   1    7   5   3   4   3   4   4   5   2   8  10   5   4   2   3   6   5   1   2  12  -0.01 0.03
  320 P     0   0   0  -1  -1   0  -1  -1   1  -2  -2   0   0  -2   4   0   0  -1  -2  -1    7   6   4   3   1   5   5   5   3   2   5   6   2   2  21   7   5   1   1   5  0.20 0.22
  321 T     0   0   1  -1   0   0  -1   0  -1  -1  -1   0   0  -2  -1   2   3  -1  -2  -1    7   4   5   4   2   4   4   7   2   4   7   5   3   2   3  12  16   1   1   5  0.08 0.14
  322 E    -1   1   0   1  -1   2   3  -2   1  -3  -2   1  -1  -3  -2   0  -1  -1  -2  -2    5   7   5   7   1   9  18   4   3   2   4   8   2   2   2   8   4   1   1   3  0.19 0.23
  323 R    -1   0   0   0   2   0  -1  -1   2   0  -1   0   2   0   0  -1   0   4   1  -1    5   5   5   5   5   5   5   5   5   5   5   5   5   5   5   5   5   5   5   5  0.03 0.09
  324 A     1   0   0  -1   1   1   0  -1   1  -1  -1   0   1  -1   0   1   0   2   0  -1   12   4   4   4   3   6   5   5   3   4   5   6   3   3   6   9   5   2   3   5  0.02 0.07
  325 G    -1   0   1  -1   0   0  -1   3   2  -2  -2   0   0  -2  -1   1  -1   1  -1  -2    6   4   6   4   2   4   4  22   4   3   4   6   3   2   3  10   5   2   2   3  0.18 0.18
  326 F    -1   0   1  -1   0   0  -1  -1   1   0   0   0   1   2   0   0   0   2   1  -1    5   6   6   3   2   4   5   4   4   5  10   5   4   8   4   8   5   2   4   5  0.02 0.04
  327 G    -1   0   2   0   0   0  -1   3   1  -2  -3   0   0  -2  -1   1  -1   0  -2  -2    6   4   8   5   2   4   4  23   3   2   3   6   2   2   3   9   4   1   2   4  0.23 0.19
  328 A     1   0   0   0   1   0   0   0   1  -1  -1   0   0  -2  -1   1   1  -1  -2  -1   13   6   5   4   2   5   7   6   3   4   6   5   2   2   3  11   7   1   2   5  0.06 0.08
  329 A     1   1   0  -1   0   1   0   0   0  -1  -1   0   0  -2  -1   1   0  -1  -1   0   14   6   5   4   2   5   5   7   3   4   6   6   2   2   3  11   6   1   2   6  0.05 0.08
  330 P    -1   0   0   0   2   0  -1  -1   2   0  -1   0   2   0   0  -1   0   4   1  -1    5   5   5   5   5   5   5   5   5   5   5   5   5   5   5   5   5   5   5   5  0.03 0.09
  331 A    -1   0   0   0   2   0  -1  -1   2   0  -1   0   2   0   0  -1   0   4   1  -1    5   5   5   5   5   5   5   5   5   5   5   5   5   5   5   5   5   5   5   5  0.03 0.09
  332 R    -1   0   0   0   2   0  -1  -1   2   0  -1   0   2   0   0  -1   0   4   1  -1    5   5   5   5   5   5   5   5   5   5   5   5   5   5   5   5   5   5   5   5  0.03 0.09
  333 R    -2   4   0  -1   1   2  -1  -2   2  -2  -2   0   1  -1  -1  -1   0   2  -1  -2    4  19   4   4   3   7   4   4   4   3   4   6   3   3   3   5   5   2   3   3  0.17 0.21
  334 A    -1   0   0   0   2   0  -1  -1   2   0  -1   0   2   0   0  -1   0   4   1  -1    5   5   5   5   5   5   5   5   5   5   5   5   5   5   5   5   5   5   5   5  0.03 0.09
  335 S    -1   0   1  -1   1   1   0  -1   2  -2  -2   0   0   0  -1   2   0   2   0  -2    6   5   6   4   3   6   5   5   5   3   4   5   3   3   4  16   6   2   3   4  0.08 0.14
  336 S     0   1   1  -1   1   1   0  -1   2  -1  -2   0   1  -1  -1   2   0   2   0  -1    7   6   7   4   3   6   5   4   4   3   4   5   3   3   3  14   6   2   3   4  0.06 0.13
  337 R    -1   0   0   0   2   0  -1  -1   2   0  -1   0   2   0   0  -1   0   4   1  -1    5   5   5   5   5   5   5   5   5   5   5   5   5   5   5   5   5   5   5   5  0.03 0.09
  338 G    -1   0   0   0   2   0  -1  -1   2   0  -1   0   2   0   0  -1   0   4   1  -1    5   5   5   5   5   5   5   5   5   5   5   5   5   5   5   5   5   5   5   5  0.03 0.09
  339 I    -1   0  -1  -1   1   0   0  -2   1   1   1   0   1   0  -1   0   0   1   0   1    5   6   3   3   3   4   5   3   3   9  13   4   4   4   3   6   5   2   3   9  0.00 0.04
  340 I    -1   0   0   0   2   0  -1  -1   2   0  -1   0   2   0   0  -1   0   4   1  -1    5   5   5   5   5   5   5   5   5   5   5   5   5   5   5   5   5   5   5   5  0.03 0.09
  341 P    -1   0   0   0   1   1   0  -1   1  -1  -1   0   1  -1   2   0   0   2   0  -1    5   5   5   5   3   6   5   4   4   4   7   7   3   3  10   7   5   2   3   4  0.02 0.09
  342 R    -1   0   0   0   2   0  -1  -1   2   0  -1   0   2   0   0  -1   0   4   1  -1    5   5   5   5   5   5   5   5   5   5   5   5   5   5   5   5   5   5   5   5  0.03 0.09
  343 A    -1   0   0   0   2   0  -1  -1   2   0  -1   0   2   0   0  -1   0   4   1  -1    5   5   5   5   5   5   5   5   5   5   5   5   5   5   5   5   5   5   5   5  0.03 0.09
  344 K    -2   3   0  -1   1   1   0  -3   2  -2  -3   4   1  -1  -2  -1  -1  -7  -1  -2    4  16   4   4   3   6   6   3   4   3   3  19   3   3   3   4   4   0   3   3  0.31 0.29
  345 V    -1   0   0   0   2   0  -1  -1   2   0  -1   0   2   0   0  -1   0   4   1  -1    5   5   5   5   5   5   5   5   5   5   5   5   5   5   5   5   5   5   5   5  0.03 0.09
  346 K    -3   4  -1  -2   1   1  -2  -3   1  -2  -3   4   0  -1  -2  -2  -2   2  -1  -2    3  16   3   3   2   6   3   3   3   3   3  25   2   3   3   3   3   2   2   3  0.43 0.38
  347 T     1  -1  -1  -2   0  -2  -2  -3  -1   0  -1  -1   1   0  -2   0   3   1  -1   3   12   3   3   3   2   2   3   2   2   6   5   4   3   5   2   7  15   2   2  18  0.21 0.21
  348 V     1  -2  -1  -3   0  -2  -3  -4   1   3   1  -3   1   0  -3  -2   1   0   0   3   12   3   3   2   2   2   2   2   3  13  13   2   3   3   1   3   8   1   3  18  0.31 0.22
  349 K    -2   4  -2  -3  -1  -2  -3  -3  -1  -2  -1   5  -1  -2  -4  -2  -2   0  -2  -2    5  20   2   2   1   2   2   2   2   2   7  34   2   2   1   4   3   1   2   3  0.75 0.52
  350 M    -1   0   0   0   2   0  -1  -1   2   0  -1   0   2   0   0  -1   0   4   1  -1    5   5   5   5   5   5   5   5   5   5   5   5   5   5   5   5   5   5   5   5  0.03 0.09
  351 T    -1  -2  -1  -2   1  -1  -2  -2   0   0   1  -2   4   1  -2   0   2   2  -1   1    5   3   3   3   3   2   3   4   2   4  12   3   9   5   2   6  14   2   2   8  0.13 0.17
  352 L     0  -2  -2  -7   0  -2  -7  -3  -7   3   2  -2   4   2  -3  -2   0   1  -1   2    9   2   2   0   2   2   0   3   0  13  18   2   8   7   2   3   6   2   2  11  0.35 0.27
  353 T     1  -1  -2  -4   1  -2  -2  -2  -1   2   0  -2   0  -1  -2  -1   2  -1  -1   2   13   3   2   0   2   2   2   3   1  13  10   3   2   2   2   5  12   1   2  15  0.15 0.21
  354 I    -3  -1  -4  -4  -1  -3  -7  -5  -2   5   1  -4   3  -1  -7  -4  -3  -1  -1   5    2   4   1   1   1   1   0   1   1  26  10   1   6   3   0   1   2   1   2  31  0.78 0.55
  355 V    -2  -4  -3  -7   0  -4  -5  -5  -2   3   0  -6   3  -1  -4  -4  -1   1  -3   6    4   1   1   0   2   1   1   1   1  12   9   0   6   3   1   2   4   2   1  44  0.84 0.59
  356 F     0   0   0   0   2   0  -2  -1  -2   0  -1   0   1   0   0   0   0   3   1   0    5   5   5   5   5   5   0   5   0   5   5   5   5   5   5   5   5   5   5   5  0.02 0.11
  357 V     0  -1  -1  -2   1   0  -1  -2  -1   2   1  -2   1   0  -2  -1   1  -4  -3   2   10   4   2   2   3   4   5   3   2  12  12   0   3   4   2   3   9   0   0  15  0.06 0.17
  358 F    -5  -2  -2  -2   0  -2  -2  -3   0  -2  -1  -3  -1   7  -2  -3  -3   1   2   0    0   3   2   2   2   2   3   2   2   2   5   2   2  46   2   3   2   2   7   6  0.87 0.63
  359 I     1  -4  -2  -4   0  -2  -3  -1  -1   2   1  -3   1   3  -2  -1   0   1  -1   2   11   0   2   0   2   2   2   4   1  10  14   0   4  16   2   4   4   2   2  14  0.19 0.24
  360 I     0  -4  -3  -5   0  -1  -4  -2  -2   3   3  -4   1   2  -3  -2  -1   2  -1   2    7   0   1   0   2   3   0   3   1  20  24   0   3   9   1   2   4   3   1  13  0.36 0.32
  361 C    -1  -6  -2  -4  10  -4  -6  -4  -1  -3  -1  -3  -2  -2  -4   1  -2  -1  -3  -3    5   0   2   1  56   1   0   1   2   1   7   2   1   2   1  12   2   1   1   1  1.90 0.96
  362 W    -4  -4  -4  -3  -2  -2  -2  -4  -3  -4  -3  -7  -1   0  -8  -4  -5  12   2  -3    2   1   1   2   1   2   3   2   1   1   3   0   2   3   0   2   1  67   5   2  2.98 1.37
  363 S     1  -3  -3  -1  -1  -2  -2   0  -2   0   3  -3   2   1  -4   0   2  -1  -1  -1   10   1   1   4   1   1   2   6   1   4  32   1   5   6   0   8  12   1   2   3  0.24 0.27
  364 P    -4  -6  -4  -2  -3  -4  -2  -5  -6  -2  -3  -4  -6  -4   8  -3  -4  -2  -3  -6    1   0   1   2   1   1   2   1   0   3   4   1   0   1  76   2   1   1   1   0  2.23 1.15
  365 Y    -2  -2  -2  -4  -2  -2  -4  -4   2   1   1  -3   0   5  -3  -2  -3   0   6  -1    4   2   2   1   1   2   1   1   5   7  11   2   2  19   2   2   1   1  30   4  0.78 0.49
  366 I    -1   0   0   0   2   0   0  -1   2   0  -1   0   2   1   0  -1   0   4   1  -1    5   5   5   5   5   5   5   5   5   5   5   5   5   5   5   5   5   5   5   5  0.09 0.08
  367 I    -1  -2  -1  -2   2  -1  -2  -2  -6   4   0  -2   1   1  -2  -2   0   2   0   2    6   3   3   3   3   3   3   3   0  19   9   3   3   5   3   4   7   3   4  14  0.27 0.18
  368 F    -2  -2  -2  -2   0  -1  -3  -3   1   1   2  -3   2   4  -3  -2   0   2   3   1    4   2   2   2   2   3   2   2   3   7  17   2   5  15   2   3   5   3   8   8  0.34 0.23
  369 D    -1   0   2   1   0   1  -1  -2   1   0   0  -2   1   0  -2   0   0   1   1  -1    5   6  11   7   2   6   5   4   3   5   9   2   4   4   3   7   7   2   4   4  0.07 0.10
  370 L    -2  -3  -4  -4   0  -4  -5  -4  -2   2   4  -4   3   2  -4  -3  -2   0  -1   2    4   2   1   1   2   1   1   2   1  11  36   1   6   8   1   2   3   1   2  11  0.64 0.40
  371 L    -2  -4  -3  -4   1  -3  -4  -4  -2   3   3  -4   2   0  -4  -4   0   6   2   1    4   1   2   1   3   1   1   2   1  13  27   1   4   4   1   2   5   9   6   9  0.60 0.40
  372 Q     0   1   1   0  -2   2  -1  -2   1   0   0   0   0   0  -2   0  -1   1   2  -1    8   7   6   6   1   8   4   3   4   4   8   6   3   4   2   7   4   2   7   5  0.08 0.09
  373 V     1  -2   0   0  -1  -2  -1  -3  -1   2   0  -2   1   1  -2   0   0   3   1   2   10   2   4   6   1   2   4   2   2  10  10   2   3   5   2   7   6   4   4  14  0.15 0.12
  374 F    -2  -3  -3  -4  -2  -4  -5  -4  -1   1   1  -5  -1   7  -5  -3  -2   4   4  -1    4   2   2   2   1   1   1   2   1   7  11   1   2  35   1   3   3   4  13   4  1.04 0.58
  375 G    -1  -1   1   1   1  -1  -2   3   1  -2  -3  -2  -2   0   0   1  -1   1  -1  -2    6   3   7   9   3   3   3  22   3   2   3   3   1   4   5  11   4   2   3   3  0.24 0.21
  376 Q    -1   0   0   2  -3   2   1  -2   0  -1  -1   1  -1  -1   1   0  -1   0   1   0    5   6   5  10   1   9   9   3   2   3   5   7   2   2   7   8   4   2   4   6  0.11 0.12
  377 I    -2  -2  -1  -1   1  -2  -1  -3  -1   3   1  -2   1   1  -1  -1   0   0   1   1    4   2   3   4   3   2   5   2   1  16  13   3   3   6   4   5   6   1   5  11  0.17 0.11
  378 P    -1  -2  -1   0   1  -2   0  -1  -2  -1  -2  -1  -1  -1   5   1   0   0  -1  -2    6   2   3   6   3   2   5   5   1   4   5   4   2   2  28   9   6   1   2   3  0.43 0.35
  379 H    -1  -1   1   1  -1   1   1  -2   5  -1  -1   0  -1   0  -1   0  -1   0   3  -2    5   4   7   7   1   5   8   3  12   3   7   5   2   5   4   6   3   2   8   3  0.20 0.17
  380 S    -1  -1   0   0   2  -1   0  -2   0  -2  -2  -1  -1  -1   0   3   2   2   0  -2    6   3   5   6   4   3   7   4   3   3   4   4   2   3   4  18  12   3   3   3  0.17 0.18
  381 Q    -1   1   0   0  -1   3   1  -3   1  -2  -2   1  -1  -2   1   0  -1   3   1  -2    6   7   5   6   1  12  10   2   3   3   5   8   2   2   7   6   4   3   5   4  0.18 0.19
  382 T    -1   0   0  -1  -2  -1   0  -2   0   0   0  -1  -1   0   1   1   2   2   1   1    6   4   4   4   1   3   5   3   2   6   9   3   2   4   6   9  13   2   5   9  0.08 0.10
  383 N    -1  -1   3   1  -2  -1   0  -1   1  -1  -2  -1   0   0   0   1   0   1   2  -1    5   4  14   9   1   3   5   4   4   4   5   4   2   4   5   9   6   2   6   5  0.15 0.15
  384 I    -2  -2  -2  -2  -1  -1  -2  -3   0   3   1  -2   1   2   0  -1  -2   0   2   1    4   2   2   2   2   3   3   2   3  16  14   2   3   9   6   4   3   2   7  11  0.28 0.18
  385 A     2   0   0  -1  -2  -1  -1  -1   0   0   0  -1   0   0   0   0   0   1   2   0   15   5   4   3   1   3   4   5   3   5   8   4   2   4   5   6   7   2   7   7  0.06 0.07
  386 I    -2  -4  -5  -5  -1  -5  -5  -5  -3   4   3  -5   1   2  -3  -3  -2   0   0   3    4   1   1   1   1   1   1   1   1  22  24   1   3   8   2   2   3   1   3  19  0.76 0.43
  387 A     2  -1  -1  -2  -1   1  -3  -3   0   0   0  -1   1   2  -2   1   0   2   2   1   14   4   3   2   1   6   2   3   2   6   8   3   3   8   2  10   5   3   7   8  0.15 0.14
  388 T    -1  -2   0  -1  -1  -2  -2  -3   0   1   1   0   0   2   0   1   2   1   1   0    6   3   4   3   1   2   2   3   2   7  12   5   2   7   5   9  14   2   4   7  0.11 0.11
  389 F     0  -5  -4  -6  -1  -5  -6  -3  -2   2   1  -6   0   7  -5  -4  -3   3   3   1    7   1   1   1   1   1   1   3   1  11  12   1   2  33   1   2   2   3   8   8  0.98 0.53
  390 I     0  -5  -5  -6   4  -5  -6  -4  -4   4   2  -6   1   2  -3   0   0   0  -1   2    9   1   1   1   7   1   1   2   1  19  16   1   3   8   2   6   6   1   3  13  0.57 0.33
  391 Q    -2   0   0  -3   0   3  -1  -2   5  -1   0  -2   2   2  -3  -1   0   0   1  -1    4   5   4   2   2  12   5   3  13   4   8   2   4   7   1   5   6   1   5   5  0.32 0.23
  392 S     0  -4  -2  -4   4  -3  -5  -2   1   1   1  -4   0   0  -3   1   0   8  -1   1    8   1   2   1   7   1   1   4   4   8  12   1   2   4   2  11   5  16   2   9  0.62 0.38
  393 L    -6  -9  -6  -9  -1  -7  -9  -7  -2   2   6  -9   4   3  -9  -6  -6  -2  -3  -1    1   0   1   0   1   0   0   1   1   9  59   0   8  10   0   1   1   1   1   5  1.59 0.83
  394 A     5  -6  -6  -8   1  -5  -7   3  -4  -2  -3  -7   0  -2  -3   1  -1  -4  -1  -1   41   1   1   0   2   1   0  18   0   3   4   0   2   2   2  12   4   0   3   5  0.89 0.59
  395 P    -2  -5  -2  -6   0  -5  -6  -4   3  -2  -2  -2   6   3   0  -1  -4  -1   7  -1    4   1   2   1   2   1   1   2   5   2   4   3  14   9   6   6   2   1  31   4  1.10 0.64
  396 L     2  -6  -7  -6   1  -7  -8  -4  -5   1   3  -6   2   2  -8   3   1  -4  -3   0   14   0   0   1   3   0   0   2   0   7  24   0   5   8   0  21   7   0   1   6  0.70 0.46
  397 N    -6  -7   8  -8  -3  -5 -10  -6   3  -9  -9  -5  -7  -6  -8   3  -4 -12  -6  -9    1   0  67   0   1   1   0   1   6   0   0   1   0   0   0  18   1   0   1   0  2.55 1.35
  398 S    -1  -7  -4  -7   3  -7  -7  -6  -4  -6  -9 -11  -6  -8  -5   7   0  -6  -8  -7    6   0   1   0   5   0   0   1   0   1   0   0   0   0   1  75   6   0   0   1  2.23 1.30
  399 A     4  -9  -9  -7   9  -7  -7  -4  -5  -1  -4  -9   3  -2  -7  -1  -1  -5  -6   0   30   0   0   0  35   0   0   2   0   3   3   0   6   2   0   6   5   0   0   6  1.70 0.90
  400 A     1  -7  -7 -11   3  -6  -8  -5  -3   4   2 -10   3   1  -8  -3  -2   0   3   3   10   0   0   0   5   0   0   1   1  19  20   0   6   5   0   2   3   1   8  18  0.85 0.48
  401 N   -13  -5   9  -1 -14  -7  -7 -12  -3 -15 -15  -6 -14 -15 -14  -5  -6 -15  -6 -15    0   1  90   4   0   0   1   0   1   0   0   1   0   0   0   1   1   0   0   0  3.58 1.73
  402 P    -6 -14  -6 -13  -5 -13 -13  -5 -14  -9 -10 -13  -5  -6   9  -7  -6 -15 -15  -6    1   0   1   0   0   0   0   1   0   0   0   0   0   1  93   1   1   0   0   1  3.56 1.81
  403 L    -7 -11 -11 -12   0 -11 -11  -8 -11   6   2 -11  -1   4  -8  -9  -7   4   0   3    1   0   0   0   2   0   0   1   0  38  18   0   1  15   0   0   0   4   3  15  1.60 0.78
  404 I    -5 -11 -12  -7  -2 -11 -12 -12 -12   7   4 -11  -3  -3 -12  -8  -3  -5 -10   2    2   0   0   1   1   0   0   0   0  42  35   0   1   1   0   0   2   0   0  14  1.83 0.87
  405 Y    -8  -5  -9 -13  -3  -9 -13 -13  -6  -9  -4 -12  -6  -1 -13  -9  -9  -2  10  -9    1   1   0   0   1   0   0   0   0   0   2   0   0   3   0   0   0   1  89   0  3.94 1.77
  406 C     4  -7   2  -8   7  -6  -7   2  -4  -1  -3  -7  -1   0  -5  -1  -1  -1   0  -2   25   0   8   0  17   0   0  16   1   4   4   0   1   4   1   6   5   1   3   4  0.85 0.49
  407 L    -1  -5  -6  -7   1  -6  -6  -3  -3   3   3  -5   0   5  -6  -4  -2   5   2   1    7   1   1   1   2   1   1   2   1  14  21   1   2  19   1   2   3   7   7   9  0.80 0.39
  408 F    -5  -3  -6  -8  -3  -5  -8  -7  -3  -2   2  -7   6   7  -7  -4  -4  -1   2  -1    1   2   1   0   1   1   0   1   1   2  19   1  15  41   0   2   2   1   5   4  1.64 0.78
  409 S    -4  -1   6  -2   0  -3  -5  -2   1  -3  -3  -4   2  -5  -7   5   0  -6  -4  -3    2   3  29   2   2   1   1   4   3   2   3   1   4   1   0  31   6   0   1   2  1.04 0.63
  410 S    -1   2   2   1  -4  -1   1   0   1  -4  -5   2  -4  -4   0   3   0  -4  -5  -4    5   9   9   8   0   3   9   7   3   1   1  11   1   1   5  20   5   0   1   2  0.37 0.31
  411 Q    -4   3   4   0  -5   3   2  -3   2  -8  -7   4  -5  -8  -4  -1  -3  -5  -4  -7    2  13  17   5   0  12  11   3   5   0   1  21   0   0   2   5   2   0   1   1  0.86 0.54
  412 V    -1  -1   1  -3  -2  -3  -3  -4  -2   1   0   0  -1   6  -4  -1  -1  -3   2   0    5   4   6   2   1   1   2   2   1   6   9   6   2  30   1   4   4   0   6   6  0.61 0.29
  413 F    -6   5  -6  -8  -1  -3  -8  -8  -3  -4  -3   1  -2   8  -8  -6  -7  -1   0  -5    1  29   1   0   1   2   0   0   1   1   3   7   1  45   0   1   0   1   3   1  1.92 0.93
  414 R    -4   8  -4  -5  -5   0  -3  -6  -2  -5  -6   3  -2  -7  -3  -4  -6 -10  -7  -6    2  62   1   1   0   4   2   1   1   1   1  15   1   0   2   2   1   0   0   1  1.95 1.00
  415 T     2  -1   0  -1   1   0   2   0   0  -3  -2   1  -1  -3  -5   1   2  -6  -1  -2   15   4   5   4   3   4  11   6   2   2   4   8   2   1   1  12  12   0   2   3  0.21 0.20
  416 L     0  -2  -5  -4  -2  -3  -2  -2  -2   1   3  -3   1   5  -5  -4  -4  -3   0  -1    7   2   1   1   1   2   3   4   1   8  28   2   3  23   1   2   2   0   4   5  0.70 0.34
  417 S     0   2  -1  -3   1   0  -2  -2   0  -1  -1   2  -1   3  -3   1  -1  -2  -1  -1    8  11   4   2   3   4   2   4   2   3   7  13   2  11   2   9   4   1   2   5  0.20 0.13
  418 R    -3   6  -1  -3  -2   1  -1  -3  -1  -3  -3   3  -2  -3  -3  -1  -3  -4  -3  -3    3  40   3   2   1   6   5   3   2   2   3  15   1   1   2   5   2   0   1   2  0.94 0.46
  419 F    -2  -1  -2  -2   0  -2  -2  -2   1   1   2  -1   1   5  -3  -2  -2   2   2   0    4   4   2   2   2   2   3   3   3   8  17   4   3  19   2   3   3   3   7   7  0.37 0.14
  420 P     0   0   0  -1   2   0  -1  -1  -1   0   1   0   0   0   3  -1  -1  -1  -1   0    7   4   4   3   4   3   4   5   1   5  13   6   2   4  15   5   4   1   2   6  0.12 0.06
  421 P     0  -1  -1  -2   2  -1   0  -1   1  -1  -1   0  -1  -1   4   0  -1  -2  -1  -1    7   4   3   3   4   3   6   6   3   4   7   5   1   3  22   6   4   1   2   5  0.26 0.14
  422 F    -2  -1  -2  -2   2  -2  -3  -2  -1   0   1  -2  -1   6  -2  -1  -2   1   1  -1    4   4   2   2   3   2   3   3   2   6  12   3   2  31   3   4   3   2   5   4  0.62 0.22
  423 K    -2   4   0  -2   0   1  -1  -1   0  -2  -1   4  -2  -1  -2   0  -2  -2  -2  -2    4  17   5   2   2   5   4   4   2   3   6  23   1   2   3   6   3   1   2   3  0.40 0.20
  424 W     0   1  -1  -2   1   0  -1  -1   1  -2   0  -1   0   1  -3  -1  -1   8   1  -2    7   6   3   3   3   4   5   5   3   3   8   5   2   5   2   5   4  19   5   4  0.52 0.23
  425 F    -1  -1  -2  -3   0  -1  -3  -3  -1   1   2  -2   1   5  -3  -2  -2   0   2   0    5   4   2   2   2   3   2   3   2   8  20   3   3  21   2   4   3   1   6   5  0.42 0.18
  426 T     0   1  -1  -3   3  -2  -2  -2  -1   0   1  -1  -1   0   0   1   2  -1  -1  -1    7   7   3   2   5   2   2   3   2   6  16   4   2   4   6   8  13   1   2   5  0.14 0.10
  427 C    -2  -2  -2  -5  10  -5  -4  -3  -3  -1  -1  -2  -3  -1  -3  -1  -2  -2  -4  -1    3   3   2   1  52   1   2   3   1   4   7   3   1   3   2   5   3   1   1   4  1.92 0.77
  428 C    -2  -2  -3  -4  10  -3  -5  -3  -2  -2  -1  -3  -4  -1  -2  -2  -1  -1  -3  -2    4   3   2   1  54   2   1   3   1   2   6   2   1   3   2   3   4   1   1   4  2.04 0.85
  429 C    -1  -1  -2  -4  10  -2  -3  -1  -2  -2  -1  -2  -1  -1  -2   0  -2  -1  -2  -3    5   4   2   2  42   2   2   6   1   3   6   3   2   3   3   7   3   1   2   2  1.38 0.62
  430 K    -2   4  -1  -3  -1   0  -1  -1   0  -4  -3   5  -2  -3   1  -1   0  -2  -3  -4    4  20   3   2   2   4   5   5   2   1   3  25   1   1   6   6   5   1   1   2  0.56 0.36
  431 S    -1   2   0  -1   2   0  -2   0   0  -3  -2   1  -3  -2  -1   3   1  -3  -2  -1    6   9   5   4   4   4   3   8   2   2   4   7   1   2   4  22   7   0   1   4  0.24 0.20
  432 Y    -2   1  -1  -2  -2   0  -1  -2   2  -1  -1   1   0   3  -1  -1  -1   1   5  -1    3   7   3   3   1   4   5   4   5   4   7   7   2   9   4   6   4   2  17   4  0.29 0.19
  433 R    -2   6  -1  -2  -2   0  -1  -2  -1  -4  -3   2  -3  -4  -2   0  -2  -4  -2  -2    3  38   3   3   1   5   5   4   1   2   3  12   1   1   3   6   3   0   2   3  0.80 0.46
  434 N    -2   2   5   1  -3   0   0   0   2  -3  -3   0  -2  -3  -2   1  -1  -5  -2  -2    4   9  24   7   1   4   7   6   4   2   3   6   1   1   2  10   5   0   2   3  0.42 0.28
  435 N    -1   2   5   0  -1   0  -1   0   0  -2  -3   0  -1  -2  -1   1   0  -3  -2  -2    5  11  22   6   1   3   5   7   3   2   3   5   2   2   3  10   5   0   2   3  0.35 0.25
  436 S     0   1   1   0   0  -2  -1  -1   0  -3  -2  -1   0  -1  -1   4   1  -5  -2  -2    8   8   6   4   2   2   4   5   2   2   4   3   2   3   3  26   9   0   2   3  0.30 0.25
  437 Q    -1   3   0   0  -4   4   1  -2   1  -3  -2   1   0  -3  -1   0   0  -4  -2  -2    6  14   5   5   0  15   8   3   3   2   5   8   2   1   3   8   5   0   2   3  0.29 0.24
  438 Q    -1   3  -1   0  -4   4   1  -2   1  -3  -1   1   0  -3  -2   1  -1  -1  -1  -2    5  13   3   5   0  16   9   4   3   2   6   8   3   1   3  10   4   1   2   3  0.28 0.24
  439 N    -1   1   5   1  -2   1  -1  -1   1  -3  -2  -1  -2  -3  -2   2   0  -4  -2  -3    4   7  22   9   1   5   5   6   3   2   4   4   1   2   2  12   7   0   1   2  0.38 0.28
  440 R    -3   6  -1  -1  -3   0  -1  -1   1  -3  -1   1  -3  -3  -4   1  -1  -3  -2  -3    2  35   3   4   1   4   5   4   3   2   6   9   1   1   1   9   5   0   2   2  0.68 0.40
  441 C    -1   0  -1  -2   7  -1  -1  -2  -1  -1  -1  -2  -1  -1   0   1   1  -3  -1   0    5   5   3   3  21   3   4   4   2   3   6   3   2   2   5  11   9   1   3   6  0.48 0.27
  442 H    -2   1   1  -1  -3   0  -1  -1   7  -3  -2  -1  -1  -2  -2   1   0  -4   2  -3    4   8   6   4   1   4   4   5  22   2   4   4   2   2   2  10   7   0   5   3  0.56 0.32
  443 T    -1  -1   0  -2   0  -2  -2  -2  -1  -2  -2  -2  -2  -2   0   3   5  -3  -2  -1    6   4   4   2   2   2   3   4   1   2   5   3   1   2   5  19  28   0   2   4  0.48 0.33
  444 V    -1  -1  -1  -2  -1  -2  -1  -2  -1   2   1  -2   1   1  -1   1   1  -2   0   2    6   4   3   3   1   2   4   3   1   9  11   2   3   5   3  10   9   1   3  16  0.11 0.09
  445 G     0  -1   0  -2  -3  -2  -3   4  -1  -3  -3  -3  -2   0   1   2   0  -3  -2  -4    7   4   4   3   1   2   2  32   2   2   3   2   1   4   7  16   6   0   2   2  0.48 0.31
  446 R    -3   6  -1  -3  -3   0  -1  -2   0  -1  -2   1   0  -3  -1   0   1  -3  -2  -2    2  37   3   2   1   4   3   4   2   3   4   8   2   1   3   7   8   0   2   3  0.63 0.38
  447 R    -2   6   1  -1  -5   1  -1  -2  -1  -2  -3   2   0  -4  -2   1   0  -6  -3  -4    3  37   6   4   0   5   5   3   2   2   3   9   2   1   2   9   5   0   1   2  0.69 0.41
  448 L    -1   0  -2  -2   0  -1  -2  -2   0   0   2  -1   2   1   0  -1   0  -1   0   1    5   6   2   3   2   2   2   4   2   5  22   4   7   5   5   5   7   1   3   8  0.11 0.10
  449 H    -1   1   2   0  -2   1   1  -1   7  -4  -4  -1  -3  -3  -3   0  -1  -3   1  -3    5   7   8   5   1   7   9   6  24   1   2   4   1   1   2   7   3   0   5   2  0.60 0.35
  450 N    -2   1   5   0  -4   1   0  -1   2  -4  -3   0  -3  -1  -2   1   2  -5  -2  -4    3   8  24   5   0   7   5   6   4   1   3   4   1   2   2  11  10   0   2   1  0.42 0.30
  451 S    -1   1   2   0  -1   0   0  -1   1  -3  -3  -1  -3  -2  -1   4   1  -5  -3  -3    5   7   8   5   1   3   5   5   3   2   3   3   1   2   4  32   9   0   1   2  0.40 0.31
  452 C     0   0   0  -2   7  -2  -2  -2  -2  -1  -1  -2   0  -2  -2   1   1  -2  -1   0    7   4   4   3  22   2   3   4   1   4   6   3   2   2   3  10  10   1   2   7  0.44 0.26
  453 D    -2  -1   2   4  -2   0   1  -1   2  -3  -2  -1   0  -2   0   2  -1  -3  -3  -3    2   3  10  22   1   4   8   4   5   2   5   4   2   2   4  16   4   0   1   2  0.35 0.25
  454 S    -1   0   0  -2  -2  -1   0   0   0  -4  -4   0  -1  -4  -1   5   2  -4  -4  -3    5   6   5   2   1   2   6   6   2   1   2   5   1   1   3  38  11   0   1   2  0.56 0.41
  455 M    -2   1   1  -2  -1  -1  -1  -2   0   0   1  -1   6  -1  -1   0  -1  -2  -1  -1    3   7   6   2   2   3   5   3   2   6  14   3  20   3   3   8   4   1   2   4  0.30 0.23
  456 R    -3   6   1  -2  -4   1   0   0   0  -3  -3   2  -2  -5  -4   0  -1  -6  -1  -4    3  37   7   2   0   5   7   7   2   2   3   9   1   1   1   7   4   0   2   1  0.71 0.43
  457 T    -1   0   0  -1  -2   0  -2  -2  -4  -1  -2  -1  -4  -3  -1   2   5  -6  -4  -1    5   5   5   3   1   4   2   3   0   4   4   4   0   1   3  13  38   0   1   4  0.59 0.41
  458 L    -2   0  -1  -2   0  -1  -1  -2  -1   0   2  -1   3   0  -2   0   1  -2  -1   1    3   5   3   2   2   3   4   3   1   5  24   3   8   4   1   8   7   1   2   9  0.16 0.15
  459 T     0   1   1  -1  -3   0   0  -2  -2  -2  -2  -1  -1  -3  -2   2   4  -6  -1  -1    6   7   6   4   1   4   5   4   1   3   3   4   1   1   3  14  27   0   2   4  0.34 0.29
  460 T    -1  -1   0  -1  -3  -2   0  -2  -2  -2  -1  -1  -1  -5  -1   2   5  -7  -4  -1    6   3   4   3   0   2   5   4   1   2   5   4   2   0   3  15  35   0   1   5  0.53 0.40
  461 S     0   0   1  -2  -4   0  -2  -1   0  -5  -3  -1   0  -2  -2   5   2  -6   0  -4    6   4   6   2   0   5   2   4   2   1   2   4   2   2   2  40  10   0   3   1  0.61 0.45
  462 L    -1  -1  -2  -2  -2  -3  -3  -3  -1   2   3  -2   2   0  -3   0   0   1   0   1    5   3   2   3   1   1   1   2   2  12  28   3   6   4   1   7   5   2   3  10  0.26 0.19
  463 T    -1  -1   1  -2  -2   0  -1  -3   0  -1  -1  -2   0  -2  -2   3   4  -6  -1  -1    5   3   8   3   1   4   4   2   2   4   6   2   2   1   2  20  26   0   2   4  0.39 0.32
  464 V     0  -1  -1  -3  -2  -1  -2  -2  -1   2   0  -1   2  -3  -1   0   1  -5  -3   4    7   4   3   1   1   3   3   3   2   9   9   3   5   1   3   9   8   0   0  26  0.26 0.21
  465 S     0   0   2   0  -4  -1   0  -1  -1  -3  -4  -1   0  -2  -2   4   1   0  -2  -3    8   5   8   5   0   3   7   6   1   1   2   3   3   2   3  31   8   1   1   2  0.38 0.33
  466 R    -3   6   1  -2  -3   0  -2  -3   1  -3  -3   1  -1  -1  -2  -1  -1  -7  -4  -4    3  44   7   2   1   4   3   3   3   2   2   8   2   3   2   5   5   0   1   1  0.87 0.52
  467 R    -4   6   1  -1  -3   2  -1  -3   0  -3  -2   2  -2  -4  -2  -1  -2  -7  -2  -3    1  39   7   4   1   9   4   2   2   1   4  10   1   1   2   4   3   0   1   2  0.78 0.48
  468 S    -1   0   1  -1  -3   0  -2  -2   0  -5  -5   0  -2  -5   0   5   2  -3  -1  -4    5   5   7   3   1   4   3   4   2   1   1   6   1   1   4  37  11   0   3   1  0.56 0.43
  469 T     0  -1   1  -1  -2   0  -2  -1   0  -1  -3  -2  -1  -3  -1   2   5  -7  -4  -2    6   4   8   3   1   3   2   4   2   4   3   3   2   1   3  16  31   0   0   3  0.46 0.37
  470 N    -2   1   6   1  -2   0  -2   0   2  -5  -3  -1  -1  -4  -3   2  -1  -7  -4  -5    3   6  34   8   1   4   2   7   4   1   3   4   2   1   1  14   4   0   1   0  0.70 0.45
  471 K    -1   3   1  -1  -3   1   1  -1   1  -3  -2   4  -2  -5  -1   1  -3  -6  -2  -2    5  14   7   4   1   6   9   5   3   1   4  22   1   0   3  10   1   0   1   3  0.36 0.28
  472 T    -1  -1   0   0   0   0   0  -3   2  -2  -1  -2  -1  -3   1   2   4  -6  -1  -1    5   4   4   5   2   4   6   2   4   3   5   2   1   1   6  15  26   0   2   3  0.31 0.28
  473 N    -4  -1   6   1  -4   1  -1   0   2  -4  -5   1  -1  -5  -2   2  -1  -7  -6  -4    1   3  36   7   0   6   3   6   4   1   1   8   2   1   2  13   4   0   0   2  0.77 0.48
  474 A     2  -1  -1  -1   1   1   0   1  -1  -1  -1   0  -2  -2  -1   2   0  -4  -2   0   19   2   2   3   3   6   5   9   1   3   6   6   1   1   2  15   7   0   1   6  0.14 0.16
  475 R    -4   6  -1  -2  -3   2   1  -2   0  -4  -3   2   0  -3  -1  -1  -1  -6  -3  -4    1  37   3   2   1   9  10   3   2   1   3  11   2   1   3   5   5   0   1   1  0.71 0.43
  476 V    -2  -1  -3  -2   0  -2  -1  -1  -3   2   1  -2   0  -1  -1  -2   1  -4  -1   4    2   3   1   2   2   2   4   4   1  12  13   3   2   2   4   3  10   0   2  30  0.28 0.22
  477 V    -1   0  -1  -2  -3  -2  -1  -1  -2   2   1  -1   0   1  -1   0   1  -1  -1   3    3   5   3   1   0   1   5   5   1  11  11   3   1   5   3   9   7   1   1  23  0.13 0.15
  478 I    -2  -4   0  -3  -3  -1  -4  -1   0   5   2  -2   2  -1  -4  -1   0  -4  -3   2    3   0   5   1   0   3   1   5   2  33  18   2   4   3   0   5   4   0   0  10  0.41 0.26
  479 C    -1  -4  -1  -2   9  -2  -2   0  -5  -1   0  -2  -4  -3   0   0  -1  -5  -5   0    4   1   3   2  41   2   4   8   0   4   8   2   0   1   5   6   3   0   0   7  0.97 0.46
  480 E    -1   0   1   0  -4   1   5  -3   1  -1  -2   1   0  -2  -2   0  -2   0  -3  -1    3   4   6   5   0   5  37   1   3   3   4   9   3   1   1   6   1   1   0   4  0.43 0.30
  481 R    -1   5   0  -2  -5   3   0  -2  -1  -3  -3   3  -1  -5  -1  -1  -1  -5  -2  -2    6  34   4   2   0  13   5   3   1   1   3  15   1   0   3   3   3   0   1   3  0.55 0.33
  482 P     0  -1  -1   1   0  -2   0  -4  -4  -2  -5   0  -5  -6   7  -2   0  -6  -5  -4    7   3   3   8   2   1   6   0   0   2   0   6   0   0  53   1   6   0   0   0  1.22 0.52
  483 T     0  -1   0  -1   0  -3   0  -3  -3  -1  -2   0  -1  -2  -4   1   5  -4  -1   0    6   2   4   3   2   0   5   1   0   3   4   7   1   1   0  10  43   0   2   5  0.47 0.34
  484 K    -2   2   1   1  -4   1   2  -3   0  -2  -3   4  -3  -4   1   0   0  -5  -3  -2    2  12   6   7   0   5  13   0   2   2   2  26   0   0   8   6   7   0   0   2  0.39 0.25
  485 V     0  -3  -4  -4   0  -2  -2  -3  -4   3   2  -3   1  -2  -1   0  -1  -4  -1   3    9   0   0   0   2   1   3   2   0  18  22   0   3   0   2   7   3   0   2  26  0.31 0.21
  486 V     0  -3  -3  -4  -2  -3  -3  -4  -4   3   1  -1  -1   0  -3   0   1  -4  -2   4    9   0   0   0   0   0   0   0   0  17  14   5   0   3   0   9   9   0   0  34  0.36 0.23
  487 T     0  -2   0  -1  -2   0  -2   0  -2   1  -1  -2   1  -3  -1   2   4  -4  -3   0    6   0   4   3   0   3   0   5   1   8   5   0   4   0   3  19  31   0   0   7  0.27 0.20
  488 V     1  -2  -3  -3  -2   0   0   0  -1   3   1  -1   0   1  -3  -1  -1  -3  -2   2   11   0   0   0   0   6   6   7   2  23  14   3   0   6   0   3   0   0   0  19  0.15 0.13
  489 P    -3  -4  -1  -1  -4  -3  -2  -4  -4  -2  -3  -1  -4  -5   8   1  -1  -5  -5  -4    0   0   2   3   0   0   2   0   0   3   3   4   0   0  68   9   4   0   0   0  1.59 0.44
  490 A     4  -3   1   1   1  -2  -2   0   0  -2  -2  -2  -2  -3  -2   2   0  -4  -3  -1   49   0   7   8   4   0   0   5   2   0   3   0   0   0   0  14   4   0   0   4  0.39 0.21
  491 M    -1  -3  -3  -3   2  -1  -3  -1   2   2   1  -2   5  -2  -3  -1   0  -3  -2   3    0   0   0   0   6   3   0   5   6  10   5   0  27   0   0   5   6   0   0  27  0.30 0.16
  492 S     1  -1   2  -1  -2   1  -1   2   2  -1  -3   0  -2  -3   1   3   1  -4  -2  -2    7   0  12   0   0   6   0  14   6   6   0   3   0   0   6  35   6   0   0   0  0.28 0.12
  493 E    -2   1  -1   0  -4   1   6  -3  -1  -4  -4   0  -3  -3  -2   1   0  -3   1  -3    0   6   0   0   0   2  71   0   0   0   0   0   0   0   0  12   4   0   6   0  0.81 0.23
  494 R    -2   5   0   1  -4   1   0  -2  -1  -4  -3   3  -2  -4  -2  -1  -1  -4  -2  -3    0  60   0  13   0   0   0   0   0   0   0  27   0   0   0   0   0   0   0   0  0.66 0.08
  495 V    -1  -3  -3  -3  -1  -3  -3  -4  -4   3   1  -3   1  -1  -3  -2   0  -3  -1   4    0   0   0   0   0   0   0   0   0  34   0   0   0   0   0   0   0   0   0  66  0.36 0.01

                      K         Lambda
Standard Ungapped    0.1330     0.3241
Standard Gapped      0.0410     0.2670
PSI Ungapped         0.1330     0.3241
PSI Gapped           0.0410     0.2670
