
Last position-specific scoring matrix computed, weighted observed percentages rounded down, information per position, and relative weight of gapless real matches to pseudocounts
           A  R  N  D  C  Q  E  G  H  I  L  K  M  F  P  S  T  W  Y  V   A   R   N   D   C   Q   E   G   H   I   L   K   M   F   P   S   T   W   Y   V
    1 M   -2 -2 -3 -4 -2 -1 -3 -4 -2  1  1 -2  8 -1 -3 -2 -1 -2 -2  1    0   0   0   0   0   0   0   0   0   0   0   0  95   0   0   0   0   0   0   5  0.86 0.15
    2 Y   -2 -2 -1 -3 -3 -2 -3 -3  1 -2  0 -3  1  2 -4 -1 -2  6  7 -2    0   0   3   0   0   0   0   0   3   0  12   0   4   3   0   7   0  12  56   0  0.81 0.17
    3 S   -1 -2  2  1 -2 -2 -1 -1 -2 -2 -1 -2 -2 -3 -2  5  1 -4 -3 -1    0   0  11   7   0   0   0   2   0   0   7   0   0   0   0  60   7   0   0   6  0.53 0.27
    4 G    0 -1  0 -2 -3  2 -1  3 -2  0 -2  1 -2 -3  1  1 -1 -3 -3 -1    8   0   5   0   0  14   0  24   0  11   0  14   0   0   6  14   0   0   0   2  0.24 0.13
    5 S   -1 -2  3  0 -3 -2 -2 -2  3 -2 -1 -1  4 -3 -3  3  2 -4 -2 -2    0   0  18   5   0   0   0   0   8   0   3   2  20   0   0  30  12   0   0   2  0.46 0.29
    6 S   -1 -2 -1  2 -3 -1  2  2 -2 -3 -4 -2 -1 -4  0  3  1 -4 -3 -2    0   0   0  13   0   0  15  17   0   0   0   0   2   0   5  35   9   0   0   3  0.44 0.25
    7 D   -2 -3  1  6 -4 -2  1  0  2 -2 -4 -2 -4 -4 -3  0  0 -5  0 -4    2   0   4  57   0   0   8   8   5   3   0   0   0   0   0   5   4   0   4   0  0.85 0.35
    8 G   -1 -1  1  2  0 -1  0  3 -2 -3  0  0 -2 -3 -3  1  1 -4 -2 -2    3   4   5  13   2   0   5  29   0   0  11   6   0   0   0   8  11   0   1   1  0.25 0.17
    9 E    0 -1  1  0  1  1  4 -1 -2 -3 -2  1  0 -4  0  0 -2 -4 -3  0   10   1   8   2   4   6  35   4   0   0   2   6   4   0   5   6   0   0   0   7  0.31 0.23
   10 S    1 -1  2 -1 -3 -1  0  2 -1 -1 -2 -2 -2 -3  2  2  1 -4 -3 -2   12   3  15   0   0   0   5  18   1   4   3   0   0   0  11  16  11   0   0   0  0.30 0.20
   11 H    1 -2  3  0 -3  0 -1  1  4 -3 -3 -1 -2 -2 -2  1  1 -3  2 -1   11   0  15   4   0   4   3  10  12   0   0   3   0   0   1  10  11   0  10   6  0.23 0.19
   12 D    1  0  3  4 -3  0  1 -2  1 -4 -4 -1 -3 -1 -3  1  0 -4 -3 -3   14   6  13  30   0   4   8   1   4   0   0   1   0   3   0  11   4   0   0   0  0.44 0.26
   13 T    1  0 -1  1 -3  0  2 -1  0 -3 -2  1 -2 -4  3  1  1 -4 -3 -2   15   5   1   6   0   3  20   4   2   0   4   7   0   0  14   9   7   0   0   2  0.28 0.20
   14 S    1  0  0 -1  3 -1  1  1 -2 -1 -2 -1  0 -3  2  2  0 -4 -3 -1   11   5   4   1   9   1  11   9   0   5   3   2   2   0  10  19   5   0   0   5  0.19 0.18
   15 T    1  2  2  0 -3  0  0 -1 -2 -1  0 -1 -2 -3  2  1  1 -4 -3 -1   17  12  11   3   0   5   5   2   0   3   9   1   0   0  11   8   8   0   0   3  0.18 0.17
   16 Q    0 -2 -1 -1 -3  1  2 -1 -1 -2 -1  0 -2  0  1  2  1 -3 -2  0    5   0   2   2   0   7  17   4   1   0   7   5   0   6   7  18   8   0   0  11  0.15 0.18
   17 R   -1  3 -1 -2 -4  1  1 -1 -3 -4 -2  1 -3 -4  5  0  0 -4 -4 -3    5  20   2   1   0   5  10   4   0   0   3   9   0   0  28   8   5   0   0   0  0.58 0.31
   18 K   -1  2  0 -1  0  0 -1 -2  0 -3 -3  5 -3 -1 -1  0 -1 -4  0 -1    3  11   3   3   3   2   2   2   2   0   0  45   0   3   3   7   2   0   3   6  0.46 0.32
   19 I   -1  1  0 -1 -2  0 -2  0 -2  3  0 -1  1 -2 -3  1  1 -3 -2  2    4  10   4   4   0   5   0   6   0  22   6   0   3   1   0  12   8   0   0  14  0.13 0.16
   20 P   -3 -4 -3  0 -5  0  0 -2 -4 -5 -3 -1 -4 -1  7  0  0 -5 -4 -4    0   0   0   4   0   3   7   3   0   0   3   3   0   3  58   7   7   0   0   0  1.32 0.55
   21 P   -2 -2 -1 -3 -4  1 -1 -2 -4 -3 -4  0  1 -5  6  2 -1 -5 -4  1    2   2   3   0   0   5   4   2   0   0   0   4   5   0  39  17   4   0   0  13  0.80 0.45
   22 A    2 -2  1  0 -3 -1  1 -1  0 -2 -1  1 -1 -1  3  0  0 -4 -3 -1   21   0  10   4   0   2   8   3   2   0   7   9   1   3  14   5   6   0   0   4  0.21 0.20
   23 S   -1 -1  1  1  0 -2  0 -1  3 -1  1  1  0 -3 -2  2  0 -4 -3 -2    2   2   5   9   2   0   5   4  10   3  14  11   2   0   1  21   6   0   0   2  0.18 0.22
   24 S   -1 -1 -1  0 -4  1  0 -2  0 -2 -3  3 -3 -2  0  4  1 -5 -3 -2    2   2   1   5   0   7   4   3   2   2   2  18   0   2   5  33   9   0   0   2  0.39 0.34
   25 M   -3 -4  0 -5 -5  1 -4 -5 -4  0  1 -3  8 -2  2 -2  1 -5 -4 -1    2   0   4   0   0   6   0   0   0   4  10   1  44   1  12   3   9   0   0   2  1.08 0.62
   26 L    0  0  0  3 -3 -1  0 -1 -3  0  1 -1 -2 -3  1  1  0 -4 -3 -1    8   6   5  18   0   1   6   4   0   5  16   4   0   0   8  10   7   0   0   3  0.17 0.19
   27 W   -2  0 -4 -5 -4 -2 -4 -3  1 -2  2  1  2 -1 -3  1 -2  9 -2 -2    3   4   0   0   0   1   0   2   3   1  19  11   6   3   1  11   2  29   0   2  0.95 0.52
   28 V    1  0 -2 -2 -4 -2  0 -1 -4  1 -2  4 -3 -4  0 -2  0 -5 -4  3   10   3   1   2   0   0   5   4   0   6   2  31   0   0   4   1   4   0   0  26  0.46 0.38
   29 R   -1  3  1  1 -4  1  3 -3  0 -2 -4  1 -3 -3  0 -1  1 -4 -2 -3    4  17   7   8   0   6  21   1   2   3   0   7   0   1   5   3  11   0   2   1  0.34 0.27
   30 N    1 -1  3 -2  0 -1  0 -1  0  1  0  0 -2 -1 -3  1 -1 -4 -3  1   13   3  21   0   3   1   6   4   2   7   9   4   0   2   0  11   3   0   0  10  0.17 0.20
   31 L   -4 -1  0 -5 -4 -2 -2 -6 -5 -1  5 -3  2  1 -5 -5 -4 -4 -1 -2    0   3   6   0   0   2   3   0   0   3  67   1   4   6   0   0   0   0   2   2  1.05 0.57
   32 R   -4  6  0 -1 -3 -1  1 -4 -4 -6 -2  4 -4 -6 -5 -2 -2 -6 -2 -5    0  44   5   4   1   1   7   1   0   0   4  26   0   0   0   2   3   0   1   0  1.10 0.62
   33 R    0  4  1 -1 -5  1  1 -1 -3 -5 -4  4 -4 -6 -2 -1 -3 -5 -5 -5    8  26   6   3   0   7   9   5   0   0   2  27   0   0   2   4   1   0   0   0  0.69 0.46
   34 Y   -1  1 -2 -1  1 -2 -3 -2  1  0 -1 -1  0  4 -1 -1 -1  1  5  0    3   9   2   3   4   1   1   2   3   6   4   4   2  16   3   4   3   1  21   7  0.32 0.25
   35 I    0 -4 -1 -2 -3 -2 -2 -4 -4  4  2 -4 -2 -1 -4 -1 -1 -4 -1  4    6   0   4   2   0   2   3   1   0  21  20   0   0   2   0   4   3   0   2  31  0.54 0.36
   36 G    2  1  1  1 -4  1  2  0 -3 -4 -3  2 -3 -4 -1  1 -1 -4 -4 -2   16   9   6   7   0   6  12   8   0   0   2  13   0   0   3  12   3   0   0   3  0.28 0.25
   37 S    1  0  2  0 -2 -1 -1 -2 -3 -1 -3  2 -2 -2 -2  2  3 -4 -2 -2   10   4   9   6   1   2   4   2   0   4   1  14   1   2   1  18  18   0   1   2  0.29 0.29
   38 G   -2  0  1  1 -4 -1  1  2 -1 -2 -1  3 -3 -3  3 -1 -2 -5 -2 -3    3   3   7   8   0   1  10  16   2   2   7  19   0   1  13   3   2   0   1   1  0.30 0.27
   39 A    1  0  1  1 -2  1  1 -1  0 -2 -2  1 -3 -3  1  1  1 -4  0 -2   11   4   8   7   1   6  11   3   2   3   4   8   0   0   7  12   8   0   3   2  0.16 0.17
   40 G    1 -2  0  0 -3  1  1  2 -1 -2 -2  0 -1 -2  0  2  0 -4 -2 -1   11   1   3   4   0   8   8  17   1   3   4   6   2   1   5  15   7   0   1   3  0.17 0.19
   41 L    0  1  0  0  0  0 -1  0  0  0  1  2  0 -1 -1  0  1  0 -1 -1    8   7   3   4   2   2   3   6   2   6  18  14   1   1   2   7   8   1   1   2  0.05 0.11
   42 G   -1 -1  1 -1 -4  0  0  2 -3 -3 -3  1 -1 -4  3  1  1 -4  0 -2    3   3   7   3   0   4   7  18   0   1   2  10   2   0  14  10  10   0   4   2  0.30 0.28
   43 S    0 -2  3  0 -4 -1 -2 -1  2 -1 -2  0 -4 -5 -1  4  1 -5 -4 -2    6   1  12   4   0   2   2   4   6   4   3   6   0   0   3  36   7   0   0   3  0.47 0.42
   44 E    0 -1 -1  1 -5  1  4 -2  0 -3 -2  1 -3 -1  1  1 -2 -5  0 -1    6   3   2   8   0   6  27   3   2   1   5   7   0   2   8  11   2   0   3   4  0.31 0.30
   45 A    1  1  1  2 -4  1  3 -2 -1 -2 -3  1 -1 -3  0  1  0 -5 -4 -2   11   7   5  10   0   4  21   2   2   3   2   9   2   1   5   9   5   0   0   3  0.26 0.26
   46 L   -1  0 -2  0 -1  0  3 -1 -1  1  1  1  1 -4 -2  0  0 -5 -2 -1    5   4   1   4   1   3  21   4   1  10  12   9   3   0   2   9   4   0   1   5  0.17 0.21
   47 M    0 -1  0  2 -4  0  1 -2  0 -1  1 -1  4 -1 -2  1  2 -4 -3 -1    7   2   3  14   0   4   7   2   2   4  12   4  11   2   1   9  13   0   0   3  0.20 0.25
   48 E   -1  1 -1  2 -5  0  4 -2 -4 -1 -2  1  0 -2  0  0 -1 -6 -5 -2    6   7   3  12   0   4  26   4   0   4   4  10   3   2   4   6   4   0   0   3  0.34 0.31
   49 L    0  0  0  0  0  1  1 -2  0  1  0  0  0 -1  0  0  0  1 -3  1    5   5   6   4   2   7  11   3   2   8   9   4   2   2   4   6   6   2   0  12  0.05 0.09
   50 E    0  0  1  0  1  2  2 -5  1 -1 -1  0  1  0 -1  1  0 -6 -5 -2    8   6   6   6   3   7  15   0   3   4   6   5   4   5   3  12   5   0   0   3  0.19 0.19
   51 T   -1  0  0  0  2  0  0 -1  2  0 -1  0  1  0  0 -1  0  3  1 -1    5   5   5   5   5   5   5   5   5   5   5   5   5   5   5   5   5   5   5   5  0.07 0.08
   52 K   -1  2  0  2 -5  2  2  0 -1 -1 -2  3  0 -3 -2 -1  0 -5 -4 -3    4  10   3  11   0   9  13   8   1   3   4  19   2   1   1   4   5   0   0   1  0.29 0.26
   53 R   -1  3  1  1 -4  1  1 -3  1 -3 -2  3 -2 -2  1  0  0 -4  0 -1    3  17   6   7   0   6  10   1   3   1   4  16   1   1   6   6   4   0   3   4  0.26 0.23
   54 I   -2  0 -2 -2  1 -2  1 -3  0  2  2 -1 -2 -1 -1 -1  0 -3  4  0    3   5   2   2   3   1  10   2   2  11  20   3   0   2   3   3   6   0  15   7  0.21 0.22
   55 L   -2 -2 -2 -2  1 -1 -1 -3 -2  0  2 -2  1  4  1 -2 -1  0  2  1    2   3   1   2   3   3   5   1   1   5  19   1   3  19   8   2   4   1   8   9  0.29 0.24
   56 L    0  0  0 -1 -2  0  1 -3 -1 -2  1  1  0 -2  1  0  1 -1 -1 -1    7   4   4   3   1   4  10   1   1   1  20  10   2   1   7   7  10   1   2   4  0.11 0.16
   57 E   -2  2  1  2 -5  3  4 -3  2 -5 -3  2 -2 -3 -2 -1 -1  1 -4 -3    3   9   5  11   0  12  25   2   5   0   2  11   1   1   2   4   3   2   0   1  0.50 0.37
   58 I    0 -1 -1 -1 -1 -1  0 -1 -2  2  1  0  1 -1  0 -1  0  2  1  0    6   2   3   3   1   2   7   4   0  15  17   5   4   1   4   5   5   4   7   6  0.08 0.12
   59 F   -1  0  0 -3 -4 -2 -2 -1  1 -1  1  1  3  4 -3 -2 -1 -1  4 -2    5   5   4   1   0   1   1   5   4   3  13   9   8  16   1   2   4   1  15   2  0.31 0.27
   60 K   -2  0  1 -1 -3  1  2 -1 -1 -2 -2  5 -3 -4  1 -1 -1 -5 -2 -2    2   4   5   3   1   5  12   5   1   2   5  35   0   0   6   4   3   0   1   2  0.45 0.35
   61 E   -1 -1  0  1 -5  3  4 -3  2 -2 -3  1 -2 -5  1  0 -1 -5 -1 -3    4   2   4   8   0  11  30   2   4   2   2   9   1   0   6   7   4   0   2   1  0.47 0.36
   62 K   -1  2  0 -1 -4  1  1 -1 -1 -3 -1  2  0 -2  0  0 -1  4 -1 -1    6  14   4   2   0   6  11   4   1   1   6  15   3   1   5   7   2   7   2   4  0.23 0.22
   63 Q   -1  0  0  1 -2  3  1 -2  1 -2 -1  2 -1 -2  1  1 -1 -2  0 -2    5   4   4   6   1  14  10   3   4   2   6  13   2   1   8   9   2   1   4   2  0.19 0.19
   64 Q   -1  2  2  0 -2  3 -1 -1 -1 -1 -1  2 -3 -4 -2  0  0 -4 -3  0    4  10   9   5   1  18   2   5   1   4   7  14   0   0   2   5   5   0   1   7  0.23 0.23
   65 K   -2  2  2 -1 -1  0  0 -3 -1 -2 -2  4 -3 -2  1  0  0 -4 -2 -3    3  13  11   2   1   3   6   1   1   2   4  27   0   2   7   8   6   0   1   2  0.37 0.31
   66 S    0 -2  2  0  0  1  1 -1  1 -3 -3  0 -2 -2  1  3  1  0 -2 -2    9   1  11   5   2   6   7   5   3   1   2   4   0   1   7  23   8   1   1   1  0.25 0.25
   67 Q    1  0  1  2 -4  1  1 -2  1 -1 -1  0 -2 -4  3  1 -1 -4 -3 -2   15   4   7  10   0   6   7   2   4   3   5   5   1   0  18   9   3   0   0   2  0.28 0.23
   68 E   -1 -1  0  0 -4  1  3 -1 -3 -2 -3  2 -1  0 -1  2  2 -4 -3 -2    4   2   4   5   0   5  20   3   0   2   2  13   1   5   2  19  12   0   0   2  0.30 0.29
   69 A    1 -2 -1 -2  2 -1  0 -1 -1 -2 -1  0 -1 -1 -2  2  2 -3  3 -1   10   1   3   1   5   2   7   4   1   1   5   7   2   2   1  21  12   0  12   3  0.23 0.26
   70 G    0  0  0 -1 -3  0 -1  2 -1 -1  0  2  0 -3  0  1 -1 -3 -2 -1    7   3   4   3   0   4   2  18   1   4  10  15   3   0   4  12   3   0   1   4  0.12 0.15
   71 T    0  0  1  0 -3  0 -1 -1  1 -1 -1  1 -1 -1  1  1  0 -3  0  0    7   4  10   3   0   2   3   5   5   3   7   9   1   2   6  14   7   0   3   8  0.07 0.10
   72 I   -1 -3 -3 -3  1 -1 -2 -4  0  4  1  0  1 -1  1  0 -1 -4 -3  1    3   0   0   0   3   3   3   0   2  32  13   5   3   3   8  10   3   0   0   9  0.31 0.27
   73 P   -1 -3 -3  0  0 -4 -2 -2 -5 -5 -2 -4  2 -2  7 -3 -2 -5 -1 -2    5   2   1   5   2   0   3   3   0   0   5   0   5   2  59   2   2   0   2   2  1.38 0.69
   74 S   -1  3  0 -1  0  1  0 -2 -2 -1 -2  2 -2  0  0  1  1 -3 -1  0    5  19   5   2   3   7   3   2   0   3   3  11   0   4   3  10  10   0   2   6  0.17 0.19
   75 F   -2 -2 -5 -5  0 -4 -5 -3  0  0  0 -2  0  7 -5 -2 -1 -3  0 -1    3   2   0   0   2   0   0   3   2   6   8   3   2  54   0   3   5   0   2   3  1.08 0.56
   76 Y   -4 -4 -1 -1 -4 -1 -2 -1  3 -1 -2 -1 -3  4 -2  0 -2 -2  6 -1    0   0   3   3   0   3   3   5   8   3   3   4   0  16   2   8   3   0  32   4  0.67 0.46
   77 K   -1  2 -1 -1  1 -1 -2 -2  2 -1 -2  2  0  4 -2 -1 -1  2  1 -1    5  11   3   4   3   3   3   3   5   4   3  13   3  16   3   4   4   3   5   4  0.30 0.20
   78 K    0  1  1  1 -3  1  0  0  2  0 -1  0 -1 -2  1  0  0 -2  1 -2    7   7   7   7   0   7   7   7   6   7   7   7   0   0   7   7   7   0   6   0  0.08 0.10
   79 K   -2  3 -1 -2 -4  1 -1 -2 -2 -1  0  4 -1 -3  1  0  0 -4 -3 -2    3  14   2   2   0   7   3   2   1   3  11  28   1   1   7   6   5   0   0   3  0.35 0.31
   80 P   -1 -3 -2 -2 -2 -1 -3  2 -5 -3 -1 -1 -4 -5  6 -2  0 -5 -2 -2    4   2   2   2   1   3   1  14   0   1   6   3   0   0  46   2   7   0   2   4  1.00 0.59
   81 E    0  1  1 -1 -4  2  1  0 -1 -2 -2  2 -3 -3  0  1  0 -4 -3 -2    7   9   9   3   0  11  10   7   1   2   4  14   0   1   4   9   7   0   0   3  0.21 0.22
   82 E   -1 -2  0  3 -2  0  3 -3 -4 -5 -3 -1 -2 -3  5  0  0 -5 -5 -4    5   2   5  15   1   3  19   1   0   0   3   4   1   1  26   8   5   0   0   1  0.63 0.45
   83 G   -1 -1  3  3 -4  2  0  1  2 -3 -4  0 -1 -3 -1  1  0 -5 -4 -3    5   3  14  15   0  11   6  13   4   1   1   5   2   1   3   8   6   0   0   1  0.32 0.28
   84 S   -1 -1  1  1 -4  0  2 -1 -3 -1 -2  1 -1 -3  1  3  1 -4 -2 -2    2   3   6   6   0   4  12   4   0   4   4   7   1   1   7  26   7   0   1   3  0.27 0.27
   85 I    0 -4 -2 -3  0 -2 -1 -3 -4  3  3 -3  1  0 -1 -2 -1 -4 -2  1    9   0   2   1   2   1   4   1   0  21  33   2   3   4   3   2   3   0   1   7  0.42 0.30
   86 S    1  1  0 -2  0  1 -1  0 -1 -1  0  0  0 -1  0  2  0 -3 -1 -1   11   9   3   1   2   6   3   6   1   3  11   5   3   2   5  16   7   0   2   4  0.08 0.13
   87 Q    0  0  2  0 -2  3  1 -1  1 -2 -1  0  0 -1 -1  0 -1  2 -1 -2    7   4  10   5   1  15   9   4   4   2   8   6   2   3   3   8   2   3   2   1  0.15 0.18
   88 R   -1  4 -1 -2 -4  1  0 -3 -1 -1  0  4 -1 -4 -1  0 -1 -4 -3 -1    4  21   3   2   0   7   5   1   1   4  11  25   2   0   3   5   2   0   0   4  0.40 0.31
   89 V   -1 -2 -2 -3 -1 -1 -2 -3  0  0  4 -3  0  2 -3 -3 -2 -3 -1  3    4   2   2   2   1   2   2   3   2   4  38   1   2   7   1   2   2   0   2  21  0.46 0.32
   90 Q   -1  5  0 -1 -4  3  0 -2  1 -2 -1  1  1 -4 -4 -2 -2 -4 -1 -2    5  32   5   3   0  12   5   3   3   3   7   7   4   0   1   2   2   0   2   3  0.49 0.35
   91 K   -1  2 -1  0  2  2  4 -2  0 -3 -2  2 -3 -3 -3 -1 -2 -4 -2 -1    5  11   2   5   4   7  26   2   2   1   5  15   0   1   1   4   2   0   1   5  0.36 0.30
   92 L    0  0 -2  1 -4  0  4 -1  0 -2  1 -2 -1 -2 -1 -1  0  1 -1 -2    6   4   1   6   0   3  35   5   2   2  14   1   1   1   3   3   5   2   2   3  0.38 0.34
   93 A    5 -1 -2 -3 -1 -3 -1 -2 -4  1 -1 -1 -3 -4  0  1  1 -5 -3 -1   44   3   2   1   1   0   3   2   0   9   5   3   0   0   4  10   7   0   1   4  0.54 0.42
   94 K   -2  5  0 -3 -1  0 -1 -3  3 -2 -1  3 -2 -4 -3 -1  0 -5  0 -2    3  35   4   1   1   4   2   2   7   3   6  15   1   0   1   3   7   0   4   2  0.60 0.44
   95 Y    1  2  0  0  0  1  1 -1  1  0 -2  0 -1 -1  0  1  0 -3  0 -1   13  12   4   4   2   6   8   4   4   6   4   5   1   3   3  11   6   0   4   2  0.09 0.13
   96 R    0  4 -1 -3 -1  2 -1 -3  0 -1  0  0  2 -1 -4  0 -1 -4 -1  1    8  26   3   1   1   9   2   1   2   4  10   4   5   3   0   6   3   0   2  10  0.28 0.27
   97 F    0 -1 -2 -4 -4 -2 -2 -2  0  0  1 -1  2  5 -3 -1 -2  0  3 -1    7   3   1   0   0   2   3   2   2   4  13   4   5  30   1   4   3   1  10   5  0.47 0.34
   98 L   -3 -2 -5 -2  0 -2 -3 -5  0  1  4 -2  0  0 -1 -4 -2  3  3  0    2   2   0   3   2   2   1   1   2   7  48   2   2   3   3   1   2   4   9   5  0.62 0.43
   99 K    0  0  0  1 -4  3  2 -2  0 -2 -2  2 -1 -1 -3  1  0 -4  0 -2    7   4   4   6   0  17  15   2   2   2   3  11   2   3   0   8   7   0   3   2  0.27 0.28
  100 K   -1  4 -1 -2  0  2 -1 -1  2 -3 -2  2 -1  1  1 -1 -1 -4 -1 -2    6  24   2   2   2   8   3   4   5   2   3  14   1   7   6   4   4   0   2   2  0.33 0.29
  101 Q   -1  1 -1 -1  0  2  0 -4  4  0 -1  3  1 -1 -1 -1 -1 -4  0 -2    5   9   2   2   2  10   6   0  11   5   5  22   3   3   2   3   4   0   3   3  0.29 0.28
  102 S    0 -1  1 -1  0  1  0  0  1 -2 -1 -1  0  2 -1  2  0 -3  0 -2    6   3   9   2   2   6   6   9   3   2   6   3   2   9   2  19   4   0   3   3  0.11 0.17
  103 D    0  0  0  0  2  1  0  0  1  0 -1  0 -1  0  1  0  0 -3 -1  0    6   6   6   6   6   6   6   6   6   6   6   6   0   6   6   6   6   0   0   6  0.04 0.07
  104 L    0  0  0 -1 -2  3  3 -1  0 -1 -1  0  1 -3  1  0  0 -3 -2 -1   10   5   4   3   1  15  19   3   2   2   7   4   3   0   5   7   4   0   1   4  0.19 0.19
  105 L   -3 -2 -2 -4 -3 -1 -3 -3 -3  2  4 -3  1  1 -2 -2 -1  1  0  1    1   2   2   1   0   3   2   2   0  11  46   1   3   5   2   4   3   2   4   8  0.50 0.31
  106 L   -1 -2 -2 -3  0 -3 -1 -4 -3  0  3 -3  2  0  3  0  0 -3  1 -1    4   2   2   1   2   0   3   1   0   6  32   1   5   3  17   8   5   0   4   4  0.36 0.27
  107 N   -1 -1  1  4 -4 -1  1 -2 -3 -2 -3  1 -1 -2  1  2  1 -4 -2 -2    5   2   7  24   0   2   8   2   0   2   2   7   1   2   6  14  11   0   1   2  0.35 0.27
  108 A    2 -1  4  1 -3  0  1 -1  1 -1 -2 -1 -1 -2 -1  0 -1 -4 -2 -1   17   3  23   6   0   4   8   4   3   4   4   3   1   2   3   7   2   0   1   5  0.23 0.22
  109 D    0 -2  1  3  0  0  4 -2 -1 -3 -3  0 -2 -2 -3  0  1 -4 -2 -1    7   2   6  14   3   2  30   3   2   1   2   6   1   2   0   7   8   0   1   4  0.39 0.29
  110 D   -2 -1  0  4 -5  0  5 -1  2 -4 -3 -1  0 -4 -3 -1 -3 -5 -4 -2    3   2   5  21   0   3  39   5   6   0   3   3   2   0   0   3   0   0   0   3  0.68 0.43
  111 L   -2 -2 -2 -2 -4 -3 -2 -5 -4  2  4 -2  1  0  0 -1 -2 -4 -3  1    3   3   3   2   0   0   3   0   0  11  45   2   3   3   6   5   2   0   0   8  0.48 0.33
  112 A   -1  0  1  2 -4  2  1 -2  0 -2 -2  2  0 -3  0 -1 -1 -4  0  0    6   4   7  10   0  11  11   3   2   2   3  17   3   0   5   3   4   0   3   6  0.21 0.21
  113 A    2  0  1  0  1  1  2 -1  0 -1 -1  0  1 -1 -1 -1  0 -3  0 -1   19   4   6   4   3   5  14   4   3   4   4   4   4   3   3   3   4   0   3   5  0.09 0.12
  114 M   -1  0  1  0  2  1 -1  0 -1  0  0 -1  2  1 -3 -1  0 -2  1  0    1   8   7   8   7   7   0   8   0   8   8   0   7   7   0   1   8   0   7   8  0.06 0.13
  115 W   -2  0 -2 -1  4 -4 -1 -2  1  0 -2  1  2  0 -5 -2 -2  9  0 -1    4   5   2   4   9   0   4   3   3   5   3  10   5   4   0   3   2  26   3   4  0.85 0.47
  116 V   -1  0  0  0  2  0  0 -1  2  0 -1  0  2  1  0 -1  0  4  1 -1    5   5   5   5   5   5   5   5   5   5   5   5   5   5   5   5   5   5   5   5  0.09 0.08
  117 C    0  0 -1 -2  3 -1 -1 -2 -1  2  2 -1  1 -2 -2 -1 -1 -3 -1  0    9   5   4   2   6   3   5   2   1  12  25   3   3   1   2   5   4   0   2   6  0.18 0.15
  118 L   -4 -3 -5 -5 -5 -3 -3 -5 -5  2  6 -5  3 -1 -5 -3 -5 -5 -3 -4    2   1   1   1   0   1   2   1   0   9  65   1   7   2   1   3   1   0   1   1  1.38 0.67
  119 R   -3  3 -1  2  0  2  3 -4 -1 -3 -2  2 -3 -2 -3 -1 -2 -5 -1  0    2  14   2  12   2   8  19   1   2   2   3  13   1   2   2   5   2   0   2   7  0.41 0.32
  120 E   -2  1  0  0 -2  2  4 -3 -3 -1 -3  4 -2 -5 -3  0 -3  1 -5 -4    4   7   5   5   1   9  22   2   1   3   3  25   1   0   1   6   2   2   0   1  0.58 0.41
  121 N   -2 -1  4 -2 -1  2 -2 -3  5  0 -2 -1 -1  0 -3  0 -1 -1  3 -1    3   3  19   2   1   8   2   2  15   5   4   4   1   4   2   6   4   1   8   5  0.48 0.34
  122 C    1  0 -1 -2  6  1 -1  0  4 -1 -2  0 -1  0 -3  1 -1 -4 -3 -1   10   5   3   2  17   6   4   6   9   3   4   6   1   4   1  10   3   0   0   5  0.38 0.28
  123 V    0 -1  0  0 -2 -1 -1 -1 -2  0  1 -1  0  1 -2  2  2 -4 -1  1    6   4   4   4   1   2   5   4   1   5  12   4   2   7   2  15  13   0   2   9  0.11 0.14
  124 I    0  0  0 -2 -2 -1 -2 -3 -2  1 -1 -1  0  2  4  0  0 -4  1  0    9   5   4   2   1   2   3   2   1   9   5   4   2   9  19   6   6   0   4   7  0.25 0.21
  125 D   -3  1  0  1 -1 -1  0 -4 -1 -3 -2  0 -2  3  4  1 -1 -2 -1 -2    2   9   4   8   1   2   7   2   2   1   4   5   1  13  21  10   4   1   2   3  0.43 0.34
  126 D   -1  0  0  2 -4  0  1 -1  0  0 -1  0  0  0  1  0  1 -4  0 -1    5   5   4  14   0   3   7   6   3   6   4   7   3   4   8   6   9   0   3   4  0.11 0.12
  127 A    1 -1  1  0 -2  0  0  0  1 -1 -1 -1  0  0  0  1  0 -1 -2  0   13   4   7   6   1   4   5   6   4   4   6   3   3   4   5  12   6   1   1   7  0.06 0.08
  128 T    0 -2  1  1 -2  0  1  0  0  0  0  0 -1  1  0  0  1  0 -1 -1    6   1   6   7   1   5   8   8   3   5  11   5   1   7   5   5  11   1   2   3  0.05 0.08
  129 G   -1 -1  0  2 -1  0  1  3 -1 -2 -3 -1 -1  0  2 -1 -2 -4 -4 -1    6   3   5  10   1   3   9  23   2   2   3   4   2   5  11   4   2   0   0   5  0.27 0.24
  130 A   -1 -1  2  1  0 -1  2  1  1 -2 -2  1  0  0 -1  0 -1 -4  0 -1    5   3   9   6   2   2  12  12   3   2   3  11   2   5   3   6   4   0   4   4  0.12 0.14
  131 E   -2  0 -1  1 -1  2  3 -1  2 -3  0  1 -1 -1  0 -1 -2  2  0 -2    3   5   3   8   1  11  20   5   4   2   8   7   1   3   4   3   2   3   3   3  0.23 0.23
  132 K    0  2  0 -1 -1  1  0  0  2 -1 -1  1  1  1  0 -1 -1  1  0 -1    6  11   4   4   2   6   4   7   6   3   6  10   5   6   4   4   2   2   4   4  0.08 0.11
  133 M    0 -1 -3 -2  3  1 -2 -2  1  2  1 -1  3  0 -1 -2 -1 -4  0  1    8   2   0   2   6   6   2   2   4  16  13   4   9   3   2   3   3   0   3  10  0.18 0.20
  134 N   -1  0  2  1  2  1  0 -1  1 -1 -2  0  0  0  0  0  1 -4  0 -1    4   4  12  10   6   7   7   5   3   3   3   5   3   4   5   7   8   0   3   3  0.12 0.15
  135 Y    0  0  0  0  2  0  0 -1  1  0 -1  0  1  0  0  0  0 -2  1  0    5   5   5   5   5   5   5   5   5   5   5   5   5   5   5   5   5   0   5   5  0.03 0.05
  136 E    0 -1  0  2 -4  1  2  0  1 -1 -1  0  1  0  0  0  0 -4  0 -2    8   3   3  12   0   6  15   6   3   3   6   7   4   4   4   7   4   0   4   2  0.13 0.15
  137 D   -1 -1  1  3  0  2  2 -1  0 -1 -1  0 -3  0 -2 -1 -1  1 -1 -1    6   3   6  17   2  10  13   5   2   3   6   5   0   4   2   4   3   2   2   6  0.17 0.18
  138 F   -2 -7 -7 -1 -7 -1 -7 -2  2  0  0 -1  3  6 -1 -1 -7 -6  3 -1    4   0   0   4   0   4   0   4   4   5   9   4   7  33   4   5   0   0   9   5  0.92 0.45
  139 C   -1  0  0  0  2  0  0 -1  2  0 -1  0  2  1  0 -1  0  4  1 -1    5   5   5   5   5   5   5   5   5   5   5   5   5   5   5   5   5   5   5   5  0.09 0.08
  140 H   -1  0  0 -1 -4  2  0 -2  4 -1 -2  1  0  0  1  0 -1  2  1 -2    5   6   3   3   0  10   4   3  13   4   4   9   3   4   7   8   4   3   5   3  0.20 0.22
  141 I   -1  0  0  0 -3  0  0 -1  2  0 -1  0  1  0  0  0  0  3  1  0    5   5   5   5   0   5   5   5   5   5   5   5   5   5   5   5   5   5   5   5  0.06 0.08
  142 A   -1  0  0  0  2  0  0 -1  2  0 -1  0  2  1  0 -1  0  4  1 -1    5   5   5   5   5   5   5   5   5   5   5   5   5   5   5   5   5   5   5   5  0.09 0.08
  143 S    0 -1  1 -1 -1  0  0  1 -1 -2 -2  2 -1  0 -1  1  0  2  0 -2    6   3   7   3   2   4   6  12   1   2   3  16   1   4   3  11   7   3   4   3  0.14 0.17
  144 V    0  0 -1  0  0  0  2 -1 -1  0  1  0  1 -1 -1 -1 -1 -3 -2  0    9   4   3   5   2   4  14   4   2   7  15   7   5   3   2   4   3   0   0   7  0.07 0.11
  145 C    0 -1 -3 -4  6  1 -2 -1 -1  0  0 -1  0  0  1  0 -1  1 -1  0    9   3   0   0  16   8   2   5   2   4   8   4   3   4   8   8   3   2   2   8  0.25 0.24
  146 T    0  0  0  0  1  0  0  0  0  1  0  0  1  0  1  0  0 -2  0  0    5   5   4   5   4   3   4   6   3  10   8   5   5   4   6   7   6   0   3   7  0.01 0.03
  147 E   -1  0  0  0 -3  0  0 -1  2  0 -1  0  1  0  0  0  0  3  1  0    5   5   5   5   0   5   5   5   5   5   5   5   5   5   5   5   5   5   5   5  0.06 0.08
  148 Q   -1  0 -1 -1  1  1  2 -2  1 -1 -2  1  1 -1 -1  0 -1  4  1 -1    6   5   3   3   3   6  12   4   3   3   5   9   3   3   3   8   5   5   5   5  0.14 0.14
  149 I    0  0 -2 -1  0 -1  0 -1 -1  1  1  0  0  2  1 -1 -2  1  0  1   10   5   2   4   2   2   6   3   1   7  15   5   3   9   6   4   1   2   3   9  0.06 0.08
  150 G    0  0  0 -1  2 -1 -1  2  2  0 -1  0  0 -2  1  1 -1 -5 -1 -1    6   5   4   3   4   2   4  15   4   6   6   5   3   2   8  13   3   0   2   4  0.13 0.12
  151 P    0 -1 -2  0  4 -1 -1 -1  0 -2  0 -1 -1 -1  4  0 -2  2  0 -1    8   3   2   5   7   3   5   6   2   3   9   3   2   3  20   7   3   3   4   4  0.29 0.23
  152 K   -1  0 -1 -1  1  1  0 -1  0 -1 -1  3  1  2 -1  0 -1 -5  0 -1    5   4   3   3   3   5   6   6   3   4   6  17   3   8   4   8   3   0   4   4  0.14 0.13
  153 C   -1  0  0  0  2  0  0 -1  2  0 -1  0  2  1  0 -1  0  4  1 -1    5   5   5   5   5   5   5   5   5   5   5   5   5   5   5   5   5   5   5   5  0.09 0.08
  154 R   -1  3  1 -1 -3  0  1 -3  0 -3 -4  2 -2 -5  5  0 -3 -5 -3 -4    4  14   7   2   1   4   7   1   2   2   1  12   1   0  33   5   1   0   1   1  0.74 0.48
  155 R    0  1 -1 -1  2  1  0 -1  0 -1  1  0 -1 -1  1  1  0 -3  0 -1    5  10   3   3   5   7   7   5   2   2  15   3   1   3   6  12   4   0   3   2  0.07 0.12
  156 F   -2 -3 -3 -2  1 -5 -3 -4 -3  0  0 -5  1  6 -3 -4 -3  1  6 -2    3   1   1   2   3   0   2   1   0   5   8   0   4  32   1   1   1   2  29   2  1.07 0.58
  157 F   -2 -3 -5 -3  1 -3 -3 -4 -5 -1  2 -5  0  6 -2 -3 -3  7 -1 -1    3   2   0   2   3   2   2   1   0   3  17   0   2  35   2   2   1  17   1   4  1.06 0.56
  158 S   -1  1  1 -2  0  0 -2 -2 -1 -4 -1  3 -1 -3 -1  3  3 -5 -4 -3    4   8   7   2   2   3   2   3   1   0   5  19   1   1   2  20  18   0   0   1  0.37 0.34
  159 P    2  0 -1 -2 -4  0 -1 -1  1 -2 -2  0  1 -2  4  1  0 -4 -2 -1   23   4   2   2   0   5   2   5   3   1   3   5   4   1  18   9   7   0   1   3  0.30 0.27
  160 S    1  1 -1 -1  1  0  0 -2  0 -2 -2  0  0 -2  3  2  0 -4 -3 -1   11   8   3   2   4   4   5   2   2   2   2   5   3   1  17  17   6   0   0   5  0.26 0.24
  161 N   -2 -1  0 -4  1 -2 -2 -2  0  1  3 -2  1 -1 -4 -2  1 -4 -3  2    2   3   5   0   3   2   3   4   2   9  30   2   3   3   0   2  10   0   0  16  0.28 0.24
  162 F   -2 -6 -6 -6 -6 -6 -6 -6  1 -1 -1 -2  2  8 -1 -5 -5  2  3 -2    3   0   0   0   0   0   0   0   3   3   5   3   5  58   3   0   0   3   7   3  1.62 0.73
  163 M    0  0  0 -1  2  0 -1 -1  0  1  1  0  2  0 -3  0  0 -3  1  0   10   6   4   4   5   4   4   3   3   8  13   4   7   4   0   6   4   0   7   5  0.05 0.09
  164 K    0  0  0  0  2  0  0 -1  1  0 -1  0  1  0  0  0  0 -2  1  0    5   5   5   5   5   5   5   5   5   5   5   5   5   5   5   5   5   0   5   5  0.03 0.05
  165 F    0 -1 -4 -1  3 -1 -1 -2 -3  2  2 -1  1  3 -4 -1 -1  3  1  0    7   3   0   3   6   3   3   3   0  11  21   3   4  12   0   3   4   4   4   4  0.23 0.21
  166 E    0  0  0  0  2  0  0 -1  1  0 -1  0  1  0  0  0  0 -2  1  0    5   5   5   5   5   5   5   5   5   5   5   5   5   5   5   5   5   0   5   5  0.03 0.05
  167 K    0  2  1 -1 -1  1 -1  1  2 -1 -2  2 -1 -3 -1  0  0 -2 -3  0    7  10   6   3   1   6   3  13   5   3   3  13   1   1   2   8   5   0   1   9  0.15 0.16
  168 D   -2 -2  2  6 -3 -3  1 -1  0 -4 -5  0 -6 -4 -2  0  0 -6 -3 -4    4   2  10  40   1   1  10   4   2   1   1   5   0   1   2   8   6   0   1   1  0.85 0.54
  169 E    0  0  0  1  3  0  2  1  0 -2 -2  1 -4 -3  2  1 -1 -3 -3 -3    6   6   5   8   5   4  13   9   3   2   4   9   0   1   9  10   3   0   1   2  0.20 0.20
  170 A    0 -1  1  0  0 -1  0 -1  2 -1 -1 -1 -1  0  1  1  2 -1  1 -2    7   2   7   5   2   3   5   4   4   3   7   4   1   4   7  11  14   1   6   2  0.10 0.14
  171 G   -1  0  0 -1 -3 -3 -2  5 -1 -6 -4 -2 -5 -6 -2  2 -1 -6 -3 -3    4   5   4   4   1   1   3  49   2   0   2   3   0   0   2  13   4   0   1   2  0.88 0.54
  172 R   -1  4 -1 -2  2 -1 -2 -2 -1 -1 -1  1 -2  1  0  0  0 -1  2 -1    4  24   3   2   5   2   2   3   1   3   6   7   1   7   4   7   6   1   7   3  0.28 0.25
  173 I   -2 -6 -4 -1 -2 -4 -3 -6  0  5 -1 -4 -1  1 -3 -4 -2 -6 -3  5    4   0   1   4   1   1   2   0   2  31   4   1   2   5   1   2   3   0   1  36  0.97 0.55
  174 A    0 -1  1  1 -2 -1  0 -2 -1 -5 -3 -1 -5 -3  0  3  4 -6 -3 -1    8   4   7   6   1   2   6   2   1   0   2   4   0   1   5  23  23   0   1   4  0.42 0.39
  175 I    0  2 -3 -3  1 -1 -3 -1 -1  2  0  0  0  2 -2 -1 -1 -3  1  1    7  12   1   1   3   3   1   5   1  15  10   5   2  10   2   4   4   0   6  10  0.16 0.17
  176 L    0 -1  1  3 -2  1  1 -2  2 -1  1 -1  1 -1 -1  0 -2 -4 -1  0    7   3   6  15   1   7  10   2   5   3  13   3   4   3   3   5   2   0   2   6  0.15 0.17
  177 P    1  0  0  1 -1  2  1 -3  1 -2 -1  1  1 -3  1  1  0 -5 -2 -1   14   4   3   8   1   8   8   1   3   2   5  10   3   1   6  11   5   0   1   5  0.15 0.18
  178 F   -4 -6 -2 -7 -6 -3 -3 -7 -6  1  1 -4  1  8 -7 -4 -3  2  1 -1    2   0   3   0   0   1   2   0   0   8  15   1   3  50   0   2   2   2   4   4  1.45 0.72
  179 Y   -2 -2 -3 -4 -1 -2 -1 -4 -1  2  0 -2  2  4 -3 -2 -2  6  4  1    3   3   1   1   2   2   4   1   1  12   7   3   5  15   1   3   2  11  12  10  0.54 0.36
  180 L    0  0  2  1 -1  1  1 -3  0 -3 -1  1 -1 -2 -2  0 -1  5  0 -2    9   6  11   9   1   6   7   2   3   1   8  10   1   2   2   5   3   8   4   2  0.23 0.23
  181 Y   -2 -1  1 -1 -1 -2 -3 -3  2 -2 -2  0  2  3 -5  0  0  3  6 -2    3   3   6   3   2   1   2   2   5   2   4   5   4  13   0   6   6   4  25   3  0.57 0.42
  182 V   -2 -2 -3 -2  1 -2 -3 -3 -1  1  1 -3  0  0 -6 -3 -2  9  1  2    3   3   2   2   2   2   2   3   2   7  12   2   2   4   0   2   3  29   4  14  1.03 0.61
  183 M   -1  1 -1 -1  1 -1 -1 -2  2  2  0  0  4  0 -2 -1  0  1  0  1    4   8   4   3   3   2   3   3   5  11   8   5  13   4   2   3   5   2   3   9  0.14 0.16
  184 R    0  1  2  0  0  1  0  0  1 -1 -1  1  0 -1 -1  0  0 -3  0 -1    6  10   9   5   3   7   6   6   4   3   7  10   2   2   3   6   7   0   3   3  0.08 0.10
  185 T    0  0  0  0  2  0  0 -1  1  0 -1  0  1  0  0  0  0 -2  1  0    5   5   5   5   5   5   5   5   5   5   5   5   5   5   5   5   5   0   5   5  0.03 0.05
  186 V   -1 -2  3 -1  3 -1 -1 -2  1  0  0  0  1 -1 -1 -1  0  2  1  1    5   2  12   3   6   3   4   4   3   5   8   6   3   3   3   6   6   3   5  11  0.12 0.12
  187 S   -1  0  0  0  2  0  0 -1  2  0 -1  0  2  1  0 -1  0  4  1 -1    5   5   5   5   5   5   5   5   5   5   5   5   5   5   5   5   5   5   5   5  0.09 0.08
  188 L   -1  0  0  0  2  0  0 -1  2  0 -1  0  2  1  0 -1  0  4  1 -1    5   5   5   5   5   5   5   5   5   5   5   5   5   5   5   5   5   5   5   5  0.09 0.08
  189 T   -1 -1  0  4  2  0 -1 -2  1  0 -1 -1  1 -1 -1 -2  1  2  0 -2    4   3   4  22   4   4   4   3   3   5   6   4   3   3   3   4   9   2   4   4  0.27 0.21
  190 Q    0  0  0  0 -2  1  0  0  1  0 -1  0  1  0  1  0  0 -2  1  0    6   6   5   6   0   5   6   6   5   6   6   6   5   5   6   6   6   0   5   6  0.03 0.06
  191 A    3  0 -1  0  1 -1 -2 -3  0 -1  0 -1  0 -2 -1  1  2 -1  0  0   23   5   3   6   3   2   3   2   2   3   9   3   2   2   3   9  11   1   3   5  0.15 0.18
  192 R   -1  5 -2 -3 -1  0  0 -4  0  0  0  0 -1  0 -5  1  1 -5  0 -3    6  28   2   1   1   4   6   1   2   5  10   5   1   3   0   9   9   0   4   2  0.39 0.32
  193 I   -1  2 -2 -4  0  2 -2 -3  0  3  0  0  0  3 -1 -2 -2  1  0  0    5  12   2   0   2   9   2   2   2  17  10   5   2  11   3   3   2   2   2   7  0.25 0.22
  194 D    0 -1  0  0  0 -1  0 -1 -1  1  0 -2  1  4 -2 -1  0  0  0 -1    7   3   5   6   2   3   6   6   2   9   9   3   3  16   2   5   6   1   3   4  0.13 0.10
  195 M   -2 -2 -2 -5 -4 -1 -2 -5  0  1  3 -2  3  4 -1 -2 -1  1  1  1    2   3   2   0   0   3   3   0   3   7  27   2   7  17   3   3   3   2   5   8  0.40 0.31
  196 S   -1  0  0 -1  1  0 -1  0  3  0 -1 -1  1  1  0  1 -1  2  2 -2    5   5   5   4   3   4   5   6   7   5   6   3   4   5   4  13   4   3   6   3  0.11 0.11
  197 E    0  0  0 -2  2  0  0 -1 -2  0 -1  0  1  1  0  0  0  3  1  0    6   6   5   0   5   5   6   6   0   6   6   6   5   5   6   6   6   5   5   6  0.06 0.11
  198 L   -2 -2 -2 -3 -1 -2 -2 -3  0  0  4 -2  0  1 -3 -2 -1  1  5  0    3   3   2   1   2   1   2   3   2   5  34   2   2   6   1   2   4   1  19   5  0.54 0.40
  199 D    0  0  0  5  0 -1 -2 -2 -1 -3 -3  2  1 -2 -3  0  1 -6 -2 -3    7   4   4  32   2   2   2   2   1   1   2  14   3   1   1   8  10   0   1   2  0.53 0.43
  200 E    0  1 -1 -1  0  3  0 -1  0 -1 -2  1 -1 -2  1  1  0 -4 -1  0    6   8   3   3   2  13   6   5   2   3   4   9   2   1   8  11   6   0   2   6  0.14 0.18
  201 D   -1  0  0  2  1  0  0  1  0 -2 -2 -1  0 -1  4  0  0 -4 -1 -2    5   4   4  12   3   5   4  10   2   3   3   4   3   3  19   6   5   0   2   2  0.25 0.24
  202 S   -1  1  1  1  0  0  0  2  1 -1 -2  0  0  0  0  0  0 -3  0 -2    4   8   8   8   3   4   5  17   3   3   4   5   3   4   4   8   4   0   3   3  0.10 0.13
  203 D    0  0  0  0  2  0  0 -1  1  0 -1  0  1  0  0  0  0 -2  1  0    5   5   5   5   5   5   5   5   5   5   5   5   5   5   5   5   5   0   5   5  0.03 0.05
  204 G   -2 -1  3  1 -1 -1 -1  4  0 -3 -2  0 -4 -2 -2  0 -1  0  0 -2    3   3  14   9   1   3   4  27   2   2   4   7   0   2   2   8   3   1   4   3  0.34 0.29
  205 F   -3 -1 -2 -3  2 -2 -3 -2  1 -1  1 -1  0  3 -3 -1 -1  3  6 -1    2   4   2   2   4   2   2   3   3   4  11   4   2  10   2   6   4   4  25   4  0.50 0.37
  206 L   -2 -4 -2 -2  0 -2 -2 -3  0  3  4 -2  1  0 -5 -2 -1 -4 -1  0    2   0   2   3   2   2   2   2   2  18  40   2   2   3   0   3   4   0   2   6  0.49 0.36
  207 H   -1  0  1  1  0  0  0 -2  1  0  0 -1  0  0 -1  1  2 -3  1  0    3   4   6   8   2   4   6   2   4   6   8   3   2   4   2   9  15   0   5   6  0.08 0.13
  208 S   -1  0  0  0 -3  0  0 -1  2  0 -1  0  1  0  0  0  0  3  1  0    5   5   5   5   0   5   5   5   5   5   5   5   5   5   5   5   5   5   5   5  0.06 0.08
  209 D   -1 -1  0  3  1  0  2 -1  2 -1 -2  1  1 -1 -1  0  0 -4  0 -1    4   3   4  17   3   4  16   3   4   3   3   8   4   3   3   8   4   0   3   4  0.19 0.21
  210 E    0  0  0  0  2  1  0  0  2  0 -1  0 -1  0 -2  0  0  3 -1  0    6   6   6   6   6   6   6   6   6   6   6   6   0   6   0   6   6   6   0   6  0.06 0.10
  211 M   -4 -2 -3 -6  0 -6 -6 -6 -5  0  3 -6  3  6 -6 -2 -3  3 -1 -1    2   2   2   0   2   0   0   0   0   5  27   0   8  37   0   3   2   3   2   4  1.13 0.58
  212 E   -1  1 -1 -1 -1 -1  4 -3  0  0 -1  2  1 -1 -2 -1 -1  0  0 -1    4   7   2   3   2   2  27   2   2   6   6  14   4   2   1   4   3   1   4   4  0.29 0.27
  213 S    0  0  1  0 -1  0  1 -2 -1 -2 -2  1  0 -3  5  0 -1 -5 -2 -1    7   4   8   5   1   5   9   3   2   2   4   7   2   1  25   6   3   0   1   4  0.36 0.29
  214 Y   -3 -3 -3 -3 -5 -5 -3 -4  0  1  2 -5  3  4 -2 -3 -2  2  5  1    2   1   1   1   0   0   2   1   2   7  17   0   7  17   2   2   2   3  21   8  0.69 0.43
  215 I   -1 -2 -5 -5  1 -4 -5 -2  0  4  2 -2  2  0 -5 -2 -1 -4  1  2    4   3   0   0   3   0   0   3   2  24  21   3   5   3   0   3   3   0   5  17  0.49 0.33
  216 G   -1  2  0 -1  1  1  1 -2  1 -1 -1  2  1 -1 -3  0  0  1 -1 -1    5  10   5   3   4   7  12   3   3   3   5  14   4   2   0   5   5   2   2   4  0.13 0.15
  217 G    1 -1  0  3  0  0  2  0  0 -2 -3 -1  0 -1 -1  0  0 -4  0 -2   11   3   3  18   2   4  17   6   2   3   2   3   2   3   2   6   6   0   4   3  0.20 0.20
  218 L   -3 -1 -2 -3 -4 -1 -1 -3 -2  2  3 -1  0  0 -3 -1 -2  0  0  2    1   3   2   1   0   3   4   2   1  11  35   4   2   3   1   4   2   1   3  14  0.36 0.27
  219 I    0 -4 -1 -4  1 -3 -1 -2  1  3  2 -4  2  0 -4 -1  0 -4  1  2    8   0   4   0   4   0   4   4   4  16  17   0   5   4   0   4   5   0   4  16  0.27 0.22
  220 P    0  0  0  0  2  0  0 -1  1  0 -1  0  1  0  0  0  0 -2  1  0    5   5   5   5   5   5   5   5   5   5   5   5   5   5   5   5   5   0   5   5  0.03 0.05
  221 N   -1  0  2  1 -1  0  0  1  0 -3 -2 -1 -1 -1 -3  2  3 -5 -1 -2    4   5  11   6   1   4   6  10   2   1   3   4   2   2   1  14  17   0   2   3  0.24 0.25
  222 L   -3 -1 -1 -1  1 -2 -2 -2  4  0  4  0  1  0 -7 -2 -1 -7  0  0    3   3   3   3   3   2   3   3  10   5  32   6   3   3   0   3   5   0   3   6  0.46 0.28
  223 A    0  0  0  0  2  0  0 -3  0  0 -1  0  0 -2  4 -1 -1  0  0 -2    7   6   4   5   4   5   7   3   2   6   5   5   2   2  20   4   5   1   3   3  0.24 0.21
  224 Q    0  0 -2 -1  0  4 -1  0  0 -2 -1 -2 -1  3 -1  0  0  1 -2 -2    9   6   2   3   2  16   5   7   2   2   7   3   2  10   4   8   6   2   1   3  0.21 0.20
  225 L   -1  0  0  0  2  0  0 -1  2  0 -1  0  1  0 -3  0  0  3  1  0    5   5   5   5   5   5   5   5   5   5   5   5   5   5   0   5   5   5   5   5  0.06 0.10
  226 R   -1  0  0  0  2  0  0 -1  2  0 -1  0  2  1  0 -1  0  4  1 -1    5   5   5   5   5   5   5   5   5   5   5   5   5   5   5   5   5   5   5   5  0.09 0.08
  227 D   -1  0  1  3  0  0  2  0 -1 -3 -4 -1  0  4 -2  0 -2 -4  0 -2    4   4   6  17   2   3  13   9   1   2   0   4   2  16   1   7   2   0   3   3  0.30 0.29
  228 M    1 -2  0 -1  0  0 -2 -3 -1  1  3 -2  4 -1 -5 -2  0 -5 -2 -1   12   2   4   4   2   5   3   2   2   8  28   2  10   2   0   3   6   0   2   3  0.30 0.28
  229 P    0 -1  0  1 -4  1  2 -1  0 -2 -2  0  0 -1  2  1  0 -4  0 -2    9   3   4   9   0   7  13   4   3   2   4   5   3   2  12   9   5   0   3   3  0.19 0.20
  230 P   -1 -1 -1  1  1  0  0 -3  0 -2 -3  1  0 -1  4  0 -1  2 -1 -1    6   4   3   8   3   4   7   3   3   3   3   8   3   3  20   7   5   3   3   4  0.26 0.24
  231 A    0 -1  2  1 -6  1  2 -1  1 -1 -2 -1  1 -1  0  0 -1  2  1 -1    8   3   8   8   0   5  14   6   3   3   3   3   3   3   4   8   4   3   5   4  0.16 0.17
  232 F   -3 -2 -3 -1  0 -2 -1 -3 -1 -3 -1 -3  1  8 -8 -2 -3 -7  2 -3    3   2   2   4   2   2   5   2   2   2   7   2   3  48   0   4   2   0   6   2  1.31 0.67
  233 N   -2  0 -2 -3  0  4 -1 -2  6 -1  0  0  1 -2  0 -1 -3  1  0 -1    4   5   2   2   2  17   4   3  16   4   8   6   3   2   5   4   2   2   3   5  0.46 0.33
  234 Q   -2 -1  1  2  1  2  1 -2  1 -1 -3  0  1 -1  0  1  0 -6  0 -1    3   4   5  13   3   8  10   4   3   4   3   5   3   3   5  11   6   0   3   4  0.17 0.17
  235 M   -1  0  0  0  2  0  0 -1  2  0 -1  0  2  1  0 -1  0  4  1 -1    5   5   5   5   5   5   5   5   5   5   5   5   5   5   5   5   5   5   5   5  0.09 0.08
  236 Y   -2 -2  1  1  3 -1  0 -3 -2  0  0  0 -1  1  1 -2 -2  4  2  0    1   0   8   8   8   0   8   1   0   8   8   8   0   8   8   1   0   8   8   8  0.16 0.14
  237 C    1 -1 -4 -2  3 -2  0 -3 -4  3  0 -2 -1 -1 -3  0 -1 -1 -2  3   14   4   0   2   7   1   6   1   0  15   9   2   1   3   1   7   2   1   1  22  0.29 0.25
  238 R    0  2 -1  1  5  1  2 -2  0  0 -1 -1 -3 -1 -2 -1  0  0 -1 -1    7  12   3   7  13   5  16   2   2   5   5   2   0   2   1   4   6   1   2   3  0.25 0.23
  239 I   -2 -2 -1 -2  2 -2 -1 -2  2  2 -2 -2  1  1 -2 -1  4 -4  2  0    2   3   2   1   4   1   4   3   5  11   3   2   3   5   2   5  30   0   7   6  0.37 0.33
  240 A    3 -2 -1 -4  0  0 -2  0 -4  1 -1 -4 -3 -4 -4 -2 -1 -5  0  4   23   3   3   0   2   4   2   6   0   7   5   0   0   0   0   2   3   0   3  34  0.49 0.39
  241 S    1 -2 -1 -2  2 -1  1 -2 -1  3  0 -3 -1 -1 -2 -1  1 -4 -1  2   14   2   3   2   4   2  12   2   1  18   6   0   1   2   2   5   8   0   2  15  0.19 0.21
  242 Q    1  3  2 -2  0  0  0 -2  0 -1 -1  1  0 -1 -1  0  0 -4  0 -1   10  19   9   1   2   4   6   2   2   3   5   6   2   3   2   8   6   0   4   4  0.16 0.18
  243 K   -2  4  0 -2  2  0 -2 -4 -3 -1 -1  4  1 -1 -1 -1 -2 -5 -1 -2    3  26   4   2   4   3   2   0   0   3   8  23   4   2   3   5   2   0   3   3  0.48 0.37
  244 F   -2 -3 -5 -1  1 -4 -3 -3 -1  5  2 -3 -1  4 -3 -2 -2 -4 -1  1    2   2   0   3   3   0   1   2   2  30  16   2   1  19   1   3   2   0   1   9  0.59 0.37
  245 F   -1  0 -2  0  2  0  0 -1  2  0 -1  0  1  0  0  0  0  3  1  0    5   5   0   5   5   5   5   5   5   5   5   5   5   5   5   5   5   5   5   5  0.06 0.10
  246 F   -2 -5 -2 -5  0 -5 -2 -2  1 -1 -1 -5  0  5 -6 -2 -2  6  6 -2    3   0   3   0   2   0   3   3   3   3   6   0   3  25   0   3   3  10  27   3  1.04 0.58
  247 F   -1  0  0  0  2  0  0 -1  2  0  0 -1  1  3 -1 -1 -1 -2  2 -1    4   4   4   7   4   4   5   4   5   4  10   3   3  14   3   5   4   0   7   4  0.08 0.12
  248 C    0 -3 -1 -1  3 -1 -1 -2  1  1  1 -1  2  0 -1 -1 -1 -3  0  2    6   0   3   3   6   3   3   3   4   7  16   4   5   4   3   4   4   0   3  17  0.11 0.14
  249 D   -2 -2  4  6  2 -1 -1 -1 -1 -2 -3 -2 -1 -7 -1 -1 -2  1 -7 -3    4   3  16  36   3   3   4   5   1   3   3   2   1   0   4   5   3   2   0   2  0.84 0.51
  250 P   -3  4 -2 -2  1 -1 -3 -2  2 -2 -3  0 -7 -2  4  1  0 -8 -2 -3    3  22   2   3   2   3   2   4   4   3   3   5   0   2  22   9   6   0   2   2  0.62 0.45
  251 H   -2  1  1 -1  3  1 -1 -1  1  0  1  0  2  0 -2  1 -1  2  1 -1    4   6   6   4   6   5   4   5   3   5  12   5   4   4   2  11   3   3   4   4  0.09 0.09
  252 R   -2  3  1  0  2  1 -1  0  2 -1 -2  1  0 -1 -1 -1 -1  5  0 -1    4  14   5   5   3   7   3   8   5   3   3   7   3   3   3   5   4   7   3   4  0.23 0.19
  253 R   -1  0  0  0  2  0  0 -1  2  0 -1  0  2  1  0 -1  0  4  1 -1    5   5   5   5   5   5   5   5   5   5   5   5   5   5   5   5   5   5   5   5  0.09 0.08
  254 G   -2  1  1  0  1  1 -2  4  1 -6 -2  0 -6 -1 -1 -2 -1  3  0 -2    4   6   6   5   3   6   3  26   3   0   5   6   0   3   4   4   4   4   3   3  0.34 0.26
  255 R   -2  4 -1 -1  0 -1 -3 -2  1 -2 -2  4  0  0 -3 -2 -2  1 -1 -2    4  23   4   3   2   3   2   3   4   2   4  24   2   4   2   3   3   2   3   3  0.58 0.36
  256 A   -1 -5 -2 -5  1 -2 -2 -3 -5  5  1 -2  2  0 -5 -2 -2 -5  0  1    6   0   3   0   3   2   3   3   0  35  14   3   5   4   0   4   3   0   3  10  0.59 0.37
  257 C   -1  1  0 -1  2  0  0 -2  1 -2 -1 -1 -1 -1  0  1  3  1  0 -1    3   7   5   3   4   3   7   3   4   2   5   4   2   3   4  10  23   2   3   4  0.20 0.22
  258 I   -1  0 -2  0  2  0  0 -1  2  0 -1  0  1  0  0  0  0  3  1  0    5   5   0   5   5   5   5   5   5   5   5   5   5   5   5   5   5   5   5   5  0.06 0.10
  259 K    0  2  0  1  0  1  1 -1  2 -2 -2  1  0 -1  0  0  0 -3 -1 -1    7  13   4   8   2   6   8   5   5   3   3   8   2   3   5   7   6   0   2   3  0.12 0.13
  260 K    0  0  1  0  2  1  0  0  2 -2 -1  0  1 -2 -2  0  0 -2  1  0    6   6   6   6   6   6   6   6   6   0   6   6   6   0   0   6   6   0   6   6  0.07 0.12
  261 I   -1 -2 -4 -4  0 -3 -2 -2  0  2  3 -2  3  3 -4 -1 -1  1  0  1    5   2   0   0   2   0   2   3   2  15  25   3   7  12   0   4   4   2   2   7  0.32 0.26
  262 L   -1  2 -1 -1  1  0 -1 -2 -3  0  2  0  1  0 -3 -1  0  2  0  0    4  11   3   4   3   3   4   3   0   6  23   7   3   4   0   4   5   3   3   6  0.11 0.15
  263 L    0  2  0 -1  1  0  0 -1  2 -1  0  1  0 -1 -1  0  0 -3  0 -1   10  13   4   3   3   5   4   3   6   3   8   8   3   3   3   8   5   0   3   4  0.07 0.10
  264 S   -1 -1 -1  0  3 -1 -1  0  1 -2 -2 -1  0 -1 -1  4  0 -4 -1 -1    4   3   3   4   5   3   3   7   3   3   3   3   3   3   3  32   4   0   3   3  0.23 0.34
  265 N    0  0  0  0  2  0  0  0  1  0 -1  0  1  0  0  0  0 -3 -1  0    5   5   5   5   5   5   5   5   5   5   5   5   5   5   5   5   5   0   0   5  0.00 0.07
  266 C   -2 -1 -2 -2  0 -2 -2 -3 -3  1  3 -2  0  4 -2 -2 -1 -3  1  1    2   3   2   2   2   2   2   2   0   6  27   2   2  20   2   3   4   0   3   8  0.26 0.30
  267 L   -1 -1 -3 -1  1 -2 -1 -2  1  1  2 -1  1  1  0 -1 -1  2  0  0    4   3   0   3   3   0   3   3   4  10  24   3   4   8   4   3   3   3   3   6  0.10 0.18
  268 Q    0  0  0  2 -3  1  1 -1  2 -1 -1  1  0 -1  0  0 -1 -3  0 -1    7   3   3  12   0   7   7   4   6   4   5   8   4   3   4   8   3   0   3   4  0.05 0.12
  269 E    1 -1  0  0  0  0  1 -1  0  0 -1 -1  0 -1 -1  0  0  0  0  1   12   3   4   4   2   5  13   3   2   6   3   3   3   2   2   7   7   2   2  10  0.02 0.12
  270 L   -3 -3 -2 -3  0 -2 -3 -3  0  2  3 -3  4  3 -7 -7 -3  5  0 -1    2   2   2   2   2   2   2   2   2  11  29   2   9  10   0   0   2   6   3   5  0.64 0.41
  271 M   -1  1  0 -1  2  2 -1 -2  1  0  0 -1  1  0 -1 -1 -1  2  1 -1    6   7   5   4   5   8   4   3   4   6   9   4   4   4   3   4   3   3   4   5  0.03 0.09
  272 E   -1  0  0  0  2  0 -1 -1  2  0 -1  0  2  0  0 -1  0  3  1 -1    5   5   5   5   5   5   5   5   5   5   5   5   5   5   5   5   5   5   5   5  0.03 0.09
  273 L    0  0  0 -2  2  1  0 -2 -1  0  0  0  1  1 -2  0  0 -2  1  0    6   6   6   0   6   6   6   0   0   6   6   6   6   6   0   6   6   0   6   6  0.02 0.12
  274 H    0  0  0  0  2  0  0 -1  1  0 -1  0  1  0  0  0  0 -2  1  0    5   5   5   5   5   5   5   5   5   5   5   5   5   5   5   5   5   0   5   5  -0.00 0.06
  275 Q    0  0  0  0  2  0  0 -1  1  0 -1  0  1  0  0  0  0 -2  1  0    5   5   5   5   5   5   5   5   5   5   5   5   5   5   5   5   5   0   5   5  -0.00 0.06
  276 E   -1 -1 -1  0  0  0  3 -1  0  0 -1  0  0 -1 -2  0 -1  2 -1 -1    6   3   2   5   2   3  25   6   2   5   5   5   3   3   2   7   4   3   2   3  0.13 0.22
  277 S    0  0  0  0  2  0  0  0  1  0 -1  0 -1  0  0  0  0 -2  1  0    5   5   5   5   5   5   5   5   5   5   5   5   0   5   5   5   5   0   5   5  0.00 0.06
  278 E    0 -1  0  0  0  0  1 -1  1  0  0  0  0 -1  0  0  0  2  0 -1    6   3   5   6   2   3  10   5   3   5  10   5   3   2   5   6   5   3   3   4  0.00 0.04
  279 E   -1  0  0  1  1  0  2  0  1 -1 -1  0  0 -1  1  0  0 -3  0 -1    4   4   5  10   3   5  13   6   3   3   4   4   3   3   5   5   7   0   3   4  0.05 0.12
  280 E    0  0  0  0  2  0  0  0 -1  0 -1  0  1  0  0  0  0 -2  1  0    5   5   5   5   5   5   5   5   0   5   5   5   5   5   5   5   5   0   5   5  -0.00 0.06
  281 V   -1 -1  0 -1  1  0  1 -1  2  0  0 -1  1 -1  0  0  0  1  0  0    5   3   5   4   3   3   9   4   5   6   9   3   4   3   5   7   7   2   3   6  -0.00 0.05
  282 T    0 -1  0  0  0  0  0 -1 -1  0  0 -1  0 -1  2  1  0  1  0  0    6   3   4   4   2   5   6   4   1   6   8   3   2   3   9  12   5   2   3   7  0.02 0.08
  283 D   -1 -1  0  4  0  0  1 -1  0 -2 -2  2 -1 -1 -1  0 -1 -4 -3 -2    3   2   4  25   2   4   8   4   2   2   3  13   2   3   3   7   3   0   0   3  0.23 0.29
  284 T    0  0  0  1  0  0  1 -1  0  0 -1  0  1  0  0  0  0 -3 -2 -1    6   4   3  11   3   3  12   3   3   8   5   3   5   4   4   7   6   0   0   4  0.02 0.11
  285 E    0  0  0  0 -2  0  0  0  1  0 -1  0  1  0  0  0  0 -2  1  0    5   5   5   5   0   5   5   5   5   5   5   5   5   5   5   5   5   0   5   5  0.00 0.06
  286 Q   -2  0  0 -1  1  4  0 -2  2 -1 -1  1  0 -1 -1  0 -1  2  0 -2    4   4   4   3   3  17   5   3   5   4   7   8   3   3   4   7   3   2   3   3  0.16 0.23
  287 A   -1  0  0  0  2  0 -1 -1  2  0 -1  0  2  0  0 -1  0  3  1 -1    5   5   5   5   5   5   5   5   5   5   5   5   5   5   5   5   5   5   5   5  0.03 0.09
  288 E   -1  0  0 -1  2  0 -1 -2  1 -1  0 -1  1  0 -1  0  2  2  1 -1    6   5   5   3   4   4   3   4   3   3  11   4   4   3   4   6  13   2   4   4  0.04 0.11
  289 N   -1  0  0  0 -3  0  0 -1  1  0 -1  0  1  0  0  0  0  3  1 -1    5   5   5   5   0   5   5   5   5   5   5   5   5   5   5   5   5   5   5   5  0.02 0.09
  290 W   -1  2 -2 -3  0  0 -1 -2  2 -2 -1 -2 -1  2  0 -3 -2  6  3  0    4  11   2   2   2   5   5   3   5   2   5   2   1  10   4   2   2  13  10   6  0.38 0.32
  291 F   -4 -4  0 -4  2  1 -4 -4  2  0  0 -4  2  5  1 -1 -1 -3  3 -3    1   0   5   0   4   8   0   1   5   5   8   0   5  30   7   4   4   0   9   0  0.56 0.40
  292 S    0  0  0  0  2  1  0  0  2  0 -1  0  1  0  0  0  0 -2  1 -2    6   6   5   6   5   5   6   6   5   6   6   6   5   5   6   6   6   0   5   0  0.05 0.09
  293 L    1 -1 -1 -2  1  1 -1 -1  1 -1  0  0  1  0  1 -1 -1  2  3 -1   12   3   3   3   3   5   4   4   4   4   9   7   4   4   6   5   3   3  11   5  0.13 0.12
  294 T    0  0  0  0 -2  1  0  0  1  0 -1  0  1  0  1  0  0 -2  1  0    6   6   5   6   0   5   6   6   5   6   6   6   5   5   6   6   6   0   5   6  0.03 0.06
  295 S   -1 -1  3 -1  0  0  2 -3  3 -1 -1  0 -4 -1 -4  2  0 -5  0 -2    4   4  12   2   2   4  15   2   7   4   8   4   0   2   0  19   5   0   3   3  0.28 0.29
  296 A    2 -2 -1 -4  1 -2 -2 -3  0  3 -1 -2  2  4 -2 -1  1 -4 -1  1   17   2   3   0   3   2   2   2   2  14   5   2   5  17   2   3   8   0   2   9  0.33 0.28
  297 Q   -1  1  0 -2  0  2  1 -2  0  0  0  0  2 -1 -2 -1 -1  2  2  0    4   6   4   3   2   9   8   3   2   5  10   5   5   3   3   6   3   3   7   6  0.05 0.12
  298 R   -1  0  0  0  2  0  0 -1  1  0 -1  0  1  0 -3  0  0  3  1  0    5   5   5   5   5   5   5   5   5   5   5   5   5   5   0   5   5   5   5   5  0.03 0.10
  299 I    0 -2  0 -2  1 -1 -2 -4 -3  3  2 -3  1  1 -3 -1  0  1  1  2    6   2   5   2   3   3   3   0   0  19  19   0   2   5   0   3   6   2   5  13  0.20 0.20
  300 C   -2  0 -1 -2  3 -1 -2 -2  2 -1 -1 -1  0  1 -2 -3 -2  2  7 -2    3   5   3   2   7   2   3   3   4   3   7   4   2   4   2   0   3   2  38   2  0.68 0.46
  301 D    0  0  1  0  2  1  0  0  2  0 -1  0 -1 -2 -2  0  0 -2  1  0    6   6   6   6   6   6   6   6   6   6   6   6   0   0   0   6   6   0   6   6  0.05 0.09
  302 M   -1  0  0  0  2  0  0 -1  2  0 -1  0  1  0 -3  0  0  3  1  0    5   5   5   5   5   5   5   5   5   5   5   5   5   5   0   5   5   5   5   5  0.06 0.10
  303 F   -1 -2 -2  1 -2  1  1  0 -1  1  0 -1 -1  1 -2 -1  0  4  2  0    1   0   0   9   0   9   9   9   0   9   9   0   0   9   0   1   9   8   9   9  0.13 0.12
  304 L   -1  0  0  0  2  0  0 -1  2  0 -1  0  2  1  0 -1  0  4  1 -1    5   5   5   5   5   5   5   5   5   5   5   5   5   5   5   5   5   5   5   5  0.09 0.08
  305 A    0  0  1  0  1  2  2 -1  1 -1 -1  1  1 -1  0  0 -1 -3  0 -1    7   5   8   5   3   9  12   4   3   3   4   9   5   3   3   6   4   0   3   3  0.10 0.13
  306 L    0 -2 -2  0  2  1  0 -3  2  0  0  0  1  1  1  0  0  4  1  0    6   0   0   6   6   6   6   0   6   6   6   6   6   6   6   6   6   6   6   6  0.11 0.15
  307 D   -2 -2  1  7 -6 -2 -1 -3 -5 -2 -3 -2 -5 -1 -1  0 -1 -6 -1 -3    3   2   5  52   0   2   4   2   0   3   3   2   0   3   3   6   4   0   2   2  1.05 0.58
  308 K   -1  2  1  0  0  0  1  0  0 -2 -2  2  0 -1 -1  0  1 -4 -1 -2    4  11   7   6   2   3   9   6   2   3   4  15   2   3   2   6   9   0   2   3  0.15 0.15
  309 D   -5 -1  2  6  3 -1 -1 -2  1 -1 -3 -2 -5 -6 -2 -1 -1 -7 -6 -2    0   3   9  45   5   3   4   3   3   4   3   3   0   0   3   5   4   0   0   4  0.92 0.56
  310 M   -1  2  1  0  0  0 -1  0  6 -1 -1 -1  0 -1  0 -1 -1  1 -1 -2    5  10   7   6   2   3   4   7  19   4   5   4   3   2   5   3   4   2   2   3  0.29 0.25
  311 S   -1  1  2  5 -1 -1 -1 -1 -1 -3 -3  1 -1 -5 -2  1 -1 -5 -2 -2    4   7  11  30   1   2   2   4   1   2   3   9   1   0   2  13   3   0   1   3  0.48 0.38
  312 G   -2 -1  1 -2  0  0 -2  4  1 -1  1 -1  1  1 -4 -1 -1 -4  0 -2    2   3   8   2   2   4   2  31   3   3  13   3   4   7   0   3   5   0   3   2  0.32 0.27
  313 S   -2  1  0 -1  1  0 -2 -2  3  0  0  1  2  0 -2 -1  0  3  2  1    3   7   4   4   3   3   3   3   6   5  10   8   5   4   3   4   7   3   6   9  0.12 0.10
  314 L   -6 -7 -7 -1 -7 -1 -1 -2  1  5  3 -2  1  0 -1 -2 -1  3  0  0    0   0   0   3   0   3   4   4   3  24  23   3   3   4   3   4   3   4   3   6  0.56 0.31
  315 C   -2 -1  2  3  1 -2 -1 -2 -1 -5 -3 -1 -1  0 -1  3  2 -5 -1 -3    2   3  10  18   3   2   3   4   2   0   3   4   2   4   3  23  11   0   2   2  0.42 0.37
  316 K    0  3 -1 -2  1  2  1 -3 -1 -2 -1  3 -1 -1  1 -1 -1  0  0 -2    7  15   2   2   3   8   9   2   1   3   6  17   1   3   6   4   3   2   3   3  0.22 0.23
  317 Q   -1  0  1  1  0  2  2 -1  1 -1 -2  0  0 -1 -1  0  0 -3  0 -1    5   6   7   8   3   8  15   5   4   4   3   4   3   3   3   8   5   0   3   3  0.11 0.14
  318 E    0  0  0  0  2  0  0  0  1  0 -1  0 -1  0  1  0  0 -2  1  0    6   6   5   6   5   5   6   6   5   6   6   6   0   5   6   6   6   0   5   6  0.03 0.06
  319 L    0  0 -2 -2  3 -1 -2 -2 -2  1  0  0  2  1  1  0  0 -2  1  0    8   8   0   0   7   0   0   1   0   8   8   8   7   7   8   8   8   0   7   8  0.10 0.12
  320 K    0  1  0 -1  1  0 -1 -1  1  0  0  1  1  0 -1  0  0 -3  0 -1    9   6   4   3   4   5   3   3   4   5  13  10   4   3   3   8   4   0   4   4  0.03 0.07
  321 E    0  0  0  0  2  0  0 -1  1  0 -1  0  1  0  0  0  0 -2  1  0    5   5   5   5   5   5   5   5   5   5   5   5   5   5   5   5   5   0   5   5  0.03 0.05
  322 Y    0 -2  0  0  2 -2  0  0  2  0 -1  0  1  1  0  0  0  3  1  0    6   0   5   6   5   0   6   6   5   6   6   6   5   5   6   6   6   5   5   6  0.07 0.12
  323 A   -1  0  1  0  1  0  0  1  1 -1 -1  0  0  1  1  0  0 -3  1 -1    4   4  10   5   4   3   5  11   4   3   4   5   4   9   7   7   4   0   4   3  0.08 0.11
  324 D   -1  0  0  0  2  0  0 -1  2 -2 -1  0  1  0  0  0  0  3  1 -1    5   5   5   5   5   5   5   5   5   0   5   5   5   5   5   5   5   5   5   5  0.08 0.12
  325 G   -1 -1  0  0  1  1 -1  3  3 -1 -2 -1 -3  1 -1  0 -1  2  1 -2    4   3   4   5   3   8   3  21   9   3   4   4   0   5   3   7   3   3   5   3  0.18 0.20
  326 T    0  0  0  0  2  0  0 -1  1  0 -1  0  1  0  0  0  0 -2  1  0    5   5   5   5   5   5   5   5   5   5   5   5   5   5   5   5   5   0   5   5  0.03 0.05
  327 L   -1  0  0  0  2  0  0 -1  2  0 -1  0  2  1  0 -1  0  4  1 -1    5   5   5   5   5   5   5   5   5   5   5   5   5   5   5   5   5   5   5   5  0.09 0.08
  328 T   -3 -7  2 -2  2 -1 -2 -2  0 -2 -3 -3 -7 -2  1  3  5 -7 -1 -2    3   0   9   3   3   3   3   3   2   3   3   2   0   2   7  21  28   0   2   3  0.69 0.49
  329 E   -2  0  1  1  1  1  1 -2  2  0 -3  0  0 -1  3  0 -1  2  1 -2    4   5   6   7   3   5   8   4   4   6   3   5   3   3  15   6   4   2   5   3  0.19 0.18
  330 I   -1  3 -1 -1  1  0 -1 -2  0  0  0  0  2  0 -1 -1 -1  2  0  0    6  16   3   3   3   4   4   4   3   6   9   6   4   3   3   4   4   3   3   8  0.12 0.11
  331 F    1 -2 -4 -1  1 -3 -2 -1 -3  2  0 -2  1  5 -1 -1 -1 -3  0  1   10   3   0   4   3   0   3   4   0  10   6   3   4  27   3   4   3   0   2  11  0.33 0.28
  332 I   -1 -1 -1 -1  1 -1 -1 -2 -3  2  1 -1  1  0 -1 -1  0 -3  0  2    6   3   4   3   4   3   3   3   0  16  12   3   4   3   3   4   4   0   3  19  0.13 0.15
  333 E    0  1  0  3  0  1  2 -2  1 -1 -2  0  0 -1  0  0 -1 -4  0 -2    7   8   4  16   3   7  13   3   3   4   3   4   3   3   4   7   4   0   3   3  0.16 0.18
  334 R   -1  6 -1 -1  0  1 -1 -2  0 -2 -3 -1  0 -1 -1 -1 -1 -5 -1 -2    6  43   3   3   2   6   3   3   2   2   3   3   2   3   3   5   3   0   2   2  0.66 0.49
  335 V    0 -1 -1  0 -2  0 -1 -3 -2  2  1 -1  1  0 -3  0  0  2  0  2    5   4   3   5   0   3   5   0   0  17  10   4   3   4   0   8   5   3   4  16  0.09 0.12
  336 F    0 -2  1 -2 -2 -1  0  0  2  0  0 -2  2  1 -3 -1  0  4  2  0    8   0   7   0   0   0   8   8   7   8   8   0   7   7   0   1   8   7   7   8  0.12 0.14
  337 D    0  0  0  2  1  1  2 -1 -2 -1 -1  0  0  0  0  1  0 -3 -2 -2    6   5   4  10   3   8  16   4   0   4   4   4   4   4   5  12   6   0   0   1  0.13 0.14
  338 E   -1  0 -1 -1  1  1  1  3  2 -1 -2  0  0 -1  0  0 -1  1 -1 -1    3   4   3   3   4   7  11  22   5   4   3   4   2   2   4   7   3   2   2   5  0.14 0.14
  339 H    1 -1  0 -1  4  0 -1 -1  3  0 -1 -1  0  0 -2  0 -1  0  2  0   12   3   6   3   9   4   3   4   8   6   6   4   3   4   2   6   3   1   8   6  0.13 0.13
  340 V    0 -2 -2 -2 -1  0 -2  2 -1  1  0 -1  1 -2  1 -1 -1 -4 -1  2    8   2   2   2   1   5   2  16   1   7   9   4   4   2   7   4   2   0   2  18  0.16 0.14
  341 R   -1  3 -1 -1 -1  0 -2 -2 -1  0 -1  1  0 -1 -1  0  3 -4 -1 -1    4  18   3   3   2   3   2   3   2   4   7   9   2   3   4   5  19   0   2   4  0.24 0.20
  342 R   -1  5 -1 -1  0 -1 -2 -2  1  0 -3  1  1  0  0 -2 -2  1  3 -1    5  27   3   3   2   3   3   3   3   5   3   7   4   4   6   3   3   2   8   4  0.43 0.27
  343 G   -1  0  1  0  0  0 -1  2  0 -1 -1 -1  1  1 -1  0  0  3  0 -1    5   5   7   4   2   4   3  15   2   4   6   4   3   6   4   7   7   4   3   4  0.10 0.09
  344 K   -1  2  0 -1  1  0 -1 -1  1 -1 -1  2  0  1  0 -1  0  2  0 -1    5  10   4   4   3   4   4   4   3   4   6  14   3   6   5   5   6   3   3   4  0.12 0.11
  345 I   -1  0  0  0  2  0  0 -1  2  0 -1  0  2  1  0 -1  0  4  1 -1    5   5   5   5   5   5   5   5   5   5   5   5   5   5   5   5   5   5   5   5  0.09 0.08
  346 V    0  0  1  1  1 -1 -1  0  0 -1 -1  0  0 -1  0  0  2  0 -1  0    6   5   6   8   3   2   3   8   2   4   7   7   2   3   5   7  13   1   2   7  0.06 0.06
  347 A   -1  1 -1 -1  1  1  0  0  0 -2 -1  1  0 -2  0  2  0 -5 -1 -2    6   8   3   4   3   6   6   9   2   3   6   7   3   2   4  17   6   0   2   3  0.13 0.14
  348 G   -2  0  1  1 -5  2  1  1  0 -2 -1  2  0  0  0 -1  1 -5 -1 -2    3   4   5   6   0   7   8  12   2   2   6  11   2   5   5   5  10   0   2   3  0.15 0.15
  349 N   -1  0  2  1  1  0  0 -1  1 -1 -2  1  2 -1  1  0 -1  2  0  0    4   4   9   9   3   3   5   4   3   3   3  10   5   3   6   6   4   2   4   7  0.11 0.11
  350 S   -1  0  2  2  1  0  2 -1  1 -2 -2  0  0 -1  0  0 -1  2  0 -1    5   5  10  11   3   4  13   4   3   3   5   6   2   3   5   6   3   2   3   4  0.15 0.14
  351 R   -1  0  2  1 -2  0  0  4  1 -3 -3  0 -1 -5 -1  0 -2  0 -3 -3    4   6  11   8   1   5   7  27   4   2   3   5   2   0   4   6   3   1   1   2  0.35 0.27
  352 E   -1  0  0 -1  0  1  1  0  1  0 -2  3 -1 -1 -1  0  1 -3  1 -1    3   3   5   3   2   7  11   6   3   7   2  20   2   2   2   4   9   0   5   3  0.13 0.16
  353 M   -1 -1 -3 -1 -3 -2 -3 -1 -3  2  1 -1  6  2  0 -3  0 -3  0  0    4   4   0   4   0   0   0   4   0  11  14   4  27  10   4   0   5   0   4   4  0.35 0.29
  354 D    0 -1  1  0  2  1  0  0  2 -2 -1  0  1  1 -2  0  0 -2  1 -2    7   0   7   7   6   7   7   7   6   0   7   7   6   6   0   7   7   0   6   0  0.09 0.14
  355 F   -3 -1 -1 -4 -4 -3 -1 -4  1 -1  0 -1  1  3 -4 -1 -1  4  6 -1    0   3   3   0   0   0   4   0   3   3   9   4   4  15   0   4   3   5  31   4  0.54 0.38
  356 D   -1  0  0  0  2  0  0 -1  2  0 -1  0  2  1  0 -1  0  4  1 -1    5   5   5   5   5   5   5   5   5   5   5   5   5   5   5   5   5   5   5   5  0.09 0.08
  357 S    0 -2  1  4 -2  0  3  0 -1 -5 -4 -2 -4 -5 -4 -1  2  2 -4 -3    7   1   5  27   1   3  22   6   1   0   2   2   0   0   0   5  11   3   0   2  0.59 0.36
  358 F   -6 -6 -6 -6 -6 -6 -6 -6 -5 -1 -2 -6 -4  8 -6 -6 -6  2  4 -1    1   0   0   0   0   0   0   0   0   3   3   0   0  69   0   0   0   3  14   4  2.29 0.85
  359 L   -1 -4 -5 -5  2 -1 -3 -5 -5  3  3 -2  1 -1 -5 -2 -1 -5 -4  4    4   0   0   0   4   3   2   0   0  15  26   3   2   3   0   3   4   0   0  30  0.64 0.35
  360 D   -1  1  0  4  1  0  0 -3  0 -1 -2  1  0 -1 -2 -2 -1  4  2  0    6   8   5  21   4   5   5   2   3   3   3   7   2   2   2   2   4   5   6   6  0.26 0.21
  361 F    0 -5 -5 -6 -5 -5 -6 -1 -5  0  1 -5  2  7 -6 -2 -1  2  1 -1    7   0   0   0   0   0   1   6   0   4  14   0   5  42   0   4   3   3   4   4  1.08 0.52
  362 V   -1 -2 -1 -2  1 -1 -2 -2  0  2  2 -2  3  0 -4 -1 -1  1  0  2    5   2   3   3   3   2   2   2   2  13  23   2   8   4   0   4   4   2   3  13  0.23 0.18
  363 L    0 -2 -2 -5  0 -2 -3 -2  1  2  3 -3  1  0 -3  1 -1 -5  0  0    7   2   2   0   2   2   2   3   3  10  31   1   4   3   1  12   4   0   3   7  0.32 0.27
  364 A    5 -3 -1 -7  1  0 -3 -4  0 -2 -3 -3  1  1 -2  2 -2  0 -1 -1   38   2   4   0   3   4   2   2   2   3   4   2   4   5   2  13   3   1   2   5  0.64 0.44
  365 L   -3 -2 -2 -2 -6 -2  1 -7  1  1  2 -1  4  3 -3 -2  0  3  1  1    2   2   2   2   0   2  10   0   3   8  17   4   9  11   2   3   5   3   4   9  0.38 0.25
  366 E   -2 -1  0 -1  1  0  3 -3  1 -1 -2 -1  1  0 -2  2  1  2  0 -2    4   4   4   4   3   4  18   3   4   3   4   4   3   4   3  14   8   3   3   4  0.23 0.23
  367 N   -1  0  2  4  1 -1 -2 -1  2 -2 -3 -1  0  0 -2  0  0  2  0 -2    5   4  10  19   3   3   3   6   4   3   3   4   3   4   3   8   5   3   4   3  0.24 0.20
  368 K   -1  3 -2 -1 -1 -1 -2 -2 -1 -1 -1  5  1 -2 -1 -2 -2 -7 -1 -1    6  16   2   3   2   3   3   4   2   4   8  27   4   2   4   3   3   0   2   4  0.45 0.32
  369 D    0 -1  1  2  0  0 -1  0  2 -2 -4  1 -1 -6  0  1  1  1 -1 -2    8   3   7  11   2   4   4   6   5   3   2   9   1   0   5  12  10   2   2   4  0.20 0.19
  370 T   -1 -2  0 -1  0  1  2 -3  4 -3 -3 -1  0 -2 -1  3  3 -6 -3 -2    5   2   4   3   2   5  13   1   8   1   3   3   2   2   3  21  18   0   1   2  0.42 0.39
  371 P   -3 -1 -1  1  2  0  3 -3 -1 -2 -2  1 -1 -2  5 -2 -1 -6 -2 -3    2   4   3   7   4   3  18   2   1   2   4   7   2   2  29   2   3   0   2   2  0.61 0.47
  372 E   -1  0  0  0 -3  0  0 -1  2  0 -1  0  1  0  0  0  0  3  1  0    5   5   5   5   0   5   5   5   5   5   5   5   5   5   5   5   5   5   5   5  0.06 0.08
  373 G    3  0 -2 -1  0 -1 -1  0  0 -2 -3  1  1 -1 -3  3  0 -4 -3 -2   30   5   0   2   2   3   3   5   2   3   0   8   4   2   0  24   3   0   0   2  0.36 0.35
  374 L   -1 -2  0 -4  0 -1 -3 -2 -4  4  3 -1  1 -1 -1 -2 -1 -4 -3  1    5   2   5   0   2   4   0   3   0  27  28   3   3   2   4   3   3   0   0   6  0.33 0.28
  375 T   -1  3  0 -1  0  2  3 -3  2 -3 -1  1 -1 -2 -2 -1  0  1  0 -2    4  14   3   3   2   9  22   2   5   1   6   9   1   2   1   4   6   2   4   2  0.29 0.27
  376 Y   -3 -5 -1 -3 -1 -3 -2 -6  0 -1 -3 -1 -1  5 -6 -2 -2  3  7 -3    2   0   4   1   1   1   3   0   2   4   2   5   2  19   0   2   3   4  41   2  1.20 0.65
  377 L    1 -2 -5 -6 -1 -3 -5 -5 -1  1  1 -5  1  4 -5 -2 -3  9  1 -1   12   3   0   0   1   1   0   0   2   7  12   0   3  15   0   3   2  27   4   5  1.06 0.55
  378 F   -1 -2 -2 -3 -2 -2 -2 -2 -1  0  1 -2  2  2 -2  0 -1  5  3  1    1   1   1   1   0   1   1   1   0   1  14   1  13  13   1  13   1  13  13  13  0.27 0.09
  379 R   -1  4  0  0 -4  0  0 -1  1 -3 -2  2  1 -1 -1  0 -1 -3  0 -2    4  28   5   4   0   3   4   4   3   0   4  16   4   3   3   5   4   0   3   3  0.31 0.19
  380 C    0  0 -2  0  2 -1 -2  0 -2  0  0  0  1  1 -2  0 -1 -2  1  0    8   8   0   8   7   0   0   8   0   8   8   8   7   7   0   8   0   0   7   8  0.05 0.10
  381 L    0 -2 -3 -3  3 -2 -2 -2 -2  1  1 -2  2  2 -2 -1 -1 -1  2  1   12   1   0   1  11   0   1   1   0  12  12   1  11  12   1   1   1   0  11  12  0.18 0.09
  382 D    0 -2  2  5 -3 -1  0  1 -1 -3 -3 -1 -3 -3 -2  0 -1 -3 -3 -3   11   1  11  55   0   1   1  11   0   1   1   1   0   1   1   1   1   0   0   1  0.60 0.13
  383 L   -1  0 -1 -1 -2 -1 -1 -1 -1  1  2  0  1  0 -2 -1 -1  1  0  1    3   4   2   2   0   2   3   4   2   9  33  10   3   2   1   4   3   2   2   9  0.08 0.09
  384 Q   -3 -1  2  6 -5  0  0 -2  2 -3 -4 -1 -4 -2 -2 -1 -2  0 -1 -4    2   4   8  50   0   4   5   2   4   2   1   4   0   1   2   4   2   1   2   1  0.83 0.40
  385 G   -1  1  0  0  1 -1  0  4  3 -4 -3  0  0 -2 -3 -1 -2 -4 -2 -4    3   8   4   6   4   3   5  38   7   0   2   6   2   1   0   3   2   0   1   1  0.44 0.26
  386 R   -3  1  3  5  0  1 -1 -3  0 -3 -4  2 -2 -3 -4 -2  0 -5 -4 -2    2   8  11  38   2   5   1   1   2   1   2  12   1   1   0   2   5   0   0   3  0.69 0.41
  387 G   -3 -2 -1 -1 -1 -4 -2  7 -2 -5 -5 -3 -5 -5 -3 -2 -2 -5 -5 -3    1   2   3   3   1   0   3  71   1   0   1   2   0   0   1   3   2   0   0   2  1.44 0.64
  388 F    0  1 -3 -4  0 -2 -2 -3  1  1  0  0 -1  2 -4 -2 -2  0  5  2    7   7   0   1   2   1   2   1   3   7   6   7   1   7   0   2   2   1  22  15  0.33 0.26
  389 L   -4 -5 -6 -6 -4 -5 -5 -6 -5  5  5 -5  0 -1 -5 -5 -4  1 -4  1    1   0   0   0   0   0   0   0   0  30  51   0   2   2   0   0   0   2   0   9  1.22 0.55
  390 T   -2  0  2  2  0 -1 -2 -1 -2 -3 -3 -1 -2 -2 -4  3  4 -5 -2 -4    2   5   9  13   2   2   2   4   1   1   2   3   1   2   0  24  25   0   2   0  0.50 0.37
  391 T    0  0 -1 -1 -1 -1 -1 -1  0  0  0 -1  2  0  2  0  1 -1 -1  1    8   7   3   3   1   3   4   4   2   6   7   3   6   4  12   5  13   1   1   9  0.09 0.11
  392 A    0 -1  2  0 -3 -1 -1 -2  2 -2 -1 -1  1  3 -1  0  0  1  2 -1    6   2  10   6   0   3   4   3   5   1   6   4   4  17   3   9   5   2   7   4  0.14 0.15
  393 D   -2 -3 -1  4 -1 -1  5 -4 -1 -2 -4 -2 -2 -5 -4 -1  1 -5 -5 -1    3   1   2  27   1   2  36   0   2   3   2   2   1   0   0   4   9   0   0   5  0.82 0.48
  394 I    0 -2  1 -2  3 -2 -2  1 -2  1  1 -2  2  1 -2 -1 -1 -2 -1  1   11   1  10   1  10   0   1  11   0  11  11   1  10  10   1   1   1   0   0  11  0.10 0.09
  395 H   -1  2  1 -1  0  1  2 -3  3 -2  0  0  0 -1 -4 -1 -2  5  1 -2    5  10   7   3   2   7  14   2   6   3   9   6   2   2   0   4   2   9   4   2  0.27 0.20
  396 S   -1  0 -1  0  1  1  0 -2  2 -1 -1  0  1  1 -2  0  2  2  2  0    4   4   3   5   3   7   6   3   5   3   5   5   4   5   3   8  11   3   7   6  0.13 0.11
  397 L    0 -2  1 -2  3 -2 -2 -2  2  1  0 -2  2  1 -3  0  0  4  2  0    8   0   7   0   7   0   0   1   7   8   8   0   7   7   0   8   8   7   7   8  0.17 0.16
  398 F    0 -3 -1 -3  2 -1 -3 -3  1  0  1 -2  1  3 -3 -1  0  4  3  0    8   0   4   0   5   4   0   0   4   5  13   0   5  17   0   4   5   6  12   6  0.25 0.19
  399 R    0  0  0  0  2  0  0 -1  1  0 -1  0  1  0  0  0  0 -2  1  0    5   5   5   5   5   5   5   5   5   5   5   5   5   5   5   5   5   0   5   5  0.03 0.05
  400 D    0 -1  1  1 -4  0  3 -1  1 -1 -2 -1  0  0 -1  0 -1  2  0 -1    9   3   6   8   0   3  22   5   3   3   3   3   3   4   3   7   3   3   3   4  0.17 0.21
  401 V   -2 -1 -1 -4  1  5 -2 -5  0  2  0 -1  3 -1 -5 -2 -1 -5 -1  2    3   2   2   0   3  31   2   0   2  11   9   3   7   2   0   3   4   0   2  12  0.57 0.45
  402 H    0  0 -1 -1  1  1  0 -1  1  0  0  0  1  0 -1  0  0 -2  1  0   10   5   2   3   3   8   6   4   4   6  10   8   4   5   3   4   5   0   6   6  0.03 0.06
  403 Q    0  2  1  1 -2  3  2 -1  3 -2 -3  2 -1 -3 -2 -1 -1 -5 -2 -3    9   9   5   6   1  12  16   4   7   2   2  12   2   1   2   3   4   0   1   2  0.29 0.27
  404 K   -1  0  0  0  2  0  0 -1  2  0 -1  0  2  1  0 -1  0  4  1 -1    5   5   5   5   5   5   5   5   5   5   5   5   5   5   5   5   5   5   5   5  0.09 0.08
  405 W    0  0  0 -2  2  0  0 -1 -2  0 -1  0  1  1  0  0  0  3  1  0    6   6   5   0   5   5   6   6   0   6   6   6   5   5   6   6   6   5   5   6  0.06 0.11
  406 I   -1  1  0  0  1  0  2 -1  1  0 -1  0  1 -1 -1 -1  0 -5  0  0    4   7   4   6   3   5  15   5   3   6   6   6   4   3   3   4   6   0   4   8  0.09 0.09
  407 E    1  0 -1  1  3  1  2 -1  1 -1 -2  0  1  0 -1  0 -1  2  0 -1   10   4   3   7   6   7  12   4   3   4   4   5   4   3   3   8   4   2   3   4  0.11 0.11
  408 G   -1  0  0 -1  1  0  0  0  5 -1  0 -2  4  0 -2 -1 -1  1  1 -1    6   5   5   4   3   3   6   6  11   4  10   3   9   3   3   5   3   2   5   4  0.20 0.16
  409 G   -1  0  2  0  0 -1 -1  4  0 -3 -4 -1  0 -1 -1 -1 -2 -1  0 -2    5   4  11   6   2   3   4  30   2   2   2   5   2   3   4   5   3   1   3   3  0.41 0.30
  410 N   -2 -2  2  1 -1  4  1 -1  2  2 -1 -2  2 -1 -2 -2 -2  0  0 -1    4   2   8   7   1  16   8   5   5  10   6   2   5   3   2   3   3   2   3   4  0.26 0.22
  411 Y    0  0  0  0  2  1  0  0  2  0 -2  0  1  0  0  0  0 -3  1  0    6   6   5   6   5   5   6   6   5   6   0   6   5   5   6   6   6   0   5   6  0.05 0.10
  412 E    0  0  0  1  1  0  1 -1  1 -1 -1  0  0 -1  2  0  0 -3  0 -1   10   4   3   9   3   3  10   5   4   4   5   4   3   3  11   5   5   0   3   5  0.09 0.10
  413 L   -1 -2 -2 -2  0 -1 -1 -4  0  2  1 -1  1  1  2 -2 -1  1  0  2    3   2   2   2   3   3   3   0   2  13  15   3   4   6  12   3   3   2   2  16  0.21 0.20
  414 C   -1  0  1 -1  1  1  0 -2  0 -2 -2  0 -1 -2  2  3  1  1 -2 -2    3   4   8   4   4   7   5   2   2   2   5   4   1   2  10  23   8   2   1   3  0.23 0.27
  415 I   -2 -2 -5 -3  0 -2 -2 -4 -1  2  0 -2  0  6  0 -3 -2  0  2  0    4   3   0   2   2   2   3   2   1   9  10   2   2  35   5   2   2   1   6   7  0.65 0.42
  416 E   -1 -1  0  3 -1  2  4 -1  1 -4 -4  0 -2 -3 -1 -1 -1 -5 -2 -3    5   3   4  14   1   8  32   4   3   1   2   6   1   1   3   4   3   0   1   2  0.50 0.41
  417 D   -4 -4  0  7 -2  0 -1 -4  0 -3 -4 -2 -3 -4 -4 -1 -1 -2 -2 -3    1   1   4  58   1   4   4   1   2   2   2   3   1   1   1   5   4   1   2   2  1.35 0.81
  418 V   -3 -2 -3 -4  2 -3 -4 -6 -3  4  1 -4  0  2 -6 -3 -2  0 -1  4    2   3   1   1   5   1   1   0   1  25  12   1   2   9   0   2   3   1   2  28  0.74 0.46
  419 R   -1  0 -3 -5 -1 -1 -3 -5 -2  2  3  0  2 -1 -5 -3  0  1 -2  3    5   5   1   0   1   2   1   0   1  12  29   7   5   3   0   2   5   2   1  17  0.44 0.33
  420 D   -2 -1  2  4  8 -1 -2 -3 -1 -4 -4 -3 -2 -4 -3  1 -1 -7 -3 -3    4   3   9  23  29   3   2   2   1   1   1   1   1   1   1  10   3   0   1   2  1.08 0.66
  421 E    0  0  0  0 -2  1  0  0  1  0 -1  0  1  0  1  0  0 -2  1  0    6   6   5   6   0   5   6   6   5   6   6   6   5   5   6   6   6   0   5   6  0.03 0.06
  422 I    0 -2  1  0  2  1 -1  0  2  0  0  0  1  1 -3 -1  0 -2  1  0    7   0   7   7   6   7   0   7   6   7   7   7   6   6   0   0   7   0   6   7  0.05 0.12
  423 W   -1 -1  0 -3  1 -1 -3 -2  1  1  1 -1  1  4 -4 -1 -1  2  1  0    4   3   5   0   3   3   0   3   3   9  15   3   4  24   0   4   3   3   3   6  0.25 0.22
  424 D   -2 -1  0  7 -5 -1  0 -4  0 -1 -3 -1  0 -5 -4 -2 -2 -6 -5 -5    3   3   2  63   0   3   5   0   2   4   3   3   3   0   0   2   2   0   0   0  1.24 0.63
  425 M    0  0  1  0 -2  1  0 -2  2  0  0  0  1  1 -2  0  0 -2  1  0    6   6   6   6   0   6   6   0   6   6   6   6   6   6   0   6   6   0   6   6  0.06 0.10
  426 V    1 -3 -3 -1  2 -3 -3 -1 -3  3  1 -3  3  0 -3  0  0 -3  1  2   12   0   0   4   5   0   0   5   0  19  10   0  10   5   0   5   6   0   5  12  0.21 0.19
  427 K    0  0  0  0  2  0  0 -1  1  0 -1  0  1  0  0  0  0 -2  1  0    5   5   5   5   5   5   5   5   5   5   5   5   5   5   5   5   5   0   5   5  0.03 0.05
  428 P   -2 -1 -1 -1  2 -1 -1 -2  0 -1 -2  0  0 -1  6 -1 -1 -5  0 -1    4   3   3   3   4   3   3   3   3   3   4   5   3   3  36   4   4   0   4   5  0.59 0.44
  429 S    0  0  0  0  2  0  0 -1  1  0 -1  0  1  0  0  0  0 -2  1  0    5   5   5   5   5   5   5   5   5   5   5   5   5   5   5   5   5   0   5   5  0.03 0.05
  430 D   -2  0  3  2  3  0  1 -1  1 -1 -2  1  0 -1 -2 -1 -1  2  0 -1    3   6  13  10   5   4   9   4   3   4   3   7   3   3   3   6   4   3   3   4  0.18 0.16
  431 P    0  0  0  0  2  0  0 -1  2  0 -1  0  1 -2  0  0  0  3  1  0    5   5   5   5   5   5   5   5   5   5   5   5   5   0   5   5   5   5   5   5  0.07 0.11
  432 L   -1  0  0  1  1  0  0  2  1 -1 -2 -1  0  0 -1  0  1  2  0 -2    4   5   5   9   3   5   7  16   3   3   4   3   3   3   3   6   8   3   3   3  0.13 0.12
  433 K   -1  2 -2 -2  2  0 -1  1  1 -2 -2  3  0  0 -3 -1 -2  3  2 -1    5  11   2   2   4   4   5  11   3   3   4  16   2   4   2   4   3   3   7   4  0.25 0.19
  434 I   -7 -8 -1 -2 -7 -7 -8 -8 -7  6  1 -8  1  4 -8 -7 -2 -7  0  2    0   0   3   3   0   0   0   0   0  44  13   0   3  14   0   0   3   0   3  11  1.45 0.61
  435 T   -3  1 -2 -2  2 -2 -2 -4 -6 -3 -3 -2 -1 -2 -3  2  6 -7 -1 -3    2   8   2   2   3   2   2   1   0   1   3   2   2   2   1  14  47   0   2   2  0.98 0.62
  436 L   -3 -1 -6 -6 -1 -2 -4 -7 -1 -1  5 -1  0  2 -3 -4 -3  0  0  0    2   3   0   0   1   2   2   0   2   3  57   4   2   7   2   2   1   1   3   5  0.96 0.52
  437 G    0  2  0  1 -1  3  3 -1  0 -3 -3  1 -1 -5 -2  1 -1 -5 -3 -3    9  11   3   9   1  11  17   4   2   1   2   9   2   0   1  12   2   0   1   2  0.33 0.30
  438 D   -3 -5 -2  7 -7 -1  2 -4  1 -4 -5 -3 -2 -7 -6 -3 -4 -7 -6 -4    3   0   2  64   0   2  14   1   3   1   1   1   1   0   0   2   1   0   0   1  1.73 0.80
  439 L   -1 -2 -3 -3 -2 -2 -2 -3 -1  2  1 -2  2  2 -3 -2 -1  5  3  1    1   1   1   1   0   1   1   1   0  13  14   1  13  13   1   1   1  13  13  13  0.33 0.09
  440 L   -1  0 -1 -1  1  0 -1 -3  1  1  1  3  1  0 -3 -1 -1  2  0  0    4   5   3   3   3   3   4   1   3  10  14  23   3   3   0   3   3   3   4   5  0.15 0.14
  441 G    0  3  1  0  0  1  0  0  0 -2 -2  3 -3 -4 -1  0 -1 -4 -3 -2    8  22   8   4   2   6   3   5   2   2   3  17   0   0   2   8   3   0   0   3  0.28 0.20
  442 C   -1 -4  0 -2  7 -2 -2  0 -4 -1 -3 -1  0 -1 -2  4 -1 -5 -2 -2    3   0   5   2  24   2   2   6   0   3   2   3   2   2   2  33   3   0   2   3  0.74 0.44
  443 K   -1  2  0 -2  0  0 -2  2  0 -3 -3  3 -1 -4  2  0 -1 -4 -1 -3    3  12   3   2   2   3   2  18   2   1   2  23   2   0  12   6   2   0   2   2  0.38 0.29
  444 Q   -1 -1  0 -2  2  3  0 -4  1 -1  2  0  4 -2 -2 -1 -1 -4 -1 -1    4   3   4   2   5  14   7   0   4   2  21   7  11   1   2   4   3   0   1   4  0.24 0.24
  445 G    3 -1 -1 -2  1  0 -2  3 -1 -3 -4 -2 -4 -3  0  3  0 -1 -4 -1   22   3   2   1   3   4   2  22   2   1   0   2   0   1   4  20   5   1   0   4  0.42 0.35
  446 G    1 -1 -2  1 -1 -2  1  3  3 -3 -4 -2 -4 -3  2  0 -1 -1 -2 -2   12   3   1   9   1   1   8  28   8   1   1   1   0   1  11   6   3   1   1   3  0.41 0.31
  447 T   -1  1  2 -2 -1 -1 -2 -2  0  2 -1 -1  0 -2 -1  0  3 -1  1  1    3   7  11   2   1   2   2   2   3  11   6   4   2   2   2   5  22   1   4   9  0.19 0.22
  448 V   -2 -6 -7 -7 -1 -6 -6 -7 -6  2  1 -6  0  7 -7 -3 -3 -4 -1  4    3   0   0   0   1   0   0   0   0   9  13   0   2  39   0   3   1   0   1  26  1.24 0.62
  449 A   -1 -4 -6 -6 -2 -5 -4 -6 -5  2  0 -4  0  7 -6 -4 -1 -4  1  3    5   1   0   0   1   0   1   0   0  11   9   1   2  42   0   1   4   0   4  18  1.06 0.55
  450 S   -2  0  5  3 -5  0 -2  1 -4 -5 -3 -1 -2 -6 -2  2 -1 -6 -5 -4    2   5  34  16   0   4   2  10   0   0   3   3   1   0   2  14   3   0   0   1  0.75 0.47
  451 M    0 -3 -3 -5  0 -3 -5 -3 -2  4  1 -2  5  0 -5 -3  2 -4 -1  1    8   1   1   0   2   1   0   2   1  27  12   2  17   4   0   1  14   0   2   6  0.59 0.39
  452 L   -6 -6 -7 -8 -1 -6 -7 -8 -7  0  6 -7  2  4 -7 -4 -3 -5 -4 -1    0   0   0   0   1   0   0   0   0   4  66   0   4  18   0   2   1   0   0   4  1.49 0.70
  453 I   -2 -6 -5 -4  0 -5 -6 -5 -5  5  0 -5  0  5 -6 -2  2 -4 -3  1    3   0   0   1   2   0   0   1   0  32   7   0   2  26   0   4  13   0   0  10  0.89 0.48
  454 D   -5 -5  6  5 -2 -4 -1 -4  0 -7 -5 -3 -6 -7 -6  1 -2 -8 -6 -7    0   0  43  37   1   0   3   1   2   0   1   1   0   0   0   9   2   0   0   0  1.58 0.73
  455 V    0 -3 -4 -5  1 -4 -4 -5 -1  2  3 -3  1  2 -1 -1 -2  3  2  2    8   1   0   0   3   0   1   0   2   9  29   1   3  10   3   4   2   4   6  13  0.40 0.27
  456 R   -1  2  3  2 -3  0  1 -3  2 -2 -1  1 -2 -3 -2  0  0 -4 -1 -1    4  12  18  10   0   4  10   1   4   2   5   6   1   1   2   6   7   0   2   6  0.25 0.22
  457 G    0  2 -1 -1 -1 -1 -1  1 -2 -4 -3  5 -4 -2 -2 -1 -1 -5 -2 -2    9  12   2   2   2   2   4  12   0   0   3  37   0   2   1   4   4   0   1   2  0.49 0.35
  458 F   -5 -4 -3 -7 -6 -6 -6 -7 -1 -3  0 -6 -1  8 -7 -6 -6  3  5 -5    1   1   2   0   0   0   0   0   2   1   7   0   2  64   0   0   0   3  17   0  2.09 0.82
  459 W   -3 -2 -3 -3  1 -2 -3 -5 -4  2  3 -1  3  0 -5 -3 -2  7  2  0    1   2   1   1   3   2   2   0   0  12  26   4   9   4   0   1   1  17   8   5  0.71 0.39
  460 A    3 -1 -1  1 -4  2  2 -3  0 -2 -1  1  0 -4 -3  0  1 -5 -2 -1   27   2   3   8   0   9  14   1   2   2   5   8   2   0   0   5   8   0   1   4  0.29 0.26
  461 H   -4 -3 -3 -5 -2  2 -4 -6  6 -3 -1 -3 -3  5 -4 -4 -5  3  6 -4    1   1   1   0   1   8   0   0  18   1   5   2   1  23   1   1   0   4  32   0  1.34 0.61
  462 D   -5 -3 -2  3 -7 -2  7 -6 -4 -6 -4 -3 -6 -7 -5 -4 -4 -6 -6 -5    0   1   2  16   0   1  74   0   0   0   2   1   0   0   0   1   1   0   0   1  1.89 0.82
  463 N   -2  0  5 -1  2  4 -2 -3  2 -2 -4 -2 -1 -2 -3  1  1 -5 -1 -3    2   6  29   2   4  18   2   1   5   2   1   1   2   1   1  10  10   0   2   1  0.62 0.40
  464 R   -4  7 -1 -4 -1  0 -4 -3  0 -6 -4  1 -2 -4 -3 -2 -3 -6 -3 -5    1  71   3   1   1   3   0   2   2   0   2   6   1   1   1   3   1   0   1   1  1.66 0.72
  465 E   -4 -4 -2  6 -6 -1  6 -4 -4 -2 -5 -3 -5 -4 -5 -2 -3 -6 -5 -4    1   0   1  39   0   1  47   1   0   3   1   0   0   1   0   2   1   0   0   1  1.48 0.67
  466 N   -1 -1  1  0 -5  2  0 -2 -1 -4 -4 -1 -3 -4  6  1 -2 -6 -3 -3    6   3   8   4   0  10   4   3   2   0   1   3   1   0  37  13   2   0   1   2  0.76 0.42
  467 L   -2 -3 -3 -3 -4 -2 -3 -3 -1  1  3 -4  2  5 -2 -2 -1 -1  2 -1    2   1   1   1   0   1   2   1   1   7  26   1   5  32   2   3   4   1   6   2  0.61 0.35
  468 L    1 -1 -1 -3 -2 -1 -3 -2 -3  1  2 -2  2  0  1 -1 -1 -3 -1  1   17   4   3   1   1   2   1   2   0   9  24   1   6   3   6   2   3   0   2  13  0.19 0.18
  469 Q    2  1 -2 -1 -2  5  0 -2  2 -2 -3 -2 -1 -4 -1  0 -1 -5 -1 -2   20   8   1   4   1  28   5   3   5   2   2   0   2   0   3   7   4   0   2   2  0.42 0.33
  470 E   -1  2  0  1 -5  3  4 -3  3 -4 -4  1 -2 -5 -1 -2  0 -5 -2 -4    4   9   4   7   0  16  32   1   8   0   1   6   1   0   2   2   6   0   1   1  0.62 0.38
  471 E   -1  3  0  2 -5  4  2 -3  0 -3 -3 -1 -2 -3 -1 -1  0 -5 -4 -3    5  19   5  12   0  23  11   1   2   1   3   2   1   1   3   5   5   0   0   2  0.46 0.33
  472 E    0 -2  2  3 -5  1  4 -1 -1 -5 -4 -1  1 -5  0  0 -1 -5 -4 -3    7   1  11  14   0   7  33   3   1   0   1   2   4   0   4   6   4   0   0   2  0.54 0.35
  473 E   -3  0  2  4  0  1  4 -3  1 -5 -4  0 -1 -5 -3  0 -2 -6 -4 -5    1   4   8  26   3   5  33   1   4   0   1   6   2   0   0   7   1   0   0   0  0.75 0.41
  474 P   -1 -1  0  3 -5 -2  3  1  0 -3 -1 -3 -1 -3  5 -1 -2 -5 -3 -3    3   2   4  15   0   1  19  11   2   1   6   0   2   1  27   2   1   0   0   2  0.57 0.32
  475 P    0 -1  0  2 -2 -1  1  0 -3 -2 -2 -1 -3 -4  4  2  2 -5 -4 -1    6   3   4  10   1   1  10   5   0   2   3   1   0   0  18  14  17   0   0   3  0.36 0.24
  476 E   -1 -1  0  3 -4 -1  4 -3 -3 -3  1 -2 -1 -4  2 -1 -1 -3 -4 -2    6   3   3  19   0   1  29   1   0   0  15   1   1   0  11   4   3   0   0   2  0.44 0.29
  477 E   -2 -3 -2  2 -5  0  5 -4 -3 -4 -3 -2 -4  2 -2 -1  2  2 -2 -2    3   0   1  13   0   2  41   0   0   0   2   1   0  10   2   3  16   3   1   2  0.67 0.38
  478 E   -3  0  0  1 -5  0  5 -4 -3 -4  1  1 -1 -4 -4 -1 -3  4 -3 -3    0   5   4   6   0   1  48   0   0   0  15  10   1   0   0   2   0   7   0   1  0.73 0.37
  479 S   -1 -2  3  1  1 -2 -1 -3 -2 -3 -3  1 -3 -4 -3  2  4 -5 -3 -3    2   0  17   9   4   0   1   0   0   0   2  11   0   0   0  20  33   0   0   0  0.54 0.28
  480 Q   -2  5 -1 -1 -4  4  3 -3  2 -4 -3  2 -2 -4 -3 -1 -2 -4 -2 -3    0  38   0   0   0  26  23   0   6   0   0   6   0   0   0   0   0   0   0   0  0.74 0.18

                      K         Lambda
Standard Ungapped    0.1362     0.3199
Standard Gapped      0.0408     0.2670
PSI Ungapped         0.1334     0.3174
PSI Gapped           0.0408     0.2670
