
Last position-specific scoring matrix computed, weighted observed percentages rounded down, information per position, and relative weight of gapless real matches to pseudocounts
            A   R   N   D   C   Q   E   G   H   I   L   K   M   F   P   S   T   W   Y   V   A   R   N   D   C   Q   E   G   H   I   L   K   M   F   P   S   T   W   Y   V
    1 M    -4  -5  -5  -6  -4  -2  -5  -6  -5   1   2  -5   8   3  -6  -5  -4  -4  -3   2    0   0   0   0   0   2   0   0   0   7  19   0  43  14   0   0   0   0   0  16  1.27 0.52
    2 W    -5  -2  -8  -9  -1  -3  -4  -7  -7  -3  -2  -7  -2   3  -8  -7  -7  12   2  -7    1   2   0   0   1   1   1   0   0   2   3   0   1  10   0   0   0  72   5   0  3.42 1.11
    3 L    -2  -2  -6  -6   0  -5  -3  -3  -5   2   4  -5   1   1  -6  -3  -4   3  -1   1    2   3   0   0   2   0   2   2   0  13  50   0   3   5   0   2   0   4   2  10  0.80 0.42
    4 L    -2  -5  -6  -3   5  -4  -6  -5  -2   3   4  -4   1   1  -6  -5  -2  -2  -1   1    4   0   0   2  11   1   0   1   1  13  46   1   3   5   0   0   3   1   2   8  0.84 0.43
    5 G     0  -4  -1   1   0  -3  -3   4  -4   0   0  -3  -3   0  -4   1  -1   1  -2  -1    7   0   3   8   2   1   1  36   0   6   9   1   0   4   0  10   4   2   1   4  0.45 0.29
    6 P    -1  -3  -3  -2   0  -2  -3   1  -1   0   0  -4  -2   2   5  -1   0   0  -2  -1    6   1   1   3   2   2   1  10   2   6  10   1   1   8  30   5   6   2   1   4  0.48 0.31
    7 L    -3   1  -4  -1  -2  -2  -4  -5  -5   2   4  -1   1   1  -4  -3  -2   1  -2   1    2   7   1   4   1   1   1   0   0  12  41   3   3   5   1   2   2   2   1  11  0.57 0.35
    8 C    -1  -5  -5  -5  10  -4  -4  -2  -4  -2  -2  -6  -3   0  -4  -3  -1  -3  -7   0    4   1   1   1  61   1   1   3   1   2   5   0   1   3   1   2   4   0   0   7  2.30 0.95
    9 L    -1  -4  -5  -1   0  -4  -1  -5  -4   3   4  -4   0   1  -5  -3   0   0  -2   2    4   1   0   3   2   0   5   1   0  14  36   1   2   5   0   2   5   1   2  15  0.55 0.34
   10 L    -2  -3  -2  -1   3  -3  -4  -4  -3   2   3  -4   1   0   0  -1  -1   1  -2   1    2   2   3   4   6   1   1   1   1  12  32   1   3   4   5   5   3   2   1  11  0.41 0.27
   11 L     0  -3  -1  -3   0  -2  -4  -2  -3   2   3  -1   0   1  -2  -2   0   0  -2   1    9   1   4   2   2   2   1   4   0  11  31   3   2   6   2   3   6   1   1   9  0.30 0.22
   12 S     0  -1   2   0   1  -1  -1   0  -1  -1  -2  -1  -2  -2   1   3   1  -2   0  -2    8   3   8   5   3   2   4   6   2   4   4   3   1   2   6  27   8   1   3   3  0.23 0.23
   13 S     1  -1  -1   0   3  -1   1   1  -2  -2  -2   0  -2  -2  -3   3   1   1  -3  -2   11   3   3   5   5   2   8  10   1   2   4   6   1   2   1  23   7   2   1   3  0.24 0.23
   14 T    -2  -1  -1   1   2  -2   0   0  -1   0  -1   0  -3  -2  -2   2   4   0  -2   0    3   3   3   7   5   2   5   6   1   5   5   5   0   1   1  13  24   1   1   6  0.26 0.25
   15 A     2  -2   0   0   4  -1   0   1   0  -1  -2  -2  -2   1  -2   0   1  -1  -3  -1   20   2   5   4   8   2   6  12   2   4   3   2   0   6   2   8   9   1   1   5  0.20 0.19
   16 E    -2  -1   1   4  -1   2   4  -2   0  -3  -3  -1  -3  -3  -2  -1  -1  -3  -4  -3    3   3   5  20   2   9  27   4   2   2   3   4   1   1   2   5   4   1   0   2  0.54 0.38
   17 S     0   0   1   0   2  -1  -1   0   1  -3  -4  -1  -2  -4  -2   4   2  -3  -1  -2    7   4   6   6   4   3   4   7   3   1   1   3   1   1   2  28  13   0   2   3  0.35 0.30
   18 Q    -2   0  -1   2   2   4   1  -2   1  -2  -3   2  -2  -2  -1   0   0  -4  -3  -2    3   5   3  10   5  22   9   3   3   2   3  10   1   2   3   7   5   0   1   3  0.38 0.31
   19 L    -1  -2  -1  -1   4  -2  -1  -3  -3   2   3  -2   2   1  -4  -2   0   1  -3   1    5   3   3   4   8   2   4   1   0  12  28   2   4   5   1   2   5   2   1   9  0.31 0.22
   20 L    -2  -2  -2   0   5  -2  -2  -3   0   1   3  -3   2   1  -2  -1  -1  -4   0   0    3   2   2   6  11   1   3   2   2   7  30   1   5   5   2   5   3   0   3   7  0.37 0.26
   21 P    -1  -3  -3   1   4  -1  -2  -3  -3  -4  -2  -1  -4  -3   6  -1  -1  -4  -2  -3    5   1   1   8   9   2   3   2   1   1   4   4   0   1  44   4   4   0   1   2  1.04 0.59
   22 G     0   0   0   1   0  -2  -2   5  -2  -3  -4  -1  -3  -3  -2   0  -1  -3  -2  -4    8   5   4   7   2   2   2  43   1   1   2   4   1   1   2   7   4   0   2   1  0.64 0.38
   23 N    -2   0   6   2  -1   0   0  -1   0  -3  -5   0  -3  -4  -2   1  -1  -6  -2  -3    3   5  33   9   2   5   5   6   2   2   1   4   1   1   2  12   4   0   1   2  0.61 0.40
   24 N    -2   0   5   2   2  -1   0   0   0  -3  -4   0  -3  -3  -3   0   0  -4  -3  -3    3   5  31  12   5   2   6   7   2   2   2   5   1   1   1   7   5   0   1   2  0.56 0.37
   25 F    -1  -2  -2  -1   4  -2   0  -1  -1  -1   0  -2   0   4  -1   0   0   0   2  -1    4   2   2   4   8   1   7   5   2   3   8   3   2  21   3   6   5   1   8   5  0.29 0.21
   26 T    -1  -1   0   0   2  -2   0  -2  -1  -2  -2  -1  -3  -1  -1   2   4  -4  -1   1    4   3   4   4   4   2   6   3   1   2   4   4   0   2   2  15  27   0   3   8  0.33 0.29
   27 N    -2   1   4   2   1   1   0  -1   2  -3  -3   1  -4  -4  -2   0   0  -4  -2  -3    2   8  20  13   3   6   7   4   5   1   2   8   0   1   2   8   6   0   1   1  0.40 0.30
   28 E    -1   0   0   2  -2   2   5  -2  -2  -3  -4   1  -4  -4  -2  -1   0  -6  -4  -2    5   6   3   9   1   9  33   3   1   1   2  10   0   1   2   5   5   0   0   3  0.56 0.41
   29 C    -1  -6  -6  -5  11  -5  -5  -6  -4  -5  -4  -6  -3  -3  -5  -3  -2  -8  -4  -2    5   0   0   1  75   1   1   1   0   1   2   1   1   1   1   2   3   0   1   3  3.21 1.28
   30 N    -2   0   5   3   2   0   0  -1   0  -4  -3   0  -4  -4  -1   1  -1  -3  -4  -4    3   5  26  16   5   5   6   5   2   1   3   5   0   1   3   9   4   0   0   1  0.56 0.37
   31 I     0  -1  -1  -1   2  -1   0  -1  -2   2   1  -1   0   0   1  -1   0  -2  -1   1    8   3   3   3   6   2   6   4   1  13  16   4   2   4   7   5   4   1   2   8  0.08 0.08
   32 P    -1  -4   0   1  -2  -2   1  -2  -2  -4  -4  -1  -4  -4   6   0  -1  -4  -3  -2    6   1   4   7   1   2   8   3   1   1   2   4   0   1  45   6   4   0   1   3  0.99 0.59
   33 G    -1  -3   2   2  -1  -1   0   5   1  -5  -4  -1  -4  -2  -4   0   0  -1  -1  -5    4   2  11  10   2   3   5  37   3   1   2   3   0   2   1   7   5   1   2   1  0.63 0.39
   34 N    -3  -2   2   1  -5   4   3  -3   3  -6  -4   0  -1  -1  -3   0   0  -1   0  -4    2   2  10   8   0  18  22   2   6   0   2   6   2   3   1   6   5   1   3   1  0.58 0.42
   35 F    -4  -4  -9  -8  -5  -9  -6  -6  -1  -2  -1  -6  -1   9  -6  -7  -5   2   2  -4    2   1   0   0   0   0   1   1   2   2   5   1   1  71   1   0   1   3   7   1  2.45 1.07
   36 M    -1   3  -3  -2  -1   4  -1  -4   1  -3  -1   2   2  -1  -2  -1   1  -3  -2  -1    4  18   1   2   1  18   5   2   3   2   8  10   4   3   2   4   9   0   1   4  0.41 0.33
   37 C    -7  -8  -7 -10  12 -10  -2 -10 -10  -3  -8  -8  -9  -6  -7  -6  -5  -2 -10  -4    0   0   0   0  89   0   3   0   0   2   0   0   0   0   0   1   1   1   0   1  4.37 1.69
   38 S     0   1   2   2   0   0  -1   1   0  -4  -2   1  -2  -2   0   2   0  -3  -3  -2    8   7   8  10   2   5   3   9   2   1   4   7   1   1   4  18   6   0   1   3  0.20 0.20
   39 N    -5  -1   6   4  -8  -3  -4  -3  -3  -6  -4  -4  -4  -2  -4   2  -1  -9  -1  -6    1   3  41  22   0   1   1   2   1   0   2   1   0   2   1  15   4   0   2   0  1.32 0.75
   40 G    -4  -3   0  -3  -3  -2  -4   6  -2  -7  -6  -2  -3  -5  -6   0  -2   1  -2  -5    2   2   4   2   1   2   1  66   1   0   1   3   1   1   0   6   3   2   2   1  1.54 0.79
   41 R    -1   4  -1  -1  -3   2   1  -2   1  -2  -1   2  -1  -3  -3   0   0  -3  -3  -1    5  21   3   3   1  11   9   3   4   2   6  12   1   1   1   7   5   0   1   4  0.34 0.27
   42 C    -6  -5  -7  -6  11  -6  -6  -9  -5  -6  -6  -6  -5  -5  -7  -4  -3  -8  -3  -5    1   1   0   1  86   0   1   0   0   1   1   1   0   1   0   1   2   0   1   1  4.07 1.57
   43 I    -4  -4  -7  -5  -4  -7  -5  -7  -7   7   0  -5   0  -1  -4  -6  -4  -3  -1   3    2   1   0   1   0   0   1   0   0  55   9   1   2   3   1   1   1   0   2  19  1.56 0.70
   44 P    -2  -1   0   1  -4  -1  -1  -4   0  -5  -3  -2  -3  -4   6   2  -1  -4  -4  -5    4   4   4   8   0   2   5   1   3   1   3   3   1   1  43  13   3   0   1   1  1.03 0.63
   45 G     0   1   0   0  -3   0   0   1  -1   0   0   1   0  -2   0   0  -1   1  -1  -1    8   8   5   4   0   5   6  13   2   5   9  11   2   1   5   8   3   2   2   3  0.08 0.09
   46 A     0   1   0   1  -3   0   1  -2   1  -1  -2   1  -2  -1  -3   3   0  -1   1  -1    9   7   4   8   0   3   8   3   3   3   3   7   1   3   1  21   6   1   4   4  0.18 0.20
   47 W    -1  -1  -3  -4   2   1  -4  -4   0  -5   1   1  -2   1  -7  -1  -4   9   3  -2    5   3   1   1   4   7   1   1   2   0  12   7   1   6   0   6   1  29   8   3  1.09 0.60
   48 Q    -2   4  -2  -2  -5   2  -2  -5  -1   0   0   2   0   1  -2  -2  -1   0   0   2    2  20   2   2   0   9   2   1   2   4   9  11   2   6   2   3   3   1   3  16  0.35 0.28
   49 C    -6  -6  -4  -4  11  -5  -9  -6   0  -4  -4  -9  -4  -9  -9  -4  -5  -3  -9  -8    1   1   1   2  85   1   0   1   2   1   2   0   1   0   0   2   1   0   0   0  4.00 1.52
   50 D    -7  -3   3   7  -8  -2  -1  -4  -2  -8  -8  -3  -8  -8  -7  -1  -3  -8  -1  -8    0   1  11  67   0   2   3   1   1   0   0   2   0   0   0   5   2   0   3   0  2.02 0.95
   51 G    -2   0   0  -3   1  -3  -4   6  -1  -2  -6  -4  -2  -3  -5  -2  -3  -3  -2  -4    4   5   4   2   3   1   1  61   2   3   1   1   1   1   1   4   2   0   2   2  1.27 0.68
   52 L    -2   0  -1   1  -4   1   1  -2   1   2   0   0   0   0  -1  -2  -1   1   0   1    2   6   3  10   0   6   9   2   4  12   8   5   2   4   3   2   4   2   4  12  0.11 0.12
   53 P     0  -1   1   1   1  -1   0  -3   0  -1  -2   1  -1  -1   4   0  -1   1   0   0    7   4   8   7   3   2   6   1   2   3   4   8   1   3  18   6   3   2   3   7  0.22 0.20
   54 D    -5  -4   0   7  -7  -1   1  -4   1  -7  -7  -1  -7  -4  -6  -2  -4  -8  -3  -5    1   1   4  65   0   3  10   2   3   0   0   3   0   1   0   3   1   0   1   1  1.81 0.87
   55 C    -4  -8  -4  -3  11  -8  -8  -4  -2  -3  -5  -8  -7  -8  -8  -3  -3  -8  -2  -4    1   0   1   2  81   0   0   2   1   2   2   0   0   0   0   2   2   0   2   1  3.61 1.41
   56 F     0   0  -1   0  -4  -1   0   1   1  -1  -1  -1   0   1   2   0  -1   0   1  -1    8   6   2   4   0   3   7  11   3   4   6   3   2   7  10   8   4   1   6   4  0.08 0.10
   57 D    -3  -1   2   7   0  -2  -1  -1  -2  -6  -2  -3  -2  -3  -4  -1  -3  -7  -1  -2    2   3   8  52   2   2   4   4   1   0   4   1   1   1   1   5   2   0   2   3  1.17 0.64
   58 K    -1   1   1  -2  -2   0  -2   4   1  -3  -4   1  -1  -2  -2  -1   0   0   0  -3    5   7   7   3   1   5   3  31   4   2   2   8   2   2   2   5   5   1   3   2  0.44 0.29
   59 S    -1  -1  -2   1   0  -2   1  -2  -2  -3  -3  -1  -2  -2  -5   5   2  -1  -2  -3    4   3   2   7   2   2   9   4   1   1   3   3   1   2   0  42  11   1   1   2  0.65 0.48
   60 D    -2  -9  -1   7  -9  -1   1  -3   1  -3  -5  -2  -1  -2  -3  -3  -8  -9  -9  -4    4   0   3  61   0   3   8   3   3   2   2   3   2   2   2   2   0   0   0   2  1.71 0.82
   61 E    -3  -2  -1  -2 -10  -1   7  -3  -8  -9  -4  -2   0  -1  -9  -3  -2 -10  -9  -9    3   3   3   3   0   3  67   3   0   0   3   3   3   2   0   3   3   0   0   0  1.83 0.96
   62 K    -1   0   0   1   1   1   0  -2   1  -1   0   1   1  -1  -1   0   0   2   0  -1    6   6   5   7   3   5   7   3   4   4   9   9   4   3   3   6   7   3   3   4  0.05 0.06
   63 E    -1   0   0   0   2   0   0  -1   2   0  -1   0   2   1   0  -1   0   4   1  -1    5   5   5   5   5   5   5   5   5   5   5   5   5   5   5   5   5   5   5   5  0.09 0.08
   64 C    -1   0   0   0   2   0   0  -1   2   0  -1   0   2   1   0  -1   0   4   1  -1    5   5   5   5   5   5   5   5   5   5   5   5   5   5   5   5   5   5   5   5  0.09 0.08
   65 P    -1  -1   0   0   2   0  -1  -1   1  -1  -2   0   0  -1   4   0   0   2   0  -1    5   4   4   5   4   4   5   5   3   3   4   5   3   3  17   7   6   2   3   4  0.16 0.19
   66 K    -1   0   0   0   2   0   0  -1   2   0  -1   0   2   1   0  -1   0   4   1  -1    5   5   5   5   5   5   5   5   5   5   5   5   5   5   5   5   5   5   5   5  0.09 0.08
   67 A    -1   0   0   0   2   0   0  -1   2   0  -1   0   2   1   0  -1   0   4   1  -1    5   5   5   5   5   5   5   5   5   5   5   5   5   5   5   5   5   5   5   5  0.09 0.08
   68 K    -1   0   0   0   2   0   0  -1   2   0  -1   0   2   1   0  -1   0   4   1  -1    5   5   5   5   5   5   5   5   5   5   5   5   5   5   5   5   5   5   5   5  0.09 0.08
   69 S    -1   0   1   0   3   0  -1  -1   1  -1  -2   0   0  -1   0   1   1   0  -1  -1    5   6   6   5   6   4   4   6   4   4   4   5   2   3   5  13   9   1   2   5  0.09 0.10
   70 K    -1   1   0   0   2   1   0  -1   1  -2  -2   2  -1  -1   0   0   2   0  -1  -1    5   8   5   4   4   5   7   4   3   3   4  13   1   2   5   7  12   1   2   4  0.14 0.13
   71 C    -3  -3  -2  -3  11  -3  -4  -4  -2  -3  -4  -4  -2  -3  -3  -3  -2   0  -3  -3    2   2   2   2  64   2   2   2   1   2   2   2   1   1   2   2   3   1   1   3  2.64 1.19
   72 G     0   0   1   1  -1   0  -1   2   1  -3  -2  -1  -1  -2   2   1   0   0  -2  -3    7   5   6   7   2   4   5  16   3   2   4   4   2   2  11  11   5   1   2   2  0.19 0.19
   73 P     0  -1   0   0   0  -1   1  -1   0  -2  -3  -1  -1  -2   5   1  -1   0  -2  -2    7   4   4   6   2   3   8   5   3   3   3   4   2   2  25   9   4   1   2   3  0.37 0.32
   74 T    -1  -1   2   1   1   0   0   1   2  -1  -2  -1   0  -1  -1   0   2   1   0  -1    4   4   9   8   3   3   5  13   4   4   4   3   2   2   3   8  11   2   4   4  0.13 0.13
   75 F    -1   0   0   0   1   1   1  -1   2   0  -1   0   1   2  -1   0  -1   2   1  -1    4   4   4   4   3   6  10   5   4   5   6   5   4   9   3   6   4   3   5   4  0.09 0.09
   76 F    -1   0   0   0   2   0   0  -1   2   0  -1   0   2   1   0  -1   0   4   1  -1    5   5   5   5   5   5   5   5   5   5   5   5   5   5   5   5   5   5   5   5  0.09 0.08
   77 P    -1   3  -3  -3  -4   3   0  -5   1  -3  -1   2  -1  -1   3  -1   1  -2  -2  -2    5  15   1   2   1  13   5   1   3   1   7  10   2   2  12   6   8   1   2   3  0.38 0.32
   78 C    -4  -5  -6  -6  11  -5  -5  -4  -5  -5  -7  -5  -4  -3  -6  -5  -4  -9  -5  -5    2   1   1   1  81   1   1   2   0   1   1   1   1   1   1   1   1   0   1   1  3.86 1.64
   79 A     2   1   1   1  -1   0   0   1   1  -3  -2   0  -1  -3   0   1  -1  -2  -2  -2   19   7   6   8   1   4   7   9   3   2   4   7   2   1   4   8   4   1   2   3  0.17 0.17
   80 S    -3  -2   4   3  -4   0  -1  -1   0  -4  -4  -2  -3  -5  -2   3   0  -2   1  -4    3   2  17  18   0   4   4   5   2   1   2   3   1   1   2  21   6   1   4   2  0.61 0.44
   81 G    -3   0   1   0  -2  -1  -3   5  -1  -3  -3   0  -4  -3  -4   1   0  -1   0  -5    3   4   7   5   1   3   2  39   2   2   3   5   1   2   1  10   6   1   3   1  0.68 0.44
   82 I     0   0   0  -1  -1   0   0   1   0   0   1   0   0   0  -1   0   1  -1  -1   0    6   5   4   4   1   3   4   9   2   7  13   6   2   3   3   8   8   1   2   7  0.01 0.02
   83 H    -2   2   0  -2   1   3   1  -2   5  -2  -3   2  -1  -3  -2  -1   0  -2   0  -3    3  12   4   2   3  12   8   4  11   2   3  13   2   1   2   5   5   1   3   2  0.39 0.28
   84 C    -4  -4  -5  -4  11  -3  -5  -6  -4  -2  -3  -4  -3  -4  -4  -3  -3  -2  -4  -2    2   1   1   1  70   2   1   1   1   2   3   1   1   1   1   3   2   1   1   3  3.07 1.30
   85 I    -3  -4  -5  -3  -2  -4  -2  -5  -2   6   0  -2  -1  -1  -1  -3  -2  -2   0   2    3   1   1   2   1   1   3   1   1  42   9   3   1   3   3   2   3   1   3  15  0.96 0.48
   86 I    -1  -2  -1   1   0  -1  -1  -2   1   1  -1  -2  -1  -1   5   1  -2  -2   0  -2    6   2   3   9   2   2   4   3   3   7   8   3   2   2  25   9   2   1   3   4  0.37 0.28
   87 G     0   1  -1  -1  -2   0   0   2   0  -2   0   1   0  -2   1   1  -2   0  -2  -1    9   6   3   4   1   4   6  14   2   3   8   9   2   2   7   9   2   1   2   4  0.10 0.09
   88 R    -1   3   0   1  -2   0   1  -2   2  -3  -2   0  -1  -2  -1   2   1   1   0  -2    5  15   5   6   1   4   7   4   5   2   4   6   1   2   3  15   7   2   3   3  0.21 0.18
   89 F    -2   0  -2  -2   2   0  -3  -2  -1  -2   1   1  -1   3  -4  -2  -2   7   2  -3    4   5   2   3   4   5   2   4   2   2  11   9   1  12   1   3   3  16   7   2  0.60 0.32
   90 R    -2   3  -1  -3   0   1  -2  -3   0   1  -1   1   1   0   0  -1   0   1   0   1    4  17   4   2   2   5   3   2   2   7   7   7   3   4   6   4   7   2   3  10  0.19 0.13
   91 C    -2  -2  -1  -5   9  -1  -5  -2   0  -4  -2  -5   0   0  -5  -1  -1   3  -4  -2    3   3   3   0  54   3   0   3   3   0   4   0   3   5   0   5   4   4   0   3  1.62 0.72
   92 N     0  -1   3   5  -4  -1   0  -1  -3  -1  -2   0  -4  -5  -1   0  -1  -5  -4  -4    9   3  12  41   0   3   4   4   0   5   3   5   0   0   3   5   3   0   0   0  0.63 0.41
   93 G     1  -1   0  -1   0  -1  -2   4   1  -2  -3  -1  -1  -2   0   0  -2   3  -1  -2   11   3   4   3   2   2   2  36   4   2   2   4   2   2   5   7   2   4   2   2  0.37 0.27
   94 F    -1   0   0   1  -4   1   0  -3   1   1  -1   0   0   3  -2  -1  -1   3   2   0    4   6   4   7   0   5   7   1   3   8   3   7   3  14   2   3   3   4   6   8  0.15 0.16
   95 E     0   0   1   1  -2   1   1   0  -1  -1  -2   1  -1  -1   1   0   0   1   0  -1    8   5   7   7   1   8   8   7   1   5   3   8   1   2   7   7   5   2   4   4  0.09 0.10
   96 D    -1   1   0   3  -3   0   0  -1   3  -1  -2   0  -2  -1  -3   0   1   2   0  -1    3   9   3  23   0   3   3   3   8   4   4   5   0   3   0   7   9   3   3   4  0.23 0.22
   97 C    -1  -1  -4  -1   9   0  -4  -2  -4  -4  -1  -1  -3   0  -1  -1  -1   2   0  -1    5   4   0   3  44   4   0   4   0   0   6   4   0   3   3   4   4   3   3   4  1.09 0.56
   98 P    -1  -1  -3   0   2  -1   0   1   0  -2  -2  -2  -1  -3   5   0  -1   1  -2  -2    6   3   2   5   5   3   6   9   2   3   5   3   2   1  28   6   4   2   2   3  0.46 0.34
   99 D    -3  -4   2   7  -8  -1  -1  -1   0  -4  -3  -3  -2  -2  -4  -2  -3   0  -2  -8    3   1   8  54   0   3   4   5   2   1   3   2   1   2   1   4   2   1   2   0  1.37 0.72
  100 G     0   0   1  -2  -2  -2  -2   5   1  -5  -4   0  -2  -3  -2  -2  -4   1  -1  -3    7   4   7   3   1   2   3  45   3   1   2   6   1   2   3   3   1   2   2   3  0.83 0.49
  101 S    -1  -1  -2   0   0  -1   2  -3  -2  -4  -5  -2  -2  -2  -3   5   1   1  -1  -3    5   4   2   6   2   3  11   3   1   1   2   2   1   2   2  39   8   2   2   2  0.69 0.49
  102 D    -4  -4  -1   7  -1  -3  -2  -3  -2  -2  -7  -2  -7  -4  -3  -1  -1  -8  -1  -2    1   1   3  65   1   1   2   2   1   2   0   2   0   1   1   5   3   0   2   4  1.62 0.86
  103 E    -3  -4   0   0  -7  -1   7  -3  -2  -4  -4   0  -6  -7  -1  -3  -2  -7   0  -3    3   1   4   5   0   2  60   2   1   1   2   5   0   0   3   2   2   0   4   2  1.31 0.78
  104 E    -1   1   0   1  -1   1   2  -3   1  -1  -1   1   0  -1   0  -1   0  -1   0  -1    6   7   4   9   1   7  13   1   4   3   7  10   3   3   4   4   5   1   4   5  0.11 0.13
  105 N    -3  -1   6   2  -1  -1   1   0   1  -3  -3  -2  -3  -3  -2  -1  -1  -2  -2  -2    2   3  31  10   1   3  10   8   4   2   4   3   1   1   2   6   4   1   2   3  0.63 0.40
  106 C    -2  -5  -4  -5  11  -4  -3  -5   0  -3  -1  -4  -1  -4  -5  -2  -3  -3  -2  -3    3   1   1   1  64   1   3   1   2   2   5   1   2   1   1   3   2   1   1   3  2.65 1.13
  107 T     0   0   0   1   3   0   0  -1   1  -2  -2   0  -2  -2   0   1   3  -2  -1  -1    7   6   4   7   5   3   5   5   3   2   5   6   1   2   5  11  16   1   2   5  0.15 0.15
  108 A     1   1   0  -1   6   0   0   0   0  -2  -2   0  -2  -3   0   1   0  -5  -1  -1   10   7   4   3  13   4   7   8   3   2   4   5   1   1   4  10   5   0   2   4  0.24 0.18
  109 N    -1   1   3   2   1   1   0   0   1  -3  -2   0  -1  -2   0   0   1  -2  -1  -2    4   8  13   9   3   6   6   7   4   2   4   6   1   2   4   8   7   1   2   2  0.18 0.15
  110 P    -1  -2   0  -1  -2   0   1  -1   0  -2  -3   0  -2  -3   5   0   0  -1  -2  -2    5   3   5   3   1   4   8   5   2   3   3   6   1   2  30   8   5   1   2   3  0.49 0.33
  111 L     0   1  -1  -1   1   0  -1  -1   0   0   1   0   0   1  -1   0   0  -1   0   1    6   7   3   3   3   4   4   4   2   6  12   5   2   7   3   8   6   1   2  11  0.03 0.03
  112 L     0   0   0  -1   0   0   0  -1  -1   0   0   0   0   0   0   0   2   0   0   0    6   5   4   4   3   4   6   4   2   5  11   6   2   3   5   6  12   1   3   8  0.04 0.04
  113 C    -1   0   0   0   2   0   0  -1   2   0  -1   0   2   1   0  -1   0   4   1  -1    5   5   5   5   5   5   5   5   5   5   5   5   5   5   5   5   5   5   5   5  0.09 0.08
  114 S    -1  -1   0   1   4   0   0   1   1  -2  -2  -1   1   0   0   1   0   2   0  -2    4   4   5   7   7   4   5   9   4   3   4   4   3   5   6  12   6   2   4   3  0.13 0.14
  115 T    -1  -1   1   0   1   0   0  -1   1  -1  -1   0  -1  -1   2   1   1   1   0  -1    5   4   7   6   3   4   6   5   3   4   5   6   2   3  10  10   7   2   3   4  0.07 0.10
  116 A    -1  -1   2   2   2  -1  -1   2   1  -2  -3  -1  -1  -1  -1   1   0   1   0  -2    6   3  10  12   4   3   5  15   3   2   3   4   2   3   3   9   6   2   3   3  0.21 0.19
  117 R    -1   0   0   0   2   0   0  -1   2   0  -1   0   2   1   0  -1   0   4   1  -1    5   5   5   5   5   5   5   5   5   5   5   5   5   5   5   5   5   5   5   5  0.09 0.08
  118 Y    -2  -1  -1  -1   1  -1  -2  -2   1  -1  -2  -1   1   6  -2  -2  -1   2   4  -1    4   3   3   4   3   3   3   4   3   4   4   4   3  29   3   4   4   3  11   4  0.63 0.38
  119 H    -1   3  -1  -1   0   3  -1  -3   4  -2  -1   1   1   0  -1  -1   0   1   1  -2    4  14   3   3   2  10   5   3  10   3   6   8   3   3   3   5   5   2   5   3  0.28 0.23
  120 C    -3  -3  -2  -3  10  -2  -3  -3  -7  -2  -4  -3  -1  -2  -2  -3  -3  -7  -2  -3    3   2   2   2  62   2   2   2   0   2   3   2   2   2   3   3   2   0   2   2  2.52 1.13
  121 R     0   3   1   2   0   0   0   0   1  -2  -2   2  -1  -3  -1   0  -1   0  -1  -3    6  14   6  10   2   4   5   8   3   2   4  10   2   1   4   8   5   1   2   2  0.17 0.15
  122 N    -3  -2   5   3   0  -1  -2  -1   1  -3  -4  -2  -1  -2  -2   2   1  -7   0  -3    2   2  27  14   2   2   3   5   3   2   2   3   2   2   2  15   7   0   3   2  0.68 0.45
  123 G    -2  -2   0  -1  -2  -1  -3   6   1  -4  -4   0  -2  -2  -3   0  -2  -1  -3  -4    3   3   5   4   1   3   2  48   3   1   2   5   1   2   2   8   3   1   1   2  0.91 0.55
  124 L    -1   3  -1  -3  -2   2   0  -2   1   0   0   1   0  -1  -3  -1   1   0  -1   0    6  13   3   2   1   8   7   4   3   5   9  10   3   3   1   5   8   2   2   6  0.15 0.14
  125 C    -5  -5  -5  -5  11  -4  -6  -6  -3  -5  -5  -5  -4  -4  -5  -5  -3 -10  -4  -4    1   1   1   1  81   1   1   1   1   1   2   1   1   1   1   1   2   0   1   2  3.80 1.67
  126 I    -5  -4  -5  -6  -1  -5  -6 -10  -2   7   0  -5  -2  -1  -9  -6  -3  -9  -1   3    1   1   1   1   1   1   1   0   1  52  10   1   1   3   0   1   2   0   2  19  1.64 0.80
  127 D    -1  -1   0   3  -3  -2  -2  -3   2  -4  -3  -2  -2  -3   6   1  -2  -2  -2  -4    6   3   5  13   1   2   3   3   4   1   3   3   1   1  33  11   3   1   2   1  0.75 0.55
  128 K     0   2   0  -1  -3   1   0  -2   0  -1  -1   3   2  -2   0   0  -1   0  -1  -2    6  12   4   3   0   7   5   4   2   3   7  16   4   2   6   8   3   1   2   4  0.19 0.18
  129 S     0   0   1   1  -4   0   1  -3   1  -2  -3   0  -3  -3  -4   3   1   0   0  -3    9   5   7   7   0   4   8   3   3   2   3   6   1   1   1  23   9   2   3   2  0.33 0.30
  130 F    -1  -1  -1  -3  -3   2  -2  -4   0  -4   1   2   0   3  -4  -2  -3   8   2  -3    5   4   3   2   1   7   3   2   3   1  11  11   2  11   1   4   2  19   7   2  0.79 0.50
  131 I    -4   3  -5  -6  -2   0  -2  -9   0   2   1   0   1   0  -5  -5  -2   3  -2   4    2  15   1   0   1   4   3   0   3   9  14   7   3   4   1   1   3   3   1  26  0.66 0.41
  132 C    -6  -7  -5  -7  12  -5  -8  -6 -11  -6  -6  -6  -2  -5 -11  -7  -7  -2 -11  -7    1   1   1   0  88   1   0   1   0   1   1   1   1   1   0   1   1   1   0   1  4.42 1.89
  133 D    -7  -5   3   8  -4  -5  -4  -7  -9  -7  -8  -6 -10  -4  -6  -4  -6 -10  -5  -5    1   1  14  74   1   1   1   1   0   0   1   1   0   1   1   2   1   0   1   1  2.60 1.29
  134 G    -4  -1  -2  -3  -3  -3  -4   7  -1  -6  -5  -2  -3  -4  -4  -1  -3  -4  -2  -5    2   4   3   2   1   1   1  67   2   1   1   3   1   1   1   4   2   0   2   1  1.63 0.89
  135 Q    -2   1   0   1  -7   1   2  -5   3   2  -3   1  -1   0  -5  -2   0   1   0   2    3   7   4   8   0   7  12   1   6  10   3   9   1   3   0   3   5   2   4  12  0.29 0.23
  136 N     0   1   3   2   0   0  -1  -5  -1  -1  -4   1  -2  -1   2   0  -2   0   0  -1    8   8  13  10   2   4   5   1   1   4   2   9   1   2  10   6   3   2   3   5  0.25 0.23
  137 N    -7  -4   2   8 -11   0  -2  -3   2  -7  -8  -7 -11  -3 -10  -3  -3 -11  -6  -6    1   1   9  67   0   4   3   2   5   0   1   0   0   1   0   3   2   0   0   1  2.14 1.12
  138 C    -5  -7 -12 -12  12 -12 -12  -6  -5  -6 -11 -12  -3  -5 -12  -6 -11  -2  -4  -5    2   0   0   0  90   0   0   1   0   1   0   0   1   1   0   1   0   1   1   1  4.64 1.92
  139 Q     0   1  -2   0  -7   1   1   1   0  -1  -1   0  -2  -2   3   1   0   0  -2  -2    8   7   2   5   0   5   8  12   2   4   6   5   1   2  14   9   5   1   2   2  0.18 0.18
  140 D    -5  -5   1   8  -5  -2  -2  -2   0  -7  -6  -4  -6  -5  -4  -4  -5  -3  -3  -5    1   1   7  69   0   2   3   4   2   0   1   1   0   1   1   1   1   1   1   1  2.11 1.08
  141 N    -2  -1   3  -2  -5  -2  -2   6  -1  -4  -5  -1  -2  -2  -8  -1  -3  -1  -4  -7    4   4  13   2   0   2   3  51   2   1   1   5   1   2   0   5   2   1   1   0  1.17 0.68
  142 S    -2  -4  -4  -1  -9  -2   1  -2  -5  -6  -7  -4  -2  -2  -6   6   1   1  -1  -5    4   1   1   4   0   2  10   3   0   1   1   1   1   2   1  56   7   2   2   1  1.33 0.84
  143 D    -7  -6  -2   8 -11  -6  -5  -5  -2 -11  -8  -4  -5 -11  -4  -4  -4 -11  -5  -4    1   1   2  83   0   1   1   1   1   0   1   1   0   0   1   2   1   0   1   2  2.83 1.36
  144 E    -5  -7  -7  -3  -5  -6   8  -1  -2  -5  -4  -4  -3 -10  -4  -9  -5 -10 -10  -6    1   0   0   2   0   0  80   6   1   1   2   1   1   0   1   0   1   0   0   1  2.48 1.27
  145 E    -1   1   0   1   0   1   3  -4   0   0   0   1   1  -2  -2  -1   0   0  -3  -1    6   7   5   7   2   6  17   1   2   6   8   9   3   2   2   6   5   1   1   4  0.18 0.17
  146 S    -2   2   5   2   2  -2  -1   2   2  -4  -3  -2  -3  -3  -6   1  -2  -5  -1  -5    4   9  22  12   4   2   4  13   4   1   3   2   1   1   1  11   3   0   3   1  0.58 0.39
  147 C    -5  -8  -5  -8  12  -6  -8  -8  -7  -4  -6  -5  -9  -5  -4  -6  -5 -10  -7  -5    1   0   1   0  88   1   0   0   0   1   1   1   0   1   2   1   1   0   0   1  4.29 1.77
  148 E    -1   1   1   2  -2   1   3  -1   1  -4  -2   1  -2  -5   0   0   0  -3  -3  -2    5   7   6  12   1   7  16   5   3   1   4   7   1   1   6   7   7   0   1   3  0.26 0.23
  149 S     0   0   1  -1   3   0  -1   0  -2  -1  -3   1  -2  -2  -2   3   1  -4  -1  -2    8   5   7   4   7   4   4   8   1   4   3   7   1   2   3  19   9   0   2   3  0.22 0.19
  150 S     0   0   0  -2   1   0   0   0   0  -2  -1   1  -2  -2  -1   3   2  -3   0  -1    6   5   4   2   3   5   5   6   2   2   6   7   1   2   3  19  13   0   3   4  0.17 0.19
  151 L    -1  -1  -2  -3   4  -1  -2  -2  -1   1   2  -1   0   1  -2  -1   0   1  -1   1    6   3   2   2  10   2   3   3   2   9  21   3   2   6   3   4   6   2   2  10  0.23 0.17
  152 E    -1   0   0   0   2   0   0  -1   2   0  -1   0   2   0   0  -1   0   3   1  -1    5   5   5   5   5   5   5   5   5   5   5   5   5   5   5   5   5   5   5   5  0.03 0.09
  153 P    -2  -1   0  -1   4   0  -1  -2   1  -1  -2  -1   0  -1   5  -1   0   2   0  -2    4   3   4   4   8   4   4   4   3   3   4   4   3   3  25   5   5   2   3   3  0.43 0.35
  154 G     0  -1   0  -1   4  -2  -2   4   0  -2  -3  -1   0  -1   0   0  -1   1  -1  -2    7   4   4   4   8   2   3  27   2   3   3   4   2   3   4   7   4   2   2   3  0.34 0.25
  155 S     0   0   1   0   2   0  -1  -2   1  -1  -2  -1  -1  -2  -1   3   2   0  -1  -2    7   5   7   5   4   5   5   4   3   4   4   4   2   2   4  20  10   1   3   3  0.19 0.20
  156 G     0  -1   0   0   0  -2  -1   4   0  -2  -3  -1  -1   1  -1   0  -1   0  -2  -3    7   4   4   5   2   2   4  31   2   3   3   4   2   6   4   7   5   1   2   3  0.36 0.27
  157 Q    -2   1   0   1  -1   5   2  -2   1  -2  -3   1   0  -2  -2   0  -1   0  -1  -2    4   6   5   7   1  22  12   3   3   2   3   8   2   2   3   6   4   1   3   3  0.39 0.33
  158 V    -1  -1  -1  -1   3   0   0  -2  -1   1   0  -1   1   1  -2  -1   0   0   0   2    6   3   2   3   7   5   6   3   2   8  10   3   3   6   2   5   5   1   3  14  0.13 0.10
  159 F    -1   0  -2  -2   1  -2  -3  -3   0   0   0  -1   1   6  -1  -2  -1   2   2  -1    5   4   2   2   2   2   2   2   2   5   8   5   3  30   3   4   4   2   5   5  0.56 0.33
  160 V    -1   0  -1  -3   5   0  -2  -3  -1   1   0  -1   0   0  -1  -1   1  -2   0   3    6   6   3   2  10   4   2   3   1   8   8   4   2   4   3   5   8   1   3  17  0.25 0.18
  161 T    -1   0   0  -2   6   0  -2  -3  -1  -1  -3  -1  -1  -2  -1   1   4  -1  -2  -2    4   4   5   3  16   4   4   2   1   3   3   4   2   2   4   8  23   1   2   4  0.57 0.42
  162 S     0  -1   1   0   3  -1  -1   0   0  -4  -3   1  -2  -4  -1   3   1  -2  -3  -3    9   3   6   6   6   3   4   6   2   1   3   7   1   1   3  24   8   1   1   2  0.32 0.31
  163 E    -2   1   2   2  -3   1   3  -1   1  -3  -4   0  -2  -3  -1   1   0  -7  -2  -3    4   7   9  11   1   6  19   5   3   2   2   6   1   2   3   9   6   0   1   2  0.30 0.30
  164 N    -2  -1   5   1  -2  -1  -1   2   1  -4  -2  -1  -2  -2  -2   1  -1  -7  -1  -4    3   4  27   8   1   3   4  14   3   1   4   4   1   2   2   9   4   0   2   1  0.51 0.39
  165 Q    -2   1   1  -1  -2   5   0  -1   1  -3  -3   1  -2  -3  -2   0  -1  -2  -2  -3    4   8   7   4   1  23   7   5   3   2   3   9   1   1   3   7   4   1   2   2  0.41 0.37
  166 L    -2  -2  -4  -3   7  -2  -5  -3  -2   1   2  -2   0   1  -2  -3   0   1   0   0    4   3   1   2  21   2   1   3   1   8  20   2   2   5   2   3   6   2   3   6  0.63 0.39
  167 V    -1  -2  -2  -3   3  -1  -2  -2  -2   4  -1   0   1  -1  -1  -2   1  -1  -3   3    5   2   2   2   5   3   3   3   1  21   7   5   3   2   3   4   8   1   1  16  0.33 0.24
  168 Y    -1  -1  -2  -1   2  -3  -2  -2   2  -1  -2  -1  -2   3  -1  -1   1   4   5  -1    5   4   2   4   4   1   3   3   5   4   5   4   1  10   4   5   7   6  16   4  0.33 0.27
  169 Y    -3   0  -2  -2   1  -1  -3  -3   2   0   0  -1   2   3  -4  -1  -1   4   6  -2    3   5   3   2   3   4   2   3   5   5   8   3   5   9   1   4   4   5  24   4  0.59 0.38
  170 P    -1  -2   0  -1   1   1  -1  -2  -3  -3  -3   0  -3  -3   6   0  -1  -1  -3  -1    5   3   4   4   3   6   4   4   1   2   3   5   1   1  37   8   3   1   1   4  0.72 0.54
  171 S     1   0   1   0   1  -1  -1  -1  -1  -2  -3   0  -1  -2  -2   4   0  -3  -3   0   10   5   7   5   3   3   4   5   1   2   3   5   1   2   2  25   7   1   1   7  0.27 0.26
  172 I    -2  -2  -1  -3   2  -3  -2  -3  -3   4   0  -3   1   0  -2   0   1   0  -3   2    4   3   3   2   3   2   3   2   1  25  10   2   3   3   2   6   9   1   1  14  0.43 0.27
  173 T    -1  -1   0  -3   4   1  -2  -1  -2   1  -2  -2   0  -2  -2   0   4  -2  -1   0    6   4   4   2   7   7   3   6   1   7   4   2   2   2   2   6  25   1   3   7  0.38 0.30
  174 Y     0  -2  -1   0   1  -3  -2  -1  -1   0  -2  -3  -1   2  -4  -2   0   4   6   0    9   3   4   6   3   1   4   5   2   6   4   2   1   7   1   3   5   5  26   6  0.57 0.38
  175 A     3  -1  -1  -2   2  -2  -3   1  -1   2  -3  -2  -2  -3  -4   0   2   1  -2   1   22   3   3   2   4   2   2   9   2  12   2   3   1   1   1   8  11   2   1   8  0.31 0.25
  176 I    -1  -2  -3  -2   3  -5  -4  -4  -3   5   1   0   0   0  -2  -2  -2   0   0   3    5   3   1   2   5   1   1   1   1  25  14   6   2   3   2   3   3   2   3  17  0.54 0.32
  177 I    -2  -4  -2  -1   1  -2   0  -3  -3   5   2  -3   0  -1  -3  -3  -2  -3  -2   3    4   1   2   4   3   2   6   2   1  25  17   2   2   2   2   2   3   1   2  18  0.55 0.33
  178 G     0  -1  -1  -1   1  -1  -2   5   0  -1  -4  -4  -1  -3  -2   0  -2  -1  -7  -1    8   3   3   4   2   3   3  42   2   4   3   1   2   1   2   8   2   1   0   4  0.70 0.47
  179 S     1   1   0  -1   4  -1  -2  -1  -2   0  -3  -2  -2   0  -2   3   1  -3  -4  -1   10   8   5   4   8   2   3   4   1   4   2   3   1   4   3  23   9   0   1   5  0.34 0.29
  180 S     1  -1   0  -1   1  -2   1  -1   0  -1   0   0  -2  -3  -1   2   1  -7  -3  -1   13   3   5   4   3   2  10   5   2   3  10   5   1   1   3  17   9   0   1   4  0.18 0.19
  181 V    -1  -4  -4  -2   0  -3  -3  -4  -8   3   1  -3   2   0  -4  -2  -1  -4  -2   5    6   1   1   2   2   2   2   2   0  17  11   2   5   3   1   3   4   0   1  34  0.74 0.43
  182 I     0  -2  -7  -3   3  -3  -4  -2  -2   4   1  -2   0   1  -2  -3  -1  -1  -1   3    8   2   0   2   6   1   1   3   1  19  13   3   2   5   3   3   3   1   2  21  0.50 0.29
  183 F    -2  -3  -3  -3  -2  -5  -4   0  -4  -1   1  -2  -2   7  -2  -1  -2   2   1   0    4   2   1   2   1   1   1   7   1   4  12   3   1  38   2   4   3   3   5   6  0.91 0.51
  184 V     1  -2  -1  -2   1  -2  -3  -3  -3   2   2  -2   2  -1  -3  -1   0  -2  -1   3   10   3   3   3   3   2   2   2   1  11  18   3   5   3   1   5   7   1   2  18  0.29 0.20
  185 L    -1  -1  -2  -1  -1   0  -2  -4  -3   2   3  -3   1   1  -2  -1  -1  -1  -1   1    6   4   3   3   1   4   3   2   1  10  30   2   4   6   2   4   4   1   2  10  0.33 0.23
  186 V    -2  -3  -2  -4   2  -3  -3  -1  -3   3   1  -5   1   0  -3   0   1  -1  -2   3    4   2   2   1   4   1   2   4   1  16  15   1   3   3   1   7   8   1   2  21  0.42 0.27
  187 V     0  -1  -2  -3   2  -2  -2  -3  -3   3   0  -2   0  -1  -3  -1   0  -2  -3   4    8   4   2   2   4   2   2   3   1  13  10   3   2   2   2   5   6   1   1  28  0.43 0.28
  188 A     3   0  -1  -1   3  -1  -2   0  -1   1  -2  -1  -1   0  -2   1   1  -1  -3   0   23   5   3   3   5   3   3   7   2   7   4   4   1   4   2   9   7   1   1   7  0.19 0.18
  189 L    -1  -2  -2  -5  -1  -2  -4   0  -1   3   3  -3   2   2  -3  -1   0  -6   0   1    6   2   2   1   1   2   1   6   1  15  23   2   5   7   2   4   6   0   3   9  0.34 0.23
  190 L    -1  -2  -4  -2   3  -4  -4  -3  -6   2   3  -2   2   1  -2  -1   0  -1   0   1    5   3   1   2   5   1   1   2   0  11  30   3   4   6   3   4   6   1   3   8  0.40 0.28
  191 A     3  -1  -3  -2   2  -2  -1   2  -2  -1  -1  -2  -2  -1  -3   1  -2  -5   0   2   22   4   1   2   4   2   5  14   1   4   7   2   1   2   1   9   2   0   3  13  0.24 0.24
  192 L    -1  -1  -4  -2   2  -2  -2  -2  -2   2   2  -1   1   3  -1  -2  -1  -2  -1   1    6   4   1   2   5   2   2   4   1  12  21   3   3  12   3   3   4   0   2   8  0.25 0.19
  193 V     1   1  -3  -3   2  -2  -3  -2  -2   2   0  -1   0  -1  -3  -2   1   1   0   3   11   7   1   1   5   1   2   3   1  11  10   4   2   2   1   3   7   2   3  23  0.31 0.24
  194 L    -1  -1  -2  -3   3  -2  -5  -4  -1   2   3  -1   2   3  -3  -1  -2   0   0   1    5   3   2   2   5   2   0   1   1  13  25   3   4  12   2   4   2   1   3  10  0.39 0.27
  195 H    -2   2   0   0   0   0  -2  -2   6  -3  -3  -1   0   1  -2   1  -2   0   4  -1    4   9   4   5   2   5   2   3  17   2   3   3   2   6   2   9   2   1  15   4  0.49 0.36
  196 H    -2   2   0  -1   2   1  -2  -1   7  -3  -1   0   0  -1  -3  -1  -1   2   2  -1    3  11   5   4   3   5   2   5  23   2   5   5   2   3   2   4   3   2   7   4  0.51 0.37
  197 Q    -1   2   0   0   2   3   0  -2   1  -1   0   1  -1  -1  -4   0  -2   1   0  -1    4  12   5   4   5  13   5   3   4   3   9   8   1   3   0   7   2   2   3   5  0.18 0.19
  198 R    -3   6   0  -2   1  -1  -2  -3   1  -3  -2   2   0  -5  -6   0  -2  -1  -1  -1    2  42   4   2   3   3   2   2   3   1   4  10   3   0   0   7   3   1   2   4  0.85 0.57
  199 K    -3   3   1   0  -1   1  -1  -1   1  -3  -3   4   0  -4  -2   0  -1  -2   0  -2    2  17   6   4   1   6   4   4   3   1   3  24   2   1   2   6   4   1   4   3  0.43 0.35
  200 R    -2   6  -2  -4   0   1  -1  -1   2  -2  -2   2  -2  -3  -3   0  -1  -6  -4  -2    4  36   2   1   2   5   3   5   4   2   5  14   1   1   1   7   3   0   1   3  0.69 0.48
  201 N    -2   1   5   1   0  -3  -1  -1  -1  -1  -3   0  -1  -2  -3   0   1   1  -2  -1    3   8  29   7   2   1   4   6   2   4   2   7   1   2   1   5  10   2   1   4  0.45 0.36
  202 N    -1   1   4   1   0   0   0   0   1  -4  -3  -1  -4  -1  -3   1   0   0   0  -2    6   6  24   6   2   4   7   8   3   1   2   3   0   2   1   9   7   1   3   3  0.34 0.30
  203 L    -1   1  -2  -3  -1  -2  -2  -2  -1   1   3  -3   2   1  -3   0   0  -1   1   0    5   8   2   1   1   1   3   2   1   8  28   1   5   7   1   8   5   1   4   7  0.23 0.21
  204 M    -1  -1   0  -1   1   0   0  -2   0   1   1  -3   4  -1  -3  -1   1  -1  -1   1    5   4   5   3   3   5   5   3   3   9  16   1  12   2   1   5   8   1   2   8  0.16 0.18
  205 T     1   0  -1   0   1  -1  -1  -4  -1  -2   0  -2   0   1  -1   1   3  -5  -2   1   11   6   3   4   3   3   4   1   1   2   7   2   3   6   3  11  20   0   1  10  0.19 0.23
  206 L     0   0  -1  -2  -1  -2  -1  -3  -2   1   3  -2   2   1  -2   0   0   0  -1   0    7   5   3   2   1   1   4   1   1   6  32   2   5   5   2   7   5   1   2   6  0.25 0.23
  207 P    -1  -2  -3  -1  -7   1  -2  -2  -1  -3  -2  -5  -2  -6   7  -1  -1   0   0  -1    6   2   1   4   0   5   3   3   1   2   5   0   1   0  47   4   5   1   3   5  1.07 0.71
  208 V     0  -2   0  -2   1  -1   0  -3  -1   1   1  -2   0   0  -1  -1   1  -1   0   2    8   2   4   1   4   3   7   1   2   9  14   2   2   4   3   5   8   1   4  16  0.12 0.14
  209 H    -2   0   1   1  -2  -1  -1  -1   7  -1  -2  -2  -1  -2  -3   0  -2  -5   3  -3    4   6   7   7   1   3   4   4  28   4   4   3   1   2   2   8   2   0   9   2  0.66 0.45
  210 R    -1   5   0   0  -2   2  -2  -1  -2  -1  -1   1  -1  -5  -5   0   0  -5  -2  -2    5  36   4   4   1   7   2   5   1   4   5   8   1   0   0   7   5   0   1   3  0.58 0.43
  211 L    -2  -2  -5  -2   1  -2  -3  -5   0   2   3  -2   3  -1  -1  -1   0   2  -4   2    3   2   0   2   2   2   2   0   2  11  29   3   8   2   4   5   5   3   0  13  0.39 0.31
  212 Q    -1   2   1   1  -5   4   2  -1   1  -3  -2   1  -2  -3  -1   0  -1  -5  -4  -4    5   9   6   8   0  22  11   4   4   2   4  10   1   1   3   6   4   0   0   1  0.38 0.35
  213 H    -2   0   3   0  -2   0  -1  -1   7  -5  -3  -1  -1  -1  -1   1  -1   0   2  -3    3   5  12   5   1   3   3   4  26   0   2   4   2   3   3   9   4   1   7   2  0.58 0.41
  214 P     0  -1  -2   0  -5   0   1  -1  -2   0  -1  -1  -1  -3   5   0  -2  -5  -5  -2    9   3   2   5   0   4   8   4   1   5   5   3   1   1  35   8   2   0   0   3  0.59 0.42
  215 V     0  -3   0   0   0  -2  -2  -2  -1   2   1  -3   1   1   0  -1   0  -4  -1   2    7   0   4   7   2   2   2   3   1  12  15   0   3   6   5   4   7   0   1  19  0.15 0.17
  216 L    -1   0  -1  -1   1  -2  -2  -1  -3   2   3  -2   0   0   0  -1  -1   0  -1   1    5   5   3   3   3   1   2   6   0  11  29   2   2   4   5   3   3   1   2  11  0.15 0.17
  217 L    -2   0  -1  -2  -1  -2  -3  -3  -1   2   3  -2   1   0   0  -3  -3   0   1   1    3   7   3   2   2   1   1   2   1  14  33   2   4   3   6   1   0   2   5   9  0.32 0.28
  218 S    -1   0   1   1   0  -1  -1   0   0  -1  -2   0  -3  -4  -1   4   1  -1   0  -2    5   5   6   7   2   2   4   6   2   3   3   7   0   0   3  32   7   1   3   2  0.27 0.29
  219 R    -1   5   2   0  -4   0   0  -2   3  -4  -3   1  -1  -4  -1   0  -1  -4  -1  -1    4  33   8   5   0   3   5   3   6   1   2   9   2   0   2   6   3   0   2   5  0.48 0.35
  220 L     0   0  -2   0  -3  -1  -2  -2  -1   1   2  -2   2   0  -3  -1   1  -3  -1   1    7   5   2   5   0   3   1   3   2   8  27   1   6   5   1   4  10   0   2   9  0.16 0.18
  221 V     0  -2  -2  -2   0   0   0  -1  -2   2   1  -1   1   1  -3  -1   0   0   1   2    8   1   1   2   2   4   6   5   0  13  11   3   3   5   1   4   5   2   5  20  0.12 0.14
  222 V     0  -1  -1  -3   3  -1  -1  -3  -1   2   1  -2  -1   1  -1   0   0   2  -2   2    8   4   3   1   6   2   3   1   2  10  12   1   0   7   3   6   6   3   1  21  0.15 0.16
  223 L    -1  -1  -1   0   1  -1  -1  -1  -2   1   3  -2   1   1  -1   0  -1   1  -1   0    5   2   2   6   4   2   3   4   0   7  31   1   4   6   3   9   3   2   2   5  0.13 0.14
  224 D    -2   0   2   5  -3   0  -1  -2  -2  -3  -2  -2  -3  -3  -1   1   0  -4  -2  -2    3   6  10  40   0   5   2   3   0   1   3   1   0   1   2  10   7   0   1   3  0.62 0.36
  225 H    -1   1   1  -1  -3   0   0  -1   5  -2  -2   0   0   0  -1   0  -1   1   1   0    3   9   8   3   0   4   5   5  17   1   1   4   2   4   3   9   2   2   6   9  0.22 0.20
  226 P    -1  -2  -1   0  -4  -3   0  -1   1  -3  -1   0  -3  -4   6  -1   0  -4  -2   0    6   2   2   6   0   0   5   5   3   1   5   6   0   0  40   4   5   0   1   7  0.71 0.41
  227 H    -2   1   1  -1  -1   0  -1  -1   6  -3  -2   0  -1   0  -1  -1  -1   2   3  -2    3   8   7   4   2   3   4   6  24   1   4   4   2   3   3   4   3   3  10   4  0.39 0.29
  228 H    -1   1   0   0  -3   1  -1   0   4  -2  -1   0  -2   0  -2   0   0   1   2  -1    4   9   4   7   0   5   1   6  15   1   7   6   0   4   2   8   5   2   8   4  0.18 0.18
  229 C     0  -2  -1  -1   7  -1  -2   0  -3   0   0  -2  -2  -2  -3   0   1  -3  -1  -1    8   3   3   4  25   2   3   6   0   5  12   1   0   2   1   8  11   0   2   4  0.40 0.26
  230 N    -1   1   4   1  -3   0  -1  -2   0  -1  -1  -1  -2  -2  -1   2   0  -3  -1  -2    5   8  25   8   0   5   3   2   2   3   6   2   0   2   3  17   4   0   2   3  0.27 0.23
  231 V    -1   0  -1  -1  -1  -1  -1   0  -3   2   1  -1  -1  -1  -3  -1   1  -3  -1   3    3   7   2   3   1   2   3   6   0  10  10   3   0   2   1   5   9   0   2  30  0.16 0.18
  232 T    -2   0  -2  -1   0   0  -1  -3   0   2  -1   1  -1  -1  -3   1   4   1  -3  -1    1   6   0   2   2   5   2   1   2  12   5   7   1   2   1   9  34   2   0   4  0.33 0.30
  233 Y    -2   0  -1  -2  -3  -2   0  -4   1  -1  -1  -1   0   2  -1   0  -1  -2   6   1    3   5   2   2   0   0   6   1   3   3   6   3   2   7   4   6   4   0  34   9  0.49 0.34
  234 N    -2   0   5   3  -4   0  -2  -1   0  -4  -4   0  -1  -2  -3   0   0   1  -3  -2    2   5  33  20   0   3   1   4   2   1   1   6   2   2   1   7   6   2   0   3  0.57 0.36
  235 V     0  -1  -3  -2   4  -3  -1  -2  -3   3   0  -3   1  -1  -3  -1  -1   1  -1   3    7   4   0   2  10   0   4   3   0  21   8   0   3   2   0   3   4   2   2  26  0.33 0.25
  236 N    -1   1   5   0  -4   2  -1  -3   1   0  -2  -1  -3  -1  -1   0   1  -4  -1  -2    4   7  37   4   0   9   2   1   3   5   3   2   0   2   2   6   8   0   2   2  0.48 0.35
  237 N    -3  -1   5   2  -4  -1   0   1   0  -2  -2  -2  -3  -4  -3   1   0  -4  -2  -1    1   2  38  10   0   1   6  11   2   2   5   1   0   0   0   9   4   0   2   5  0.56 0.37
  238 G    -1  -2   0  -3  -3  -1  -1   5   0  -1  -2  -3  -3  -4  -1   1   0  -4  -3  -2    2   2   4   1   0   3   3  51   3   4   5   1   0   0   2  10   5   0   0   3  0.66 0.37
  239 V    -1  -3  -1  -3   0  -3  -1  -4  -2   3   1  -1  -1  -2  -1  -1   2  -4  -1   3    4   0   3   0   2   0   4   0   1  19  14   4   0   0   3   4  13   0   2  26  0.30 0.26
  240 Q    -2   1  -1   0   0   5   1  -2   2  -2  -1  -1  -1  -4  -3   0  -1  -4  -1  -2    2   7   2   6   2  37   8   3   5   2   7   2   1   0   0   8   3   0   2   2  0.48 0.38
  241 Y    -3   1  -1  -2  -1   0  -1  -2   1   1   0   0   0   3  -4  -1  -1  -2   5  -1    0   8   2   2   1   6   2   3   4   8   9   5   3  12   0   5   2   0  24   4  0.31 0.26
  242 V     0  -2  -1  -2  -3  -3  -3  -4  -4   2   1  -2   2  -1   0  -3   0  -4  -3   4    8   1   4   2   0   0   0   0   0  13  15   2   7   3   4   0   6   0   0  34  0.40 0.31
  243 A     1   1  -1  -2   0  -1  -1   2  -2  -1   0  -1  -2  -2   0   2  -1   0   0  -1   10  11   2   0   2   2   2  16   0   4   9   3   0   0   5  18   3   1   4   5  0.13 0.17
  244 T    -1   3   1  -1   1  -1  -1  -1   0  -2   0   0   1  -3  -2   2   2   1  -1  -1    4  17   6   3   3   0   3   3   2   1  10   3   4   0   1  17  17   2   2   3  0.19 0.21
  245 Q     0   0  -2   0  -3   3   2  -2  -2  -1  -2   0  -2  -3   2   1   0  -3   0  -1    6   5   1   4   0  20  15   2   0   4   3   5   0   0  11   9   5   0   5   3  0.27 0.22
  246 A     1  -1  -1   0   2  -2  -2   1  -2   0   0  -2   0  -1   1   0   0  -2   1   1   16   4   2   5   5   0   1  11   0   5   7   1   2   2   6   8   5   0   7  13  0.08 0.11
  247 E    -1   0   0   0   1   0   3  -1  -1  -2  -2   0   0  -1   0   1   0  -2   1  -1    4   5   5   5   4   3  25   4   0   1   2   5   3   3   4  10   5   0   7   4  0.18 0.16
  248 Q     0   0   1   1   0   3   2  -1   0  -2  -1   0  -1  -1  -2   0   0   1  -2  -1    6   3   5   9   3  19  13   3   2   1   6   4   1   3   1   7   5   3   1   5  0.16 0.14
  249 N    -2   0   3   1   0   0   1  -1   2  -1  -2   1   0   1  -2  -1  -1  -2   1  -1    2   4  21   9   3   3   9   3   6   4   2   9   3   6   1   3   1   0   6   4  0.17 0.14
  250 A     1  -1  -1  -1   0  -1   0   1   1   0  -1  -1   0   1   1   1   0   2  -1   0   12   1   1   4   3   3   6  12   4   5   6   1   2   7   7  11   5   4   1   6  0.07 0.07
  251 S     0   1   0   0  -2   0   0   0   0  -2  -1   0  -1  -2  -1   2   2  -2  -2  -1    8   8   4   4   0   3   4   7   3   1   6   3   1   1   1  24  16   0   1   5  0.16 0.14
  252 E    -1   0   1   2  -2   1   2   1   1  -1  -2   0  -2  -1   1   0   0  -2  -2  -1    2   6   5  13   0   7  15  10   3   4   4   4   0   4   6   7   5   0   1   4  0.14 0.10
  253 V    -1   0   0  -2  -2  -2  -2  -1  -2   1   0  -1   0   1  -2  -1   0  -2   0   3    4   5   5   1   1   1   2   4   1   8   9   4   2   8   1   2   4   0   3  33  0.16 0.14
  254 G     0   0   0   1  -2  -1   0   4   2  -2  -2  -1  -2  -2  -1   0   0  -2   0  -2    6   7   4   7   0   1   6  34   7   3   2   1   1   1   3   7   4   0   3   3  0.29 0.16
  255 S     1   0  -1  -1   2   0   0   0  -2  -2  -2  -1  -2  -2   2   2   2  -2  -2   0   11   5   1   3   5   5   4   5   1   1   2   3   1   1  10  19  15   0   1   8  0.18 0.14
  256 P    -3  -4  -4  -4   1  -2  -1  -1  -4  -2  -4  -3  -4  -1   7  -2  -1  -5  -1  -4    1   0   0   0   3   2   3   5   0   2   1   0   0   3  69   2   3   0   2   1  1.73 0.66
  257 P    -3  -2  -4   0  -5  -3  -1  -2  -4  -2  -4   0  -4  -1   7  -1  -3  -5  -4  -2    0   2   0   5   0   0   5   3   0   3   1   5   0   3  65   4   0   0   0   3  1.55 0.61
  258 S     0   0  -2   0  -3  -2  -2   1   2  -2  -3   0  -3  -4   4   3  -2   2  -3  -3    5   5   0   5   0   0   0   9   6   3   3   5   0   0  24  31   0   3   0   0  0.54 0.35
  259 Y    -4  -4  -4  -4  -4  -3  -1  -5   3   1   0  -4  -2   2  -4  -4  -3  -1   8  -1    1   0   0   0   0   0   5   1   8   7  10   0   0   5   0   0   0   0  56   3  1.29 0.56
  260 S     1  -1  -1   0   2   0  -1   0   1  -2  -2  -2  -2   0  -3   3   1  -4  -2   0   13   2   2   5   6   3   2   7   5   0   3   0   0   4   0  30   8   0   0   9  0.22 0.23
  261 E     0  -1  -1   2  -3  -1   4  -3   1  -2   0   0  -2  -2  -3  -1   0  -4  -3   1    7   2   2  10   0   0  38   1   3   0   9   3   0   2   0   3   6   0   0  13  0.37 0.28
  262 A     3   0  -2   1  -2   0   0   0  -3   1  -2  -2  -2  -3  -2   0  -1  -3  -3   2   35   5   0  11   0   4   4   5   0   9   1   1   0   0   1   7   1   0   0  15  0.27 0.24
  263 L     0  -1  -3  -3   1   1  -1  -1  -2   1   1  -2   2   1  -3  -2   0   5   1   2    7   3   0   1   3   7   2   4   0   5  15   1   8   7   1   1   6  10   4  16  0.22 0.17
  264 L    -1   0  -1  -3  -2  -1  -2   0  -3   2   3  -2   0   0  -1  -2   0  -2  -2   2    3   5   3   1   0   3   1   9   0  11  34   1   0   4   3   1   7   0   0  14  0.18 0.15
  265 D    -2  -1   3   3  -4  -1   1   1   3  -4  -4  -2  -3  -4   1   0   1  -4  -3  -3    0   3  15  24   0   0   9  14   9   0   0   0   0   0   6   7  11   0   0   0  0.44 0.25
  266 Q    -2   1   2   2  -3   3   2  -2   0  -2  -1   1   0  -3  -2   1  -1  -3  -3  -2    0   8  10  15   0  14  13   0   2   3   6   8   4   0   0  16   0   0   0   0  0.29 0.20
  267 R    -2   4   1   0  -3   1   0   0   2  -3  -1   1  -2  -3   0   0   0  -3   0  -3    0  30   8   6   0   7   4   7   6   0   8   6   0   0   6   4   4   0   4   0  0.27 0.18
  268 P    -1  -3  -2  -1  -3  -2  -2   0  -3   0   1  -2   0  -3   6   0  -2  -3  -3  -1    3   1   1   3   0   1   1   9   0   7  14   1   3   0  43   8   1   0   0   5  0.72 0.27
  269 A     2  -1  -2  -2  -2  -1   0   2  -2  -1  -2  -1  -1   2   0   0   0  -2   2   1   20   3   1   1   0   1   7  16   0   1   1   1   0  11   4   4   5   0  10  14  0.14 0.13
  270 W    -1   0  -1  -1  -3  -1   0   0   1  -2  -2  -2   2  -1   0  -2  -2   9   1  -2    5   5   3   4   0   1   8   7   3   1   2   1   7   1   5   2   1  37   4   2  0.90 0.28
  271 Y    -1   1  -2  -2  -2  -1  -1   1  -1   0  -1  -1  -1   2  -2  -1   0   3   3   1    1  12   1   1   0   1   4  11   0   7   4   1   0   9   1   4   9   4  17  12  0.15 0.12
  272 D    -1   2   0   4  -3   0   2   0  -2  -3  -3   1  -3  -3   0   0  -1  -3  -3  -3    6  14   1  35   0   1  14   8   0   1   1   6   0   1   4   5   1   0   0   1  0.44 0.19
  273 L    -1  -2  -2  -2  -2  -1   0  -1  -2   1   2  -2   0   1   1  -1   1   3  -1   0    2   1   1   1   0   1   8   4   0   5  34   1   0   5   6   5  13   5   1   5  0.14 0.11
  274 P    -2  -3   0  -2  -3   0  -2  -3  -3  -3  -3  -2  -3  -4   7  -2   1  -4  -3  -3    1   1   5   1   0   3   1   1   0   1   1   1   0   1  71   1  10   0   0   1  1.62 0.40
  275 P    -2  -3  -2  -2  -3   0  -2   0  -3  -3  -3  -2  -3  -4   7   0   0  -4  -3  -3    1   1   1   1   0   5   1   6   0   1   1   1   0   1  68   5   6   0   0   1  1.50 0.35
  276 P    -2  -3  -3  -2  -3  -2  -2  -3  -3  -3  -4  -2  -3  -4   8   1  -2  -4  -3  -3    1   1   1   1   0   1   1   1   0   1   1   1   0   1  77  11   1   0   0   1  1.84 0.41
  277 P    -1   0  -2  -2   2  -2  -2  -2  -2  -3  -2  -2  -2  -3   7   0  -2  -3  -3  -2    5   6   1   1   6   1   1   1   0   1   5   1   0   1  58   9   1   0   1   1  1.14 0.28
  278 Y    -2  -3  -2   0  -3  -2  -2  -3   0   0  -2  -3  -2   1  -3  -1  -2   4   8  -2    1   1   1   6   0   1   1   1   0   6   1   1   0   1   1   6   1   5  66   1  1.11 0.35
  279 S     2   1   1  -1  -2   0  -1  -1  -2  -2  -3  -1  -2  -3   1   4   0  -3  -2  -1   18  10   5   1   0   5   1   1   0   1   1   1   0   0   6  45   1   0   0   5  0.38 0.21
  280 S     0  -2  -1   0  -2   1   0   1  -2  -2  -1  -1  -2  -3  -2   4   2  -4  -3  -1    5   0   0   5   0   8   4  11   0   0   5   0   0   0   0  44  13   0   0   5  0.35 0.22
  281 D     0   1   1   2  -2   0   0   1   2  -2  -2   1  -2   0  -2   0   1  -2  -1  -2   11   7   6  17   0   1   4  13   7   1   1   8   0   7   1   1  13   0   0   1  0.15 0.07
  282 T    -1   1  -1   0  -2  -2  -2  -2  -3   0   0  -1   0  -3  -2   0   5  -3  -3   0    1  11   0   7   0   0   0   2   0   6   7   0   1   0   0   0  58   0   0   6  0.44 0.22
  283 E     0  -1   2   2  -3   1   3   2   2  -3  -3   0  -2  -3  -2  -1  -1  -4  -2  -1    6   0  13  16   0   5  25  16   6   0   0   7   0   0   0   0   0   0   0   6  0.33 0.12
  284 S     2  -1   2  -1  -2   3   1   1  -1  -3  -3  -1  -2  -3   1   2   0  -3  -3  -2   23   0  12   0   0  18   7  11   0   0   0   0   0   0   7  20   1   0   0   0  0.33 0.14
  285 L    -1  -3  -3  -3  -2  -2  -3   0  -3   1   3  -3   0  -1  -3   1  -1  -3  -2   2    0   0   0   0   0   0   0   7   0   7  44   0   0   0   0  19   0   0   0  23  0.30 0.16
  286 N     0  -1   4   3  -3   0   0  -2  -1  -1  -3   0  -2  -3  -2   2   1  -4  -3  -2    6   0  33  18   0   5   0   0   0   6   0   7   0   0   0  20   6   0   0   0  0.41 0.16
  287 Q    -1   2   1   1  -3   3   2  -2  -1  -1  -2   1  -1  -3  -2  -1   1  -3  -2   1    0  16   7   8   0  18  17   0   0   0   0   6   0   0   0   0  14   0   0  15  0.27 0.11
  288 A     2  -1   2   0  -2   1   1   2  -1  -2  -2  -1   1  -3  -2   1   0  -3  -2  -2   28   0  13   4   0   6   8  17   0   0   0   0   8   0   0   9   6   0   0   0  0.23 0.09
  289 D    -2  -2   0   6  -3  -1   1  -2  -1  -3  -4  -1  -3  -3  -2   1   1  -3   1  -3    1   0   0  65   0   0   7   0   0   0   0   0   0   0   0  10   9   0   8   0  0.76 0.18
  290 L    -1   0  -3  -3  -2  -2  -3  -3  -3   2   2  -2   1   1  -3   0  -1   5   0   1    0  10   0   0   0   0   0   0   0  19  32   0   0   8   0  10   0  10   0  10  0.25 0.08
  291 P     0  -2  -2   1  -3  -1   1  -2  -2  -2  -3  -1  -2  -4   6   1  -1  -4  -3   0   10   0   0  10   0   0   9   0   0   0   0   0   0   0  52  10   0   0   0   9  0.93 0.14
  292 P     1  -2  -1  -1  -2  -1   1   1  -2  -3  -3  -1  -2  -3   5   1   2  -3  -3  -2   11   0   0   0   0   0  10  11   0   0   0   0   0   0  35  11  22   0   0   0  0.63 0.10
  293 Y     0   1  -1  -2  -2  -1  -1  -2   0  -1  -2   1  -1   0  -2   1   2   0   5   0    5  11   0   0   0   0   0   0   0   0   0  11   0   0   0  11  17   0  34  11  0.27 0.10
  294 R     0   5   2  -2  -3   0  -1  -2   0  -3  -2   1  -2  -1  -2  -1  -1  -2   2  -2   12  57  11   1   0   0   1   1   0   1   1   1   0   0   1   1   1   0  12   1  0.48 0.11
  295 S     0  -2   1  -1  -2  -1  -1  -2  -1   2  -1  -1  -1  -1  -2   3   1  -2   2   0    0   0   9   0   0   0   0   0   0  22   0   0   0   0   0  45  11   0  11   0  0.24 0.10
  296 R    -2   7  -1  -2  -4   0  -1  -3  -1  -4  -3   2  -2  -3  -3  -1  -2  -3  -2  -3    0  98   0   0   0   0   0   0   0   0   0   0   0   0   0   0   0   0   0   0  1.07 0.15
  297 S     1  -2  -1  -1  -2  -1  -1  -1  -2  -2  -2  -1  -1   2   3   2   3  -2  -1  -1    7   0   0   0   0   0   0   0   0   0   0   0   0  14  14  33  31   0   0   0  0.33 0.07
  298 G    -1  -2  -1  -2  -3  -2  -1   5  -1  -2   0  -2  -1  -1  -2  -1  -2  -1   2  -2    0   0   0   0   0   0   6  60   0   0  16   0   0   0   0   0   0   0  16   0  0.49 0.06
  299 S     2   2   0  -1  -1   0  -1  -1  -1  -1  -2   0  -1  -2  -1   3   0  -3  -2   1   16  16   0   0   0   0   0   0   0   0   0   0   0   0   0  50   0   0   0  16  0.24 0.05
  300 A     1   2  -1  -1  -2   0  -1  -2   3   0  -1   1  -1  -2  -2   0   1  -3  -1   0   20  15   0   0   0   0   0   1  16  16   1  16   0   0   0   3   9   0   0   0  0.13 0.03
  301 Y     0   1   0   1  -2  -1  -1  -2   0  -1   1   0   2   0  -2   0  -1  -1   3  -1    9  16   7  10   0   0   0   1   0   0  17   0  15   0   0   6   0   0  17   0  0.09 0.03
  302 S     0   2  -1  -1  -2   0   1  -2  -1  -3  -3   0  -2  -2   3   2   0   6  -1  -2    0  16   0   0   0   0  16   0   0   0   0   0   0   0  16  35   0  15   0   0  0.45 0.06
  303 A     4   2  -2  -2   2  -1  -1  -1  -2  -2  -2   0  -1  -3  -1   1   0  -3  -2  -1   71  16   0   0   5   0   0   0   0   0   0   0   0   0   0   0   5   0   0   0  0.35 0.07
  304 S     0  -1   0   2  -2  -1   0   0  -1   0  -2  -1  -1  -2  -1   3   0  -3  -2  -1    0   0   0  16   0   0   3   7   0  16   0   0   0   0   0  56   0   0   0   0  0.26 0.06
  305 S     0   2   2   0  -2   2   0  -1  -1  -3  -3   0  -2  -3   2   3   0  -3  -2  -2    4  16  16   0   0  15   0   0   0   0   0   0   0   0   8  39   0   0   0   0  0.33 0.05
  306 Q     0   3   0  -1  -3   4   1   0   0  -3  -2   2  -1  -3   0   1   0  -3  -2  -2    6  20   0   0   0  33   0   4   0   0   0  16   0   0   3  16   0   0   0   0  0.36 0.05
  307 A     3  -2  -2  -2  -1  -1  -1   0  -2  -2  -2  -1  -2  -3   5   1  -1  -3  -2  -1   48   0   0   0   0   0   0   6   0   0   0   0   0   0  37   5   0   0   0   0  0.69 0.05
  308 A     3  -1  -1   0  -1   2   0  -1  -1  -2  -2   0  -1  -3  -1   1   1  -3  -2  -1   63   0   0   7   0  19   0   0   0   0   0   0   0   0   0   0   9   0   0   0  0.30 0.05
  309 S     0   0   3   0  -2   0   2   0  -1  -3  -3   0  -2  -3  -1   3   0  -3  -2  -2    0   4  19   0   0   0  24   7   0   0   0   0   0   0   0  44   0   0   0   0  0.34 0.04
  310 S     0  -1   2   0  -2   2   0   0   1   1  -1   0  -1  -2  -2   2   0  -3  -2  -1    0   0  17   3   0  19   0   4   5  19   0   0   0   0   0  30   0   0   0   0  0.16 0.03
  311 L    -1  -2  -2  -3  -1  -2  -2  -3  -2   1   2  -2   1   3   0  -1   1  -1   0   1    0   0   0   0   0   0   0   0   0   0  33   0   0  21   5   0  19   0   0  19  0.19 0.03
  312 L    -1   2  -2  -3  -2  -1  -2  -3  -2   0   3   0   1  -1  -2  -1   1  -2  -1   0    0  24   0   0   0   0   0   0   0   0  55   0   0   0   0   0  17   0   0   0  0.23 0.04
  313 S     0  -1   0   2  -2   0   2   1  -1  -2  -2  -1  -2   2   0   2   0  -2   0  -2    0   0   0  19   0   0  17  12   0   0   0   0   0  19   4  27   0   0   0   0  0.21 0.03
  314 V     0  -2  -2  -2  -2   0  -2  -3  -2   2   1  -2   0  -1   3  -1   0  -3  -2   2    5   0   0   0   0   7   0   0   0  17  22   0   0   0  19   0   9   0   0  19  0.24 0.02
  315 E    -1   2   0   2  -3   3   3  -2   0  -3  -3   1  -2  -3   1   0  -1  -3  -2  -3    0  19   0  16   0  19  38   0   0   0   0   0   0   0   5   0   0   0   0   0  0.48 0.04
  316 A     2  -1   0   3   2  -1   0   0  -1  -2  -2  -1  -2  -3  -1   2   0  -3  -2  -2   25   0   0  30   6   0   0   5   0   0   0   0   0   0   0  31   0   0   0   0  0.30 0.02
  317 S     0  -2  -1  -2  -2  -1  -2   3  -2  -3  -3  -1  -2  -2  -2   2   1   7  -1  -2    0   0   0   0   0   0   0  35   0   0   0   0   0   0   0  29  13  22   0   0  0.57 0.04
  318 S     1  -1   0  -1  -1  -1  -1   3  -2  -2  -2  -1  -2  -3  -1   3   3  -3  -2  -2    4   0   0   0   0   0   0  30   0   0   0   0   0   0   0  37  28   0   0   0  0.39 0.03
  319 H    -1   3   0  -1  -3   1   1  -1   5  -2  -1   1  -1  -1  -2   0  -1  -2   1  -2    0  32   0   0   0   3   8   6  29   0   9   0   0   0   0   6   0   0   5   0  0.28 0.02
  320 N     0  -1   1  -1  -2   0   0   1   5  -3  -3  -1  -2  -2  -1   3   1  -3   0  -2    0   0   3   0   0   0   0  12  28   0   0   0   0   0   0  43  10   0   0   0  0.32 0.02
  321 P    -1  -2  -2   0  -3  -1  -1  -2  -2  -3  -3  -1  -3  -4   7   0  -1  -4  -3  -3    0   0   0   5   0   0   0   0   0   0   0   0   0   0  86   6   0   0   0   0  1.71 0.04
  322 E    -1   0   0   1  -3   0   3   3   2  -3  -3   0  -2  -3  -2   0   0  -3  -2  -3    0   3   0   6   0   0  35  36  10   0   0   0   0   0   0   0   8   0   0   0  0.37 0.02
  323 Q    -1   0   0   0  -3   5   2  -2   2  -3  -2   1  -1  -3   2   0  -1  -2  -1  -2    0   0   0   0   0  70   8   0   9   0   0   0   0   0  10   0   0   0   0   0  0.56 0.03
  324 P     1  -2  -2  -2  -2  -1  -1  -2   2  -2  -1  -1  -2  -3   7  -1  -1  -3  -2  -2   15   0   0   0   0   0   0   0  10   0   6   0   0   0  66   0   0   0   0   0  1.14 0.03
  325 G     0  -2  -1   0  -3   0  -1   5  -1  -3  -3  -1  -2  -2   2   0  -1  -2   0  -3    0   0   0   3   0   8   0  64   0   0   0   0   0   0  11   6   0   0   6   0  0.59 0.02
  326 S     0  -2  -1   0  -2  -1  -1  -2  -2   0  -1  -1  -1  -2   5   1   0  -3  -2   1    6   0   0   8   0   0   0   0   0   0   0   0   0   0  42  16   0   0   0  28  0.61 0.02
  327 P    -1  -1  -2  -1  -3   3   0  -2  -1  -3  -3   0  -2  -4   7  -1  -1  -3  -3  -3    0   0   0   0   0  26   0   0   0   0   0   0   0   0  74   0   0   0   0   0  1.45 0.04
  328 E    -1   0   0   2  -3   2   5  -2   0  -3  -3   1  -2  -3  -1   0  -1  -3  -2  -2    1   1   0   6   0   0  85   1   0   1   1   1   0   0   1   1   1   0   0   1  0.62 0.01
  329 G     0   2   0   1  -2   0   0   3  -1  -3  -3   0  -2  -3  -1   1   0  -2  -2  -2    5  22   0  12   0   0   1  31   0   1   1   1   0   0   1  22   1   0   0   1  0.28 0.00
  330 S     1  -1   0  -1  -1  -1  -1  -1  -2  -1  -1  -1  -1  -2   1   2   4  -3  -2   0   10   0   0   0   0   0   0   0   0   0   0   0   0   0   7  12  66   0   0   4  0.36 0.01
  331 A     2  -2  -1   1  -1  -1  -1  -1  -2  -2  -1  -1  -1  -3   4   0   1  -3  -2  -1   46   0   0  12   0   0   0   0   0   0   4   0   0   0  29   0   9   0   0   0  0.46 0.01
  332 E     1  -1  -1   0  -3   1   3   3  -1  -3  -3   0  -2  -3  -2   0  -1  -3  -3  -2   11   0   0   0   0   0  51  39   0   0   0   0   0   0   0   0   0   0   0   0  0.48 0.01
  333 P    -1  -1  -2  -2  -3  -1  -1  -2  -2  -3  -3  -1  -3  -4   8  -1  -1  -4  -3  -3    0   5   0   0   0   0   0   0   0   0   0   0   0   0  95   0   0   0   0   0  1.95 0.02
  334 R     0   5   0  -1  -3   1   0  -2  -1  -3  -2   2  -2  -3  -2   2   0  -3  -2  -2    0  68   0   0   0   0   0   0   0   0   0   0   0   0   0  32   0   0   0   0  0.51 0.02
  335 D    -2  -2   1   6  -4   0   1  -1  -1  -3  -4  -1  -3  -4  -2   0  -1  -5  -3  -3    0   0   0 100   0   0   0   0   0   0   0   0   0   0   0   0   0   0   0   0  0.99 0.02
  336 S     1  -1   0   1  -1   0   0  -1  -1  -3  -3   0  -2  -3   3   3   1  -3  -2  -2    0   0   0  11   0   0   0   0   0   0   0   0   0   0  17  72   0   0   0   0  0.48 0.01
  337 V     0  -2  -2  -1  -2   0   2  -2  -2   1   2  -1   1  -1  -2  -1  -1  -3  -2   2   12   0   0   0   0   0  27   0   0   0  33   0   0   0   0   0   0   0   0  28  0.14 0.01
  338 P    -1  -2  -2  -2  -3  -2  -2  -3  -3  -1   0  -1  -1  -2   7  -1  -1  -3  -3  -1    0   0   0   0   0   0   0   0   0   0  22   0   0   0  78   0   0   0   0   0  1.42 0.02
  339 S     0   2   1  -1  -2   0   0   2  -1  -3  -3   0  -2  -3  -2   3   0  -3  -2  -2    0  25   8   0   0   0   0  19   0   0   0   0   0   0   0  49   0   0   0   0  0.33 0.01
  340 Q     0   1   0   0  -3   5   2  -2   0  -3  -2   1  -1  -3  -1   1   0  -2  -2  -2    0   0   0   0   0  80   0   0   0   0   0   0   0   0   0  20   0   0   0   0  0.54 0.01
  341 G     0  -2   0   2  -3  -1  -1   5  -2  -4  -4  -1  -3  -3  -2   0  -1  -3  -3  -3    7   0   0  20   0   0   0  73   0   0   0   0   0   0   0   0   0   0   0   0  0.72 0.01
  342 T     1  -1   0  -1  -1  -1  -1  -1  -2  -1  -1  -1  -1  -2  -1   2   4  -3  -2   0   14   0   0   0   0   0   0   0   0   0   0   0   0   0   0  14  73   0   0   0  0.38 0.01
  343 E     2  -1  -1   0  -2   1   4  -1  -1  -2  -1   0   1  -2  -1   0  -1  -3  -2  -1   31   0   0   0   0   0  54   0   0   0   0   0  15   0   0   0   0   0   0   0  0.30 0.01
  344 E    -1   1   0   1  -4   2   5  -2   0  -3  -3   1  -2  -3  -1   0  -1  -3  -2  -3    0   8   0   0   0   0  92   0   0   0   0   0   0   0   0   0   0   0   0   0  0.69 0.01
  345 V     0  -3  -3  -3  -1  -2  -3  -3  -3   3   1  -2   1  -1  -2  -2   0  -3  -1   4    0   0   0   0   0   0   0   0   0   0   0   0   0   0   0   0   0   0   0 100  0.35 0.00

                      K         Lambda
Standard Ungapped    0.1325     0.3157
Standard Gapped      0.0410     0.2670
PSI Ungapped         0.1325     0.3157
PSI Gapped           0.0410     0.2670
