
Last position-specific scoring matrix computed, weighted observed percentages rounded down, information per position, and relative weight of gapless real matches to pseudocounts
            A   R   N   D   C   Q   E   G   H   I   L   K   M   F   P   S   T   W   Y   V   A   R   N   D   C   Q   E   G   H   I   L   K   M   F   P   S   T   W   Y   V
    1 M    -3  -3  -4  -5  -3  -2  -4  -5  -3   0   2  -3   9  -1  -4  -3  -2  -3  -3   0    0   0   0   0   0   0   0   0   0   0  13   0  82   0   0   0   0   0   0   4  1.42 0.35
    2 I    -1  -3  -2  -2  -2  -2  -2  -2  -3   3   2  -2  -1  -2  -3   4   0  -4  -3  -1    0   0   0   0   0   0   0   0   0  23  22   0   0   0   0  55   0   0   0   0  0.45 0.21
    3 S     1  -1   0   1  -2  -1  -1  -2   0  -3  -3  -1  -2  -4   2   3   4  -4  -3  -2    9   2   3   9   0   0   0   0   2   0   0   0   0   0   8  27  40   0   0   0  0.48 0.18
    4 L     1  -3  -3  -3  -2  -2  -3  -3  -3   1   3  -3   0  -1  -3   0   1  -3  -2   3   18   0   0   0   0   0   0   0   0   5  36   0   0   0   0   5   9   0   0  28  0.32 0.14
    5 R    -2   7  -2  -3  -4  -1  -2  -4  -2  -4  -4   2  -3  -4  -4   1  -2  -4  -3   0    0  72   0   0   0   0   0   0   0   0   0   8   0   0   0  13   0   0   0   7  1.10 0.33
    6 F    -2  -4  -3  -4  -3  -3  -4  -4   2   4   1  -3  -1   4  -1  -3   0  -2   3   1    0   0   0   0   0   0   0   0   7  35   8   0   0  25   3   0   7   0   9   8  0.49 0.21
    7 Q    -2   1   2  -2   1   6   0  -3   2  -4  -3   1  -2  -4   0   0   0  -3  -3  -3    0   7  11   0   4  49   0   0   5   0   1   7   0   0   3   5   4   0   0   0  0.65 0.26
    8 P    -2  -2   0  -2  -3  -2  -2  -3  -3  -3  -3   0  -3  -4   7   0  -2  -4  -3   0    1   1   4   1   0   0   1   1   0   1   1   7   0   0  64   9   1   0   0   8  1.37 0.30
    9 S     1  -2   2   1  -2   1  -1  -1  -2  -3  -3  -1  -2  -3   2   4   2  -3  -2  -2    9   1  10   6   0   5   1   1   0   1   1   1   0   1   8  41  11   0   0   1  0.41 0.19
   10 T     1  -1  -1  -2   1   0  -2  -2  -2   0  -1  -1  -1  -2  -2   2   3  -3  -1   1   12   3   2   1   4   4   1   1   0   5   6   1   0   1   1  16  31   0   2  10  0.24 0.15
   11 T    -1  -2  -2  -2   2  -2  -2  -2  -3  -1  -2  -2  -2  -1  -2   2   5  -3  -2   2    1   1   1   1   6   1   1   1   0   1   1   1   0   4   1  17  46   0   1  16  0.53 0.25
   12 A     4  -2  -2  -2  -2  -2  -2  -2   1   0  -1   0  -2  -3   0   2  -1  -3  -2  -1   52   1   1   1   0   0   1   1   5   7   5   4   0   0   5  14   2   0   0   1  0.44 0.24
   13 G     2  -2  -1  -2   1   0  -1   3  -2  -2  -2  -1  -2  -2   0   2   0  -3  -2   0   20   1   1   1   3   4   1  22   0   1   3   3   0   2   5  20   5   0   0   8  0.23 0.13
   14 V     1  -2  -1  -2   2  -2  -2  -2   0   1   1  -1  -1  -1   1   0   0  -3  -2   3   18   1   2   1   5   1   1   1   3   9  11   3   0   2   7   5   4   0   0  26  0.16 0.12
   15 L    -1  -3  -3  -4  -2  -1  -3  -4  -3   1   4  -1   2   2  -3  -1  -1  -2  -1   0    4   0   0   0   0   2   1   1   0   5  51   4   4  11   0   6   4   0   0   5  0.41 0.22
   16 S     3  -2   1  -2   1  -1  -2  -2   0  -3  -2  -1  -3  -4   0   5   0  -4  -3  -3   24   0   6   0   3   2   0   1   2   0   3   3   0   0   3  48   2   0   0   0  0.58 0.33
   17 A     2  -2   0  -1  -2   0  -2  -1  -2  -2  -2  -1   0  -1  -2   3   2  -3   1  -1   24   0   3   4   0   5   0   3   0   0   3   3   3   2   0  26  15   0   7   2  0.28 0.22
   18 S     0   0  -1  -2  -2   0  -2  -1  -2   0  -1  -2  -2  -1  -1   3   2  -3   0   0    8   6   2   0   0   4   0   3   0   5   5   0   0   3   2  33  18   0   3   7  0.25 0.22
   19 V    -1  -1  -2  -3  -1  -1  -1   0  -1   2   1  -1   1   0  -1  -1   0  -3  -2   3    3   4   0   0   1   3   3   7   2  18  10   3   3   3   3   4   7   0   0  26  0.13 0.13
   20 S    -2   1   3  -2  -3   1   0  -2   1  -1  -1   1  -2  -2  -1   4  -1  -4  -3  -2    0   7  19   0   0   5   3   0   3   5   5  10   0   1   2  35   0   0   0   3  0.37 0.27
   21 R    -2   4   1  -2  -3   2   0  -2   4  -3  -2   1  -3  -1   2   0   0  -4  -2  -1    0  31   6   0   1   8   4   2  14   0   2   5   0   3  10   5   6   0   0   4  0.45 0.26
   22 A     2   0   0  -2   0  -1  -2   1   1  -1   0   0  -1   0  -2   1   0  -3  -2  -1   24   6   4   0   2   2   0  10   3   4  12   5   0   5   1  14   5   0   0   3  0.11 0.13
   23 G     0   0  -1  -1   2  -2  -2   4   0  -2  -1  -2  -2  -2  -2   1   0   3  -3  -3    8   5   3   3   4   0   2  36   2   3   5   0   0   1   2  13   7   5   0   0  0.36 0.21
   24 F    -1   0  -2  -4  -3  -3  -2  -2   1   0   2  -3  -1   5  -4  -2  -1  -2   2  -1    5   6   1   0   0   0   3   3   3   4  26   0   0  33   0   2   3   0   6   2  0.44 0.25
   25 I    -1   0   0  -3  -2  -2  -3  -2  -1   3   2  -1   2   0  -2   0   0  -3  -2   1    3   6   5   0   0   0   0   3   1  24  22   4   5   4   1   6   6   0   0   8  0.17 0.15
   26 K     0   3   1  -2  -3   2  -1  -2   1  -2  -2   3  -2  -1   2   0   0  -3  -2  -2    7  17   7   0   0   9   1   2   3   2   3  19   0   3  12   7   5   0   0   2  0.29 0.20
   27 R    -3   6   1  -1  -5   1  -2  -3   1  -4  -1   1  -3  -4   0  -1  -2  -4  -3  -4    1  53   6   2   0   6   0   1   3   0   7   8   0   0   4   4   2   0   0   0  0.83 0.41
   28 C     1  -1  -1  -1   6  -1  -1  -1   0  -1  -1  -1   0   1  -2   0   0   1   0  -1   16   3   3   4  19   1   5   3   2   3   5   4   2   7   1   7   7   3   3   2  0.21 0.18
   29 G     0   1  -1  -2  -3  -2  -2   3   0  -1  -2   0   2   1   1   1  -1  -3  -2   0    8  11   1   0   0   0   1  21   3   2   3   6   8   7   8  11   2   0   0   6  0.18 0.17
   30 S     0   1  -1   0   1  -2  -1   0  -2  -2   0   0   0   0  -1   3   1  -3  -2  -2    7   7   2   4   3   0   2   6   0   0  12   4   2   6   2  32   8   0   1   1  0.19 0.21
   31 T     0   1   0  -2  -3   0  -1   0  -1  -1   0  -1  -1  -1  -1   2   3  -3  -1  -1    6   8   4   0   0   3   4   5   1   4   8   3   1   3   2  17  27   0   2   2  0.20 0.21
   32 K    -1   3   1  -2  -4   2   0  -2   2  -2  -1   2  -2  -1   0  -1  -1  -4  -2  -1    4  21   9   0   0  13   3   1   5   2   7  17   0   3   5   3   3   0   0   4  0.30 0.23
   33 P    -1   1   0  -1  -4  -2  -2  -2  -3  -4  -3   0  -3  -3   6   0   0  -4  -1  -2    6   7   5   3   0   1   2   3   0   0   2   7   0   1  44   8   5   0   2   3  0.84 0.39
   34 G     0   0   0   0  -1  -1  -1   4   0  -4  -2  -2  -3  -3   1   0   0  -4  -4  -3    5   5   3   6   1   3   4  40   3   0   5   2   0   1   8   7   5   0   0   1  0.45 0.27
   35 R    -1   6  -1  -2   0   1   1  -1   1  -4  -2   1  -3  -3  -1   0   0  -4  -4  -4    4  43   1   2   2   5  10   4   3   0   4   5   0   1   2   7   6   0   0   0  0.60 0.37
   36 V     1   0  -1  -2  -2   1  -1  -2  -1   1   1  -1   0  -2   0   0   1  -1  -2   2   12   5   2   0   1   6   3   3   2  11  12   3   1   1   4   8   9   1   0  16  0.09 0.12
   37 G     0   0   0   1  -3  -1  -2   4  -2  -2  -3   1  -2  -1   0   0  -1  -1  -3  -2    9   6   3   9   0   1   1  37   1   3   1   9   1   3   4   8   2   1   0   2  0.39 0.25
   38 R     0   5   1   0  -3   1  -1  -3   0  -3  -1   2  -1  -1  -3   0  -1  -3  -3  -2    7  34   6   5   0   6   2   1   2   1   7  11   1   3   1   5   4   0   0   2  0.39 0.26
   39 F     0  -1  -1  -2   2  -2  -3  -1  -1   0   1  -2   1   3  -2  -1   1  -2   3  -1    6   3   3   3   5   0   1   6   1   5  15   2   5  13   2   3   9   0  14   3  0.16 0.16
   40 V     0  -1  -1  -3   0  -2  -1  -1   2   1   1  -1   1   0  -3   0   0   0   1   2    9   4   2   0   2   0   2   4   7   8  11   4   5   4   0   7   4   1   4  21  0.10 0.13
   41 T     1  -2  -3   0  -3  -3  -1  -2   1  -2   0  -1   1  -2  -2   1   5  -4  -2  -1   14   2   0   5   0   0   3   2   3   1  10   3   4   1   2   9  36   0   1   4  0.39 0.33
   42 M    -1  -1  -1  -5  -3  -1  -2  -3  -1   1   0  -1   8   0  -5  -1  -1  -5  -1   0    4   3   3   0   0   2   3   2   1   6   8   5  44   3   0   5   4   0   2   5  0.96 0.59
   43 A     5   0  -3  -3   0  -2  -1  -1   2  -2  -2  -2  -3  -2  -2   1  -2  -6  -4  -2   50   4   1   1   2   1   4   5   6   2   4   2   0   2   2  11   2   0   0   3  0.66 0.49
   44 T     1  -2  -1  -1  -1   0   0  -2  -2  -2  -3   0   0  -5  -2   2   4  -5  -3   1   10   1   3   2   1   3   6   2   1   1   2   5   3   0   2  18  30   0   1   9  0.41 0.38
   45 A     4  -1  -2  -2  -4  -2  -1   1   0  -1  -3  -2  -1  -5   0   1   0  -5  -5  -1   42   4   1   2   0   1   4  10   2   3   2   1   1   0   4  12   6   0   0   5  0.49 0.40
   46 A     4  -2  -1  -1  -1   0  -1   1   0  -3  -1  -1  -1  -3   1   1   0  -5  -2   0   34   2   2   3   1   4   4   9   2   1   5   3   2   0   6  10   6   0   1   5  0.27 0.28
   47 S     2  -1   2   0  -2   2   0   0  -1  -3  -3   0  -4  -5   2   3   0  -5  -4  -2   16   3  10   4   1   8   5   5   1   1   2   6   0   0   9  21   5   0   0   2  0.31 0.30
   48 P     1   0  -2  -1  -2  -2   0  -1  -1  -4  -4  -1  -2  -5   6  -1  -1  -5  -4  -3   12   5   2   4   1   1   7   5   2   1   2   3   1   1  43   4   4   0   0   2  0.88 0.48
   49 L    -1  -1  -1  -4  -2  -1  -2  -3  -4   2   3  -2   3  -1   0  -3  -2  -4  -2   1    6   3   3   0   1   3   3   1   0  11  34   2   8   2   5   1   2   0   1  11  0.38 0.28
   50 E     0  -1  -1   0  -5   1   5  -3  -2  -2  -2   1  -1  -3   0   0   0  -5  -3  -3    8   3   2   4   0   6  36   2   1   2   4   9   2   1   5   6   6   0   1   2  0.48 0.37
   51 I    -1  -2  -4  -3  -2  -1  -3  -3  -4   4   3  -2  -1  -1  -1  -3  -1  -4  -3   3    4   2   0   2   1   3   1   2   0  20  28   2   1   2   3   2   3   0   1  22  0.52 0.34
   52 C     1  -4  -2  -1   6  -2  -4  -2  -2   0  -1  -3   0   3  -2   0  -1   2   2   1   13   1   2   4  15   2   1   2   1   6   6   1   2  13   2   6   4   2   7  10  0.36 0.27
   53 V     1  -1   0  -2  -2  -2  -3  -2  -4   2   0  -1  -1   0   0  -2   0  -4  -2   4   11   3   5   2   1   1   2   3   0   9   7   3   1   3   4   2   6   0   1  33  0.32 0.26
   54 K    -3   3  -3  -2  -4   0  -1  -3   0  -6  -3   7  -2  -6  -4  -3  -3  -2  -1  -4    2  16   1   2   1   4   3   3   2   0   3  54   1   0   1   2   1   1   2   1  1.21 0.71
   55 A     5   4  -1  -3  -3  -2  -2  -1   3  -4  -4  -1  -2  -6  -1  -1  -2   0  -2  -3   40  19   3   2   1   1   2   5   6   1   1   3   1   0   3   5   3   1   2   1  0.70 0.51
   56 S     2  -3  -1  -2  -2  -2  -2   1  -1  -3  -3  -2  -3  -3  -1   5   1  -2  -6  -4   15   2   3   2   1   2   3  10   2   1   3   3   1   1   3  41   7   1   0   1  0.64 0.51
   57 I     0  -3  -3  -2  -1  -2  -2  -2  -2   2   0  -2   4  -1  -1   0   1   1  -3   3    8   1   1   2   1   1   3   4   1  13   7   2  10   2   3   6   9   2   1  22  0.29 0.25
   58 T    -2   0  -2   0  -5  -1   0   0  -2   1  -1  -2   6   0  -3   1   3  -5  -1  -2    2   4   2   6   0   3   5   7   1   7   6   2  20   3   2   9  18   0   2   2  0.40 0.37
   59 T    -1  -1   1   2   0   0  -1  -2  -1  -3  -2  -1  -1  -3  -2   0   5  -2  -2  -1    6   3   6  13   2   4   3   3   2   2   4   3   1   1   2   5  35   1   1   4  0.48 0.41
   60 P    -3  -2  -2  -2  -2  -5  -2   0  -2  -2   3  -2  -1   0   5  -3  -3  -2  -1  -3    2   3   2   3   1   0   3   8   1   2  29   3   1   5  29   2   2   1   2   2  0.64 0.46
   61 N    -2  -1   3   1  -3  -2   0  -2   2  -2  -1  -2  -2   3  -3   0  -1  -4   5  -2    3   4  14   9   1   1   5   3   4   2   5   3   1  13   2   7   3   0  18   2  0.43 0.34
   62 K    -1   1  -1  -1  -1   1  -1  -3   3  -3  -2   3  -2  -3  -2   4  -1  -1   0  -2    4   7   3   3   1   5   4   2   6   1   4  15   1   1   2  31   4   1   3   3  0.42 0.37
   63 L     0  -2   0   1   0  -4  -3  -1   1   1   3  -1   1   0  -2  -1  -2  -1  -1  -1    7   2   4   8   2   0   2   5   3   8  33   3   3   4   2   4   2   1   2   4  0.23 0.21
   64 G     0  -1   0  -1  -6  -2  -3   5   0  -3  -4  -2  -5  -2   1  -1  -1   3   2  -2    7   4   4   3   0   2   1  40   2   2   2   3   0   2   8   4   3   4   8   3  0.62 0.44
   65 D     1  -2   2   5  -1  -2  -2  -1   3  -3  -3  -3  -1  -3  -2   0   1   0  -1  -4   13   2   9  25   1   2   3   5   6   2   3   2   1   1   2   7   7   1   2   1  0.46 0.34
   66 C    -2  -2  -1   2   9  -2  -5  -1   0  -2  -5  -5   0  -2  -2   1  -1   1  -5  -2    3   2   3  12  42   2   0   5   2   2   0   0   2   2   2  10   3   2   0   2  1.23 0.70
   67 P    -1  -8  -1  -8   1  -1  -7  -2   1   0   0  -7   1  -1   6  -1  -2   2   0   0    6   0   3   0   3   3   0   3   3   5   9   0   3   3  36   5   3   3   3   6  0.81 0.51
   68 F    -1   0   0   0   2   0   0  -1   2   0  -1   0   2   1   0  -1   0   4   1  -1    5   5   5   5   5   5   5   5   5   5   5   5   5   5   5   5   5   5   5   5  0.09 0.08
   69 C     3  -4  -4  -5   8  -5  -5  -2  -4  -4  -5  -6  -4  -4  -4   3  -2  -7  -3   4   20   1   1   1  25   1   1   4   0   1   1   0   0   1   1  17   2   0   1  22  1.18 0.70
   70 Q    -4   2  -3  -4  -4   7  -1  -6   6  -5  -5  -3  -1  -8  -3  -4  -4   2  -3  -5    2  11   1   1   1  48   3   1  19   1   1   1   2   0   2   1   1   2   1   1  1.71 0.98
   71 K    -5   7  -5  -5  -3   1  -2  -5  -2  -5  -6   4  -2  -4  -5  -3  -4  -3  -4  -6    1  56   1   1   1   6   3   1   1   1   1  21   1   1   1   2   1   0   1   1  1.73 0.93
   72 V     2  -3  -4  -7   2  -6  -5  -5  -7   2  -1  -6  -2  -2  -3  -1   0   2   0   5   18   1   1   0   4   0   1   1   0  10   5   0   1   2   2   5   5   3   3  40  0.84 0.54
   73 L    -1   4  -4  -5  -2  -3  -3  -5   1  -1   2  -3   1   2  -4  -3  -1   7  -1   0    5  20   1   1   1   1   2   1   3   3  20   1   3   8   1   2   4  14   2   8  0.66 0.45
   74 L    -2  -4  -4  -8  -2  -4  -7  -4  -3   5   4  -7   5   0  -8  -5  -2   3  -2   0    4   1   1   0   1   1   0   2   1  29  31   0  12   3   0   1   2   4   1   6  1.05 0.58
   75 T     3  -4  -3  -3  -1  -3  -3  -3  -3   0   0  -3   0   0  -4  -2   3   2  -1   3   26   1   1   2   1   1   2   2   1   5   8   2   2   3   1   3  16   2   2  20  0.48 0.38
   76 M    -2  -1  -7  -7  -1  -6  -3  -5  -2  -1   6  -4   3   0  -7  -4  -6   0  -3  -1    4   4   0   0   1   0   2   1   1   2  64   1   5   3   0   1   0   1   1   4  1.26 0.70
   77 E     1  -1   1  -1  -2  -1   4  -3   3  -2  -1   1  -2  -1  -3  -2  -3   1   1  -3   12   3   7   4   1   2  27   2   6   2   6   8   1   3   1   3   2   2   5   2  0.35 0.33
   78 E     0  -2  -2  -1   0   0   5  -2   1  -3  -2  -1   0  -1  -3  -3  -2   0   1  -2    7   2   2   3   2   3  42   4   3   2   5   4   2   3   1   2   2   1   6   3  0.63 0.49
   79 K    -1   1   0  -2   0   0  -2  -2   1  -2  -2   5   0  -2  -2  -1  -1  -5  -1  -2    5   6   5   2   2   3   2   4   3   2   4  43   3   2   2   4   4   0   2   3  0.52 0.43
   80 N    -1   1   2   0   0   1   0   3   1  -2  -2   1   0  -3  -3   0  -1   2  -1  -2    4   7  12   5   3   6   4  23   3   3   3   8   3   0   0   4   3   3   3   3  0.22 0.22
   81 V     0   0  -1   0   2   1   0   0   1   0   0   0   1   0  -2   0   0  -3  -1   0    6   6   0   6   6   6   6   6   6   6   6   6   6   6   0   6   6   0   0   6  0.00 0.10
   82 P     0  -3   0   2  -2   1   2  -4  -2  -4  -4  -1  -3  -4   6  -1  -1 -10  -3  -4    7   2   4   9   1   6  13   2   1   1   2   4   1   1  32   6   4   0   1   2  0.75 0.59
   83 Y    -3  -4  -4  -3  -1  -4  -4  -5   3  -2  -3  -5  -2   6  -4  -4  -4   1   7   1    3   1   1   2   2   1   2   1   6   2   3   1   1  24   2   2   1   2  34   8  1.42 0.80
   84 D    -3   0  -1   3  -1   2   5  -4   0  -3  -4   1  -2  -3  -3  -3   0   0  -3  -4    2   5   4  15   1   8  32   2   2   2   2   7   1   1   2   2   6   1   1   2  0.65 0.52
   85 M    -1   1  -2  -2   0  -2  -1  -3   0   3   1  -2   1   0  -1  -1  -1   1   2   2    5   7   3   2   2   2   4   2   2  16  13   3   4   4   3   5   4   2   7  11  0.18 0.14
   86 K    -3   1  -1  -1   0   0   1  -3   2   2  -2   1   0  -1  -3  -2   0   1   0   2    3   9   3   4   2   3   9   2   5  12   3  10   2   3   2   3   6   2   3  16  0.24 0.19
   87 M    -2  -1   0   0   0   0   3  -3   1   0   1  -1   1   1   1  -2  -1   1   3  -1    3   3   5   5   2   5  16   2   3   5  11   4   3   5   6   3   5   2   9   5  0.18 0.17
   88 V    -2  -5  -4  -6  -2  -3   0  -6  -3   4   0  -5  -1  -3  -4  -5  -1  -2  -3   6    3   1   1   1   1   1   6   1   1  21   9   1   1   1   2   1   4   1   1  41  1.06 0.62
   89 D    -4  -1   3   6  -3  -2   1  -3  -1  -5  -5  -2  -1  -4   0  -1  -1  -2  -3  -3    2   3  14  38   1   2   9   3   2   1   2   3   1   1   5   5   4   1   1   2  0.91 0.61
   90 L    -2  -3  -3  -2  -2  -2  -2  -3  -1   0   4  -3   3   0   3  -2  -1   0   0  -1    4   2   2   3   1   2   3   3   1   5  31   2   5   3  16   3   4   1   4   4  0.46 0.35
   91 S     0   0   1   1  -1   0   0   1   1  -3  -3   0  -1   1  -1   1  -1   3   2  -2    8   5   5   7   1   4   6  11   3   2   3   6   2   5   3  10   4   4   6   4  0.11 0.12
   92 N    -1   1   3   2   0   2   2  -2   3  -3  -3   1  -1  -2  -2  -1  -1   1  -1  -3    5   8  14   9   2   8  12   3   5   2   3   8   2   2   2   5   4   2   2   2  0.29 0.24
   93 K     0   1  -1  -1   1   1   0  -2   1  -1  -3   4   0  -1   1  -1  -1   2   0  -1    6   7   3   3   3   6   7   4   3   4   3  20   3   3   8   5   4   3   3   4  0.21 0.18
   94 P     0   0   0   0   2   1   0   0   1   0  -1   0   1   0   1   0   0  -3  -2   0    6   6   5   6   5   5   6   6   5   6   6   6   5   5   6   6   6   0   0   6  0.03 0.07
   95 E     0  -1  -1   2  -5   1   3  -3   0  -3  -3   0  -1  -2   3  -1   0   1   0  -2    8   3   3  11   0   7  22   2   2   2   3   4   2   2  13   5   5   2   3   2  0.34 0.33
   96 W    -1   0  -2   2   0  -1   2  -1   1  -2  -2  -2   0  -1  -2  -1  -2   9  -1  -2    6   5   2   9   2   3  13   4   3   2   5   2   2   3   2   5   2  23   2   3  0.68 0.47
   97 F    -2  -2  -7  -2  -8  -1  -2  -3   1   1   2  -2   1   5  -2  -3  -2   3   4  -1    3   3   0   3   0   3   3   3   3   7  15   3   3  22   3   3   3   3  13   4  0.61 0.37
   98 L    -1   0   0   0   2   0  -1  -1   2   0  -1   0   2   0   0  -1   0   3   1  -1    5   5   5   5   5   5   5   5   5   5   5   5   5   5   5   5   5   5   5   5  0.03 0.09
   99 K     0   1   0   1   1   1   2  -3   1  -2  -2   2   0  -1  -2  -1  -1  -7  -1  -1    8   8   4   7   2   6  13   3   4   3   4  13   2   3   3   6   3   0   3   4  0.16 0.19
  100 I    -1   0   0   0   2   0  -1  -1   2   0  -1   0   2   0   0  -1   0   3   1  -1    5   5   5   5   5   5   5   5   5   5   5   5   5   5   5   5   5   5   5   5  0.03 0.09
  101 S    -1  -3   6  -1  -1  -1  -3  -2   2  -4  -5  -4  -2   0  -4   2  -3   1   1  -1    5   2  37   4   1   3   2   4   4   1   2   1   1   3   1  16   2   2   5   4  0.91 0.59
  102 P    -3  -2  -3  -3  -1  -3  -4  -3  -2  -4  -3  -4  -2  -3   8  -3  -3   0  -2  -4    3   2   1   2   1   2   2   2   1   1   4   2   1   2  64   2   2   1   1   2  1.78 1.06
  103 E     1   1   0  -1  -1  -1   0   1   1  -2  -1   0   1   0  -2   1  -1   0   4  -2    9   7   5   3   1   3   7   9   3   2   6   5   3   3   2  10   4   1  13   3  0.15 0.16
  104 G    -1  -1   1  -3   0  -3  -4   5   1  -8  -4   1  -2  -3  -3  -1   0   0  -2  -4    5   4   7   2   2   2   2  43   3   0   2   9   1   1   2   4   6   1   1   2  0.82 0.52
  105 K     0   0   0   0   2   0   0  -1   1   0  -1   0   1   0   0   0   0  -2   1   0    5   5   5   5   5   5   5   5   5   5   5   5   5   5   5   5   5   0   5   5  0.03 0.05
  106 V    -2  -2  -4  -2   1  -3  -3  -2  -1   2   0  -3   0   0   1  -1   0  -4  -1   4    2   2   0   3   4   0   0   4   2  10   9   0   2   4   8   6   4   0   1  39  0.38 0.30
  107 P    -1  -1  -1  -4  -5  -4  -4  -5   0  -5  -2  -1  -5  -6   8  -1  -4  -6  -5  -3    4   3   3   0   0   0   0   1   2   0   4   4   0   0  71   4   0   0   0   2  1.89 0.81
  108 V     1  -3  -3  -2   2  -2  -3  -1  -1   1   1  -3   0   0  -1   0   2  -3  -1   2   15   0   0   2   5   1   0   5   1   7  12   0   2   4   3   5  13   0   1  21  0.16 0.20
  109 V    -2  -3  -4  -3  -1  -1  -3  -2   0   2   4  -2   1   0  -4  -1  -1   0  -1   1    3   0   0   1   1   3   0   4   2  14  40   3   2   4   0   5   2   1   1   8  0.34 0.28
  110 K    -1   0   0   0   2   0  -1  -1   2   0  -1   0   2   0   0  -1   0   3   1  -1    5   5   5   5   5   5   5   5   5   5   5   5   5   5   5   5   5   5   5   5  0.03 0.09
  111 F    -1   0   0   0   2   0  -1  -1   2   0  -1   0   2   0   0  -1   0   3   1  -1    5   5   5   5   5   5   5   5   5   5   5   5   5   5   5   5   5   5   5   5  0.03 0.09
  112 D     0   0   0   0  -2   1   0   0   2   0  -1   0  -1   0   1   0   0  -2   1   0    6   6   6   6   0   6   6   6   6   6   6   6   0   6   6   6   6   0   6   6  0.04 0.06
  113 E    -1   0   1   2   0   1   1   1   1  -2  -2   0   0  -1  -1   0   0  -4  -1  -2    4   5   6  13   2   6  10  13   3   3   3   5   3   3   3   6   5   0   3   3  0.11 0.14
  114 K    -1   0   0   0   2   0  -1  -1   2   0  -1   0   2   0   0  -1   0   3   1  -1    5   5   5   5   5   5   5   5   5   5   5   5   5   5   5   5   5   5   5   5  0.03 0.09
  115 W     0  -2  -2  -4  -1  -2  -3  -1  -2   1   0  -2   0  -1   0  -2   1   4   0   4    9   2   2   1   2   2   2   6   1   9  10   2   2   3   5   4   8   4   3  22  0.27 0.20
  116 V    -2  -4  -3  -4   0  -4  -4  -5  -1   4   3  -1   0  -1  -4  -3  -3  -2  -2   3    3   1   1   1   2   1   1   1   1  21  29   4   2   3   1   2   2   1   1  20  0.67 0.41
  117 P    -1  -3  -1   0   1  -2  -2  -2   0  -1  -2  -2  -2   1   3  -1   2   0   5  -1    6   1   3   5   3   2   3   4   2   4   4   2   1   6  15   5  12   1  16   5  0.34 0.30
  118 D    -4  -4  -1   5  -2  -2   6  -2  -1  -4  -6  -3  -7  -4  -4  -3  -4  -8  -2  -5    1   1   3  26   1   2  49   3   1   1   1   1   0   1   1   2   1   0   1   1  1.42 0.85
  119 S    -1  -3  -1  -1  -1  -1  -2  -3  -1  -3  -3  -2  -5  -2  -1   6   1  -6  -1  -2    5   2   3   3   1   3   3   2   2   2   3   2   0   2   3  52   7   0   2   3  0.86 0.63
  120 D     0  -1   1   2   0   0   0  -1   0   0   1  -1   0  -1  -1   0   0   0  -1  -1    9   3   8  14   2   3   4   4   2   5  13   3   2   2   2   9   7   2   2   4  0.08 0.12
  121 V     1  -1  -2   0   0  -2  -2  -2  -1   3   0  -1   0  -1  -2  -2  -1  -5  -1   3   12   3   2   6   2   2   2   3   2  19   7   3   2   2   3   2   4   0   2  23  0.28 0.24
  122 I    -3  -6  -2  -3   1  -2  -3  -3   0   7   0  -3   2  -1  -6  -3  -2  -6  -5   0    2   0   2   2   2   2   2   2   2  53   6   2   4   2   0   3   3   0   0   6  1.08 0.62
  123 T     1  -2   1  -2   5  -2  -1  -3  -1   2   1  -2   3  -1  -2  -1   0  -4  -1   1   10   2   7   2  11   2   5   2   1  10  14   2   9   3   2   4   5   0   2   8  0.23 0.21
  124 Q    -1   0   0   0   2   0   0  -1   2   0  -1   0   2   1   0  -1   0   4   1  -1    5   5   5   5   5   5   5   5   5   5   5   5   5   5   5   5   5   5   5   5  0.09 0.08
  125 A     1  -2  -2  -2   1  -1  -2  -3   2  -1  -2  -2   0   1  -2  -1  -2   2   7  -1   11   3   3   3   3   3   3   3   4   4   5   3   3   6   3   4   3   3  30   4  0.68 0.44
  126 L     0  -2   0   0   2   0   0   0  -2   0  -1   0   1   1  -3   0   0   3   1   0    6   0   5   6   5   5   6   6   0   6   6   6   5   5   0   6   6   5   5   6  0.03 0.12
  127 E     0  -1   1   2   0   0   2  -1   0  -1  -2   0   0  -1   0   0  -1  -4  -1  -1    6   3   5  13   3   4  18   5   3   4   3   5   3   3   4   5   3   0   3   3  0.10 0.17
  128 E    -2  -1  -1   3  -1   1   3  -3   1  -2  -3   1  -1  -1  -4   0  -2   0  -1  -2    3   3   3  17   2   7  21   2   3   3   3  10   2   3   0   7   2   2   2   2  0.30 0.34
  129 K    -1   1   0  -1   0  -1  -1  -2   1   0   1   0   2  -1  -1  -1   2   2   0  -1    5   8   5   3   2   3   3   3   3   6  13   6   5   3   3   5  12   2   3   5  0.06 0.10
  130 Y    -3  -2  -1  -2   1   0  -2  -3   4  -1  -1  -2   0   4  -1  -2  -2   3   5  -2    3   3   4   3   3   4   3   3   7   3   5   3   3  15   3   4   3   4  18   4  0.50 0.37
  131 P    -1  -2  -2  -2   0  -1  -1  -1   0  -2  -2  -2   0  -1   7  -2  -2  -8  -8  -2    5   2   3   3   2   3   4   6   2   2   4   3   2   3  45   4   3   0   0   3  0.97 0.67
  132 E    -2  -1   0   2  -1   1   3   2   2  -3  -1   0  -2  -3  -1  -1  -2  -7  -2  -3    4   3   5   9   2   6  18  17   5   2   6   5   1   1   4   6   3   0   2   3  0.27 0.25
  133 P     0   0   0   0   2   0   0  -1   1   0  -1   0   1   0   0   0   0  -2   1   0    5   5   5   5   5   5   5   5   5   5   5   5   5   5   5   5   5   0   5   5  0.03 0.05
  134 P    -1  -1  -1  -1   1   0  -1  -1   1  -2  -1  -1   0  -1   5  -1  -1   2  -1  -1    6   3   3   3   2   5   4   5   3   3   7   5   3   2  23   5   4   2   3   5  0.25 0.27
  135 L    -2   0  -1  -2   1  -1  -2  -3   1  -1   4  -1   2   0  -1  -2  -1   2   0  -1    4   5   3   3   3   3   3   3   3   4  34   3   4   4   4   4   3   2   3   4  0.35 0.25
  136 A     1   0  -1  -1   0  -1  -1  -1   0  -1   1   0   1  -1   1   0  -1   1  -1   0   12   5   3   3   2   3   4   5   3   4  16   5   3   2   6   8   4   2   2   7  0.05 0.07
  137 T    -1   0   0   0   2   0  -1  -1   2   0  -1   0   2   0   0  -1   0   3   1  -1    5   5   5   5   5   5   5   5   5   5   5   5   5   5   5   5   5   5   5   5  0.03 0.09
  138 P     0  -1   0   1   1  -1  -1  -2   1  -2  -2  -1   1  -1   5   0  -1  -7   0  -2    8   4   4   8   3   3   4   4   3   3   4   4   3   3  25   7   4   0   3   4  0.37 0.31
  139 P    -1   0  -1   1   0   0   0  -1   0  -2  -2  -1   1  -2   4  -2  -2   1   1   0    6   6   3   9   2   4   6   5   2   3   5   5   4   2  20   4   3   2   5   6  0.25 0.23
  140 E    -1   0   0   0   2   0   0  -1   2   0  -1   0   2   1   0  -1   0   4   1  -1    5   5   5   5   5   5   5   5   5   5   5   5   5   5   5   5   5   5   5   5  0.09 0.08
  141 K    -1   5  -1   0   0   0  -1  -2   0  -2  -2   2   1  -1  -1  -2  -2   2   0  -1    5  24   3   5   2   4   4   3   3   3   4  11   3   3   4   4   3   2   3   5  0.29 0.27
  142 A    -1   0   0   0   2   0   0  -1   2   0  -1   0   2   1   0  -1   0   4   1  -1    5   5   5   5   5   5   5   5   5   5   5   5   5   5   5   5   5   5   5   5  0.09 0.08
  143 S     1   2   0   0   1   0   1  -2   2  -2  -2   0   1  -1  -1   0   0   3   0  -2   10  10   4   5   3   5  10   3   4   3   5   5   4   3   3   7   6   4   3   3  0.09 0.13
  144 V     1   0  -2  -2   1  -1  -2  -3   0   2   1  -2   1   1  -2  -1  -2   1   0   3   13   5   2   2   2   3   3   2   2  11  11   2   3   6   2   4   3   2   4  16  0.18 0.15
  145 G    -1   0   0   0   2   0  -1  -1   2   0  -1   0   2   0   0  -1   0   3   1  -1    5   5   5   5   5   5   5   5   5   5   5   5   5   5   5   5   5   5   5   5  0.03 0.09
  146 S    -1   0   0   0   2   0  -1  -1   2   0  -1   0   2   0   0  -1   0   3   1  -1    5   5   5   5   5   5   5   5   5   5   5   5   5   5   5   5   5   5   5   5  0.03 0.09
  147 K    -1   3   0   0   1   0   0  -2   1  -1  -2   1   1   0  -1  -1  -1   3   0  -2    6  15   4   6   3   4   7   4   3   4   5   8   4   4   3   4   3   3   3   3  0.11 0.14
  148 I    -1   0   0   0   2   0  -1  -1   2   0  -1   0   2   0   0  -1   0   3   1  -1    5   5   5   5   5   5   5   5   5   5   5   5   5   5   5   5   5   5   5   5  0.03 0.09
  149 F    -2  -1  -1  -1   1  -1  -2  -2   1   0   1  -2   1   4  -2  -2  -2   5   4   0    3   3   3   3   3   3   3   3   3   6  11   3   3  14   3   3   3   6  11   6  0.28 0.25
  150 S     0   1   0   0   1   0  -1  -1   0  -2  -1  -1   1  -1   1   1   0   2   0  -2    8   8   5   5   3   5   4   5   2   3   6   4   3   2   8  11   6   2   3   2  0.04 0.12
  151 T     1   0   1   1  -1  -1   0  -2   1   0  -1  -1   0  -1  -1   0   1   0   0   0   11   6   7   9   1   3   5   3   3   4   7   4   2   3   4   6  10   2   3   6  0.04 0.08
  152 F    -1   0   0   0   2   0  -1  -1   2   0  -1   0   2   0   0  -1   0   3   1  -1    5   5   5   5   5   5   5   5   5   5   5   5   5   5   5   5   5   5   5   5  0.03 0.09
  153 V    -1  -1  -1   0   2  -1  -2  -2   1   1  -1  -1   1   0  -2  -1  -1   3   2   2    6   4   3   5   5   3   3   4   3   7   6   4   4   4   3   4   4   4   6  14  0.10 0.11
  154 G     0   1   0   0   0   0  -1   2   1  -2  -2   0   0  -1  -1   0  -1   1  -1  -2    9   7   5   6   2   5   4  17   3   3   5   6   2   3   3   8   4   2   2   3  0.10 0.12
  155 F    -1  -1  -2  -3  -1  -2  -2  -4   0   0   1  -2   1   5  -3  -3   0   5   3  -1    5   3   2   2   2   2   3   2   2   6  12   2   4  21   2   2   5   8   8   5  0.53 0.36
  156 L    -1   0   0   0   2   0   0  -1   2   0  -1   0   2   1   0  -1   0   4   1  -1    5   5   5   5   5   5   5   5   5   5   5   5   5   5   5   5   5   5   5   5  0.09 0.08
  157 K    -1   2   0   0   1   2   0  -2   0  -2  -2   3   1   0  -1  -1   0   1   0  -1    5   9   4   6   3   9   5   3   3   3   5  14   4   3   3   6   5   2   3   4  0.13 0.16
  158 S    -1   0   0   0   2   0  -1  -1   2   0  -1   0   2   0   0  -1   0   3   1  -1    5   5   5   5   5   5   5   5   5   5   5   5   5   5   5   5   5   5   5   5  0.03 0.09
  159 K    -1   0   0   0   2   0  -1  -1   2   0  -1   0   2   0   0  -1   0   3   1  -1    5   5   5   5   5   5   5   5   5   5   5   5   5   5   5   5   5   5   5   5  0.03 0.09
  160 D    -1  -1   1   3   1   0   1  -1   1  -1  -2   0   2   0  -1   0  -1   2   0  -2    4   4   5  17   3   4   9   4   3   3   4   5   4   4   4   6   4   3   4   3  0.15 0.17
  161 S     1   0   1   0   0   0   1  -1   1  -2  -1   0   0  -1   0   1   0   1  -1  -1   11   4   5   5   2   4   8   5   3   3   5   7   3   2   4  11   6   2   3   5  0.05 0.09
  162 G     1  -1   1   0   0   0   0   3   1  -2  -2   0   0  -1  -1   0  -1   0  -1  -2   12   4   6   5   2   5   6  20   3   2   4   5   3   2   3   7   5   1   2   3  0.17 0.16
  163 D    -1   0   0   0   2   0   0  -1   2   0  -1   0   2   1   0  -1   0   4   1  -1    5   5   5   5   5   5   5   5   5   5   5   5   5   5   5   5   5   5   5   5  0.09 0.08
  164 G    -1   0   0   0   2   0   0  -1   2   0  -1   0   2   1   0  -1   0   4   1  -1    5   5   5   5   5   5   5   5   5   5   5   5   5   5   5   5   5   5   5   5  0.09 0.08
  165 T     1   0   0   0   1   0   0  -2   1  -1  -1   0   0   0  -1   0   1   2   0   0   12   4   5   5   3   5   6   3   3   4   5   6   3   4   3   7  10   3   4   6  0.05 0.07
  166 E     0   2  -1   1  -1   1   4  -3   1  -2  -3   1   0  -1  -2  -2  -2   1  -1  -2    7  10   3   6   2   6  22   3   3   3   4   9   2   2   3   4   3   2   2   3  0.28 0.27
  167 Q    -1   0   0   0   2   0  -1  -1   2   0  -1   0   2   0   0  -1   0   3   1  -1    5   5   5   5   5   5   5   5   5   5   5   5   5   5   5   5   5   5   5   5  0.03 0.09
  168 V     1  -1   1   0   1   0   0  -1   1   0  -1   0   0  -1  -1  -1   0   2   0   0   15   4   6   4   3   4   6   4   4   6   6   5   3   3   3   4   5   3   3   8  0.03 0.06
  169 L    -1   0   0   0   2   0  -1  -1   2   0  -1   0   2   0   0  -1   0   3   1  -1    5   5   5   5   5   5   5   5   5   5   5   5   5   5   5   5   5   5   5   5  0.03 0.09
  170 L     0   2  -1  -2   0   0  -1  -3   1   0   3  -1   1   1  -2  -2  -1   1   1   0    7  11   3   3   2   3   4   3   3   6  23   4   4   5   2   3   3   2   4   6  0.17 0.14
  171 D     0   0   0   4   0   0   3  -2   1  -1  -4   1  -1  -2  -2  -1  -1   1  -2  -3    7   6   5  19   2   5  15   4   3   3   2   8   2   2   2   5   4   2   2   3  0.31 0.26
  172 E     1   0  -1  -1  -1   1   3  -1   2  -2  -1   1   0  -1  -2  -1  -1   0   0  -2   10   5   4   4   2   6  19   5   5   2   6   9   2   3   2   5   4   1   3   4  0.19 0.19
  173 L    -1  -1  -4  -3  -1  -1  -3  -4   0   1   5  -2   2   3  -4  -3  -3   0  -2   0    5   3   1   2   1   3   2   2   2   7  41   2   4   9   1   3   2   1   2   6  0.61 0.39
  174 T     0   0  -1  -1  -1   1   1  -1  -1  -1   0   1   0  -1   0   0   1  -1   0  -1    9   6   3   4   1   5   8   4   2   4  11   9   2   2   4   8  10   1   3   4  0.06 0.09
  175 T     1   1  -1  -1  -2   0   0  -2  -1  -1  -1   2   0  -1  -1   0   2   0  -1   0   13   7   3   4   1   4   6   4   2   4   5  11   2   2   4   7  12   1   2   6  0.08 0.12
  176 F     0  -3  -4  -5  -3  -3  -2  -4   0   2   3  -3   1   4  -5  -3  -4   1   3   1    9   2   1   1   1   1   3   2   2  10  27   2   3  15   1   2   1   2   8   8  0.58 0.36
  177 N     0  -2   2   1  -2   0   3  -2  -2   0   0  -1   0   1  -4  -1  -1  -2  -2   0    8   3   9   8   1   3  19   3   1   5  11   3   3   5   1   5   3   1   1   6  0.19 0.19
  178 D     1  -1   0   4  -3   1   3  -1  -2  -4  -4   0  -2  -4   1  -1  -1  -2  -4  -4   12   4   4  20   1   6  17   5   1   1   2   7   1   1   7   5   4   1   1   2  0.44 0.37
  179 Y     1   0  -3  -4  -3   1   1  -3   3  -1   0   0   0   1  -1  -2  -3   4   4  -1   11   4   2   1   1   6  10   2   5   4  10   5   2   6   4   3   2   4  13   5  0.28 0.23
  180 I     0  -3  -5  -4  -3  -2  -2  -4  -3   3   4  -4   2   2  -5  -4  -4  -2  -2   1    7   2   1   2   1   2   4   2   1  15  38   1   4   7   1   2   1   1   1   8  0.69 0.42
  181 K     0   0  -2   0  -3   1   2  -1   0  -3   0   3   0   1  -2   0  -1  -3  -3  -2    8   5   2   6   1   5  13   6   2   2  10  16   3   6   2   6   4   0   1   2  0.18 0.18
  182 D     0  -1   0   4  -4   1   3   1  -1  -5  -5   0  -3  -3  -1   1  -1  -7  -4  -4    9   4   5  19   0   7  16   9   2   1   1   6   1   1   4   9   5   0   1   2  0.41 0.34
  183 N     0   1   2   2  -3   2   1   0   2  -3  -4   1  -2  -4  -2   0   0  -3  -3  -3    7   7   9  11   1   8  10   8   5   2   2   8   1   1   2   8   6   0   1   2  0.24 0.23
  184 G    -1   0   0   0   2   0   0  -1   2   0  -1   0   2   1   0  -1   0   4   1  -1    5   5   5   5   5   5   5   5   5   5   5   5   5   5   5   5   5   5   5   5  0.09 0.08
  185 P    -1   0  -1  -1   2  -1  -1  -2   1  -2  -3   0   0   0   5  -1  -1   3   2  -2    5   4   3   3   4   3   4   4   3   3   3   5   2   3  26   5   5   3   6   3  0.40 0.36
  186 F    -3  -2  -9  -9   0  -2  -3  -4   0  -2  -2  -3   0   6  -3  -1  -3   6   6  -3    3   2   0   0   2   2   2   2   2   3   5   2   2  29   2   5   2  10  21   2  1.24 0.70
  187 I    -2  -3  -2  -3   1  -2  -3  -4   0   1   2  -2   1   6  -3  -4   0   3   2  -1    5   2   2   2   2   2   2   2   2   8  16   2   3  24   2   2   6   3   6   5  0.52 0.33
  188 N    -1   0   0   0   2   0  -1  -1   2   0  -1   0   2   0   0  -1   0   3   1  -1    5   5   5   5   5   5   5   5   5   5   5   5   5   5   5   5   5   5   5   5  0.03 0.09
  189 G     0   0   0   0   2   0   0   0   2   0  -1  -1  -1   0   1   0   0  -2   1   0    6   6   6   6   6   6   6   6   6   6   6   0   0   6   6   6   6   0   6   6  0.04 0.08
  190 E    -2  -2   0   4   1  -1   4  -2   0   0  -3  -1   0  -1  -2  -1  -2   2  -1  -3    3   3   4  18   2   3  25   4   2   5   3   4   2   2   3   4   3   2   2   3  0.42 0.33
  191 K    -1   1   0   1   0   2   3  -2   1  -2  -3   1  -1  -2  -2   0   0  -4  -1  -2    5   8   4   6   2   8  21   3   4   2   3   8   2   2   2   6   7   0   3   3  0.23 0.23
  192 I    -5  -4  -4  -4  -1  -3  -4  -5  -2   2   2  -4   2   7   1  -5  -4   1   1   1    2   1   1   1   2   1   1   1   1  10  15   1   5  33   7   1   2   2   4   8  0.94 0.52
  193 S    -1  -3  -2  -2   1  -2  -3   2  -1  -4  -4  -2  -2  -2  -6   5   3  -7  -3  -4    4   2   2   2   3   2   1  13   2   1   2   2   1   2   0  39  18   0   1   1  0.80 0.61
  194 A    -1   0   0   0   2   0  -1  -1   2   0  -1   0   2   0   0  -1   0   3   1  -1    5   5   5   5   5   5   5   5   5   5   5   5   5   5   5   5   5   5   5   5  0.03 0.09
  195 A     2  -2  -1  -2   0  -1  -1   1  -1  -1  -1  -1   1   0  -2   0   0  -4  -1   2   21   2   2   2   2   2   3  12   2   3   6   4   4   3   2   6   5   0   2  17  0.16 0.18
  196 D    -2  -2   0   7   0  -1   0  -3   0  -2  -4  -2  -6  -2  -6  -2  -6  -7  -1  -7    3   2   4  58   2   2   6   2   2   2   2   3   0   2   0   3   0   0   2   0  1.34 0.79
  197 L     0  -1  -2  -3   6  -2  -5  -3  -5   2   2  -1   2   1  -3  -3  -1   0   0   1    9   4   2   2  14   2   0   2   0  13  16   5   5   5   1   2   3   1   3  10  0.37 0.28
  198 S     0   0   0   0   2   0   0  -1   1   0  -1   0   1   0   0   0   0  -2   1   0    5   5   5   5   5   5   5   5   5   5   5   5   5   5   5   5   5   0   5   5  -0.00 0.06
  199 L    -1   0  -1  -2   1  -3  -3  -2   0   2   2  -1   1   2  -1  -2  -1   2   1   1    5   5   3   3   3   0   0   3   3  10  19   3   4   9   3   3   4   3   5  10  0.12 0.17
  200 A     4  -2  -2  -4   0  -2  -1   0  -1   0   0  -2   1  -1  -2  -1  -1   3   0  -1   35   2   2   0   2   2   5   7   2   6  10   2   4   3   2   3   4   4   3   4  0.31 0.33
  201 P    -1   0   0   0   2   0   0  -1   2   0  -2   0   1   0   0   0   0   3   1  -1    5   5   5   5   5   5   5   5   5   5   0   5   5   5   5   5   5   5   5   5  0.08 0.13
  202 K    -1  -1  -1  -2   1   2  -2  -2   5   1   0   0   1   0  -1  -1   0   3   0  -2    6   4   3   3   3   8   3   4  12   8  10   6   3   4   4   4   5   4   3   3  0.20 0.16
  203 L     0  -2  -5  -3   0  -2  -3  -3  -5   0   4  -2   2   3  -5  -2  -2   2  -1   1    7   2   0   2   2   2   2   2   0   5  39   3   4  10   0   3   2   3   2   8  0.48 0.36
  204 Y    -2   0  -3   0  -1   0   1  -2   3  -1  -2  -3   0   2  -2  -2  -2   6   4   0    4   6   2   5   2   4   8   3   5   4   5   2   3   9   3   4   3  10  13   6  0.40 0.28
  205 H    -1   0   0   0   2   0   0  -1   2   0  -1   0   2   1   0  -1   0   4   1  -1    5   5   5   5   5   5   5   5   5   5   5   5   5   5   5   5   5   5   5   5  0.09 0.08
  206 M    -1   0  -2  -2   1  -1  -2  -2   0   1   2  -2   4   2  -2  -2  -2   4   0   1    5   5   3   3   2   3   3   4   2   7  16   3  11   8   3   3   3   5   3   8  0.23 0.19
  207 K    -1   2  -1   2   0   2   0  -2   0  -2  -2   1   0   1   0  -1  -1   4   1  -2    6  11   3   9   2   8   6   4   3   2   4   9   2   6   4   5   3   4   5   3  0.18 0.16
  208 I     0  -1  -1  -2   0  -2  -2  -2   0   4   1  -2   1   0  -1  -2  -1   2   1   3    7   4   3   2   2   2   3   3   2  18  12   2   3   4   3   3   4   2   5  17  0.28 0.18
  209 A     3  -2  -2  -2   0  -1  -1   0  -1   0   0  -2   0   1  -2   0  -1  -5  -1   2   21   3   2   3   2   2   4   6   2   5   9   2   3   6   2   7   5   0   2  14  0.17 0.15
  210 L    -1  -3  -4  -2   1  -3  -3  -2  -2   1   5  -3   1   2  -4  -3  -3   0   0  -1    5   2   1   3   3   2   3   4   1   7  42   2   3   7   1   2   2   1   3   5  0.59 0.37
  211 G     0  -1  -1   2  -2  -1   2   3  -2  -3  -2   2  -2  -1  -1  -1  -3  -1  -2  -3    7   4   3   9   1   3  12  22   1   2   4  12   1   3   4   5   2   1   2   2  0.30 0.25
  212 H    -1   0   0   1  -2  -1   1  -3   7  -2  -2   0  -1  -1  -1  -3  -1   0   3  -1    5   5   4   6   1   3   9   3  21   2   5   6   1   3   4   3   4   1   8   4  0.49 0.33
  213 Y    -2  -2  -3  -2  -1  -2  -2  -2   1   0   0  -2   0   4  -3  -3  -1   2   6   0    4   2   2   3   2   2   3   3   3   6   9   3   2  14   2   3   4   3  25   7  0.63 0.37
  214 K    -1   4  -2  -2  -1   0  -1   1  -1  -2  -1   4  -1  -1  -1  -1  -1   0  -1  -1    6  18   2   3   1   4   4   9   1   3   6  22   1   3   3   5   3   1   2   4  0.36 0.26
  215 N    -2   0   4   2  -2   0   0   3   0  -3  -4   1  -1  -3  -2  -1  -1  -2  -4  -3    4   4  15  12   1   5   6  23   2   2   2   7   1   1   3   5   4   1   1   2  0.43 0.32
  216 W    -2  -2  -3  -3  -1  -1  -2  -1   0   0  -1  -2  -2   5  -3  -3  -2   8   4  -1    4   2   2   2   1   3   3   5   2   6   7   3   1  18   2   2   3  17  12   4  0.81 0.46
  217 S    -1  -1   0   3  -2   0   1   1  -1  -2  -2   0  -2  -2   1   2   0  -3  -3  -2    6   3   4  15   1   4   9   9   2   3   5   5   1   2   6  13   6   1   1   4  0.17 0.17
  218 V    -1  -2  -3   0  -2  -3  -3  -2  -3   4   2  -3   1   1  -3  -3  -1  -2  -3   2    5   3   1   6   1   1   2   4   1  23  18   2   4   5   2   3   4   1   1  15  0.46 0.26
  219 P     0   0  -3  -3  -3  -3  -1  -2  -3  -2   0   0  -3   2   6  -1   0  -2  -3  -2    7   4   1   2   1   2   5   4   1   2   9   6   1   7  33   5   6   1   1   3  0.61 0.45
  220 D     1  -2   0   4  -2   1   4  -1  -2  -4  -4   1  -3  -5  -1   0  -2  -3  -4  -4   11   2   4  21   1   5  21   4   1   1   2   9   1   1   4   6   3   0   1   2  0.54 0.40
  221 S     1   1   0   1  -3   0   2   2   0  -4  -4   0  -3  -4  -2   1   0  -3  -3  -2   11   7   4   8   1   4  14  15   2   1   2   5   1   1   3  10   5   0   1   3  0.27 0.24
  222 L     0   2  -2  -3   2  -3  -3  -1   1  -2   3  -1   1   3  -4  -3  -2   4   2  -2    8   9   3   2   4   2   2   5   3   2  23   4   3  10   1   2   3   5   7   3  0.37 0.24
  223 P    -2  -2  -4  -3  -4  -2  -1  -4  -2  -5  -6   1  -4  -5   7  -1   0  -3  -5  -3    5   3   1   2   1   2   4   2   1   1   1   8   1   1  53   5   6   0   1   2  1.38 0.84
  224 F     1   3   2  -4  -3  -2  -2   0   3  -3  -1   3  -3   1  -1  -2  -3   1   0  -3   10  15   8   1   1   2   3   8   6   2   7  16   1   5   3   3   2   2   3   3  0.32 0.24
  225 V    -2  -6  -6  -6  -4  -5  -6  -7  -5   3   4  -7   1   1  -6  -5  -3   3  -4   4    4   1   0   1   0   1   1   1   0  14  38   1   3   5   1   1   2   4   1  23  1.09 0.60
  226 K     2   3   0  -1  -4   2   0  -3   2  -3  -3   4  -2  -3  -6  -1  -1   4  -3  -3   13  12   4   3   1   8   5   2   5   2   4  21   1   1   1   5   3   5   1   2  0.47 0.37
  227 S     4   2   0   1  -4   1   0  -2  -3  -4  -5   2  -4  -6  -4   0  -1  -8  -5  -4   32  11   4   7   0   5   7   4   1   1   1  10   1   0   1   8   4   0   1   2  0.58 0.44
  228 Y    -5  -7  -7 -13  -5  -7 -13  -9  -1  -6  -5  -7  -5  -1 -13  -9  -9  11   8  -7    1   0   0   0   0   0   0   0   2   1   2   1   0   2   0   0   0  41  47   1  3.48 1.72
  229 M     2   1  -5  -5  -3  -2  -5  -4  -2   2   2  -3   6   2  -7  -2  -2   2   2   0   13   7   1   1   1   2   1   2   1   9  15   2  18   7   0   3   3   2   6   6  0.62 0.41
  230 E     1  -2   0   3  -6   2   5  -4   0  -7  -5   3  -3  -7  -7  -1  -2  -5  -4  -5   10   3   4  14   0   8  31   2   2   0   1  14   1   0   0   4   3   0   1   1  0.82 0.59
  231 N     3   6   2  -3  -6  -2   0  -3   1  -7  -3  -1  -2  -7  -6  -2  -1  -4  -6  -4   24  34   9   2   0   2   6   2   3   0   3   4   1   0   1   3   4   0   0   1  0.97 0.64
  232 V    -1  -6  -6 -11   2  -6  -7  -5  -4   4   4 -10   5  -2  -8  -5  -5  -1  -4   3    6   1   1   0   4   0   1   1   1  18  35   0  12   2   0   1   1   1   1  16  1.16 0.64
  233 F    -1  -1   0  -3  -4  -3   1  -4   0  -3   1   0   2   6  -7  -1  -2   0   2  -3    6   4   5   2   0   2   9   1   2   2  14   6   5  24   0   4   3   1   7   2  0.57 0.38
  234 S     3  -2   1  -1  -5   3   3  -2  -2  -7  -6   1  -5  -7  -6   3  -1  -9  -5  -4   21   2   6   4   0  10  15   3   1   0   1   9   0   0   0  19   5   0   1   1  0.64 0.51
  235 R    -8   8  -2  -3  -3  -3  -4  -9   1  -1  -1  -3  -1  -7 -11  -3  -3  -3  -5  -5    0  66   3   2   1   2   2   0   3   4   7   2   1   0   0   2   2   1   1   1  1.98 1.10
  236 E    -3  -3  -4   4 -12  -1   5  -7  -4 -12  -6  -1  -7  -7   6  -3  -5  -2  -6  -8    3   2   1  18   0   3  30   1   1   0   1   4   0   0  30   3   1   1   0   0  1.38 0.91
  237 S     3  -3  -5  -6  -1  -6  -1  -2  -1  -5  -6  -7  -6  -7  -5   6   0  -3  -3  -3   23   2   1   1   1   0   4   3   1   1   1   0   0   0   1  50   6   0   1   2  1.32 0.88
  238 F    -6  -8  -7 -12  -4 -11  -8  -8  -5   0  -3 -11  -1   8 -12  -7  -6   2   4   4    1   0   0   0   1   0   0   0   0   4   3   0   1  48   0   1   1   3  13  23  2.08 1.04
  239 T     1   3  -3  -4  -4   4  -2  -6  -4   0  -1   3  -2  -5  -4  -1   2   0  -5   0   11  12   1   1   0  15   3   1   1   6   6  18   1   1   1   5  10   1   0   6  0.51 0.39
  240 N     2   2   2   1  -5   3   1  -1  -1  -5  -4   3  -3  -5  -3   0  -2  -8  -2  -3   15  10  10   7   0  10   8   5   2   1   2  14   1   1   2   6   2   0   2   2  0.39 0.32
  241 T     1  -5  -4  -7  -1  -6  -6  -6  -6  -1  -3  -8  -4  -6  -7   4   6  -1  -4   0   11   1   1   0   1   0   1   1   0   3   3   0   1   1   0  25  42   1   1   7  1.32 0.84
  242 R    -2   2  -4  -4   4   1  -4  -6  -4  -1   3   2   1  -2  -6  -2   0   1  -2   0    3  11   1   2   8   6   1   1   0   4  27  11   3   2   0   3   5   2   2   7  0.53 0.35
  243 A     3  -2  -4  -3   0  -3  -3  -3  -2  -3  -4  -4  -2  -4   3   4   3  -1  -1  -1   21   2   1   2   2   2   2   2   1   2   2   1   1   1  13  24  13   1   2   4  0.63 0.50
  244 E    -1  -5  -2   5  -4  -2   5  -4  -1  -5  -3  -1  -6  -7   0   0  -2  -2  -5  -3    7   1   2  24   1   2  32   2   1   1   4   4   0   0   6   8   3   1   1   2  0.85 0.59
  245 T     2   0  -2   3  -5  -1   1  -6  -1  -2  -2   0  -2  -1   3   0   1  -3  -3  -1   14   5   2  15   0   3   9   1   1   2   5   5   1   3  12   7   9   0   1   5  0.30 0.28
  246 E    -2   0  -3   1 -10   3   6  -5   1  -8  -7   1  -3  -5  -6  -2  -6  -5  -3  -5    4   5   2   8   0  10  50   1   4   0   1   7   1   1   1   3   1   0   1   1  1.34 0.82
  247 D    -1   1  -3   5  -5   1   3  -4   2  -6  -3   2  -2  -2  -4  -4  -1  -4   1  -3    5   6   1  24   0   5  19   2   4   1   3  13   1   2   1   2   4   0   4   3  0.66 0.45
  248 V    -1  -3  -5  -5  -3  -2  -1  -5   2   4   2  -5   1   0  -6  -4  -4  -7   3   3    5   2   1   1   1   2   5   1   5  20  18   1   4   3   0   1   1   0   9  21  0.69 0.41
  249 I    -3  -7  -6  -9  -5  -7  -4  -9  -6   6   3  -5   4  -1  -7  -7  -3  -3  -3   4    3   0   1   0   0   0   2   0   0  35  21   1   7   3   0   0   2   1   1  22  1.29 0.67
  250 A     4   0   0   0  -3  -1   2  -2   2  -3  -2   0  -1  -4  -1   0  -2   1  -2  -2   34   5   4   5   1   3  12   4   5   1   4   5   1   1   3   6   2   2   2   3  0.42 0.37
  251 G     2  -1  -1   0  -6  -2  -3   5   4  -3  -4  -2  -4  -1  -5   0  -2  -6  -1  -4   15   3   3   6   0   2   2  37   9   2   2   3   0   3   1   6   3   0   2   1  0.65 0.46
  252 W    -4  -5  -5  -6  -2  -6  -5  -5  -4  -3   0  -6   0   4  -6  -5  -3  10   7  -5    2   1   1   1   1   0   1   1   0   1   8   1   2  16   0   1   2  30  30   1  2.00 1.01
  253 R     0   5  -3  -4  -7  -1   0  -3  -3  -4  -2   4  -3  -3   0  -2  -3  -7   0  -3    7  34   1   1   0   2   6   2   1   1   4  25   1   2   6   2   2   0   3   2  0.83 0.56
  254 P     0  -1  -3  -1  -2   0   0  -3   0  -5  -3   2  -4  -5   6  -2   0  -7  -6  -4    9   3   1   4   1   4   6   2   2   0   3  13   0   1  41   3   5   0   0   1  0.94 0.61
  255 K    -2   4  -3  -4  -7   2  -1  -4   0  -5  -4   6  -6  -3  -5  -3  -5  -7   0  -3    4  21   1   1   0  10   4   1   2   0   1  47   0   1   0   1   0   0   3   2  1.19 0.72
  256 V    -1  -3  -4  -5  -4  -1  -5  -6  -4   2   2  -3   3   3  -4  -5  -3  -5   0   5    6   1   1   0   0   3   0   0   0  11  15   2   6  11   1   0   1   0   2  41  0.75 0.48
  257 M    -1  -3  -1  -4  -4   0  -1   1  -1  -1   3  -3   6  -1  -3  -2  -2  -4  -3   0    5   1   3   0   0   4   4  11   1   1  34   1  21   2   1   2   2   0   0   6  0.47 0.37
  258 G     2  -6  -2  -5  -6  -5  -5   7  -6  -7  -7  -5  -6  -7  -5  -2  -5  -6  -6  -6   14   0   1   0   0   0   0  83   0   0   0   0   0   0   0   2   0   0   0   0  1.99 0.78

                      K         Lambda
Standard Ungapped    0.1331     0.3159
Standard Gapped      0.0410     0.2670
PSI Ungapped         0.1331     0.3159
PSI Gapped           0.0410     0.2670
