
Last position-specific scoring matrix computed, weighted observed percentages rounded down, information per position, and relative weight of gapless real matches to pseudocounts
            A   R   N   D   C   Q   E   G   H   I   L   K   M   F   P   S   T   W   Y   V   A   R   N   D   C   Q   E   G   H   I   L   K   M   F   P   S   T   W   Y   V
    1 M    -2  -2  -3  -4  -2  -1  -3  -3  -2   1   2  -2   8  -1  -3  -2  -1  -2  -2   0    0   0   0   0   0   0   0   0   0   0   0   0 100   0   0   0   0   0   0   0  0.88 0.13
    2 A     4  -2  -2  -2  -1  -1  -1  -1  -2  -1  -2  -1  -1  -3  -1   2   0  -3  -2   0   78   0   0   0   0   0   0   0   0   0   0   0   0   0   0  15   0   0   0   8  0.49 0.09
    3 A     3   2  -1  -2  -2   0  -1   1  -2  -2  -2   2  -2  -3  -2   0  -1  -3  -2  -1   54  16   0   0   0   0   0   7   0   0   3  20   0   0   0   0   0   0   0   0  0.34 0.08
    4 G     1   2  -1  -2  -2  -1  -2   4  -2  -1  -2  -1  -2  -3  -2   1   1  -3  -3  -1   16  15   0   0   0   0   0  36   0   8   0   0   0   0   0  16   8   0   0   0  0.33 0.08
    5 P    -2  -2  -3  -3  -3  -1  -2  -2  -3  -3   0  -2  -2  -2   5   0  -2   9  -1  -3    0   1   0   0   0   2   2   3   0   0  12   0   0   0  37   9   0  34   0   0  1.24 0.20
    6 S    -1  -1  -1   0  -2   0  -1   1   4  -3  -1   0  -2  -2  -2   3   1   2   1  -2    0   2   0   3   0   2   0   9  18   0   6   5   0   0   0  37  10   3   6   0  0.29 0.12
    7 G    -1   1  -1  -2   2   0  -1   3  -2  -1   1   1  -1  -2  -2   1  -1  -3  -2   0    0   9   0   0   7   2   2  28   0   0  20  10   0   0   0  12   0   0   0   8  0.16 0.08
    8 C    -1  -1  -3  -3   7   0  -3  -3  -3   1   0  -2   1   0  -3  -2   0   6  -1   1    5   5   0   0  30   5   0   1   0  10   5   0   5   3   0   0   5  13   1   9  0.52 0.15
    9 L    -2  -3  -4  -4  -3  -3  -4  -4   0   2   3  -2   5   2  -4  -3  -2  -3  -2   2    0   0   0   0   0   0   0   0   2   9  34   3  24  11   0   0   0   0   0  15  0.60 0.25
   10 V     0  -2   0  -2   1  -2  -2  -1  -2   2   1  -1   3   2  -2   0  -1   2   1   1   10   0   6   2   3   0   0   3   0  13  12   3  11  10   1   7   0   4   5  11  0.12 0.11
   11 P     0   1  -1  -1  -3  -1  -1   0  -1  -1  -1   1  -2   0   3   1   0  -2   1  -1    8  12   0   2   0   0   3   6   1   2   7   8   0   3  15  15   6   0   7   3  0.18 0.11
   12 A     3  -2   0  -3   0  -2  -1  -1  -1   0  -1  -1   2  -3  -2   2   2  -3  -1  -1   37   0   3   0   2   0   2   2   2   6   3   4   8   0   0  15  12   0   2   0  0.32 0.22
   13 F     0  -3  -2   0  -3  -3  -2  -3  -2   2   1  -2   1   4  -3  -2  -2   3   4   0    7   0   2   6   0   0   3   1   0  15  10   2   3  24   0   2   2   4  17   3  0.37 0.19
   14 G     2  -2  -1  -2  -1   0  -2   2  -2   1  -1  -1   0   0   0   0   0  -2   0   0   22   0   1   0   1   4   1  15   0  11   4   3   2   6   4   7   6   0   4   6  0.12 0.12
   15 L    -2  -3  -3  -4  -3  -3  -4  -4  -4   2   3  -2   3   2  -3  -1  -2   1  -1   2    3   0   1   0   0   0   0   0   0  10  35   3   9   9   1   5   1   2   1  18  0.46 0.25
   16 R     0   1  -3  -3   0   0  -2  -2   0   1   2  -1   0   0  -2   0   0   0   0   0    7  11   0   0   3   5   0   2   2   7  30   4   2   4   2  10   4   1   3   4  0.14 0.15
   17 L    -2  -4  -3  -5   2  -4  -5  -5  -4   2   4  -4   0   3  -2  -3  -2   1  -1   2    3   0   1   0   5   0   0   0   0  10  40   1   2  13   2   1   2   2   1  18  0.62 0.31
   18 L    -1  -4  -4  -5   1  -2  -4  -5  -4   3   3  -3   1   3  -5  -2  -1   0   1   1    4   0   0   0   4   1   0   0   0  15  34   1   4  16   0   4   2   1   5   9  0.52 0.28
   19 L    -1  -4  -4  -3  -2  -3  -4  -4  -4   3   3  -4   1   3  -4  -1  -2   2   0   1    6   0   0   1   1   0   0   1   0  15  35   0   3  15   1   5   2   2   2  10  0.51 0.28
   20 A     2  -3  -3  -4   1  -2  -3  -1  -3   2   2  -3   0   2  -3   0   0   0  -1   2   17   0   1   0   3   1   0   4   0  10  24   0   2   8   1   9   4   1   2  14  0.25 0.20
   21 T     1  -3  -1  -3   1  -2  -2  -2  -2   2   2  -2   0   1  -1   1   2  -3  -2   1   11   0   3   0   4   1   2   2   0  14  19   1   2   6   2  12  13   0   0   7  0.18 0.18
   22 V    -1  -4  -2  -3   0  -1  -3  -4  -4   2   2  -4   2   2  -3   0   0  -3  -1   3    4   0   1   1   2   2   1   1   0  10  23   0   7  11   1   7   4   0   1  23  0.36 0.24
   23 L     0  -4  -3  -4   3  -2  -4  -3  -4   2   3  -3   1   1  -2  -1   0  -1  -1   2    7   0   1   0   7   1   0   1   0  10  34   1   3   7   2   4   6   1   2  13  0.38 0.24
   24 Q     0  -2  -2  -2   2   2  -2  -2  -1   1   1  -2   0   0  -1   2   0   0  -2   1    9   1   1   1   4  13   1   2   1  11  13   1   2   4   2  19   4   1   0   8  0.16 0.18
   25 A     1  -2  -1  -3   3  -2  -2   0  -2   0   1  -2   1   2   1   0   1  -2  -1   0   13   2   2   1   6   1   1   6   1   5  13   0   5  10   7   9   9   0   2   7  0.12 0.13
   26 V     1  -4  -2  -4  -2  -2  -3  -2  -2   3   1  -3   0   1  -3  -1   1  -1  -1   3   13   0   1   0   1   1   1   2   1  17  14   0   2   6   1   3   7   1   2  27  0.33 0.23
   27 S     0  -1   0   0   2  -1   0  -1  -1  -1  -1  -1  -1   0   0   2   1   0   0   1    9   2   5   4   5   2   5   4   2   2   4   1   1   5   4  23   8   2   2  12  0.10 0.14
   28 A     2  -1   0  -1   0   1   0   0   0   0  -1  -1  -1  -1   0   1   0  -2   1   0   19   3   3   2   2   6   4   5   2   4   6   3   1   2   5  14   5   0   5   9  0.07 0.09
   29 F     2  -2   0  -2   1  -1  -1  -1   1   0   0  -2  -1  -1   0   1   0   0   0   1   19   2   4   1   4   3   4   3   4   7   6   1   1   2   3  14   5   1   3  15  0.09 0.12
   30 G     1  -1   1   0   0  -2  -1   2  -1  -1   0   0  -2  -1  -1   1   0   3   0  -1   11   2   6   4   2   0   2  20   1   2   9   9   0   2   2   9   8   4   3   5  0.11 0.11
   31 A     3  -2   1   0   2   0   2   0  -2  -2  -3  -2  -3  -3  -1   2   0  -4  -2  -3   32   1   6   4   4   5  14   7   0   2   2   1   0   0   2  15   3   0   2   0  0.32 0.23
   32 E    -1   0  -1   1  -4   3   5  -2  -2  -3  -4   0  -3  -3  -2   0  -1  -4  -4  -2    4   4   2   6   0  12  46   2   0   2   1   5   0   1   2   7   2   0   0   3  0.64 0.34
   33 F    -2  -2  -3  -4  -2  -1  -3  -3  -2   0   3  -3   0   4  -1  -1  -2   3   1   0    2   2   1   1   1   3   1   2   1   5  40   1   1  19   4   5   1   4   4   4  0.44 0.26
   34 S    -2  -3  -1   1  -4  -2  -2  -2  -4  -3  -4  -3  -4  -5  -2   5   3  -5  -4  -3    1   1   2   9   0   1   1   2   0   1   1   0   0   0   2  55  22   0   0   1  0.95 0.49
   35 S     3   0  -1  -1  -3   0  -1  -1  -1  -2  -2  -1  -2  -3   1   2   2  -4  -2   0   26   5   1   3   0   3   2   2   1   1   3   2   0   1   8  21  11   0   1   7  0.27 0.21
   36 E     0   0   0   2  -4   2   5  -2  -2  -4  -3   1  -3  -4  -2   0  -1  -4  -4  -2    6   4   3  13   0  11  38   1   0   0   2  10   0   0   1   4   4   0   0   2  0.58 0.30
   37 A     0   0  -1   4  -4   2   4  -1   0  -3  -3   0  -3  -2  -3   0  -1  -4  -2  -3    6   4   1  22   0   8  35   3   2   1   2   3   0   2   0   6   4   0   1   1  0.56 0.29
   38 C    -5  -8  -7  -8  12  -7  -8  -7  -7  -6  -6  -7  -6  -6  -7  -5  -5  -6  -1  -5    0   0   0   0  98   0   0   0   0   0   0   0   0   0   0   0   0   0   2   0  4.11 1.08
   39 R     0   4  -1  -2  -4   1   2  -3   2  -2   0   2  -1  -2  -3   0   0   3  -3  -3    8  27   1   1   0   5  14   0   5   1   9  10   1   1   0   6   5   4   0   1  0.36 0.25
   40 E     1   0   1   3  -4   1   4  -1  -2  -3  -2  -1   0  -4  -2   1   0  -5  -4  -2   12   5   5  17   0   4  28   3   0   1   3   1   3   0   1  11   5   0   0   2  0.39 0.26
   41 L     1  -1  -3  -5  -4  -1  -4  -5  -5  -1   5  -1   0  -3  -5  -2  -3   0  -4  -1   12   3   1   0   0   2   0   0   0   2  69   5   2   0   0   2   0   1   0   2  0.88 0.44
   42 G    -3  -6  -4  -5  -6  -5  -6   8  -6  -8  -7  -5  -6  -7  -6  -4  -5  -6  -7  -7    0   0   0   0   0   0   0 100   0   0   0   0   0   0   0   0   0   0   0   0  2.58 0.81
   43 F    -6  -6  -7  -7  -6  -7  -7  -7  -5  -1  -1  -7  -1   9  -7  -6  -6   1   2  -4    0   0   0   0   0   0   0   0   0   3   4   0   2  85   0   0   0   1   5   0  2.43 0.82
   44 S    -2   0   3   3  -4  -2  -1  -1  -3  -1  -3   1  -3  -4  -1   1   3  -5  -4  -3    0   5  19  17   0   0   3   3   0   4   2  10   0   0   2   9  25   0   0   1  0.46 0.31
   45 S     2   0  -1  -1  -3  -1   0   2   1  -3  -4   1  -3  -4   1   2   0  -4  -3  -2   20   5   1   2   0   1   6  18   4   1   0   9   0   0   7  19   4   0   0   3  0.31 0.23
   46 N     0  -2   3   2  -1   1   2  -1  -1  -3   1  -2  -2  -4  -3   1   0  -4  -2  -3    7   1  20  12   1   8  15   3   1   0  15   0   0   0   0  10   5   0   1   1  0.31 0.26
   47 L     2  -4  -4  -4  -3  -2  -2  -2  -4   0   4  -3   0  -2  -1  -2   0   0  -3   1   18   0   0   0   0   1   2   3   0   3  48   0   1   0   3   1   6   1   0  12  0.49 0.32
   48 L    -1  -1  -3  -4  -3   0  -2  -3  -1   1   4   0   1   0  -2  -2   0   1  -1   1    3   2   0   0   0   4   1   1   2   6  46   8   4   3   2   2   5   2   1   7  0.34 0.23
   49 C    -2  -3  -5  -5  11  -5  -5  -5  -5  -4  -4  -5  -4  -5  -5  -4  -2  -5  -5  -4    2   2   0   0  85   0   1   1   0   0   1   1   0   0   0   1   3   0   0   1  3.19 0.89
   50 S    -1   2  -1  -1  -3  -1  -1  -1   1  -4  -4   0  -3  -4  -3   5   0  -4  -3  -3    3  12   2   3   0   2   3   4   4   0   1   3   0   0   0  54   5   0   0   1  0.71 0.40
   51 S    -1  -1  -1   3  -3  -2  -1  -3   1  -3  -1  -1  -1  -1  -1   4   2  -1   0  -3    2   2   1  16   0   0   3   0   4   0   6   3   2   2   2  35  16   1   3   0  0.42 0.32
   52 C    -4  -6  -6  -6  11  -6  -6  -6  -6  -5  -5  -6  -5  -6  -6  -4  -4  -5  -6  -4    1   0   0   0  94   0   0   0   0   0   1   0   0   0   0   0   0   0   0   0  3.80 1.09
   53 D     0   0   2   4  -4   1   3  -2   1  -4  -4   0  -3  -2  -2   0  -1  -4  -2  -3    7   6  12  24   0   5  18   1   4   0   1   5   0   2   1   8   4   0   1   2  0.43 0.29
   54 L    -1   1  -1   1  -3   1   2  -2  -1  -1   1   1  -1  -3  -1   0   1  -3  -1  -1    3   6   2  10   0   5  15   1   1   2  18  11   0   0   2   7  12   0   2   3  0.16 0.17
   55 L    -3  -5  -5  -5   0  -4  -5  -5  -5  -1   5  -5   1   3  -5  -3  -4  -4  -3  -1    2   0   0   0   2   0   0   0   0   1  71   0   2  14   0   2   0   0   0   3  1.16 0.56
   56 G     2   0   0   0  -3   0   0   0  -2  -3  -1   1  -2  -2   2   2   0  -3  -1  -2   19   4   5   5   0   2   4   7   0   0   6   8   0   1   9  19   3   0   2   3  0.19 0.17
   57 Q    -1   0   0   2  -4   3   4  -2   0  -4  -2   2  -1  -4  -1  -1   0  -4  -3  -3    4   3   4  10   0  18  26   2   2   0   3  13   2   0   3   3   7   0   0   0  0.46 0.31
   58 F    -2  -3  -3  -4  -4  -4  -4  -5   5  -1  -1  -4   0   6  -2  -2  -1  -2   5  -2    2   1   1   0   0   0   0   1  13   3   4   0   2  43   2   3   4   0  18   2  1.07 0.51
   59 N    -1  -1   2   2  -3   1   1   1   1  -2  -2   2  -2  -3  -1   0  -1  -4  -2   0    4   1  12  13   0   5   7  12   5   1   3  15   0   0   3   7   3   0   1   8  0.20 0.17
   60 L    -1  -1  -1   2  -3  -2  -1  -2  -3   0   3   0   1  -2  -3   0  -1  -3  -3   0    3   3   3  14   0   0   3   3   0   4  44   5   3   0   0   6   3   0   0   5  0.29 0.27
   61 L    -1   0   1   3  -3   1   2  -1  -2  -1  -1   0  -2  -4   0   0   0  -4  -3  -1    5   4   6  20   0   6  17   5   0   4   5   6   0   0   5   7   6   0   0   4  0.25 0.20
   62 Q     0   0   0   0  -2   1   0   0  -2   0   0   0   1   0   1   0   0  -3  -2   0    6   6   6   6   0   6   6   6   0   6   6   6   6   6   6   6   6   0   0   6  0.04 0.06
   63 L    -1   1  -1   0  -2  -1  -1   0  -2   0   0   0   1   1   1   0   0  -2  -1   0    1   8   0   8   0   0   0   8   0   8   8   8   8   8   8   8   8   0   0   8  0.06 0.09
   64 D     0   0   0   0  -3   1   0   0   2   0  -1   0   1   1  -3   0   0   3   1   0    6   6   5   6   0   5   6   6   5   6   6   6   5   5   0   6   6   5   5   6  0.06 0.10
   65 P     1  -1   0   2  -3   1   2  -2   3  -2  -3  -1  -3  -4   3   1   0  -4  -3  -3   13   1   2  12   0   6  14   2   8   2   2   3   0   0  14  13   7   0   0   0  0.33 0.20
   66 D    -2  -2   0   5  -4   1   3  -2   4  -3  -4  -1  -4  -3  -2   0  -1  -4   2  -3    3   2   3  31   0   5  22   2  10   1   1   1   0   0   2   5   3   0   7   1  0.62 0.29
   67 C    -3  -5  -4   0  11  -5  -5  -5  -5  -4  -4  -5  -4  -5  -5  -3   2  -5  -5  -4    1   1   0   7  71   0   1   1   0   1   1   1   0   0   1   1  12   0   0   1  2.55 0.68
   68 R    -2   3   0  -1  -3   1   2  -2   0  -1   1   1   3  -1  -3  -1  -1  -3   0  -2    2  18   4   2   0   5  13   3   2   3  16  11   9   3   1   2   2   0   4   1  0.21 0.16
   69 G     1   1   0   0  -3   2   1   1  -2   0  -2   1  -2  -3  -2   1   0  -3  -2  -2   10   9   5   3   0  11  12  13   0   9   3   8   0   0   1   9   6   0   0   1  0.16 0.12
   70 C    -3  -5  -4  -5  10  -4  -1  -1  -5  -3  -4  -5  -4   0  -5  -3  -3  -4  -4   0    1   0   0   0  70   0   6   6   0   0   1   1   0   4   0   1   1   0   0   8  2.26 0.64
   71 C    -3  -5  -4  -5  10  -4  -5   1  -4  -4  -4  -5   1  -4  -5  -1  -3  -4   2  -1    1   0   0   0  64   0   1  11   0   0   1   0   3   0   0   5   0   0   7   4  2.04 0.60
   72 Q     0   0   0   0  -3   2   0  -1   3  -1  -1   0  -2   0  -1   0   2   2  -2  -1    6   5   4   4   0  11   4   4  10   4   6   7   0   4   3   5  16   3   0   5  0.14 0.19
   73 E     0   0   1   0  -2   1   0   0   2   0  -1   0   1  -2   1   0   0  -3  -2   0    6   6   6   6   0   6   6   6   6   6   6   6   6   0   6   6   6   0   0   6  0.06 0.08
   74 E    -1  -1  -1   6  -5  -1   3  -2  -3  -3  -3  -2  -4  -1  -4  -2   0  -5  -1  -4    4   3   2  45   0   2  21   4   0   2   2   2   0   4   0   2   5   0   2   0  0.86 0.52
   75 A     0  -1   1   1  -3   0   3   0   1  -1  -2   1  -1  -3  -3   1   0  -4   0  -1    7   2   6   8   0   4  23   8   3   3   3   7   2   0   0  14   4   0   3   4  0.22 0.22
   76 Q    -1  -1   1   3  -3   2   1   0   1  -1  -1   1   0  -3  -1   1   0  -4  -3   0    4   3   5  18   0  10   9   6   3   3   5   7   3   0   2  11   5   0   0   7  0.18 0.19
   77 F     0   0   0   1  -3   0   1   1  -2  -1  -1   0   0   0   0   1   0   2   0  -1    8   5   4   9   0   3  10  10   0   4   4   4   3   5   4   9   5   3   4   4  0.06 0.08
   78 E     0   0   1   0  -3   1   0   0   2  -2  -1   0   1   0   1   0   0  -2   1  -1    6   6   6   6   0   6   6   6   6   0   6   6   6   6   6   6   6   0   6   6  0.05 0.09
   79 T     1  -2   1   0  -2   1   1   0  -2  -1  -1   0   0  -1   0   1   2  -3  -2   0   15   0   6   5   0   6   9   5   0   4   4   6   3   3   5  10  13   0   0   6  0.10 0.14
   80 K     0   0   0   0  -2   1   0   0   1   0  -1   0  -1   0   1   0   0  -2   1   0    6   6   6   6   0   6   6   6   6   6   6   6   0   6   6   6   6   0   6   6  0.04 0.06
   81 K     0   0   1   0  -2   1   0   0   2   0  -1   0   1  -2   1   0   0  -2   1   0    6   6   6   6   0   6   6   6   6   6   6   6   6   0   6   6   6   0   6   6  0.05 0.08
   82 L     0   0   0   0  -3   1   0  -3   2   0  -1   0   1   1   0   0   0   3   1   0    6   6   5   6   0   5   6   0   5   6   6   6   5   5   6   6   6   5   5   6  0.08 0.12
   83 Y     0  -3   0  -4  -4  -3  -2  -4   2  -1  -2  -1  -3   3  -4   0  -3   3   7  -1    7   0   4   0   0   0   3   1   5   4   4   4   0  12   0   7   0   3  41   4  0.87 0.48
   84 A     1  -1   0   0   1   0  -1  -3   1  -3  -1   0   0  -3   4   1   0  -4   0   0   13   3   5   4   3   5   3   0   3   0   4   5   3   0  20  10   6   0   4   6  0.26 0.23
   85 G     0   0   0  -2  -3   1   0   0   2   0   0   0   1   1  -3   0   0   3   1   0    6   6   6   0   0   6   6   6   6   6   6   6   6   6   0   6   6   6   6   6  0.08 0.12
   86 A     4   0  -3  -4   2  -3   0  -2   1   0  -3  -1  -3  -4  -3   0  -1  -4  -1   2   43   4   0   0   5   0   5   3   4   5   1   3   0   0   0   6   3   0   2  14  0.51 0.38
   87 I     0   1  -1  -1   0   0   0  -3   1   2  -1   0  -1   0  -1   0  -1   1   0   2    6  10   3   2   2   3   8   1   3  17   3   4   0   4   3  10   2   2   2  16  0.11 0.16
   88 L    -1  -3   0  -1  -3   0  -1  -4  -3   3   3  -1   1   0  -4  -1  -1  -4  -3   0    6   0   6   4   0   5   5   0   0  17  34   5   3   3   0   4   2   0   0   5  0.30 0.26
   89 E    -1   0   0   0   1   1   4  -2   0  -1  -1  -2  -3  -4  -1   1   0  -4   0   0    5   5   3   4   3   5  33   2   2   4   6   0   0   0   3   9   6   0   3   8  0.30 0.30
   90 V     0  -3   1  -3   4   0  -1  -2  -3   1  -1  -3   2   1   0  -1  -1  -3   1   3    7   0   7   0  10   4   4   3   0   9   4   0   5   5   5   3   3   0   5  25  0.26 0.26
   91 C    -1   0   0   0   2   0   0  -1   2  -2  -1   0   1   0   0   0   0   3   1  -1    5   5   5   5   5   5   5   5   5   0   5   5   5   5   5   5   5   5   5   5  0.08 0.12
   92 G    -1   1   0   0  -4   2   1   2   1  -1  -1   0   1  -4   0   0  -1  -4  -3  -1    4   9   5   6   0   9   9  18   3   3   7   4   4   0   4   5   4   0   0   5  0.15 0.17
   93 U    -1   3  -2   0   6   0  -2  -1   1   0  -2   0  -3   0  -1   0  -3   2  -1  -1    5  15   2   5  17   5   2   5   4   5   4   4   0   4   4   7   1   3   2   3  0.30 0.27
   94 K    -1   2   1  -1  -4   0   0  -3   1  -2  -2   3  -3   0   0   2   0   2  -3  -3    3  13   8   3   0   4   4   1   3   3   4  22   0   4   5  16   4   3   0   1  0.29 0.26
   95 L    -2   0   0  -6  -6   0  -2  -2   3   1   3  -6   3   2  -7  -6  -6   4   2   1    4   5   5   0   0   4   4   4   7   7  23   0   5   8   0   0   0   6   6   9  0.55 0.30
   96 G    -1   0   0   0   2   0   0  -1   2   0  -1   0   2   1   0  -1   0   4   1  -1    5   5   5   5   5   5   5   5   5   5   5   5   5   5   5   5   5   5   5   5  0.08 0.08
   97 R     0   2  -1  -6   2  -1   0  -2   2  -6  -2  -1   3   4  -1  -1  -1  -6   3  -1    8  12   3   0   4   3   7   3   4   0   5   4   6  15   3   6   4   0   8   4  0.36 0.26
   98 F    -1  -1  -1   1  -4   0  -1  -2   0  -2   1  -3   2   2  -2   0  -1   2   4   0    4   3   3   7   0   4   4   2   2   0  12   0   5  10   2   8   3   3  20   9  0.26 0.27
   99 P    -1  -1  -1   0   3  -1  -1  -2   1  -3  -1  -1   1   0   5   0  -3  -3   2  -1    3   3   3   5   7   3   4   3   3   0   7   3   4   3  29   6   0   0   7   4  0.44 0.31
  100 Q     0   0   1   1  -4   3   2  -1   1  -1  -1   0   1  -3  -3   0  -1  -3   0  -2    8   4   6   6   0  15  18   5   4   5   7   5   5   0   0   5   3   0   4   0  0.20 0.22
  101 V    -1  -1   0  -1  -3   1  -1  -3  -2   2   1  -1   0   2  -3  -1   0  -2   0   2    4   3   4   3   0   7   3   0   0  14  12   3   2  12   0   4   7   0   3  17  0.14 0.17
  102 Q     0   0   0   0  -3   2   1   0   1  -1  -1   2   1  -2  -3   0   0   2   1   0    9   3   3   4   0   9   9   6   3   3   5  15   4   0   0   4   4   4   5   7  0.11 0.16
  103 A     0   0   0   0  -2   1   0   0   1   0   0   0   1   0   1   0   0  -3  -1   0    6   6   6   6   0   6   6   6   6   6   6   6   6   6   6   6   6   0   0   6  0.04 0.07
  104 F    -2  -3   0   0   3   0  -2  -1  -2   0  -1  -2   1   4   0   0  -2   3   2  -2    1   0   5   6   9   6   1   6   0   5   4   0   5  27   5   6   0   4   8   1  0.29 0.23
  105 V    -1   0  -1   1   2  -2  -2  -3   1   1   0  -2  -1   1   0   1   2  -2   1   0    1   8   0  10   6   0   0   1   4   8   7   0   0   9   5  13  14   0   4   9  0.10 0.14
  106 R     0   3   0  -1  -3   0   0  -1   2  -2  -1   2   0  -1  -2   0   1  -3   0  -1    7  20   2   3   0   3   7   3   6   0   7  12   2   3   0   4  11   0   4   6  0.15 0.14
  107 S    -1   0   0   1   0   0   2   0   2  -2  -3   1  -3  -1  -3   2   0  -3   2  -2    4   3   2  10   2   2  13   7   6   3   1   7   0   2   0  22   5   0   9   2  0.22 0.21
  108 D     0   0   1   0  -3   1   0   0   2  -2  -1   0  -1   0   1   0   0  -2   1  -1    6   6   6   6   0   6   6   6   6   0   6   6   0   6   6   6   6   0   6   6  0.07 0.08
  109 K     0   1   1   0  -2   1   0  -2   2   0   0   0   1   0  -2   0   0  -3  -1   0    7   7   7   7   0   7   7   0   6   7   7   7   6   6   0   7   7   0   0   7  0.06 0.10
  110 P     1  -1  -1   2  -3   0   2  -3  -1  -1  -2   0  -2  -2   4  -1  -2  -4  -1   0   14   4   2  15   0   4  13   1   1   4   4   4   1   1  20   3   1   0   2   7  0.33 0.24
  111 K     0   1   1   0  -3   2   0  -1  -1  -1  -2   4  -1  -3  -1   1  -2  -3  -3  -2    8   7   7   4   0  11   4   4   1   3   3  29   1   1   2   9   1   0   0   3  0.31 0.24
  112 L    -1  -1  -1   1   0   1   1  -2   0  -1  -1   1   0   2  -1   0  -1   1   1  -2    5   2   3   9   2   9   8   2   2   4   7  12   2  13   2   6   3   2   6   1  0.09 0.10
  113 F    -2  -3  -4  -4  -4  -4  -3   0   1  -1  -2  -2  -1   6  -4  -3  -3   5   5  -3    4   1   0   0   0   0   2   9   4   3   2   3   2  40   0   2   1   7  17   1  0.96 0.46
  114 R    -1  -1   0   0  -5  -2   1   1   1  -5  -4   1  -4  -5   5   0  -2  -5  -4  -4    4   2   5   4   0   1  11  13   3   0   1  10   0   0  35   6   2   0   0   0  0.73 0.39
  115 G     0   3   4  -1  -2   0  -1   1   0  -4  -3   0  -3  -2  -3   1   0  -4   1  -3    7  17  25   2   1   3   2  12   2   0   2   4   0   1   0  10   5   0   6   1  0.39 0.29
  116 L    -2  -4  -5  -5  -3  -4  -4  -5  -5   1   4  -4   1   1  -2  -3  -1  -4  -3   4    2   0   0   0   0   0   0   0   0   4  45   0   2   6   2   2   3   0   0  33  0.80 0.43
  117 Q    -1   2  -1   0  -4   3   3  -2  -1  -3  -3   4  -1  -4  -3   1   0  -4  -3  -2    4  10   1   3   0  13  20   1   1   1   1  25   1   0   0  10   5   0   0   2  0.48 0.32
  118 I    -2  -4  -4  -5  -3  -4  -4  -5   0   3   0  -4   0   3  -4  -1  -2   0  -2   5    2   0   0   0   0   0   0   0   2  15   5   0   2  13   0   5   2   1   0  50  0.82 0.44
  119 K    -2   3   0  -2  -4   4   0  -4   1   0  -2   4   0  -4  -3  -2  -1  -4  -3   0    1  18   3   1   0  21   5   0   3   5   3  24   2   0   0   2   3   0   0   8  0.51 0.35
  120 Y    -2  -1   0   0  -4   1   1  -4   3  -2  -2  -1  -1   1  -1  -1  -2   1   6  -3    2   3   4   7   0   6  12   0   7   2   2   3   2   5   3   3   2   2  34   0  0.60 0.40
  121 V     0   1  -2  -1  -3   0   0  -3   0   1  -1   1   1  -1  -3   0   2  -3  -1   2    8   7   0   2   0   2   4   0   2  10   3  12   4   2   0   6  17   0   2  16  0.15 0.18
  122 R     0   2   1   0  -3   0  -1  -1   1  -2  -1   0  -2   2   1   0  -1  -2   2  -2    7  17   9   6   0   5   3   3   4   2   4   6   0  11   8   5   2   0   8   2  0.17 0.17
  123 G    -1  -1   3  -3  -4  -3  -3   5  -3  -1  -2  -3  -3   0   0   0  -1  -4   0  -4    4   3  15   0   0   0   0  45   0   5   3   0   0   4   4   7   4   0   3   0  0.64 0.39
  124 S     2   2  -1   0  -3   1  -2  -1   2  -1  -1  -1   1   0  -3   2   0  -3  -2  -1   21  13   2   4   0   6   0   3   6   2   6   2   5   4   0  19   3   0   0   3  0.20 0.23
  125 D    -1   2  -1   2  -3   1  -1  -3  -1  -2   0   0   0  -3   4   0  -1   0   0  -2    3  11   3  11   0   5   2   1   1   2  13   6   2   0  22   6   3   1   5   2  0.30 0.19
  126 P    -3  -4  -4  -4  -4  -3  -3  -4  -4  -4  -4  -3   2  -5   8  -1  -1  -5  -4  -2    1   0   0   0   0   0   1   1   0   0   1   1   6   0  74   5   4   0   0   3  1.99 0.55
  127 V    -1   0  -1  -1  -3   1   0  -3   0   1  -1   2   1   0  -1   0   3  -3  -2   0    2   5   2   2   0   9   5   1   2   9   2  14   4   5   3   7  21   0   0   7  0.16 0.14
  128 L    -1  -1  -4  -4  -3  -3  -4  -4  -4   3   4  -3   2  -2  -4  -3  -1  -3  -3   1    3   4   0   0   0   0   1   1   0  18  52   1   5   0   0   1   3   0   0   9  0.65 0.27
  129 K    -1   0  -1  -2  -3   1   0  -3   0   3   0   2  -1  -2  -3  -1   0  -3   0   2    2   5   2   0   0   7   5   1   3  22   6  16   0   0   0   3   6   0   3  17  0.18 0.14
  130 L     0  -3  -4  -4  -3  -3  -3  -4  -3  -1   4  -3   4   2  -3  -3   0  -3  -2   1    9   1   0   1   0   0   1   1   0   1  43   1  14  11   1   1   8   0   0   8  0.56 0.26
  131 L    -2   0  -1  -2  -2   0  -1  -3   1   0   2   0   1   2  -3  -1   1   2   1   0    1   4   4   1   0   4   4   1   3   4  24   8   4  10   1   4  11   3   6   4  0.13 0.11
  132 D    -2  -4   2   7  -5  -1   0   1  -1  -5  -5  -3  -5  -5  -4  -1   0  -5  -2  -5    3   0  10  58   0   2   3   9   2   0   1   0   0   0   0   4   6   0   2   0  1.15 0.53
  133 D     1  -1   1   3  -3   0   3   0   0  -3  -2   1  -3  -3  -1   1  -1  -4  -1  -2   12   2   6  17   0   2  23   6   2   1   3   9   0   0   2   9   2   0   2   3  0.29 0.21
  134 N     0  -1   2   3  -3   0   2  -1   0  -3  -2   1  -3  -1  -3   1   0  -4  -1  -2    9   3  11  22   0   3  14   5   3   0   3   7   0   3   0   9   4   0   2   2  0.29 0.21
  135 G    -1  -2   0   1  -4  -1   0   6  -1  -5  -4  -2  -1  -3  -2  -1  -3  -4  -3  -3    4   2   4   9   0   3   5  57   1   0   2   2   2   1   1   3   0   0   1   1  0.87 0.42
  136 N    -1   0   2   0  -4   3   3   0   0  -2  -3   2  -1  -3  -3   0   0  -4  -3  -2    4   4  10   4   0  14  22   6   2   3   1  12   1   1   0   5   6   0   0   2  0.32 0.24
  137 I     0  -1  -2  -1  -2   1   1  -2   2   0   0   0   0  -2   0  -1   1  -3  -1   2    6   2   1   3   0   5  11   3   7   4   6   6   2   1   5   3  12   0   1  21  0.11 0.14
  138 A     0   0  -2   0  -3   3   1  -1   0   0  -1   3  -1  -3  -1  -1  -1  -3  -2   1    6   3   1   5   0  15   8   5   3   5   4  21   2   0   2   4   2   0   0  12  0.19 0.18
  139 E    -2   0  -2   2  -5   2   6  -4  -3  -4  -1   1  -3  -2  -3  -1  -1  -4  -4  -2    2   3   0   9   0   7  54   1   0   0   6   7   0   2   0   2   3   0   0   3  0.85 0.45
  140 E    -2   2  -2  -1  -3   0   2  -4  -1   0  -3   0  -3  -4  -3   1   4  -4  -3   0    2  13   0   2   0   3  16   0   1   5   1   4   0   0   0   9  34   0   0   8  0.48 0.35
  141 L    -3  -4  -4  -4  -3  -3  -4  -5   0   4   3  -3   2   2  -3  -3  -1   2   0   2    0   0   0   0   0   0   0   0   2  25  31   2   6   7   1   0   2   3   2  15  0.56 0.30
  142 S     0   3   3   0  -4  -1  -1   0   0  -3  -3   0  -3  -3   1   2  -2  -4  -1  -2    8  21  20   5   0   1   2   5   1   1   1   3   0   1   6  18   0   0   2   3  0.36 0.28
  143 I    -3  -3  -6  -6  -4  -5  -6  -6  -6   7   1  -5   0  -3  -6  -5  -3  -5  -2   4    2   2   0   0   0   0   0   0   0  60  10   0   1   0   0   0   0   0   1  24  1.37 0.58
  144 L     0  -1  -1   4  -5  -1   4  -1   1  -3  -3  -1   0  -5  -4   0   0  -5  -4  -3    7   3   1  28   0   1  33   4   3   1   2   2   2   0   0   5   6   0   0   1  0.65 0.39
  145 K    -2   0   3  -1  -5   0  -1   1   2  -5  -3   4  -4  -5  -2   1   0  -5  -3  -4    2   4  18   3   0   2   1  13   5   0   3  34   0   0   1  11   4   0   1   0  0.55 0.35
  146 W    -7  -7  -8  -9  -2  -6  -7  -7  -7  -6   0  -4   0  -1  -8  -7  -7  12   0  -7    0   0   0   0   1   0   0   0   0   0   8   1   2   2   0   0   0  84   2   0  3.94 1.15
  147 N    -3   0   3   4  -5  -2  -1  -3  -3  -3  -5   4  -4  -5  -2   2   1  -6  -5  -4    0   3  14  27   0   0   2   0   0   1   0  29   0   0   1  15   7   0   0   0  0.77 0.41
  148 T     0   4  -2  -2  -1  -1   1  -4  -1  -3  -3  -1  -1  -4  -2   0   4  -5  -1   0    6  27   1   1   1   1   9   0   1   1   1   2   1   0   2   4  33   0   2   7  0.54 0.35
  149 D    -1  -3   1   6  -6   0   4  -3  -3  -6  -6  -2  -5  -6  -1   0  -3  -6  -5  -4    4   0   5  45   0   4  31   1   0   0   0   2   0   0   3   5   0   0   0   1  1.12 0.49
  150 S     0  -3  -1   0  -4   0   2  -3   5  -4  -3  -1  -3  -4  -3   2   4  -5  -1  -2    5   0   2   6   0   3  16   1  15   0   1   2   0   0   0  19  27   0   2   2  0.57 0.35
  151 V    -4  -5  -6  -6   5  -5  -6  -6  -6   5   3  -5   2  -1  -5  -5  -3  -5  -4   3    0   0   0   0  11   0   0   0   0  43  25   0   4   1   0   0   0   0   0  16  1.07 0.44
  152 E     0   1   2   1  -3   0   2  -3   3  -1   0   0  -2  -2  -3   0   0  -4  -2  -1    7  10  13   7   0   2  17   0   9   4  11   4   0   1   0   3   7   0   0   4  0.20 0.17
  153 E    -1  -2   0   4  -6   3   5  -3   0  -6  -5  -1  -4  -6  -4  -2  -1  -6  -5  -5    4   0   2  23   0  16  45   1   2   0   0   2   0   0   0   1   3   0   0   0  1.03 0.45
  154 F    -5  -6  -6  -7  -5  -6  -6  -6  -4  -3   2  -6   1   8  -6  -5  -5  -2   5  -4    0   0   0   0   0   0   0   0   0   0  16   0   3  63   0   0   0   0  18   0  1.84 0.61
  155 L    -4  -5  -6  -6  -4  -5  -6  -6  -5   1   6  -5   2   2  -6  -5  -4  -4  -3   1    0   0   0   0   0   0   0   0   0   5  75   0   4   8   0   0   0   0   0   7  1.28 0.49
  156 S     0   3   3   0  -4   2   1  -2   1  -2  -2   1  -2  -3  -3   1   0  -4  -2  -2    6  18  16   3   0  10   9   1   3   2   2  10   1   1   0   8   6   0   1   3  0.30 0.19
  157 E    -1   0   0   1  -4   1   4  -2  -1  -4  -2   1  -1  -4  -3   1   2  -5  -4  -3    4   4   3   7   0   5  36   2   1   0   3   7   2   0   0  11  16   0   0   0  0.50 0.29
  158 K    -4   3  -1  -4  -6  -2  -2  -4   5  -4  -3   6  -4  -3  -4  -3  -3   6  -2  -3    0  18   2   0   0   0   0   0  14   1   2  48   0   1   0   0   1  10   1   2  1.15 0.48
  159 L    -3  -2  -5  -6  -3  -4  -5  -6  -5   2   5  -4   1  -2  -5  -4  -3  -4  -3   3    0   2   0   0   0   0   0   0   0  11  63   0   1   0   0   0   0   0   0  22  1.03 0.38
  160 E     0   0  -1   1  -4   2   4  -3  -2  -4  -4   4  -3  -5  -3   0   0  -4  -3  -3    8   3   1   5   0   7  34   0   0   1   0  29   0   0   0   5   7   0   0   1  0.60 0.26
  161 R    -2   1   1  -3  -4   0  -2  -4   1  -4  -2   2  -3  -3   6  -2  -3  -4   2  -4    3   9   7   0   0   4   0   0   3   0   5  16   0   0  43   0   0   0   9   0  0.90 0.29
  162 I    -1  -3  -4  -4  -2  -3  -3  -4  -4   3   1  -3   3  -1  -3  -3  -1  -3  -2   4    0   0   0   0   0   0   0   0   0  18   9   0  13   0   0   0   0   0   0  59  0.56 0.14

                      K         Lambda
Standard Ungapped    0.1391     0.3223
Standard Gapped      0.0423     0.2670
PSI Ungapped         0.1381     0.3177
PSI Gapped           0.0423     0.2670
