
Last position-specific scoring matrix computed, weighted observed percentages rounded down, information per position, and relative weight of gapless real matches to pseudocounts
           A  R  N  D  C  Q  E  G  H  I  L  K  M  F  P  S  T  W  Y  V   A   R   N   D   C   Q   E   G   H   I   L   K   M   F   P   S   T   W   Y   V
    1 M   -5 -5 -6 -7 -5 -4 -6 -7 -5 -2  3 -5  9 -3 -6 -5 -4 -5 -5 -3    0   0   0   0   0   0   0   0   0   0  30   0  70   0   0   0   0   0   0   0  2.39 0.94
    2 T    2 -2 -1 -1 -4  1  1 -3 -3 -4 -3  2 -3 -5 -3  3  3 -5 -4 -1   18   1   2   2   0   6   9   0   0   0   1  15   0   0   0  23  20   0   0   4  0.49 0.41
    3 D   -4  0 -1  5 -6  0  5 -3 -4 -5 -5  0  3 -6 -4  0 -2 -6 -5 -4    1   4   1  28   0   3  40   1   0   0   0   5   8   0   0   6   2   0   0   1  1.05 0.63
    4 D   -3 -1  0  4 -6  0  4 -3 -2 -4 -1  0 -5 -4 -4  2 -2 -6 -5 -5    1   3   3  23   0   3  34   1   1   1   7   4   0   1   0  17   2   0   0   0  0.79 0.55
    5 D   -2 -2 -2  4 -6 -1  4 -2  0 -5  1 -1 -2 -3 -5  1 -1 -6 -3 -3    3   1   1  23   0   2  35   2   3   0  13   3   1   1   0   9   3   0   1   1  0.70 0.52
    6 S    2  0  1 -4 -4  0 -1 -3  0 -3 -4 -1 -4 -1 -3  4  1 -5 -1 -3   19   5   7   0   0   4   4   1   2   1   1   3   0   3   1  35  10   0   2   2  0.55 0.48
    7 E   -1  0  0  1 -5  4  4 -3  1 -4 -1  0  0 -4 -4 -1 -2 -3 -4 -1    6   4   4   8   0  18  30   1   4   1   6   4   2   1   0   5   2   0   0   5  0.52 0.44
    8 T   -1  1 -1  0 -5  2  4 -3  3 -2 -1 -2 -2 -5 -2  1  2 -6 -3 -2    3   6   2   4   0   8  30   2   7   2   5   2   1   0   2  12  12   0   1   2  0.48 0.43
    9 S    0 -1  0 -1 -3 -1  0 -2 -1  2  2 -1 -1 -2  0  0  0 -3 -3  1    7   3   4   3   0   2   8   2   1  15  19   3   1   1   4   9   5   0   0  11  0.12 0.17
   10 A    0 -1  0  0 -3  1  1 -1 -1 -1  1  0  0 -3 -1  1  1 -4 -2  0    8   2   3   6   0   7   8   5   1   2  19   4   2   0   2  14   8   0   1   8  0.11 0.18
   11 S    1 -2 -1  0 -4 -1  2 -3 -1 -1 -2  1 -3 -3  0  3  0 -3 -3  1   13   2   3   6   0   2  17   1   1   4   3   7   0   1   4  21   6   0   0   9  0.27 0.31
   12 E    0 -1 -1  2 -5  1  4 -3 -2 -2 -1  1 -2 -5 -4 -1  2 -6 -4 -2    7   3   3   9   0   5  31   2   1   2   6   7   1   0   0   4  15   0   0   2  0.49 0.43
   13 T    0  0 -1  0 -5  2  3 -3 -1 -2  0  2  1 -2 -3  1  0 -5 -3 -3    8   4   2   5   0   9  20   1   1   2  11  13   3   1   1   9   7   0   0   1  0.26 0.29
   14 Q   -2  1 -1  1 -5  4  3 -1  1 -3 -2  0 -3 -3 -1  1  0 -6 -4 -3    3   9   2   6   0  20  17   5   3   1   5   5   0   1   3  13   6   0   0   1  0.39 0.38
   15 A   -1  0 -1  3 -5  2  3 -1  0 -2 -1 -1 -2 -2 -3  0  0 -3 -4 -3    5   6   2  18   0  10  23   5   2   3   6   4   1   2   1   6   5   0   0   1  0.39 0.35
   16 Q    1  0  1  1 -2  1  1  0 -2  0  1 -1  1 -2 -1 -1 -2 -3 -3 -1   12   7   7   8   1   7  11   6   1   5  19   3   3   1   3   2   2   0   0   4  0.11 0.18
   17 E   -1  2  0  2 -4  0  5 -3 -1 -4 -5  1 -5 -4  0  0  0 -3 -2 -5    4  12   4  10   0   3  36   2   2   1   1   8   0   1   4   6   5   0   2   1  0.65 0.50
   18 E   -1  0 -1 -1 -6  2  4 -3 -3 -1  2  0 -1 -1 -3 -1 -2 -6 -2 -2    4   4   2   3   0   9  33   2   0   3  18   5   1   3   1   4   2   0   1   2  0.48 0.42
   19 S    0 -1  1  0 -5  2  2 -2 -2 -1  1  2  0 -4  0  0 -2 -5 -3 -1   10   3   8   4   0  12  13   2   1   4  12  15   2   0   4   5   1   0   1   4  0.23 0.26
   20 D   -1  0  2  3 -6  0  4 -2 -3 -3 -5  2 -5 -4 -4 -1 -1 -7 -5 -1    5   5  11  15   0   3  29   3   0   2   1  12   0   1   0   5   3   0   0   4  0.61 0.47
   21 L   -1  0 -2  0 -4  1  2 -4 -1  0  3  0  3 -2 -3 -1 -1 -5 -1 -2    5   5   2   6   0   7  12   1   1   5  27   7   7   1   1   5   4   0   2   2  0.25 0.27
   22 P   -2  0 -3  1 -5  0  3 -4 -3 -3 -1  2 -1 -5  1  2  2 -3 -4 -1    3   5   1   7   0   4  20   1   0   1   6  11   1   0   8  14  14   0   0   4  0.38 0.38
   23 V    0  0  1  2 -4 -2  1 -4 -1  1  1 -1  3 -3 -3 -2 -2 -5 -3  2    8   5   6  13   0   1   9   1   1   9  14   3   9   1   1   2   2   0   1  13  0.26 0.26
   24 F   -1 -1 -2  2 -4  3  4 -4 -1  1  0 -1 -3 -3 -5 -1  0 -6 -3 -2    6   2   2  11   0  13  27   1   2   8   9   4   1   1   0   4   6   0   1   3  0.45 0.40
   25 Q   -1  0 -2  2 -8  4  6 -4 -1 -6 -7  1 -5 -4 -4 -3 -3 -2 -4 -5    5   5   1   9   0  18  44   1   1   1   0   7   0   1   1   2   1   1   1   1  1.14 0.76
   26 L   -2 -2 -5 -3 -6 -2 -4 -5 -3  1  6 -2  1 -2 -6 -3 -2 -6  0 -2    3   2   0   2   0   2   1   1   1   6  65   3   3   2   0   2   2   0   3   2  1.16 0.67
   27 C   -1  2  0 -2  3  4  2 -4 -2 -3 -1  2 -3 -1 -4 -1 -2 -2 -2 -1    4  11   4   2   5  19  16   1   1   1   6  14   1   3   0   4   3   1   1   4  0.45 0.39
   28 G    1  2  1  0 -3  3  3  0  1 -4 -4  1 -2 -5 -3 -1  0 -6 -4 -3   13   9   8   4   0  15  16   6   3   1   1   9   1   0   1   5   6   0   0   2  0.40 0.37
   29 L    0  2 -1 -1 -6  3  2 -5 -1 -2  1  2  1 -3 -4 -2 -2 -1 -1 -3    7  12   3   2   0  12  15   0   1   2  16  14   4   1   0   2   2   1   2   2  0.39 0.36
   30 V   -2 -3 -1 -5 -1 -1 -2 -5 -5  3  3 -3  0 -3 -5 -2 -1 -3 -3  4    4   1   3   0   1   3   3   1   0  17  25   2   2   1   0   3   3   0   1  31  0.69 0.46
   31 E   -2  0 -1  2 -8  3  6 -5 -3 -6 -6  1 -7 -6 -5 -2 -1 -8 -5 -7    3   5   2  12   0  11  50   1   1   0   1   7   0   0   0   3   4   0   0   0  1.26 0.81
   32 E   -2 -3  1  2 -8  2  6 -4  0 -7 -4  1 -4 -8 -6 -2 -3 -8 -5 -6    4   1   5   9   0  10  54   1   2   0   2   7   0   0   0   3   2   0   0   0  1.30 0.83
   33 L   -2 -4 -3 -5 -4  1  0 -6 -6  1  5 -2  2 -2 -6 -2  0 -4 -1  0    3   1   1   0   0   6   7   0   0   8  48   3   5   1   0   3   5   0   2   7  0.74 0.51
   34 S   -1  2  0 -1 -5  2  2 -4 -1 -1 -1  2  0 -5 -3  1  1 -3 -3 -2    5  11   4   2   0  11  16   0   2   4   6  15   3   0   1   9   9   0   1   3  0.33 0.33
   35 Y   -1  3 -1  1 -2  2  1 -3  2 -2 -1  2  2 -4 -5 -2 -1 -5  1 -3    5  15   3   8   1  11  10   2   4   2   7  14   5   0   0   3   3   0   6   1  0.35 0.33
   36 G    0  1 -1  0 -6  3  4 -1  1 -4 -2  2  1 -4 -4 -1 -2 -3 -4 -3    6   8   2   4   0  12  29   5   4   1   4  10   3   1   1   5   3   0   0   2  0.51 0.43
   37 N   -2 -1  6 -2 -3  0  0 -5 -2  1  1 -1  2 -2 -6 -3 -1 -6 -1 -1    3   4  37   1   1   4   6   1   1   9  13   4   5   2   0   2   3   0   2   4  0.71 0.52
   38 S    1 -1  1  2 -5  2  5 -5 -1 -5 -4  0 -4 -5 -4  0 -3 -4 -5 -4   12   3   6   9   0   8  39   0   2   1   2   5   0   1   1   8   1   0   0   1  0.79 0.59
   39 A    0 -1 -1  1 -5  3  3 -4 -1 -1 -1  1  1  0 -4 -1 -1 -5  3 -1    8   3   3   7   0  12  21   1   2   3   6   7   3   3   0   3   3   0  10   4  0.33 0.32
   40 L   -2 -4 -4 -5 -3  2 -2 -6 -3  1  5 -2  2  0 -7 -5 -4 -4 -2 -1    3   1   1   1   1   9   2   0   1   6  58   2   4   3   0   1   1   0   2   4  1.06 0.64
   41 K   -1  3  0 -1 -3  3  2 -4 -4 -3 -2  4  0 -6 -4 -1 -1 -6 -5 -2    6  14   4   3   1  11  15   1   0   2   5  24   2   0   1   5   4   0   0   3  0.54 0.43
   42 T    0  2  0  1 -5  2  1 -2 -1 -1  1  1 -1 -4 -4 -1  1 -5 -4 -2    8  12   5   9   0  10  10   3   1   4  13  10   1   0   0   4   8   0   0   2  0.23 0.25
   43 E   -4  1 -3 -2 -8  2  6 -6 -1 -6 -3  1  2 -7 -6 -3 -2 -7 -5 -5    1   8   1   2   0   7  57   0   2   0   3   7   6   0   0   2   2   0   0   1  1.42 0.87
   44 T    0 -1  6 -1 -2 -1  0 -4 -3  0 -2  1 -3 -4 -5 -1  2 -6 -4 -2    7   4  38   3   1   3   6   1   1   5   4   8   1   1   0   4  13   0   1   3  0.80 0.55
   45 E   -1  0 -1  2 -6  2  5 -4  1 -5 -3  0 -2 -5 -3 -2 -1 -6 -2 -4    6   5   3   9   0   8  44   1   3   1   3   5   1   1   1   3   4   0   2   1  0.86 0.59
   46 M   -2 -1 -3 -2 -2 -1  1 -5 -2  1  3 -1  5 -2 -5 -2 -3 -2 -3  0    3   4   1   3   1   3  11   1   1   9  29   5  16   1   0   2   2   1   1   7  0.53 0.38
   47 F   -3 -2 -4 -5 -5 -2 -3 -5 -3  1  4  0  2  4 -5 -4  1 -2 -1 -2    3   2   1   1   0   2   2   1   0   6  40   6   4  18   1   1   7   0   2   2  0.74 0.46
   48 E   -1 -1 -3  1 -4  2  6 -5 -2 -3 -4  0 -1 -7 -6 -2 -2 -7 -5 -3    6   4   1   7   0   9  51   1   1   2   2   6   1   0   0   4   2   0   0   2  1.12 0.73
   49 K    0  3 -1  0 -4  3  1 -5 -2 -5 -3  4  0 -6 -5  1  0 -6 -4 -4    8  14   2   5   0  12  10   1   1   0   3  24   2   0   0  11   5   0   0   1  0.61 0.47
   50 Y   -2  0 -3 -2 -4  1  1 -3  1 -3  0 -1 -3  4 -5 -1 -2 -1  6 -3    4   5   1   2   0   7   9   2   3   1  10   3   1  17   0   4   2   1  25   2  0.68 0.47
   51 Y   -3  1 -2 -4 -3  1 -2 -5  0  3  3  1  0 -1 -5 -3 -1 -3  3 -1    2   8   2   1   1   6   3   1   2  16  28  10   2   3   0   2   3   0   9   3  0.44 0.34
   52 N    1  0  1 -1 -4  4  2 -4  2 -1 -1  2  0 -5 -5  0 -1 -3 -3 -3   11   4   6   4   0  18  14   1   5   3   6  13   2   0   0   7   3   0   1   1  0.40 0.37
   53 K    0  4 -1 -2 -4  1  3 -4 -2 -3 -1  3 -3 -5 -4 -2 -1 -6 -4 -3    7  25   3   2   0   5  19   1   1   1   7  18   1   0   1   2   3   0   1   1  0.68 0.48
   54 L   -1 -1  0 -4 -3  0  0 -4  1  1  3 -1  3 -1 -4 -2 -2 -2 -1  1    6   4   6   1   0   4   6   1   4   9  29   4   6   2   1   2   3   0   2  12  0.30 0.25
   55 E   -1 -1  1  2 -6  2  5 -3  0 -2 -3  1 -1 -6 -4 -1 -2 -6 -4 -1    5   3   6   9   0   9  37   2   2   3   3   7   2   0   1   4   3   0   1   4  0.67 0.50
   56 L    1 -1 -2  0 -4  2  3 -3 -2 -1 -1  0  1 -2  3  0 -2 -4 -4 -3   10   4   2   5   0   9  20   1   1   4   7   5   3   2  15   8   2   0   0   2  0.34 0.33
   57 K   -1  3  0 -1 -3  1  3 -2 -1 -3  1  2 -1 -5 -3  0 -2 -5 -3 -3    5  14   4   3   1   6  21   3   1   1  12  14   2   0   1   6   3   0   1   1  0.38 0.33
   58 D   -1  1  1  2 -3  1  1 -2 -1 -1  0  2  1 -3 -2 -1  0 -3 -3 -2    6   6   6  11   0   5  10   2   1   4  12  15   4   1   1   4   6   0   1   3  0.18 0.19
   59 Q    0  1  0 -1 -3  3  2 -3 -1  0  0  1  1 -4 -3  0  1 -5 -2 -3    7   8   4   3   0  16  15   2   2   5   9   9   3   0   1   6   8   0   1   2  0.28 0.29
   60 R   -1  2 -1 -1 -3  2  1 -2  1 -1  0  2  0 -2 -3  0 -1 -3  0 -2    6  14   2   4   0  10   9   3   4   4  12  14   2   2   1   5   4   0   3   3  0.20 0.21
   61 P   -1  1  1 -1 -3  2  1 -1  1 -1  0  0  1 -2 -1  0  0 -2  0 -1    5   7   8   4   0  12   9   5   4   3  12   5   3   2   3   5   4   0   3   4  0.10 0.14
   62 P   -1  1 -1  1 -5  3  3 -3 -2 -2 -1  1  0 -4  0  0  0 -5 -2 -2    4   9   3   6   0  15  19   1   1   3   6   9   2   1   5   7   5   0   1   3  0.34 0.32
   63 R   -1  2  1  0 -3  2  1 -2  0 -1  0  1 -1 -2 -2  0  0 -4  0 -1    5  13   6   5   1  11  10   2   2   4  10   7   1   1   1   5   5   0   4   5  0.16 0.18
   64 L    0 -1  2 -1 -5  2  2 -1 -1 -1  2  0 -1 -2 -3 -1 -1 -3 -3 -1    8   3  10   3   0  10  14   4   1   3  22   6   1   1   1   5   3   0   1   4  0.24 0.26
   65 S    0  1  0  0 -3  1  2 -2  1 -1  1  1  0 -2 -2  1 -1 -3 -1 -1    7   7   5   4   0   5  12   3   4   4  13  11   2   2   1  11   4   0   1   4  0.11 0.15
   66 E    0  0  0  0 -4  3  3 -3 -1 -2  0  1 -2 -3 -3  0  0 -5 -1 -1    6   4   5   5   0  13  22   2   2   2   8   8   1   1   1   6   6   0   2   5  0.30 0.29
   67 I    0  0  0  0 -2  1  3 -3 -1  0  1  1  1 -2 -1  0 -1 -4 -2 -2    7   5   5   6   1   7  18   1   2   6  14   9   4   2   2   6   3   0   1   2  0.16 0.19
   68 K   -1 -1  1  0 -3  3  2 -3  0 -2 -1  3 -2 -2 -3  1 -1 -5 -2 -2    4   3   5   6   0  14  11   1   2   3   7  19   1   2   1  12   4   0   2   3  0.31 0.30
   69 I    0  1  0  0 -4  2  2 -2  2  0  0  1  2 -1 -2 -1  0 -2 -3 -2    8   7   5   6   0   9  14   3   4   6   9   7   5   3   1   5   5   0   0   2  0.14 0.17
   70 T    0  1  0 -1 -5  2  2 -3  0 -2  0  3  0 -2 -2  1  0 -3 -2 -2    7   6   5   3   0   8  11   2   2   2   9  18   2   1   2  12   4   0   1   3  0.22 0.24
   71 G    0  1  1  0 -3  3  2 -1 -2  0  1  1 -1 -2 -2  0 -1 -4 -2 -3    7   6   6   4   0  13  14   5   1   6  12   8   1   1   1   6   4   0   1   1  0.20 0.22
   72 A    2  2 -1  0 -4  3  2 -3  1 -1 -1  1 -1 -4 -2  0 -1 -4 -2 -2   16  13   3   4   0  12  13   2   3   3   6   8   1   1   2   7   3   0   1   2  0.29 0.28
   73 E    0  2  0  1 -4  2  3 -1 -2 -2 -1  2  1 -3 -2  0  0 -3 -4 -1    7   9   3   7   0   9  18   4   0   2   7  12   3   1   2   5   5   0   0   4  0.23 0.24
   74 I    0  1 -1  0 -2  1  2 -2  0 -1  1  1  0  0 -3  0 -1 -1  1 -1    7   9   2   5   1   7  13   2   2   4  15   8   2   3   1   6   3   1   5   5  0.11 0.14
   75 A    1  0  0 -1 -2  1  1 -1  2 -1  0  0  0  0 -2  0 -1 -1  0 -2   13   5   5   2   1   6  11   3   6   3  11   7   2   5   1   8   4   1   3   2  0.09 0.13
   76 Q    0  2  0 -1 -3  2  3 -1  1 -2 -1  1 -2 -3 -2  0 -1 -5 -2 -1    8  12   5   3   1  11  18   4   3   3   8   8   1   1   1   6   4   0   1   4  0.24 0.24
   77 L    0  1  0 -1 -3  0  3 -2  0 -1  1  0  0 -1 -2 -1 -1 -1  0 -1    6   8   4   4   0   4  22   3   2   4  15   5   2   2   2   5   3   1   4   5  0.16 0.19
   78 R   -1  3 -1  0 -2  2  2 -1  0 -2  0  2 -1  0 -3 -1 -1 -3  0 -2    5  15   3   5   1  10  14   4   2   3   9  11   1   4   1   3   3   0   4   2  0.22 0.22
   79 S    0  2  0 -2 -4  1  1 -1  0 -1  0  2  1 -1 -1  0 -1 -3 -1 -2    8  12   3   2   0   8  10   6   2   3  10  13   5   3   2   6   3   0   2   2  0.13 0.16
   80 R    0  4 -1  0 -3  2  2 -1  0 -2 -2  3 -2 -3 -3 -1 -2 -5 -2 -2    7  19   2   5   0   7  13   4   2   2   5  18   1   1   1   5   2   0   1   3  0.37 0.32
   81 R   -1  3 -1  0 -5  3  2 -2  0 -3 -1  2 -1 -2 -4  1 -1 -4 -3 -4    5  16   3   6   0  12  13   4   2   1   6  14   2   2   0   9   3   0   0   1  0.37 0.34
   82 K    0  2  0  0 -4  1  1 -2  1 -2  0  3  0 -3 -3  1  0 -4 -2 -1    6  11   4   4   0   8  10   3   3   2   9  16   2   1   1   9   5   0   1   5  0.19 0.21
   83 S    1  2 -1 -2 -1  1  1 -1 -2  0  0  2  0 -2 -2  1  0 -3  0 -1   10  10   3   2   1   5   9   4   1   5  10  12   2   2   1  12   5   0   3   4  0.10 0.14
   84 K    0  1  1  1 -3  2  3 -1  0 -3 -2  1  0 -3 -1  0 -1 -5 -3 -2    7   9   6   9   0   8  18   5   2   2   5  10   3   1   2   7   3   0   1   2  0.24 0.24
   85 S    0  1 -1  1 -4  1  3 -1 -1 -4 -2  2 -4 -4  0  1 -1 -5 -2 -2    9   8   3   7   0   6  19   4   1   1   4  13   0   1   5  13   3   0   1   2  0.31 0.30
   86 R    0  3 -1  0 -3  2  2 -2  3 -1 -2  2  0 -2 -2  0 -2 -5 -3 -2    8  16   3   5   1   9  12   3   7   5   4  10   3   2   1   7   2   0   1   3  0.27 0.26
   87 M    0  0 -1  0 -1  1  0 -2 -1 -1  1  1  0 -2  0  0  1 -3 -2  1    7   5   3   4   1   6   7   3   1   3  16   8   2   1   5   9   8   0   1   9  0.07 0.12
   88 G    1  1  0  0 -3  2  2  0 -1 -2 -2  1 -1 -2 -2  1  0 -3 -3 -1   10   8   4   4   0   9  13   7   2   2   5  10   2   1   1  10   7   0   1   4  0.16 0.18
   89 M    0  1  0  1 -4  2  3 -1 -1 -1 -1  0  0 -2 -1  1  0 -4 -2 -1    8   7   4   8   0   8  19   4   2   4   5   6   2   1   3   9   6   0   1   5  0.17 0.19
   90 E   -1 -1  0  2 -3  1  2 -1 -1  0  0  1  1 -3 -1 -1 -1 -4 -2 -1    5   3   3  13   1   7  16   4   2   7  10   7   3   1   3   4   4   0   1   5  0.15 0.17
   91 R   -1  3 -1  0 -5  3  2 -3 -1 -1 -1  2 -1 -4 -2 -1 -1 -3 -2 -1    4  15   3   6   0  14  13   2   1   3   6  14   1   1   2   4   4   0   1   5  0.33 0.30
   92 V    0  0 -1  1 -3  1  2  0 -1 -1 -1  1 -2 -2  0  0 -1 -2 -2 -1    6   4   2  10   0   7  14   6   1   4   7  10   1   2   5   9   4   0   1   4  0.12 0.14
   93 M   -1  0  0 -1 -3  1  1 -2 -1  0  1  1  2 -2 -2  1  0 -4 -1  0    4   4   4   3   0   7  11   2   2   5  14   9   5   1   2  10   7   0   2   6  0.10 0.14
   94 G    0  1  0 -1 -2  1  2 -1 -1  0  0  1  0 -1 -1  0  0 -2 -1  0    7   7   4   3   1   7  14   5   1   6  10   9   3   2   2   5   5   0   2   6  0.07 0.10
   95 L    1 -2 -1 -2 -1  1  1 -3 -2  1  2 -1  1 -2  0 -1 -1 -2 -2  0   11   1   3   2   1   5  11   1   1   8  26   4   3   1   4   5   4   0   1   7  0.18 0.20
   96 S   -1 -1  1  2 -2  1  4 -2 -2 -2 -3 -1 -1 -6 -3  1  2 -6 -5 -3    5   4   7  12   1   5  27   3   1   2   2   3   2   0   1   9  14   0   0   1  0.50 0.41
   97 V    0 -2  0  0 -1  1  0 -3  0  0  1  0  1  0 -2 -1 -1 -1  2  0   10   2   6   4   1   7   6   1   2   6  18   6   5   5   1   3   4   1   8   6  0.10 0.15
   98 D    0 -1  1  1 -6  2  5 -5 -2 -2 -2  1  0 -5 -2 -1 -2 -4 -5 -2    8   3   7   9   0   8  36   1   1   3   4   8   2   0   2   4   2   0   0   3  0.63 0.49
   99 Q   -1  0 -2  0 -3  6  4 -5  2 -5 -5  1 -2 -7 -5 -2 -2 -7 -5 -4    6   4   2   5   1  36  23   1   5   1   1   7   1   0   0   3   3   0   0   1  1.03 0.71
  100 K   -2  4 -2 -3 -6  2  1 -4 -4 -3 -2  6 -2 -4 -4 -3 -4 -6 -3 -4    4  21   2   1   0   7  10   1   0   1   4  41   1   1   1   2   1   0   1   1  1.05 0.66
  101 L    0 -2 -1 -4  4 -1 -1 -4  0  1  2 -1  0  0 -5 -2 -2 -2  5 -1    7   3   4   1   8   2   4   1   2   7  19   3   2   3   0   3   2   0  23   4  0.51 0.38
  102 E    0  1 -1  1 -5  2  4 -3  0 -2  0  0  2 -3 -4 -1 -1  2 -1 -2    7   7   3   8   0   7  27   1   2   3   9   5   4   1   0   4   5   3   2   3  0.34 0.32
  103 L   -1  0  1  0 -4  1  2 -3 -1  2  1  2  2 -2 -4 -1 -1 -3 -3 -1    6   5   6   4   0   6  13   2   1  13  13  13   6   1   0   4   3   0   0   4  0.20 0.22
  104 V    2 -1 -2 -3  2  0  1 -3 -1  0  1  0  0 -2 -4 -1  0 -2  2  1   19   2   2   1   4   3  10   1   2   5  16   6   3   1   0   5   5   1   7   8  0.19 0.22
  105 Q   -2  0  0 -2 -3  3  1 -4 -2  0  2  0  2 -3 -4  0  0  0  0  0    3   5   4   2   0  13  10   1   1   5  24   4   6   1   0   6   4   2   3   5  0.26 0.27
  106 K    1  2  0 -2 -3  2  2 -2  1 -2 -3  3 -1 -2 -3  0  0 -1 -2 -3   11  12   4   2   1   8  16   2   3   2   2  16   1   2   1   8   6   1   1   2  0.32 0.30
  107 E   -1  0  0 -1 -2  3  5 -4  0 -3 -3  2 -1 -6 -3 -1  0 -3 -2 -2    5   4   3   3   1  14  35   1   2   1   3  10   2   0   1   5   5   0   1   3  0.63 0.50
  108 L   -1 -1 -2 -4  0 -1 -1 -3  0  1  3 -1  2  0 -4 -2 -2  2  2  1    5   3   2   1   2   3   4   2   2   8  29   4   5   3   0   3   2   3   9  10  0.28 0.24
  109 E    0  2  0  1 -4  3  4 -3  2 -4 -4  0 -3 -4 -5 -1 -2 -3 -4 -3    8  11   4   8   0  11  32   2   4   1   2   6   1   1   0   4   2   0   0   2  0.63 0.49
  110 D   -1  1 -1  2 -3  2  5 -4  1 -3 -3  1 -1 -1 -5 -2 -2 -4 -3 -3    6   7   2  11   1  10  35   1   3   1   3   7   1   3   0   2   2   0   1   2  0.65 0.49
  111 T   -1 -1 -3 -3 -1  1  1 -4 -2  1  4  0  2 -1 -5 -2 -1 -5  0  0    6   4   1   2   1   6   8   1   1   6  36   5   5   2   0   2   4   0   3   7  0.36 0.31
  112 K   -2  4  0 -2 -4  4  1 -4  0 -2 -1  3 -1 -4 -4 -3 -2 -2 -3 -2    3  22   4   2   0  16  11   1   2   2   7  18   2   1   1   2   2   1   1   4  0.58 0.45
  113 D    0  1  1  2 -3  2  3 -3  1 -3 -2  2 -2 -3 -3 -1 -1 -6 -4 -2    7   6   6  10   0  11  20   2   3   1   4  15   1   1   1   4   4   0   0   3  0.38 0.33
  114 E   -2  1  0  1 -6  4  4 -4  0 -4 -2  2 -2 -6 -5 -1 -2 -3 -3 -3    4   7   4   6   0  17  29   1   2   1   5  14   1   0   0   4   2   0   1   2  0.68 0.51
  115 I   -1  0 -2 -3 -1 -1  0 -3 -2  3  3 -1  2  1 -4 -1 -1 -2  1  0    4   5   1   1   1   3   8   1   1  15  27   4   6   5   0   4   2   0   4   6  0.28 0.25
  116 R    0  1  0  1 -5  2  4 -2  0 -2 -1  2 -1 -4 -5  0 -1 -2 -3 -3    8   8   5   8   0   8  25   2   2   2   5  13   2   1   0   6   4   0   1   1  0.40 0.35
  117 H   -1  2  0  1 -5  3  3 -2  1 -2 -2  3 -3 -4 -3  0 -1 -5 -3 -3    5   9   5   7   0  12  18   2   3   2   4  16   1   1   1   6   4   0   1   2  0.39 0.34
  118 M    0  0 -2 -1 -3  1  1 -3 -1  1  2  0  4 -2 -4 -2  0 -2 -2  0    7   4   1   4   1   8  11   2   1  10  17   7  10   2   0   3   6   0   1   5  0.21 0.22
  119 R   -1  3  0 -2 -3  4  3 -4  0 -1 -2  3  0 -6 -4 -2 -2 -6 -3 -2    6  13   5   2   1  16  16   1   2   3   5  20   2   0   1   3   2   0   1   2  0.53 0.43
  120 A    1  2  0  1 -5  2  3 -2  0 -1 -2  2 -2 -4 -4  0  0 -5 -5 -3   13  11   4   6   0  10  19   2   2   3   3  10   1   0   1   5   6   0   0   2  0.36 0.33
  121 N    0  1  1  2 -3  3  3 -4  0 -3 -2  2 -1 -4 -4 -1  0  0 -3 -4    8   8   6   9   1  13  21   1   2   1   3  10   2   1   1   5   5   2   1   1  0.40 0.35
  122 A    1 -2  0 -2 -1  0 -1 -2  1 -1  2 -1  1  1 -4  1 -1  2  4 -2   11   2   5   2   2   3   3   2   4   4  19   4   3   4   0   9   3   3  14   2  0.22 0.23
  123 E   -1  0  0  2 -6  2  4 -3  0 -3 -2  1  0 -2 -5 -1  1 -6 -3 -3    5   5   4  11   0   9  29   2   2   2   4   7   3   2   0   4   8   0   1   2  0.47 0.39
  124 R    0  3  0  0  1  2  2 -2  0 -4 -3  3 -1 -3 -4 -1 -1  0 -2 -3    9  13   5   4   3  11  14   3   2   1   2  18   2   1   0   4   4   1   2   2  0.37 0.32
  125 D    0  0 -1  0 -2  3  3 -4 -1  0  0  2  0 -2 -3 -1 -1  0 -1 -1    6   4   3   6   1  13  18   1   1   6   8  11   2   1   1   5   4   1   2   5  0.22 0.24
  126 L   -1  0 -1 -2 -1  1 -1 -3  0  2  3  1  1 -2 -2 -2 -1 -2 -1  0    6   4   4   2   1   6   4   1   3  15  27   8   3   1   2   2   4   1   2   6  0.22 0.22
  127 Q    0  2  0  2 -5  3  3 -2  0 -2 -2  1  0 -2 -4 -1 -1 -1 -2 -2    7  10   4  10   0  13  21   2   2   3   3   7   2   2   0   5   3   1   1   2  0.35 0.32
  128 H   -1  1  1  1 -5  1  3 -2  1 -2 -1  1 -1 -3 -2  0  0 -1 -2 -1    5   8   7   9   0   7  23   2   3   2   5   9   1   1   1   5   5   1   1   4  0.28 0.27
  129 H   -2 -1 -1 -1  1  0  0 -3  1  0  3  0  2  0 -4 -2 -2  1  1 -1    4   3   4   3   3   5   6   1   3   4  33   5   6   3   0   3   1   2   6   4  0.27 0.25
  130 E   -1  2  1  0 -5  3  3 -2  1 -2 -1  2  1 -2 -4 -1 -1 -5 -2 -2    4  11   6   5   0  12  17   2   3   2   6  15   3   1   0   5   4   0   2   3  0.31 0.28
  131 A    3  1  0  1 -1  2  3 -1 -1 -2 -3 -1 -1 -3 -4  0  0 -5 -2 -3   22   7   5   7   1  10  18   4   2   2   3   3   2   1   0   6   5   0   1   2  0.32 0.31
  132 I   -1  2 -1 -1 -1  2  1 -3  0 -1  0  2 -1 -2 -2  0  1 -1 -2 -1    5  12   3   4   1  10  11   2   2   4  10  11   1   1   1   6   9   1   1   5  0.16 0.18
  133 I   -1  0  0 -3  2  0  0 -2  1  1  2  1  1  0 -2 -1 -1 -1  0  0    3   4   4   0   5   3   6   2   4   9  22   8   4   3   1   5   3   1   4   7  0.12 0.14
  134 E   -1  0  0  1 -6  3  5 -3 -1 -1 -3  1 -1 -2 -5 -1 -1 -6 -2 -3    5   4   3   8   0  13  35   1   1   3   2   9   1   2   0   5   3   0   1   1  0.63 0.48
  135 E    0  1  0  0 -1  3  4 -1 -1 -3 -3  1 -1 -6 -3 -1 -1 -1 -2 -3    6   7   3   5   1  13  33   5   2   1   2   6   1   0   1   4   4   1   1   2  0.52 0.42
  136 A    2  1 -1 -3  1  0 -1 -4  0  0  2  2  0 -2 -4 -2  0 -2 -1 -1   19   7   2   0   3   4   4   1   2   6  20  15   2   1   0   2   5   1   2   4  0.23 0.26
  137 E   -2  1 -1  1 -5  3  3 -3  0  0  0  2 -1 -5 -5 -1 -1 -5 -2 -2    2   9   2   7   0  15  23   1   2   5  11  10   1   0   0   4   3   0   1   3  0.42 0.38
  138 I    0  1  0  1 -2  1  3 -2  0  0 -1  1  0 -2 -3  0 -1 -2 -1 -1    8   6   5   6   1   7  18   2   2   7   7  10   3   1   1   5   3   1   2   3  0.16 0.19
  139 R   -2  4 -1  0 -3  2  4 -3 -1 -2 -2  3  1 -3 -5 -1 -2 -3 -3 -3    3  20   3   5   0   7  24   2   1   2   4  15   4   1   0   4   2   0   1   1  0.54 0.44
  140 W    0  0  0 -3  0 -1 -1 -4 -2  2  2  0  0 -1 -4 -1 -1  1 -2  2   10   4   5   1   2   3   4   0   1  14  23   5   2   2   0   4   3   2   1  12  0.21 0.22
  141 T    1  0  1  1 -3  2  3 -3 -1 -2 -2  2 -1 -4 -4  0  2 -5 -3 -3   12   5   6   8   0  10  17   1   1   2   3  11   2   1   0   6  11   0   0   1  0.33 0.33
  142 E   -1  1 -1  1 -3  2  6 -3  0 -4 -3  1 -2 -4 -5 -2 -2 -3 -4 -4    5   7   2   6   1   7  48   2   2   1   3   7   1   1   0   2   3   0   0   1  0.91 0.64
  143 V    0 -1 -2 -2 -1  0  0 -4 -1  2  2  0  0 -1 -4 -2  0 -4  1  1    7   2   1   2   1   4   7   1   2  14  25   7   2   2   0   2   6   0   4   9  0.20 0.21
  144 Q   -1  1  0 -1 -2  3  3 -4  1 -2 -2  2 -2  0 -3 -1 -2  1  2 -3    5   8   4   3   1  12  18   1   3   3   5  15   1   4   1   4   2   2   7   2  0.31 0.31
  145 K    0  1  1  0 -3  2  4 -3 -1 -4 -2  3 -1 -3 -3 -1 -2 -5 -3 -3    8   7   6   5   1   7  28   2   1   1   4  20   2   1   1   3   2   0   1   1  0.49 0.42
  146 E    1  0  1  1 -4  2  4 -2 -2 -2 -1  1 -2 -3 -4  0  0 -2 -2 -2   12   4   6   6   0   9  26   2   1   2   6   7   1   1   0   6   7   1   1   2  0.32 0.32
  147 V    0  1  0 -2 -2  0  0 -3  0  0  1  2  1  3 -4 -1 -1  0  0  0    7   7   5   1   1   4   5   1   2   6  16  13   4  15   0   3   2   1   3   5  0.16 0.19
  148 H    0  1  1  1 -2  2  2 -2  1 -1  0  1  0 -1 -3 -1 -1 -1  0 -1    7   7   6   6   1   9  15   2   4   3  11   9   2   2   0   4   4   1   3   3  0.13 0.17
  149 D   -1 -1  1  1 -5  3  4 -2  1 -3 -2  1 -1 -3 -4  0  0 -1 -3 -3    4   3   7   9   0  13  28   2   4   1   4  10   1   1   0   6   4   1   1   1  0.46 0.40
  150 F   -1 -1 -2 -2 -4  0  1 -5 -1 -1  2 -1  0  5 -5 -2 -2  0  1 -2    5   4   2   3   0   4  10   0   1   3  23   4   2  26   0   2   2   1   5   2  0.47 0.38
  151 E   -2  0  0  0 -2  3  3 -3  0 -2 -2  4  0 -5 -4 -1 -2 -5 -2 -2    3   5   5   4   1  12  22   1   2   3   4  25   3   0   0   3   1   0   1   4  0.52 0.43
  152 K   -1  4  0 -1 -2  2  1 -2 -1 -3 -1  3 -1 -3 -4  0 -1 -1 -2 -2    5  23   5   3   1   8  11   4   1   2   6  16   1   1   0   5   4   1   2   2  0.36 0.32
  153 D   -1  0  0  2 -2  2  3 -2  1 -2 -1  2  0 -1 -3 -1  0 -1 -2 -2    6   3   5  13   1   9  20   3   3   2   7  11   2   3   0   4   5   1   1   2  0.23 0.24
  154 I   -1 -1 -1 -2 -1  1 -1 -3 -1  2  2 -1  1  0 -4 -2 -1 -3 -1  3    5   4   2   2   1   6   3   2   2  14  18   4   3   5   0   3   3   0   2  21  0.19 0.21
  155 L    1  0  0  0 -1  1  1  0  0 -1  0  0  0 -2 -3  0  0 -1 -3  0   16   4   3   6   1   6  13   6   2   4  12   6   3   1   0   4   4   1   0   7  0.07 0.14
  156 K   -1  2  1  0 -3  2  2 -3 -1 -1  0  3  1 -4 -4 -1 -1 -5 -2 -1    5  12   6   4   0   8  14   2   1   3   9  16   3   0   0   4   4   0   1   5  0.27 0.27
  157 T    0  0  1  0 -2  1  2  0  0 -1  1  1 -1 -1 -2  0  0 -2 -1 -2    7   4   6   5   1   8  13   8   3   2  13   8   2   3   1   7   6   0   2   2  0.08 0.12
  158 I    2  0  0 -1 -2  0  2  0 -2  0  0  0 -1 -3 -3  1 -1 -2 -4 -2   21   6   4   2   1   4  13   7   1   5  11   6   1   1   1   8   3   1   0   3  0.17 0.21
  159 S   -1  0  0  0  0  1  4 -3  0  1 -3  0 -1 -3 -4  1 -1  0 -2  0    5   4   5   4   2   7  29   2   2   9   3   5   2   1   1   9   4   1   1   6  0.33 0.32
  160 K   -2  0  3  2 -2  1  2 -4  1 -2 -3  1  0 -1 -4  0 -2 -1  0 -3    3   5  15  13   1   6  15   1   3   3   3  10   2   3   0   8   2   1   4   2  0.35 0.31
  161 K    0  0  0 -1 -3  0  2 -2  0  0  0  1  1 -2  0  1  0 -4 -2 -2    6   5   5   2   0   4  16   2   2   5  12   9   3   2   4  14   6   0   1   2  0.14 0.19
  162 K    0  4  0 -1 -4  2  1 -2 -1 -1 -2  2 -2 -4 -2 -1 -1 -3 -5 -3    8  27   4   4   0   7  10   3   2   3   4  14   1   1   2   3   4   0   0   2  0.46 0.37
  163 G    0 -1  1 -1 -3  0  1  1 -2 -2 -1  0 -2 -2 -2  1  4 -3 -2 -2    6   4   6   3   0   5   9   9   1   2   5   6   1   2   2  11  24   0   1   3  0.26 0.28
  164 S    0  0  1 -2 -2  1  0  3  0 -3  0  2  1 -3 -4  0 -2 -3 -3 -3    6   5   7   2   1   7   7  25   2   1  11  11   3   1   1   6   3   0   1   1  0.31 0.28
  165 I   -1  3  0 -2 -3  2  0 -3 -2  0 -2  4 -1 -3 -2 -1 -1 -5 -2 -1    6  14   5   2   1   8   6   2   1   5   4  29   1   1   2   3   4   0   1   5  0.42 0.35
  166 L   -1  1 -1 -1 -3  3  2 -3 -2  0 -1  1  0 -3  2 -1  0 -5 -3  0    6   7   3   4   1  14  12   2   1   6   6   8   2   1  10   5   6   0   0   7  0.21 0.23
  167 A    0 -1 -1  0 -2  0  2 -3 -1  3  1 -1  1 -1 -1 -1 -1 -4 -1  0    9   3   3   4   0   3  14   1   1  17  15   4   4   2   3   4   4   0   2   5  0.15 0.18
  168 T    2 -2  0 -2 -2  0  1 -2 -1  0  0  0  0 -2  2  0  1 -2 -1 -1   19   2   4   1   1   5  11   2   1   4  12   6   2   1   9   7   7   1   2   3  0.15 0.20
  169 Q   -1  0 -1  2 -6  2  5 -3 -2 -2 -2  1 -1 -4 -1 -1 -2 -2 -4 -2    4   5   3  10   0   8  37   2   1   3   5   7   1   1   4   3   3   1   1   2  0.58 0.46
  170 K   -1  2 -1  2 -6  1  2 -2  0 -2 -4  4 -3 -6 -4 -1 -2 -6 -3 -3    5  12   3  11   0   5  15   3   2   2   2  30   1   0   0   4   3   0   1   2  0.62 0.46
  171 V    0 -1 -2  0  1  0  1 -3 -1  1  2 -1  1  0 -4 -2  0  1 -1  1    7   3   1   4   3   5  10   1   2   6  24   4   3   4   0   2   5   2   1  11  0.14 0.17
  172 M   -1  1 -1  0 -1  1  0 -3 -1  2  1  1  1 -1 -3 -1 -1 -4 -1  1    3   7   3   6   2   8   7   2   1  12  18   7   4   2   0   4   4   0   3   9  0.12 0.15
  173 K   -1  4  1  0 -1  1  2 -1  0 -3 -2  2 -1 -3 -3  0 -1 -2 -3 -2    5  21   6   6   1   6  13   4   2   1   4  14   1   1   1   5   4   1   1   3  0.33 0.29
  174 Y   -1  0 -1  0 -5  4  3 -4  0 -3 -3  1 -2  2 -3 -2 -1  1  3 -2    5   5   3   4   0  18  20   1   2   1   2   7   1  10   1   2   3   2  10   2  0.48 0.40
  175 I   -3 -2 -2 -5 -2  0 -1 -5  0  3  3 -1  3  2 -3 -1 -1  1  1 -1    2   2   2   0   1   4   4   0   2  16  28   4   6  10   1   4   3   2   5   4  0.40 0.31
  176 E   -1 -1  0  0 -2  2  5 -4 -1 -1 -1  0 -1 -2 -5 -2 -1 -6 -3 -3    5   4   4   5   1  10  39   1   1   4   7   6   1   2   0   3   3   0   1   2  0.59 0.47
  177 D    0  0  1  4 -2  2  4 -2 -1 -2 -3 -1 -2 -3 -5 -2 -1 -6 -5 -2    7   6   7  22   1   8  24   3   2   2   2   4   1   1   0   3   3   0   0   3  0.52 0.41
  178 M    0  2  0 -1 -1  1  0 -3 -1  0  1  1  1 -1 -3  0  0  3  0 -1    7  11   4   3   1   7   7   1   1   6  13  11   4   2   0   6   5   4   4   3  0.13 0.16
  179 N   -2 -1  1 -1 -2  2  3 -3  1  0  2  1  1 -1 -3 -2 -1  1 -2 -1    2   4   6   3   1   9  21   1   3   6  18   7   3   3   1   2   4   2   1   3  0.25 0.26
  180 R    0  3  0  0 -2  2  1 -2  0 -2 -1  3 -1 -2 -3 -1  0 -5 -4 -1    8  14   5   5   1   8   8   2   2   2   5  20   1   2   1   4   7   0   0   5  0.28 0.26
  181 R    1  2  1  0 -2  1  2 -2  0 -2 -2  3  0 -2 -3  0  0 -1 -4 -2   11  11   6   5   1   7  13   2   2   2   3  18   3   1   1   5   5   1   0   3  0.26 0.25
  182 R   -1  0  0  0  2  0  0 -1  2  0 -1  0  1  0 -3  0  0  3  1  0    5   5   5   5   5   5   5   5   5   5   5   5   5   5   0   5   5   5   5   5  0.06 0.10
  183 D   -1  2  0  3 -2  2  4 -2 -1 -3 -3  0 -1 -3 -4 -1 -1 -1 -5 -2    4  10   4  17   1   9  27   2   2   1   3   5   2   1   0   5   3   1   0   4  0.50 0.41
  184 N    1  0  2 -1 -2  2  2 -2  0  0 -1  2 -1 -3 -3  1  0 -4 -2 -1   10   5   9   3   1   9  15   3   2   5   6  12   1   1   0   9   6   0   1   3  0.19 0.22
  185 M    0 -1 -1  0 -1  2  3 -1 -1  0  1  0  1 -2 -2 -1 -1 -4 -1 -1    6   3   2   6   1  10  21   4   1   6  14   6   3   2   1   3   4   0   2   3  0.18 0.21
  186 K   -1  0  0 -1  0  0  0 -2  0  2  1  1  1 -1 -3 -1  0 -4 -1  1    5   4   4   4   2   5   5   3   2  13  17   8   4   2   0   4   4   0   2  12  0.10 0.12
  187 D    0  1  0  1  0  1  2 -1  0 -1 -1  1  1 -1  0  0  0 -4 -1 -1    6   9   4   8   2   7  13   4   2   3   5   7   4   2   4   8   6   0   3   3  0.10 0.12
  188 K    1  1  0  0  0  2  2 -1  0 -1 -2  2  0 -5 -2  0  0 -5 -4 -1   11   7   5   5   2   8  15   3   2   3   4  15   2   0   2   5   5   0   0   4  0.22 0.23
  189 L   -1  0  0  0  2  0  0 -1  2  0 -1  0  2  1  0 -1  0  3  1 -1    5   5   5   5   5   5   5   5   5   5   5   5   5   5   5   5   5   5   5   5  0.09 0.08
  190 R   -2  5 -1 -2 -1  2  1 -3  0 -3 -3  3 -5 -3 -5 -2 -2 -3 -3 -3    3  37   3   2   1  10   9   2   2   2   3  16   0   1   0   2   3   0   1   2  0.82 0.56
  191 L    0  0 -1  0 -4  0  2 -3 -2  0  3  0  0 -2 -4 -1 -1 -5 -2  0    7   4   2   5   0   4  17   2   1   4  32   5   2   1   0   4   3   0   1   5  0.31 0.30
  192 K   -1  1 -1  0 -3  2  3 -3 -2 -2 -1  4 -1 -4 -4 -1 -1 -2 -2 -2    5   9   3   4   1   7  23   1   1   3   6  24   1   1   0   4   4   1   1   2  0.47 0.39
  193 N   -2  0  5 -1  1  1  0 -3  1  0 -1  0  0 -1 -4 -1  0 -5  1 -2    4   5  29   3   3   5   7   2   3   6   6   5   2   2   1   4   5   0   5   3  0.37 0.32
  194 V    0  0  0  0  0  2  1 -1 -1  1  0  0 -1 -1 -3  1  0 -2 -2  0    9   4   4   5   2   9  12   4   1  11   8   5   2   2   1   9   5   1   1   8  0.09 0.13
  195 S    0  2  0  0 -3  2  2 -3  0 -2 -1  2 -1 -3 -4  0  1 -3 -3 -3    8  11   5   4   0   9  13   1   2   3   7  15   1   1   0   7  10   0   1   1  0.28 0.28
  196 L    0 -3 -3 -4 -3 -1  0 -5 -3  1  5 -1  1 -1 -4 -3 -2 -5 -1 -1    7   1   1   1   0   3   6   1   1   6  54   4   3   2   1   2   2   0   2   3  0.77 0.51
  197 K   -3  3 -1 -2 -3  3  2 -4 -1 -4 -3  5 -1 -6 -5 -2 -2 -1 -2 -3    2  14   3   2   1  15  13   1   2   1   2  32   1   0   0   3   2   1   2   2  0.76 0.54
  198 V    0  0  2  0 -1  2  2  0  1 -2 -2  1 -1 -2 -3  0  0 -1 -2 -1    9   6  10   6   1   9  13   6   4   2   2   7   2   1   0   7   7   1   1   6  0.15 0.18
  199 Q   -1  1  0 -2 -3  5  3 -2  1 -3 -2  1 -1 -3 -4  0  0 -5 -2 -3    4   6   5   2   1  24  21   2   3   1   5   9   1   1   0   7   6   0   1   1  0.52 0.44
  200 R    0  1  0 -2  1  0  0 -3  0  2  2  0  1 -1 -3 -1 -1 -3  0  0    6   7   5   1   4   4   7   1   3  13  21   6   4   1   0   3   4   0   4   6  0.13 0.16
  201 K    0  2  1  0 -5  3  2  0  0 -3 -2  2 -1 -3 -2 -1 -1 -5 -3 -2    7  11   5   5   0  13  16   6   2   1   5  15   1   1   1   4   3   0   1   3  0.30 0.28
  202 K   -2  2  0  0 -5  2  2 -2  2 -1 -2  4  0 -3 -4  0 -2 -5 -2 -2    3   9   4   4   0   9  14   2   5   4   3  28   2   1   0   6   2   0   1   2  0.46 0.38
  203 L   -1 -1 -1 -3 -1  0 -1 -3  0  1  3  0  3  0 -2 -2 -1 -4 -1  0    6   3   2   1   1   4   3   1   3   9  33   6   9   4   2   2   4   0   2   5  0.28 0.26
  204 L   -1  1  1  0 -3  2  4 -3  0 -3 -1  2 -1 -4 -3 -2 -2 -5 -2 -3    4   8   6   5   1  10  30   2   2   2   6  14   1   1   1   2   2   0   1   2  0.49 0.40
  205 L    1  1  0  0 -2  2  2  0  1 -2 -1  1 -1 -2 -2  0  0 -2 -2 -1   11   6   5   5   1  12  12   5   4   2   6   9   2   1   1   7   6   1   1   3  0.15 0.18
  206 Q   -1  1 -1  0 -5  5  1 -3  1  0  0  1 -1 -3 -3 -1  0 -2 -2 -1    5   8   2   5   0  25   9   1   3   5  10  10   1   1   1   3   5   1   1   3  0.37 0.35
  207 L   -1 -1 -1 -3 -1  0  0 -3 -1  1  3  0  2  1 -4 -2 -1 -4 -2 -1    6   3   4   1   1   4   6   2   2   7  37   5   5   6   0   3   4   0   1   3  0.31 0.29
  208 R    0  3  0 -1 -5  2  1 -3  0 -2 -3  4 -2 -4 -4  0 -1 -2 -3 -2    8  19   4   3   0   7   9   2   3   3   2  25   1   1   0   6   4   1   1   3  0.48 0.40
  209 Q    1 -1  0  0 -1  4  3 -2  1 -2 -2  1 -3 -4 -3  1  0  0 -2 -2   10   3   4   5   1  20  16   2   3   2   4   8   1   0   1   9   6   1   1   2  0.36 0.35
  210 K   -2  3 -1 -3 -6  2  0 -2 -1 -2  1  5  0 -3 -4 -1 -2 -6 -5 -2    3  14   2   1   0   8   6   2   2   2  13  32   2   1   1   4   3   0   0   3  0.55 0.43
  211 E   -2  1  0  1 -2  2  5 -2  0 -2 -3  1 -2 -3 -4  0 -1 -3 -2 -4    4   7   4   7   1   9  34   3   2   3   3   9   1   1   1   7   3   0   2   1  0.53 0.44
  212 E   -1  0  0  2 -3  2  4 -3  0 -2 -2  2 -1 -4 -2 -1 -1 -6 -3 -2    6   5   4  11   1  11  29   2   2   2   4  11   1   1   2   3   3   0   1   2  0.48 0.40
  213 V   -1 -1  0  0 -3  1  2 -3  0 -1  3  0  3 -1 -2 -1 -2 -1 -2  0    6   3   4   5   0   7  13   2   2   4  27   6   7   2   2   3   2   1   1   5  0.22 0.24
  214 G    0 -1  0 -2 -2  1  1  3  0  1 -2  0  0 -2 -3  0 -1 -4 -1 -2    9   3   5   2   1   8  12  21   2   9   4   5   2   2   1   8   3   0   2   2  0.20 0.22
  215 E   -2 -1  0  2 -7  1  5 -1 -1 -3 -2 -1 -2 -5 -2 -2 -2 -7 -6 -5    4   3   5  12   0   6  43   5   2   2   4   4   1   1   2   3   2   0   0   1  0.81 0.58
  216 A    0  0  0  0 -3  2  2  2 -1 -2 -2  1  0 -4 -2  0  0 -5 -3  0    9   5   4   6   1  10  14  15   1   2   3   9   3   0   2   5   5   0   1   6  0.20 0.22
  217 L   -1 -1 -1 -3 -2 -1  0 -4 -2  1  4  0  2  1 -4 -3 -3 -2 -2 -1    5   3   3   1   1   2   6   1   1   6  45   7   5   5   1   2   1   1   1   4  0.55 0.39
  218 H   -2  1  1 -2 -5  3  1 -2  6 -1 -2  1  0 -2 -4  0  1 -5 -1 -4    3   8   5   2   0  11   8   3  21   4   4   9   2   1   1   6   9   0   2   1  0.52 0.40
  219 D    0  1  0  0  1  0  1 -1  1 -1  0  2  1 -1 -1 -1  0 -5  0  0    7   7   4   5   3   5  11   4   3   4   8  11   4   3   3   5   5   0   3   6  0.07 0.08
  220 V   -1  0  0 -1  2 -1  0 -2  0  3  0 -1  2 -1 -1 -1 -1  2  0  1    5   5   5   4   4   3   5   4   3  15   7   4   5   3   3   5   4   3   3  11  0.12 0.08
  221 D   -2  0  0  5 -5  1  3 -3 -1 -2  0  0  0 -3 -4 -2 -2 -2 -3 -3    3   4   3  36   0   6  17   2   1   2   9   6   2   1   1   2   2   1   1   2  0.67 0.44
  222 F   -1 -1 -1 -1 -2  0 -1 -3  0  2  0  0  1  5 -4 -2 -1 -2  2 -1    4   3   2   4   1   5   5   1   2  11   9   7   4  25   1   2   3   0   7   4  0.31 0.25
  223 Q   -2  1  1  2 -5  2  5 -3  1 -4 -4  1 -2 -4 -3 -1 -2 -5 -2 -3    3   6   6  11   0   8  38   1   3   1   2   9   1   1   1   4   2   0   1   2  0.70 0.49
  224 Q   -1  0 -1 -2 -3  6  2 -4  0 -3 -3  3 -4 -4 -4 -1 -1 -5 -3 -4    5   4   3   2   1  36  10   1   2   2   3  18   0   1   0   5   5   0   1   1  0.79 0.56
  225 L   -2 -3 -2 -2 -2  0 -1 -5 -2  1  5 -1  2 -2 -5 -2 -2 -4 -1 -1    4   1   2   3   1   4   4   1   1   6  53   4   6   1   0   3   2   0   2   2  0.68 0.47
  226 K   -2  2  0 -1 -5  4  2 -3  1 -2 -2  4 -2 -3 -3 -1 -2 -2 -2 -2    3   8   4   3   0  19  12   1   3   3   3  28   1   1   1   4   2   1   1   3  0.56 0.43
  227 I    0  0 -1 -1 -3  1  1 -1 -1  4  0  1  0 -2 -3 -1 -1 -4 -2  0    7   5   2   3   0   5  11   4   1  27   8   9   2   1   1   3   3   0   1   5  0.22 0.23
  228 E   -1 -1 -1  1 -3  1  6 -4  0 -4 -2  2 -3 -6 -5 -1 -3 -6 -5 -3    6   3   2   8   1   6  49   1   2   1   5  10   1   0   0   3   1   0   0   2  0.93 0.64
  229 N   -2  0  5 -1  1  1  0 -3  1  0  0  2  1 -4 -3 -2 -1 -5 -2 -2    2   5  32   3   3   5   5   1   3   5   9  11   3   1   1   2   4   0   1   3  0.49 0.40
  230 A    0  1  0  0 -5  4  3 -3 -2 -3 -2  2 -1 -4 -4 -1  1 -1 -4 -1    7   6   5   5   0  20  18   2   1   2   3  13   2   0   0   4   8   1   0   4  0.42 0.40
  231 Q   -1  0  1  0 -5  4  3 -2 -1 -2 -2  2 -1 -2 -3  0  0 -5 -3 -3    4   4   8   4   0  19  20   3   1   2   4  14   2   2   1   5   5   0   1   2  0.43 0.39
  232 F   -1 -2 -3 -2  1  0 -1 -5  0 -1  4 -2  0  2 -5 -1 -1 -1  3 -2    5   2   1   2   3   4   5   0   2   2  43   3   2   7   0   4   3   1  10   2  0.51 0.41
  233 L   -1  1  2  0 -3  2  2 -2 -1 -1  1  1  0 -2 -2 -1  0 -4 -1 -1    5   6  11   4   0  12  12   2   1   4  13   8   3   1   1   4   4   0   2   5  0.15 0.19
  234 E    0  1  0  1 -5  2  4 -1 -3 -4 -3  2 -3 -3 -4 -1 -1 -5 -5 -3    8   8   5   7   0  10  28   5   0   1   3  13   1   1   0   5   4   0   0   1  0.50 0.42
  235 T   -2  1  0  0 -3  1  3 -4 -1 -1 -2  4 -1 -4 -2 -1  0 -5 -4 -1    3   7   4   5   1   6  21   1   1   3   4  27   1   1   2   4   5   0   0   5  0.45 0.39
  236 I   -3 -1 -1 -4 -1 -1 -2 -5  0  5  3 -2  2 -1 -6 -5 -2  0 -3  0    2   3   3   1   1   3   2   1   3  39  25   2   4   2   0   0   2   2   1   6  0.76 0.50
  237 E    0  1 -1  2 -2  1  5 -2  0 -3 -2  1  0 -4 -1 -2 -2 -3 -5 -2    8   7   2  13   1   4  35   2   2   1   5   8   2   0   3   2   2   0   0   2  0.53 0.44
  238 A   -1  0  0  0 -1  2  5 -2 -2 -4 -3  1 -3 -3 -3  1 -1 -6 -3 -3    5   5   5   4   2   8  37   3   1   1   2  10   1   1   1   9   3   0   1   1  0.57 0.49
  239 R   -1  4 -2 -3 -5  1  0 -4 -2 -2  2  4  0 -4 -5 -1 -1 -2 -2 -3    6  19   2   1   0   5   5   1   1   2  20  25   2   0   0   3   4   1   1   1  0.49 0.43
  240 N   -2  0  5  0 -2  2  3 -3  1 -3 -2  1 -1 -4 -4 -1 -1 -5 -1 -3    3   4  26   5   1   8  21   1   3   1   4  10   2   1   0   3   3   0   2   2  0.55 0.46
  241 Q    0  2  1  0 -2  3  3 -2  0 -2 -3  3 -2 -4 -3 -1 -1 -2 -3 -3    6  11   6   6   1  13  18   3   2   2   2  18   1   0   1   4   4   0   0   1  0.39 0.36
  242 E   -2 -1 -1  2 -6  2  5 -4  1 -5 -2  0 -2 -3 -5 -1 -2 -6 -2 -5    3   3   2  12   0   9  45   1   3   1   4   6   1   1   0   4   2   0   1   1  0.89 0.62
  243 L   -2 -2  0 -4 -3 -1 -1 -6 -1  3  4  0  2 -2 -5 -3 -2 -2 -2  0    2   2   6   1   0   3   4   0   2  19  38   5   5   1   0   2   2   1   1   6  0.56 0.41
  244 I    1  0  0  0 -3  3  2 -1  1 -1  0  1 -1 -2 -3  0  0 -2 -1 -1   11   3   4   5   0  13  14   3   3   4  11  10   1   1   1   5   4   1   2   3  0.16 0.20
  245 Q   -1  2  0  1 -4  2  3  0  2 -3 -3  4 -3 -4 -4 -1 -1 -2 -3 -3    5   9   4   6   0   9  19   6   5   2   2  23   0   0   0   4   3   1   1   1  0.46 0.38
  246 M   -1 -1 -3 -4 -3  0 -1 -5  0 -1  5 -1  3 -1 -5 -3 -1  0 -2 -1    5   3   1   1   0   5   5   0   2   2  50   5   6   2   0   2   4   1   1   4  0.64 0.47
  247 K   -3  3 -1 -2 -6  2  2 -3  1 -2 -3  6  0 -4 -5 -1 -3 -6 -5 -4    1  14   3   2   0   8  11   2   3   2   3  43   2   1   0   4   1   0   0   1  0.93 0.62
  248 L    1  2  0 -1 -5  2  2  0 -2 -3 -1  3  0 -3 -4  0 -1 -1 -3 -2   11   9   4   3   0   9  14   6   1   1   7  19   2   1   0   6   2   1   0   2  0.28 0.29
  249 A   -2 -1 -1  0 -5  1  4 -4 -2 -1 -2  4  1 -3 -3 -1  0 -6 -3  0    3   2   3   4   0   6  25   1   1   3   4  26   3   1   1   3   7   0   1   6  0.52 0.44
  250 S    1 -2  0 -3  2  1 -1 -4 -3  4  1 -2  0 -2 -4  0  1 -1 -1  0   11   2   5   1   4   6   3   0   1  24  14   2   2   1   0   6   7   1   2   5  0.28 0.27
  251 G    1  1  1  0 -3  2  2  2 -2 -3 -2  1 -2 -3 -4  0  1 -2 -3 -2   10   6   6   4   0  11  13  14   1   1   4   7   1   1   0   8   9   1   1   2  0.22 0.24
  252 N   -1  2  2  0 -3  1  3 -3  0 -3 -3  2 -1 -4 -4  1  0 -5 -3 -3    6  11  10   6   0   7  18   1   2   1   2  14   2   0   0  12   5   0   1   2  0.40 0.35
  253 T    0  1 -1 -1 -2  0  0 -2 -1 -1  1  0  1 -1 -3  0  2 -2  0  0    7  10   3   4   0   5   6   2   1   3  18   6   4   2   1   6  15   0   3   6  0.12 0.17
  254 L   -1 -1  2  1  0  2  1 -2 -1  0  1  1  0 -3 -3 -1 -1 -4 -3  1    3   3   9   8   2  11  11   2   1   5  12   9   2   0   1   4   4   0   1  12  0.17 0.21
  255 Q   -2 -1  0  0 -4  5  3 -2  2 -4 -1  2 -4 -4 -4 -1 -3 -3 -3 -3    3   3   4   4   0  29  17   3   5   1   7  14   0   1   0   4   1   0   1   2  0.68 0.53
  256 I    0  0  0  0 -3  3  2 -2 -1  0 -1  1  0 -3 -4 -1  1 -5 -2  0    9   5   4   5   0  14  14   2   1   7   5  10   2   1   0   3  11   0   1   6  0.22 0.25
  257 L   -3 -2 -3 -4 -2 -1 -2 -5 -3  3  4 -3  3 -2 -6 -3 -3 -2 -1  0    2   2   2   1   1   2   3   1   0  16  47   2   8   2   0   2   2   0   2   6  0.78 0.50
  258 N    0  0  3  0 -4  2  3 -1 -2 -3 -3  1 -4 -3 -4  0  2 -5 -3 -2    8   5  15   4   0  10  18   4   1   1   2   8   0   1   0   6  13   0   1   2  0.41 0.37
  259 A    0  0 -1  2 -4  2  2 -2  4 -2 -2  1 -2 -2 -3 -1  0 -4 -1 -3    9   5   2  13   0   8  15   3  12   2   3  10   1   1   1   4   5   0   3   1  0.34 0.30
  260 Y    0 -1 -2 -2 -2  1  1 -3  1  0  2  2  1 -1 -3 -2  0 -2  2  1    8   3   2   2   1   5   9   1   3   4  20  12   4   1   0   2   5   1   8   9  0.17 0.20
  261 K   -2  2  0  0 -1  1  2 -3  0  0 -2  4  0 -2 -4 -1 -1  0 -2 -2    2  10   5   5   1   7  13   2   2   7   4  25   2   2   0   4   4   1   1   3  0.32 0.30
  262 R   -1  0  0  0 -4  2  3 -1  1 -2 -2  2  0 -1 -3  0 -1  0 -1 -2    6   5   4   5   0   9  23   4   3   3   3  11   2   3   0   8   3   1   2   3  0.26 0.27
  263 S    0  1 -1  1  1  2  3 -3  0 -2 -2  3 -1 -2 -2  0 -1 -4 -2 -2    6   6   3   8   3   8  17   2   2   3   4  22   2   2   2   5   4   0   1   2  0.30 0.28
  264 S   -1  0  0 -2  1 -1 -1 -3 -1  2  3  0  2  0 -4 -1 -1 -4 -1  0    4   6   5   2   4   2   4   2   1  12  28   6   6   4   0   5   2   0   2   4  0.20 0.21
  265 L   -1  1  0  1 -4  2  2 -1  0 -2  0  0  1 -1 -2  1  0  0  0 -2    5   7   4   7   0  10  17   4   3   2   8   5   4   3   1   9   5   1   4   2  0.14 0.18
  266 L   -1  0  1  1  0  2  2 -2  1  0 -2  1  0  1 -2  1 -1 -3  0 -1    5   6   8   8   2   9  12   2   4   5   4   7   2   8   1  10   2   0   2   4  0.13 0.17
  267 K    0 -1 -1 -1 -1  1  0 -3 -1  1  2  0  1 -1 -2 -1  0  0  0  1    7   3   2   3   2   6   8   2   2   9  22   7   3   2   2   3   6   1   3   8  0.09 0.13
  268 T   -1  0  1  0 -2  2  3 -2 -1 -1 -1  2  0 -3 -2  0 -1 -1 -2 -2    5   5   7   5   1  10  21   2   2   4   5  14   2   1   2   5   4   1   1   3  0.27 0.26
  269 S    0  1  0  0 -1  2  3 -2  0  0 -2  2  0 -3 -2 -1  0 -4 -1 -1    8   6   5   5   1   9  19   2   2   5   3  16   2   1   1   4   5   0   2   3  0.25 0.25
  270 R   -2  1  0  1 -2  3  4 -3 -1 -2 -2  2  0 -3 -3 -1 -1 -5 -1 -2    3   7   4   8   1  12  27   2   1   2   4  12   2   1   1   3   4   0   2   2  0.44 0.37
  271 V   -1  0  3 -2  1  0 -1 -2 -1  2  1  0  1 -1 -4 -1 -1 -4 -2  0    6   5  18   1   3   3   3   2   1  15  16   7   4   2   0   3   3   0   1   7  0.23 0.23
  272 V    1  0  1  1 -4  3  2 -2 -1 -2 -2  1 -1 -2 -3  0  0 -1 -1 -1   11   5   7   6   0  13  16   3   1   2   4   9   1   2   1   7   4   1   3   5  0.21 0.23
  273 I    0  1  0  0  0  2  3 -1  1 -1 -2  2 -1 -1 -3  0 -1 -1 -1 -1    6   7   4   5   2   9  22   4   3   4   4  11   1   2   1   6   3   1   2   5  0.21 0.22
  274 L   -1  0 -3 -3 -5  1  0 -4  0  0  4  1  1 -1 -5 -2 -2 -5  0 -1    5   4   1   1   0   7   5   1   3   4  41  10   4   2   0   2   3   0   3   4  0.48 0.39
  275 Q   -1  1  1 -1 -3  3  3 -3 -1 -2 -2  4 -1 -5 -3  0 -1 -2 -2 -3    5   8   5   3   1  14  17   1   1   3   4  22   2   0   1   5   3   1   2   2  0.45 0.40
  276 S    0  1  1  1 -1  2  3 -2  0 -3 -2  2 -4 -4 -4  1  0 -5 -2 -3    8   6   6   7   1  11  18   3   2   2   3  15   0   1   0   9   5   0   1   2  0.34 0.32
  277 K   -1  2 -1  1 -3  4  3 -3 -1 -3 -3  3 -2 -1 -5 -1 -1 -3 -3 -4    5   9   3   6   1  17  17   2   1   2   3  21   1   3   0   3   4   0   1   1  0.51 0.43
  278 L   -2 -2 -1 -5 -3 -1 -2 -5 -3  2  5  0  0 -2 -6 -2 -2 -3 -2  0    3   2   4   1   0   3   3   1   0  11  49   7   2   2   0   2   3   0   1   5  0.68 0.47
  279 H    0  1  1  1 -3  2  2 -1  1 -3 -2  2 -1 -1 -3  0 -1 -1 -2 -2    8   7   7   7   0   9  15   4   4   1   4  12   1   3   1   8   4   1   1   3  0.22 0.23
  280 H   -1  0  0  2 -5  2  4 -3  0 -3 -2  1  0 -4 -5  0 -1 -6 -3 -1    6   5   5  10   0   8  29   2   3   1   4   8   2   0   0   6   4   0   1   4  0.43 0.37
  281 A    1 -1 -2 -3 -1  0 -1 -4 -2  0  3  1  1 -2 -4 -1 -1 -1 -1  0   11   4   2   1   1   4   5   1   1   4  34  10   3   1   0   4   4   1   2   7  0.31 0.29
  282 M   -1  0  0  2 -2  3  3 -3 -1 -1 -1  1  2 -2 -4 -1  0 -5 -2 -2    5   5   4  12   1  12  21   1   1   4   5   9   5   1   0   3   6   0   1   3  0.33 0.32
  283 Q    1  0  1  0 -5  2  4 -2 -2 -3 -1  2  0 -3 -2  0 -1 -3  0 -2   12   4   5   4   0   8  26   2   1   1   5  11   2   1   2   5   3   0   3   2  0.35 0.33
  284 M   -2  0  0  0 -3  4  4 -4 -2 -2 -3  3  0 -3 -5 -1  0 -6 -3 -3    3   4   4   4   0  16  29   1   1   3   3  16   3   1   0   4   5   0   1   2  0.62 0.49
  285 S    0 -2  0 -2 -2  0  0 -2 -2  3  2  0  1 -1 -3  1 -1 -4  0  1    6   1   4   1   1   4   6   3   1  16  20   5   3   2   0  10   4   0   4   8  0.16 0.19
  286 L    1  0  1  0 -4  1  2 -2  0 -1 -2  2 -1 -2 -2  0  0 -3 -2 -2   12   4   8   4   0   7  17   3   2   4   4  13   1   2   1   8   5   0   1   3  0.21 0.23
  287 N    0  2  1  1 -1  2  2 -2  0 -2 -2  1 -1  0 -2  0 -1  0 -2 -2    6  11   6   6   1  10  16   3   2   2   4  10   2   4   2   8   4   1   1   2  0.20 0.21
  288 L   -1 -1 -1 -2 -1  0 -1 -3 -2  1  4  0  2 -1 -4 -2 -1 -1 -2  0    5   4   3   2   1   4   4   2   1   6  40   7   4   2   0   3   5   1   1   6  0.36 0.30
  289 T   -2  5 -1  1 -4  3  2 -4 -1 -4 -3  3 -3 -4 -5 -2 -3 -3 -4 -3    2  29   3   7   0  11  12   1   1   1   3  19   0   1   0   3   2   0   0   2  0.76 0.53
  290 K    0  2  1  2 -4  2  2 -2 -1 -3 -3  3 -2 -5 -4 -1 -1 -5 -3 -2    9  10   7  13   0   8  16   2   1   2   2  18   1   0   0   4   4   0   1   2  0.42 0.35
  291 E   -3  1  0  3 -2  3  4 -4 -2 -2 -3  1 -1 -4 -5 -2  0 -6 -4 -4    2   8   4  14   1  13  31   1   1   3   2   9   1   1   0   3   5   0   1   1  0.68 0.51
  292 F   -2 -2  0 -4 -5 -1 -2 -5 -3  5  3 -2  1 -2 -5 -3 -2 -2 -2  1    2   2   4   1   0   3   3   1   1  32  31   2   4   2   0   2   2   1   1   7  0.73 0.46
  293 L    1  0  0  0 -3  1  2 -1 -1 -2 -1  2 -1 -1 -2  0  0 -4 -2 -1   10   5   5   5   0   6  17   4   1   2   7  14   1   2   2   6   7   0   1   5  0.17 0.19
  294 L    0  1  0  1 -4  2  2 -2  0 -1 -1  2 -1 -3  0  1  0 -5 -3 -2    8   8   3   7   0  11  14   3   2   3   6  12   1   1   4   9   5   0   0   2  0.21 0.23
  295 R   -1  3 -1 -2 -3  1  0 -4 -1  0  2  2  1 -2 -4 -1  0 -3 -2 -1    6  18   2   2   0   5   7   1   2   4  19  14   3   1   0   4   5   0   1   5  0.28 0.27
  296 K   -2  1  1 -1 -2  2  3 -4  1 -4 -3  5 -3 -4 -4 -2  0 -3 -3 -4    4   8   6   3   1   8  19   1   3   1   2  33   0   1   0   2   5   0   1   1  0.71 0.52
  297 E    0  1  1  1 -5  3  3 -3  0 -2 -3  3 -1 -4 -3 -1 -1 -6 -3 -3    7   8   6   7   0  11  23   2   2   3   3  15   1   1   1   4   3   0   1   2  0.44 0.38
  298 L    0  0 -1  0 -5  3  3 -4  0 -1  1  1  2 -4 -4 -1  0 -2 -2 -2    8   6   2   5   0  15  18   1   2   4  12   8   5   0   0   5   5   0   2   2  0.30 0.31
  299 L   -2  3  0 -4 -3  0 -2 -4 -3  4  3  0 -1 -3 -5 -2 -2 -2 -2  0    4  16   4   1   1   3   2   1   1  24  25   5   1   1   0   2   2   1   1   6  0.51 0.39
  300 E    0  2  0  3 -4  1  3 -1 -2 -3 -4  1 -3 -2 -3  1 -1 -3 -4 -2    6  10   4  18   0   6  18   4   1   2   1   8   1   2   1  10   4   0   0   3  0.39 0.34
  301 K    0  2  0  1 -4  2  3 -2 -1 -4 -3  4 -3 -3 -3 -1 -1 -6 -1 -4    7  10   4   7   0  10  17   2   1   1   2  25   0   1   1   5   3   0   2   1  0.51 0.41
  302 I   -2 -2 -3 -3  0 -1 -2 -4  0  2  4 -1  3  0 -5 -1 -1 -2  1  0    3   2   1   1   2   3   3   1   2   9  41   3   7   3   0   4   4   0   4   6  0.50 0.37
  303 E   -2  4 -1  0 -4  2  4 -4 -1 -3 -2  3 -3 -4 -5 -1 -2 -4 -4 -4    3  22   2   5   0   9  24   1   1   2   4  15   0   1   0   4   3   0   1   1  0.66 0.50
  304 K    1  1  1  1 -4  2  3 -3 -1 -2 -2  2 -2 -4 -4  0  0  0 -4 -2   12   9   7   7   0   9  17   1   1   3   3  14   1   1   0   7   5   2   0   2  0.32 0.31
  305 E    0  0 -1  1 -4  3  5 -4 -1 -2 -2  1 -1 -4 -5  0 -1 -2 -4 -1    7   4   3   8   0  13  33   1   1   3   4   8   2   1   0   5   3   1   0   4  0.56 0.46
  306 T   -1 -1  2 -1 -2  0 -1 -3  0  2  2  0  1 -1 -4 -1  1 -1 -1  1    6   3  10   3   1   4   3   1   3  15  18   7   3   2   0   3   9   1   2   7  0.17 0.19
  307 L    0  0  2  1 -3  2  3 -1  0 -1 -1  1 -2 -2 -4  0  0 -3 -2 -1    8   4   9   6   0  11  19   3   3   4   7   8   1   2   0   5   5   0   1   4  0.21 0.23
  308 Q    0  0  0  0  2  0  0 -1  1  0 -1  0  1  0  0  0  0 -2  1  0    5   5   5   5   5   5   5   5   5   5   5   5   5   5   5   5   5   0   5   5  0.03 0.05
  309 A    0  0  0 -1  0  0  0 -2  0  1  1  1  2  0 -3 -1 -1 -3  0  1    6   5   4   3   2   4   5   2   2   7  17   9   8   3   0   3   3   0   2  14  0.10 0.14
  310 E   -1  2  1  0  0  2  3 -2  1 -1 -1  2  0 -2 -3 -1 -1  1 -1 -1    5  10   5   3   2   8  21   2   4   3   6  11   2   2   0   4   4   2   2   4  0.23 0.24
  311 E    0  1  1  1 -1  2  1 -1  0 -1 -2  2  0 -2 -1  0  0 -4 -1 -1    8   6   6   7   2  11  11   3   2   4   4  14   2   2   2   6   5   0   2   3  0.14 0.16
  312 D   -1 -1  0  1 -5  4  4 -2  1 -2 -1  0  0 -2 -4 -1 -1 -5 -1 -2    4   3   4   8   0  18  28   3   3   2   5   6   2   1   0   5   3   0   2   2  0.47 0.40
  313 R   -1  1  1 -1  1  0 -1 -3  0  1  1  1  0 -1 -3 -1 -1 -1 -1  0    6  10   9   2   4   4   4   1   2  12  18  11   2   2   0   3   4   1   2   5  0.12 0.16
  314 A    0  1  0  1  0  2  2  1 -1 -2 -2  1 -2 -2 -2  0 -1 -4 -2 -2    8   6   3   9   3   9  16  11   1   2   4   9   1   2   2   6   4   0   1   3  0.17 0.18
  315 K   -1  1  0  0 -4  2  2  0  0 -1 -1  3 -1 -1 -4 -1 -1 -4 -1 -1    5   7   3   6   0   9  12   7   3   3   7  22   1   3   0   3   3   0   2   3  0.24 0.25
  316 A    1 -1 -1 -1 -1  0  1 -3 -3  0  3 -1  1  0 -3 -1 -1 -1  0  0   15   2   2   4   1   5  10   2   0   4  29   4   4   3   1   3   2   1   3   5  0.19 0.23
  317 L   -2  1  1  0 -5  2  4 -1  2 -2  0  2  0 -3 -4 -1 -1 -5 -1 -2    3   8   6   4   0   8  26   5   5   3   8  11   2   1   0   3   3   0   2   2  0.34 0.31
  318 A    0  1  0  0 -2  2  2 -1  0 -2 -2  3 -1 -3 -3  1 -1 -1 -2 -1    9   7   5   4   1   9  12   5   2   2   4  19   2   1   0   9   4   1   2   4  0.21 0.23
  319 L   -1  0  1  0 -3  3  2 -3  0 -1  0  2 -1 -2 -2  0  0 -4 -2 -1    4   5   6   5   1  13  16   1   2   4  10  14   1   1   1   5   5   0   1   4  0.22 0.24
  320 N   -1 -2  4 -2 -2 -1  0 -2  0  1  2 -1 -1 -2 -3 -1  0 -1 -1  0    5   2  24   2   1   3   7   2   2  10  18   4   1   2   1   3   4   1   2   6  0.29 0.28
  321 K   -1  2  0  1 -4  2  2 -1  0 -2 -1  2 -1 -3 -2  0  0 -2 -2 -2    5  11   4   6   0   8  14   4   2   2   7  15   2   1   1   7   7   1   2   2  0.22 0.23
  322 Q   -1  1  0  0 -4  2  2 -2  0 -2  0  2 -1 -3 -3  0 -1 -2 -2 -2    5   9   4   6   0  10  16   3   3   2  12  16   1   1   1   6   3   1   1   2  0.26 0.26
  323 L   -2 -2 -3 -4 -1 -1  0 -4 -3  1  5 -1  1  0 -5 -2 -2 -5 -2 -1    3   2   1   1   1   2   6   1   1   8  53   4   4   3   0   3   3   0   2   3  0.72 0.47
  324 R   -2  3  0  1 -5  2  2 -3 -1 -2 -1  3 -1 -4 -4 -2 -2 -3 -3 -2    2  17   4   9   0  11  15   2   1   2   6  21   2   1   0   2   2   0   1   2  0.50 0.39
  325 K    0  0 -1  1 -4  2  3 -2 -1 -2 -1  2  0 -2 -3 -1 -1  0  0 -2    9   4   3   7   0  11  17   3   2   2   7  16   3   2   1   4   3   1   3   3  0.22 0.24
  326 Q   -2  1  0 -1 -5  5  2 -4  0 -2 -1  2  2 -2 -4 -1 -1 -5 -3 -2    4   6   5   2   0  28  15   1   2   2   7  11   5   2   0   3   3   0   1   2  0.55 0.44
  327 L   -1  0 -1 -1 -3  0  1 -2  0  2  2  0  2 -1 -3 -1 -1 -2 -2  0    4   6   3   4   0   5   9   2   3  13  26   6   5   2   1   4   3   1   1   4  0.17 0.19
  328 S    0  0  1  1 -4  2  4 -1 -1 -3 -3  1 -1 -3 -4  1  0 -4 -2 -2    8   5   6   7   0   9  28   4   1   1   3   8   1   1   0   9   5   0   2   2  0.37 0.32
  329 E    0  0  2  2 -3  1  3 -2  0 -2 -2  2 -1 -4 -3  0  0 -4 -3 -2    8   4   8  11   1   7  22   3   2   2   3  11   2   0   1   7   4   0   1   3  0.32 0.28
  330 F   -1 -1 -1  0 -2  0  0 -2 -1  0  1  0  1  1 -1 -1  0 -1  3  0    4   2   4   4   1   4   8   3   1   7  13   7   3   7   2   4   5   1  13   8  0.10 0.12
  331 R   -2  4  1  1 -4  1  2 -4  0 -3 -2  2 -2 -3 -2 -1 -1 -1 -2 -2    3  21   6   9   0   5  15   1   2   2   4  15   1   1   1   5   4   1   1   3  0.41 0.32
  332 A    1  1  0 -1 -2  2  0 -2  0  0  0  1  2 -2 -2  0 -1 -3 -2  2   12   7   3   3   1   9   7   2   2   4   7  10   5   2   1   6   3   0   1  15  0.11 0.15
  333 P   -1 -1 -2  0 -4  2  1 -3 -2 -1 -2  2 -2 -3  5 -1 -2 -3 -3 -2    6   2   1   5   0  10  10   1   1   4   4  12   1   1  30   5   2   0   1   3  0.59 0.41
  334 Q   -1  0  0  2 -2  3  1 -3  0 -1  1  0 -1 -1 -2  1  0 -1 -2 -2    4   5   4  10   1  13  10   1   3   2  17   6   1   3   2  10   6   1   1   2  0.17 0.21
  335 V   -1 -1 -2 -1 -2  1  1 -3  0  2  1  0  0 -3 -2 -1  0 -2 -2  3    5   3   2   4   1   6  10   1   2  14  14   5   2   0   1   3   5   0   1  21  0.20 0.19
  336 M    0  0 -1 -1 -4  2  2 -2 -1  0  1  0  4 -2 -2  0  0 -4 -2 -2    7   6   2   3   0  10  13   2   1   6  14   5  13   1   1   7   4   0   1   2  0.23 0.24
  337 I   -2 -2 -1  5 -5  2  4 -4 -1 -3 -1  0  0 -4 -4 -2 -1 -5 -3 -1    3   2   2  31   0   9  23   1   1   2   6   6   2   1   0   3   3   0   1   4  0.68 0.47
  338 Y   -2  0 -1  0 -2  0  0 -4  0 -2  1  1  0  2 -4 -1 -1 -2  6 -2    3   5   4   4   1   5   5   1   2   2  12   8   3   7   1   4   3   0  27   3  0.45 0.34
  339 I   -1  0  0  0 -3  1  2 -3 -2  2  0  1  1 -3 -3 -1 -1 -4 -3  2    4   5   5   4   0   6  13   1   1  13   8   8   4   1   1   4   3   0   0  19  0.22 0.22
  340 W    0  2  1  0 -5  3  3 -2  1 -3 -3  3 -2 -5 -4 -1 -2 -3 -3 -3    9  11   7   6   0  11  18   2   3   1   3  16   1   0   0   5   2   0   1   2  0.42 0.34
  341 E   -1  1 -1 -2 -1  3  2 -3 -1  1  3  0  1 -3 -4 -2 -1 -4 -1 -1    5   6   3   1   1  13  12   1   2   7  26   7   3   1   0   2   4   0   2   4  0.28 0.27
  342 K   -3  2 -1 -2 -6  2  2 -4 -3 -3 -2  5  0 -6 -5 -1 -2 -6 -4 -1    2   9   3   2   0   8  12   1   1   1   5  42   2   0   0   4   3   0   1   5  0.81 0.55
  343 I    2  1  1  2 -5  1  3 -2  0  0 -3  1 -1 -4 -4  0 -2 -2 -3 -2   19   7   6   9   0   7  19   2   2   5   1   8   1   1   0   6   2   0   1   3  0.33 0.31
  344 R   -1  2 -1  0 -4  3  4 -5 -2 -2 -1  3 -1 -4 -5 -2 -1 -3 -2 -3    4   9   3   5   0  11  31   0   1   2   6  15   2   1   0   3   4   0   1   1  0.60 0.47
  345 N    0 -1  2 -2 -1  1  0 -3  0  2  1  0  2 -3 -4 -1  0 -4 -1  1    6   3  12   1   1   7   7   1   2  12  16   5   6   0   0   4   6   0   2   9  0.17 0.20
  346 G    0  1  0  1 -4  1  3 -1  0 -3 -1  1 -2 -2 -3 -1  0 -2  2 -1    9   7   4   6   0   6  22   5   2   1   6   9   1   2   1   4   5   0   8   3  0.23 0.25
  347 D    0  0  0  3 -6  2  5 -4 -2 -5 -2  1 -1 -5 -4 -2 -2 -2 -3 -3    6   6   4  15   0   8  35   1   1   1   4   8   2   0   1   3   3   1   1   1  0.68 0.51
  348 L   -2 -3 -5 -5 -4 -2 -5 -6 -3  0  6 -2  0 -2 -7 -4 -3  2 -1 -2    3   2   1   1   0   2   1   0   1   4  69   3   2   1   0   1   2   3   2   2  1.26 0.73
  349 E   -3  2  0 -1 -4  4  4 -4 -1 -3 -2  2 -1 -5 -4 -2 -1 -2 -4 -2    2  10   4   3   0  18  28   1   1   1   4  14   2   0   1   3   4   1   0   3  0.69 0.53
  350 K   -1  3  0 -1 -6  3  1 -3  0 -5 -3  5 -3 -3 -4 -1 -1 -6 -2 -4    5  15   5   3   0  14   7   2   2   1   2  33   1   1   0   4   4   0   1   1  0.72 0.53
  351 T   -1  2 -2  0 -5  3  4 -4 -1 -2 -2  3 -2 -2 -5  0  0 -6 -4 -3    5  11   2   5   0  13  23   1   1   3   4  16   1   2   0   6   6   0   0   2  0.50 0.42
  352 I   -1 -2 -1 -4 -3  0  0 -5  0  4  2 -1 -1 -2 -5 -3 -1 -5 -2  2    4   2   4   1   1   5   8   1   3  23  23   5   1   1   0   1   3   0   1  15  0.43 0.34
  353 R    1  2  0 -1 -3  1  3 -3 -1 -4 -3  4 -4 -5 -5 -1 -1 -6 -3 -3   13   8   5   3   0   6  18   2   2   1   3  28   0   0   0   4   3   0   1   2  0.57 0.46
  354 M   -1  0  2  2 -4  1  3 -3  0 -1 -2  0  1 -4 -3  1  0 -3 -2 -2    4   6  11  12   0   6  20   1   2   3   4   5   5   0   1   9   6   0   1   3  0.33 0.31
  355 W   -1 -3 -4 -5 -4  0 -3 -6 -2 -1  4 -3  1  0 -7 -4 -3  7  2 -1    5   2   1   1   0   4   2   0   1   2  44   2   3   4   0   1   1  16   6   4  1.02 0.63
  356 E   -3  2  0 -2 -7  4  4 -5 -1 -3 -4  3 -3 -7 -5  0 -1 -4 -5 -4    2  12   4   2   0  17  28   1   1   2   2  19   1   0   0   6   3   0   0   1  0.83 0.60
  357 R   -2  6  1 -1 -4  2  0 -3 -2 -3 -3  2 -2 -7 -6 -1  0 -4 -5 -4    3  45   6   3   0   9   7   2   1   2   3   9   1   0   0   4   5   0   0   1  0.97 0.64
  358 K   -2  2 -2 -1 -7  4  2 -5  2 -5 -3  5 -4 -4 -5 -3 -3 -7 -4 -5    3  11   1   3   0  15  14   1   5   1   3  38   0   1   0   1   2   0   1   0  1.00 0.67
  359 V   -2 -1 -1 -4  1 -1 -1 -5  4  3  1  1  0 -2 -5 -3 -2 -5 -1  3    3   4   3   1   3   2   4   0   9  14  16   9   2   2   0   2   1   0   2  23  0.39 0.33
  360 E    1  1  0  1 -4  2  4 -2  0 -5 -4  2 -2 -3 -4 -1 -1 -6 -1 -3   12   7   4   6   0   8  32   2   2   0   1  11   1   1   0   5   3   0   3   2  0.53 0.44
  361 I   -2 -2 -1  0 -5  0  3 -1 -1  4  0  0 -1 -3 -3 -2 -2 -5 -3  0    3   2   3   5   0   4  24   4   2  25   9   5   1   1   1   2   2   0   1   7  0.42 0.37
  362 A    4 -1 -3 -4 -4  2 -2 -4 -3 -1  3 -1  1 -3 -5 -2 -3 -5 -3 -2   32   4   1   1   0   9   3   1   1   3  34   3   3   1   0   2   1   0   1   2  0.64 0.51
  363 E   -2  0  1 -1 -6  4  5 -3 -3 -3 -4  3 -3 -6 -4 -1  1 -6 -6 -5    3   5   5   3   0  16  33   2   0   1   2  16   1   0   1   3   8   0   0   1  0.78 0.59
  364 M    0  2 -1 -1 -4  2  1 -2 -2  0  1  0  5 -2 -3 -1  0 -4 -2 -2    7  11   2   4   0   8  12   3   0   5  14   6  15   1   1   4   5   0   1   1  0.27 0.29
  365 S    1 -1  1 -1 -4  2  4 -3 -2 -3 -3  2 -3 -5 -4  2  0 -6 -3 -3   11   3   7   3   0  10  24   1   1   2   2  14   0   0   0  13   6   0   1   2  0.48 0.43
  366 L    0 -2  0 -3  2 -1 -1 -5  0  1  3 -2  0  0 -4 -2 -2 -2  1  1   10   2   4   1   5   3   4   0   3   8  34   3   2   3   0   2   2   1   5   9  0.31 0.28
  367 K    0  2  1  0 -3  3  2 -2 -1 -3 -3  4 -3 -5 -4 -1 -2 -6 -4 -3    6  13   7   5   0  11  14   2   1   2   2  25   0   0   0   5   2   0   0   1  0.53 0.43
  368 G   -1  3  1  0 -3  2  3  0 -2 -3 -2  2 -1 -4 -4  0  1 -5 -3 -3    5  16   5   4   1   7  18   8   1   1   4  10   1   1   0   8   8   0   1   1  0.33 0.32
  369 Y    0 -1 -1 -3 -1  1 -1 -3  1  1  2  0  2 -1 -3 -1  0 -3  1  1    7   3   3   1   1   6   5   1   4   7  25   6   5   2   1   4   4   0   6  11  0.18 0.21
  370 R   -2  4  0 -1 -5  3  2 -5  0 -2 -3  4 -2 -5 -5 -2 -2 -2 -3 -3    3  23   4   3   0  14  15   1   2   2   3  22   1   0   0   3   2   1   1   2  0.71 0.53
  371 K    0  4 -2 -1 -6  4  1 -4 -2 -3 -4  4 -3 -7 -4 -1  0 -6 -5 -4    6  19   2   3   0  16  10   1   1   1   2  28   0   0   0   5   5   0   0   1  0.80 0.58
  372 A    0  1 -1  0 -4  3  2 -4 -1 -1 -1  3 -1 -3 -4  0  0 -3 -4 -2    7   8   3   5   0  16  12   0   1   4   7  18   2   1   0   8   5   0   0   3  0.34 0.33
  373 W   -2  0  1 -4  0  0 -1 -5 -2  3  3 -1  1 -2 -4 -2 -3  5 -1  1    3   6   9   1   2   5   3   0   1  17  25   4   3   1   0   2   1  10   2   8  0.44 0.36
  374 N    0  2  2  1 -4  3  2 -3  1 -3 -1  2 -3 -3 -3  0 -1 -5 -3 -3    7  11   9   6   0  12  16   2   3   1   6  13   0   1   0   7   4   0   1   2  0.34 0.32
  375 K   -1  2  0  0 -6  4  3 -3  0 -4 -3  3 -2 -4 -3 -1 -1 -6 -3 -3    4  10   4   5   0  18  23   1   2   1   3  19   1   1   1   5   3   0   1   1  0.61 0.48
  376 M    0 -2 -3 -4 -4 -2  0 -4 -2  2  4 -2  5 -3 -4 -2 -3 -5 -2  0   10   2   1   1   0   1   7   1   1  11  38   2  15   0   1   2   1   0   1   5  0.61 0.46
  377 K   -1  3 -2 -1 -6  4  2 -4 -4 -4 -3  4 -1 -5 -5 -1 -2 -6 -3 -3    4  16   2   3   0  22  14   0   0   1   2  25   2   0   0   4   2   0   1   2  0.79 0.58
  378 T    1  0  1 -1 -4  3  2 -2  0 -2 -1  2  1 -4 -3  1  2 -3 -4 -3   12   5   6   2   0  12  11   2   2   3   7  12   4   0   1   8  12   0   0   1  0.26 0.29
  379 T    0  0  0  1 -4  2  3 -2 -2 -2 -1  2  1 -2 -3  0  1 -5 -2 -2    8   4   3   7   0  12  18   2   1   2   6  13   3   1   0   5  10   0   1   2  0.26 0.28
  380 N   -1  1  4 -1  0  1  0 -3 -1  1  0  1 -2 -3 -4  0  1 -5 -3  0    4   8  20   3   2   5   7   1   1   8   8   9   1   1   0   7   8   0   0   7  0.22 0.24
  381 E    0 -2  0  1 -6  2  5 -2 -1 -3 -4  2 -1 -6 -4  0 -1 -6 -5 -3    9   1   3   6   0  10  40   2   1   1   2  10   1   0   0   7   4   0   0   1  0.70 0.53
  382 Q   -1  0  0 -1 -6  4  4 -4  2 -5 -3  3 -1 -6 -3  0 -2 -6 -3 -4    5   4   3   3   0  20  30   1   5   0   3  16   2   0   1   6   2   0   0   0  0.71 0.53
  383 L   -3 -2 -3 -4 -3 -1 -2 -5 -2  2  5 -2  2 -2 -3 -1 -1 -5 -2 -2    1   2   2   1   0   3   3   0   1   9  60   3   4   1   1   4   3   0   1   1  0.82 0.54
  384 Q   -2  2 -1 -3 -1  6  3 -5  2 -6 -4 -1 -4 -6 -3 -2  0 -6 -5 -3    2  10   2   0   1  43  21   0   4   0   1   2   0   0   1   3   7   0   0   2  1.10 0.72
  385 A    2  0 -2 -2 -4  2  4 -2  0 -4 -3  0 -2 -5  0  1 -1  2 -4 -3   20   5   1   1   0  11  27   3   2   1   2   5   1   0   5  11   3   3   0   1  0.46 0.40
  386 I    1  2 -3 -2 -2  0 -1 -3 -3  2  0  0 -1 -3 -3  0  0  5 -2  1   15  13   0   2   1   3   5   1   0  16  10   5   1   0   0   7   4   8   1   8  0.23 0.24
  387 S    0  0  0  0  2  3  0 -1  0 -1 -2  0 -2 -1 -1  2  1 -3  0 -2    6   5   4   4   6  17   3   5   1   4   3   5   0   3   2  19   9   0   3   2  0.16 0.20
  388 G   -1 -1  2 -2  1  4  1  3 -3 -4 -2 -1 -3 -5  3 -2 -3 -5 -4 -2    3   3  11   0   3  25   8  22   0   0   4   3   0   0  15   0   0   0   0   3  0.55 0.39
  389 P   -1 -1 -2 -1 -4  1 -2 -3  3 -2 -3  0 -4 -5  6  3 -2 -5 -4 -4    2   3   0   2   0   6   0   0   7   3   2   4   0   0  40  31   0   0   0   0  0.97 0.46
  390 G    0 -2  0  2 -3  1  3  1 -2 -3 -1  0 -2 -3 -2  2  1 -4 -3 -2    4   0   3  10   0   4  30  12   0   0   9   3   0   0   0  18   7   0   0   1  0.32 0.19
  391 K   -2  0 -2 -2 -5  3  2 -3 -2 -4 -4  6 -3 -5 -3 -2 -2 -5 -3 -4    0   0   0   0   0  12  13   0   0   0   0  74   0   0   0   0   0   0   0   0  1.18 0.42

                      K         Lambda
Standard Ungapped    0.1284     0.3134
Standard Gapped      0.0367     0.2670
PSI Ungapped         0.1199     0.3175
PSI Gapped           0.0367     0.2670
