
Last position-specific scoring matrix computed, weighted observed percentages rounded down, information per position, and relative weight of gapless real matches to pseudocounts
            A   R   N   D   C   Q   E   G   H   I   L   K   M   F   P   S   T   W   Y   V   A   R   N   D   C   Q   E   G   H   I   L   K   M   F   P   S   T   W   Y   V
    1 M    -1  -2  -2  -3  -2  -1  -2  -3  -2   1   2  -2   6   0  -3  -2  -1  -2  -1   1    0   0   0   0   0   0   0   0   0   0   0   0 100   0   0   0   0   0   0   0  0.40 0.02
    2 G    -1  -2   0   4  -3  -1   0   5  -2  -4  -4  -1  -3  -4  -2   0  -2  -3  -3  -4    0   0   0  39   0   0   0  61   0   0   0   0   0   0   0   0   0   0   0   0  0.70 0.01
    3 L    -2  -3  -4  -4  -2  -3  -3  -4  -2   1   3  -3   1   4  -3  -3  -2   0   1   0    0   0   0   0   0   0   0   0   0   0  61   0   0  39   0   0   0   0   0   0  0.42 0.01
    4 L    -2  -2  -4  -4  -2  -3  -3  -4  -3   1   4  -3   2   2  -3  -3  -1  -1   0   1    0   0   0   0   0   0   0   0   0   0  89   0   0  11   0   0   0   0   0   0  0.43 0.01
    5 R    -1   5  -1  -2  -3   1   0  -2  -1  -2  -1   3  -1  -3  -2  -1  -1  -3  -2  -2    0  61   0   0   0   0   0   0   0   0   8  30   0   0   0   0   0   0   0   0  0.53 0.02
    6 G     0  -2   0  -1  -3  -1  -2   5   5  -4  -4  -2  -3  -3  -2  -1  -2  -3  -1  -4    0   0   0   0   0   0   0  70  30   0   0   0   0   0   0   0   0   0   0   0  0.75 0.02
    7 G     2   2  -1  -2  -2  -1  -1   5  -2  -3  -3   0  -2  -3  -2   0  -1  -3  -3  -2   23  23   0   0   0   0   0  54   0   0   0   0   0   0   0   0   0   0   0   0  0.51 0.03
    8 L     0  -2  -2  -2  -2  -1  -1  -2  -2  -1  -1  -1  -1   2   6   0  -1  -2   0  -1    7   1   1   1   0   1   1   1   0   1   7   1   0  20  49   6   1   0   1   1  0.73 0.04
    9 P     0  -2  -1  -1  -2  -1  -1  -2  -2  -2  -2  -1  -2   2   6   1   0  -2  -1  -2    6   1   1   1   0   1   1   1   0   1   1   1   0  15  46  22   1   0   0   1  0.72 0.05
   10 C     1  -2  -2  -2   7  -2  -2  -2  -2   0  -1  -2  -1  -2  -2   0   1  -2  -2   1   15   1   1   1  40   1   1   1   0   1   1   1   0   1   1   1  16   0   0  18  0.42 0.05
   11 A     3  -1   1  -1  -2   0   1   1   3  -2  -2  -1  -2  -3  -1   0  -1  -3  -2  -1   51   0  10   0   0   0  12  10  10   0   1   0   0   0   0   1   1   0   0   1  0.28 0.08
   12 R    -2   6  -1  -2  -4   0  -1   0  -1  -3  -3   2  -2  -3  -3  -2  -2  -3  -3  -1    0  73   0   0   0   0   0   8   0   0   1   7   0   0   0   0   0   0   0   8  0.82 0.21
   13 A     2  -2  -2  -2  -2   0  -1  -2  -2   0   1  -1   0   1   1   2   0  -2  -1   0   22   0   0   0   0   7   0   0   0   8  23   0   0   7   8  21   0   0   0   0  0.14 0.08
   14 M     1  -3  -3   0  -2  -2   0  -3  -3   3   1  -2   5  -1  -3  -2  -1  -3  -2   2   13   0   0   6   0   0   6   0   0  19   6   0  35   0   0   0   0   0   0  15  0.33 0.16
   15 A     2   0  -1  -2   2   1   0  -1  -2  -2  -1  -1  -1  -3   1   2   1  -3  -2  -1   30   6   0   0   7   7   6   0   0   0   8   0   0   0   6  24   7   0   0   0  0.24 0.11
   16 R    -2   5   2  -2  -4   2  -1  -1  -1  -4  -3   2  -2  -4   1  -1   0  -4  -3  -3    0  53  12   0   0  11   0   5   0   0   0   7   0   0   6   0   6   0   0   0  0.64 0.19
   17 L     0   1  -2  -3  -2   1  -2  -3  -2   1   2  -1   3   1  -3  -1  -1   3  -1   0    6  12   0   0   0  10   0   0   0   6  32   0  12   5   0   6   0   5   0   6  0.20 0.11
   18 G     0   2  -2  -3  -3   0  -2   3  -2   0   2  -1  -1   0   0  -2  -2  -3  -2  -1    6  19   0   0   0   5   0  27   0   5  28   0   0   5   5   0   0   0   0   0  0.23 0.13
   19 A     2   1  -1  -2  -2  -1   1   0  -2  -2  -1  -1  -2  -2   2   2   1  -3   0  -2   25   9   0   0   0   0   9   4   0   0   5   0   0   0  10  19  13   0   5   0  0.24 0.13
   20 V    -1  -3   0  -3   1  -2  -3  -3  -3   2   2  -3   5  -2  -3   0  -1  -3  -2   2    4   0   7   0   3   0   0   0   0  11  24   0  21   0   0  10   0   0   0  19  0.35 0.20
   21 R    -1   6  -2  -3  -5   0  -1  -4   0  -5  -4   2  -3  -1  -4   0  -3   2   0  -4    4  59   0   0   0   3   3   0   2   0   0  13   0   3   0   8   0   3   3   0  0.96 0.39
   22 S     0   1   0  -2  -2   0  -1   0  -2  -1   0  -1  -1   0  -3   2   1   3  -2   1    6   9   4   0   0   3   3   6   0   0  10   3   0   4   0  24   8   5   0  16  0.14 0.16
   23 H    -3   5  -3  -4  -4   2  -2  -2   5  -2   1   0   2  -3  -4  -2  -3  -4   1  -1    0  33   0   0   0  11   0   3  16   2  14   2   7   0   0   2   0   0   4   6  0.57 0.34
   24 Y    -1   1   1  -3  -4   3  -2  -1   3  -1  -1   1  -2   0  -4  -1  -3   1   6  -3    5   8   8   0   0  13   0   4   6   4   7   7   0   2   0   5   0   2  28   0  0.43 0.30
   25 C     0  -1  -4  -5   8  -2  -4  -4  -4   1   0   1   0   0  -2  -3   0  -4   1   2    6   2   0   0  31   2   0   0   0   7   7  12   2   5   2   0   5   0   4  14  0.65 0.35
   26 A     2   1  -3  -4  -3  -1  -3  -2  -3   1   2   1   0   0  -2   0  -1  -4  -1   1   22   8   0   0   0   1   0   1   0   6  27   9   1   4   1   9   1   0   1   8  0.22 0.22
   27 L    -2  -5  -5  -6  -1  -4  -4  -6  -5   2   4  -5   1   4  -3  -3  -2   4   0   1    2   0   0   0   1   0   1   0   0   9  41   0   3  19   2   2   2   6   1   9  0.70 0.37
   28 L    -2  -3  -6  -6  -4  -5  -5  -3  -5   3   5  -5   1   0  -4  -2  -3  -5  -4   2    3   1   0   0   0   0   0   2   0  14  55   0   3   3   1   3   0   0   0  16  0.86 0.44
   29 L    -2  -3  -3  -6  -4  -5  -6  -6  -5   4   4  -5  -1   2  -3  -5  -2  -4  -3   2    2   1   1   0   0   0   0   0   0  21  46   0   0  10   1   0   1   0   0  15  0.87 0.44
   30 A     2  -2  -3  -1   4  -2  -3   0  -4   2   1  -2  -1   1  -4  -1  -1  -1  -3   1   18   1   1   3  11   1   0   6   0  14  16   2   0   6   0   5   3   1   0  11  0.24 0.21
   31 A     1  -4  -3  -5   0  -4  -5  -3  -5   4   3  -4  -1   1  -5  -1  -1  -4  -2   2   13   0   2   0   2   0   0   2   0  23  31   0   0   7   0   5   4   0   1  10  0.49 0.32
   32 A     2  -4  -1  -4   1  -2  -4  -1  -4   1   3  -4  -1   2  -3  -1   2  -1  -1   1   18   0   3   0   3   1   0   4   0   8  27   0   0   9   1   3  12   1   1   9  0.30 0.26
   33 L     0  -4  -3  -4  -1  -3  -4  -2  -4   2   2  -3   1   3  -4   2   0  -4  -2   1    8   0   0   0   1   0   0   3   0  13  19   1   3  14   0  20   6   0   0  10  0.35 0.28
   34 A     2  -3  -3  -2   1  -3  -2  -1  -3   0   0  -1  -2   4  -2   1   0  -3  -1   2   17   1   0   3   3   0   2   4   0   4   7   3   0  22   2  11   5   0   1  14  0.25 0.24
   35 V     0  -3  -3  -5   2  -4  -3  -1  -4   2   2  -4  -1   1  -3   1  -1   0  -2   4    5   1   1   0   4   0   1   5   0  11  19   0   0   5   1  11   3   1   1  30  0.36 0.28
   36 C    -2  -5  -3  -2   8  -5  -2  -3  -5   1   1  -5  -1   2  -5  -1  -1   1  -1   2    2   0   1   2  29   0   4   2   0   7  15   0   1  10   0   6   4   2   2  15  0.74 0.41
   37 A     3  -4  -5  -5   1  -4  -4  -3  -5   1   4  -3   0   0  -4   0  -1  -4  -1   0   24   0   0   0   3   0   0   1   0   6  41   1   2   4   1   6   3   0   2   5  0.54 0.37
   38 F    -2  -5  -5  -4  -2  -5  -5  -6  -5   2   3  -5   1   6  -6  -3   0   3   0   1    2   0   0   1   1   0   0   0   0   9  25   0   3  37   0   1   5   3   1  10  0.92 0.46
   39 Y    -2  -3  -2  -5  -4  -3  -4  -5   0   2   2  -1  -1   2  -5   0   0  -2   6   0    3   1   2   0   0   1   0   0   2  10  19   5   1   8   0   7   7   0  28   5  0.55 0.36
   40 Y    -2  -4   1  -4   0  -3  -4  -5   0   1   1  -4   0   3  -2  -1  -1  -2   5   2    2   0   7   0   2   1   0   0   2   9  13   0   2  12   2   4   3   0  24  16  0.54 0.34
   41 L    -1  -4  -4  -2   1  -3  -2  -4  -3   1   3  -3   0   3  -2  -1  -1   1   3   2    3   0   0   3   3   1   2   0   0   9  27   1   1  14   2   4   4   2   9  13  0.35 0.24
   42 G     1  -2  -1  -3  -1   1  -1   2   0  -1   1  -2  -1   2  -1   0  -2  -3   2  -1   14   2   2   0   1   9   2  14   2   2  16   2   1   9   2   7   1   0   8   3  0.15 0.17
   43 S     0   1   0  -1  -3   0  -2  -2   0   0   0  -1   1  -1  -1   3   2  -1   0   0    5   8   4   2   0   5   1   3   2   6   8   3   4   2   3  23  12   1   3   5  0.13 0.17
   44 G     1   0   2  -2  -3  -1  -1   1   2  -2  -1  -1  -1  -2  -2   3   1  -3  -1  -2   12   5  11   1   0   2   3   9   5   2   8   2   1   2   2  24   7   0   2   2  0.19 0.19
   45 R    -1   3   2   1  -3  -1   1  -1   0  -1  -2   1   0  -2   1   0   0   1  -1  -2    3  16  12   6   0   2   9   3   2   5   3   8   2   2   6   9   5   2   2   3  0.16 0.15
   46 E    -1   1   2   1  -4   4   2  -1   1  -2  -3   0  -3  -1  -1   0  -1  -4  -3  -2    4   8  12   9   0  17  15   3   4   2   2   4   0   4   3   8   2   0   0   2  0.31 0.24
   47 T     0  -1  -1   0  -3   0   0  -1   1   0   0  -1  -2  -1   2   1   2  -3  -1   0    6   3   2   5   0   3   5   3   5   7   9   2   0   2   9  11  18   0   2   8  0.12 0.14
   48 F    -1  -3  -3  -2  -4  -2  -1  -2   0   1   0  -2  -1   5   0   0  -1   5   2  -2    5   1   1   3   0   2   5   3   2   8   9   2   1  28   4   8   4   7   6   2  0.40 0.27
   49 S     1   0   0  -2  -1   0   0  -1  -1  -2  -2  -1  -3  -1   0   3   3  -4  -2  -3    9   6   5   1   1   4   4   3   1   2   4   3   0   2   4  24  22   0   1   1  0.30 0.28
   50 S     0   2   0   0  -2   1  -1  -1  -2  -1   0   1  -1  -1   0   1   1  -1  -1  -1    9  13   4   5   1   6   3   3   0   4  11   6   1   2   3  15   8   1   2   4  0.09 0.12
   51 A     1   0  -1   0  -3   0   0  -1   0   0   0  -1  -1   0   2  -1   1  -3   1   0   16   6   2   5   0   5   6   4   2   7   9   3   1   4  10   2   9   0   5   5  0.08 0.10
   52 T     1  -2  -1  -2  -2  -1  -2   0   0   1   0  -1  -2   1   0   2   2  -1   0   0   11   2   2   2   0   2   2   6   3   8   8   4   0   8   4  16  12   1   3   7  0.09 0.13
   53 K     0   3  -1  -1  -3   0   1  -1   0  -1  -1   2   0  -3   1   1   0  -4  -2  -1    7  19   3   3   0   4  11   3   2   4   5  11   2   1   6   9   5   0   1   5  0.18 0.17
   54 R    -1   4   1   0  -1   0   1   0  -2  -2  -2   0  -2  -3   0   1  -1  -1  -2  -1    5  28   6   5   2   4   7   6   1   3   4   5   1   1   5   9   3   1   1   4  0.27 0.22
   55 L     0  -1  -1  -1  -3  -1   0  -2  -2   0   2  -2   0   2   2   0  -1   0   0   0    7   2   3   3   0   2   7   3   1   6  24   2   1  11   9   9   2   1   3   4  0.12 0.14
   56 K     0   2  -1  -1  -2   1   1  -3   1  -3  -1   1  -2   1   3   1  -1   0   2  -2    7  10   3   3   1   7   8   1   3   0   5   7   1   6  13  10   3   1   9   2  0.20 0.19
   57 E    -1   0   1   0  -3   1   2   1  -2  -2   0   1  -1  -2  -1  -1   0   0  -2  -1    5   5   8   5   0   7  15  10   0   1   9  11   1   2   3   3   7   1   1   5  0.11 0.13
   58 A     3  -2  -1   0  -3  -1   0   0  -1  -2  -2  -1  -2   0  -1   2   1   1  -1   0   23   2   3   5   0   2   7   6   2   1   3   4   1   4   3  18   8   2   2   6  0.18 0.20
   59 R     0   3   1  -1  -4   1   2  -3   2  -3   0   0  -1   1  -2  -1   0  -4   1  -2    7  20   6   2   0   5  13   0   5   0   9   5   1   6   2   5   6   0   4   2  0.23 0.22
   60 A     1   1   1   1  -3   1  -1  -1  -1   0  -1   1   0  -2  -1  -1   0  -3   1   0   17   7   7   7   0   8   3   5   1   6   7   8   2   1   2   3   5   0   5   5  0.07 0.11
   61 G     0  -1   1   1  -4   0   0   2   3  -4  -2  -2   1  -4  -1   2   0  -1  -2  -1    7   3   8  10   0   4   5  17   8   0   4   0   4   0   3  15   5   1   1   4  0.23 0.22
   62 A     1   1  -2   0  -3   1  -1  -1   3  -2  -1   0  -1   0   2   2  -1  -4  -1  -1   14   7   1   6   0   6   2   4   7   2   6   4   1   5  10  18   2   0   1   4  0.18 0.20
   63 P     1  -1   0  -1  -4   1  -1   0  -3   0  -1  -1  -2  -2   4   1   0   1  -1  -1   11   2   6   3   0   6   4   8   0   7   7   3   1   1  21   9   4   2   2   4  0.25 0.21
   64 A     1   0   1   1  -3   0  -1  -1   1   0  -1   0  -1   1  -2   1   1  -3  -2  -1   13   5   9   9   0   4   2   4   4   7   5   6   1   7   2   9   9   0   0   4  0.08 0.12
   65 A     1   0   0   0   2   1   1   0  -1  -1  -1  -1   0  -1  -1   1   0  -2  -1   0   15   5   3   5   6   7  10   5   1   3   4   3   2   3   3   9   4   0   2   9  0.07 0.10
   66 P    -2  -1  -2  -2  -2   0   0   1   1  -2   0   1  -2   1   5  -1  -1   0  -3  -1    3   4   1   2   1   4   7  10   3   2   9   8   1   6  25   4   3   1   0   6  0.32 0.25
   67 S    -1   0   1   0  -2   1  -1  -2   0  -2  -1   0   0  -3   1   3   2  -5  -3  -2    5   4   7   6   1   5   4   2   3   2   6   4   2   1   8  25  12   0   0   3  0.23 0.24
   68 P    -1   1   1   0  -2   1   1  -1   1  -1  -2  -1  -2  -2   3  -1   1  -2  -3   0    5   9   7   6   1   8   8   5   4   4   2   2   1   2  17   3   9   1   0   7  0.22 0.21
   69 P    -1   2  -2   1  -3   0   0  -2   0  -3  -2  -1  -4  -1   5   0   0  -5   0  -1    5  11   2   7   1   4   5   2   2   1   3   3   0   3  28   8   5   0   4   5  0.46 0.33
   70 A     1   0   0   0  -1   1   1  -1   1  -1  -1   0  -1  -1   0   0   0  -2  -2   1   11   3   5   6   1   6   8   3   5   4   6   7   1   3   4   8   6   1   0  11  0.05 0.08
   71 L    -1  -1  -2  -1   0  -1   1  -1  -1   0   1   0  -1  -1   2  -1   2  -1   0   0    5   3   1   4   2   2   9   4   1   6  19   5   1   2  10   4  13   1   3   7  0.10 0.14
   72 E     0   1   0   0  -2   1   3  -2  -2  -3  -2   0  -1  -2   2   1   1  -5  -3  -2    7   9   5   5   1   6  19   3   1   1   3   5   2   2  10  11   8   0   0   3  0.25 0.23
   73 L     0   0   2  -1  -3   0  -1  -1   0   2   1  -1   0  -1   0   1  -1  -4  -1   0    8   5  13   3   0   3   3   4   3  12  15   3   1   2   5  10   3   0   3   6  0.08 0.12
   74 A     2  -1   1  -1   0  -1   1   1   1  -2  -1   0  -3   1  -2   1   0  -4  -2  -2   18   4   6   2   2   2   9  11   3   1   7   5   0   7   2  12   6   0   1   2  0.13 0.16
   75 R     0   3   1  -2  -4  -1   0  -2   1  -1  -1   2  -1   1   1   0  -1   0   1  -1    6  16   9   2   0   1   6   3   4   4   4  11   1   6   7   8   3   1   4   3  0.15 0.16
   76 G     0   0  -1  -1  -2   1   1   3  -1  -2  -1   0  -3  -2   0   2   0  -2  -2  -1    7   6   2   3   1   5   8  20   1   2   6   4   0   1   5  15   6   1   1   5  0.16 0.17
   77 S     0  -1   3   0  -1   3   0  -2  -1  -2  -2  -2  -1  -1  -1   2   2  -2  -3   0    7   3  13   4   1  12   6   3   1   2   3   1   2   3   3  17  13   1   1   7  0.25 0.26
   78 V    -1  -1  -1  -2  -2  -2  -1   0   1   1   0  -1  -1   2   1   0   1  -2  -1   1    5   4   3   2   1   1   3   8   4  10   8   4   1   9   8   8   9   0   1  12  0.07 0.11
   79 A     1   1   1   1   0   0   0  -1   1  -1  -1  -1  -2  -1   0   0   0  -3   0   0   12  11   6   7   2   5   5   3   3   4   7   2   0   2   5   8   7   0   3   6  0.06 0.10
   80 P    -1  -1   3  -2  -3   0   1   0  -1  -3  -1  -2  -2  -1   5  -2   0  -4  -3  -3    5   3  15   2   1   4  11   9   2   1   6   2   1   3  25   2   5   0   1   1  0.45 0.35
   81 A     2   1  -1  -1   2  -1  -1   0   0  -1   0   0  -1  -2   0   1   0  -4  -2   0   19   7   3   4   5   2   4   8   2   3  12   4   1   1   4   9   4   0   1   6  0.08 0.12
   82 P     0  -3   2   1  -5   0  -1  -4   1  -3  -1   0  -4  -3   5   1   1  -3  -3  -1    7   1   9   8   0   4   4   1   4   1   6   5   0   1  25  10   9   0   1   4  0.45 0.35
   83 G     1   1   0  -1  -1  -1   1   3   1  -4  -3   0  -4  -3  -2   1   1  -4   0  -2   14   7   5   3   2   2   8  20   3   0   2   6   0   1   2  11   8   0   3   3  0.23 0.22
   84 A     2   0  -1  -1   0  -1   0  -1  -1   0  -1   1  -1   0  -1   0   1  -2  -2   0   21   6   3   2   2   2   7   4   1   5   7   8   1   4   3   7   9   0   1   6  0.07 0.11
   85 K     1   2   0   1  -2   1   0   0   0  -1  -3   2  -2  -2  -3   1   0  -1  -2   0   12  10   4   7   1   6   6   8   2   4   1  14   1   1   1  11   4   1   1   7  0.14 0.16
   86 A     1   0   0   0   1  -1   0  -1  -1  -1   0   0  -1   0   0   1   1   3  -2   0   11   6   5   4   3   2   6   3   2   4  10   4   1   4   4  10   8   5   1   8  0.05 0.08
   87 K     0   0   0   0  -2   0   1   1   1  -2  -2   2  -1  -1   1   1   0  -4  -1  -1    7   5   5   6   1   3  10  10   3   2   3  13   1   3   6  12   5   0   2   5  0.12 0.12
   88 S     1   0   1   1  -2   0   1  -1   2  -3  -2   0  -1  -3   2   2   0  -2  -1  -1   11   4   5   7   1   2   9   3   5   1   3   6   2   1   9  19   6   0   2   3  0.19 0.19
   89 L     0  -1  -1  -2  -1  -2   0  -2  -2   2   2  -1   1   0   1   0  -1  -3   0   2    6   4   3   2   1   1   6   2   1  11  19   3   4   4   6   9   2   0   3  14  0.11 0.13
   90 E     0   0   0   2   0   0   2  -1  -1  -2  -2   0  -1   0  -1   1   1  -4  -2  -2    9   4   4  12   2   3  17   5   1   2   4   6   1   6   3   9   9   0   1   2  0.15 0.16
   91 G     1  -1   1   0   1   0  -1   1   0  -1   0   0   0  -2   2   1   0  -3  -1  -1   13   2   6   6   3   3   2  10   3   4   8   7   3   1   9   9   6   0   1   5  0.08 0.09
   92 G    -1   0   1   2  -1   0   0   2   0  -2  -1   0  -1  -3   0   1   1  -2  -2  -1    4   4   5  14   2   4   6  17   2   2   6   5   1   1   3  11   8   1   1   3  0.15 0.14
   93 G     0   1   0   1   0  -1   0   1   3  -2  -2   0  -1  -1  -2   0  -1  -3   0   0    7   9   3   8   2   2   7  13   8   2   3   6   1   3   2   9   3   0   3   9  0.09 0.11
   94 A     1   0   0   0   2   0   1  -1   1  -2  -1  -1  -2  -2   1   1   0  -3  -1   0   15   4   3   4   6   2  11   5   4   2   6   4   1   2   6  12   7   0   2   6  0.11 0.13
   95 G    -1   1   3   1   0   0   0   1  -1  -2  -2   2  -1  -1  -1   1   0  -1  -2  -2    4   6  16   6   2   3   5  10   1   2   5  11   1   2   3  10   7   1   1   2  0.16 0.16
   96 P     0  -1   0   1   2   0   1  -3  -1  -4  -2   0  -4  -3   5   0   1  -5  -3  -3    7   3   4   7   4   4   7   2   2   1   4   5   0   1  30   5  10   0   1   2  0.52 0.35
   97 V    -1  -2   0  -1   0   0   1  -1  -3   1  -2   0  -1  -1   1   2   1  -4  -2   1    3   2   4   3   2   5   9   4   0   9   3   4   2   3   6  20  10   0   1  10  0.14 0.18
   98 D    -1  -1   1   4  -4   0   3  -2  -1  -1  -1  -1  -3   0  -3  -1   0  -3   0  -1    5   4   6  25   0   3  20   2   2   3   6   2   0   4   1   4   5   0   3   4  0.37 0.28
   99 Y    -3  -2  -1  -3  -2  -3  -4  -4   1   5  -2  -3  -1   2  -2   0  -2  -1   5   1    1   2   4   2   1   1   1   1   3  27   3   2   1   7   2   6   3   1  20  10  0.61 0.39
  100 H    -2  -3   6  -1  -6  -1  -4  -3   8  -4  -5  -3  -6  -3  -4  -1  -4  -3  -4  -5    4   1  34   3   0   3   1   3  36   2   1   1   0   1   1   5   1   0   0   1  1.62 0.81
  101 L    -5  -4  -4  -5  -4  -3  -5  -7  -1   7   1  -5  -1  -4  -1  -5  -3   0  -3   4    1   1   1   1   0   1   1   0   2  49  11   1   1   1   4   1   1   1   1  21  1.24 0.64
  102 L     4  -4  -3  -5  -3  -4  -4  -4  -2   1   1  -4   2   2   1  -1  -3   4  -3   2   29   1   1   0   0   0   1   1   1   8  11   1   4   9   7   4   1   6   0  13  0.48 0.37
  103 M    -3  -5  -2  -3   3  -2  -4  -5  -2   3   2  -4   5   2   0  -3  -3  -5  -4   3    2   0   2   2   6   2   1   0   1  13  17   1  14   7   5   2   1   0   0  21  0.61 0.39
  104 M    -2  -4  -3  -3  -1  -4  -4  -5  -5   5  -2  -4   0  -1  -2  -2   4  -3  -4   4    3   1   2   2   1   1   1   1   0  31   3   1   2   3   2   4  21   0   1  22  0.82 0.49
  105 F    -1  -4  -5  -5   2  -5  -4  -4  -1   0   2  -4  -3   6  -2  -3  -3  -2   2   2    5   1   0   1   5   0   1   2   1   5  17   1   0  35   2   2   2   0   5  13  0.83 0.45
  106 T    -1  -1  -1   1   6  -2  -2  -2  -1  -2  -2  -2   0   0  -1   1   4  -3   1  -1    6   3   2   7  15   2   3   3   1   2   3   3   2   4   3   8  23   0   5   4  0.40 0.25
  107 K     1   0   1   1  -1  -1  -1   0   0   0  -1   2  -1  -2   0   1   0  -2  -2  -1   12   4   9   7   2   2   4   7   2   7   5  16   1   2   4   9   4   0   1   4  0.09 0.09
  108 A     3  -2  -1  -1   1  -1   1  -1  -2   1  -1  -1  -2  -1  -1   0   1  -3  -1   1   24   2   2   4   3   2   9   4   1   7   5   2   1   2   2   8   8   0   2  12  0.16 0.15
  109 E     0   0  -1   5  -1  -2   0   0   0  -1  -3  -1  -2  -3  -3   1  -1  -2   1  -2    9   6   2  34   1   1   5   7   2   3   3   4   1   1   2   9   4   1   4   3  0.44 0.30
  110 H     0   0   2   2  -1   0   1   0   3  -2  -1   0  -3  -3  -2   1  -1  -1   0  -2    6   4  11  13   1   4   9   7   7   3   6   6   0   1   1  10   3   1   3   3  0.17 0.15
  111 N    -4  -1   8   1   0  -3  -4  -4   1  -5  -5  -2  -4  -2  -4  -2  -3  -7  -3  -3    2   4  61   8   2   1   1   1   3   1   2   3   0   2   1   3   2   0   1   2  1.58 0.84
  112 A     1   0  -3   1  -5  -2   1  -1  -2  -3  -3  -2  -1  -1  -1   2  -1  -2   6  -3   13   6   1   7   0   1  10   5   1   1   2   2   2   2   4  14   3   0  24   2  0.48 0.41
  113 A     2  -1   1  -2  -3  -1  -2   0   1   0  -1   0  -1  -1   1   1   1  -4  -1   1   20   3   8   1   0   2   2   6   3   5   4   5   1   2   7   9   7   0   3   9  0.14 0.17
  114 L    -3   1  -3  -5  -3   0  -3  -5  -1   1   2  -4   4   2  -2  -4  -3   1   5   0    2   7   1   1   1   4   2   1   1   8  21   1   9   9   3   1   2   2  20   6  0.59 0.37
  115 Q     1   1  -1  -1   2   0  -1  -1   4   0   0   0  -1  -2   0  -1  -1  -1   0   1   11   6   3   3   6   5   3   4  10   5  11   7   1   1   4   3   3   1   3  10  0.09 0.11
  116 A     1   1   0   0   0   0   0   0   0  -1  -1   1  -1  -2   2  -1   0   0   1  -1   11   8   4   5   2   3   7   6   2   3   5   8   2   2  11   4   6   1   6   4  0.09 0.09
  117 K     0   0   2  -2  -2   2  -1   0   2  -2  -3   3   1  -2   1   0  -2  -3   2  -2    7   5   9   2   1   8   4   7   5   2   3  16   3   1   7   5   2   0   7   3  0.21 0.17
  118 A     2  -3  -4  -5  -2  -3  -4  -2  -4  -3   3  -4  -2   5  -5   0  -1  -4  -1   0   15   2   1   1   1   1   2   3   0   1  29   1   1  21   1   8   5   0   2   6  0.63 0.37
  119 R     3   0  -1  -2  -1   0   0  -1  -1   0  -1   0   1  -4  -3   2   1  -5  -1  -1   25   4   3   2   1   3   5   4   2   4   7   6   3   1   1  13   9   0   2   4  0.23 0.20
  120 V     0   0  -1  -5  -6  -3  -3  -4  -2   1  -1  -2  -1  -4  -3  -3   2  -7  -3   6    7   6   3   1   0   2   2   2   1   7   6   3   2   1   2   2  12   0   1  39  0.77 0.42
  121 A     4  -5  -6  -4   5  -3  -6  -6  -2  -5   1  -6   5   2  -6   0   1  -4  -2  -2   28   1   0   1  11   2   1   1   1   1  13   1  11   7   1   7   8   0   2   3  0.84 0.49
  122 L     0  -6  -8  -8  -2  -8  -7  -4  -8   5   3  -8   3   0  -6  -3  -3  -8  -3   3    7   1   0   0   1   0   1   2   0  28  25   0   6   4   1   2   2   0   1  20  1.06 0.53
  123 R     0   1   0  -3  -3   0  -1  -2   4  -2   1   2  -3  -2  -5  -1   1  -4   1   1    7   8   5   2   1   5   4   3   9   2  12  12   1   2   1   5   8   0   5  10  0.24 0.19
  124 S    -4  -5  -2  -7 -10  -7  -7  -8  -5  -6 -11  -7 -10  -7  -8   8   3 -11 -11  -6    2   1   3   0   0   0   0   0   0   1   0   0   0   0   0  76  13   0   0   1  2.36 1.30
  125 L    -4 -10  -7 -11  -5 -10  -8 -11 -11   5   4 -10   5  -5  -8  -6  -3 -10  -6   3    2   0   0   0   0   0   0   0   0  28  35   0  12   1   0   1   2   0   0  17  1.57 0.79
  126 L    -5  -6  -8  -7   2  -5  -7  -6 -10   4   5  -8   2   1  -8  -6  -5  -9  -5   2    1   1   0   1   3   1   1   1   0  20  46   0   4   6   0   1   1   0   0  13  1.32 0.68
  127 R     0   1   1  -1  -4   3   2  -7  -2  -4  -2   5  -1  -5  -6   0  -3  -3  -3  -4    7   8   5   4   1  11  10   1   1   1   5  31   2   1   1   7   2   1   1   2  0.68 0.47
  128 L    -4  -4   5  -5  -4  -5  -5  -6   8  -3  -3  -3  -3  -1  -6   4  -3  -3  -1  -3    2   1  20   1   0   1   1   1  26   2   3   2   1   3   1  28   2   0   2   2  1.41 0.80
  129 A     3  -4   0  -6   1  -3  -5  -4  -2   2  -1  -4   0  -3  -4   3   3  -4  -4   0   24   1   5   1   3   1   1   2   1  10   6   1   3   2   1  19  13   0   1   6  0.57 0.40
  130 K    -1  -1   1  -2  -2  -1  -2  -4  -2  -1   2   1  -1  -2  -2   3   1  -6  -3  -1    5   3   6   3   1   3   3   2   1   4  16   9   2   2   2  23   8   0   1   5  0.30 0.25
  131 F     0  -3   0  -1   6  -1  -1  -2  -1   1   0  -1   1   2   0   0  -2  -2  -1   0    8   2   5   4  16   3   5   3   2   7   7   4   3   8   5   8   3   1   2   6  0.31 0.19
  132 E    -3  -2   4   1  -4  -1   1  -4   4  -4  -3  -2  -1   2   4  -2  -3  -4   3  -5    2   3  15   8   0   3   8   2   7   1   3   3   2   7  20   4   2   0   9   1  0.63 0.42
  133 A    -1   3   2  -1   0   0   2  -2   0  -2  -3   0  -3  -4  -2   1   2  -3  -2  -4    5  16   9   4   2   5  14   3   2   2   3   6   1   1   3  10  11   0   2   2  0.33 0.27
  134 H    -3   2   5   0  -4   0  -1  -2   3  -3  -4   2  -2  -3  -3   1  -1  -6   0  -2    3   9  21   6   0   4   4   4   6   2   3  13   1   1   2   9   5   0   3   3  0.47 0.32
  135 E     0   0   3   0   0   0   2  -2   1  -1  -2   0  -2  -2  -2   0   0  -2   2   0    7   5  11   5   2   4  11   3   3   4   4   6   1   2   2   8   6   1   8   6  0.14 0.12
  136 V    -1  -1  -1   1  -2  -1  -1  -3   0   0  -2   0  -1   1   5   0   0  -5  -2   1    5   3   3   7   1   3   4   3   2   6   4   5   1   5  22   7   6   0   2   8  0.30 0.22
  137 L    -6  -7  -6  -7  -4  -6  -6  -7  -3   5   3  -7  -1   3  -7  -6  -5  -4   2   3    1   1   1   1   0   1   1   1   1  29  27   1   1  10   1   1   1   0   6  17  1.22 0.62
  138 N    -3   2   2  -1   1  -1  -1  -6   7   0  -4  -2  -2   2  -4  -1  -1  -3   0   1    3   9  10   4   3   3   4   1  22   6   2   3   1   7   1   4   4   0   4  10  0.64 0.38
  139 L    -6  -6  -5  -6  -3  -9  -9  -7  -8   2   2  -9  -1   8  -9  -6  -6  -3  -2   0    1   1   1   1   1   0   0   1   0  11  18   0   1  52   0   1   1   0   2   7  1.90 0.90
  140 H    -5  -4  -1  -5  -4  -7  -6  -6  10  -1  -3  -5  -2   0  -7  -5  -4  -1   5  -3    1   1   3   1   1   0   1   1  57   4   3   1   1   4   0   1   1   1  14   2  2.47 1.14
  141 F    -5  -6  -5  -6  -1  -6  -5  -6  -8   5   2  -6  -2   6  -6  -4  -6  -1  -4   3    1   1   1   1   1   1   1   1   0  27  17   1   1  24   1   2   1   1   1  17  1.26 0.63
  142 V    -3  -8  -6  -6  -3  -5  -5  -5  -8   5   3  -6  -1   3  -6  -5  -5  -7  -3   4    2   0   1   1   1   1   1   1   0  30  25   1   2   9   1   1   1   0   1  22  1.17 0.59
  143 S     2  -3  -1  -1   3  -4  -4  -3   2   0  -2  -4  -3  -4  -4   1   4  -3  -2   1   17   1   3   4   6   1   1   3   4   4   5   1   1   1   1  11  23   1   2  11  0.51 0.35
  144 E    -2  -3   0   7  -2  -3   1  -3  -2  -4  -4  -3  -2  -4  -2   0  -1  -2  -3  -4    4   2   4  49   1   2   9   2   1   1   2   2   1   1   2   8   4   1   1   2  1.17 0.61
  145 E     0   0   1   3  -2  -1   2   0  -1  -2  -3   0  -2  -2   0   1  -1  -2  -1  -2    7   4   7  13   1   3  14   8   2   2   3   5   1   2   6  10   4   1   3   3  0.21 0.17
  146 A     0  -1   1   0  -1  -1   0  -1  -1   2   0   0  -1  -1   0   1   0  -1  -1   0    7   3   6   6   1   3   7   5   2  12   9   5   1   3   4  10   6   1   2   7  0.04 0.04
  147 S     1  -3   1  -2  -3  -2  -3  -1   1  -3  -1  -2  -2  -2  -2   5   0  -1  -1  -3   12   2   7   3   1   2   2   5   3   2   8   3   1   2   3  33   6   1   2   2  0.49 0.37
  148 R    -1   2   0  -1  -2   2   1  -2   2  -2  -2   2   0  -2   0   0  -1   0   0  -1    6  11   4   4   1   8  10   4   5   3   5  10   2   2   5   7   4   1   4   4  0.15 0.14
  149 E    -1   1   1   2  -2   0   2  -2   2  -2  -1   0  -1  -2   0   0   0  -2   0  -2    6   8   7   9   1   4  13   4   5   3   6   5   2   2   6   7   6   1   4   3  0.14 0.14
  150 V    -1   0   1   0  -1  -1  -1  -2   0   2   1  -1   0   1  -1   1   0  -1   0   0    6   5   7   6   1   3   4   3   2  12  13   3   2   5   3   9   6   1   4   6  0.06 0.06
  151 A     1  -2  -1  -2  -1  -1  -2  -2  -1   1   3   0   1   0  -2   0   0  -1  -2   0   13   3   4   3   2   2   3   3   1   7  23   5   4   4   3   7   6   1   2   5  0.15 0.12
  152 K    -2   1   0   0  -2   2   3  -3   0  -1  -3   2   0  -3  -1   0   0   0  -2  -3    4   7   4   6   1   8  19   2   2   4   3  13   3   1   4   7   5   1   2   3  0.28 0.25
  153 G     0   1   0   2  -1   0   2  -1   0  -2  -2   2   1  -2  -2   0   1   0  -1  -2    7   6   5  10   1   5  12   4   3   3   4  12   3   2   2   6   9   1   3   3  0.16 0.16
  154 L    -2  -1  -1  -1   0  -1  -2  -3   1   2   3  -1   1  -1  -2  -1  -1   2   0   0    3   4   4   4   2   3   3   2   4  10  26   4   3   3   2   6   5   2   3   7  0.22 0.15
  155 L    -2  -1  -1  -2   1   0  -1  -3   1   2   2  -1   2   3  -2  -2  -1   2   0   0    3   4   3   3   3   4   4   3   3  10  18   4   5  13   3   3   3   2   3   6  0.22 0.15
  156 R    -1   0   0   0   2   0   0  -1   2   0  -1   0   2   1   0  -1   0   4   1  -1    5   5   5   5   5   5   5   5   5   5   5   5   5   5   5   5   5   5   5   5  0.09 0.08
  157 E    -2   1   0   0  -2   1   2  -3  -1  -2  -1   0  -1  -2  -3   2   3  -1  -2  -3    4   7   5   5   1   6  12   3   2   3   6   6   2   2   2  14  16   1   1   2  0.25 0.24
  158 L    -2  -2  -1  -3  -1   0  -2  -3   1   2   2  -2   1   1  -4  -2   0   7   0   1    4   2   4   2   1   4   3   2   3  11  18   3   3   6   1   3   5  12   3   8  0.43 0.27
  159 L    -1   0   0   0   0   0   0  -2   0   0   1   1   1   1  -1   0   0  -3  -1   0    5   5   5   5   2   4   6   3   2   6  14   7   3   7   3   5   5   0   2   7  0.03 0.04
  160 P     0   1   1   0   0   0   0  -2   1   0  -1   1   0  -1   1   1   0   1  -1   0    8   6   6   4   2   5   6   3   3   5   6   8   2   3   7  11   5   2   2   6  0.05 0.06
  161 P    -1   0   0   0   1   0   0  -2   1  -1  -1   0   1   0   2   0   0   2   0  -1    4   5   5   5   3   5   6   4   4   4   7   7   3   4  10   8   7   3   3   4  0.08 0.09
  162 A    -1   0   0   0   2   0   0  -1   2   0  -1   0   2   1   0  -1   0   4   1  -1    5   5   5   5   5   5   5   5   5   5   5   5   5   5   5   5   5   5   5   5  0.09 0.08
  163 A     0   0   0   0   2   0   0  -1   1   0  -1   0   1   0   0   0   0  -2   1   0    5   5   5   5   5   5   5   5   5   5   5   5   5   5   5   5   5   0   5   5  0.03 0.05
  164 G    -1   0   0   0   2   0   0  -1   2   0  -1   0   2   1   0  -1   0   4   1  -1    5   5   5   5   5   5   5   5   5   5   5   5   5   5   5   5   5   5   5   5  0.09 0.08
  165 F    -1  -1  -1  -2  -1  -1  -1  -3   0   1   1   0   0   3  -1  -1   0   0   4  -1    6   3   3   3   1   3   4   2   2   8  11   6   2  11   4   5   5   1  13   5  0.19 0.14
  166 K    -2   2   3  -1  -1   1   0   0   2  -2  -1   2  -1  -2  -1   1   0   1   0  -2    4   9  11   4   1   6   5   7   4   3   6  11   1   2   3   9   5   2   3   3  0.14 0.14
  167 C    -1   1   0  -3   2  -1  -3  -2   0   2   1  -2   0   3  -2  -2   0   0  -1   2    5   6   4   2   4   3   2   3   3  11  12   3   2  11   2   3   5   1   2  13  0.19 0.13
  168 K    -2   1   0   0   0   1   1  -2   1  -1  -2   2   0   0  -1   0   0   1   1  -1    3   9   5   6   2   6   9   3   4   4   5  11   2   3   4   7   6   2   5   4  0.11 0.11
  169 V    -2  -1  -1  -1   1  -1  -2  -3   1   3   0  -1   1   1  -2  -2  -1   3   2   3    4   3   4   3   3   3   4   3   4  13   8   3   3   6   3   4   4   3   6  17  0.21 0.14
  170 I    -1   0   0   0   2   0   0  -1   2   0  -1   0   2   1   0  -1   0   4   1  -1    5   5   5   5   5   5   5   5   5   5   5   5   5   5   5   5   5   5   5   5  0.09 0.08
  171 F    -3   0  -1  -2  -2  -3  -2  -4   2   1   1  -2  -1   6  -2  -2  -1   0   3  -1    3   4   3   2   1   2   3   2   5   7  11   3   1  29   2   3   4   1   8   4  0.62 0.37
  172 H    -3  -2  -3  -4  -1  -3  -1  -5   5   1  -1  -2  -2   3  -2  -4  -3  -1   7   0    3   2   2   2   2   2   4   1  11   8   6   3   1  10   2   2   2   1  28   8  0.85 0.51
  173 D    -4  -3   3   6  -3  -2   0  -4   0  -2  -4  -2  -3   0   1   0  -1   0  -1  -4    2   2  12  33   1   2   6   2   2   3   3   3   1   4   6   7   5   1   2   2  0.67 0.46
  174 V     0  -2  -2  -2   0  -2  -2  -4  -1   3   0  -1   2   1  -1  -1  -1   0  -1   3    7   3   2   3   2   2   3   2   2  16  10   3   4   6   3   5   4   1   2  19  0.26 0.17
  175 A     0   0   2   3  -1   0   2  -2   1  -2  -3   0  -2  -2  -1   1   0   0   0  -2    7   4   9  13   1   4  13   4   3   2   3   5   1   2   4  10   6   1   4   3  0.19 0.18
  176 V    -1   0   1   1  -1   0   0  -2   0   0  -1   0   0  -1   0   0   0   1  -1   0    5   6   8   9   1   5   7   3   3   6   7   6   2   3   5   7   5   2   2   8  0.05 0.05
  177 L    -2  -1  -1  -2   2  -2  -1  -3   1   1   2  -1   1   3  -1  -1  -1   2   2   1    4   3   3   2   4   2   4   2   3   9  16   4   4  10   4   5   3   2   7  10  0.19 0.12
  178 T     0   0   0   1   0   0   0   0   0   0   0   0   0   0   0   0   0   1   0   0    9   4   5   8   2   4   6   6   2   5   7   6   3   5   4   7   7   2   2   7  0.02 0.01
  179 D    -1   0   1   3   1   0   1  -2   1  -1  -2   0   1   0  -1  -1  -1   2   0  -2    6   5   6  16   3   4  10   4   3   4   5   6   3   5   4   5   4   3   3   3  0.15 0.13
  180 K    -1   0   0   0   2   0   0  -1   2   0  -1   0   2   1   0  -1   0   4   1  -1    5   5   5   5   5   5   5   5   5   5   5   5   5   5   5   5   5   5   5   5  0.09 0.08
  181 L    -2  -2  -1  -2  -1  -2  -1  -2  -2   2   3  -2   1   2  -1  -1  -1   0   1   1    4   3   3   3   1   2   4   3   1  11  24   3   3   8   3   4   4   1   4  10  0.23 0.12
  182 F    -1   0  -1  -1  -1   0   0  -1   2   0   0   1   0   2  -2   1  -1  -1   1   0    5   6   3   4   1   5   7   4   4   5   7   8   2  10   2  11   4   1   5   6  0.07 0.06
  183 P    -1  -1  -1   2  -2   0   1  -1   0  -2  -2   0  -2  -2   4   1  -1   3   1  -3    5   4   3  12   1   4   9   4   2   3   4   6   1   2  17   8   4   3   4   2  0.27 0.21
  184 I    -2  -2  -1   0  -2  -1   0  -2  -1   4   1  -1   1   0  -2  -1   0  -1   0   1    4   3   3   6   1   3   5   3   2  21  13   4   3   4   3   5   5   1   3  10  0.21 0.12
  185 V    -1  -1  -1  -1  -1  -2  -1  -2  -1   3   1   0   0  -1   2  -1   0  -2  -1   2    6   3   3   3   1   2   3   4   1  13  11   6   2   3   9   5   5   1   2  14  0.14 0.10
  186 E     0   0   1   2  -4   1   2  -1   0  -1  -2   2  -1  -2  -1   1  -1   1  -1  -1    7   4   5   9   0   5  12   4   3   3   5  11   1   2   4  11   4   2   2   4  0.14 0.13
  187 A     0   1   0   2  -1   0   0  -1  -1   0  -1   0  -1  -1   1   0   0   2   0   0    8   7   5  10   1   4   6   4   1   6   6   6   2   2   7   6   5   3   4   8  0.06 0.06
  188 M    -1  -1   0   0  -2  -2  -2  -2   0   2   1  -1   5   1   0  -1  -1  -1   0   1    5   3   4   5   1   2   3   3   2  12  15   3  11   5   5   4   3   1   3   8  0.21 0.13
  189 Q    -1   2   2  -1  -1   3   0  -2   0  -2  -2   2  -1  -1   1   1  -1  -1  -1  -2    4  10   9   4   1  11   6   3   2   2   5  10   2   3   7  10   4   1   2   4  0.18 0.18
  190 K     0   1   1   0  -2   1   1   0  -1  -2  -1   2  -2  -1   1   0   0  -1  -1  -2    7   7   7   6   1   5   9   7   1   3   8  12   1   2   6   7   5   1   2   3  0.09 0.10
  191 H    -3   1   0   2  -2   0   1  -3   5  -1   0   1  -1   2  -2  -1  -2  -1   2  -2    3   6   4  11   1   5   8   3  12   3   9   8   1   7   2   4   3   1   6   4  0.28 0.20
  192 F    -1  -2  -2  -2  -1  -3  -3  -3   2   2  -1  -2   0   6  -3  -2  -2   3   3  -1    5   2   2   3   2   1   2   3   4  10   7   3   2  26   2   4   3   4   8   4  0.53 0.36
  193 S     0   0  -1   0  -1   0  -1  -2   0  -2  -3   0  -1   0   1   4   0   2  -1  -4    7   5   3   4   1   4   5   4   2   2   3   6   1   5   7  24   5   2   2   2  0.20 0.27
  194 A     1   0   1  -1  -1  -1  -1   1   1  -1  -2   0  -1   0  -1   1   0   3   0  -2   10   6   7   4   1   3   3  10   3   4   4   7   2   3   4  10   5   3   3   3  0.03 0.10
  195 G     0   0   0  -1   0   0  -1   0   0   0   0   0   0   0   0   0   0   1   0   0    6   4   4   4   2   3   4   7   2   6  12   8   3   4   4   8   4   3   2   7  -0.02 0.01
  196 L    -1  -1  -1  -1   1   0  -1  -1   1   0  -1  -1   1   1   3  -1   0   2   1   0    4   4   3   4   2   4   4   5   3   6   6   5   3   5  13   4   5   3   4   7  0.05 0.11
  197 G    -1   0   0   0   2   0  -1  -1   2   0  -1   0   2   0   0  -1   0   4   1  -1    5   5   5   5   5   5   5   5   5   5   5   5   5   5   5   5   5   5   5   5  0.03 0.09
  198 T     0   0  -1   0  -1   0  -1  -1   1  -1  -2   1   0  -2   1   1   2   0  -1  -1    7   5   3   4   2   4   5   5   4   4   5   9   2   2   7  10  12   1   2   4  0.04 0.12
  199 Y     0   1  -1   1   2   0  -1  -2   4  -2  -2   0  -1  -1   0  -1  -1   1   2  -2    9   6   3   7   4   4   5   4   9   3   5   6   2   3   5   5   4   2   8   3  0.12 0.16
  200 Y    -1   0  -1  -1   1  -1  -1  -1   3  -1   0  -2   0   1  -2  -2  -2   2   5  -1    6   5   3   3   3   3   4   4   7   4   8   3   2   5   3   4   3   3  17   4  0.22 0.23
  201 S    -1   0   0   0   2   0  -1  -1   2   0  -1   0   2   0   0  -1   0   4   1  -1    5   5   5   5   5   5   5   5   5   5   5   5   5   5   5   5   5   5   5   5  0.03 0.09
  202 D    -1  -2   1   0   1   2  -2   1   0  -2  -2   0  -1  -1   0   2   1  -1   0  -2    5   3   6   6   3   8   3  10   2   2   5   6   2   2   5  12   8   1   3   3  0.07 0.15
  203 S     0   2  -1  -1  -1   0   0  -3   0   1  -1   0   0  -1   2   0   0  -1   0  -1    9  11   3   4   1   4   6   2   2   8   6   6   2   2   9   6   6   1   3   5  0.05 0.11
  204 I     0   0  -3  -3   0  -2  -2  -3  -2   1   2  -2   2  -1  -1  -1   1   0   2  -1    9   6   2   2   2   2   3   2   1   9  21   2   4   3   3   5   8   1   7   4  0.16 0.17
  205 F     1  -3   1  -3  -1  -2  -3   0   0  -1  -1  -4   0   5  -2  -1   0   0   3  -2   13   2   7   2   2   2   2   6   2   4   5   0   3  22   2   5   6   1   9   3  0.32 0.33
  206 F    -3  -3  -3  -8   0  -2  -4  -5   0  -1   2  -1   1   4  -4  -4  -1   1   7  -4    3   2   2   0   2   2   2   2   3   4  19   4   3  12   1   2   4   2  26   2  0.80 0.54
  207 L     0   0  -2  -3   2  -2  -3  -3   0   1   2  -2   1   0   3  -3  -1   1   3  -1    9   5   2   2   3   2   2   2   2   7  17   2   4   3  12   2   5   2   8   5  0.19 0.22
  208 S    -1   4  -2  -2   2   0  -1  -3   0  -1  -3   1   0  -1   0   1  -2   2   0  -3    4  20   3   3   4   4   5   3   2   3   3   7   3   3   5  11   3   2   3   3  0.24 0.27
  209 V     0   0   0   0   2   0   0  -1   1   0  -1   0   1   0   0   0   0  -2   1   0    5   5   5   5   5   5   5   5   5   5   5   5   5   5   5   5   5   0   5   5  -0.00 0.06
  210 A    -1  -1  -3  -3  -2  -3  -3  -2  -2   2   2  -1   1   4  -4  -2  -2   0   2   0    6   4   1   1   1   1   2   4   1  10  20   4   3  16   1   2   2   1   8   5  0.28 0.27
  211 M     0  -4  -6  -6  -1  -1  -4  -4  -2   3   4  -5   2  -1   0  -3  -3  -1  -2  -1    9   1   0   0   1   3   1   2   1  16  39   0   5   3   4   2   1   1   1   4  0.59 0.47
  212 H     1  -2  -2   1  -2  -2  -2  -2   3  -1  -3  -3  -1   0   5  -2  -2  -6   1  -3   13   2   2   8   1   2   3   4   7   4   3   2   1   4  30   3   3   0   5   2  0.52 0.49
  213 Q    -1   1   0   3  -1   1   2  -2   0  -2  -1   1   0  -1  -3   0  -2   2  -1  -3    5   6   5  14   1   6  13   3   2   2   8   8   2   3   2   6   2   2   2   2  0.14 0.19
  214 I    -2  -3  -2  -2   0  -2  -2  -4   0   4   2  -2   2   2  -3  -3  -1   0   2   0    4   2   3   3   2   2   4   2   2  20  19   3   4   6   2   2   3   1   6   6  0.31 0.24
  215 M    -1  -1  -1  -1   1  -1  -2  -2  -3   1   2  -1   1   3  -1  -1  -1   2   0   0    3   3   3   3   3   3   3   3   0   8  23   4   4  14   3   3   3   2   3   6  0.12 0.19
  216 P     0   0   0   0   2   0   0  -1   1   0  -1   0   1   0   0   0   0  -2   1   0    5   5   5   5   5   5   5   5   5   5   5   5   5   5   5   5   5   0   5   5  -0.00 0.06
  217 K     0   0   0   0   2   0   0  -1   1   0  -1   0   1   0   0   0   0  -2   1   0    5   5   5   5   5   5   5   5   5   5   5   5   5   5   5   5   5   0   5   5  0.03 0.05
  218 E    -2  -1   2   4   2   0   2  -2   2  -2  -3  -1  -1  -1  -3   1   0   2   0  -3    2   2   9  20   5   4  14   2   5   2   3   3   1   3   1   9   6   2   4   2  0.33 0.28
  219 I    -2  -2  -2  -2   1   1  -2  -5  -1   2   1  -2   0  -1  -2  -2   0   0   1   4    2   3   2   2   3   7   3   0   1  12  10   2   3   2   2   2   5   1   6  31  0.36 0.28
  220 L    -1   0   1   4   0   0   1  -1   1  -2  -3   2  -1  -2  -1   0   0  -4   0  -2    5   5   5  24   2   4   9   4   3   3   3  12   2   2   3   5   5   0   4   2  0.27 0.22
  221 Q    -1   4  -1  -1  -5   0  -1  -2   1  -1  -2   4   0  -1  -1  -1  -1   2   0  -2    4  23   3   3   0   4   3   3   3   3   3  23   3   3   3   4   4   3   3   3  0.39 0.26
  222 I     0  -2  -2  -3   3  -2  -2   0  -2   1   0  -2   2   1  -2   0   1  -2   2   1    9   0   0   0   8   0   1   9   0   9   9   0   9   9   0   9   9   0   9   9  0.11 0.11
  223 I     0  -4  -4  -4   2   0  -4  -4  -4   5   2  -4   2   1  -4  -3   0  -4  -3   2    7   0   0   0   5   5   0   1   0  35  18   0   5   5   0   1   6   0   0  10  0.56 0.30
  224 Q     0  -2   0   0   2   0  -2   0   2   0   0   0   1   1  -3   0   0   4   1   0    6   0   6   6   6   6   0   6   6   6   6   6   6   6   0   6   6   6   6   6  0.08 0.14
  225 L     0  -2  -2  -3   2  -2  -2   0   2   0   0   0   1   1   1   0   0  -2   1   0    7   0   0   0   7   0   0   7   7   7   7   7   7   7   7   7   7   0   7   7  0.08 0.12
  226 D    -3  -3   1   7   2  -2   1   0  -3  -5  -5  -3  -4  -5  -3   1  -3  -5  -4  -4    1   1   4  59   4   0   7   8   0   1   1   1   0   0   1  11   1   0   0   1  1.15 0.41
  227 L     0  -2   1  -1   1   0  -1  -1   2   0   1  -2   2   0   0   0   2  -3   0   0    6   0   8   3   4   3   3   4   6   5  12   1   7   3   4   6  16   0   3   5  0.09 0.11
  228 D     0   1   2   6  -5  -3   1   0  -3  -5  -5  -3  -5  -5  -4   0  -3  -5  -5  -5    8   7   8  51   0   0   7   7   0   0   1   1   0   0   0   8   1   0   0   1  1.02 0.42
  229 L     0  -2  -2  -2   3   1   0  -2  -2   1   0  -2   2   1  -2   0   1  -2   2   1    8   0   0   0   8   8   8   1   0   8   8   0   8   8   0   8   8   0   8   8  0.10 0.12
  230 K    -2  -2  -4  -5  -1  -2  -3  -5  -4   4   3  -1   2   0  -4  -3  -1  -1  -1   3    2   2   0   0   1   1   1   0   0  24  29   4   4   3   0   1   3   1   2  20  0.53 0.33
  231 F    -1  -3  -3  -5   4  -4  -5  -5  -2   2   0  -4  -1   4  -3  -3  -2   0   0   4    5   1   1   0  10   0   0   0   1  10   6   0   1  20   1   1   2   1   2  35  0.68 0.41
  232 K    -1   1   1  -1   0   0  -1  -2   0   1   2  -1   1  -1  -2  -1   0  -4  -1   2    3   8   9   2   2   4   3   2   2   9  19   4   3   2   2   3   7   0   2  14  0.10 0.13
  233 T     0   0   2   2   0   0   0   2   1  -2  -3   0  -1  -2  -3   1   1  -4  -2  -2    8   6  12  10   2   3   6  17   4   2   2   4   2   2   0   9   8   0   2   2  0.20 0.18
  234 N    -3  -2   2   6  -1  -2  -1  -3  -1  -3  -4  -2  -5  -6   2   1  -2  -6  -6  -3    2   2   9  44   2   2   4   2   2   2   2   2   0   0  11  11   2   0   0   2  0.91 0.54
  235 I     0  -3  -2  -3   3  -2  -2  -3  -2   1   0  -2   2   1   1   0   1   4   2   1    8   0   0   0   8   0   0   1   0   8   8   0   8   8   8   8   8   8   8   8  0.21 0.15
  236 R     2   1   0   0   0   1   1  -1  -1  -2  -2   0  -1  -2  -2   2   0  -1  -2  -1   18   8   4   6   2   5   9   5   1   2   4   5   2   2   1  14   4   1   1   4  0.14 0.16
  237 E    -2   0   0   2  -2   0   4  -3   1  -2  -2   2  -1  -2   0   0  -1   1  -1  -3    3   4   3  10   1   3  28   2   3   3   4  11   2   2   5   7   4   2   2   2  0.34 0.28
  238 L    -1  -5  -5  -6   2  -4  -5  -5   1   0   5  -5   2   0  -1  -2  -1   3   0  -1    4   0   0   0   5   0   0   0   4   5  49   0   5   4   4   4   4   4   4   4  0.68 0.43
  239 F    -2  -1  -1  -2   1  -1  -4  -2   1  -1  -2  -2   0   2  -5  -2  -2   9   5  -2    3   3   3   3   3   3   0   3   3   3   3   3   3   9   0   3   3  27  16   3  0.93 0.51
  240 E     0   0   2   3   0   1   2  -2   1  -2  -3   2  -1  -2  -2   0   0  -4  -1  -2    8   5  10  14   2   6  11   3   4   2   2  11   2   2   2   6   4   0   2   2  0.21 0.21
  241 E     0  -1  -1  -1   1   0   1  -2   2   1   0  -1   2   1  -1  -1   1   2   0   0    7   3   3   3   3   4   9   3   5   8   9   4   5   5   3   5   8   2   3   7  0.07 0.06
  242 F    -1  -1  -1  -1   1  -4  -1  -2   1  -1   0  -1   1   6  -1  -1  -1   3   0  -1    5   4   3   4   3   1   4   4   3   4   8   4   3  26   4   4   4   3   3   5  0.42 0.22
  243 D     0   0   0   3   2   0   0  -1   1  -1  -2   0   1  -1  -1   0  -1   2   0  -2    7   5   5  18   4   5   6   5   4   3   4   6   3   3   4   7   4   3   4   4  0.16 0.13
  244 S     0   0   1   1   1   1   0  -1   1  -1  -1   2   0  -1  -1   0   0   2   0  -1    7   5   7   7   3   5   5   4   4   3   7  13   3   3   4   6   6   2   3   4  0.08 0.09
  245 F    -2  -2   0   2   1  -1  -2  -2   1   0   1  -1   3   4  -1  -2  -2   2   1  -2    4   3   5  10   3   3   3   4   3   5  12   4   7  15   3   3   3   3   5   3  0.26 0.18
  246 L    -1  -1   1   0   1  -1  -1   0   1   0   2  -1   1  -1   0  -1   0   2   0  -1    5   3   7   5   3   3   3   6   3   6  20   5   4   3   5   6   6   3   3   3  0.08 0.08
  247 P    -2  -2   1   3  -1   0   2   3   1  -4  -4  -1  -1  -3   2   0  -2  -7  -1  -2    4   2   6  14   1   4  11  19   3   1   2   4   1   2  10   7   3   0   3   4  0.32 0.27
  248 G    -2  -1   2   1   1   0  -1   1   2  -2  -3   2   1  -1  -1   0   0   2   1  -2    4   4  10   8   3   4   5   9   4   3   3  10   3   3   3   8   6   2   4   3  0.14 0.14
  249 A     1   0   1  -1   1   4   0  -2   3  -2  -2   0   0  -1  -1  -1  -1   2   1  -2   10   5   6   3   3  15   6   3   6   3   4   6   3   3   3   4   5   3   5   4  0.18 0.21
  250 I    -1   0   0   0   2   0   0  -1   2   0  -1   0   2   1   0  -1   0   4   1  -1    5   5   5   5   5   5   5   5   5   5   5   5   5   5   5   5   5   5   5   5  0.09 0.08
  251 I     0  -2  -1  -2   1  -1  -2  -2   0   2   0  -1   1   2  -1  -1   0   2   2   2    8   3   3   3   3   3   3   3   3  10  10   4   3   8   3   5   5   2   6  12  0.13 0.09
  252 G     2  -2  -1   0   1  -1   0   4   1  -2  -3  -2   1  -1  -1  -2  -2   2  -1  -2   16   3   3   5   3   3   6  27   3   3   3   3   3   3   4   3   3   2   3   3  0.35 0.27
  253 I     1  -1  -1  -1   2  -1  -2  -1  -3   1   1  -1   2   0  -1  -1  -1   2   0   1   15   4   3   3   4   3   0   3   0  10  15   5   8   3   3   4   3   3   3   8  0.09 0.14
  254 A     0   0   1   0   2   1   0   0   2   0  -1   0   1  -3   1   0   0  -3  -2   0    6   6   6   6   6   6   6   6   6   6   6   6   6   0   6   6   6   0   0   6  0.06 0.09
  255 R    -2   0  -1   1   1  -1   3  -2   2  -2  -2  -1   0   0   3  -1  -1   0  -1  -2    4   6   3   8   2   3  18   3   5   3   4   3   3   4  15   4   4   1   2   3  0.29 0.25
  256 E    -1  -3   3   5  -2  -3   4  -4   0  -2  -4  -4  -2  -2  -2  -2  -2  -7   2  -2    5   2  10  27   1   2  20   2   2   3   3   1   1   2   3   3   3   0   6   3  0.69 0.45
  257 M    -1  -1   0  -1   3   2  -1   0   2   0   0  -2   1   1   0   0  -1   0   1   0    6   3   4   4   6   9   3   7   5   5  10   2   3   6   4   7   4   1   4   7  0.09 0.09
  258 Q    -1  -1   0   1   3   0   1   0   1  -1  -2  -1   1  -1  -1   1   1   2   0  -1    5   4   5   7   6   5   8   7   3   3   5   3   3   3   4  11   8   3   3   5  0.08 0.10
  259 P     1  -1   0   2   1   0   0  -1   2   0  -2  -1   1  -1   2   0   0   2   0  -1   12   3   5  10   3   4   6   4   4   5   4   4   4   3   9   6   5   3   3   5  0.09 0.10
  260 V     1  -1   1   0   0  -1  -1  -1   0   0  -1  -1   1   0   0  -1   0   3   3   0   10   3   6   5   2   3   3   6   2   5   6   4   4   4   4   5   6   4   9   7  0.05 0.08
  261 Y    -1  -2   1  -1   0  -1  -1  -2   2  -1  -2  -1   1   4  -1  -1  -1   1   4   0    6   3   5   5   2   3   5   3   4   3   4   4   3  14   3   5   4   2  14   5  0.25 0.21
  262 R    -1   0   0   0   2   0  -1  -1   2   0  -1   0   2   0   0  -1   0   4   1  -1    5   5   5   5   5   5   5   5   5   5   5   5   5   5   5   5   5   5   5   5  0.03 0.09
  263 H    -1   0   0   0   2   0  -1  -1   2   0  -1   0   2   0   0  -1   0   4   1  -1    5   5   5   5   5   5   5   5   5   5   5   5   5   5   5   5   5   5   5   5  0.03 0.09
  264 T     0   0   1   0   1   0   0  -1   0   0  -1   0   1   0  -1   0   0   3   1   0    7   5   7   6   3   3   5   5   3   5   5   5   4   3   3   5   5   4   6   6  0.00 0.05
  265 F    -2  -1   0   0   0  -3  -2  -1   0   0   1  -2   1   5  -3  -1  -2   1   3  -1    4   3   4   5   2   1   3   4   2   5  14   3   3  18   2   4   3   2   8   4  0.23 0.21
  266 W    -1  -1  -1  -1   1   0  -2   0   2  -1  -2  -1  -1   0  -1   0   1   7   2  -2    6   4   3   4   3   4   3   6   4   3   4   4   2   4   4   7   7  13   6   3  0.26 0.26
  267 Q    -1   0   0   0   2   0  -1  -1   2   0  -1   0   2   0   0  -1   0   4   1  -1    5   5   5   5   5   5   5   5   5   5   5   5   5   5   5   5   5   5   5   5  0.03 0.09
  268 F    -2  -1   1   0   0  -1  -2  -2   0   0   0  -1   1   2  -1  -1  -1   2   4  -1    4   4   6   6   2   3   3   4   3   6   8   4   3   8   3   5   4   3  12   4  0.10 0.13
  269 R    -2   4   0  -1   0   0  -1   0   2  -1  -2   1   0   1  -1  -1  -1   1   0  -2    4  18   4   3   2   4   5   7   4   4   4   7   2   6   4   4   4   2   3   4  0.13 0.16
  270 H     0   1   1   1  -1   0   0  -1   1  -1  -1   0   0   1  -1   0   0   4   0  -1    7   7   5   7   1   3   6   6   3   4   6   7   2   6   4   5   5   5   3   4  0.02 0.06
  271 E    -1   0   1   0  -1   0   1  -2   0   0   0   0   0  -1  -1   0  -1   4   0  -1    4   6   7   6   1   4   8   4   3   5   9   6   2   2   3   8   4   5   4   4  0.03 0.09
  272 N    -1   0   3   0   0   0  -1  -1   2  -1  -2   1   1   0  -2   0  -1   0   2  -1    5   4  15   5   2   4   4   5   5   4   4   7   3   4   2   8   3   1   6   4  0.11 0.15
  273 P    -1   0   0   0   2   0  -1  -1   2   0  -1   0   2   0   0  -1   0   4   1  -1    5   5   5   5   5   5   5   5   5   5   5   5   5   5   5   5   5   5   5   5  0.03 0.09
  274 Q    -1   0   1   0   1   0   0   0   1  -1  -2   1   0   0  -1   0  -1   3   2  -1    4   5   6   6   3   5   5   6   3   4   4   7   3   4   4   7   4   4   8   4  0.04 0.10
  275 T    -1   0   0   0   2   0  -1  -1   2   0  -1   0   2   0   0  -1   0   4   1  -1    5   5   5   5   5   5   5   5   5   5   5   5   5   5   5   5   5   5   5   5  0.03 0.09
  276 R    -1   3   0   0   0  -1  -1  -3   1   0   0   2   0   0  -2   0  -1   1   0  -2    5  16   4   5   2   2   4   2   3   5   8  12   2   4   3   6   4   2   3   3  0.12 0.16
  277 V     0  -1  -1  -1   0  -1  -1  -1  -1   0   1   0  -1   3  -1   0  -1   0   1   0    7   3   3   3   2   3   5   4   2   5  14   5   2  11   3   7   3   1   4   6  0.02 0.07
  278 G     1   1   0  -1  -1  -1  -2   3  -1  -1  -2   0   0  -1  -2   0  -1   0   0  -1   11   6   4   4   1   3   3  21   2   4   5   5   2   2   2   7   3   1   3   4  0.11 0.15
  279 G    -1   1   0  -1   0  -2   0  -1  -2   0   1  -1   2   0  -2   0   0   0   0  -1    4   8   5   4   2   2   7   4   1   6  15   4   4   4   2   8   6   1   4   5  0.02 0.07
  280 P    -1   0   0   0   0  -1   0   0   3  -1  -1   0  -1   2   3  -1  -1   2  -1  -1    5   4   4   5   2   3   5   6   5   3   6   6   2   7  14   5   3   2   2   4  0.10 0.15
  281 P    -1   0   0  -1   1   0   0  -1   1   0  -1   0   1   0   2  -1   0   3   0  -1    6   6   4   4   3   3   6   5   3   6   5   6   4   4  11   4   5   3   3   4  0.04 0.10
  282 P    -1   0   0   0   2   0  -1  -1   2   0  -1   0   2   0   0  -1   0   4   1  -1    5   5   5   5   5   5   5   5   5   5   5   5   5   5   5   5   5   5   5   5  0.03 0.09
  283 E    -1   1   0   1   1   0   0  -2   2  -1  -1   1   0   1  -1  -1  -1   2   3  -1    6   6   4   8   3   3   6   4   5   4   5   7   3   5   4   4   3   2  10   4  0.07 0.12
  284 G    -1   0   1   0   1  -1   0   2   1  -1  -1   1   0  -1   0  -1  -1   1   0  -2    6   5   6   5   3   3   7  16   3   3   5   7   2   2   5   4   4   2   3   3  0.05 0.10
  285 L    -1   0   0   0   2   0  -1  -1   2   0  -1   0   2   0   0  -1   0   4   1  -1    5   5   5   5   5   5   5   5   5   5   5   5   5   5   5   5   5   5   5   5  0.03 0.09
  286 P    -2   0   0  -2   3  -1  -1  -2  -1  -2  -1   0  -1   2   3   0  -1   3   0  -1    3   6   4   2   6   2   3   2   1   2   7   7   1   8  17   6   4   4   3   4  0.17 0.20
  287 G     0   0  -1  -1  -1  -1  -2   3   1  -2  -2  -2  -1  -1  -2   0  -1  -2   4  -2    6   5   3   4   1   2   2  27   4   2   3   2   1   2   2   6   3   0  16   3  0.27 0.27
  288 F     0  -2  -4  -5   0  -4  -3  -3   2   2   0  -3   0   6  -3  -2  -3   3   2   0    7   2   0   0   2   0   1   1   5  11   6   2   2  31   1   3   1   4   6   6  0.51 0.40
  289 N    -1  -4   7  -1   3  -2  -3  -2  -1  -1  -2  -4  -1  -5  -5  -2  -2   2  -2  -3    5   0  53   2   6   2   2   3   1   4   5   0   1   0   0   2   2   3   1   2  1.04 0.70
  290 S     1   0  -1  -2  -1  -2  -2   0  -1  -2  -2  -3   1   0  -2   4   2  -4  -1  -1   13   5   3   1   1   1   2   5   1   2   2   0   3   4   1  29  12   0   2   4  0.25 0.34
  291 G    -1  -3  -1  -2   3  -1  -3   6  -1  -6  -3  -5  -5  -6  -5  -2  -5  -6  -2  -6    6   2   3   3   6   3   2  60   2   0   3   0   0   0   0   3   0   0   2   0  1.14 0.70
  292 V     0  -2   1  -2   2   1  -2   0   2   0   0  -2   1   1  -2   0   0  -2  -1   0    7   0   7   0   7   7   0   7   7   7   7   0   7   7   0   7   7   0   0   7  0.03 0.13
  293 M    -2  -3  -1  -2   0   0  -2  -2  -3   1   2  -2   5   0  -4  -2  -1   1   0   1    2   0   3   3   2   4   2   2   0   8  22   2  21   4   0   2   3   2   2   9  0.26 0.30
  294 L    -1  -3  -1  -3   1  -1  -3  -2   0   1   3  -3   2   1  -1  -3  -2   2   0   2    4   0   3   0   3   3   0   4   3   4  30   0   7   4   3   0   0   3   4  16  0.18 0.24
  295 L     0   0  -2  -3   2   0  -2   0   2   0   0  -2   1   1  -3   0   0   4   1   0    6   6   0   0   6   6   0   6   6   6   6   0   6   6   0   6   6   6   6   6  0.07 0.17
  296 N    -2  -1   5   4  -4   0   0  -2   1  -4  -3  -1  -3  -1  -1  -1  -2   1   1  -4    2   2  30  24   0   3   5   2   4   0   3   3   0   2   2   3   0   2   5   0  0.51 0.42
  297 L    -2  -2  -2  -4   0  -3  -2  -4  -3   0   4  -3   2   1   0  -2  -1   1   0   0    3   2   2   0   2   0   2   0   0   4  47   0   6   4   5   2   3   2   2   6  0.36 0.33
  298 E    -1   0   0   0   2   0  -1  -1   2   0  -1   0   2   0   0  -1   0   4   1  -1    5   5   5   5   5   5   5   5   5   5   5   5   5   5   5   5   5   5   5   5  0.03 0.09
  299 A     0   3  -1  -2   1   1   0  -2   0  -2  -2   3   0   0  -2  -2  -2   2   0  -2    7  13   3   3   2   5   6   3   3   3   5  19   3   4   3   3   3   2   3   3  0.20 0.23
  300 M     0   0   0  -2   2   0   0   0  -2   0  -1   0   1   1  -3   0   0   3   1   0    6   6   5   0   5   5   6   6   0   6   6   6   5   5   0   6   6   5   5   6  0.03 0.12
  301 R    -3   7  -1  -2   0  -1  -2  -4  -1  -3  -3  -1  -1  -7  -3  -3  -2   1  -2  -3    2  54   3   3   2   3   2   2   2   2   3   4   2   0   2   2   3   2   2   2  1.14 0.79
  302 Q     0   1   1   1  -1   3   2  -2   0  -2  -3   2  -1  -2  -1  -1  -1   0  -1  -2    7   6   7   6   2  13  13   2   2   2   3  11   2   2   2   5   4   2   2   3  0.16 0.23
  303 S     0  -1   1   0  -1   1   1   0   1   0  -1   0   0   1  -2   0   0  -1   0  -1    8   4   6   4   1   6   9   7   3   5   5   5   3   5   2   8   5   1   4   4  0.00 0.06
  304 P    -2   0   3   2  -1   0   0   1   2  -3  -4   2  -2  -1  -2  -1  -1  -1  -1  -1    3   5  15   9   1   5   5  11   5   2   2  10   1   3   2   4   3   1   2   5  0.19 0.21
  305 L    -2  -2  -1  -2  -1  -2  -3  -2  -1   2   1  -2   0   2  -2  -1  -1   6   3   1    4   3   3   2   2   2   2   3   1  11  11   3   2   9   3   4   5   9   8   8  0.26 0.21
  306 Y    -1  -1   0  -1   0  -1   0  -1   0   0  -2  -2   2   1  -2   0   2   5   2  -1    5   3   4   4   2   3   7   4   2   5   5   3   4   5   2   8  12   6   7   4  0.12 0.17
  307 S    -1   0   1   2   0   2   1  -1   1  -2  -3   1   0  -1  -1   0  -1   2  -1  -2    6   5   6  10   2   8   9   6   4   3   3   8   3   3   4   6   4   2   3   3  0.08 0.14
  308 R    -2   3  -1  -1   1   1   0  -2   2  -2  -2   3   1  -1  -2  -1  -1   2   0  -2    4  12   3   4   2   6   7   3   4   3   4  17   3   3   3   5   4   2   3   3  0.18 0.22
  309 L     0  -3  -2  -3   1  -2  -2  -3   0   3   1  -2   2   2  -6  -2  -2   5   1   1    7   2   2   2   3   2   3   2   2  14  14   3   4   8   0   4   3   7   4   8  0.30 0.23
  310 L    -3   0  -4  -3  -1  -1   1  -5  -3   3   3  -3   2   1  -4  -4  -3   4  -1   0    3   4   1   2   1   3   8   1   1  12  28   2   5   5   1   2   2   5   2   6  0.42 0.32
  311 E    -1   0   1   2  -2   1   3  -3   1  -2  -2   1  -2  -2  -3   0  -1   2  -1  -3    5   6   5  10   1   7  16   2   3   3   5   8   1   2   2   6   5   3   2   3  0.18 0.22
  312 P     0  -1  -1  -1  -1   0   2  -2   0  -1  -1  -1   0   2   0  -2   0   6   2  -2    8   3   3   3   1   4  11   3   2   4   7   5   2   7   5   3   6  10   6   3  0.21 0.20
  313 A     1  -2  -2   0  -1  -1   0  -2  -1   1   0  -1   4   0  -2  -1   0   0   1   0   12   3   2   6   1   3   7   3   2   8   8   4   9   3   2   4   7   1   4   7  0.09 0.11
  314 Q     2   1  -1  -1  -2   1   2  -2   0  -1  -1   1   0  -1  -2   0   0   2   0  -1   14   7   4   3   1   5  13   3   2   4   6   8   2   3   2   6   5   3   3   4  0.09 0.13
  315 V    -1   0   0   0   2   0  -1  -1   2   0  -1   0   2   0   0  -1   0   4   1  -1    5   5   5   5   5   5   5   5   5   5   5   5   5   5   5   5   5   5   5   5  0.03 0.09
  316 Q    -1   0   0   0   2   0  -1  -1   2   0  -1   0   2   0   0  -1   0   4   1  -1    5   5   5   5   5   5   5   5   5   5   5   5   5   5   5   5   5   5   5   5  0.03 0.09
  317 Q    -1   0   0   0   2   0  -1  -1   2   0  -1   0   2   0   0  -1   0   4   1  -1    5   5   5   5   5   5   5   5   5   5   5   5   5   5   5   5   5   5   5   5  0.03 0.09
  318 L    -2   0  -1   0   1   0  -1  -1   1   1   2  -1   2   1  -1  -2  -1   2   1   0    4   4   3   5   3   4   4   4   3   6  19   5   6   6   3   3   4   3   4   7  0.10 0.08
  319 A     1   0  -1  -1  -1  -1  -1  -2   0   0   1   0   1  -1  -1   0   0   1   2   0   11   5   3   3   1   3   4   3   2   6  11   6   3   3   3   7   7   2   8   6  0.05 0.06
  320 D    -1   3   1   1  -1   0   2  -2   0  -1   0   1  -1  -1  -3   0  -1  -1  -2  -2    5  14   7   7   1   4  12   3   2   4   8   9   2   3   2   6   4   1   2   3  0.17 0.15
  321 K    -3   2   0  -2  -2   1   1  -2   0   2  -2   4   0  -3  -2  -2  -2  -1  -1  -2    3   9   4   2   1   6   9   4   2  11   4  25   2   2   2   3   3   1   2   4  0.39 0.27
  322 Y    -4  -1   1  -2  -1  -2  -3  -3   2  -1  -3  -2  -2   2   0  -3  -3   0   8  -3    2   4   6   2   1   2   2   3   4   4   3   3   1   7   5   2   2   1  42   2  1.19 0.65
  323 H    -1   1   1  -1   1   0   0   0   4  -1  -2   1   1   0   0   0  -1   2   2  -2    5   7   5   4   3   4   6   7   8   4   5   9   4   3   4   7   3   3   6   3  0.12 0.11
  324 F    -1   0   0   0   2   0   0  -1   2   0  -1   0   2   1   0  -1   0   4   1  -1    5   5   5   5   5   5   5   5   5   5   5   5   5   5   5   5   5   5   5   5  0.09 0.08
  325 R    -1   1   0   0   1   0   0  -1   1  -1  -1   1   1   1   0  -1   0   3   1  -1    5   8   4   6   3   5   6   5   4   4   7   8   3   5   4   5   5   4   5   4  0.05 0.05
  326 G    -1   0   0   0   2   0   0  -1   2   0  -1   0   2   1   0  -1   0   4   1  -1    5   5   5   5   5   5   5   5   5   5   5   5   5   5   5   5   5   5   5   5  0.09 0.08
  327 H    -1   1   0  -1   1   0   0  -1   2   1   0   0   1   0   1  -1   0   2   0   1    4   8   5   3   3   4   6   4   5   7   7   5   3   4   7   5   5   3   4   9  0.05 0.05
  328 L    -1   0   0   0   2   0   0  -1   2   0  -1   0   2   1   0  -1   0   4   1  -1    5   5   5   5   5   5   5   5   5   5   5   5   5   5   5   5   5   5   5   5  0.09 0.08
  329 G     0  -1   2  -2   3   1  -2   1   3  -2  -2  -2   0  -1   3  -1  -2   2   0  -2    8   3   8   3   6   5   3  12   6   3   4   3   3   3  14   4   3   3   3   4  0.26 0.22
  330 D    -4  -8  -2   7   0  -2   0  -4   0  -3  -4  -3  -1  -2   0  -3  -3   1  -2  -4    2   0   2  56   2   2   6   2   2   2   2   2   2   2   5   3   2   2   2   2  1.43 0.81
  331 Q     0   0   0   0  -3   1   0   0  -1   0   0   0   1   1   1   0  -1  -2   1   0    6   6   6   6   0   6   6   6   0   6   6   6   6   6   6   6   0   0   6   6  0.04 0.08
  332 D    -1   1   1   3   0   1   0   0   0  -1   0  -1  -2  -1   0  -1   1  -3   0  -1    3   8   6  19   3   5   3   7   3   3   9   3   0   3   4   4  10   0   4   4  0.11 0.15
  333 F     1  -1  -2  -1   1  -1  -2  -1   0   1   0  -2   1   1   0  -1  -1   2   2   1   13   3   0   3   3   3   1   5   3  11  11   1   3   8   5   5   4   3   7   9  0.06 0.09
  334 F    -3  -4  -4  -5  -4  -1  -4  -2   1   1   4  -4   2   2   0  -1  -1   3   2   0    0   0   0   0   0   4   0   4   4   8  38   0   6  10   4   4   4   4   6   4  0.43 0.31
  335 T    -2  -1   7  -3   0  -3  -2  -2   0  -1  -1  -2   1  -1  -5  -1   0   4  -1  -2    3   2  47   0   2   0   3   3   2   3   7   2   4   2   0   3   6   5   2   2  0.77 0.50
  336 M     2  -1  -2  -2   0  -1  -1  -2  -1   1   1  -1   1   0  -2  -1  -1   0   0   1   18   4   2   2   2   2   4   3   2  10  18   4   3   4   2   3   3   2   3  10  0.08 0.11
  337 I    -1  -3  -3  -3   0  -3  -3  -4  -1   3   2  -2   2   1  -5  -3  -2   0   2   3    5   1   1   2   2   1   2   1   1  16  22   2   4   4   0   2   2   1   7  22  0.39 0.29
  338 G     0  -3  -2  -3   2  -2  -3   1  -1   1   2  -5   0   5  -3  -2  -2   2   1  -1    8   2   2   2   5   2   2  11   2   7  17   0   2  23   1   3   2   3   3   5  0.39 0.28
  339 M     0   0   0  -1  -1   0  -1   0   3  -1  -1   1   0   1  -2  -1  -1   2   2   0    8   6   4   3   2   4   2   7   7   3   4  11   3   7   1   5   3   3   8   7  0.10 0.12
  340 E    -2   0   0   4  -2   0   2   1   2  -2  -2   0  -1  -1  -3  -1  -2  -1   1  -3    4   4   3  19   1   4  14  12   5   3   4   5   2   3   1   4   3   1   4   2  0.27 0.22
  341 H    -2   1   2   0  -1   0  -1  -2   6  -1  -3   2  -2   1  -2  -1  -2  -4   3  -2    4   8  11   6   2   3   3   4  16   4   2  11   1   5   2   5   2   0   8   3  0.37 0.26
  342 P    -1   0  -1   0  -1  -1   0  -2  -2  -1  -3   1  -1  -2   5  -1   0   2  -2  -1    5   5   3   5   1   3   6   4   1   4   3   8   1   2  30   4   6   3   2   4  0.46 0.26
  343 K    -1  -1   1   2  -3   0   3   1   0  -2  -1   1  -1  -2  -2  -1   0   3   0  -2    6   4   5  11   0   4  16  11   3   2   6   8   1   2   2   4   5   4   4   3  0.18 0.15
  344 L    -2   2  -3  -2  -1  -1  -1  -3  -2   2   3   0   1   0  -1  -2  -2   3  -1  -1    4  13   1   2   2   3   5   2   1  11  24   6   3   3   3   3   3   4   2   5  0.25 0.17
  345 F    -3  -4  -4  -2  -2  -4  -3  -4  -2   4   2  -4  -1   4  -4  -4  -3   5   1   3    2   1   1   3   1   1   3   2   1  19  16   2   2  13   1   2   2   7   4  19  0.63 0.34
  346 H    -1  -2  -2  -4  -2  -1  -1  -1   7  -2   0   1  -1   1  -4  -3  -2  -1   6  -3    5   3   2   2   1   3   5   5  19   3   8   8   1   5   1   2   3   1  21   2  0.75 0.37
  347 V    -2   3   0  -3  -3  -1   1  -4   2  -1  -1   0  -1   0   2  -1   0  -1   1   1    4  14   5   2   1   3   9   2   4   3   6   6   2   3  11   5   5   1   5   8  0.22 0.17
  348 L    -4  -5  -4  -4  -5  -5  -4  -5  -3   2   6  -4   1   0  -4  -4  -4  -2   1  -1    2   1   1   1   0   1   1   2   1   8  59   1   3   4   1   2   1   1   4   4  1.22 0.54
  349 D    -2  -4   0   5  -5  -5  -2  -3  -1  -5  -5  -4  -3  -3   6   1  -2  -5  -5  -5    3   1   5  25   0   1   3   3   2   1   2   1   1   1  37   9   2   0   1   1  1.15 0.62
  350 C    -2  -2  -2  -2   8  -1  -2  -3   2  -1   0  -2  -1   1   3  -2  -2   0  -1  -2    4   3   2   2  26   3   3   2   5   4   9   3   2   5  13   3   3   1   2   3  0.73 0.38
  351 T    -1   4  -1  -1  -1   1   2  -1  -2  -2  -4   3  -2  -2  -4   0  -1  -3  -2  -1    5  23   3   3   1   5  14   5   1   2   2  14   1   2   1   7   5   0   2   5  0.42 0.31
  352 W    -8  -6  -7  -7  -2  -9  -7 -10  -5 -10  -7  -6  -5   1  -6 -10  -7  12   6 -10    1   1   0   0   1   0   1   0   0   0   1   1   0   5   1   0   1  68  19   0  3.95 1.70
  353 N    -8  -8   9  -1  -9  -5  -4  -6  -1  -5  -9  -7  -9  -6  -9  -7  -7  -9  -4  -6    0   0  87   3   0   1   2   1   1   1   0   0   0   1   0   0   0   0   1   1  3.16 1.42
  354 R    -1   2  -3  -4  -3  -2  -3  -4  -2   1   0  -3   1   3  -4  -3  -1  -2   5   3    5  12   1   1   1   2   2   1   1   6   8   2   3  12   1   2   3   1  15  21  0.54 0.30
  355 Q    -3   2  -2  -2  -3   7  -2  -4  -1  -3  -3  -2   3  -3  -3   0  -1  -4  -3  -3    3  11   2   3   1  45   3   2   1   2   3   2   6   2   2   6   4   0   1   2  1.07 0.55
  356 L    -1  -2  -1  -1  -2  -1  -2  -2   1   1   3  -2   2   0  -1   0   0  -1   0   0    5   2   3   3   1   2   3   4   4   8  28   2   5   4   3   6   7   1   3   7  0.17 0.12
  357 C     0  -1   0   1   6  -2  -2   0   1  -2  -1  -1   0  -1  -2   2  -1   0   1  -2    6   4   4   8  15   2   3   7   4   2   5   4   2   3   2  16   3   1   5   3  0.29 0.18
  358 T     0   0   0   0   1   0   0   0   0   0  -1   0   0  -1   1   0   1  -1  -1   0    6   5   3   7   4   4   4   7   3   5   7   5   2   3   5   8  12   1   3   6  0.04 0.04
  359 W    -2   0   1  -1  -1  -1  -2  -1   0   0  -1   0   0   1  -2  -1  -1   7   3  -1    4   6   7   4   2   3   3   5   2   6   7   5   2   5   3   5   4  13  10   4  0.32 0.18
  360 W    -1  -1   0  -1  -2   0  -1  -1  -1  -1  -1   0   0   2  -1  -1   0   7   3  -2    6   4   4   3   1   4   5   6   2   3   6   5   2   8   3   5   7  15   8   3  0.35 0.19
  361 R    -1   4   0  -1   0   0   0   0   1  -2  -2   2  -2  -1   1  -1  -1  -2   0  -2    6  20   5   4   2   3   5   6   3   2   5  11   1   2   8   4   4   1   4   3  0.22 0.16
  362 D    -3  -1   1   4  -5   3   1  -2  -1  -2  -1  -1  -2   0  -2  -1  -2  -2   1  -2    3   3   6  24   0  13  10   3   2   3   5   4   1   3   2   5   3   1   5   4  0.41 0.30
  363 H    -2  -2   1  -1  -3  -1  -1  -4   9  -4  -2   0  -2  -2   0  -2  -3  -3   2  -4    4   3   6   4   1   3   4   2  41   1   5   6   1   2   5   3   2   0   5   2  1.22 0.61
  364 G     0  -1  -2  -1   5  -1  -1   4  -2  -1  -3  -2  -1  -1   0   0   0  -2  -1  -2    6   3   2   4  11   2   5  27   1   3   3   2   2   2   5   8   6   1   2   4  0.38 0.26
  365 Y    -3   1  -2  -2   1  -2  -4  -3   2  -1   2  -1  -2   0  -1  -3  -2   1   6  -2    2   8   2   3   3   2   1   3   4   4  19   4   1   4   3   2   3   2  27   3  0.65 0.38
  366 S     1  -1   0  -1  -3   0   0   3   0  -3  -3   1   1  -3   0   3   0  -6  -3  -4   11   3   5   3   1   4   6  19   2   2   3   7   3   1   5  18   6   0   1   1  0.29 0.25
  367 D    -1  -1   2   5  -3   1   2  -3   0  -3  -2   0  -4  -3  -2   1  -1  -4   1  -5    5   3   7  26   1   5  11   3   2   2   4   6   0   1   2  10   4   0   4   1  0.46 0.32
  368 V    -1  -1   2  -3   1  -1  -2  -1  -1   2   0  -1   0  -1  -2  -2   1  -2   0   3    6   4  10   2   3   3   3   5   2  11   8   4   2   2   2   4   7   1   3  18  0.19 0.12
  369 F    -2   0  -1  -1   4  -1  -1  -3  -1  -1   0   1  -1   5  -1  -1  -3   0   2  -2    4   6   3   3   8   3   4   2   2   4   8   8   1  22   4   5   2   1   6   3  0.44 0.24
  370 E    -2   0   1   4  -4   1   3  -1   0  -3  -2   1  -2  -5  -1  -2  -3   3  -2  -4    4   5   7  19   0   5  18   5   2   2   4   9   1   1   4   4   2   4   2   2  0.45 0.31
  371 A     1  -1   0   0   2   0   2   0  -1  -3   0   1   0  -2  -2   1   0  -3  -2  -1   11   3   5   4   4   5  14   9   2   2   8   7   3   2   2   8   5   0   2   4  0.12 0.12
  372 Y    -1  -1  -4  -4   4  -3  -2  -5   2   0  -1   0  -2   2   0  -1  -2   0   7  -2    6   4   1   1   8   1   3   1   4   5   7   5   1   8   5   4   3   1  28   3  0.73 0.40
  373 F     0   1   1  -1   4  -1   1  -2   3   0  -1  -1   0   2  -3  -1  -1  -1   2  -3    8   7   6   3   7   3   8   3   7   5   7   4   2   8   2   6   4   1   8   2  0.19 0.13
  374 R     0   4   1  -1  -3   0   2  -4   3  -3  -2   1  -3  -3  -2   0   0   1  -1  -3    7  20   6   4   1   4  14   2   6   2   5   8   1   2   3   7   6   2   2   3  0.35 0.24
  375 C     2  -3  -1   2   6  -2   1  -3   3  -2  -2  -2  -4  -2  -3   1  -1  -3   0  -1   14   2   3  11  14   2   9   2   6   2   4   3   1   2   2  10   4   1   3   5  0.45 0.27
  376 E     0   1  -2  -1  -3  -1   1  -4  -1   0  -2   1   1  -2   4  -1  -1  -3  -1   0    7   8   2   4   1   3  10   2   2   5   5   7   3   2  20   6   5   0   2   6  0.27 0.22
  377 G     0   0   1   0  -7   0   2   4   1  -4  -5   2  -2  -5  -4   1  -3  -4  -4  -5    8   5   7   5   0   4  11  29   3   1   1  10   1   1   1   8   2   0   1   1  0.53 0.35
  378 H    -2   1   3   3  -3   0   0   0   2  -4  -6   0  -4  -2   4  -2  -2  -4  -1  -5    3   6  12  13   1   5   7   8   5   1   1   5   0   2  19   4   2   0   2   1  0.52 0.37
  379 V     0  -5  -5  -5   0  -6  -3  -6  -8   4   0  -4  -1  -4   5  -4  -1  -8  -5   4    9   1   1   1   2   0   3   1   0  19   9   1   1   1  22   1   5   0   1  21  0.86 0.49
  380 K     0   0  -2  -6  -3  -3  -5  -3   1  -5  -4   6  -4  -2  -6   3  -5  -4   1  -2    8   5   2   0   1   2   1   3   3   1   2  38   1   2   1  20   1   0   5   3  0.98 0.59
  381 I    -3 -11 -11  -9 -10  -7  -8 -12  -7   7   3 -11   0  -6   1  -8  -6 -11 -10   3    3   0   0   0   0   0   0   0   0  45  26   0   2   0   6   0   1   0   0  15  1.73 0.82
  382 Y    -4  -7  -7 -11 -10  -8  -7 -11 -10   6   4  -6  -1  -4  -6  -8  -9   5   2   2    2   0   0   0   0   0   1   0   0  32  33   1   2   1   1   0   0   7   6  13  1.52 0.74
  383 H   -12 -11 -10 -11 -12 -10  -8 -12  12 -12 -12  -8 -12  -6  -6  -8 -12 -12  -9 -12    0   0   0   0   0   0   0   0  96   0   0   0   0   0   1   0   0   0   0   0  4.96 1.98
  384 G    -1  -6  -5  -5  -1  -8  -7   3  -5  -6  -7  -5  -3   4 -10  -6  -7  10   5  -8    5   1   1   1   2   0   1  22   0   1   1   1   1  12   0   1   0  35  16   0  2.10 1.01
  385 N    -3  -7   8  -1  -4  -6  -4  -5  -3  -7  -5  -5  -5  -8  -4   3  -2  -8  -3  -6    2   0  61   3   0   0   1   1   1   0   1   1   0   0   1  20   3   0   1   1  1.96 0.98
  386 C    -2   1  -4  -4   8  -4  -4   4  -4  -3  -4  -5  -6  -7  -5   3   0  -1  -2  -5    3   6   1   1  28   1   1  28   0   2   2   1   0   0   1  17   5   1   1   1  1.24 0.65
  387 N    -4   0   5   1  -7  -1  -1   0   1  -4  -6   4  -6  -5   1  -1  -3  -3  -5  -4    1   4  29   8   0   3   4   7   3   1   1  22   0   1   8   4   2   1   0   1  0.79 0.50
  388 T     1  -3  -1  -3  -4   0  -3  -4   6  -5  -2   1  -4  -5  -2   2   4  -7  -4  -3   13   1   2   1   0   4   1   1  19   0   4   9   0   0   2  16  22   0   0   2  0.74 0.51
  389 P    -3   0  -4  -4  -8  -4  -4  -6   0  -4  -5   5  -3   4   6  -5  -4  -8  -2  -6    3   5   1   1   0   1   1   1   2   1   1  27   1  13  39   1   1   0   1   0  1.39 0.77
  390 I    -4  -1  -5  -4  -2  -2  -3  -6   2   4   3   3   2   1  -5  -5  -3  -3   0   1    1   2   0   1   1   2   1   0   5  20  24  18   5   6   0   0   1   0   3   8  0.58 0.37
  391 P    -4  -2  -7  -7  -8  -1  -6  -7  -7  -8  -8   5  -8  -9   8  -4  -4  -9  -8  -5    1   2   0   0   0   2   0   0   0   0   0  29   0   0  62   1   1   0   0   1  2.25 1.02
  392 E    -3  -1   2   4  -6   1   4  -3   0  -6  -4   2  -5  -3   1  -3  -3   4  -1  -6    1   3   8  24   0   4  27   1   2   0   2  11   0   1   6   1   1   6   2   0  0.73 0.43
  393 D    -5  -5   1   7  -7  -3   5  -5  -4  -7  -7  -4  -6  -7  -5  -4  -5  -8  -6  -7    0   0   5  65   0   0  30   0   0   0   0   0   0   0   0   0   0   0   0   0  1.92 0.71

                      K         Lambda
Standard Ungapped    0.1388     0.3242
Standard Gapped      0.0395     0.2670
PSI Ungapped         0.1292     0.3172
PSI Gapped           0.0395     0.2670
