
Last position-specific scoring matrix computed, weighted observed percentages rounded down, information per position, and relative weight of gapless real matches to pseudocounts
            A   R   N   D   C   Q   E   G   H   I   L   K   M   F   P   S   T   W   Y   V   A   R   N   D   C   Q   E   G   H   I   L   K   M   F   P   S   T   W   Y   V
    1 M    -3  -4  -5  -5  -4  -3  -4  -5  -4   1   3  -4   8   2  -5  -4  -3  -3  -2  -1    0   0   0   0   0   0   0   0   0   6  23   0  62   8   0   0   0   0   0   0  1.39 0.42
    2 N     0   0   6   0  -4  -1  -1  -1   0  -3  -2   0   0  -4  -2   1   0  -5  -3  -2    7   5  45   4   0   1   2   2   2   0   4   4   3   0   1  12   5   0   0   2  0.55 0.25
    3 P    -1   0  -3  -3  -1  -2  -3  -1  -4  -4  -2   1  -4  -3   7  -1  -1  -5  -4  -3    4   6   0   0   1   1   0   4   0   0   5  11   0   1  58   4   3   0   0   1  1.25 0.38
    4 A     3   1  -2  -2  -1  -1   0  -1   0  -1   0   2  -1  -3  -1   1   1  -1  -3   0   29   7   0   0   1   0   5   3   2   4   8  14   1   0   1  11  10   1   0   4  0.20 0.16
    5 V     0  -4  -4  -4  -1  -3  -2  -3  -4   3   1  -3   0  -2  -2   0   2  -2  -1   4    6   0   0   0   1   0   2   2   0  14  13   1   2   0   2   6  12   1   2  36  0.41 0.25
    6 F    -2  -2  -5  -5  -2  -4  -4  -3  -4   0   2  -5   0   6  -3  -2  -2   4   3   0    3   2   0   0   1   0   1   2   0   4  19   0   2  41   1   3   2   6   7   5  0.84 0.37
    7 L    -1  -2  -4  -5  -1  -4  -3  -4  -4   1   4  -2   3   3  -5  -2  -1   0  -1   1    3   1   0   0   1   0   2   1   0   8  39   3   9  13   0   3   3   1   1  11  0.50 0.27
    8 S     2  -1  -1  -2  -1  -1  -2   0  -2  -2  -1  -1   0  -1  -1   4   1  -4  -2  -1   16   3   2   1   1   3   1   6   1   2   4   2   3   2   2  36  10   0   1   4  0.35 0.28
    9 L    -1  -3  -3  -5  -3  -4  -5  -3  -5   2   5  -5   3   1  -4  -3  -2  -4  -2   1    4   1   2   0   0   0   0   2   0   9  52   0   7   7   0   1   2   0   1  10  0.75 0.37
   10 A     4   0  -2  -3   0  -1  -3   0  -3  -1  -1  -2  -1   1  -1   1  -1   1  -2   1   38   5   1   1   2   2   0   6   0   2   6   2   1   6   3  10   2   2   0   9  0.31 0.25
   11 D     1  -1   1   1  -1  -1  -1   0  -1   0   0   0  -1   0   0   1   1  -2  -1   0   13   1   6  10   1   2   2   6   2   5   9   5   1   4   4  13   8   0   1   8  0.05 0.07
   12 L    -3  -3  -4  -4  -1  -4  -5  -5  -4   2   4  -4   5   2  -5  -3  -3  -1  -2   1    2   1   1   1   1   0   0   1   0  11  48   1  14   7   0   1   1   1   1   8  0.87 0.42
   13 R     0   4  -2  -3  -3  -1  -2  -2   0  -1   1   1   0   0  -3   1   0   1  -1   0    9  23   1   0   0   1   1   3   2   4  13  11   2   5   1   9   6   2   2   6  0.22 0.20
   14 C     1  -3  -3  -4   8  -4  -4  -3  -5   1   1  -4  -1   0  -4   1   0   0  -3   1   11   1   1   0  29   1   1   1   0   7  13   1   1   5   0  10   6   1   1   9  0.73 0.38
   15 S     2  -3  -1  -3   0  -1  -3   0  -1  -2  -1  -2  -2  -1  -2   4   1  -1  -3  -1   19   0   2   0   2   2   1   7   1   3   7   1   0   3   1  34   9   1   1   4  0.43 0.35
   16 L    -1  -4  -4  -5  -1  -4  -5  -4  -4   2   4  -3   1   2  -5  -2  -2  -1  -2   1    5   0   1   0   1   1   0   1   0  11  48   1   3  10   0   3   2   1   1  10  0.75 0.41
   17 L     0  -4  -5  -6  -1  -4  -5  -4  -3   1   4  -4   0   2  -3  -2  -2  -1  -2   1    9   1   0   0   1   1   0   1   1   8  46   1   1  10   1   4   2   1   1  10  0.68 0.40
   18 L     1  -5  -4  -5   1  -2  -5  -2  -3   2   4  -4   0   2  -3  -2  -1   0  -2   2   11   0   0   0   3   2   0   3   0   9  39   1   2   8   1   3   3   1   1  12  0.51 0.33
   19 L     1  -4  -4  -5   1  -4  -5  -3  -2   1   4  -3   0   2  -4  -1  -2  -2  -2   1   11   1   0   0   2   0   0   2   1   7  43   1   2  10   1   4   2   1   1  11  0.58 0.37
   20 V     1  -3  -4  -4   0  -2  -3  -2  -4   2   2  -3  -1   2  -3  -1  -1  -3  -1   4   15   1   0   0   2   1   1   3   0  10  18   2   1   7   1   4   4   0   1  27  0.38 0.28
   21 T     2  -2  -1  -2   1  -2  -2  -1  -1   0   1  -2  -2   0  -1   2   2  -2  -1   1   16   2   2   1   4   2   1   3   1   5  12   1   1   4   2  16  16   1   2   9  0.18 0.20
   22 S     2  -3  -1  -2   1  -1  -1   0  -2  -2   0  -2  -2   0  -3   4   1  -1  -2  -1   18   1   2   2   3   2   3   8   1   2   8   2   0   4   1  30   7   1   1   4  0.30 0.29
   23 I     1  -3  -3  -3   0  -2  -3  -3  -3   3   2  -3   0   2  -3  -1   0  -1  -2   3   10   1   1   2   2   1   2   2   0  16  20   1   1   9   1   4   6   1   1  21  0.35 0.25
   24 F     0  -3  -3  -3   0  -2  -2  -2  -1   1   1  -2  -1   4  -2  -1  -1   3   3   1   10   1   1   1   2   2   2   3   2   8  12   2   1  21   2   5   3   5   9   9  0.31 0.23
   25 T     2  -2   0  -3   1  -1  -2   0  -2  -2  -1  -1  -2  -2  -2   2   3  -2  -1   0   19   1   3   1   3   2   2   6   1   2   5   4   1   1   2  18  19   0   3   6  0.27 0.26
   26 P     2  -3  -2   0  -1  -1   0  -1  -2  -2  -1  -2  -2  -3   5   0  -1  -3  -2  -1   15   1   2   4   1   2   5   4   1   2   6   3   1   1  33   8   4   0   1   5  0.55 0.36
   27 I     0  -2  -2  -1  -1  -2  -1  -2  -2   2   1  -2   2  -1   0   0   1  -2  -1   2    8   2   2   3   1   1   4   3   1  13  10   2   7   2   5   8   8   1   2  17  0.13 0.15
   28 T     1  -2   1   1  -1  -1   1  -1  -2  -3  -2  -1  -2  -3   0   3   2  -5  -3  -1   14   2   5   7   1   2   8   4   1   1   4   3   1   1   5  22  16   0   1   4  0.28 0.28
   29 A     3  -3  -1  -1  -1  -2   0   1  -3  -3  -3  -2  -3  -5  -1   4   0  -6  -5  -1   26   1   2   4   1   1   7  11   0   1   2   2   0   0   3  31   4   0   0   3  0.55 0.44
   30 E     0  -2   2   4  -5   0   3  -1   1  -4  -4   1  -4  -3  -1   0  -1  -6  -3  -2    8   1   8  23   0   4  21   4   4   0   1  10   0   1   2   5   4   0   1   3  0.50 0.37
   31 I    -2  -6  -5  -5  -4  -6  -6  -6  -6   4  -1  -6  -1  -4  -4  -4  -3  -3  -5   7    4   0   1   1   0   0   0   1   0  18   5   0   1   1   1   2   2   1   0  64  1.59 0.80
   32 A     0  -3  -3  -3  -3  -1  -1  -4   0   3   2  -1  -1  -2  -2  -2   0  -2  -2   3    9   1   1   1   0   3   3   1   3  14  21   5   1   1   2   3   7   0   1  25  0.37 0.29
   33 S     0  -3   0   1  -4   1   3  -4   2  -1  -3   0  -3  -3  -2   1   2  -4  -2   2    6   1   4   8   0   7  18   1   4   3   2   5   0   1   2  12  12   0   1  13  0.29 0.29
   34 L    -4  -6  -5  -6  -4  -4  -5  -6  -7   1   6  -6   0  -1  -6  -5  -2  -5  -2   0    2   0   1   0   0   1   1   1   0   8  73   0   1   2   0   1   2   0   1   6  1.47 0.76
   35 D    -4  -3   4   4  -5  -3  -3  -2  -3  -5  -5  -1  -6  -6  -4   0   5  -7  -5  -4    1   1  17  21   0   1   2   3   1   1   1   4   0   0   1   8  39   0   0   1  1.11 0.70
   36 S     1  -2   0   2  -5   0   2  -2   0  -4  -4   2  -3  -3   1   2   1  -4  -4  -3   12   1   4  13   0   4  11   3   3   1   1  12   1   1   6  18   8   0   0   1  0.35 0.32
   37 E     0  -1   0   4  -6   1   4  -2   0  -5  -5   1  -4  -4  -4   2   0  -5  -5  -4    7   3   5  22   0   5  23   2   2   0   1   9   0   1   0  16   4   0   0   1  0.63 0.46
   38 N    -5  -4   7   1  -7  -2  -2  -5  -2  -5  -6  -3  -2   0  -6   0   2  -5  -5  -5    1   1  58   6   0   1   3   1   1   0   0   2   1   5   0   7  13   0   0   1  1.59 0.87
   39 I    -4  -5  -6  -5  -7  -5  -5  -7  -2   0   0  -6  -3   8  -6  -5  -4  -1   1  -2    2   1   0   1   0   1   1   0   1   6   8   1   0  69   0   1   1   1   3   3  2.12 0.96
   40 D    -2  -2   1   6  -7   1   3  -4  -1  -6  -5   1  -4  -3  -3   0  -1  -4  -3  -5    3   2   6  41   0   5  15   1   1   0   1   8   0   1   2   7   4   0   1   1  0.90 0.57
   41 E    -1   0  -1   3  -6   2   4  -3  -2  -5  -4   2  -2  -5  -3   2  -1  -5  -4  -4    5   5   3  13   0   8  29   2   1   1   1  10   1   0   1  13   4   0   0   1  0.59 0.45
   42 I     0  -2  -4  -4  -3  -2  -2  -4  -1   3   0  -2  -1   3  -5  -3   2  -2   0   3    8   2   0   0   0   1   3   1   2  15  10   2   1  14   0   1  11   0   3  24  0.46 0.34
   43 L    -2  -5  -6  -6  -4  -5  -4  -6  -5   5   3  -3   0  -2  -6  -4  -1  -5  -4   4    2   1   0   0   0   0   1   0   0  31  28   1   2   1   0   1   4   0   0  25  1.03 0.56
   44 N     1  -1   3   1  -4   1   1   0   0  -5  -4   3  -3  -5  -3   1   0  -3  -4  -4   10   2  15   8   0   6  10   6   2   0   1  21   1   0   1  12   5   0   0   1  0.44 0.36
   45 N    -1  -1   2   2  -3   1   2   1  -1  -5  -5   2  -4  -4  -3   3  -1  -4  -4  -4    5   3  10  11   1   7  12   9   1   0   1  12   0   1   1  23   3   0   0   1  0.43 0.36
   46 A     0  -2   4   1  -4  -1   1   1   4  -5  -4   0  -4  -2  -2   1  -1  -4   1  -4    7   1  22   6   0   1   7  10  12   0   2   7   0   2   2  10   4   0   5   0  0.46 0.36
   47 D    -2   0   1   4  -4   0   3   0  -2  -4  -4   3  -4  -5   1  -1  -1  -6  -4  -4    2   4   5  24   0   4  16   7   1   1   1  17   0   0   8   4   3   0   0   1  0.55 0.39
   48 V    -2  -3  -1  -3  -3  -3  -4  -3   1   2   2  -2   0   2   2  -2   0  -2   2   2    2   1   3   1   0   1   1   2   3  12  22   2   2  10  11   2   6   0   6  14  0.33 0.26
   49 A     1  -6  -5  -6  -3  -5  -5  -4  -3   1   0  -4   0  -3  -4  -2   1   4  -3   6   13   0   1   0   0   0   0   1   1   7   8   1   2   1   1   2   7   5   0  50  0.95 0.56
   50 L    -3  -6  -7  -7  -4  -6  -7  -6  -6   1   5  -6   3   4  -7  -5  -5  -3  -3   2    2   0   0   0   0   0   0   1   0   7  53   0   7  14   0   1   0   0   1  14  1.24 0.64
   51 V    -1  -7  -6  -6  -4  -6  -7  -6  -8   3  -1  -6  -1  -4  -7  -6  -2  -7  -5   7    6   0   0   0   0   0   0   0   0  12   6   0   1   0   0   0   2   0   0  71  1.76 0.87
   52 N    -1  -3   1   5  -5  -1   3  -3  -3  -4  -1   1   2  -5  -5  -2  -3  -7  -4  -4    5   1   7  34   0   2  22   1   0   1   7  10   5   0   0   2   1   0   0   1  0.81 0.53
   53 F    -6  -8  -8  -8  -1  -8  -8  -3  -4  -4  -4  -8  -4   9  -8  -7  -6  -1   0  -5    1   0   0   0   1   0   0   3   0   1   1   0   0  88   0   0   0   1   2   1  3.09 1.25
   54 Y    -6  -6  -3  -6   0  -6  -7  -5   0  -4  -4  -6  -3   4  -8  -4  -2   7   8  -2    0   0   1   0   2   0   0   1   2   1   1   0   1  14   0   1   2  15  53   3  2.16 1.01
   55 A     7  -4  -6  -3  -5  -3  -6  -3  -6  -4  -3  -4  -3  -7  -3  -1  -2  -7  -6  -2   80   1   0   2   0   1   0   2   0   1   3   1   1   0   1   3   3   0   0   3  1.74 0.93
   56 D    -4  -5  -2   3  -3  -3   1  -5  -1  -6  -5  -4  -6  -4   7  -2   1  -4  -7  -5    1   0   2  15   1   1  10   1   1   0   1   1   0   1  51   4   7   0   0   1  1.45 0.80
   57 W    -7  -6  -3  -7  -2  -5  -7  -7  -3  -6  -6  -6  -8  -1  -9  -6  -5  13  -1  -6    0   1   2   0   1   1   0   0   1   1   1   1   0   3   0   1   1  85   2   1  4.37 1.71
   58 C    -4  -9  -4  -2  12  -9  -7  -6  -9  -5  -5  -9  -8  -6  -9  -4  -5  -9  -4  -7    1   0   1   2  89   0   0   1   0   1   1   0   0   0   0   2   1   0   1   0  4.06 1.56
   59 R    -1   1  -2  -4  -4  -3  -3   6   0  -4  -6  -1  -2  -5   1  -1  -4  -6  -1  -4    5   7   2   1   0   1   1  58   2   1   1   4   1   0   7   4   1   0   2   1  1.14 0.65
   60 F    -3  -2  -4  -5  -1  -3  -4  -5   8  -4  -3  -3  -4   1   5  -4  -5   3   2  -5    2   2   0   0   1   1   1   1  36   1   3   2   0   7  31   1   0   4   6   1  1.62 0.84
   61 S    -4  -8  -7  -8  11  -7  -8  -6  -8  -7  -5  -4  -7  -3  -7   2  -4  -7  -4  -5    1   0   0   0  75   0   0   1   0   0   1   1   0   1   0  16   1   0   1   1  3.30 1.35
   62 Q    -2   3  -1  -5  -7   4  -2  -5  -2  -4  -4   6  -2  -4  -4  -3  -3  -3  -6  -4    3  13   3   0   0  18   1   1   1   1   2  51   1   1   1   1   1   0   0   2  1.31 0.77
   63 M     2   3   1  -2  -5   1  -1  -4  -1  -2  -2   1   6  -3  -5   0  -1  -2  -3  -2   17  15   6   2   0   7   3   1   1   3   3   9  20   1   0   5   4   1   1   2  0.50 0.42
   64 L    -3  -6  -5  -7  -3  -3  -5  -7  -6   1   5  -6   5   2  -5  -5  -3  -2  -3  -1    2   0   1   0   1   1   1   0   0   7  57   0  14   9   1   1   1   1   1   4  1.24 0.67
   65 H     4  -2  -2  -2  -4  -1   1   0   1  -3  -2   1   1  -2  -3   0  -1  -5  -3  -2   42   1   2   2   0   2   9   7   3   1   4   8   4   2   1   6   4   0   1   2  0.48 0.40
   66 P    -4  -4  -3  -4  -2  -4  -3  -5  -3  -5  -5  -4  -7  -5   8  -4  -4  -8  -7  -5    1   1   1   1   1   1   2   1   1   1   1   1   0   1  82   2   1   0   0   1  2.61 1.25
   67 I    -2  -3  -2  -2  -4  -1   3  -4   0   4  -2  -2  -1  -2  -3  -2   1  -5  -2   3    3   1   2   2   0   2  21   1   2  22   3   2   1   2   1   2  10   0   1  20  0.48 0.37
   68 F    -3  -6  -6  -6  -1  -6  -6  -6  -2   0   1  -6  -1   5  -6  -6  -5   7   6  -1    2   0   0   0   1   0   0   0   1   5  15   0   1  22   0   0   0  15  29   4  1.46 0.73
   69 E     0  -2  -1   1  -6  -1   6  -3   0  -3  -3   1  -3  -4  -3  -2  -1  -6  -3  -3    8   2   3   8   0   2  50   2   2   2   3   7   1   1   1   3   3   0   1   2  0.91 0.58
   70 E     0   0  -1   0  -6   3   5  -3   0  -4  -4   4  -2  -4  -5  -2  -2  -6  -3  -4    9   4   3   5   0  10  32   2   2   1   2  21   1   1   0   3   2   0   1   1  0.72 0.52
   71 A     5  -5  -3  -3  -1  -4  -3  -3  -2   0   2  -5  -1  -1  -2  -1  -1  -5  -2   2   42   0   1   2   1   0   2   1   1   5  19   0   1   2   2   3   3   0   2  12  0.67 0.46
   72 S     5  -3  -2  -2  -2  -2  -2   0  -2  -4  -4  -1  -5  -3  -3   3  -2   1  -3  -3   49   1   2   2   1   1   3   7   1   1   2   3   0   1   2  18   2   2   1   1  0.86 0.57
   73 D     0   0   1   3  -2   1   2  -1   0  -2  -2   1  -1  -3  -2   0   1  -4  -1  -2    6   4   5  16   1   5  13   4   3   2   3  10   1   1   2   7  11   0   2   3  0.23 0.20
   74 V     1  -1  -1   0  -4   0   1  -2   0   1   0   1   1  -1  -4   0   0   1  -1   0   13   3   4   6   0   4  10   3   2   7   8   9   3   3   1   6   7   2   3   7  0.10 0.10
   75 I    -2  -2  -1  -2   1  -1  -2  -3   1   1   4  -2   2   1  -2  -2  -2   2   0   1    4   3   3   3   3   3   3   3   3   6  31   3   5   6   3   3   3   3   3   8  0.33 0.22
   76 K     1   0   1   0   1   0   0  -1   2  -2  -2   3   0   0  -1  -1  -1   2   0  -2   10   5   5   5   3   5   7   5   4   3   4  17   3   4   4   5   4   2   3   3  0.14 0.14
   77 E     0   0   0   1  -4   2   4  -1   0  -3  -3   1  -2  -3  -2   0  -1  -4  -2  -3    7   4   4   9   0   7  27   6   2   1   3   9   1   2   2   7   4   0   1   2  0.38 0.26
   78 E     0   0   0   1  -3   0   4  -2   1  -2  -1   2  -1  -2  -2  -1  -1  -1  -2  -2    6   5   5   7   0   5  27   3   4   3   7  10   1   2   2   5   3   1   1   3  0.31 0.21
   79 Y    -1  -2   1   0  -2  -1  -1  -1   3  -1   0  -1   0   3  -1  -1  -1   1   5   0    5   2   6   6   1   2   4   5   7   3   8   3   3  10   3   4   3   2  18   6  0.27 0.14
   80 P     0  -1  -1   0  -1   0   0   0  -1  -2  -2   0  -1  -2   4   1  -1  -1  -2  -1    9   3   3   5   1   4   6   8   1   3   4   7   1   2  23   9   4   1   2   4  0.30 0.16
   81 D    -1  -1   1   4  -3  -1   1   1  -1  -2  -2   0  -2  -2  -1  -1   0  -1  -1  -1    5   3   6  24   1   3   9  11   2   3   5   5   1   2   4   5   5   1   2   4  0.27 0.15
   82 K     0   1   0   0  -2   0   0   0   0  -1  -2   3  -1  -2   0   0   0  -1  -1  -1    6   5   5   5   1   4   6   7   2   3   4  23   2   2   5   8   4   1   2   5  0.16 0.12
   83 N     0  -1   2   1   0  -1   0   2  -1  -1  -1   0  -1  -2   0   1   0  -1  -1  -1    7   2  10   9   2   2   4  16   1   4   6   6   2   2   3  11   5   1   2   5  0.09 0.08
   84 Q    -1   1   1   0  -2   1   1   0  -1  -1  -2   3  -1  -2   1   0  -1  -2  -2  -1    4   7   8   6   1   8   7   6   1   4   4  18   1   2   7   7   3   1   1   5  0.15 0.14
   85 V     0  -4  -3  -2  -2  -4  -4  -4  -3   4   0  -4  -1   0  -3  -3  -1  -1  -2   5    9   1   1   3   1   0   0   1   1  25   5   1   1   3   1   2   3   1   1  40  0.73 0.44
   86 V     0   0  -1  -2  -2  -1  -1  -2  -1   2   0   1   0  -2   0  -1   1  -2  -2   3    7   5   3   1   1   3   2   2   2  10   7  10   1   1   4   3  10   1   1  26  0.17 0.19
   87 F    -2  -3  -4  -3  -1  -3  -4  -3  -1   3   2  -1   1   4  -4  -3  -2   3   0   1    3   0   0   2   1   0   1   2   1  16  22   5   3  23   0   2   1   5   1  10  0.46 0.30
   88 A     5  -3  -3  -4   0  -2  -3   2  -2   0  -2  -2  -1  -1  -3  -1  -2  -4  -2   1   47   1   0   0   2   1   1  17   1   4   4   2   1   2   0   2   2   0   1  10  0.58 0.42
   89 R    -1   1   2  -1  -2   1  -1  -2  -1  -2  -3   5  -1  -3  -4   0  -2  -1  -2  -3    5   5   9   2   1   5   3   2   1   2   2  46   1   1   0   7   1   1   1   2  0.62 0.43
   90 V    -2  -4  -5  -5   1  -4  -5  -2  -5   2   0  -3   2  -1  -5  -2  -1  -5  -1   6    3   0   0   0   3   0   0   3   0  11   8   2   5   2   0   4   3   0   2  54  0.84 0.48
   91 D    -3  -2   4   7   0  -2  -1  -3  -1  -6  -4  -2  -5  -6  -5  -2  -4  -6  -5  -6    2   2  17  61   2   2   3   2   2   0   2   2   0   0   0   3   0   0   0   0  1.45 0.70
   92 C     2  -4  -1  -2   8  -4  -2  -2  -4   0  -2  -1   0  -2  -4   0   0  -4  -2   1   19   0   4   2  34   0   2   3   0   5   3   3   2   2   0   5   5   0   1   9  0.80 0.44
   93 D    -2  -2  -1   5  -4  -1   2  -2   0  -2  -3  -2  -1  -4  -1   0   2  -5  -1  -1    3   2   2  37   0   2  11   2   2   2   2   1   1   0   2   7  16   0   2   5  0.58 0.39
   94 Q     1   0  -1   1  -5   1   4  -1   0  -2  -3   2  -2  -3  -3  -1   0  -5  -2  -1   11   5   3   9   0   7  24   5   2   3   2  11   1   1   1   3   5   0   1   4  0.31 0.27
   95 H    -1  -1   3  -1   1   2   3  -2   3  -2  -3   0   0  -1  -2  -1  -2   2   1  -2    5   3  14   4   3   7  18   3   7   3   3   5   2   3   3   5   3   3   4   3  0.36 0.30
   96 S    -1   0   0   0   2   0   0  -1   2   0  -1   0   2   1   0  -1   0   4   1  -1    5   5   5   5   5   5   5   5   5   5   5   5   5   5   5   5   5   5   5   5  0.09 0.08
   97 D     0  -1   1   3  -5   1   3  -2  -1  -2  -3   1  -2  -3  -2   0  -1  -5  -2  -3    8   3   6  19   0   5  20   3   1   2   2  10   1   1   2   8   3   0   1   2  0.39 0.35
   98 I    -2  -3  -3  -3  -1  -3  -3  -6  -2   3   4  -2   0  -1  -2  -3   0   0  -2   2    4   1   1   1   1   1   1   0   1  13  44   2   2   3   2   2   5   1   1  11  0.61 0.42
   99 A     5  -3  -3  -2   7  -2  -2   0  -2  -3  -2  -3  -1  -3  -2   0  -1  -6  -3  -3   40   2   1   2  20   2   2   6   1   1   4   1   1   1   2   5   4   0   1   2  0.90 0.61
  100 Q     0   0   0   0  -1   3   2  -1   0  -2  -3   1   0  -3  -2   2   0  -1  -2  -3    9   5   5   5   1  13  13   5   2   3   2   9   3   1   1  14   5   1   2   2  0.22 0.25
  101 R     0   3  -1   0  -2   2   2  -2   1  -3  -3   4  -1  -2  -3  -1  -1  -5  -1  -3    6  13   2   5   1   8  13   2   3   1   2  27   2   2   1   5   3   0   2   2  0.46 0.39
  102 Y     0   0   0  -2   2   0   0  -1   2   0  -1   0   1   1  -3   0   0   3   1   0    5   5   5   0   5   5   5   5   5   5   5   5   5   5   0   5   5   5   5   5  0.04 0.13
  103 R    -1   2   1   1  -4   1   1   3   1  -2  -3   1  -2  -2  -2  -1  -2  -1  -2  -2    4  12   8   7   0   7   7  21   3   3   1   9   1   2   2   4   2   1   1   3  0.24 0.21
  104 I    -2  -3  -6  -6  -1  -5  -3  -6  -2   6  -1  -5  -1   1  -3  -5  -2  -5  -2   4    3   2   0   0   1   0   2   0   1  41   5   0   1   7   1   0   2   0   1  31  1.05 0.51
  105 S    -2   3   1   1  -1   2   0  -1   0  -2  -2   0   1  -2   0   1   1  -4   0  -2    2  16   6   7   1   9   4   4   2   1   3   4   4   1   4  14  10   0   3   3  0.19 0.19
  106 K     0  -2  -1  -2   0   0  -1   4   0  -2  -2   1  -1  -2  -3   2  -1  -1   0  -1    8   2   2   1   2   3   4  30   3   2   4   9   1   1   0  18   2   1   3   4  0.34 0.25
  107 Y    -4  -4  -2  -3   2  -4  -2  -5   1   4  -1  -3   0   2  -5  -2  -2   1   6   1    1   0   2   2   4   0   3   1   3  21   4   2   2   9   0   3   2   2  31   9  0.84 0.43
  108 P    -5  -5  -5   0  -6  -5  -5  -6  -6  -6  -3  -5  -6  -6   8   0  -1  -6  -6  -6    1   0   0   5   0   0   0   1   0   0   3   0   0   0  76   6   4   0   0   0  2.31 0.93
  109 T    -1  -3  -1  -3  -1  -2  -3  -5  -2  -3  -2  -3   0  -1  -4   1   6  -5  -1  -2    4   1   3   1   1   2   2   1   1   1   4   1   2   3   0   8  59   0   2   2  1.09 0.58
  110 L     0  -2  -2  -2   3   1  -2   0  -2   1   0  -2   2   1  -2   0   1  -2   2   1    8   0   0   0   8   8   0   8   0   8   8   0   8   8   0   8   8   0   8   8  0.09 0.12
  111 K    -1  -1  -2  -4   0  -1  -2  -2  -1   3   0   4   3  -1   1  -2  -2   1   0   0    3   3   2   0   2   3   2   2   2  19   6  27   7   2   6   2   2   2   3   5  0.30 0.28
  112 L    -1  -4  -4  -4   0  -2  -2  -3  -1   2   3  -2   1   3   1  -2  -2   3   1   1    4   0   0   0   2   2   2   2   2  11  29   2   3  12   6   2   2   4   4  10  0.34 0.25
  113 F    -3  -3  -6  -6  -6  -2  -3  -6   0  -1  -1  -6   0   8  -7  -3  -3   1   2  -2    2   2   0   0   0   2   2   0   2   3   4   0   2  65   0   2   2   2   7   3  1.75 0.77
  114 R    -2   4  -1  -2  -2   1  -1  -2   1  -2  -1   4  -1  -3  -1  -2  -2  -1  -2   0    2  24   3   2   1   5   3   3   3   3   5  26   1   1   3   2   1   1   2   6  0.45 0.35
  115 N    -2   0   5   3  -6   0   1   0   1  -3  -4   1  -2  -1  -1  -1  -3   0   0  -4    3   4  29  14   0   4   8   6   3   2   1   9   1   3   3   3   1   1   3   1  0.54 0.39
  116 G    -3  -3   0  -1  -6  -2  -3   7  -2  -4  -5  -1  -6  -4  -3  -2  -2  -6  -3  -5    2   1   5   3   0   2   2  70   1   1   1   4   0   1   1   2   2   0   1   1  1.49 0.77
  117 M     0   0   0   0  -2   0   0   0   1   0  -1   0   1   0   0   0   0  -2   1   0    5   5   5   5   0   5   5   5   5   5   5   5   5   5   5   5   5   0   5   5  0.00 0.06
  118 M    -1   0   0   0   2   0   0  -1   2   0  -1   0   2   1   0  -1   0   4   1  -1    5   5   5   5   5   5   5   5   5   5   5   5   5   5   5   5   5   5   5   5  0.09 0.08
  119 M    -1  -1   0  -1   1   0   0  -2   1   1   0   0   1   0  -1   0   0   2   0   2    6   3   5   4   3   3   6   3   3   9   7   5   4   4   3   5   6   3   3  14  0.06 0.06
  120 K    -1   0   0   0   2   0  -1  -1   2   0  -1   0   2   0   0  -1   0   3   1  -1    5   5   5   5   5   5   5   5   5   5   5   5   5   5   5   5   5   5   5   5  0.03 0.09
  121 R    -1   3   0  -1   1   2   0  -2   1  -1  -3   2   1  -1   0   0  -1   2   0  -1    5  15   4   3   3   7   6   3   3   3   3  12   3   3   4   7   5   3   3   4  0.19 0.18
  122 E    -2  -1  -1   3  -7   3   4  -3   0  -2  -3  -1   0  -2   1  -2  -1  -7  -1  -3    4   3   3  16   0  13  22   3   2   2   3   4   2   2   7   4   4   0   3   3  0.49 0.38
  123 Y    -1   0   0   0   2   0   0  -1   2   0  -1   0   2   1   0  -1   0   4   1  -1    5   5   5   5   5   5   5   5   5   5   5   5   5   5   5   5   5   5   5   5  0.09 0.08
  124 R    -1   0   0   0  -3   0   0  -1   1   0  -1   0   1   0   0   0   0   3   1  -1    5   5   5   5   0   5   5   5   5   5   5   5   5   5   5   5   5   5   5   5  0.02 0.09
  125 G    -1  -1   0  -1  -5  -1  -2   5   0  -2  -3  -1   0  -1  -1  -1  -2   2  -1  -2    4   3   5   3   0   3   3  45   3   3   3   3   3   3   3   4   3   3   3   3  0.59 0.45
  126 Q     0   0   0   0   2   0   0  -1   1   0  -1   0   1   0   0   0   0  -2   1   0    5   5   5   5   5   5   5   5   5   5   5   5   5   5   5   5   5   0   5   5  0.03 0.05
  127 R    -1   0   0   0   2   0   0  -1   2   0  -1   0   2   1   0  -1   0   4   1  -1    5   5   5   5   5   5   5   5   5   5   5   5   5   5   5   5   5   5   5   5  0.09 0.08
  128 S    -2  -1   0   1   1   0   0  -1   2  -1  -3   1   0  -1   2   2   1  -6   0  -2    4   3   4   7   3   4   5   5   4   3   3   8   3   3  10  16   9   0   3   3  0.19 0.20
  129 V     3  -1  -2  -2   0  -1   0  -1   0   0   0   2   0  -2   0  -1   0   0  -1   1   21   3   2   2   2   3   6   5   2   4   8  12   2   2   4   5   5   2   3   8  0.14 0.16
  130 K     1  -1   0   3  -7   1   3  -2  -1  -3  -4   2  -1  -3  -1   0  -2   0  -1  -3   10   4   4  16   0   5  19   3   2   2   2  11   2   2   4   8   2   1   2   2  0.39 0.32
  131 A     3  -2  -1   2  -5   0   1   2  -1  -3  -2  -1  -1  -3  -1   1  -1  -1  -2  -2   24   1   3  11   0   5   8  14   1   2   3   4   2   1   2   9   3   1   1   3  0.28 0.29
  132 L    -3  -6  -3  -7  -6  -3  -7  -4  -7   5   4  -3   2   2  -4  -4  -3   0  -2  -1    2   0   1   0   0   1   0   1   0  31  38   2   4   7   1   2   2   1   1   3  1.07 0.60
  133 A     0   0   0   0   2   0   0  -1   1   0  -1   0   1   0   0   0   0  -2   1   0    5   5   5   5   5   5   5   5   5   5   5   5   5   5   5   5   5   0   5   5  -0.00 0.06
  134 D     0   0   1   2  -4   1   1  -1   1  -1  -2   1   0  -1  -1   1   0   1   0  -2    6   4   6  15   0   6   9   3   3   3   3   7   3   3   3  10   4   3   3   3  0.10 0.18
  135 Y    -2  -2  -2  -2   0  -2  -2  -3   1  -1   0  -2   1   5  -3  -2  -2   6   4  -2    4   2   2   2   2   2   2   2   3   3   9   2   3  25   2   3   2  11  15   3  0.74 0.49
  136 I    -1  -2  -5  -3   0  -2  -2  -4  -5   4   1  -2   4  -1  -5  -3  -2   1  -2   3    6   2   0   2   2   2   3   2   0  24  15   2  10   3   0   2   2   2   2  20  0.58 0.40
  137 R    -1   3   1   0  -4   1   0  -2   0  -2  -1   3  -1  -1  -1  -1   1  -1  -2  -1    3  18   6   4   0   6   7   3   2   3   6  16   2   3   3   4   9   1   1   4  0.22 0.23
  138 Q    -1   1   0  -1  -6   4   2  -2  -1  -3  -3   4  -1  -3  -1   0  -2  -1  -2  -3    4   6   4   3   0  20  13   3   1   2   3  23   1   1   3   6   2   1   1   1  0.51 0.44
  139 Q     0   0  -1  -3  -2   5   1  -3   2  -2  -1   3   0  -2  -3  -1  -3  -1  -2   0    8   5   3   1   1  25   7   2   5   2   7  16   3   2   2   4   1   1   1   7  0.44 0.40
  140 K     1   0  -1  -2  -1   0  -1  -1  -1   0   1   2   0  -2  -2   1   1  -1  -1   0   11   6   2   2   1   3   3   4   1   4  13  15   2   1   2   9  10   1   2   7  0.11 0.14
  141 S     1  -2   0  -1  -2  -1   0   3  -2  -3   0   1  -1  -3  -2   2   0  -2  -3  -2   13   2   4   3   1   3   6  22   1   1   8   7   2   1   2  16   5   1   1   2  0.27 0.27
  142 N    -2  -3   2   2  -3  -2  -1  -1  -2  -3   0   0  -2  -3   4   0   1  -2  -3  -2    4   2  11  10   1   2   4   4   1   1  10   6   1   1  22   8   7   1   1   4  0.41 0.34
  143 P     2  -2   0   2  -3  -1  -2  -2  -1  -3  -4  -2  -2  -4   5   0  -1  -3  -2  -2   16   2   4  11   1   3   3   4   2   2   2   3   1   1  30   8   3   1   2   3  0.59 0.46
  144 V     1  -2  -5  -4  -4  -4  -5  -5  -3   3  -1  -3   4  -3  -1   0  -2  -3  -3   5   13   2   1   1   1   1   1   1   1  15   5   2   8   1   4   6   3   1   1  33  0.80 0.47
  145 H    -1   0   0   1  -3   1   1  -2   3  -1  -2   3  -1  -3   0   1   1  -5  -1   0    5   6   3   8   1   7   8   2   6   4   3  16   2   1   4   9   7   0   2   6  0.19 0.20
  146 E    -2   0   0   1  -6   0   5  -3  -1  -1  -2   1  -3  -2  -1  -1   0  -3  -2  -1    4   5   5   7   0   4  34   2   1   4   4   8   1   2   3   5   6   0   1   5  0.45 0.39
  147 I    -2  -4  -4  -4  -3  -3  -4  -3  -3   4   3  -2  -1   1  -2  -3  -1  -3  -3   4    3   1   1   1   1   1   1   2   1  21  23   2   1   6   2   2   3   0   1  26  0.66 0.43
  148 Q     0   2   1   0  -5   2   2  -1   1  -3  -2   2  -2  -3  -2   1   1  -2  -2  -2    7   9   6   4   0   8  13   5   3   1   4  12   1   1   2   8  11   0   1   3  0.23 0.24
  149 S     1  -3   1   1  -4  -1   0  -1  -2  -3  -4  -1  -1  -3  -3   4   3  -3  -4  -3   12   1   7   7   0   3   6   5   1   1   2   4   2   1   2  27  16   0   1   2  0.45 0.41
  150 L     1  -3  -2  -1  -1  -1   0  -2  -2   1   3   0   0   0   0  -1  -1  -2  -2   2   10   1   2   3   1   3   7   2   1   6  26   6   2   3   5   4   4   1   1  12  0.17 0.18
  151 D    -1  -3   1   5  -3  -1   3  -3  -2  -3  -5   0  -3  -4  -2   1   0  -6  -4  -2    6   1   7  31   1   2  20   2   1   2   1   6   1   1   2   9   5   0   1   3  0.67 0.49
  152 E     0  -2  -1   3  -4   1   5  -3   0  -3  -3   0  -2  -2  -3   0  -1  -4  -3  -3    9   2   3  16   0   7  35   2   2   1   3   4   1   2   1   6   3   0   1   2  0.64 0.49
  153 V     2  -3  -4  -3  -3  -2  -1  -4  -1   1   2  -1   1   2  -4  -2  -1  -1  -2   3   18   1   0   2   1   2   4   1   1   8  20   4   3   7   1   2   4   1   1  19  0.35 0.29
  154 T     1  -2   0   0  -3   1   3  -2  -2  -2  -2   2  -2  -3  -3   0   3  -2  -4   0   11   2   5   5   1   5  16   3   1   2   4  12   1   1   1   6  16   1   1   6  0.28 0.28
  155 N     0   0   2   2  -3   1   1   0   1  -3  -3   2  -1   0  -3   0   0  -3  -2  -1    7   4  12  11   0   6  10   7   3   2   2  11   2   5   1   7   5   0   1   4  0.19 0.19
  156 L    -1   0   0   0   2   0   0  -1   2   0  -1   0   2   1   0  -1   0   4   1  -1    5   5   5   5   5   5   5   5   5   5   5   5   5   5   5   5   5   5   5   5  0.09 0.08
  157 D    -1   0   0   0   2   0   0  -1   2   0  -1   0   2   1   0  -1   0   4   1  -1    5   5   5   5   5   5   5   5   5   5   5   5   5   5   5   5   5   5   5   5  0.09 0.08
  158 R     1   1   0   0  -5   0   1  -1   1  -1  -2   2   0  -1  -1   0   0   2   0  -1   10   8   4   5   0   4  10   6   3   3   4  11   3   3   4   7   5   3   3   5  0.10 0.11
  159 S     0  -2   1   2   0  -1   0   0   1  -2  -3   2   0  -1  -1   2   0   1   0  -2    8   3   6  10   2   3   7   8   4   3   3  11   2   3   3  14   5   2   3   3  0.16 0.16
  160 K    -1   0   0   0   2   0   0  -1   2   0  -1   0   2   0   0  -1   0   3   1  -1    5   5   5   5   5   5   5   5   5   5   5   5   5   5   5   5   5   5   5   5  0.04 0.09
  161 R    -1   1   0   0   0   0   1  -1   1   0  -1   1   1   0   0  -1   0   2   0   0    5   7   4   6   3   4   9   5   3   5   4  10   3   4   4   4   6   2   3   8  0.05 0.06
  162 N     0  -2   3   0   0  -1  -1  -1   0  -1  -1  -1   0   1  -1   1   0   1  -1   2    8   2  12   5   2   3   4   4   2   4   6   4   2   6   3   9   7   2   2  14  0.12 0.12
  163 I     0   0   0   0   2   0   0  -1   1   0  -1   0   1   0   0   0   0  -2   1   0    5   5   5   5   5   5   5   5   5   5   5   5   5   5   5   5   5   0   5   5  0.03 0.05
  164 I    -1   0  -1  -1   1  -1  -1  -2  -3   2   0  -1   1   1   0  -1  -1   2   0   3    4   5   3   3   3   3   3   3   0  12  10   3   3   6   4   4   3   3   3  23  0.14 0.17
  165 G     1  -2   0  -1   0  -1  -1   4  -1  -1  -1  -1  -1  -1  -1   0  -1  -4  -1   1   13   2   5   3   2   3   3  29   2   3   4   3   2   3   3   6   2   0   2  10  0.23 0.23
  166 Y    -1  -2  -2  -3  -1   0   0  -3   0   0   0  -1  -1   4  -3  -2  -1   1   5   1    4   3   2   2   1   4   6   2   2   5  10   4   2  15   2   3   4   2  21   8  0.40 0.31
  167 F    -3  -3  -2  -1  -2  -2  -3  -3   0   0   1  -3  -1   6  -1  -2  -1   0   2   1    2   2   2   4   1   2   1   3   2   5  12   1   2  34   3   3   4   1   7  10  0.65 0.42
  168 E     0  -1   0   2  -4   0   2   0   0  -1  -2   1  -1   0   0   0  -1  -4  -1   0    9   3   5  10   0   4  16   8   2   3   5   8   1   4   4   6   4   0   3   6  0.12 0.14
  169 Q     0  -1   1   2  -2   1   1   0   0  -2  -3   1  -2  -3  -1   1   0  -5  -2  -2    9   3   7  11   1   7  10   7   2   2   3  10   1   1   3  12   7   0   1   3  0.19 0.21
  170 K     0   0   0   1  -2   0   1  -1  -1  -1  -1   3  -2   0  -1   0   0  -1  -2  -2    8   5   5   8   1   4   8   6   2   3   6  19   1   4   4   7   6   1   1   2  0.14 0.16
  171 D    -2  -3   0   5  -1   0   2   0  -1  -4  -3  -1  -3  -3  -3   1   0   1  -3  -3    4   1   5  33   1   4  13   7   1   1   3   4   1   1   2   9   5   2   1   2  0.59 0.45
  172 S     0  -4   0   1   2  -1  -1   2  -1  -5  -4   1  -2  -4  -1   4   0  -1  -4  -3    7   1   4   8   3   3   4  14   2   1   2   8   1   1   3  28   6   1   1   3  0.46 0.37
  173 E     1  -3  -1   2  -3  -1   4  -2   0  -3  -3   2  -2  -4   2   0   0  -6  -3  -2   11   1   2  11   1   3  25   3   2   1   3  10   1   1  10   6   5   0   1   3  0.44 0.38
  174 N     1  -3   2   1  -1  -1   3  -1   1  -1   0  -1  -2   0  -1   1  -1  -1  -2  -2   10   1  10   8   1   3  17   5   3   3  10   4   1   3   4  10   4   1   1   2  0.19 0.19
  175 Y     1  -2   2  -2  -1  -1  -3  -4   1  -3  -1   1  -1   3  -3  -1  -3   3   6  -2   11   2   8   2   2   3   2   2   3   2   7   7   2  11   2   4   2   3  22   3  0.56 0.36
  176 R     0   0   0   2  -3   0   4  -4  -1  -5  -5   4  -3  -5  -2  -1  -1  -8  -4  -3    9   6   4   9   1   5  21   2   2   1   2  22   1   1   3   6   5   0   1   2  0.58 0.42
  177 V    -1   0   0   0   2   0   0  -1   2   0  -1   0   2   1   0  -1   0   4   1  -1    5   5   5   5   5   5   5   5   5   5   5   5   5   5   5   5   5   5   5   5  0.09 0.08
  178 F    -2  -2  -7  -2  -7  -7  -2  -2   1  -1  -1  -2   1   6  -1  -2  -2   3   3   1    4   3   0   3   0   0   4   3   3   4   7   3   3  30   4   4   3   3   9   9  0.72 0.39
  179 E    -1  -1   0   0   0   1   2  -3   1  -1   0   1   1  -1  -1   0   1   1   0  -2    6   4   4   5   2   5  15   2   3   4  11   8   3   2   4   6   7   2   3   3  0.10 0.11
  180 R     2   1  -1   1  -7   0   1  -2  -1  -2  -2   3   0  -1  -2  -1   0   2  -1  -3   14   8   4   7   0   4   9   3   2   2   4  18   2   3   2   5   6   2   2   2  0.26 0.22
  181 V     2  -3  -3  -3  -1  -3  -3  -4  -2   2   1  -3   1   0  -3  -2  -1  -6  -1   4   16   1   1   2   1   1   1   1   1  10  14   1   3   3   1   4   4   0   2  31  0.51 0.37
  182 A     0   0   0   0   2   0   0  -1  -2   0  -1   0   1   0   0   0   0   3   1   0    5   5   5   5   5   5   5   5   0   5   5   5   5   5   5   5   5   5   5   5  0.05 0.08
  183 S     0   0   0   0  -2   1   0   0   1   0  -1   0   1   0   1   0   0  -2   1   0    6   6   5   6   0   5   6   6   5   6   6   6   5   5   6   6   6   0   5   6  0.03 0.06
  184 I     0   0   1   0  -2   0   0  -1   0   0   0   0   0   0   0   0   0   1   0   0    7   4   6   5   0   4   6   4   3   8   8   8   3   4   3   8   6   3   3   5  0.02 0.03
  185 L    -2  -2  -1  -2   0  -1  -1  -3   1   1   3  -1   2   2  -2  -2  -1   1   1   0    4   2   3   3   2   3   4   2   3   6  32   3   5   8   2   3   3   2   4   5  0.24 0.22
  186 H    -2   5   0   2   0   0   0  -2   2  -2  -2   1   1  -1  -2  -1  -1  -5   0  -2    3  28   4  10   2   4   5   3   5   2   3   7   4   3   2   4   4   0   4   3  0.38 0.32
  187 D    -1   0   0   0   2   0   0  -1   2   0  -1   0   2   1   0  -1   0   4   1  -1    5   5   5   5   5   5   5   5   5   5   5   5   5   5   5   5   5   5   5   5  0.09 0.08
  188 D    -2  -1   0   4   1  -1   1  -2   2   0  -2   1   1  -1  -1   1  -1  -6   0  -2    4   3   4  20   3   3   9   3   4   5   4   7   3   3   4   9   5   0   4   3  0.25 0.20
  189 C    -1   0   0   0   2   0   0  -1   2   0  -1   0   2   1   0  -1   0   4   1  -1    5   5   5   5   5   5   5   5   5   5   5   5   5   5   5   5   5   5   5   5  0.09 0.08
  190 A     0   0   0  -1   1   0  -1  -2   1  -1  -1   0   0   3   0  -1   0   2   1   0    8   5   5   4   3   4   4   4   3   4   6   6   3  13   4   5   5   3   4   7  0.08 0.07
  191 F    -2  -3  -3  -2   0  -2  -3   0  -1  -1  -2  -2  -1   7  -3  -2  -3   1   2  -1    4   2   2   3   2   2   2   7   2   4   5   3   2  40   2   3   2   2   7   5  0.96 0.54
  192 L     0  -2  -2  -3   0  -1  -2   0   1   2   1  -2   1   2  -2  -3  -1   2   3   1    8   2   2   2   2   3   2   7   4  13  12   3   4   8   2   2   4   2   8  10  0.21 0.14
  193 S     1  -2  -1  -1  -1  -1  -1  -1   3  -1  -2  -1   1  -2  -1   1   2   0  -1   1   13   2   3   4   1   3   4   5   8   4   4   3   3   2   3  11  13   1   2   9  0.18 0.17
  194 A     2  -1  -2  -1  -1  -1  -2   0   0  -1  -3  -1   0   0  -2   2   2   0  -1   0   16   4   2   3   1   3   3   8   2   3   3   5   2   4   3  12  14   1   2   8  0.18 0.18
  195 F    -2  -4   0   0  -2  -3  -1  -3   0   0  -1  -2  -1   6  -4   0   1   0   1   1    4   1   5   6   1   1   4   2   2   5   7   3   1  26   1   8   8   1   5   9  0.50 0.31
  196 G     1  -1   0   1  -2  -2  -1   4   0  -2  -3   0  -1  -2  -1   1   0  -6  -3  -3   13   3   5   6   1   2   5  27   2   3   3   6   2   2   3   8   5   0   1   2  0.34 0.26
  197 D     0  -4   0   5  -7  -2   2  -1  -1  -1  -3   0  -3  -3  -1   0  -1  -7  -2  -2    7   1   5  31   0   2  12   6   2   4   3   5   1   1   3   7   4   0   1   3  0.53 0.38
  198 L     0  -4  -2  -1  -2  -3  -2  -3  -3   2   2  -1  -2  -2  -1   0   1  -1  -2   4    8   1   2   3   1   2   3   2   1  10  16   4   1   2   3   7   8   1   1  23  0.33 0.22
  199 S     2  -3   0  -1  -2  -1   0  -3  -1  -2   0   0  -1   1  -2   3   1  -1  -1  -1   18   1   5   4   1   2   6   3   1   2   8   5   2   5   2  19   9   1   2   5  0.23 0.22
  200 K     0   0  -1   1  -3   0   2  -3  -2  -1  -1   4  -2  -2  -2  -1  -1  -1  -3  -1    9   5   3   6   1   3  11   2   1   4   6  26   1   2   2   5   3   1   1   5  0.34 0.27
  201 P     2  -3  -1  -1  -2  -1   1  -3   1  -2  -2   1  -2  -1   4   0  -2  -1  -1  -2   14   2   3   4   1   3   8   2   3   3   5   9   1   3  23   7   3   1   2   3  0.38 0.31
  202 E     0  -1  -1   0  -5   1   4  -3   1  -3  -1   2   1  -1  -2  -1  -1  -2   1  -2    9   3   3   6   0   5  25   2   3   2   6  10   3   3   2   5   4   1   5   3  0.33 0.26
  203 R     0   2   0  -2  -1   0   0   1   2  -1  -1   3  -2  -3  -3   0  -1  -2  -2   0    8   9   4   3   1   4   7   9   5   4   7  16   1   1   1   6   4   1   1   7  0.16 0.13
  204 Y     0  -2  -3  -2  -5  -2  -1  -3   1   0   0   0   0   2   0  -2  -1  -1   5   1    8   2   2   3   0   2   4   2   3   6   9   6   2   9   5   4   3   1  16  10  0.31 0.20
  205 N     0  -1   3   2  -2  -1   0  -1   1  -2  -4   2  -3  -3   0   1   2  -3  -3  -2    7   4  12  10   1   3   7   5   3   2   2  10   1   2   5  10  11   1   1   3  0.23 0.19
  206 G     1  -3   0   1  -3  -1   0   4  -2  -2  -3   0  -3  -2   0   0  -1  -2  -3  -1   11   2   5   7   1   3   7  26   1   3   4   7   1   2   5   7   5   1   1   5  0.29 0.22
  207 D    -1  -3   1   5  -6   0   1  -1  -1  -3  -3   1  -5  -2   1   0  -2  -6  -3  -2    6   2   6  30   0   4  10   4   2   2   3   7   0   2   8   7   3   0   1   3  0.56 0.38
  208 N     0  -1   2   0  -3  -2  -1   1   0   1  -1   1  -1  -2   0   1   0  -2  -2   1    9   3   9   4   1   2   4   9   3  10   5   8   1   1   5  10   6   1   1   9  0.11 0.10
  209 V     0  -3  -5  -3  -6  -3  -3  -4  -7   4   1  -2  -1  -2  -4  -2  -1  -7  -2   5    8   2   1   2   0   1   2   2   0  17  11   3   2   2   1   4   5   0   1  37  0.82 0.45
  210 I    -1  -4  -5  -5  -6  -4  -4  -6  -1   4   3  -3   1   0  -4  -2  -1  -2  -2   4    5   1   1   1   0   1   1   1   1  19  24   2   3   4   1   3   3   1   2  26  0.79 0.43
  211 Y     0  -3  -3  -5  -5  -4  -5  -5   1  -1   0  -1  -2   6  -4  -3  -2  -1   6   1    7   2   1   1   0   1   1   1   3   3   9   5   1  27   1   3   3   1  22   8  0.97 0.52
  212 K    -3   3  -2  -3  -4   0   0  -4   0  -1  -1   5  -1   2  -3  -2  -1  -3   1  -2    3  15   2   2   0   3   5   2   2   4   6  30   2   8   2   3   4   1   4   3  0.60 0.38
  213 P    -1   0   0   0   2   0   0  -1   2   0  -1   0   2   1   0  -1   0   4   1  -1    5   5   5   5   5   5   5   5   5   5   5   5   5   5   5   5   5   5   5   5  0.09 0.08
  214 P    -1   1  -1   0  -6   0   1  -1   1  -1  -2   0   1   1   3  -1   0  -6   0  -1    5   7   3   5   0   4  10   5   3   4   4   6   3   7  17   5   6   0   3   4  0.21 0.19
  215 G    -1   0   0   0   2   0   0  -1   2   0  -1   0   2   1   0  -1   0   4   1  -1    5   5   5   5   5   5   5   5   5   5   5   5   5   5   5   5   5   5   5   5  0.09 0.08
  216 R     0   0   0   0   2   0   0  -1   1   0  -1   0   1   0   0   0   0  -2   1   0    5   5   5   5   5   5   5   5   5   5   5   5   5   5   5   5   5   0   5   5  0.03 0.05
  217 S     0  -1   1   0   1   0   0  -1   1  -1  -2   2   1   0  -1   1   1   2   0  -1    7   4   6   6   2   4   7   4   3   3   4  12   4   3   3  11   7   2   3   4  0.09 0.11
  218 A     0   0   0   0   1   0   1  -1   1  -1  -1   0   0   0   0   1   0   2   0   0    9   6   4   6   3   5  10   4   3   4   5   5   3   4   4   9   6   3   4   5  0.06 0.07
  219 P    -1  -1   0   0  -1   0   1  -2   0  -2  -3   1  -6  -1   5   0  -1   0  -1  -2    5   4   5   6   2   4   9   4   2   2   4   7   0   3  28   6   4   2   3   3  0.46 0.35
  220 D     0   0   0   0  -2   1   0   0   1   0  -1   0  -1   0   1   0   0  -2   1   0    6   6   6   6   0   6   6   6   6   6   6   6   0   6   6   6   6   0   6   6  0.04 0.06
  221 M    -1  -1  -1  -1  -3   0   1  -1   1   1   0   0   0   1   0  -1   0   2   1   1    4   3   3   4   0   6   9   4   3  11   9   4   3   6   4   4   6   3   4   9  0.02 0.08
  222 V     0   0   0   0   2   0   0  -1   1   0  -1   0   1   0   0   0   0  -2   1   0    5   5   5   5   5   5   5   5   5   5   5   5   5   5   5   5   5   0   5   5  0.03 0.05
  223 Y    -1   0   0   0   2   0   0  -1   2   0  -1   0   2   1   0  -1   0   4   1  -1    5   5   5   5   5   5   5   5   5   5   5   5   5   5   5   5   5   5   5   5  0.09 0.08
  224 L    -1   0   0   0  -3   0   0  -1   1   0  -1   0   1   0   0   0   0   3   1   0    5   5   5   5   0   5   5   5   5   5   5   5   5   5   5   5   5   5   5   5  0.06 0.08
  225 G    -1  -1  -1   1  -4  -1  -1   4   0  -2  -3   1  -1  -1  -1   0   0   1  -1  -2    5   3   3   7   0   2   5  33   2   2   2  11   2   3   2   5   6   2   2   3  0.34 0.30
  226 S     0  -1   1   1  -4   1   1   0   0  -2  -2   2  -1  -2   0   2   0   1  -1  -2    6   2   6   8   0   5   8   6   2   2   3  13   2   2   4  18   6   2   3   2  0.17 0.21
  227 M    -1   0   0   0   2   0   0  -1   2   0  -1   0   2   1   0  -1   0   4   1  -1    5   5   5   5   5   5   5   5   5   5   5   5   5   5   5   5   5   5   5   5  0.09 0.08
  228 T     0  -1   0   0   1   0   0  -2   0  -1  -1   1   0   1  -1   0   2   2   0  -1    7   3   5   6   3   5   6   4   3   4   5   7   3   7   3   7  12   3   3   4  0.07 0.08
  229 N    -1   0   2   2  -3   0   1  -1   1  -1  -2   1   0  -1   0   0   0  -3   0  -1    4   4  12  13   0   4  10   5   3   3   3   8   3   3   3   8   7   0   3   4  0.13 0.15
  230 F     0  -1   0  -1  -3   0   1  -1   1   0  -1   0   0   3   0   0  -1  -2   2   0    7   3   4   4   0   3   9   4   3   4   5   7   3  17   4   6   4   0   7   5  0.09 0.14
  231 D    -1  -1   1   4  -5   0   2  -1   1  -2  -3   1  -4  -4  -1   0  -1   1  -1  -2    5   3   7  27   0   4  16   3   3   2   3   7   0   0   3   6   4   2   2   3  0.39 0.32
  232 V     1  -1  -1   0  -2   0   1   0  -1   1   0   0   0  -1  -1   0   0  -2  -1   0   15   2   3   5   1   4  14   5   1   8  11   5   2   2   2   6   4   1   2   9  0.05 0.10
  233 T    -1  -3  -2  -2  -3  -1  -1  -1  -3   2   3  -1   1   0  -2   0   1  -1  -2   1    3   1   2   2   0   3   5   4   0  14  29   4   2   3   1   6  11   1   1   7  0.22 0.23
  234 Y     0   0   0  -1  -3   0   1  -2   0  -1   0   2  -1   2  -2   0  -1  -2   2   0    6   4   4   2   0   4   9   3   3   3  10  17   1   9   1   6   4   0   8   5  0.11 0.14
  235 N     0  -1   3   1  -4   1   1  -1   0  -2  -3   2  -1   0  -1   1   0  -4  -3  -2    6   3  16   8   0   7  10   3   2   3   2  14   2   5   2   9   6   0   0   3  0.22 0.23
  236 W    -2  -3  -6  -3  -1  -2  -1  -3  -1  -2  -3  -3  -4   6  -3  -3  -3   9   1  -2    4   2   0   2   1   2   4   2   2   2   2   2   0  33   2   2   2  31   4   2  1.55 0.77
  237 I    -1  -4  -4  -2   0  -4  -2  -3  -4   4   2  -2   1   3  -4  -2  -1   1   0   3    6   0   0   2   2   0   2   2   0  23  16   2   3  11   0   2   3   2   3  22  0.47 0.33
  238 Q    -1   0   1   0  -4   2   1  -1   1  -2  -2   2   0   0  -2   0   1   0   0  -2    4   5   6   5   0   9  11   3   3   2   3  15   2   5   2   7   9   1   3   3  0.15 0.18
  239 D     0  -1   1   4  -4   0   2  -1   0  -2  -2   0  -1  -2  -1   0   0  -4  -1  -1    8   3   6  23   0   4  14   4   3   2   3   6   2   2   2   7   6   0   2   5  0.25 0.22
  240 K     0   0   4  -2  -4   0   1  -3   3  -3  -2   3  -2  -1  -4   0  -1  -1  -1  -2    8   3  22   1   0   3  11   1   6   2   4  21   1   3   0   5   2   1   2   3  0.43 0.36
  241 C     1   0  -1  -2   5   0  -2  -2   0  -1  -3   1  -1  -2  -4   3   0   0  -1  -1   11   5   2   2  14   4   2   2   2   4   2   9   1   2   0  24   6   1   2   3  0.37 0.33
  242 V    -2  -2  -2  -3  -3  -2  -3  -4   1   2   2  -1   1   1  -3  -2   1  -1   0   3    3   2   2   1   0   1   1   0   4  13  21   4   3   7   1   2   9   1   2  22  0.32 0.27
  243 P    -1  -3  -2  -3  -6  -2  -3   1  -2  -6  -5  -5  -6  -2   8  -2  -3  -7  -3  -4    4   1   2   1   0   2   1  10   1   0   1   0   0   2  65   3   2   0   1   1  1.78 0.93
  244 L     0  -1   0   0  -3  -2  -1  -1   0   1   2  -1   1   1  -1  -1  -1   2   1   0    6   3   6   5   0   0   3   5   3   9  23   3   3   6   3   4   4   3   6   4  0.07 0.11
  245 V     0  -3  -3  -4   1  -3  -1  -2   1   2   0  -1   1   2  -4  -1   0   2   1   3    6   0   0   0   4   0   4   4   4  12   8   4   4  10   0   4   5   3   4  23  0.25 0.23
  246 R     0   0   0   0   2   1   0   0   1   0  -1   0   1  -2   1   0   0  -3   1   0    6   6   5   6   5   5   6   6   5   6   6   6   5   0   6   6   6   0   5   6  0.04 0.08
  247 E    -1   0   0   0  -3   0   0  -1   1   0  -1   0   1   0   0   0   0   3   1   0    5   5   5   5   0   5   5   5   5   5   5   5   5   5   5   5   5   5   5   5  0.06 0.08
  248 I    -1   1  -1  -1  -3  -1  -1  -2   0   2   1  -1   2   3  -1  -1  -1   2   0   1    3  10   3   3   0   3   3   3   3  12  11   3   5  15   3   4   3   3   3   9  0.15 0.17
  249 T    -1   0   1   0  -4  -1  -1   0   0  -1  -2  -1   1  -2  -2   1   4  -5  -1  -1    4   6   8   5   0   3   3   8   2   4   2   3   4   2   2   9  27   0   2   5  0.26 0.30
  250 F    -1   1  -2   0  -4   0   0  -1   2  -2  -2   0   1   4   2   0  -1   1   1  -2    4   7   2   5   0   5   5   4   4   2   3   6   4  17  13   6   4   2   4   2  0.22 0.24
  251 E    -1  -1   1   3  -5   0   4  -2   1  -3  -3   0   0  -2  -1   0  -1   0   0  -3    6   3   5  16   0   3  27   3   3   2   3   6   2   2   3   7   3   1   4   2  0.38 0.34
  252 N    -1  -3   6   0  -5  -1  -1  -3  -1  -1  -3  -1  -2  -3  -3   0   3  -6  -1  -2    4   1  41   4   0   3   3   2   1   4   2   4   1   1   1   7  15   0   2   2  0.81 0.58
  253 G    -1   0   0   0   2   0   0  -1   2   0  -1   0   2   1   0  -1   0   4   1  -1    5   5   5   5   5   5   5   5   5   5   5   5   5   5   5   5   5   5   5   5  0.09 0.08
  254 E    -1   1   0   1  -6   1   2  -1   1  -2  -2   0   1   0   1  -1  -1   2   0  -1    6   7   5   8   0   6  15   5   4   3   4   5   4   4   6   5   3   3   3   4  0.16 0.16
  255 E     0   0   1   1  -4   1   2  -1   1  -2  -1   2   0  -1   0   0   0   1   0  -2    7   5   7   7   0   5  13   4   4   2   6  12   3   3   5   6   5   2   3   3  0.11 0.13
  256 L     0   0   1  -2  -2   1  -1  -2   2   0   0   0   1   1   1   0   0  -2   1   0    7   7   7   0   0   7   0   0   6   7   7   7   6   6   7   7   7   0   6   7  0.08 0.12
  257 T    -1   0   0  -1  -3   0  -1  -1   1  -1   0   0   1   1  -1   1   1   2   2  -1    4   5   5   4   0   3   4   4   4   4   7   4   4   7   3  10  12   3   9   4  0.08 0.12
  258 E    -1  -1   1   0   0   1   2   0   1  -2  -2   0   0  -1   1   1  -1  -4   0  -2    4   3   6   6   2   5  17   7   4   2   2   7   3   3   7  12   3   0   4   3  0.16 0.18
  259 E     0  -1   1   0  -1   1   2   0   1  -1  -2   0   0  -1   0   2   0  -3  -1  -2    9   3   5   5   2   5  13   6   4   4   4   7   2   2   3  16   5   0   3   2  0.11 0.14
  260 G    -1   0   1   1  -4   1   0   3   0  -2  -2   0  -1  -2   0  -1  -1  -4  -1  -1    5   4   8   6   0   5   4  28   2   3   3   7   2   2   5   5   3   0   2   5  0.24 0.20
  261 L    -2   1  -1  -2  -4   0  -2  -3   1   2   3   2   0  -1  -2  -2  -1   0   0   0    3   8   3   2   0   3   2   2   3  15  26  13   2   2   2   3   3   1   3   5  0.23 0.22
  262 P    -2  -5  -2  -2  -7  -2  -4  -4  -2  -3  -3   3  -1  -4   7  -2  -2  -7  -2  -3    3   0   2   2   0   2   1   1   1   2   2  17   2   1  53   3   3   0   2   2  1.40 0.82
  263 F    -2  -2  -2  -5  -4  -2  -3  -3   2   1   3  -1   0   4  -3  -2  -2   1   1   1    3   2   2   0   0   2   1   2   4   7  35   3   2  15   1   4   2   2   4   8  0.45 0.33
  264 L     1  -3  -4  -5   1  -2  -4  -1   2   1   3  -3   0   1  -2  -3  -2  -1  -1   3   14   1   0   0   3   2   0   5   5   6  28   1   2   5   2   2   1   1   2  20  0.39 0.33
  265 I    -2  -5  -3  -5  -1  -3  -3  -3  -2   3   2  -4   1   2  -4  -3  -2   3   4   3    2   0   1   0   2   1   1   2   1  18  16   1   4   8   1   2   3   4  13  21  0.55 0.38
  266 L     0  -4  -3  -4  -4  -4  -3  -3  -2   2   4  -1   1   2  -3  -3  -2  -4   0   2    9   0   1   1   0   0   1   2   1  11  36   4   2   7   1   1   2   0   3  16  0.49 0.36
  267 F    -3  -4  -4  -4   0  -6  -4  -3  -3  -1   0  -6  -1   7  -5  -4  -3   0   4   0    2   1   1   1   2   0   1   2   1   3   7   0   2  53   1   1   1   1  15   5  1.45 0.75
  268 H     0  -1   0  -1  -2  -2  -1  -2   2   0  -1  -2  -1   3  -2  -1  -1   0   5   0    8   4   4   3   1   1   4   3   6   6   4   2   1  15   2   4   4   1  22   6  0.35 0.29
  269 M     0  -1   2   1  -2   0   0  -1   0  -1   0   0   1   0  -1   1   1  -1   0  -1    7   3  10   9   1   2   5   4   2   4   7   6   4   4   2   9  11   1   3   4  0.06 0.09
  270 K     0   0   0   0  -4   0   0  -2  -2  -2  -2   3  -2  -2   2   1   0  -4  -1   1    7   4   5   4   0   3   7   2   1   2   4  17   1   1  12  12   4   0   2  11  0.21 0.23
  271 D    -2  -2   2   5  -3  -1   2  -2  -1  -4  -4   2  -5  -2   0   0  -1  -5  -3  -3    3   1   8  33   1   2  14   3   1   1   1  12   0   2   5   7   3   0   1   2  0.62 0.44
  272 D    -2  -2   3   5  -5  -1   2  -2   0  -3  -4  -1  -5  -2  -1   1   0   0  -1  -4    2   2  12  33   0   2  12   3   2   1   1   4   0   2   3   9   5   2   2   1  0.61 0.44
  273 T     1   0  -1   0  -1   0   0  -2  -2  -2  -2   1  -1   0   2   1   1  -4  -1   0   13   6   3   4   1   4   5   3   1   1   3   8   1   5   9  13  12   0   2   6  0.14 0.18
  274 E    -1  -1   0   2  -6   0   5  -1  -1  -4  -4   3  -5  -4  -3  -1  -2  -6  -5  -3    6   2   3  12   0   4  34   5   2   1   1  20   0   1   1   5   2   0   0   2  0.69 0.51
  275 S     1  -1   0   1  -4   0   1   1   1  -2  -3   1  -2  -3  -1   2   1  -2  -2  -2   10   3   5   7   0   4   9  12   4   2   1   9   1   1   2  17   8   1   1   3  0.19 0.21
  276 L    -1   0  -2  -1  -1  -1  -1  -3  -1   1   2   0   1   2  -2   0   1  -1   1   1    6   6   1   4   1   2   4   1   2   9  19   5   3  10   1   5   9   1   4   9  0.10 0.13
  277 E     0   0   2   2  -5   1   3  -2  -1  -2  -2   3  -2  -3  -1  -1  -1  -5  -3  -3    7   5  10   9   0   7  21   3   1   2   4  17   1   1   3   4   3   0   1   2  0.34 0.30
  278 I     0  -1  -2   0  -2   0   1  -2  -1   1   0   1   0  -1   0   0   0  -3   3   0    8   3   1   5   0   4   8   2   1  10   7  11   2   2   4   5   7   0  11   7  0.09 0.14
  279 F    -1  -3  -3  -4  -2  -2  -2  -4  -1   0   1  -1   0   5  -3  -2  -1   6   3  -1    6   1   1   1   1   1   3   1   1   5  11   4   2  29   2   3   5   9   9   5  0.64 0.41
  280 Q    -1   3  -1  -2  -3   2   0  -2   0   0   0   2   1   1  -3  -1   0  -3   0   0    6  15   2   1   0   9   6   2   2   5  11  13   3   7   1   3   5   0   3   5  0.17 0.19
  281 N    -1   1   3   2  -4   1   2  -1   0  -3  -3   2  -2  -3  -1   1   1  -5  -2  -2    5   7  16  10   0   5  12   3   2   2   2  12   1   1   3  10   7   0   1   3  0.30 0.26
  282 E    -1   0   0   0   2   0   0  -1   2   0  -1   0   2   1   0  -1   0   4   1  -1    5   5   5   5   5   5   5   5   5   5   5   5   5   5   5   5   5   5   5   5  0.09 0.08
  283 V     0  -2   0  -2   2   0   0   0  -2   0   0   0   1   1   1   0   0   3   1   0    6   0   6   0   6   6   6   6   0   6   6   6   6   6   6   6   6   6   6   6  0.08 0.13
  284 A     3   0  -1  -2   1   0   0  -1   1   0   0   0   1  -1  -1  -1  -1   2   0   0   24   4   3   3   2   4   7   4   3   4   8   6   3   3   3   4   3   3   3   7  0.16 0.14
  285 R     0   3  -1   0  -5   1   1  -2   0  -2  -2   2   0   1   0  -1  -1   1   0  -2    7  16   3   4   0   6   9   2   2   2   4  15   2   6   5   4   4   2   4   3  0.22 0.22
  286 Q     0  -1  -1   0  -4   2   1  -1   1   0  -1   2   0  -1   1   0  -1   0  -1   0    8   2   2   4   0  10  11   3   4   5   6  12   3   3   6   8   3   1   2   7  0.11 0.15
  287 L     2  -4  -3  -3  -1  -2  -3  -3  -1   0   3  -1   0   3  -1  -2  -2   0   1   0   19   0   1   1   1   1   2   2   1   5  30   5   2  11   3   2   2   1   4   4  0.35 0.30
  288 I     1   0  -2  -2  -1   0   0  -1  -1   1   0   2   1   0  -1  -1  -1  -1   0   1   13   3   2   2   1   4   6   4   2  11  10  14   3   4   3   4   3   1   3   9  0.07 0.10
  289 S     1  -1   0   2  -4   0   1   0   1  -3  -3   2  -1  -3  -1   2   0  -4  -2  -2   13   3   4  13   0   5   7   6   4   2   2  14   1   1   2  13   6   0   1   3  0.23 0.21
  290 E    -1  -2  -1   1  -1   2   3  -2   4  -4  -1   2  -2   2  -2  -2  -2   0   2  -3    4   1   3   6   1   9  20   3   8   1   5  11   1   8   2   3   2   1   8   2  0.36 0.30
  291 K    -2   4  -1  -3  -1   0  -2  -2  -1  -6  -4   6  -3  -1  -3  -2  -2  -6  -2  -3    4  17   3   1   2   4   2   3   1   0   2  48   1   3   1   3   2   0   1   2  1.04 0.66
  292 G    -1   0   0   0  -3   0   0  -1   1   0  -1   0   1   0   0   0   0   3   1   0    5   5   5   5   0   5   5   5   5   5   5   5   5   5   5   5   5   5   5   5  0.06 0.08
  293 T     0   0   0   0  -2   1   0   0   1   0  -1   0   1   0   1   0   0  -2   1   0    6   6   5   6   0   5   6   6   5   6   6   6   5   5   6   6   6   0   5   6  0.03 0.06
  294 I     0   0  -2  -3   2  -2  -2   0   2   0   0   0   1   1   1   0   0   4   1   0    6   6   0   0   6   0   0   6   6   6   6   6   6   6   6   6   6   6   6   6  0.10 0.14
  295 N    -1   1   2   0  -3   0  -1  -1   1   0  -1   0   1   0  -1   1   0  -3   0   0    3   7  13   4   0   4   3   4   4   5   6   6   4   4   3  13   5   0   3   6  0.08 0.12
  296 F    -2  -5  -1  -1   0  -4  -2  -2   0   0  -1  -3   0   7  -2  -2  -2   2   2  -1    3   0   4   3   2   0   3   3   2   5   4   2   2  47   3   2   2   3   5   5  0.86 0.53
  297 L     2  -4  -2  -4   0  -4  -2  -2  -4   2   2  -4   1   0  -4  -2   0  -4  -1   3   19   0   2   0   2   0   2   3   0  10  22   0   3   4   0   2   4   0   2  24  0.38 0.30
  298 H    -2  -1   0  -1  -1  -1   0  -2   3   0  -1  -1   0   0  -2  -1   1   5   3   1    3   4   4   2   1   3   5   3   9   7   6   3   3   4   1   3  11   7  10  10  0.20 0.20
  299 A     2  -3  -2  -3  -1  -3  -1  -1  -4   3   0  -1   1  -1  -4   1  -1  -4  -3   2   22   0   2   0   1   0   5   5   0  16   9   3   3   2   0  14   4   0   0  12  0.28 0.27
  300 D    -2  -3   2   6  -5  -1   0  -3  -2  -2  -3  -3  -5   0  -2  -1  -2  -1  -3  -2    3   1  10  52   0   2   5   1   1   3   2   1   0   4   2   4   2   1   1   3  1.00 0.57
  301 C     2  -1   0  -1   2  -1  -1   1  -2  -1  -1   0   1  -1  -1   0   1  -1  -1   0   20   3   5   3   4   1   4  11   0   4   7   6   4   2   2   7   7   1   2   5  0.09 0.12
  302 D    -2  -1   0   4  -5  -1   3  -2   0  -2  -3   1  -2  -2  -2   0  -1  -2  -1  -1    3   2   4  28   0   2  17   3   2   3   2  11   1   1   2   8   4   1   2   4  0.43 0.32
  303 K     0   1   0   2  -4   1   2  -1  -1  -1  -2   3  -1  -2  -2  -1   0  -4  -2  -2    8   6   4  12   0   5  12   5   1   3   3  22   2   1   1   3   6   0   1   3  0.27 0.23
  304 F    -2  -3  -1  -3  -5  -4  -3  -3   0  -2   0  -4   0   7  -4  -1  -3   1   3  -1    3   2   3   2   0   1   2   2   2   2   8   1   2  48   1   5   2   1  10   5  1.09 0.58
  305 R     1   2  -1   0  -4   2   1   2   0  -3  -2   1  -2  -2  -1   0  -1  -4  -1  -2   15  11   2   5   0   9   7  15   3   1   4   8   1   2   2   8   2   0   2   3  0.20 0.20
  306 H     1   1   1  -1  -5   1  -1   0   7  -4  -3   1  -2  -1  -4  -1  -3  -2  -1  -3   10   9   5   4   0   7   4   6  31   1   2   9   1   3   1   3   1   1   2   2  0.72 0.46
  307 P    -1  -1  -2  -1  -5   1   2  -2   4  -1  -3  -1  -1  -1   5   0  -3   0  -3  -1    6   3   1   2   0   6  15   2  12   4   2   4   2   3  25   6   0   2   1   4  0.54 0.39
  308 L     2  -3  -2  -3  -4  -2  -3  -2  -2   1   3  -3   1   2  -4  -3  -2  -4   0   1   15   1   2   1   0   2   1   3   1   7  35   1   4   9   0   1   2   0   3  11  0.44 0.32
  309 L     0  -1  -2  -1  -2   0   1   0   1  -1   2   0   0   1  -2   0  -1   0   0   0    7   3   1   3   1   5   9   6   4   3  21   7   2   8   1   7   2   1   3   5  0.07 0.12
  310 H    -1  -2   3   1  -5  -1   0   1   6  -3  -4  -1  -2   1  -2  -1  -1  -2   1  -4    5   2  13   8   0   3   7  10  23   1   1   4   1   6   2   4   3   1   5   1  0.54 0.38
  311 I    -2  -5  -4  -4  -3  -3  -3  -4  -5   2   4  -2   3   3  -3  -2  -4  -4   1   1    3   0   1   1   0   1   2   2   0  10  40   2   6  14   1   3   1   0   5   8  0.66 0.43
  312 Q    -1  -1   3   0  -5   2   1   4   1  -5  -1  -1  -4   1  -3  -2  -3  -1   0  -5    4   2  15   4   0   9   9  28   3   0   6   4   0   7   1   2   1   1   3   0  0.45 0.37
  313 K    -2   0   0   0  -4   0   0   0  -1  -1   2   3   0  -2  -1  -1  -1  -4  -1  -1    2   4   5   5   0   3   7   9   1   2  19  23   3   1   3   3   2   0   2   5  0.19 0.22
  314 T     0  -1   0   0  -3  -1   0  -2  -2   0  -1   2  -1  -1  -1   1   2   2  -1   1    6   2   4   4   0   2   5   2   1   5   6  12   2   3   2  14  14   3   2  10  0.12 0.17
  315 P    -1  -2  -1   0  -4  -1   1   0   0  -2  -2   1  -1  -4   4   0   1  -2  -3  -1    5   1   3   6   0   3  11   8   2   2   4  10   1   1  22   8   8   1   0   4  0.33 0.28
  316 A     2  -1   0   2  -4   0   2   2  -2  -3  -3   1  -2  -4  -2   1   0  -2  -4  -2   17   3   4  12   0   3  14  13   1   1   2   9   1   1   2  11   5   0   0   3  0.29 0.26
  317 D     0   0   0   0  -3   1   0   0   1   0  -1   0   1   0   0   0   0   3  -1   0    6   6   5   6   0   5   6   6   5   6   6   6   5   5   6   6   6   5   0   6  0.06 0.09
  318 C     0  -1  -1  -1   1  -1  -1  -1   0   1   0   0   0   1   0  -1   0   4   0   1    7   2   3   4   3   3   2   3   2  10   7   9   3   8   5   5   5   6   3  10  0.07 0.10
  319 P    -1  -2   0  -5  -5  -1  -1  -3   0   0  -2  -1   0   0   6  -2  -2  -6  -5  -1    6   3   4   0   0   2   5   2   2   5   3   4   3   4  46   3   3   0   0   4  0.96 0.60
  320 V     2  -2  -2  -4   0  -2  -3  -1  -1   1   0  -1   0   0  -4  -1   0  -4  -1   4   16   2   2   0   1   2   1   4   1   8   8   3   2   4   0   5   5   0   2  33  0.34 0.30
  321 I    -1  -5  -1  -5  -1  -2  -5  -2  -5   4   1  -5   2   4  -2  -3  -1  -4  -1   3    4   0   3   0   2   2   0   3   0  26  10   0   4  16   2   2   3   0   2  22  0.58 0.39
  322 A     4   0  -2  -4   0   0  -3   0  -1   0  -1  -2   0  -1  -2   0  -1  -5  -2   2   36   5   2   0   2   3   1   7   1   6   5   2   2   2   2   5   4   0   1  13  0.34 0.31
  323 I    -1  -2  -1  -2  -4  -1  -3  -1   0   4   0  -2   1   2  -4  -3  -2   1   1   2    6   2   3   3   0   2   1   5   2  32   7   3   3   8   0   0   1   2   4  14  0.40 0.31
  324 D    -3  -1   1   5  -1   2   1  -2   1  -1  -3  -1   0  -2   1  -1  -1  -5  -1  -2    2   3   5  31   1  11   9   2   4   4   3   2   3   1   6   3   4   0   2   2  0.46 0.35
  325 S     0  -1   3   2  -2  -1   1   0  -1  -2  -2   0   0  -4  -1   2   1  -4  -2  -3    8   2  12  12   1   2   8   7   2   2   3   6   2   0   2  19  10   0   2   1  0.25 0.25
  326 F    -1  -1   0   0  -3  -1   0  -1  -1   0   0   1   0   4  -1   0   0  -1   0  -1    5   2   5   5   0   2   6   4   1   5  11   8   2  20   3   5   6   1   2   4  0.12 0.15
  327 R    -1   3   2   1  -5   1   1   0  -2  -3  -4   3  -1  -5  -1   0  -1   0  -4  -2    5  16  10   7   0   6  10   7   1   2   1  17   1   0   3   7   3   1   0   3  0.34 0.29
  328 H    -1  -1   2   0  -4   1   1  -1   4  -2  -1   2  -1  -2  -1   0  -1  -1   2  -2    4   3  12   4   0   5   9   5  12   2   5  14   2   1   3   5   4   1   6   2  0.24 0.24
  329 M     0   0   0   0   2   0   0  -1   1   0  -1   0   1   0   0   0   0  -2   1   0    5   5   5   5   5   5   5   5   5   5   5   5   5   5   5   5   5   0   5   5  0.03 0.05
  330 Y    -1   0  -1  -1  -3   0  -1  -1   1   0  -1   1   0   2  -1  -1   0   2   4  -1    5   4   3   3   0   4   4   4   3   6   7  11   3   9   4   4   5   3  15   4  0.14 0.17
  331 V    -1   0  -1  -2   0  -1   0  -2   0   0   0   3   0   1   1  -1  -1   1   2   1    4   4   2   2   2   2   6   2   2   5  10  20   3   5   6   3   3   2   7   9  0.14 0.17
  332 F    -2  -2  -2  -1  -5  -1  -2  -2   1  -2  -1   0   1   5   1  -2  -1   1   4  -1    3   2   2   4   0   3   3   3   3   2   6   5   4  28   7   3   4   2  12   4  0.52 0.37
  333 G    -1  -1  -1   0  -4  -1  -1   3   1  -4  -2   0  -1   1   3  -1  -2   0   2  -3    6   3   3   6   0   3   5  23   3   0   4   5   1   5  16   4   2   2   7   2  0.33 0.28
  334 D    -3  -1   1   5  -5   1   2  -2   0  -2  -1   0  -1  -1   0  -1  -1   0   0  -3    2   2   6  31   0   5  11   4   2   2   6   6   1   3   5   4   4   1   3   2  0.43 0.34
  335 F    -1  -3   0   0  -4   2   0  -1  -1   0  -1  -1   2   4   0   0   0  -1   1  -1    4   0   5   5   0  10   7   4   1   4   7   4   5  18   5   8   5   1   4   3  0.18 0.21
  336 K    -1  -1   0   0  -4   2   2   0  -2  -3  -4   3  -1  -2  -1   1   1   0  -2  -2    5   2   4   5   0   8  13   7   1   2   1  21   1   2   2  12   8   1   1   3  0.28 0.28
  337 D    -1  -1   0   5  -5   0   3  -2  -1  -3  -3   2  -2  -5  -1   0  -1  -6  -2  -5    4   2   5  32   0   3  16   4   1   2   2  12   1   0   3   7   3   0   1   0  0.64 0.46
  338 V     0  -2  -1   1  -2   0   1  -1  -1   1   0   0   1   0  -1  -1   0  -3  -1   1    7   1   2   7   1   3  13   5   1  11  11   7   4   4   2   4   4   0   2  10  0.06 0.10
  339 L    -2  -1  -1  -2  -3  -1   0  -2   0   2   2  -1   1   2  -1  -1   0  -3   0   0    3   2   3   2   0   2   6   2   3  12  21   5   2  10   3   5   7   0   4   7  0.13 0.15
  340 I     0   0   0   0  -2   1   0   0   1   0  -1   0   1   0   1   0   0  -2   1   0    6   6   5   6   0   5   6   6   5   6   6   6   5   5   6   6   6   0   5   6  0.03 0.06
  341 P     0  -2  -1   1  -4   0   2  -2   1  -2  -2   0  -1  -2   5   0   0  -4  -1  -1    8   2   3   6   0   3  12   2   3   2   3   6   2   2  27   7   5   0   3   4  0.42 0.32
  342 G     0  -1   1   2  -4   0   2   3   0  -3  -4   1  -4  -2  -1   0  -2   0  -4  -3    9   2   6  12   0   3  15  22   2   2   0  10   0   2   3   7   2   2   0   2  0.33 0.29
  343 K     0   0   2   0  -3   0   0  -2   1  -2  -2   2  -2  -1  -1   1   1   2  -1  -1   10   4  14   5   0   4   7   2   4   2   3  17   0   2   2   9   7   3   2   4  0.18 0.20
  344 L    -2  -5  -5  -6  -4  -2  -5  -3  -5   5   4  -5   2   0  -5  -3  -2  -5  -4   2    2   0   0   0   0   2   0   2   0  32  35   0   4   4   0   2   2   0   0  13  0.88 0.48
  345 K     0   1  -1  -1  -4   1   2   0  -1  -3  -2   4  -1  -5  -1   0   0  -5  -4  -2    8   8   2   3   0   5  17   7   1   1   3  27   2   0   3   6   5   0   0   2  0.37 0.30
  346 Q     1   0   0   0  -5   4   2  -3  -1  -4  -5   4  -2  -5  -2   0   0  -5  -4  -3   10   3   3   5   0  22  12   1   1   1   0  23   1   0   2   7   6   0   0   1  0.54 0.41
  347 F    -3  -4  -6  -7  -6  -3  -6  -7  -1  -3  -2  -6   0   9  -7  -6  -3   3   1  -3    2   1   0   0   0   1   0   0   1   1   2   0   2  77   0   0   1   4   4   1  2.30 0.95
  348 V    -1  -5  -5  -5   2  -5  -5  -3  -5   3   1  -3   1  -2  -5  -3  -1  -5  -1   5    4   0   0   0   4   0   0   2   0  17  13   2   3   1   0   1   3   0   2  48  0.84 0.47
  349 F     0  -1   1   2  -4   2   2  -2  -1  -2  -1   1  -1   0  -3   0  -1  -4   0  -2    7   2   6  13   0  13  15   1   1   1   6  11   2   5   0   8   3   0   3   2  0.23 0.22
  350 D    -2  -2   1   7  -5   0   0  -1  -1  -5  -3   0  -5  -5  -3  -1  -4  -6  -5  -5    3   2   5  58   0   4   4   4   1   0   4   7   0   0   1   5   0   0   0   0  1.13 0.56
  351 L    -2  -4  -5  -5  -2  -3  -5  -5  -2   1   3  -3   0   6  -5  -4  -4   0   4   1    3   0   0   0   1   1   0   0   1   6  24   1   2  33   0   0   0   1  14  11  0.85 0.43
  352 H    -1  -1   0  -2  -3   0  -1  -3   3   0   2   0  -1   1  -3   0  -1  -3   1   1    4   2   5   2   0   3   3   0  10   3  25   6   1   6   0   8   3   0   6  14  0.16 0.18
  353 S     1   0   1   1  -2   0   1   0   1  -2  -1   1   0  -3  -2   2   0  -3  -2  -1    9   4   7   8   0   4   8   5   4   0   4   8   4   0   0  24   4   0   0   4  0.17 0.14
  354 G     0   0   1   1  -4   0   0   5   1  -4  -2   1  -3  -4  -3  -2  -2  -4  -3  -3    5   5   6   7   0   5   7  45   5   0   5   8   0   0   0   1   0   0   0   0  0.53 0.27
  355 K    -1   1   0   0  -3   2   1  -1   1  -3  -2   4  -2  -3  -2   0   0   1  -2  -2    3   6   4   3   0   8   9   4   4   0   3  38   0   0   0   6   5   3   0   4  0.37 0.25
  356 L    -1  -1  -2  -4   0  -1  -3  -3   0   1   4  -1   2   0  -2  -3  -1  -3  -1   1    3   4   3   0   2   2   0   2   3   7  49   4   4   2   2   0   2   0   2   8  0.38 0.27
  357 H    -1   1  -1  -1  -4   1   2  -2   6  -3  -2   2  -1  -2   1   0  -1  -4  -1  -2    4   6   2   2   0   6  14   2  22   0   4  13   1   2   6   9   3   0   1   2  0.41 0.29
  358 R    -1   1  -3  -1  -4   1   0  -4   1  -2  -1   2  -1  -2   5  -2  -1  -4  -1  -2    5   9   0   3   0   6   6   0   4   1   8  12   1   2  32   2   2   0   2   2  0.54 0.31
  359 E    -1   0   1   0  -4   0   2  -3   2  -2  -3   1  -1   0  -2   1  -1  -1   4  -2    3   5   6   4   0   2  17   0   4   3   1  12   2   4   1  14   3   1  15   2  0.27 0.25
  360 F    -2  -4  -4  -3  -4  -3  -4  -5   0   3   2  -3   0   5  -4  -2  -2   2   3   1    2   0   0   2   0   1   0   0   2  17  17   1   2  27   0   4   2   3  12   8  0.59 0.34
  361 H    -2   0   0  -1  -5   0   1  -4   6  -4  -3   5  -1  -4  -4  -3  -1  -5   0  -2    2   2   3   4   0   3   7   0  22   0   1  46   1   0   0   0   3   0   2   2  0.92 0.51
  362 H    -2  -1  -1   0  -4   0   1  -2   2  -1  -3   0   0  -2  -1   4  -1  -4   2  -2    1   2   2   4   0   3   9   3   6   3   2   6   3   1   3  41   1   0   7   2  0.41 0.36
  363 G     0  -2   0   0  -3   2   3   2  -2  -1  -2   0  -1  -2  -1  -1   0  -4  -3   0    7   1   3   4   0  13  25  15   0   3   3   4   2   1   3   4   4   0   0   8  0.26 0.23
  364 P    -1  -4  -2   0  -5  -1   0  -3  -4  -4  -2  -2  -2  -3   7  -2  -1  -5  -3  -3    4   0   1   5   0   3   6   2   0   1   5   3   1   1  59   2   3   0   1   2  1.36 0.61
  365 D    -2  -2  -1   4  -4   0   2  -3  -3   3  -1  -1   0  -3  -2  -1  -2  -4  -4   1    2   1   3  24   0   4  18   2   0  21   5   2   2   0   2   3   1   0   0  11  0.41 0.31
  366 P    -2  -2  -3   1  -5   0  -1  -3  -2  -3  -2  -1  -4  -5   7  -1  -1  -5  -5  -3    3   2   0   8   0   5   4   1   1   2   4   4   0   0  55   4   4   0   0   1  1.24 0.57
  367 T     0  -2   1   1  -3   0   1  -1  -1  -1  -2   0  -1  -2  -1   1   2   4  -2   1    7   1   6   7   0   3  10   3   1   3   2   6   1   1   2  13  16   7   1  10  0.19 0.19
  368 D    -2   0   2   4  -4   2   3  -2  -1  -4  -3   1  -2  -3  -1  -1   0  -4  -3  -3    2   4  10  25   0   8  23   2   1   1   2   7   1   1   2   3   6   0   0   2  0.52 0.32
  369 T     0   0   1   1  -2   1   1  -2  -1  -1  -1   1  -1  -2  -1   0   2   1  -2   0   10   4   8   6   0   6   9   1   1   4   5   8   1   1   3   7  14   2   0   8  0.10 0.11
  370 A     1   0   0  -1  -1   1   1   0  -1   0   0   0   0  -1   0   0   0  -3  -2   0   16   4   4   3   1   8   9   8   1   6   8   3   2   2   3   8   5   0   0  10  0.06 0.08
  371 P     0  -2  -1   1  -3  -2   0  -2  -1  -2  -2   0  -1  -4   6  -1   0  -4  -3   0    6   2   3   7   0   1   6   2   1   2   3   5   2   1  39   4   7   0   0   7  0.69 0.35
  372 G     1  -1   0  -1  -1   0   0   3   0  -1  -2   0  -2  -2   0   0  -1   0  -2  -1   12   4   4   3   1   4   8  29   2   3   2   5   1   1   5   8   3   2   0   3  0.23 0.16
  373 E     0   0   0   1  -2   1   3  -1  -1  -1  -2   2  -2  -3   0   0   0  -3  -3  -1    8   4   4   5   1   6  22   3   1   5   2  13   1   1   5   8   6   0   0   5  0.20 0.17
  374 Q     0  -1   2  -1  -3   4   1  -1   0  -2  -2   1  -1  -4  -1   0   1  -1  -2  -1    7   2  11   3   0  26   7   3   2   2   3   8   1   0   3   7   7   1   1   6  0.30 0.25
  375 D    -1  -2   0   4  -4   0   1  -1  -1  -1  -3   0  -1   0   0   0   1  -1   0  -2    4   1   5  26   0   3  10   5   1   3   2   7   1   5   4   7   8   1   3   2  0.26 0.21
  376 Q     0   0   1   1  -3   2   2  -1   1  -1  -2   2  -1  -4   1   0   0  -4  -3  -1    6   3   5   8   0  12  16   5   3   4   2  12   1   0   5   8   5   0   0   3  0.22 0.19
  377 D    -1  -1   1   3  -4   1   2   0  -2  -1  -2   1  -1  -3   1   0  -1  -4  -3  -2    4   2   7  22   0   5  12   7   0   4   4   8   1   1   8   7   3   0   0   3  0.28 0.21
  378 V    -1  -2  -2  -1  -1  -1  -1  -2  -2   1   0   0  -1  -1   1  -1   0  -4  -3   4    5   1   2   3   1   3   4   3   1   8   7   7   1   2   8   3   6   0   0  36  0.27 0.23
  379 A     2  -2   0  -1  -3   1   0   0  -2  -1  -1   1  -2  -2   2   0   0  -3  -3   1   23   1   4   3   0   6   6   6   0   3   7  10   0   1   9   5   5   0   0  11  0.15 0.16
  380 S     0  -1  -1  -1  -4  -1   0  -3   0  -2  -2   1  -2  -4  -1   2   5  -5  -4  -3    7   3   2   3   0   1   6   1   2   1   5   8   1   0   3  16  40   0   0   1  0.55 0.41
  381 S     0  -2  -1   2  -3   2   0  -2  -3  -3  -3  -1  -1  -2  -2   2   4  -4  -4   0    7   1   2  11   0   9   4   3   0   0   2   2   2   2   2  19  29   0   0   6  0.43 0.35
  382 P    -2  -4  -3  -5  -6  -3  -3  -3  -5  -3  -1  -2  -5  -1   8  -4  -2  -6  -6  -2    3   1   1   0   0   1   2   2   0   1   6   3   0   3  70   1   2   0   0   3  1.87 0.81
  383 P    -3  -3  -5  -5  -6  -3  -4  -4  -1  -6  -4  -1  -5  -3   8   0  -3  -7  -6  -1    1   1   0   0   0   1   1   1   1   0   2   4   0   2  72   6   1   0   0   5  1.98 0.85
  384 E    -1  -1  -2   0  -5   0   5  -3  -1  -4  -2   1  -4  -5   2   0  -1  -5  -4  -1    3   2   1   3   0   2  46   1   2   0   5   8   0   0  12   6   3   0   0   5  0.72 0.46
  385 S    -1  -3  -2  -2  -5  -4  -4  -4  -5  -6  -6  -2  -5  -6  -5   7   0  -6  -4  -3    4   1   1   1   0   0   0   0   0   0   0   2   0   0   0  83   5   0   1   2  1.73 0.87
  386 S    -2  -3   0  -4  -4  -1  -3  -3  -4   1  -1   0  -1  -4  -2   0   4  -5  -4   4    1   1   4   0   0   2   1   2   0   7   3   7   1   0   2   5  29   0   0  35  0.61 0.43
  387 F    -5  -7  -7  -8  -7  -8  -8  -8  -6  -4  -2  -8  -4   9  -8  -7  -6  -4  -1  -1    1   0   0   0   0   0   0   0   0   0   2   0   0  93   0   0   0   0   0   4  2.98 1.06
  388 Q    -2   1  -1  -2  -6   1   1  -5   0  -2  -5   7  -4  -6  -4  -3  -2  -6  -5  -1    3   5   2   1   0   6   7   0   2   2   0  65   0   0   0   0   2   0   0   5  1.23 0.62
  389 K    -3  -1   1   1  -6   3   3  -4   1  -3  -2   5   0  -5  -4  -2  -3  -5  -4  -2    1   2   6   7   0  11  24   0   4   1   3  36   2   0   0   1   0   0   0   3  0.75 0.45
  390 L    -5  -6  -7  -7  -5  -6  -6  -7  -6  -1   6  -6  -1   0  -6  -6  -3  -5  -4   1    0   0   0   0   0   0   0   0   0   1  86   0   0   3   0   0   2   0   0   8  1.69 0.71
  391 A     2  -1  -3  -4  -4  -2  -2   2  -4  -2  -2   4   0  -4  -4   0   0  -5  -4   1   22   1   0   0   0   0   1  16   0   1   4  32   2   0   0   5   7   0   0   9  0.48 0.35
  392 P    -5  -6  -2  -6  -7  -3  -5  -1  -6  -6  -2  -5  -1  -7   8  -5  -5  -7  -2  -6    0   0   2   0   0   1   0   5   0   0   4   0   2   0  85   0   0   0   2   0  2.59 0.92
  393 S     0  -1  -3   1  -5  -3  -3  -3   0  -6  -6  -1  -5  -6  -4   7  -2  -6  -5  -5    7   3   0   7   0   1   0   1   2   0   0   3   0   0   0  77   0   0   0   0  1.49 0.71
  394 E    -3   2   1   0  -5   0   3  -2   0  -5  -5   5  -4  -5  -1   1  -2  -5  -2  -5    0  10   6   4   0   2  23   2   2   0   0  37   0   0   3   9   1   0   1   0  0.75 0.41
  395 Y    -3  -2   5  -1  -5  -1  -3  -4   5  -4  -2   2   0  -1  -4   1   0  -5   1  -4    0   1  32   2   0   2   0   0  17   0   4  15   3   3   0  10   7   0   5   0  0.73 0.41
  396 R    -5   8  -1  -5  -7  -1  -1  -6  -4  -7  -6   2  -5  -6  -6  -4  -5  -6  -3  -6    0  83   3   0   0   2   3   0   0   0   0   8   0   0   0   0   0   0   1   0  2.16 0.79
  397 Y    -6  -5  -2   2  -7  -5  -1  -7   1  -6  -5  -5  -5  -1  -7  -5  -5  -2   9  -5    0   0   2  11   0   0   4   0   3   0   0   0   0   0   0   0   0   0  80   0  2.50 0.85
  398 T    -2  -4  -3  -4  -4  -4  -4  -4  -5  -1  -4  -4  -4  -5  -4   4   6  -6  -5   1    2   0   0   0   0   0   0   0   0   4   0   0   0   0   0  34  52   0   0   8  1.27 0.60
  399 L    -3  -5  -6  -6  -4  -5  -5  -6  -5   2   5  -5   0   2  -5  -5  -4  -4  -1   2    1   0   0   0   0   0   0   0   0  11  65   0   1   8   0   0   0   0   1  11  1.09 0.44
  400 L    -1  -5  -3  -6  -4  -4  -5  -5  -5   2   5  -3   0  -1  -5  -4  -3  -4  -4   2    6   0   1   0   0   0   0   0   0  13  63   1   1   1   0   0   0   0   0  12  0.98 0.42
  401 R    -2   4  -2   0  -4   2   0  -3   4  -3  -3   3   0  -3  -1  -2  -2  -3  -1  -3    1  28   1   6   0  11   3   2  12   1   2  23   3   1   2   1   1   0   2   1  0.59 0.27
  402 D    -2  -1   1   6  -4  -1   2  -1  -3  -4  -4  -1  -4  -1  -2  -1   1  -2  -3  -4    2   3   7  49   0   1  13   3   0   1   1   2   0   4   1   2  10   1   0   1  0.79 0.32
  403 R    -3   5  -2  -3  -5  -1   2  -4   5  -5  -5   5  -4  -5  -4  -2  -3  -5  -3  -5    0  32   0   0   0   0  11   0  15   0   0  42   0   0   0   0   0   0   0   0  1.11 0.39
  404 D    -4  -3  -1   7  -6  -2   1  -4  -3  -5  -6   1  -5  -6  -4  -2   0  -6  -5  -5    0   0   0  80   0   0   6   0   0   0   0   7   0   0   0   0   7   0   0   0  1.65 0.46
  405 E    -3  -2  -2   2  -6   0   7  -4  -2  -5  -5  -2  -4  -5  -3  -2   0  -5  -4  -5    0   0   0   9   0   0  84   0   0   0   0   0   0   0   0   0   7   0   0   0  1.55 0.45
  406 L    -3  -4  -5  -6  -3  -4  -5  -6  -5   0   6  -5   0  -2  -5  -4  -3  -4  -3   1    0   0   0   0   0   0   0   0   0   0  91   0   0   0   0   0   0   0   0   9  1.31 0.38

                      K         Lambda
Standard Ungapped    0.1378     0.3210
Standard Gapped      0.0410     0.2670
PSI Ungapped         0.1378     0.3210
PSI Gapped           0.0410     0.2670
