
Last position-specific scoring matrix computed, weighted observed percentages rounded down, information per position, and relative weight of gapless real matches to pseudocounts
            A   R   N   D   C   Q   E   G   H   I   L   K   M   F   P   S   T   W   Y   V   A   R   N   D   C   Q   E   G   H   I   L   K   M   F   P   S   T   W   Y   V
    1 M    -2  -3  -4  -4  -2  -2  -4  -4  -3   1   4  -3   7  -1  -4  -3  -2  -3  -2   1    0   0   0   0   0   0   0   0   0   0  47   0  46   0   0   0   0   0   0   7  0.83 0.25
    2 D    -2  -3   2   6  -4  -2   0  -3  -3  -4  -4   0   1  -5  -1   3  -2  -5  -4  -4    1   0   7  48   0   0   1   0   0   0   0   4   5   0   2  32   0   0   0   0  0.91 0.36
    3 T     0  -1   1   0  -3  -1   0  -3  -3  -1  -2  -1  -3  -4   3   3   4  -4  -1  -2    6   2   5   5   0   1   6   0   0   3   2   3   0   0  13  25  29   0   2   0  0.44 0.27
    4 N    -1   0   3   0  -3   0  -1  -1   2  -3  -2  -2   0  -4  -1   4   1  -4  -3  -2    2   3  18   4   0   5   3   4   5   0   5   0   3   0   2  35   8   0   0   2  0.40 0.27
    5 S     0  -3  -2  -2  -4  -3   0  -3  -4  -4  -3  -2  -4  -5   3   5   3  -5  -4  -4    5   1   0   1   0   0   5   0   0   0   3   1   0   0  17  48  19   0   0   0  0.90 0.48
    6 K     0   0  -1   0  -3   0   0   0  -3   0  -2   1  -3  -4   1   3   2  -4  -3  -2    8   5   2   4   0   3   6   6   0   6   2  12   0   0   6  25  14   0   0   1  0.26 0.22
    7 T     1  -2   1  -2  -4  -2  -2  -2  -3  -2  -2  -2   2  -2   3   4   2  -5  -4  -2   11   2   7   1   0   1   1   2   0   1   2   1   6   1  15  35  13   0   0   2  0.52 0.37
    8 K     0  -1   1   0  -3   1  -1   0   3  -2  -3   0  -3  -3   1   3   2  -4  -2  -1    7   3   7   4   0   7   3   6   7   1   1   4   0   1   7  23  12   0   1   5  0.25 0.23
    9 V     2  -1  -1  -2  -3   0  -2  -1  -2   0   0  -1   3  -1   1   2   2  -4  -1   0   16   2   3   2   0   4   1   3   0   5   7   2  11   2   6  15  15   0   1   4  0.19 0.21
   10 Q     0   1  -2   1  -2   1   0  -3  -2  -2  -2   1  -3  -2   3   2   1  -2  -2  -2    7  10   1   7   0   7   5   0   1   2   2   9   0   1  15  17  12   1   1   3  0.30 0.24
   11 T     1  -1   1   0  -3   1   1  -1  -2  -2  -1  -1  -1  -4   0   3   1  -4  -4  -2   10   3   8   4   0   7   9   3   0   3   7   2   1   0   4  29   9   0   0   1  0.27 0.26
   12 E     1   1   1   0  -3   1   1  -1  -1  -3  -3   2  -3  -2   1   2   1  -4  -2  -2   12   6   6   6   0   7   9   2   1   1   0  13   0   2   7  16  10   0   1   2  0.23 0.20
   13 N     1   0   3   1  -3  -1  -2  -2   0  -3  -2   0  -2  -3   1   3   2  -5  -2  -1   11   5  15   8   0   2   1   2   2   0   2   5   1   1   6  22  13   0   1   3  0.29 0.25
   14 K     0   1   2   0  -3  -1   1   0   0  -3  -3   3  -3  -2   0   1   1  -4  -2  -2    9   7   9   6   0   0   7   5   2   1   1  20   0   2   3  14   9   0   1   2  0.23 0.20
   15 K     0   2  -2  -2  -4   2   0  -1   1  -1  -2   2  -2  -4   3   1  -1  -4  -1  -1    8  10   1   1   0  10   7   3   4   4   4  14   0   0  14  12   2   0   1   5  0.25 0.21
   16 I    -1   2  -1  -3   0  -1  -2  -1  -1   1   1   0  -1   1  -2   0   1  -1   1   0    5  15   2   0   2   2   1   4   2  11  13   5   1   6   1  10   8   1   5   7  0.08 0.12
   17 K    -1   2  -1  -1  -4   0  -1  -1   5  -4  -2   0   0  -2  -2   3   1  -4   2  -4    3  13   2   2   0   3   3   3  17   0   3   5   2   2   1  26   9   0   7   0  0.44 0.33
   18 A     4  -2   0  -2  -3   0  -2  -1  -1  -3  -2  -2  -3  -4  -1   2   2  -5  -4  -2   44   2   4   1   0   3   1   3   2   0   3   1   0   0   3  16  13   0   0   2  0.56 0.39
   19 K     1   1   0  -2  -3   0   0  -2  -1   1  -2   2  -2  -3  -2   2   0  -4  -2   0   12   8   4   1   0   4   4   1   1  10   2  16   0   0   2  21   4   0   1   8  0.21 0.21
   20 F    -2  -2  -1  -4  -4  -1  -2  -4  -1   2   2  -4   1   5  -1   0  -2  -3   0   0    3   1   3   1   0   3   2   1   1  11  19   0   3  31   4   7   1   0   2   6  0.45 0.29
   21 I     0  -1  -1  -1  -3   0   0  -3  -3   1   0  -2   1  -3   1   1   1  -4  -3   2    9   2   3   3   0   4   8   1   0   8   8   1   4   0   7  14   8   0   0  20  0.16 0.18
   22 H     0  -2  -1   1  -4   1   0  -2   4  -1  -3  -1  -3  -1   3   1   2  -4   0  -3    5   1   2   7   0   8   6   2  12   3   1   4   0   3  18  12  12   0   3   0  0.37 0.27
   23 N    -1   1   1   0  -1   1   0  -1   1  -2  -1   1  -1  -2   2   1   1  -3  -2  -2    3   8   8   4   1   7   5   2   5   2   7   8   2   1   9  14  11   0   0   2  0.15 0.13
   24 H     0  -1   0   1  -3   1   0  -2   3  -2  -1   0  -1  -2   2   1   1  -3  -1  -1    8   3   3   9   0   8   4   1  10   2   4   6   1   1  10  15   7   0   2   5  0.18 0.15
   25 G    -1   0   0  -1  -3  -1   0   1   0   0  -1   0  -1  -3   4   1   0  -3  -2  -1    4   6   4   3   0   2   6   9   3   7   7   4   1   0  24  12   4   0   1   3  0.29 0.17
   26 Q    -1   2   0  -2  -4   5   0  -3   1  -4  -2  -1  -2   1   0   1   0  -4   0  -2    3  12   5   1   0  32   5   1   3   0   4   1   1   6   4  10   6   0   4   2  0.45 0.33
   27 K    -1   0  -1  -1  -4   1  -1  -3   0  -2  -2   4  -3  -4   0   3   1  -4  -2  -2    2   3   3   3   0   5   2   1   3   2   3  29   0   0   5  27   7   0   1   3  0.44 0.32
   28 P     0  -2  -1  -1  -3  -1  -1  -3  -1  -1  -1  -1  -3  -2   4   4   1  -4  -3   0    6   1   3   2   0   3   2   1   1   4   6   3   0   2  19  34   7   0   0   7  0.42 0.30
   29 S    -2  -2  -1   2  -3   0   0  -2  -1  -5  -2  -1  -4  -5   6   2  -2  -5  -4  -4    2   2   3  12   1   4   5   3   1   0   4   2   0   0  44  14   2   0   0   0  0.97 0.45
   30 L    -3  -4  -5  -5  -4  -4  -4  -3  -2   1   5  -3  -1   1  -5  -2   0  -4   0  -1    1   0   0   0   0   0   0   3   1   7  65   1   0   5   0   3   7   0   2   2  0.88 0.44
   31 I    -2  -3  -5  -5  -4  -4  -4  -5  -5   1   5  -4   2   0  -1  -2   1  -4  -3   2    3   1   0   0   0   0   0   0   0   7  53   0   4   3   3   2   9   0   0  13  0.74 0.39
   32 Q     0  -2   0   0  -3   1   0  -2  -2  -1   0  -1   0   0   0   2   2  -3  -1   0    7   0   5   4   0   8   5   2   1   1  12   3   1   4   3  19  15   0   2   8  0.14 0.17
   33 I     2  -1   1  -1  -2   0  -2  -3  -1   0  -3  -1  -2  -4  -2   4   3  -5  -2  -1   15   4   6   2   0   4   1   1   1   5   1   2   1   0   1  32  18   0   1   4  0.43 0.33
   34 T    -3  -2  -3  -3  -4  -3  -3  -4  -4   1   1  -3   0  -4  -4  -2   6  -4  -3   2    1   2   0   1   0   0   1   1   0   7  12   1   2   0   0   1  55   0   1  12  0.94 0.50
   35 P    -1  -5  -3  -2  -5  -4  -3  -5  -3  -4  -6  -3  -5  -6   8   0   0  -6  -6  -3    6   0   1   2   0   0   1   0   1   1   0   1   0   0  71   8   5   0   0   2  1.97 0.76
   36 P     1  -2  -2  -4  -5  -2  -3  -3  -4  -3  -4   1  -4  -2   6   1   0   0  -3  -2   10   1   1   0   0   2   1   1   0   1   1  10   0   2  48   9   7   1   1   3  1.09 0.52
   37 M    -1  -2   4  -3  -5   3  -2  -4  -2   0  -2  -2  -1  -5   4   1   1  -6  -3  -2    5   1  21   0   0  14   1   0   1   5   3   1   2   0  25   9  10   0   1   2  0.67 0.42
   38 I    -2  -5  -2  -4  -4  -5  -5  -6  -5   4   2  -5   2   4  -5  -4  -2  -4  -1   4    2   0   2   1   0   0   0   0   0  21  18   0   5  17   0   0   2   0   1  30  0.82 0.42
   39 S     0   0  -1  -3  -4  -3  -4  -4  -4   1   1  -2   0  -1  -4   2   5  -5  -4   0    8   5   3   1   0   0   0   0   0   9  12   1   2   2   0  13  36   0   0   6  0.54 0.39
   40 S    -1   6  -1  -3  -5   0  -1  -3  -1  -3  -3   3  -2  -3  -4   0  -1   0  -3  -2    4  44   2   1   0   3   3   1   2   1   2  18   1   1   0   8   4   1   1   3  0.84 0.47
   41 T     3  -4  -4  -4   0  -2  -2  -3  -4  -1   2  -4   0   4  -4   0   0  -4  -2   1   26   0   0   0   2   2   2   1   0   3  23   0   2  20   0   5   5   0   0   8  0.49 0.34
   42 L    -2  -5  -1  -6  -4  -2  -5  -6  -5   1   5  -2   0  -1  -6  -5  -4  -5  -4   1    3   0   4   0   0   2   0   0   0   6  67   2   1   3   0   0   0   0   0  11  1.12 0.54
   43 F     2  -3  -2  -2  -2  -1  -2  -2  -1   1  -2  -3  -3  -2  -2   2   0  -5  -1   4   22   1   1   2   1   2   1   3   2   7   2   1   0   1   1  15   6   0   2  29  0.39 0.32
   44 H    -1   4   0  -2  -4   2   0  -1   1  -2  -1   2  -2  -2  -2   0  -2  -3   3  -1    5  22   5   1   0   9   6   5   3   3   6  10   1   1   1   6   1   0  12   4  0.30 0.25
   45 A     0  -4  -4  -4   2  -2  -4  -3  -2   2   3  -4   0   1  -4   2   0  -4  -1   0    6   0   0   0   5   1   0   1   1  11  31   0   1   7   0  21   6   0   2   6  0.42 0.32
   46 Y     2   0  -2  -4  -5  -2  -4   4   4  -5  -5  -2  -1   1  -5   1  -3  -4   4  -3   20   4   1   0   0   1   0  30  10   0   0   1   2   5   0   8   1   0  14   1  0.68 0.43
   47 P    -3   0  -6  -1  -7  -6  -5  -1  -6  -3  -5  -5  -6  -3   8  -3  -5   0  -2  -2    2   5   0   3   0   0   0   6   0   2   1   0   0   1  72   2   0   1   2   3  2.03 0.90
   48 L     0  -4  -3  -5  -1  -2  -4  -5  -1   1   1  -3   0   4   1  -2  -1   1   4   2    8   0   1   0   1   1   0   0   1   8  11   1   2  17   6   2   3   2  18  16  0.50 0.34
   49 L    -3  -2  -6  -6  -5  -5  -6  -6   1   5   3  -5   0   4  -3  -5  -4   1  -1   1    2   2   0   0   0   0   0   0   3  33  28   0   1  16   2   0   0   2   2   8  0.92 0.50
   50 L     1   1  -1  -2  -1   0   0  -2   3   1   1   0  -1  -2  -3   1   0   2  -1   0   11   7   3   1   1   3   6   1  10  10  14   6   1   1   0  11   5   3   2   4  0.12 0.17
   51 I     0  -1  -3  -4  -1  -2  -4  -2  -1   2   2  -2   1   3   1  -2  -1   1   0   1    8   4   1   0   2   1   0   3   2  11  20   1   3  16   8   2   3   2   2   9  0.24 0.21
   52 F     1  -1  -4  -4   2   1  -1  -2   0   1   2  -3   1   1  -4  -1   0  -1  -1   1   12   4   0   0   4   9   3   3   2   8  26   0   3   7   0   2   4   1   1   9  0.22 0.22
   53 D     1   2   3   3  -4   0   0  -3   1  -1  -2   0  -3  -3  -3   0   0  -4   0  -1   11  11  15  18   0   4   4   0   4   4   4   4   0   0   0   5   6   0   4   4  0.28 0.25
   54 N    -1   2   0  -1   2   1  -1  -1   2  -3  -2   1  -2   0  -1   0   1   3   2  -1    4  11   5   3   4   6   3   4   6   0   3  10   0   5   3   5  12   4   7   4  0.15 0.17
   55 A     0  -4  -4  -4   1  -3  -4  -2  -4   2   2  -4   1   3  -4  -1   0   2   0   2   10   0   0   0   3   0   0   3   0  12  18   0   3  12   0   3   7   3   3  20  0.32 0.26
   56 L     1  -1  -3  -2   0  -1  -1  -3   0   1   2  -2   1   0  -3  -1  -1   1   0   2   12   3   0   2   2   2   5   0   2   9  28   2   3   3   0   3   3   2   3  16  0.18 0.18
   57 A    -1   1   1   2  -4   2   1   1   1  -2  -1   0  -2  -2  -3   1  -1  -4  -3  -2    4   8   6  12   0  12  10  13   4   2   6   3   0   2   0  12   2   0   0   2  0.21 0.19
   58 N    -3  -4   1  -6  -1  -4  -6  -5  -5   4   4  -3   0  -1  -6  -5  -1  -3  -3   3    2   1   8   0   1   1   0   0   0  24  36   1   1   2   0   0   4   0   1  16  0.79 0.47
   59 I    -1  -6  -6  -7  -5  -6  -6  -6  -6   4   5  -5  -1   1  -5  -4  -1  -3  -1   2    6   0   0   0   0   0   0   0   0  21  48   1   1   4   0   1   3   0   2  12  0.99 0.53
   60 M    -2  -1   0  -4  -1  -2  -4  -5  -3  -3   1  -3   5  -2  -5   3   5  -6  -5  -3    2   4   4   0   1   1   0   0   1   1  11   1  13   1   0  25  33   0   0   1  0.84 0.58
   61 W    -8  -8  -9  -9  -8  -8  -8  -8  -8  -8  -8  -9  -7  -5  -3  -8  -8  13  -4  -9    0   0   0   0   0   0   0   0   0   0   0   0   0   0   2   0   0  97   0   0  5.27 1.84
   62 L    -3   2  -2  -3   1   0  -3  -4   0   0  -1   3  -2  -4  -3   1   4   1  -2  -3    1  12   2   1   3   5   1   1   2   5   5  17   1   0   1   9  30   2   1   1  0.53 0.37
   63 S    -1   0   3  -1   3   0  -1   0   3  -3  -3   0  -3  -4  -1   2   3  -4  -3  -2    3   5  17   3   6   3   4   6   7   1   1   4   0   0   3  16  16   0   0   2  0.38 0.28
   64 D    -1  -2   1   3  -4  -1   2   3  -2  -4  -4   0  -4  -4   2   0  -1  -4  -2  -4    4   2   5  20   0   2  13  21   1   1   1   5   0   1  12   8   4   0   1   1  0.49 0.32
   65 D    -3   0   2   6  -5  -1  -1  -3  -2  -5  -5   0  -4  -5  -1   1   1  -2  -1  -4    2   5   8  44   0   3   2   2   1   1   1   5   0   0   3  11   9   1   2   1  0.86 0.47
   66 K    -1   0  -1  -2  -3  -2  -3  -4   3   0  -2  -2  -3  -1   5   0   0   5   0  -1    4   5   2   2   0   1   1   1   8   7   3   2   0   2  34   6   6   7   4   4  0.71 0.42
   67 C    -2   0  -4  -3   4  -3  -1  -3  -1  -2  -3  -3  -3   0  -1   0   1   9   3  -1    3   5   1   2   8   1   5   1   1   3   3   1   0   4   3   8   7  29  11   4  1.01 0.54
   68 L    -1  -1  -1   1  -4   2   2  -2   1  -1   2   0   1  -3   0  -1   0   0  -1  -1    3   3   2   7   0  10  17   2   4   3  20   7   3   0   5   3   5   1   2   3  0.18 0.21
   69 T    -1  -3   3  -4  -2  -2  -4  -2  -3  -4  -5  -3  -5  -6   1   6   2   0  -1  -4    3   1  13   0   1   1   1   2   0   1   1   1   0   0   8  53  10   1   2   1  1.06 0.67
   70 F    -3  -3  -5  -6   0  -5  -6  -5  -5   1   1  -5  -1   6  -5  -4   1   7   0   1    2   1   0   0   2   0   0   1   0   8  11   0   2  36   1   1   8  14   2  10  1.14 0.57
   71 I    -2  -5  -3  -5  -2  -5  -5  -4  -5   3   5  -3   1   0  -3  -2  -1  -3  -4   1    4   0   1   0   1   0   0   2   0  18  51   1   3   4   1   3   3   0   0   8  0.83 0.45
   72 Y     2  -4  -2  -5   0  -4  -4  -3   1   0   2  -4   2   1  -4  -2  -1   1   3   2   17   0   2   0   2   0   0   1   3   4  25   0   6   6   0   3   4   2  10  14  0.39 0.30
   73 L    -2  -5  -6  -6  -3  -5  -6  -5  -3   2   4  -5   3  -2  -6  -3  -2   5  -2   4    3   0   0   0   0   0   0   1   1  10  35   0   6   1   0   2   1   7   1  31  0.95 0.51
   74 T     2  -2  -4  -4   2  -3  -4  -1  -3   1   2  -3   2   1  -3  -1  -1  -4  -1   2   23   2   0   0   5   0   0   5   0   9  18   1   6   7   1   3   4   0   2  12  0.32 0.25
   75 S     3  -4  -4  -4   1  -4  -4   1  -4   1   1  -4   3   0  -4   1   1  -3  -4   1   26   0   0   0   2   0   0   9   0   9  17   0   7   3   0   9   7   0   0   9  0.37 0.30
   76 I    -2  -6  -6  -7  -6  -6  -6  -5  -5   1  -1  -6  -1   5  -6  -4  -3   9   6  -1    4   0   0   0   0   0   0   1   0   9   7   0   1  20   0   1   1  28  23   5  1.66 0.74
   77 W    -1  -5  -3  -6   4  -5  -4  -4  -5   2  -2  -4  -2  -1  -3   0   2   9   2  -1    5   0   1   0   9   0   1   2   0  14   3   1   1   2   1   7  11  32   6   4  1.29 0.63
   78 L     3  -4  -4  -5   2  -3  -4  -1  -4   0   2  -4   1   3  -4  -1   1  -2  -2   0   24   0   0   0   5   0   0   5   0   6  24   0   3  13   0   4   8   0   1   6  0.44 0.32
   79 T     0  -4  -4  -5   1  -4  -4  -3  -1   3   2  -4   0   3  -4   0   0  -1  -1   3    8   0   0   0   3   0   0   2   2  14  21   0   1  11   1   6   6   1   1  22  0.44 0.30
   80 I    -3  -6  -3  -4   9  -5  -6  -6  -6   1   0  -6  -1  -3  -3  -3  -1  -6  -3   4    2   0   1   1  40   0   0   0   0   9   8   0   1   1   1   1   4   0   1  28  1.55 0.68
   81 S    -1  -3   0  -4   2  -2  -3  -3   0   1   4  -2   1  -1  -2  -1  -1  -2  -1  -1    4   1   4   0   5   1   2   2   3   6  47   3   4   2   2   5   3   1   2   3  0.48 0.32
   82 F    -3  -4  -2  -4  -4  -3  -4  -2   1  -1   1  -3  -1   2  -4  -3  -4   4   8  -2    2   1   2   1   0   1   1   4   3   4  11   2   2   7   1   2   1   6  47   3  1.22 0.59
   83 F    -1  -4  -4  -4  -2  -4  -4   2   0  -2   1  -3  -2   4   2   0  -1   4   2  -2    5   0   0   0   1   0   0  14   2   2  15   1   1  22  11   7   5   5   5   2  0.46 0.32
   84 I    -1  -1   0   3  -1   1   2  -1  -1  -1  -1   0  -2  -3   2   0  -1   3   0  -3    4   3   3  17   1   6  14   4   1   3   7   7   1   1   9   7   4   4   3   0  0.23 0.21
   85 P     0   1  -1  -1   0   0  -1  -3  -1   0   0  -1  -1   1   3  -1   1   2   0   1    7   7   3   2   2   3   3   1   2   5  12   2   1   7  13   4   8   3   3  10  0.12 0.12
   86 V    -1  -2  -2  -1  -1  -2  -2  -2  -1   3   2  -3   1   1  -2  -1  -1   0  -1   2    4   1   2   3   1   1   2   4   2  18  24   1   3   5   2   4   4   1   2  17  0.25 0.20
   87 E    -1  -2  -2  -2  -1  -2  -3  -4  -2   2   3  -2   1   1  -2  -1   0   1  -1   2    3   2   1   3   1   1   2   1   1  13  31   2   4   5   2   4   6   2   1  16  0.33 0.23
   88 T    -1   3  -1  -2  -2   0  -1  -2   0   1   1   1  -1  -1   1  -1   0   1   0   0    4  20   2   1   1   3   4   2   3   7  15   8   1   3   7   3   7   2   3   5  0.15 0.15
   89 E    -2   0  -2  -3  -1  -2  -2  -3   0  -1   1  -3  -1   3  -4  -2  -3   5   6  -1    3   6   2   2   1   2   3   2   2   4  14   1   1  11   1   4   1   9  28   4  0.67 0.37
   90 A     2  -2  -2  -3  -2   0  -2   1  -3   0   1  -3  -1   3   0  -1  -1  -1  -1   0   21   1   2   1   1   5   2  13   0   5  14   1   1  13   5   5   3   1   2   5  0.19 0.18
   91 S    -1  -1  -2  -2  -1  -1  -3   3  -2   1   1  -2  -1   0   2   0  -1   0  -2   0    4   3   1   1   1   3   1  23   1   7  18   2   1   5  11   8   3   1   1   5  0.21 0.18
   92 H    -1  -1   0  -3  -1  -1  -1  -1   4  -2   0  -2  -1   0   4  -1  -1   3   1  -1    5   3   5   1   2   3   3   5  13   2   9   1   2   4  22   3   4   5   4   3  0.36 0.27
   93 F     0  -3   0  -3   1  -1  -1  -1   0   1   2  -2   0   2   1  -1  -1   0  -1   1    9   1   4   1   3   2   4   4   2   8  25   1   2   9   7   4   4   1   2  10  0.13 0.15
   94 L     0  -3  -1  -3  -1  -1  -3  -2   0   2   2  -3   1   1   0  -1   0   1   0   1    8   1   3   1   1   3   1   3   2  12  28   1   3   5   4   6   4   2   2  11  0.19 0.18
   95 P    -1   0  -3   0   0  -1  -3  -3  -3   2   1  -2   0   1   3  -2  -1  -3   0   1    4   5   0   6   2   2   0   2   0  13  17   2   2   6  19   2   3   0   3  11  0.28 0.24
   96 F    -1  -2  -2  -1   0  -1  -2  -3  -1   3   2  -1   1   2  -1  -1  -1  -3   0   2    4   2   2   3   2   2   2   2   1  18  17   3   4   8   2   3   2   0   3  18  0.19 0.18
   97 T     1  -3  -3  -3  -3  -3  -3   0  -3   1   2  -3   1   1  -1   0  -1   1   1   2   11   1   1   2   1   1   1   9   1   8  17   1   3   5   3   7   4   2   6  14  0.22 0.17
   98 K    -1  -1  -3  -2  -2  -2  -3  -2  -3   3   1   0  -1   0  -1  -2  -1   1   1   3    5   3   1   2   1   2   1   3   1  16  15   6   1   4   3   4   3   2   4  22  0.33 0.22
   99 I     0  -4  -5  -6   0  -2  -5  -2  -5   3   3  -5   1   0   0  -1  -2  -5  -3   2    9   1   0   0   2   3   1   3   0  16  31   1   3   4   5   4   3   0   1  14  0.57 0.34
  100 L     1  -4  -4  -5   0  -2  -4   0  -2   2   3  -3   1   1  -1  -1  -2  -4   0   1   13   1   1   1   2   2   1   8   1  10  26   1   4   5   4   5   2   0   3  10  0.35 0.23
  101 R     1   0  -1  -2   0   0  -2   1   0  -1   0  -1  -1   1  -1   1   0   2   0   0   12   5   4   2   2   4   2  13   2   4  11   4   1   6   4   9   5   3   3   5  0.07 0.08
  102 L    -1  -2  -1   0   0  -2  -3  -1  -2   1   3  -2   0   0  -2   0   1   1   2  -1    4   2   3   5   2   2   2   5   1   9  26   2   2   5   3   8  10   2   6   3  0.22 0.17
  103 W    -1  -2  -3  -2  -1  -3  -5  -5   2   4  -2  -3   0   1  -2  -2  -3   8   3  -1    5   2   2   2   1   2   1   1   4  22   5   2   2   6   3   3   2  22  10   5  1.02 0.50
  104 L    -1   0  -4  -3  -4   0  -2  -2  -2   2   3  -2   1   1   0  -2  -2  -2   1   0    6   6   1   2   0   4   3   3   1   9  32   3   3   6   6   3   2   1   4   6  0.33 0.21
  105 G     1   0  -2  -2  -1  -1  -2   3   3  -1  -2  -1  -2   0  -1   1  -1   0   2  -1   13   5   2   2   1   2   2  21   6   4   5   3   1   4   4   9   4   1   6   5  0.22 0.17
  106 I    -2   1  -3  -3  -2   0  -3  -3   0   1   1   0   5   0   2  -1   0  -2  -1   0    3   8   1   2   1   4   1   2   2   8  12   5  13   4  11   5   7   1   2   6  0.30 0.21
  107 I    -1   2  -1  -4  -4  -1  -2  -2   0   0  -1   0   2   0   0   1   0  -1   4   0    5  11   3   1   0   3   2   3   2   6   6   6   5   4   5  11   5   1  16   6  0.25 0.20
  108 S     0  -2  -2  -3   0  -1  -1   0   0   0   0  -1  -1  -1   1   3   1   2  -2  -2    7   3   2   1   2   3   4   8   2   5   9   4   2   3   8  23   8   3   2   2  0.21 0.20
  109 G     0   4   0  -2  -1   0  -3   0  -2  -1   0   0   0   1   1   0   0  -2  -2  -2    8  20   5   2   1   4   1   6   1   4  10   5   3   6   6   7   7   1   1   2  0.19 0.16
  110 A     0   5  -1  -2  -2   0  -2  -1  -2  -1  -1  -2  -2  -1   0   0   1   1  -2   0    9  26   4   3   1   4   3   5   1   4   7   2   1   2   5   7   7   2   1   6  0.33 0.22
  111 F    -1   0  -1  -2  -2  -1  -1  -2   0   0   0   0  -1   3   0   0   0   2   4  -2    5   6   3   3   1   2   4   4   2   5   8   5   1  11   5   8   5   3  15   3  0.24 0.16
  112 L     0   0   0  -2  -3  -1  -2  -1   1   0   1  -1  -1  -3  -1   3   0  -1   0   1    9   6   4   2   0   3   2   4   3   4  15   3   2   1   4  21   5   1   3   9  0.15 0.17
  113 F     0   0  -2  -2  -2   0  -1  -1   0  -1  -2  -1  -2   3   5   0  -1   0  -1  -2    8   5   2   3   1   4   4   5   2   3   5   4   1  12  24   6   5   1   3   3  0.40 0.28
  114 L     0   0  -1  -1   1  -1   0  -2   1  -2   2  -1  -1   0   0   1   1   1  -2  -2    7   5   3   3   3   3   5   3   3   2  22   4   2   4   6  10   8   2   2   3  0.14 0.13
  115 S     0   1  -1  -3   0   0  -2  -2  -1  -1  -1   0  -5  -3   0   4   0   0  -2  -1    8   6   3   2   2   5   3   3   1   3   7   5   0   1   6  31   6   1   1   4  0.37 0.29
  116 F     0   0  -1  -3  -1  -1  -2  -3  -2   1  -1  -1   0   0  -1   3   1   4  -1  -1    8   5   3   1   1   3   3   2   1   7   7   4   2   5   4  23  10   5   2   4  0.28 0.23
  117 M     0   1  -1   0   0  -3   0  -2  -4   0   0  -1   0  -1   1   2   2  -5  -2   0    7   7   3   4   2   1   7   3   0   5  10   4   2   3   6  13  11   0   1   8  0.11 0.13
  118 Y    -1   0  -1  -3  -7  -1   0   1   1  -2  -3   0  -1  -5   0   0   0   5   5  -3    6   5   4   1   0   3   6  12   3   3   3   5   2   0   5   7   6   6  21   2  0.50 0.36
  119 Y     0   0  -1  -3  -6   1  -1  -4   0  -2  -1   0  -6   0   1   2  -1   4   3  -1    7   5   3   2   0   6   5   2   2   3   8   6   0   4   8  16   5   6  10   5  0.28 0.26
  120 I    -1  -1  -1  -1   0  -1  -1  -2   0   1   0   0   0  -1   0   0   2   1   1   1    6   4   4   4   2   3   5   3   2   8   8   5   3   3   4   6  14   2   4  12  0.09 0.09
  121 V     0   0   0   0   1   1   0   0   1  -1   0   0   1   0  -1   0  -1   2   0  -1    7   6   3   5   3   7   6   8   3   3  11   4   4   4   3   7   4   3   3   4  0.03 0.04
  122 S    -1   0   0   1  -5   0   1  -1   2  -1  -1   1   0   0   1   1   1   2   0  -2    5   4   5   8   0   4   9   4   4   3   5   7   3   4   7  11   7   3   3   3  0.11 0.13
  123 L     0   2   0  -2  -4   0  -1  -2  -1  -1  -2   3  -1  -2   2   0   0   1  -2   1    7   9   4   2   0   4   3   2   2   4   4  23   1   1  10   6   5   2   1   9  0.26 0.25
  124 I    -1   1   0  -1  -2   0  -1  -2   3   0  -1   0  -1   0   1   2  -1  -1   2  -1    5   9   3   2   1   5   4   3   9   6   5   4   2   4   7  15   4   1   8   3  0.15 0.18
  125 A     0   1   0  -2  -3   1   0  -1   0   0  -1   1  -1  -1   0   0   1  -1   0   1    6   8   4   2   0   7   7   4   3   7   5   8   1   3   6   8   8   1   4  11  0.06 0.09
  126 S     1   0   1   3  -1   1   1  -1   2  -2  -3   0  -3  -2   0   0   1  -4  -3  -2   13   4   5  17   1   6   9   5   5   3   2   7   0   2   5   7   7   0   0   3  0.21 0.22
  127 L     0   0   0   0  -3   1   1   0   0  -1   0   0   0  -1   1   1   1   0  -1  -1    6   4   5   4   0   6   8   6   2   4  10   6   2   3   6  11  10   1   2   4  0.06 0.09
  128 R     0   1   2   0  -4   1   0  -2   1  -1  -2   2  -3  -1   0   1   0   1  -1  -1    8   7   9   5   0   6   6   2   4   5   3  15   0   3   4   9   7   2   2   3  0.13 0.16
  129 D     0   0   0  -1   0   1   0  -1   2   0  -1   0   1  -1   1   0   1   1   0   0    7   5   3   3   2   9   6   3   5   5   6   3   4   2   7   8  11   2   3   5  0.07 0.11
  130 T     1   1   1   1  -3   1   0  -1   1  -1  -2   1   0  -1   0   1   1  -3   0  -1   10   7   6   7   0   5   6   4   3   3   3   9   2   2   4  13   8   0   3   3  0.11 0.14
  131 E     0  -1   0   0  -3   1   1   0   3  -2  -2   0  -1  -2   0   1   0   0  -1  -1    8   3   5   4   0   7  11   5  10   1   4   6   1   1   5  13   6   1   1   5  0.16 0.19
  132 P     0  -1  -1  -2   0   2   0  -2   3  -3  -3   1  -1  -4   4   1  -1  -4   1  -2    9   3   2   2   2  11   7   2   8   2   2   8   1   0  22   9   2   0   4   3  0.40 0.34
  133 P     1  -1  -1  -1  -4   0   0  -2  -3  -2   0   1  -1  -1   5   0   0  -4  -4   0   11   3   2   3   0   4   5   2   0   2   9   8   2   3  27   6   5   0   0   7  0.39 0.31
  134 T     0  -1   0   1  -4  -1  -1  -2   0  -2  -3  -1  -1  -4   0   2   4   0  -1  -2    7   3   3   7   0   2   4   2   2   2   2   2   1   0   4  18  32   1   2   3  0.41 0.39
  135 L    -1  -1   0  -1  -3   0   0  -1  -2   0   1   0   1   0   1   1   0   2   1   0    4   3   4   3   0   3   5   3   0   6  17   5   4   4   6  14   5   4   5   6  0.07 0.13
  136 D    -1   0   0   3  -3   1   2  -1   1  -1  -1   0  -2   1   0   0   1   2   0  -1    5   4   4  17   0   7  12   4   3   3   6   4   0   7   3   4   8   3   3   3  0.14 0.17
  137 E     1   1  -1   5  -5  -1   4  -2  -1  -3  -3   0  -3  -6  -2  -1   0  -3  -5  -4   10   6   3  28   0   3  24   4   1   1   2   5   1   0   2   4   5   0   0   1  0.65 0.45
  138 I    -1  -3   2  -4  -3  -1  -3  -4   0   5   0  -2   0   0  -4  -1   2  -1   0   1    4   1  10   0   1   3   1   1   2  31   7   2   2   4   0   6  11   1   3   9  0.46 0.33
  139 V    -2  -3  -5  -5  -4   1  -3  -4   0   2   2  -3   2   0  -2  -2  -1  -4  -1   4    3   1   0   0   0   8   2   1   2   9  22   1   6   3   2   3   4   0   2  30  0.53 0.36
  140 V    -1   1   1   2  -5   3   2  -2   4  -1  -2  -1  -1  -2  -3   0  -2  -4   0  -1    6   7   8  13   0  13  13   2   9   3   3   3   1   2   1   6   2   0   4   4  0.32 0.28
  141 L     0  -1   2   1  -2   0  -1  -1   1  -1   0  -1   0  -1  -2   0   3   1  -1   0    8   2   9   8   1   4   3   4   4   4   8   3   2   3   1   7  18   2   2   6  0.12 0.16
  142 L    -1  -6  -5  -5  -4  -3  -6  -7  -6   2   5  -4   5  -2  -5  -5  -3  -6  -5  -1    5   0   1   1   0   1   0   0   0   9  61   1  12   1   1   1   2   0   0   3  1.36 0.73
  143 E     0   2   1   1  -5   5   1  -2   3  -4  -4   1  -3  -6  -2   1   0  -6  -5  -4    7   9   5   7   0  23   7   3   7   1   1   9   0   0   2  10   5   0   0   1  0.52 0.42
  144 S     0   0   4   1  -1   0   1  -3   0  -1  -2  -2  -2  -1  -1   1   0  -5  -3  -1    8   5  24   8   1   3   8   1   2   3   4   2   1   3   3  10   6   0   1   5  0.31 0.29
  145 V    -2  -4  -4  -3  -2  -5  -5  -6  -1   3   2  -3   2   3  -4  -1   0  -5  -1   3    3   1   0   2   1   0   0   0   1  18  17   2   5  14   1   4   7   0   2  22  0.63 0.40
  146 L     0  -2   1  -4  -1   3  -2  -4  -1   1   0  -3   3  -2  -3   1   3  -5  -2   1    7   2   6   0   2  15   2   1   1   8   9   1   8   1   1  10  18   0   1   8  0.36 0.34
  147 D     2  -3   2   2  -4  -1   0   0   0   0  -3  -2  -1  -2  -2   1   2  -4   0  -1   15   1   9  11   0   2   5   7   2   6   2   2   2   2   2  10  15   0   4   4  0.22 0.24
  148 K    -1   4  -3   2  -3  -1  -1  -3   1   0  -2   3  -1   1  -3  -1  -1  -5   0  -3    4  21   0  11   0   2   4   2   4   7   3  19   1   6   1   6   3   0   3   2  0.41 0.32
  149 L     1  -4  -3  -5   5   0  -3  -5   0   1   3  -4   3   2  -4  -1  -2  -2   0   1   11   0   1   0  11   4   1   1   3   6  26   0   6  10   1   5   2   1   3   8  0.47 0.33
  150 E    -2  -2   4   4  -5   1   2  -1   2  -4  -3  -2  -2  -5  -3   2   0  -6  -5  -3    4   2  17  20   0   5  11   4   5   1   3   2   1   0   1  14   6   0   0   2  0.54 0.41
  151 V     1  -1  -2   0  -2  -2  -2  -1   1   2   1  -1   3  -1  -3  -1   1  -4  -2   1   14   4   2   5   1   1   2   4   3  13  12   3   8   3   1   4   8   0   1  11  0.17 0.17
  152 L    -1  -5  -3  -6  -2  -2  -5  -4  -5   3   4  -5   4   2  -4  -3  -2   0   2   1    5   0   1   0   1   2   0   1   0  15  33   0  10   9   1   2   3   1   6   9  0.71 0.43
  153 R    -2   2  -3  -1  -2   1  -3  -2   3   0   2  -1   0   1  -2  -1  -2  -4   1   0    4  12   1   3   1   7   1   3   8   4  25   3   2   5   2   5   2   0   5   5  0.25 0.23
  154 N     2   0   0   3  -3   0   2  -2  -1  -2  -2  -2  -4  -4   0   2   0  -5  -3  -3   17   5   4  16   1   3  11   3   2   2   4   2   0   1   5  17   4   0   1   2  0.33 0.31
  155 E    -1  -1  -3   0  -1   0   1  -3   1  -2   1  -2  -3  -2   5  -2  -1   2  -1  -1    4   3   1   5   1   4  10   2   3   2  15   2   1   2  28   3   3   3   2   5  0.48 0.37
  156 L    -1  -2  -3  -5  -1  -2  -3  -4  -2   3   3  -3   0   0  -3  -1  -1   0  -1   3    6   2   1   0   1   2   1   1   1  18  27   2   2   4   2   5   3   1   2  17  0.44 0.29
  157 N    -1   0   0   0  -4   0   0  -2   1  -1  -1  -1  -1  -3   2   0   3   0   1   0    5   5   4   5   0   4   5   3   3   3   6   4   2   1  10   8  19   1   5   7  0.16 0.19
  158 V     0   0   0   2  -2   0  -1  -2   3   0  -2  -2  -2  -2   3   0  -1  -2   0   0    8   6   4  15   1   3   4   3   7   5   5   2   1   2  13   8   4   1   3   6  0.19 0.18
  159 W    -1  -3  -1  -4  -4  -2  -3  -3   2   1   2  -2  -2   4   1  -1  -2   4   1   0    6   2   3   1   0   2   1   2   6   7  21   2   1  17   7   6   2   6   4   5  0.37 0.27
  160 K     0  -1  -1   0   0  -1  -1  -1  -1   0   2  -1   0  -1   2   0   0  -1   0   0    6   4   3   6   2   3   3   4   1   6  20   4   3   2  10   7   5   1   4   7  0.08 0.09
  161 K     0   0   0  -2  -2   0  -1  -2   1  -1   0   0   0   0   1   2   0  -2  -1   0    9   6   4   2   1   4   4   2   3   4  11   5   2   3   6  21   4   1   2   6  0.11 0.15
  162 L     0  -1   0  -2  -3   1  -1  -2   1   0   1  -2  -1   0   1  -1   1   0   0   0    6   3   4   2   0   8   3   3   3   6  18   2   1   4   8   4  12   1   4   7  0.11 0.13
  163 K     0   0  -1   0  -3   3  -1  -1   1   0   0   1  -1  -1   1   1   0  -3   1   0    7   4   2   4   0  14   3   4   3   5   9   7   1   2   6   9   6   0   6   6  0.10 0.13
  164 L     0   2  -1   0  -1   1  -1  -1   0   0   1  -1  -1   0   1   0   0  -1  -1   0    8  13   2   5   1   6   3   4   2   4  14   2   1   3   8   9   6   1   2   5  0.08 0.11
  165 S    -1  -1   1   0  -1  -1  -1  -2   2  -2  -2   0  -3  -1  -2   3   3   2   1  -1    5   4   5   6   1   3   3   3   5   2   4   4   0   3   2  19  18   3   5   5  0.25 0.23
  166 F     0  -1  -1  -1   0  -1  -2  -2   2  -1   1  -1  -1   2   2   1  -1   2   0   0   10   3   2   3   2   3   2   3   5   4  13   3   1   9  12  10   3   3   2   6  0.14 0.14
  167 D     0   1   0  -1  -1   0  -1  -2  -1  -1   0   0   0   0   1   1   2  -3   0   0    6   7   5   3   1   4   3   2   2   4  12   6   2   4   6  10  15   0   3   6  0.09 0.11
  168 G    -1  -2   1   2   0  -1  -1  -1   0  -3  -1   0  -3  -2   1   2   1   3   2  -2    5   2   6  12   2   2   4   4   3   1   6   5   0   1   7  19   7   4   6   3  0.20 0.21
  169 V     2  -1   0  -1  -3  -1   0  -1  -3  -1   1  -1  -1  -1   1  -1   0   4   0  -1   18   3   4   4   0   2   6   5   0   4  14   3   2   3   7   5   6   7   3   4  0.15 0.16
  170 N     0   0   0   0  -2  -1   0  -2  -1  -1  -1  -1  -2   2  -1   1   2   2  -1  -1    8   6   4   6   1   3   5   2   1   3   7   3   1  10   3  11  17   3   2   3  0.14 0.17
  171 K    -1   1   1  -2  -4  -1  -2  -2   2  -1  -1  -1  -2   0   1   2   3  -2   0  -1    5   8   8   2   0   3   2   2   5   3   5   4   1   4   8  17  18   1   3   3  0.24 0.26
  172 E     0   3   0  -1  -1   0   0  -1   0  -2   0   0   0  -2   1   1  -1  -4  -1  -2    6  18   4   4   1   3   5   4   2   1  12   6   2   2   8  13   4   0   2   3  0.17 0.19
  173 C    -2   1  -2  -1  -1   2   0  -2   1  -2  -2   0  -2  -3   4   1   0  -1   0   1    3   9   2   3   2   9   7   2   3   3   4   5   1   1  18  10   6   1   4  10  0.26 0.25
  174 S     1   0   1   1  -2  -1  -1  -1   0   0   0  -1  -1  -2   2   0   0  -1  -2   0   15   6   7  10   1   2   4   3   2   6   8   3   1   2   9   8   5   1   1   8  0.10 0.13
  175 G     0  -1  -1  -1  -1  -1  -1  -1  -1   1   2  -1   0   0   0   0   0   3   1   0    6   2   4   4   1   3   4   4   2   8  22   3   2   4   6   7   6   4   4   4  0.08 0.11
  176 K    -1   0  -2  -3  -2   1  -1  -3   2   1  -2   1  -1  -1   2   1   3   0  -1   0    5   5   1   0   1   7   3   2   4   8   3  10   2   3   9   9  18   1   2   6  0.20 0.22
  177 R     0   3   0  -2  -1   1  -1  -1   0  -1  -2   1   0  -2  -1   1   1  -1  -1   0    8  15   5   1   1   5   3   4   3   3   3  10   2   2   2  11  10   1   2   8  0.15 0.17
  178 L    -1   0  -3  -1   0  -1  -2  -5  -2   1   4  -2   2  -1  -3  -2  -1   2   0   1    6   5   1   3   2   3   3   0   1   8  37   2   6   2   1   3   4   2   3   8  0.35 0.28
  179 F    -1  -2  -1  -3  -4  -2  -4  -3   0   1   3  -3   2   3  -4  -1   1   0   0   1    4   2   3   1   0   2   0   2   3   7  30   1   4  13   0   4  10   1   3   9  0.35 0.28
  180 C    -1   0  -1  -2  -1  -1  -2  -3  -3   2   2  -2   0   3  -2   0   0  -1   0   1    5   6   4   1   1   3   1   1   0  12  17   2   2  13   1   9   7   1   2  10  0.17 0.18
  181 R     0   4  -1  -2  -2   0  -2  -1  -2  -2   0   0   1   1  -1   0   1  -4  -1   0    7  23   2   2   1   5   2   4   1   2  10   3   4   6   2   7  11   0   2   6  0.21 0.23
  182 L     0  -3   0  -2   0  -3  -2  -1   0   2   2  -3   2   0  -1   0   0   1  -2   1    7   0   4   1   2   0   3   5   2  14  25   1   5   3   2   6   6   2   1   9  0.18 0.19
  183 F     1  -4  -2  -2   2  -2  -3  -1  -1   2   2  -2   2   1  -1  -2  -1   0  -1   1   11   0   2   2   4   1   1   4   1  12  26   1   6   7   3   3   3   1   2   9  0.22 0.20
  184 L     0  -4  -4  -2   1  -1  -2  -2  -3   2   2  -3   0   2   0  -2   0   1   2   1    9   0   0   2   3   4   2   3   0  12  20   0   1  11   5   2   7   2   7  10  0.23 0.22
  185 F    -1  -3  -2  -3   1  -3  -4  -2   0   2   2  -4   1   1  -2  -1   0   1   2   2    6   1   2   1   4   0   0   3   2  12  22   0   4   7   1   4   6   2   8  15  0.26 0.22
  186 G     1  -3  -3  -4   0  -3  -3   0   0   1   1  -3   1   1   0   1   2   2   2   0   10   0   0   0   2   0   0   6   3   8  14   0   4   6   4  10  14   3   7   5  0.20 0.22
  187 T    -1  -1  -1   0   1  -1  -2  -1   0  -1  -2  -3   0  -1   5   0   0   2   1  -1    6   3   3   6   3   2   2   5   2   4   3   0   3   3  33   6   5   3   5   4  0.51 0.36
  188 I     0   0   0   0   2   0   0   0  -1   0   0   0   1   0   1   0   0  -2   1   0    6   6   5   6   5   5   6   6   0   6   6   6   5   5   6   6   6   0   5   6  0.03 0.06
  189 F    -2  -5  -3  -3  -2  -2  -4  -2   3   0   0  -3  -1   2   0  -3  -1   8   5  -1    3   0   2   2   1   1   0   4   6   5   9   1   1   7   6   1   3  22  20   5  0.90 0.51
  190 Q    -1  -4  -4  -3  -1  -1  -2  -4   3   3   1  -4   1   1   0  -1  -2   6   1   1    4   0   0   1   1   3   2   1   7  18  16   0   4   5   4   5   2  12   5  10  0.44 0.32
  191 I     1  -4  -4  -3  -2  -4  -2  -3  -2   3   3  -4   0   2  -2  -2   0   3   0   2   11   0   0   1   0   0   2   1   1  15  25   0   2   9   2   3   5   4   2  14  0.37 0.28
  192 I    -1  -3  -4  -2  -1  -4  -2  -2  -4   3   3  -4   0   1  -1  -2  -1  -2  -2   1    5   1   0   3   1   0   3   4   0  20  34   0   2   7   3   2   3   0   1  10  0.45 0.32
  193 I     0  -4   0  -4   2  -3  -4  -2  -1   1   2  -2   1  -2   0   0   4  -4  -2   1    7   0   4   0   4   0   0   2   1   6  18   2   4   1   4   6  30   0   1   8  0.38 0.33
  194 M    -1  -1  -2  -2  -1  -1  -2  -1   1   0   2   0   2   1  -3   0   0   3   1   0    4   2   2   2   2   3   2   4   3   5  26   5   6   6   0   6   5   4   5   8  0.15 0.16
  195 R    -3   1  -2  -3  -2   0  -3  -2   2  -1  -1  -1  -2   4   3  -1  -1   2   4  -2    1   7   2   1   1   5   1   3   5   3   6   4   1  15  16   4   3   3  17   3  0.46 0.34
  196 Y    -1  -4  -2  -4  -1  -2  -4  -3  -2   2   2  -4   0   3   2  -1  -2   2   1   1    5   0   2   0   2   2   0   2   1  11  20   0   1  14  12   6   2   3   5  12  0.36 0.27
  197 I    -1  -2  -2  -1  -3  -2  -2  -3  -3   3   2  -3   1   3  -2  -1  -1   1   0   2    4   2   1   4   0   1   2   2   0  23  21   1   2  12   1   4   3   2   2  12  0.33 0.24
  198 S    -1   1  -1  -2  -2   1  -1   0  -1  -4  -3  -1  -4  -2   4   2   2  -5   0  -3    3   9   2   2   1   5   4   7   1   0   1   3   0   1  24  17  12   0   4   2  0.47 0.37
  199 P    -1  -2  -4  -3  -2  -2  -3  -3  -4   2   1  -3   0   1   4  -2   0   3   1   1    5   2   0   1   1   1   1   1   0  14  15   1   2   5  23   3   6   4   5  10  0.43 0.31
  200 G    -2   5   2  -2  -2   1  -1  -1   2   1  -2   1  -2  -2  -3  -1  -1  -2  -2  -2    2  35   8   2   1   6   2   4   5   8   3   8   1   1   1   4   3   1   1   2  0.49 0.37
  201 T    -1   1   1  -2  -3   0  -1  -2   0   0  -1   0  -1  -1  -2   0   3   1   0   0    3   9   8   2   0   3   2   3   2   7   6   6   2   3   1   7  25   2   4   6  0.20 0.23
  202 Y    -1  -4  -3  -2   1  -3  -3  -4  -3   3   2  -4   1   1  -4   0   1   1   3   1    4   0   1   3   3   1   1   0   0  17  22   0   3   5   0   6   9   2  12  10  0.36 0.28
  203 T     0   0  -4  -4   2  -1  -3  -3  -3   2   2  -1   1   2  -4  -1  -1  -3  -1   2    7   5   0   0   4   3   0   2   0  13  22   5   3  11   0   5   2   0   2  15  0.27 0.22
  204 R     0   1  -3  -4   0  -2  -2  -2  -2   1   3  -2   2   0  -4  -1  -1   3  -2   0   10   8   1   0   2   1   2   3   1  10  35   2   6   3   0   4   3   4   1   3  0.32 0.26
  205 F    -1  -1  -4  -4   1  -3  -4   0  -2   2   1  -3   1   3  -4  -1  -1   3   0   3    4   4   0   0   2   0   0   8   1  13  15   0   4  13   0   4   4   4   2  20  0.33 0.25
  206 F     1  -2  -2  -3  -1  -2  -3   0  -3   1   1  -1   1   2  -1   0   1   0  -1   1   11   2   2   0   1   1   0   8   0   8  18   3   3  10   2   7   8   1   2  13  0.13 0.15
  207 I    -2  -5  -4  -3  -5  -3  -2   6  -5  -2   0  -4  -2  -1  -1  -2  -2  -5  -5   0    2   0   0   2   0   1   2  61   0   3   8   0   1   2   4   3   3   0   0   8  1.08 0.59
  208 I    -1  -4  -2  -4  -1  -3  -1  -2  -4   2   2  -2   0  -2  -4   0   4   2  -3   1    5   0   2   0   1   0   4   3   0  12  20   2   2   2   0   8  28   3   0   9  0.41 0.34
  209 T     0  -2  -2   0   2   0  -2   0   2   0   0  -2   1   1   1   0   0   4   1   0    6   0   0   6   6   6   0   6   6   6   6   0   6   6   6   6   6   6   6   6  0.11 0.16
  210 G     1  -3  -2  -2   2  -2  -3   0  -3   1   1  -2   1   1   0  -1  -1   0  -2   2   13   0   2   2   6   0   0   8   0  11  17   2   3   7   4   4   2   2   0  16  0.13 0.15
  211 L    -1  -1  -3  -1   1  -2  -3  -2   0   1   2  -1   1   2  -3  -1  -1   4   1   0    4   3   0   3   3   0   0   4   3   9  26   4   4  11   0   4   4   7   5   4  0.21 0.18
  212 I     0  -2  -2  -2   3  -1  -2   0  -2   1   0   0   2   1  -2   0   1  -2   1   0    8   0   0   0   8   0   0   8   0   8   8   8   8   8   0   8   8   0   8   8  0.08 0.11
  213 Y     0  -5  -5  -4  -1  -2  -3  -2   0  -3   0  -3  -2   2  -2   0  -5   9   6  -3    8   0   0   1   1   2   2   3   2   1   8   2   1   8   3   6   0  26  23   2  1.24 0.63
  214 N    -3   1   2  -2   3  -1  -4  -3   8  -2  -3  -3   0  -2   1  -1  -1  -1   0  -3    2   7   9   3   5   3   0   2  37   3   2   1   3   2   8   4   4   1   3   2  1.02 0.58
  215 T     2  -4   0  -2   0  -4  -4  -1   3  -5  -2  -4  -4  -1  -2   5   0   0  -1  -3   17   0   3   2   2   0   0   5   7   0   4   0   0   3   2  44   4   1   2   2  0.79 0.57
  216 S    -2   3  -2  -2  -5  -1  -4  -2   1  -1  -2   1   0  -5   6   0  -1  -6  -5  -1    4  15   2   2   0   2   0   4   3   3   4   8   2   0  35   7   4   0   0   4  0.74 0.51
  217 S    -2  -2  -2  -5   0  -1  -3  -3   1  -2  -2  -2  -1   2   4  -2  -1   8   2   0    3   2   2   0   2   3   2   2   4   3   4   2   2   8  18   3   4  24   6   6  0.89 0.58
  218 F     1  -1   0  -1   3  -1  -1  -1   0   0  -1  -1   1   2   0   1   1  -3   0   0   16   3   4   3   6   3   3   4   3   5   5   3   4  11   4   9   8   0   3   5  0.09 0.14
  219 Q    -1   3   0  -1   1   2  -1  -2   1  -1  -1   2   0   1  -1  -1   0  -3   0   0    6  17   3   3   3   8   3   3   3   4   4  12   3   7   3   4   4   0   3   6  0.13 0.17
  220 A     2  -2  -2  -3   0  -2  -2  -3   2   2   0  -1  -1  -1  -1   0   0   1   0   3   14   2   2   2   2   2   3   2   5  10   8   3   2   3   4   6   5   2   3  20  0.26 0.17
  221 T     0  -7  -2  -1   1  -6  -6  -3  -7   2   2  -6   2   0  -2   1   3   2  -1   0    8   0   2   4   2   0   0   2   0  11  16   0   5   4   3  12  17   3   2   7  0.44 0.30
  222 L    -2   6  -2  -7  -1  -2  -4  -4   1   0   1  -1   1  -1  -3  -3  -1   1  -7   0    3  40   2   0   1   2   2   2   3   5  12   3   4   2   2   2   3   2   0   6  0.90 0.50
  223 R    -1   0   0   0   2   0   0  -1   2   0  -1   0   2   1   0  -1   0   3   1  -1    5   5   5   5   5   5   5   5   5   5   5   5   5   5   5   5   5   5   5   5  0.09 0.08
  224 L     1  -1  -1  -2   1   0  -1  -1   0   1   1  -1   1   0   1   0   1  -3   0   0   11   3   3   0   3   3   3   3   3  11  14   3   3   4   8   6   9   0   3   7  0.06 0.09
  225 L     0   0  -2   0   2  -2   0   0  -2   0   0  -2   1   1   1   0   0   4   1   0    6   6   0   6   6   0   6   6   0   6   6   0   6   6   6   6   6   6   6   6  0.08 0.13
  226 W    -1   0   0   0   2   0  -2  -1   2   0  -1   0   1   0   0   0   0   3   1   0    5   5   5   5   5   5   0   5   5   5   5   5   5   5   5   5   5   5   5   5  0.06 0.11
  227 R     0   0   0   0   2   0   0  -1   1   0  -1   0   1   0   0   0   0  -2   1   0    5   5   5   5   5   5   5   5   5   5   5   5   5   5   5   5   5   0   5   5  0.03 0.05
  228 F    -1  -2   0  -1  -1   1  -1  -4   1  -1  -1  -2   1   2   0   4  -1   1  -1  -1    5   2   5   3   1   8   4   0   3   4   6   2   3  10   4  31   3   2   2   3  0.32 0.34
  229 T     1   0  -1  -1  -3  -1  -1  -1   0   0   0   0   0  -1   1   0   1   1  -1   1   14   6   2   3   0   2   3   4   3   5  10   7   3   2   6   6   9   2   2  10  0.06 0.10
  230 A    -1  -1  -1  -1   1   0  -1  -2   2   1   1  -1   1   1  -1   0   0   3   0   0    5   3   2   3   3   4   3   2   7  10  12   5   4   8   3   6   7   5   3   6  0.07 0.11
  231 V    -1  -1   0  -1   1   0   0  -1   1   1   1   0   1   1   0   0   0  -3  -1   1    4   3   4   3   4   4   7   4   4   7  12   5   5   7   4   5   4   0   0  12  0.02 0.07
  232 R     0   0   0   0   2   0   0   0   1   0  -1   0   1   0   0   0  -1  -2   1   0    6   6   5   6   5   5   6   6   5   6   6   6   5   5   6   6   0   0   5   6  0.03 0.08
  233 N     0   4  -1  -2  -1   1  -1  -2   2  -1  -1   0   0  -1  -2   0  -1   5   0  -1    7  21   3   2   2   6   2   2   5   4   6   6   2   2   2   7   3   9   3   5  0.29 0.26
  234 F     1  -1  -2  -2   1  -2  -3  -2  -1   2   1  -2   0   2  -2  -1   1  -3   0   1   12   4   2   2   3   2   0   3   2  13  16   2   2  12   2   4   8   0   2   9  0.15 0.17
  235 Y     1  -4   0  -4   5  -1  -2  -2   0   0   0  -1   0   0  -2  -1   0   3   4   1   11   0   4   0  12   3   3   2   3   5   8   3   2   4   2   4   4   4  14  10  0.29 0.26
  236 Y     0   0   0  -1  -3   0   0  -1   1  -1   0   0   0   1  -1   1   0   2   2   0    9   6   5   3   0   3   5   5   4   4   8   4   3   5   3  10   4   3   9   6  0.05 0.09
  237 L    -1   0   0   0  -3   0   0  -1   1   0  -1   0   1   0   0   0   0   3   1   0    5   5   5   5   0   5   5   5   5   5   5   5   5   5   5   5   5   5   5   5  0.06 0.08
  238 G     1  -3  -3  -3  -2  -4  -3   2   0   3   1  -4  -1   1  -2  -3   0   0  -4   2   10   2   1   1   1   1   2  16   2  16  11   1   1   6   2   2   5   1   1  15  0.37 0.23
  239 I    -2  -3  -6  -3   0  -4  -4  -3  -7   1   3  -6   0   0  -2  -2   4   6   0   1    3   2   0   2   2   1   2   3   0   7  23   0   2   3   2   4  23   9   3   9  0.69 0.44
  240 E     0   1  -2   3  -3  -2  -2   4  -3  -2  -1  -1  -2  -3  -1   0  -1  -3  -2  -3    8   7   2  14   1   2   2  29   1   3   7   4   1   1   3   6   4   0   2   2  0.44 0.31
  241 S    -3   1  -3  -2  -2  -3  -3  -4  -1   1   4  -2  -1   3  -3  -1  -1  -2   0   0    2   8   2   3   1   1   2   2   2   8  36   3   1  10   2   5   4   1   3   5  0.50 0.31
  242 F    -1   0   0   1  -3   1   1   0   1  -1   1  -1  -2   1  -1   1   0  -1  -1  -1    4   4   5   8   1   5   8   7   3   3  15   3   1   6   3  11   6   1   2   4  0.08 0.10
  243 K    -3   1  -1  -2  -4  -1  -2   1  -1   1  -1   1  -3   5   0   1   0  -3  -3  -1    3   7   3   2   0   3   3   9   1   7   7   7   1  20   5  11   6   0   1   4  0.32 0.23
  244 I     0   0  -1   0  -2  -1   0   2   0   1  -1  -1  -1  -1   1   1   0  -2  -1  -1    6   5   3   5   1   3   7  14   2   8   7   4   2   3   7  11   6   1   2   4  0.07 0.08
  245 S    -1   0   1  -1  -1   1   0   0  -1  -2   0   0  -1  -2   0   2   0   1  -2   0    4   5   7   4   1   6   7   7   2   3   8   6   1   2   4  15   7   2   1   8  0.09 0.12
  246 S     0   2   2  -2  -3   0  -1  -3  -1  -2  -1   1  -2  -1   3   1   0  -2  -2  -1    8   9   8   2   1   4   4   3   2   2   5   8   1   3  16  10   5   1   2   5  0.23 0.22
  247 F     0   0   0   0  -3  -2   0   0   1  -1   0   0   0   1   2   1  -1   1   0  -1    6   5   4   5   1   1   6   8   4   3  10   5   2   7   9  10   4   2   4   5  0.06 0.07
  248 L    -1   0   0   1  -1   1   0  -1   0  -1   0   1  -2  -2   1   1   0  -1  -2   0    5   6   4   7   2   7   5   4   2   3  10  10   1   1   8  10   6   1   1   6  0.09 0.11
  249 P     0   1   0  -1  -1  -2  -2   0   0  -2   0  -1  -1   0   3   1   0   1  -1  -2    8   8   5   4   1   2   3   9   2   3   9   4   2   4  14  11   6   2   2   3  0.14 0.14
  250 K     0   1   0   0  -2   1  -1  -1   0  -1   0   1  -2   1   1   1   1  -1   0  -1    6   7   4   6   1   7   3   5   2   4   8   8   1   6   6  10   8   1   4   4  0.06 0.08
  251 H     0   0   0   0  -1   0   0   0   1  -1  -1   1   0   0   1   0   0  -2   0  -1    8   5   5   5   1   4   7   8   3   4   7  10   2   3   6   8   5   1   3   5  0.04 0.03
  252 L     0   0  -1  -1  -2  -1  -1  -1   1   0   1  -1  -1   1   1   1   0   1   1   0    9   6   3   4   1   2   4   5   4   6  12   4   1   6   7  10   5   2   5   5  0.05 0.05
  253 K     0   1  -1  -1  -3   2  -1   0  -1  -1  -1   1  -2   0   1   1   0   3  -1  -1    9   7   3   4   1   8   3   9   1   4   6   7   1   4   6  10   5   4   2   5  0.08 0.10
  254 M     0   1  -1   0   0   0  -1  -1   0   0   0   0  -1   1   1   0   0  -1   0   0    6   7   3   5   2   4   4   5   2   6  10   6   2   5   8   9   6   1   3   6  0.03 0.03
  255 E     1   0   1  -1  -2   2   0   0  -1  -2  -1   1  -1  -3   1   1   0   0   0  -1   11   5   5   3   1   8   6   8   2   2   5   8   2   1   8   9   6   1   4   4  0.10 0.12
  256 Q    -1   0   0  -2  -2   1   0   1   1  -1  -2   2  -2   1   1   0   1  -1  -1   0    4   6   5   2   1   7   7  10   4   3   5  11   1   6   7   7   7   1   2   6  0.10 0.11
  257 I     0   0  -1   0  -2   0   0  -1   0   0   0   0  -1   1   1   0   0   0   0   0    8   4   3   6   1   4   6   3   2   6  11   7   1   5   7   7   5   1   2   9  0.03 0.03
  258 I     0   0   0   0  -1   0  -1   0   1   1   0  -1   0  -1   0   1   0   0   0   0   10   6   5   4   1   3   4   6   3   7   8   3   2   3   4  13   6   1   3   6  0.04 0.05
  259 P     0   0  -1   0  -2  -1   0   0  -1   0  -2   1  -1  -3   2   1   0   0   0   0    8   5   3   5   1   3   5   7   2   5   3   8   2   1  11  12   7   1   4   6  0.11 0.13
  260 L     0   0  -1   0  -2   0   1   0  -1   0   0   1   0  -1   0   0  -1   2   0   0   10   5   3   4   1   3   8   8   2   4   9   9   3   2   4   8   4   3   3   7  0.03 0.04
  261 S     0  -1   0   0  -5   0   0  -1   1   1  -1   0  -1   0   0   2   1   3  -2  -1    7   3   5   6   0   5   6   4   3   8   7   5   1   4   5  13  10   3   1   4  0.09 0.11
  262 Q     0   1   0  -1  -1   2   0  -2   1  -2  -2   0  -1   0   0   2   1   4  -2  -2    7   7   5   4   1   9   6   4   3   2   5   6   1   4   5  15   7   5   1   3  0.16 0.17
  263 G     0   1   1   0  -4   0   0   1   1  -1  -1   0  -1  -1   1   1   0   1  -1  -1    8   6   6   6   0   3   6  11   3   3   6   6   2   2   6   9   7   2   2   5  0.06 0.07
  264 R    -1   2   0   0   1   0   0  -2   1  -2   0   1  -1  -1   1   1   0   1  -1  -1    6  10   4   6   3   4   6   3   4   2   8   8   2   2   7  10   6   2   2   5  0.09 0.10
  265 A     0   1   0   0   0   0   0   0   1  -1   0   0   0  -1   0   1   0   2  -1  -1    9   7   4   6   2   3   5   7   3   3   8   6   2   3   5  10   5   3   2   5  0.03 0.04
  266 I     0   0   1  -1  -4   0   0  -1   1   0  -1   0   1   1   1   0   0   2   1   0    8   5   6   4   0   5   5   5   4   5   7   6   4   6   6   7   5   3   5   5  0.04 0.05
  267 T     0   0   0   0   1   0   0  -1   1  -1  -1   0   0   0   0   1   1   2   0  -1    7   5   5   6   3   5   6   5   4   4   5   5   3   4   6   9   8   3   4   5  0.05 0.05
  268 V     1   0  -1   0   0   0   0  -1   0   0   0   0  -1  -1   1   1   1  -1  -2   0   10   6   2   5   2   4   4   5   3   5  10   6   2   3   7   9   8   1   1   8  0.04 0.05
  269 P     1   0   0  -1  -2  -1   0  -1   0   0  -1  -1  -2  -1   3   2  -1  -1  -1  -2   10   5   4   4   1   3   5   5   2   5   6   5   1   3  13  17   4   1   2   3  0.17 0.17
  270 L     1   0  -1   0  -2  -1   0   0  -1   0   0  -1  -1   0   0   1   0   2  -1   0   10   5   3   5   1   3   7   7   2   4   9   4   2   4   6  11   7   3   2   8  0.04 0.05
  271 V     0   1   0   1  -2   0   0  -2   0  -2   0   1  -1  -2   0   1   1   2  -2  -1    8   7   5   7   1   5   7   4   2   3   8   8   1   2   6  12   7   3   1   4  0.08 0.10
  272 E     0   0   0   0  -1   0   2   0  -1  -2  -1   1  -1  -2   2   1   1  -1  -1  -2    7   6   4   6   1   4  11   7   1   2   5   8   1   2   9  10   9   1   3   3  0.12 0.14
  273 V     0  -1   1   0  -5   1  -1  -1   0   0   0   0  -1  -1   1   2   0   1  -4  -1    8   4   5   5   0   7   4   5   2   5   9   7   1   3   8  13   7   2   0   5  0.09 0.12
  274 L     0   1  -1   0  -3   0   0   0   1   0   0   0   0  -1   1   0   0   1  -1   0    9   7   3   5   0   4   5   7   3   6  10   5   2   3   6   7   7   2   2   7  0.03 0.04
  275 P     0  -1   1   0  -1   0   0  -1   1  -1   0   0   0   0   2   2   0   1  -2  -1    7   3   7   5   1   4   6   4   3   3   9   6   2   4  10  14   5   2   1   5  0.09 0.11
  276 K     1   1  -1   0  -1   0   0  -1   2  -1  -1   1   0  -1   1   0   0   1  -1  -1   11   6   3   5   1   5   5   5   6   4   5   8   2   2   8   8   6   2   3   4  0.08 0.09
  277 L     0   0   0   0   0   0   0  -1   0   0   0   0   0   0   1   0   0   1   0   0    8   5   6   5   2   5   5   5   2   7  11   4   2   4   6   9   4   2   3   5  0.02 0.02
  278 L     0   0   0   0   0   0   0  -1   1   0   0   0   1   0   1   0   0   2   0   0    7   5   4   5   3   5   6   5   3   4   9   6   4   3   6   8   6   3   3   6  0.03 0.03
  279 R    -1   0   0   0   2   0   0  -1   2   0  -1   0   2   1   0  -1   0   3   1  -1    5   5   5   5   5   5   5   5   5   5   5   5   5   5   5   5   5   5   5   5  0.09 0.08
  280 D     0   1   0   0  -3   0   1  -1   1  -1  -2   0  -2  -2   1   2   0  -1  -2  -1    8   8   5   6   1   4   8   6   3   3   5   6   1   2   7  14   6   1   1   5  0.11 0.12
  281 K     0   2  -1  -2  -5   0   0  -2   0   0   0   1  -1  -2   2   1   0  -1  -3  -1    8   9   3   2   0   5   6   3   2   5  10  10   1   2  10  10   5   1   1   4  0.13 0.13
  282 K     1   2  -1  -2  -5   0   0  -2  -1   0  -1   3  -2  -1   0   1  -1   1  -2  -1    9   9   3   3   0   5   7   4   2   5   7  16   1   2   4  11   4   2   2   4  0.17 0.16
  283 G     0   1   0   0  -1   1   0   0  -1  -1  -1   1  -1  -2   1   1   0  -1  -2   0    9   8   4   4   1   7   6   7   2   4   6   7   1   2   8  10   6   1   1   7  0.07 0.08
  284 D     0   0   1   1  -5   1   1  -2   0  -2  -1   0   0  -1   2   2   0  -1  -1   0    7   6   5   6   0   7   8   4   2   2   5   5   2   2   9  14   5   1   2   6  0.12 0.14
  285 D     1   0  -1   0   0   2   1  -2  -1  -1  -1   0  -2  -2   1   1   0  -5  -1   0   10   6   3   6   2   8  10   4   2   3   6   7   1   2   6  12   6   0   2   5  0.11 0.13
  286 H    -1   0  -1  -1   0   1   0  -1   3   0   1   0  -1   0   0   1   0  -1  -1  -1    6   5   3   4   2   7   5   5   8   5  12   4   2   3   4   9   7   1   2   5  0.07 0.08
  287 I     0  -1   0   0  -1   2   0  -1  -1  -1  -1   1   0  -1   1   1   0  -5  -1  -1    9   4   4   5   1  10   7   4   1   4   7   8   2   3   7  10   5   0   2   5  0.08 0.11
  288 H     0   1   0   0  -1   1   0   0   2   0  -1   1   1  -1   2   0   0   0  -2  -1    8   7   4   5   1   7   5   6   5   4   5   7   4   3   9   7   5   1   1   5  0.07 0.08
  289 I     1   1   0  -1  -1   1   0  -1  -1   0   0   0   0  -1   1   0   0   0  -1   1   11   7   4   4   1   6   5   5   2   7   7   5   2   2   8   7   6   1   2   9  0.04 0.05
  290 L     1   0   0  -1  -4   0   0   0   1   0   0   0   0  -1   1   1   0   0  -1   0   11   4   4   3   0   4   5   6   3   6  11   6   2   3   6   9   7   1   1   6  0.04 0.05
  291 Q     0   0   1   1   0   1   0   0   1  -2  -2   0  -1   0   1   2   1   0  -1  -2    7   4   6   7   2   7   6   6   3   2   5   5   2   3   7  14   7   2   2   3  0.11 0.14
  292 L     0   0   0   0   0   0   0  -1   1   0   0   0   0   0   0   0   0   1   0   0    9   6   4   5   2   4   4   5   4   5  10   7   3   4   5   8   5   2   2   5  0.02 0.01
  293 L     1   0   0   0   1   0  -1   0   1   0  -1   0   0   0   0   0   0   3   0   0   11   6   4   4   3   5   4   6   4   4   7   6   3   4   4   7   5   4   3   6  0.03 0.04
  294 L    -1   0   0   0   2   0   0  -1   2   0  -1   0   2   1   0  -1   0   3   1  -1    5   5   5   5   5   5   5   5   5   5   5   5   5   5   5   5   5   5   5   5  0.09 0.08
  295 N     0   1   1   2  -2   0   0   0   2  -1  -1   0  -1  -3   1   0   0  -1  -1  -1    7   7   6  13   1   4   7   7   5   4   5   5   1   1   6   8   7   1   2   5  0.10 0.09
  296 E     0   1   1   0  -2   1   1  -1  -1   0   0   0  -1   0  -1   1   0  -1  -2   0    9   9   6   6   1   6   8   3   2   5   8   4   1   4   3  13   6   1   1   5  0.06 0.09
  297 Q     0   1   0   2  -3   1   0   0   0  -1  -1   0  -1  -2  -1   1   1  -4   0  -1    8   8   3  12   0   5   7   6   2   4   8   4   1   2   3  12   8   0   3   4  0.09 0.11
  298 K     0   1   1   0  -2   0   0   0   0  -1   0   2  -2  -3   1   1   0  -4  -2  -1    7   8   8   4   1   3   4   7   2   4   9  12   1   1   7  11   6   0   1   4  0.10 0.11
  299 D    -1   1   0   1  -3   0   0  -1   0  -2   0   1  -1  -1   2   1   1  -3  -3  -2    6   9   5  10   0   3   7   3   2   2   8   7   1   3   9  12   8   0   1   3  0.13 0.14
  300 N     0   0   1   1  -2   1   0  -1  -1  -1  -1   1  -1  -2   1   1   1  -2   0  -1    7   6   7   6   1   5   5   5   1   4   5   8   1   1   6  11  11   0   3   5  0.09 0.10
  301 F     0   0   1   1  -1   0   0   0   0  -1  -1   0  -1  -1   1   1   1  -3   1   0    7   5   6   9   2   3   5   7   3   2   4   6   1   2   6  15   7   0   5   6  0.08 0.10
  302 G     0   0   0   0  -3   1   1   1   0   0  -2   0   0  -2   1   2   0   0  -2  -1    7   4   4   6   0   5   8   9   2   5   4   7   2   1   8  16   6   1   1   4  0.11 0.12
  303 N     0   0   1   2  -1   0   1  -1   0  -2  -2   0  -2  -3   2   0   1   2   0   0    7   4   6  12   1   3   8   4   2   2   3   5   1   1  10   7  10   3   3   6  0.15 0.15
  304 E    -1   1  -1   1  -3   1   1   0   0  -2  -2   1  -2  -4   1   1   1   4  -3  -1    4   7   3   8   1   5  10   7   3   2   3   8   1   0   8  11   9   6   0   4  0.20 0.19
  305 D     0  -1   1   1  -2   2   2  -2   0  -3  -2   0   0  -3   1   1   1   0  -3  -2    8   3   7   8   1  10  13   3   2   1   4   6   3   1   7  12   7   2   1   3  0.20 0.20
  306 L     0   1  -2   1  -2   0   1   1  -1   0  -2   0  -2  -2   2   1   1  -2  -2   0    6  10   1   8   1   3   8  12   1   5   4   4   1   1   9   9   9   1   1   7  0.12 0.13
  307 K    -1   0   0   1  -1   0   2  -2  -2   1  -1   1   0  -3  -1  -1   0  -4  -1   2    3   6   3  10   1   5  13   3   1   8   4  10   3   1   2   4   5   0   2  17  0.14 0.15
  308 I    -2   3  -2  -1  -2  -1  -1  -4  -1   2  -1   0   0  -2   0  -1   2   2   0   2    2  17   1   3   1   2   4   1   2  12   4   5   2   2   4   3  12   3   4  15  0.24 0.22
  309 L     0   2  -4  -3  -2  -1  -2  -2  -1   1  -1   0  -2   4  -2  -2  -2   1   2   2    7  12   0   1   1   2   2   3   1  10   6   6   1  17   2   2   2   2   7  16  0.29 0.22
  310 E    -2   1  -2   0   0   1   3  -3  -2   0   0   1   0  -3  -1  -1   2   2  -1   0    2   8   2   4   2   5  21   1   1   6   8   7   2   0   3   3  15   3   2   7  0.24 0.22
  311 I    -2  -4  -4   1  -3  -3   0  -5  -3   1   0  -4  -1   5  -4  -4  -2   1   2   3    3   0   0   9   0   1   7   1   1   8   8   1   1  22   1   1   2   2   8  25  0.61 0.36
  312 E    -2  -2  -3   0   1  -1   4  -4   1   2  -4  -2  -3  -2  -4   0   1  -5   0   1    3   2   1   5   3   3  33   1   3  11   1   2   1   1   0   7   8   0   4  12  0.51 0.36
  313 V    -3  -5  -6  -6  -1  -5  -4  -6  -6   5   3  -5   1  -2  -5  -3  -1  -5  -4   4    1   0   0   0   1   0   1   0   0  30  29   0   3   1   0   2   4   0   0  25  1.04 0.49
  314 Y    -6  -3  -4  -4  -3  -1  -6  -6   0   1  -2  -6  -3   5  -6  -5  -6   6   7  -1    0   2   1   1   1   3   0   0   2   7   4   0   1  19   0   1   0  10  42   5  1.61 0.73
  315 E    -3  -5  -5  -3  -7  -1   8  -6  -1  -7  -7  -5  -6  -7  -6  -2  -3  -7  -6  -3    2   0   0   1   0   2  85   0   1   0   0   0   0   0   0   3   2   0   0   2  2.37 1.07
  316 N    -6  -4   8  -4  -1  -5  -5  -5   3  -3  -2  -4  -6  -6  -6  -2  -4  -7  -1  -6    0   1  75   0   1   0   0   1   7   2   5   1   0   0   0   2   1   0   2   0  2.33 1.04
  317 Q    -6  -5  -5  -5  -7   8   4  -6  -2  -7  -7  -1  -6  -7  -3  -5  -6  -7  -6  -7    0   0   0   0   0  66  25   0   1   0   0   3   0   0   1   0   0   0   0   0  2.37 1.12
  318 R    -5   8  -5  -4  -1  -4  -5  -6  -1  -6  -6  -1  -2  -6  -6  -5  -5  -1  -5  -4    1  83   0   1   1   0   1   1   2   0   1   3   1   0   1   1   1   1   0   2  2.52 1.10
  319 R    -2   3  -2  -1  -3  -1  -1   2  -1  -2  -2   1  -1   0  -2  -1  -2   2   2  -1    2  20   1   3   1   3   3  18   1   3   5  10   2   4   2   6   2   3   8   6  0.28 0.18
  320 W    -3  -5  -5  -3  -1  -1  -3   0   0  -2  -2  -5  -4   1  -4   1  -2  11   0  -4    3   1   1   2   1   3   2   8   2   3   5   1   0   6   1   9   3  47   2   1  1.88 0.84
  321 Y    -2  -2   0  -2  -4  -3  -4  -1  -1   1   2  -2   0   2   1  -1  -1   6   1   1    3   2   5   2   0   1   1   4   1   7  18   2   2   7   7   4   5  13   4  11  0.38 0.27
  322 Q    -1  -2  -2   0   1   0   0  -2  -2  -1   0  -2   1   2   4   0   0  -2  -2   0    5   2   2   4   4   4   8   3   1   2  11   2   4   8  20   8   5   1   1   7  0.25 0.20
  323 N    -1  -3  -3   1  -1  -3  -1   5  -2  -1   0  -3   0  -2  -1  -1  -1  -2  -5  -1    5   1   1   7   1   1   4  45   1   4   9   1   2   2   3   4   4   1   0   4  0.64 0.41
  324 K    -2   0  -1  -2  -1  -1  -1  -1   0   1   2   1   0   0  -1   1   0  -3  -1   0    2   5   2   1   1   3   4   4   2  11  21  11   2   4   2  10   7   0   2   6  0.10 0.14
  325 N    -2  -4  -1   1   0  -4  -1   6   0  -5  -4  -3  -3   2  -1  -2  -2   1  -3  -4    3   1   3   8   2   1   4  52   2   1   2   2   1   7   3   3   3   2   1   1  0.98 0.57
  326 W    -5  -4  -5  -8   0  -7  -4  -4  -7  -3  -5  -4   0   4  -4  -1  -7  11   3  -5    1   1   1   0   2   0   1   1   0   2   1   2   2  15   1   5   0  54   8   1  2.66 1.20
  327 S    -2  -2  -3  -4   1  -1  -2   0  -1  -1  -3  -1  -3  -3  -2   4   4  -6  -2  -1    3   2   1   1   3   2   3   7   2   4   3   4   1   1   2  28  29   0   1   4  0.62 0.49
  328 T     1  -1   1  -1  -1  -2  -2   0   2  -5  -4   1  -3  -3   2   3   1  -5  -1  -2   12   4   7   4   1   1   1   6   6   0   2   8   1   1  12  23   7   0   2   2  0.36 0.34
  329 K     0   2   3  -1  -2   0  -1  -3   3  -3  -2   2  -1  -2  -1   2   0   2  -1  -1    8  10  14   3   1   3   3   1   7   2   3  11   1   2   3  14   5   3   2   4  0.25 0.24
  330 L    -2  -2  -2  -5  -4  -4  -3  -2   2  -1   5  -3   3   0  -1  -2   0  -1  -1  -2    4   2   2   0   0   0   2   4   5   2  49   1   8   4   4   3   6   1   2   2  0.66 0.44
  331 L    -3   0  -3  -5  -4  -2  -3  -1  -2  -1   4  -1   1   4  -3  -2  -1  -1   1  -1    1   5   1   0   0   2   1   5   1   3  42   3   3  15   1   3   5   1   4   4  0.54 0.37
  332 P     0  -2  -1  -3  -2   0  -1  -1  -1  -4  -2  -2  -1  -1   6   1  -2  -5  -5  -3    8   2   3   1   1   5   4   5   1   1   4   3   1   3  43   9   3   0   0   2  0.86 0.54
  333 Y    -1  -2   1  -1  -2   0   0   1   0  -2  -2  -1   0   1   0   1   1   1   3  -2    4   1   8   4   1   3   5   9   3   3   4   3   2   7   5  12  11   2  12   1  0.16 0.19
  334 E    -5  -3  -2   6  -7  -1   5  -3   0  -7  -4  -2  -6  -7   0  -5  -5  -7  -2  -7    0   2   2  46   0   2  33   2   2   0   2   2   0   0   4   0   0   0   1   0  1.53 0.83
  335 R    -2   5  -1  -1   1  -1  -1  -2   1  -2  -3  -1  -4  -1   2  -1  -2   2   0  -2    3  39   3   3   3   3   3   4   3   3   3   3   0   3  10   4   3   3   3   3  0.60 0.47
  336 Q     1  -1  -1   0   1   0  -1   0   1  -4  -2  -1   0  -1   3   0   1   2   2  -2   14   3   3   5   3   4   3   8   3   0   3   3   3   3  17   5   9   3   7   3  0.23 0.25
  337 N     1   0   1  -2   0  -1  -1  -2   2  -3  -3  -1   2  -2   4   2  -1  -5  -2  -2   14   5   7   2   2   3   3   2   5   2   2   4   5   2  22  15   3   0   1   2  0.39 0.31
  338 Y    -3  -6  -2  -7  -6  -6  -3  -6   1  -6  -3  -6  -1   4   0  -2  -6  11   1  -3    2   0   2   0   0   0   2   0   3   0   3   0   2  15   5   4   0  53   5   2  2.44 1.02
  339 C    -1  -2  -4  -5   3  -1  -4  -5  -5  -2  -3  -2   0  -5  -2   5   4  -6   0  -3    5   2   0   0   5   3   0   0   0   2   2   2   2   0   2  37  29   0   4   2  0.92 0.60
  340 I    -1   1   2   4  -5  -2  -1  -4  -1   0  -2  -1   0  -1  -3   1   1  -5   1  -2    4   7  11  29   0   1   3   0   2   5   4   3   3   3   1  10   7   0   5   2  0.43 0.33
  341 E     1  -1   0   0  -4   0   5  -2  -3   1  -4  -2  -2  -2   0   0  -3  -1  -2  -1   12   4   4   5   1   4  32   4   1   7   2   2   1   2   5   8   2   1   2   4  0.49 0.36
  342 I     0  -1  -1   3  -3   1  -3  -2   4  -3  -2  -1  -2   1   0   2   2  -3   2  -3    7   3   3  13   1   5   2   4  11   1   5   4   1   5   5  13  10   0   6   2  0.33 0.26
  343 K    -2  -3   2  -1  -4   0  -3   5   0  -4   2  -1  -2  -2  -1   0  -3  -2  -3  -4    3   2   8   4   1   5   2  35   2   1  17   4   1   2   3   6   2   1   1   2  0.60 0.37
  344 N    -1   0   4   1  -2   1  -1   0   2  -3  -1   1  -1  -2  -1   0   2  -2  -3  -3    5   4  18   7   1   7   5   7   4   2   6   8   1   2   3   6  10   1   1   2  0.27 0.22
  345 T     1   0  -3  -2  -3   1   1  -1   1   0  -2   1  -3  -2   4  -1  -1   0  -1  -1   11   5   2   2   1   6  10   6   3   5   5   8   1   2  17   6   4   2   3   4  0.23 0.21
  346 D     1  -1  -3   0   2  -2   1  -4  -2  -1  -2  -1  -3  -4   2   2   1  -2  -1   2   11   4   1   5   4   2   8   1   1   3   4   4   1   1  10  15   9   1   2  14  0.27 0.24
  347 G     0   2   0  -3   3   0  -2  -1  -3  -2   0   0  -1  -3   4   2  -1  -1  -1  -1    7   9   4   1   5   4   3   5   1   2   8   5   2   1  18  13   4   1   2   4  0.30 0.25
  348 T    -1  -3   0   0  -2  -2  -2  -1  -2  -2  -3  -2  -4  -2   4   4   2  -8  -7  -3    5   2   4   5   1   2   3   6   1   2   3   3   1   2  21  25  11   0   0   2  0.61 0.45
  349 L    -4   0   0   0  -4  -4  -2  -2  -4   1  -2   4   0  -1   4  -1   0  -4  -4  -2    2   6   4   5   0   1   2   4   0   8   4  21   2   3  22   5   7   0   1   3  0.56 0.39
  350 T     0  -1  -1   3  -2  -1   3  -2   0  -2  -2   0  -4  -3   0   1   1  -1  -1  -4    7   3   4  17   1   3  16   3   3   3   5   6   1   1   6  11   9   1   2   1  0.31 0.26
  351 M     1  -1   1   1  -3   1   1  -2   2   0  -2   0  -1  -1  -4   2   2   0  -4  -3    9   4   7   7   0   6  10   3   5   5   4   6   2   2   1  13  11   1   0   2  0.22 0.20
  352 R    -1  -1  -1   0  -5  -1  -3  -4   1  -1  -2  -3  -2   7  -3  -3   0  -6   0   0    6   4   3   5   0   4   2   2   3   4   4   2   1  39   2   3   6   0   3   6  0.91 0.49
  353 S     0   0  -2   1  -3   2   3  -4   0  -3  -3   2  -1  -1  -3   1   1  -3  -3  -1    8   4   2   7   1  10  17   2   2   1   3  13   1   3   2  11   8   0   1   4  0.33 0.28
  354 C    -1  -4  -2   0   1   0  -2  -6  -3  -4   5  -3  -3   0   0  -2   0  -3  -1  -1    5   1   3   5   2   4   3   1   1   1  48   2   1   3   5   3   6   0   2   4  0.73 0.45
  355 L    -3  -6  -4  -4  -8  -2  -1  -5  -2  -2  -1  -3  -3   2   7   0  -3  -8  -1   0    3   1   1   1   0   2   5   1   1   2   6   2   1   6  51   6   2   0   2   6  1.29 0.78
  356 P    -1  -2  -1   2  -3  -2   2  -4  -2  -4  -2  -2  -4  -2   5   3  -1  -6  -3  -2    6   3   3   9   1   2  11   2   1   1   4   3   1   2  25  19   4   0   1   3  0.60 0.44
  357 P     0  -3  -1  -1  -5  -3  -1  -1  -3  -2  -1  -1  -1   1   5  -1   0   0  -3   2    6   2   4   4   0   1   4   6   1   2   6   4   1   5  27   5   6   1   1  12  0.46 0.31
  358 D    -1  -2  -1   3  -3   0   1  -2   0  -3  -2  -1  -2  -3   3   0   2   5  -3  -1    5   2   3  15   1   4   8   4   2   2   5   3   1   1  14   8  10   8   1   4  0.38 0.26
  359 G    -1   0  -1  -1  -2  -1   0   1  -1   1  -1   0  -3  -2   2   1   1   0  -2   0    5   5   3   3   1   3   7   9   2   8   6   6   1   1  11  11   9   1   2   7  0.11 0.10
  360 L    -2  -1   1   0  -2   0  -1   2  -1  -1  -1   1  -1   3   0   0   0  -1   0  -1    4   3   6   5   1   4   4  16   2   4   6   7   1  11   5   8   5   1   4   5  0.13 0.09
  361 G     0  -1   0   1  -2   0   0   0   1  -2  -1  -1  -1   0   0   1   0   4   1   0    7   3   5   7   1   4   7   7   3   3   6   4   2   4   5   9   6   6   5   7  0.09 0.07
  362 E     1   1   1   0  -2   2   3  -1   2  -2  -2  -1  -2  -1  -2  -1  -2   1   0  -1   10   8   6   6   1   8  19   5   4   2   4   4   1   3   2   4   3   2   3   5  0.22 0.15
  363 E    -1  -2  -1   2  -3   1   2  -3   0  -1  -1  -1  -1   0   0  -1   0   6   0   0    5   2   3  11   1   5  11   3   2   3   5   5   2   4   5   5   6  12   3   7  0.31 0.18
  364 E    -1   1  -1   1   0   1   1  -1  -1   0   0   2  -1  -2  -2   0   0   0  -1   1    4   6   3   7   2   6   8   6   2   5  10  12   1   1   2   6   6   1   2   9  0.07 0.06
  365 L    -1   2  -2  -1  -2  -1  -2  -1  -2  -1   1   0  -1  -2   2   1  -1   5   1  -1    5  12   2   3   1   3   3   5   1   4  14   5   2   2   9   9   4   8   5   4  0.24 0.16
  366 P    -2  -1   0   2  -3  -2  -1   1   0  -1  -3  -1  -4  -4   2   1   3  -2  -3  -1    4   3   4  13   1   2   5   9   2   4   3   4   0   1  11   9  19   1   1   4  0.33 0.24
  367 N     0  -1  -1  -1   1   0   0  -1   1  -1  -2  -1   5  -1   0   0   0   3   1   0    9   4   3   4   3   4   7   5   3   4   4   4  12   3   5   6   7   3   5   5  0.17 0.15
  368 N    -1   1   0   1   1   0   1   0   2  -2  -3   1   1  -5  -1   0   1   2   0  -2    5   8   5   7   3   4   8   9   5   3   3   8   3   0   4   7   9   3   4   4  0.14 0.14
  369 W    -9  -1  -9  -2  -9  -9  -3  -1  -9  -9  -4  -2  -9  -1  -9  -2  -2  12   0  -9    0   3   0   3   0   0   2   6   0   0   3   3   0   3   0   3   3  66   4   0  3.32 1.41
  370 H    -2   4  -1  -3   0   2   1  -4   3  -1  -4   1  -1  -1   0   0   1   1  -2  -1    3  19   3   2   2   9   8   2   5   4   2   7   1   2   4   8   9   2   2   5  0.35 0.25
  371 W    -4  -7  -7  -7   0  -3  -3  -7  -6   1  -3  -3  -6   2  -3  -4  -6  11   1  -1    2   0   0   0   2   2   2   1   0   8   2   2   0   7   2   2   0  58   5   4  2.75 1.11
  372 I     0   0   0   0   2   1   0   0   2   0  -1   0   1  -2  -2   0   0  -2   1   0    6   6   6   6   6   6   6   6   6   6   6   6   6   0   0   6   6   0   6   6  0.05 0.09
  373 N    -1  -1   0   3  -4   0   2   0   2  -2  -2   0   0  -3   0   0  -1   4   0  -2    3   3   5  21   0   3  15   6   5   3   3   5   3   0   4   5   4   6   3   3  0.27 0.25
  374 D     0   0  -1   2   0   0   0   2   0  -2  -3   1   0  -4   2   1  -1  -4  -1  -2    5   3   2  15   3   4   5  15   2   2   2  10   2   0  10   9   3   0   2   3  0.21 0.21
  375 N    -2  -2   0   3   0   0   3   1   2  -2  -2   0  -1  -2   0   0  -1   0  -2  -2    2   2   4  19   2   4  19  10   5   2   4   6   1   1   4   6   4   1   1   2  0.30 0.28
  376 W    -1  -3  -6  -4   2  -6  -3   2  -6  -3  -3  -2  -5  -2  -2  -2   0  10   0  -1    5   1   0   1   4   0   2  13   0   2   2   2   0   1   3   3   6  46   3   4  1.78 0.91
  377 D     0   0   0   0   2   1   0   0   2   0  -1   0   1  -2  -3   0   0   3   1   0    6   6   5   6   5   5   6   6   5   6   6   6   5   0   0   6   6   5   5   6  0.07 0.12
  378 G     0   0   0   1   1   0   1   0   1   1  -1   0  -1  -1   1   0  -1  -3  -2   1    7   4   5   7   3   5   8   6   4  10   4   8   0   3   8   4   3   0   0  10  0.06 0.09
  379 T     0   0   0   0   2   0   0  -1   1   0  -1   0   1   0   0   0   0  -2   1   0    5   5   5   5   5   5   5   5   5   5   5   5   5   5   5   5   5   0   5   5  0.03 0.05
  380 D    -1  -5   0   1  -5   0  -1   5  -5  -1  -2  -4  -4  -5   0  -1  -1  -6  -5  -1    5   0   5   8   0   4   5  45   0   4   5   0   0   0   5   5   4   0   0   5  0.70 0.41
  381 W    -2  -6  -6  -6  -6  -6  -2  -2  -6  -2  -6  -2  -6   0  -6  -1  -6  12   0  -2    4   0   0   0   0   0   3   4   0   3   1   3   0   4   0   6   0  64   3   3  2.89 1.05
  382 I    -1  -2  -1   0   0   1   0  -1  -1   3  -1  -1   0  -2  -3   1   0   0  -1   2    5   2   3   5   2   8   6   4   1  19   4   3   2   2   0  14   5   1   2  13  0.16 0.16
  383 Y    -2  -4   0   0  -4  -4  -4  -4   3  -4  -4  -4  -4   3  -4  -1  -4  -2   8  -4    4   1   5   6   0   1   1   1   6   1   1   1   0   9   1   4   1   0  58   1  1.56 0.61
  384 S     0   0  -1  -3   2   0  -2   1  -1  -1  -3  -2  -1   0  -3   2   2  -3   4  -3    9   5   2   1   4   5   2  11   1   3   1   2   2   3   1  17  13   0  17   1  0.31 0.25
  385 D    -3  -2   1   6  -2   0   0  -2  -2  -3  -4   0  -2   0  -1   0   0  -5  -3  -3    2   2   6  42   1   4   4   3   1   2   2   6   1   4   4   7   6   0   1   2  0.73 0.38
  386 S    -1  -1   5   2  -2  -2  -2  -2   2  -3  -3   0  -2   0  -3   1   1   1  -2  -1    6   3  29  11   1   1   1   2   5   1   2   5   1   5   1   9   9   2   1   4  0.49 0.31
  387 A    -1   0   1   0  -2   1  -1   0   1  -3  -2   2  -2   3  -2   1   1  -1  -1  -2    6   5   6   6   1   6   2   6   4   1   2  16   1  15   2   9   7   1   2   3  0.20 0.18
  388 W    -3  -2  -2  -4  -2  -4  -5  -4   0  -6  -5  -4  -6  -1   0  -2  -3  12  -3  -2    2   3   2   1   1   1   1   1   2   0   1   1   0   3   6   4   2  64   1   3  2.89 1.12
  389 K    -1   2   2   0  -2   2   0   0   2  -3  -2   1   0  -2   0   0   0  -4  -1  -1    5  12   9   4   1   9   7   8   5   1   3  10   3   1   4   5   7   0   2   4  0.16 0.16
  390 E    -1  -1   2   1  -2  -1  -1   0   0  -2  -2   2   1   0   2  -1   0  -4   1  -2    4   3  11   7   1   2   4   8   3   2   3  14   4   5  12   5   5   0   6   3  0.18 0.17
  391 I    -2  -1  -3  -2  -3  -2  -1   2  -3  -2  -2  -1   2   1   3  -2   0   6   2  -2    3   3   1   2   1   2   3  15   1   3   3   4   6   7  18   3   5  10   6   3  0.43 0.31
  392 G    -1   3   0  -2  -3  -1  -3   2   2  -3  -2   0   0  -2  -3   3   0  -2  -1  -2    4  16   4   2   1   2   1  14   5   2   4   6   2   1   1  25   5   1   2   4  0.39 0.33
  393 Q     1   2   1  -1  -1  -1   0   2  -2  -3  -2   0  -4  -2   2   1   0   0  -2  -2   11  12   6   3   1   3   5  15   1   2   3   6   0   2  12   9   5   1   1   2  0.22 0.20
  394 Y    -2   1   1  -1  -3   2   1  -3   2  -2  -3   3  -2   0  -1   1   0   0   0  -1    3   8   6   2   0  10  11   1   5   2   3  16   1   4   3   9   6   1   4   4  0.24 0.23
  395 S    -3  -2  -1   5  -1  -1  -1  -1   1  -4  -2   3   0  -2   2   1  -2  -6  -5  -4    2   2   3  31   1   3   3   4   3   1   4  15   2   2   9   9   2   0   0   1  0.57 0.39
  396 S    -2  -2   2  -3  -3  -2  -3   4  -1  -4  -5  -1  -5  -2  -4   3   0   5  -2  -5    3   3   8   2   0   2   1  31   1   1   1   4   0   2   1  25   6   7   1   1  0.75 0.49
  397 L    -1  -1  -3  -5  -6  -3  -5  -2  -3   0   1  -3   4   3   0  -2  -3   8   1  -2    6   4   1   1   0   1   1   3   0   6  15   1   8  11   5   4   1  23   4   3  0.89 0.51
  398 E    -2  -1   3  -1  -5  -1   0   3   0  -3  -3   0  -1  -1  -4   1   2  -2  -3  -3    3   4  13   3   0   2   5  25   2   1   3   6   2   3   1  12  13   1   1   1  0.40 0.32
  399 S     0   2  -1   1   3  -3  -2  -1   1  -2  -4   2  -2  -5  -3   3   0  -6  -3  -3    8  13   2   7   7   1   2   6   3   2   1  14   1   0   1  26   4   0   1   2  0.48 0.38
  400 F    -4  -5  -4  -7   3  -3  -4  -5  -1  -3  -1  -6   0   5  -7  -3  -5   5   7   0    1   1   1   0   7   1   1   1   1   2   5   0   2  24   0   3   1   8  33   8  1.45 0.72
  401 T    -3  -6  -4  -7  -2  -6  -6  -7  -7  -1  -4  -6  -5  -6  -6  -3   6  -7  -6   5    2   0   1   0   1   0   0   0   0   2   1   0   0   0   0   2  46   0   0  43  1.80 0.91
  402 R    -5   9  -7  -8 -10  -6  -4  -9  -2  -9  -9  -5  -8  -9  -9  -7  -4  -9  -8  -9    1  94   0   0   0   0   1   0   1   0   0   0   0   0   0   0   1   0   0   0  3.29 1.39
  403 S    -4   8  -5  -7  -2  -2  -6  -4  -4  -6  -8   2  -3  -4  -7   0  -1  -1  -3  -8    1  69   0   0   1   2   0   2   0   1   0  10   1   1   0   7   3   1   1   0  1.99 0.95
  404 R    -7   8  -7  -7  -9  -3  -2  -8  -7  -9  -8  -1  -7  -9  -8  -7  -7  -8  -8  -8    0  91   0   0   0   1   3   0   0   0   0   4   0   0   0   0   0   0   0   0  3.10 1.27
  405 K     0   5  -4  -5   0  -1  -2  -5   0  -1  -2   4   1  -5  -4  -3  -1  -6  -4   0    7  34   1   0   2   2   2   1   2   4   4  25   4   0   1   1   3   0   1   6  0.85 0.50
  406 W   -10 -10 -11 -12 -10 -10 -11 -10  -2 -10  -4 -11  -9  -7 -11 -10 -10  13  -2 -10    0   0   0   0   0   0   0   0   1   0   2   0   0   0   0   0   0  96   1   0  5.40 1.89
  407 K    -2  -3  -4  -6   0   0  -4  -5  -3   4  -2   1   1  -1  -6  -3   2  -3   3   3    3   1   1   0   2   4   1   0   1  24   3  10   4   2   0   2  15   0  11  17  0.63 0.40
  408 R    -7   9  -6  -7  -9  -5  -4  -8  -6  -9  -5  -1  -7  -9  -8  -7  -7  -9  -8  -8    0  93   0   0   0   0   1   0   0   0   2   4   0   0   0   0   0   0   0   0  3.14 1.19
  409 R    -3   4   1   2  -2  -2  -3  -4   0  -3   0   4  -2  -5  -5  -2   3  -6  -3  -3    1  19   7  12   1   0   1   0   2   2  10  24   1   0   0   2  17   0   1   2  0.60 0.40
  410 L     6  -1  -6  -6   3  -5  -5  -5  -6   0  -2  -3   5  -6  -5  -3  -4  -7  -6  -1   65   3   0   0   5   0   0   0   0   5   4   1  13   0   0   1   0   0   0   4  1.41 0.67
  411 F    -4  -3  -4  -3  -3  -1   5  -6  -3   2  -1  -2   2   4  -5  -4  -4  -4   3  -1    1   1   0   1   0   3  42   0   0  11   5   1   5  15   0   0   0   0  10   5  0.84 0.47
  412 H    -3   6  -3  -4  -5   1  -3  -5   2  -4   1   3  -3  -5  -2   0  -3  -5  -3  -2    1  43   0   0   0   7   0   0   5   0  15  16   0   0   2   6   1   0   1   3  0.88 0.47
  413 L    -3  -5  -5  -6  -3  -5  -5  -6  -5   6   2  -5  -1  -2  -5  -4  -3  -5  -3   3    0   0   0   0   0   0   0   0   0  57  21   0   0   0   0   0   0   0   0  22  1.20 0.44

                      K         Lambda
Standard Ungapped    0.1400     0.3241
Standard Gapped      0.0348     0.2670
PSI Ungapped         0.1138     0.3181
PSI Gapped           0.0348     0.2670
