
Last position-specific scoring matrix computed, weighted observed percentages rounded down, information per position, and relative weight of gapless real matches to pseudocounts
            A   R   N   D   C   Q   E   G   H   I   L   K   M   F   P   S   T   W   Y   V   A   R   N   D   C   Q   E   G   H   I   L   K   M   F   P   S   T   W   Y   V
    1 M    -2  -3  -3  -4  -2  -2  -3  -4  -3   2   2  -3   7  -1  -4  -3  -2  -2  -2   0    0   0   0   0   0   0   0   0   0  11  16   0  72   0   0   0   0   0   0   0  0.78 0.15
    2 V     0  -3  -3  -3  -2  -2  -3  -1  -3   3   1  -3   3  -1  -3  -1  -1  -3  -2   4    4   0   0   0   0   0   0   7   0  18   5   0  14   0   0   5   0   0   0  47  0.32 0.09
    3 N    -1  -1   4   1  -2  -1  -1   0  -1  -1  -3   0  -2  -3  -2   3   2  -4  -2  -2    0   0  29   4   0   0   0   3   0   7   0   7   0   0   0  32  19   0   0   0  0.36 0.09
    4 Q    -2   4  -1  -2  -3   4   0  -3   2  -2   0   0   3  -2   0  -1  -2  -3  -2  -2    0  36   0   0   0  27   0   0   7   0  10   0  16   0   5   0   0   0   0   0  0.44 0.12
    5 V     2  -2  -2  -3   5  -2  -2  -2  -3   1   1   0   0  -2  -2  -1   1  -3  -2   2   28   0   0   0  16   0   0   0   0   5  12   7   0   0   0   0   8   0   0  22  0.21 0.06
    6 A     2  -1   2  -1  -2   0   0   0  -1  -2  -1  -1  -1  -1  -2   2   1  -3  -2  -1   19   0  16   0   0   4   7   4   0   0   5   0   0   3   0  28  10   0   0   3  0.20 0.06
    7 Q    -1   2  -1  -1  -3   4   1  -2   3  -2  -3   1  -1  -3   0   2   0  -3  -2  -1    0  13   0   0   0  31   7   0  10   0   0   3   0   0   3  21   5   0   0   7  0.34 0.09
    8 C     0   3   2   1   6  -1  -1   0  -2  -3  -3  -1  -2  -3  -3   1  -1  -4  -3  -2   10  22  15   8  28   0   0   7   0   0   0   0   0   0   0  10   0   0   0   0  0.41 0.09
    9 F    -2  -3  -3  -4   2  -3  -3  -4  -3   2   1  -3   0   5  -4  -1   1  -1   1   1    0   0   0   0   6   0   0   0   0  17   6   0   0  47   0   4  12   0   0   8  0.45 0.11
   10 T     1   0  -1  -2  -2  -1  -1  -2  -2  -2  -1   0  -1   0   2   2   1   2   1  -1   16   3   0   0   0   0   0   0   0   0   8   8   0   4  12  31   6   4   5   2  0.22 0.08
   11 V     1  -2  -3  -3   1  -2  -2  -3  -3   2   2  -2   0   1  -3   0   0  -3  -1   2   14   2   0   0   4   0   0   0   0  12  23   0   0   6   0   8   5   0   0  26  0.18 0.06
   12 R    -1   2  -1  -2  -3   4   0  -2   2  -1   0   1  -1  -3  -2   1   0  -3  -2  -1    0  15   0   0   0  32   0   0   7   3  12   6   0   0   0  17   4   0   0   3  0.29 0.11
   13 R     0   6  -2  -3  -4  -1  -2  -3  -2  -1  -1   1   0  -3  -3  -1  -2  -4  -3   0    9  65   0   0   0   0   0   0   0   4   6   4   3   0   0   2   0   0   0   6  0.71 0.20
   14 V     1  -1  -3  -3  -2  -2  -3  -2  -3   1   1  -2   0  -2   0   0   2  -3  -2   3   10   5   0   0   0   0   0   2   0   6  13   0   2   0   3   5  15   0   0  39  0.24 0.12
   15 W     0  -3  -4  -4  -3  -1  -3  -3  -3  -1   1  -3   2  -1  -4  -2   1  10   0  -1    9   0   0   0   0   4   0   0   0   3  15   0   5   0   0   0  13  46   2   2  1.24 0.26
   16 L    -2  -3  -4  -4  -2  -3  -4  -4  -3   2   4  -3   1   2  -4  -3  -1  -2   0   1    1   0   0   0   0   0   0   0   0  16  58   0   1  12   0   0   3   0   2   6  0.55 0.17
   17 V     0  -3  -3  -3  -2  -1  -3  -3  -3   2   3  -3   0   2  -1  -1   0  -2  -1   2    9   0   0   0   0   3   0   0   0  12  36   0   0  14   2   5   4   0   0  15  0.27 0.11
   18 V     1  -3  -3  -3  -2  -1  -2  -3  -2   2   2  -2   1  -1  -1   0  -1  -3  -2   3   17   0   0   0   0   3   0   0   1  13  23   0   2   2   2   7   0   0   0  28  0.24 0.11
   19 V     2  -3  -3  -3  -2  -2  -3  -1  -3   2   2  -3   2  -2  -2  -1   0  -3  -2   3   20   0   0   0   0   0   0   3   0  15  17   0   6   0   1   1   5   0   0  31  0.29 0.13
   20 V     1  -2  -3  -3  -2  -2  -2  -2  -3   3   1  -2   1   0  -3   0   0  -3  -1   3   11   2   0   0   0   0   2   1   0  24   9   0   3   4   0   8   3   0   1  32  0.26 0.12
   21 G     2  -3  -2  -2  -1  -2  -2   3  -3  -2  -1  -2  -1  -1   1   2   0  -3  -2   0   18   0   0   0   1   0   0  28   0   0   7   0   1   3   8  17   6   0   0   9  0.28 0.12
   22 L    -1  -3  -4  -4  -3  -3  -3  -3  -4   2   4  -3   3   1   1  -2  -1  -3  -2   0    3   0   0   0   0   0   1   1   0   8  57   0   7   5   7   3   4   0   0   3  0.48 0.18
   23 L     0  -3  -3  -3  -1  -2  -2  -1  -3   0   3  -3   1   2   0   1   0  -3  -1   0    9   0   0   0   1   0   2   4   0   2  41   0   3  11   5  12   4   0   0   5  0.23 0.13
   24 V     1  -2  -1   0   0  -1  -1   0  -1   0   0  -2   0   0   0   0   1  -3  -1   2   10   0   1   5   2   1   2   7   2   1   6   0   1   5   4   8  13   0   2  29  0.10 0.10
   25 H    -2  -2  -1   0  -5   3   0  -2   9  -1  -4  -2  -3  -4   0   0  -2  -5  -1  -4    2   0   1   6   0  15   3   2  54   4   0   0   0   0   5   6   1   0   0   0  1.19 0.37
   26 Q    -1   1   1  -2  -4   4   0  -1   3  -3  -3   0  -2  -4   3   2   0  -4  -3  -3    4   9   7   0   0  24   3   4   9   2   1   4   0   0  13  15   6   0   0   0  0.40 0.18
   27 T     1  -2  -1  -2  -2  -1  -2  -3   1   0   2  -2   0  -1  -3   0   2  -3  -2   1   16   1   2   2   0   3   0   0   5   4  28   1   2   1   0   5  19   0   0  12  0.19 0.13
   28 T     1  -2   1  -1  -2   1   1   0  -2  -2  -1  -1  -2  -1  -1   2   1  -1  -2   0   13   0   5   2   0   5  11   4   0   0   7   2   0   4   2  24  12   1   0   9  0.15 0.11
   29 A     3   1  -2  -1  -3  -1  -1  -1  -3  -4  -4   5  -3  -4  -1   1  -2  -5  -4  -3   34   6   0   2   0   0   0   2   0   0   0  42   0   0   2  11   0   0   0   0  0.66 0.27
   30 R    -1   7  -1  -3  -5  -1  -1  -2  -3  -5  -4   2  -4  -2  -4  -1  -2  -1  -4  -4    4  71   2   0   0   0   2   3   0   0   0   9   0   2   0   5   2   1   0   0  1.23 0.37
   31 Y     0   1   0  -2  -3   2  -2  -2   2  -1  -1  -1  -1   3  -1   2  -1  -2   2  -1    5   9   3   1   0  11   0   2   6   3   4   0   1  15   3  25   1   0   8   4  0.21 0.15
   32 V    -1  -3  -1  -3  -2  -3  -2  -3  -3   3   2  -3   0   3  -3   1   1  -3  -1   2    1   0   3   1   0   0   2   1   0  22  18   0   1  15   0  12   8   0   0  17  0.27 0.15
   33 F    -3  -4   0   2  -4  -3  -2  -3   1  -1   0  -4  -1   6  -4  -3  -3  -1   4  -3    1   0   6  14   0   0   2   2   4   2   8   0   1  46   0   0   0   0  14   0  0.79 0.28
   34 E    -2  -1   0   5  -4  -1   1  -1  -2  -2  -2   2  -2  -3  -3   1   0  -4  -1  -3    1   2   2  44   0   1   5   4   0   3   4  13   1   1   0  13   4   0   2   0  0.54 0.22
   35 E    -2   0   1   2  -4   3   3  -3  -1  -2  -4   0  -3  -4   0   3   0  -4  -3  -3    0   3   6  12   0  14  24   0   1   3   0   5   0   0   3  25   3   0   0   0  0.46 0.21
   36 C    -2  -4  -6  -6  11  -3  -6  -6  -6  -4  -4  -6   0  -6  -6  -1  -4  -6  -6  -4    3   1   0   0  88   2   0   0   0   0   0   0   2   0   0   4   0   0   0   0  3.08 0.68
   37 P    -2   2  -2  -2   2   0  -1  -1  -3  -4  -2   4   0  -4   4  -1   0  -5  -4  -3    2  10   0   1   5   2   2   5   0   0   3  37   3   0  21   2   6   0   0   1  0.59 0.25
   38 G    -2  -1   1  -1  -4  -3  -3   7  -4  -5  -5  -2  -4  -5  -4  -1  -3  -4  -5  -5    1   3   6   3   0   0   0  78   0   0   0   2   0   0   0   3   0   0   0   0  1.40 0.38
   39 V     0  -2  -3  -2   1  -2  -3  -2  -3   3   0  -3   0   0  -3  -2  -1  -3   0   4    5   2   0   2   4   1   0   2   0  21   7   0   2   3   0   2   3   0   4  40  0.39 0.19
   40 M    -2  -2   0  -4  -4  -1  -3  -4   1   0   0  -2   4   4  -4  -3  -2  -1   6  -1    3   2   6   0   0   2   0   0   3   4   6   2  15  19   0   0   2   0  33   2  0.69 0.27
   41 G     0  -1   0   2  -2   0  -1   4  -1  -2  -2   0  -2  -1  -1  -1  -1  -1   2  -2    5   2   3  13   1   6   2  34   1   2   4   5   1   2   2   3   2   1  11   3  0.28 0.09
   42 N    -4  -1   5   6  -5   1  -1  -3   0  -5  -5  -1  -4  -5  -4  -2  -3  -6  -4  -5    0   3  35  48   0   7   0   0   1   0   0   2   0   0   0   1   0   0   0   0  1.25 0.37
   43 R    -2   6  -2  -2  -5   0   1  -4  -1  -4  -3   3   0  -4  -2  -2  -3  -4  -2  -4    2  53   0   2   0   3   7   0   1   1   1  20   3   0   2   2   0   0   1   0  0.93 0.31
   44 A     1  -1   1   2  -3   0   2   1   2  -3  -3  -1  -2  -3  -1   2   0  -4  -2  -1   16   2   5  14   0   3  13  10   6   0   2   1   0   0   2  17   4   0   1   4  0.24 0.13
   45 L    -3  -4  -5  -5  -3  -2  -4  -5  -2   5   4  -3   3   0  -5  -4  -1   2  -1   1    0   0   0   0   0   2   0   0   1  36  39   2   7   3   0   0   2   3   2   3  0.70 0.26
   46 H    -2  -3  -4  -5  -4  -4  -4  -5   4  -2   0  -4  -2   6  -5  -4  -2   2   6  -3    4   1   0   0   0   0   0   0  11   1   7   0   0  44   0   0   2   2  26   0  1.16 0.33
   47 G     2   1   1   0  -3  -1   1   0  -2  -3  -2   1  -2   0  -2   1   0  -3   0  -2   29   7   7   4   0   1  10   6   0   0   3  10   0   4   0   9   7   0   3   1  0.19 0.12
   48 K    -2   4  -2   0  -5   1   1  -3  -2  -2  -4   5   0  -4  -3  -2  -2  -5  -3  -1    1  28   0   5   0   6   6   1   0   2   0  41   3   0   0   1   1   0   1   4  0.73 0.26
   49 V    -3  -4  -5  -5   0  -4  -5  -5  -5   1   5  -4   2   0  -5  -4  -3  -4  -3   3    0   0   0   0   2   0   0   0   0   4  61   0   3   3   0   0   0   0   0  26  0.90 0.28
   50 T    -2  -2   2   5  -5  -1   3  -2  -2  -3  -3  -2  -2  -4  -3  -1   0  -5  -1  -2    2   2   9  45   0   0  22   1   0   1   2   0   1   0   0   4   5   0   3   4  0.73 0.25
   51 R    -3   7  -2  -2  -5   2  -1  -4   4  -5  -3   1  -3  -4  -4  -1  -3   4  -3  -5    0  62   1   1   0   8   2   0   9   0   1   4   0   0   0   5   0   7   0   0  1.21 0.36
   52 V    -3  -5  -5  -5  -3  -5  -5  -6  -5   5   1  -5   1  -2  -5  -4  -2  -5  -3   5    0   0   0   0   0   0   0   0   0  45   7   0   2   0   0   0   0   0   0  46  1.14 0.33
   53 C    -4  -7  -6  -7  12  -6  -7  -6  -7  -5  -5  -7  -5  -6  -6  -4  -4  -6  -6  -4    0   0   0   0 100   0   0   0   0   0   0   0   0   0   0   0   0   0   0   0  3.76 0.70
   54 E    -3   0   0   5  -5  -1   4  -2  -3  -5  -3   0  -4  -5  -3  -2  -2   1  -4  -3    0   4   2  42   0   1  36   2   0   0   3   4   0   0   0   1   1   2   0   2  0.92 0.29
   55 D    -4  -4   0   8  -6  -3   1  -2  -4  -3  -6  -3  -1  -6  -4  -3  -4  -7  -6  -5    0   0   2  85   0   0   7   2   0   2   0   0   2   0   0   0   0   0   0   0  1.85 0.46
   56 C    -4  -7  -6  -7  12  -6  -7  -6  -7  -5  -5  -7  -5  -6  -6  -4  -4  -6  -6  -4    0   0   0   0 100   0   0   0   0   0   0   0   0   0   0   0   0   0   0   0  3.76 0.70
   57 Y    -1  -3  -3  -2  -4   1  -1  -5   4  -4  -2  -3  -3   2  -5  -1  -2  -1   8  -2    6   0   0   2   0   7   3   0   9   0   2   0   0   6   0   5   2   0  57   2  1.18 0.36
   58 N    -4  -3   8   0  -5   1   1  -2  -1  -6  -6  -2  -1  -6  -4  -1  -3  -6  -5  -5    0   0  79   2   0   6   7   1   1   0   0   0   2   0   0   3   0   0   0   0  1.66 0.45
   59 V    -3  -4  -5  -5  -3  -4  -5  -6  -5   3   5  -4   3  -2  -5  -4  -3  -4  -3   2    0   0   0   0   0   0   0   0   0  19  62   0   6   0   0   0   0   0   0  13  0.97 0.29
   60 F    -4  -5  -5  -6  -5  -5  -5  -6  -2  -2  -2  -5  -3   7  -6  -2  -4  -1   8  -3    0   0   0   0   0   0   0   0   0   1   2   0   0  43   0   3   0   0  50   1  1.80 0.44
   61 R    -4   8  -3  -4  -6  -2  -3  -3   0  -6  -5   1  -4  -6  -5  -3  -4  -6  -4  -5    0  92   0   0   0   0   0   2   2   0   0   5   0   0   0   0   0   0   0   0  2.08 0.51
   62 D    -1  -1   1   3  -4   1   4  -2  -1  -2  -2   2   0  -4  -3  -1   0  -4  -3  -2    3   0   8  19   0   4  31   1   1   2   4  14   2   0   0   2   6   0   0   3  0.43 0.18
   63 T    -1  -3  -1  -1  -4  -3  -2  -4  -1  -3  -4  -2  -4  -1   7   1   1  -1  -1  -2    5   1   3   4   0   0   1   0   1   1   0   2   0   3  52  13   7   1   3   4  1.06 0.29
   64 D    -2   0   2   2  -4   3   2   0   2  -3  -4   0  -3  -2  -3   0  -1  -3   2  -2    0   5  13  13   0  20  11   8   5   1   0   5   0   1   0   5   2   0   9   2  0.35 0.16
   65 V    -2  -4  -5  -5  -3  -4  -4  -5  -4   3   3  -4   2  -1  -4  -3  -1  -4  -1   5    2   0   0   0   0   0   0   0   0  16  26   0   6   1   0   0   3   0   2  45  0.71 0.24
   66 L     3   0  -2  -1  -3  -1   0   2   5  -3  -1  -2  -2  -1  -3  -1  -2  -3   3  -2   28   6   0   3   0   1   6  14  19   0   6   0   0   2   0   3   1   0  11   1  0.34 0.17
   67 A     1   0   1  -2  -2   0  -1   0   0   0  -1  -1   0  -1  -1   2   2  -3   0   0   12   7   6   0   0   2   2   4   2   8   3   2   4   2   1  18  16   0   4   7  0.10 0.08
   68 G     0   0   1   1  -3   0   1   1  -2  -1   1   0   1  -1  -2   0  -1  -3  -2  -2    8   4   7   7   0   1  14  13   0   2  23   8   3   2   0   5   2   0   1   0  0.10 0.08
   69 C    -3  -6  -5  -6  11  -6  -6  -5  -6  -4  -4  -6  -4  -5  -5  -4  -4  -5  -5  -4    0   0   0   0  96   0   0   0   0   0   0   0   0   0   0   0   0   0   0   0  3.46 0.63
   70 R    -4   8  -3  -4  -6  -2  -3  -5  -3  -5  -5   3  -1  -5  -4  -3  -2  -5  -4  -5    0  75   0   0   0   0   0   0   0   0   0  17   2   0   0   1   2   0   0   0  1.76 0.45
   71 K     0   2   1   0  -4   2   1  -2  -2  -4  -4   4  -1  -5  -3   3  -1  -5  -4  -3    5  12   6   4   0   7   8   1   0   0   0  27   2   0   0  27   1   0   0   1  0.49 0.22
   72 G    -3   0   6   4  -5  -1   0  -1  -1  -6  -6  -1  -5  -6  -4   0  -3  -6  -5  -5    1   4  49  26   0   2   6   5   1   0   0   3   0   0   0   4   0   0   0   0  1.12 0.34
   73 C    -4  -8  -7  -8  12  -7  -8  -7  -7  -5  -5  -7  -5  -6  -7  -5  -5  -6  -6  -5    0   0   0   0 100   0   0   0   0   0   0   0   0   0   0   0   0   0   0   0  4.04 0.76
   74 F    -5  -6  -6  -7  -6  -6  -6  -7  -4  -4  -3  -6  -3   9  -7  -6  -5  -2   5  -4    0   0   0   0   0   0   0   0   0   0   0   0   0  81   0   0   0   0  19   0  2.47 0.56
   75 S     0   0   1   1  -3   0  -1   1  -1  -2  -2   0  -2  -1  -3   2   2  -1   1  -1    7   5   7   7   0   3   3  11   1   1   1   5   1   3   0  15  21   1   8   3  0.18 0.12
   76 S    -3  -3   7  -1  -5  -1  -3  -3   0  -5  -5  -3  -4  -5  -4   3   3  -6  -5  -5    0   0  53   1   0   2   0   0   2   0   0   0   0   0   0  22  20   0   0   0  1.28 0.41
   77 E    -1  -1   0   3  -4   1   3  -3   0  -2  -1   0   0  -1   1   0  -1  -2  -1  -1    3   1   2  19   0   5  22   0   2   1   8   6   3   2   8   8   1   0   2   5  0.25 0.13
   78 M    -1  -3  -2   1  -3  -2  -2  -4  -1   0  -1  -3   3   2  -4  -3   1   5   5   2    4   1   2   9   0   2   1   0   1   3   3   0   9   9   0   0   9   7  21  20  0.43 0.20
   79 F    -6  -6  -7  -7  -6  -7  -7  -7  -5  -2  -3  -7  -3   9  -7  -6  -6  -2   2  -4    0   0   0   0   0   0   0   0   0   2   0   0   0  95   0   0   0   0   3   0  2.72 0.60
   80 K    -2   3  -1   0  -3   0   1  -1  -2  -1   1   2   0  -2   0  -1   1  -4  -3  -1    1  18   3   6   0   1   9   5   0   1  15  17   3   2   3   1  10   0   0   5  0.17 0.12
   81 L     0  -2   0   0  -3   3   0   1   1  -2  -1   1   0  -2  -3   0   0   5  -1  -1    6   0   3   5   0  21   4  13   3   1   5   7   3   1   0   7   4  10   2   4  0.27 0.15
   82 C    -4  -8  -7  -8  12  -7  -8  -7  -7  -5  -5  -7  -5  -6  -7  -5  -5  -6  -6  -5    0   0   0   0 100   0   0   0   0   0   0   0   0   0   0   0   0   0   0   0  4.04 0.76
   83 L    -1  -4  -5  -5  -3  -4  -5  -4  -5   2   4  -4   4  -2  -5  -4  -3  -4  -3   4    4   0   0   0   0   0   0   1   0   8  40   0  11   0   0   0   0   0   0  36  0.81 0.27
   84 L    -1   0   0   2  -3   0   2  -2   1  -1   0   1   1  -2  -3   0  -1  -3   1  -1    5   3   2  17   0   4  19   2   3   3  10   8   6   0   0   6   1   0   6   4  0.17 0.11
   85 A     3  -3  -1   1  -2  -1  -1  -2  -3  -1   1  -2   1  -2  -2   1  -1  -4  -2   1   37   0   2  11   0   1   4   0   0   3  14   0   4   1   1   9   1   0   1  10  0.26 0.17
   86 M    -1  -4  -4  -4  -3  -3  -4  -5  -4   0   5  -4   3   0  -4  -1   1  -4  -3  -1    5   0   0   1   0   1   1   0   0   3  63   0   6   4   0   5   9   0   0   2  0.72 0.27
   87 E    -2  -1   1   1  -4   2   3  -2  -1  -1   2   0   1  -1  -2  -2  -2  -3  -1  -2    0   2   7   8   0  12  20   3   0   3  26   7   3   3   2   0   1   0   2   1  0.22 0.14
   88 R    -1   4   0  -1  -3   0  -1  -4   0  -1   2   0   1  -3   1  -2  -2  -4  -3   0    3  28   4   4   0   3   2   0   2   3  29   4   4   0   7   1   1   0   0   5  0.32 0.18
   89 V    -1  -2  -1   0  -3   1   1  -2   3  -1  -1  -1   3  -1  -1   0   2  -3  -1   0    4   0   2   4   0   6  10   2   8   3   5   3  11   2   3   8  20   0   1   9  0.16 0.13
   90 E    -1  -1   0   5  -5   0   4  -1   1  -4  -4  -1   0  -5  -3   0  -1  -5  -4  -4    4   3   3  38   0   3  30   3   4   0   0   2   3   0   0   5   2   0   0   0  0.78 0.27
   91 E    -3   0  -1   1  -6   2   6  -4  -1  -5  -2   1  -2  -5  -4  -3  -3  -5  -2  -3    0   4   2   6   0   9  63   0   1   0   3   6   1   0   0   0   0   0   1   2  1.08 0.37
   92 F    -2  -1  -3  -3  -3  -2  -1  -4   0   1   2   0   3   3  -4  -2  -1  -1   3   1    2   2   0   1   0   1   5   0   2  10  17   6  12  14   0   2   3   1  13   9  0.27 0.15
   93 P     0  -2   0   3  -4   0   3  -2  -2  -2  -2   0   0  -2   3   0   0  -4  -3  -1    6   1   3  20   0   2  23   2   0   1   2   4   4   2  15   5   4   0   0   5  0.38 0.17
   94 D    -2  -1   2   3  -5   3   3  -3   1  -3  -3   2  -1  -3   0  -1   0  -5  -3  -3    1   1   9  21   0  13  18   0   3   1   2  15   1   1   4   3   5   0   0   1  0.47 0.21
   95 F    -1  -4  -3  -5  -4  -4  -5  -5  -1   2   2  -4   1   5  -4  -3  -3  -2   5   0    4   0   1   0   0   0   0   0   1  13  24   0   3  27   1   1   1   0  21   5  0.76 0.27
   96 K     0   2   1  -1  -3   2   0  -2  -2  -1  -1   3   1  -1  -3   0   0  -4  -2   0   10  14   9   3   0   8   4   1   0   2   5  20   5   2   0   4   3   0   1   8  0.19 0.13
   97 R    -3   4  -1  -1  -5   3   2  -4   2  -2  -1   2  -1  -4  -2  -1  -1  -4  -2  -2    0  30   2   3   0  14  16   0   5   2   5  12   2   0   1   2   3   0   1   3  0.50 0.23
   98 W     0  -2  -4  -5  -4  -2  -4  -4   0  -2   0  -1   5   2  -5  -2   0   8   4  -2   10   2   0   0   0   1   0   0   2   1   7   4  16   8   0   2   7  25  14   1  0.91 0.32
   99 I    -1  -1  -5  -5  -3  -4  -5  -6  -5   5   1  -4   2  -3  -5  -4  -3  -5  -4   4    4   5   0   0   0   0   0   0   0  44   8   0   5   0   0   0   0   0   0  35  0.98 0.34
  100 G     0   1   0   0  -3   1   1   2  -1  -4  -3   2  -3  -4  -3   2  -1  -4  -2  -3    7   9   3   6   0   8   7  19   1   0   1  17   0   0   0  20   1   0   2   0  0.34 0.16
  101 I    -2  -2  -4  -4  -3   1  -4  -5  -3   5   0  -3   3  -1  -4  -3   0  -4   0   3    1   2   0   0   0   8   0   0   1  47   4   0   9   1   0   0   7   0   4  17  0.65 0.25
  102 L    -2  -1  -5  -5  -3  -4  -5  -5  -5   2   5  -4   1  -1  -5  -4  -3  -4  -3   3    2   3   0   0   0   0   0   0   0  12  62   0   1   2   0   0   0   0   0  18  0.83 0.27
  103 N    -2   2   5   1  -4   0  -1   2   4  -5  -4   0  -3  -4  -3   0  -2  -4  -3  -4    0  11  39   8   0   3   0  14  14   0   0   5   0   0   0   5   0   0   0   0  0.69 0.23
  104 A     4  -1  -2  -3  -3  -2  -2   4  -3  -4  -4   1  -3  -4  -1   0  -2  -4  -4  -2   43   3   0   0   0   0   0  34   0   0   0   9   0   0   3   5   0   0   0   3  0.65 0.23
  105 G     2   0  -2  -2  -3  -2  -2   4  -3  -4  -2   1  -3  -4  -3   2  -2  -4  -4  -3   23   4   0   0   0   0   0  42   0   0   3  13   0   0   0  15   0   0   0   0  0.60 0.19
  106 R    -3   7  -2  -2  -5   1   1  -4  -2  -4  -4   3  -3  -4  -3  -2  -2  -4  -3  -4    0  75   0   0   0   2   8   0   0   0   0  14   0   0   0   0   0   0   0   0  1.16 0.22

                      K         Lambda
Standard Ungapped    0.1426     0.3314
Standard Gapped      0.0410     0.2670
PSI Ungapped         0.1426     0.3314
PSI Gapped           0.0410     0.2670
