
Last position-specific scoring matrix computed, weighted observed percentages rounded down, information per position, and relative weight of gapless real matches to pseudocounts
            A   R   N   D   C   Q   E   G   H   I   L   K   M   F   P   S   T   W   Y   V   A   R   N   D   C   Q   E   G   H   I   L   K   M   F   P   S   T   W   Y   V
    1 M    -2  -2  -3  -4  -2  -2  -3  -4  -3   2   2  -2   7   2  -3  -2  -2  -2  -1   0    0   0   0   0   0   0   0   0   0  15   5   0  72   8   0   0   0   0   0   0  0.71 0.14
    2 A     4  -2  -2  -2  -1  -1  -1  -1  -2  -2   0  -1  -1  -2  -2   2   0  -3  -2  -1   61   0   0   0   0   0   0   0   0   0  11   0   0   0   0  25   2   0   0   0  0.43 0.11
    3 V    -1  -3  -3  -3  -2  -3  -3  -4  -3   3   1  -3   1   1  -3  -2   2  -3  -1   4    0   0   0   0   0   0   0   0   0  17   8   0   2   6   0   0  16   0   0  52  0.40 0.11
    4 S     1   2   0  -1  -2   1  -1  -1  -1  -1  -1   1  -1  -3   3   1   0  -3  -2   0   11  19   6   0   0   7   0   2   0   0   8   8   0   0  14  13   4   0   0   9  0.21 0.05
    5 T     0   3  -1  -2  -2  -1   0  -2  -2  -1  -2   0  -1  -3   3   1   3  -3  -1  -1    7  23   0   0   0   0   7   0   0   6   0   0   2   0  18   7  28   0   2   0  0.35 0.09
    6 V     0  -1  -3  -4  -2  -2  -3  -3  -3   3   1  -2   3  -1  -3  -2  -1  -3  -2   4    8   4   0   0   0   0   0   0   0  17   8   0  11   1   0   0   1   0   0  49  0.40 0.13
    7 F    -2  -1  -4  -4  -3  -3  -3  -3  -3   1   2  -3   1   5   0  -3  -2  -1   1   1    0   5   0   0   0   0   0   2   0   7  23   0   3  44   4   0   0   0   0  12  0.47 0.13
    8 S     2   1   0  -2   2   1  -1  -2   1  -2  -2  -1  -2   0   3   2  -1  -3  -2  -1   20   8   5   0   5   8   0   0   5   0   0   0   0   5  14  26   0   0   0   4  0.27 0.11
    9 T     1   1  -1  -2  -1  -1  -2  -1  -2   0   0  -1  -1  -2  -2   2   4  -3  -2   0   16  10   0   0   1   0   0   3   0   5  10   0   0   0   0  15  37   0   0   3  0.28 0.13
   10 S     0   2   1  -2   0  -1  -1  -2  -2  -1   0  -1   1  -2   0   2   2  -3   0   0    8  16   7   0   2   0   0   0   0   0  12   0   4   0   5  20  18   0   3   4  0.15 0.09
   11 S     2   0   0  -1   2  -1  -1   0  -2  -2  -2   0  -2  -2   2   2   1  -3  -2  -1   26   3   4   2   5   0   0   5   0   0   0   6   0   1   8  21  13   0   0   5  0.24 0.10
   12 L     1   3  -1  -2  -2  -1  -1  -2   0   1   1   0   0   0  -2   0   0  -3  -1   1   14  23   3   0   0   1   0   0   3   7  14   3   0   4   0   4   7   0   0  15  0.11 0.07
   13 M     0   0  -2  -1  -2  -2  -2  -3  -3   3   1  -2   4  -1  -1   0   0  -3  -2   1    9   8   0   4   0   0   0   0   0  23  15   0  17   1   2   8   6   0   0   6  0.20 0.12
   14 L     0   1   0  -3   0  -2  -3  -3  -3   1   3  -2   0   0  -3  -1  -1  -3  -2   0   10  12   5   0   2   0   0   0   0   7  49   0   0   4   0   4   3   0   0   3  0.30 0.17
   15 A     4   0  -2  -3  -2  -1  -2   0   0  -1  -2   1   1  -3  -2   2   0  -4  -3   0   44   4   0   0   0   1   0   5   2   3   0   8   5   0   1  19   3   0   0   6  0.39 0.21
   16 L     0  -2  -4  -2   1  -3  -3  -2  -4   2   4  -3   1   1  -3  -1  -1  -3  -2   1    9   2   0   2   3   0   0   3   0  10  52   0   2   4   1   4   2   0   0   6  0.38 0.18
   17 S     0   0   1  -2   0  -1  -2  -2   2  -3  -3  -2  -3  -1   1   4   2  -4  -1  -1    6   4   6   0   2   1   0   2   7   0   0   0   0   3   8  38  17   0   1   5  0.39 0.22
   18 R     0   6   0  -3  -5   0  -2  -1   0  -4  -3   0  -3  -5  -1  -1   0  -5  -4  -3    6  64   4   0   0   4   0   3   2   0   3   1   0   0   3   4   5   0   0   1  0.97 0.35
   19 H    -2   3   1  -1   0   1  -1  -1   4  -3  -3  -1  -3  -1  -1   1   0   1   2  -2    1  24   7   3   2   7   2   4  14   0   0   0   0   2   2  13   5   2  10   2  0.34 0.19
   20 S     0   2   0  -2  -3   0  -2   1   1  -2  -3  -1  -3  -4   0   4   2  -4  -3  -1    6  11   4   0   0   4   0  11   4   2   0   0   0   0   3  39  12   0   0   4  0.40 0.23
   21 L    -1  -1  -3  -4  -3  -2  -4  -4  -4   2   4  -3   3   1  -4  -2   0  -3  -2   2    4   3   1   0   0   1   0   0   0  12  43   0   8   6   0   2   7   0   0  13  0.46 0.21
   22 L     0   0  -3  -3   2  -1  -3  -2   0   2   2  -2   2   0  -3  -1   0  -3  -2   1    9   6   0   0   5   3   0   3   3  10  29   0   5   4   0   3   7   0   0  13  0.19 0.13
   23 S     1   4   1  -2  -3  -1  -2  -1  -2  -2  -2   0  -1  -3   0   4   0  -4  -3  -3    8  25   6   0   0   1   0   3   0   2   3   2   2   1   4  38   4   0   0   0  0.50 0.27
   24 P    -2   3  -4  -4  -5  -1  -3  -2  -4  -3  -5  -1  -4  -5   7  -1   0  -5  -5  -3    2  15   0   0   0   2   0   3   0   1   0   3   0   0  62   3   7   0   0   1  1.52 0.44
   25 L     0   0  -2  -3   2  -2  -2  -1  -3   1   3  -2   0   1  -3  -1  -1  -3  -1   1    5   5   2   0   6   1   2   6   0   7  34   1   0   7   0   4   4   0   1  13  0.17 0.12
   26 L    -1   1  -3  -4   1  -2  -3  -1  -3   1   3  -2   2   0  -1  -2  -1  -3   0   0    6  10   0   0   3   1   0   4   0   9  41   1   4   4   3   2   1   0   3   6  0.27 0.16
   27 S     1   1   0  -2  -1   0  -2   0  -3  -2  -3  -1  -3  -4   0   4   2  -4  -3  -2   12   7   4   0   1   4   0   7   0   1   2   1   0   0   5  40  11   0   0   2  0.43 0.24
   28 V     0   0  -2  -3   1  -2  -1  -2  -3   1   0  -1   1   0  -2  -1   2  -3  -1   2    9   7   0   0   4   0   4   3   0   9   9   2   3   3   1   3  17   0   1  24  0.16 0.13
   29 T     0  -2   1  -2   1  -1  -2  -2   1  -1  -2  -1  -2  -1  -1   1   4  -3  -1   1    5   2   7   0   3   2   1   1   4   3   3   2   1   3   2  12  39   0   2   9  0.39 0.23
   30 S     1   0   0  -2   0  -1  -2   0  -3  -3  -3  -1  -3  -1   0   4   2  -2  -1  -2   14   6   4   0   2   1   0   5   0   1   1   1   0   3   5  38  15   0   2   1  0.41 0.24
   31 F    -1   0  -2  -3   0  -2  -2   0  -1   1  -1  -2  -1   4  -1   1   0   2   2  -1    4   6   1   1   3   1   1   6   1   9   4   2   0  23   3  13   7   3   8   3  0.20 0.13
   32 R    -1   6  -1  -3   1  -1  -1  -2  -1  -4  -2   1  -3  -4  -3   1   0  -4  -1  -2    4  51   2   0   3   0   2   2   1   0   4   7   0   0   0  11   5   0   3   3  0.72 0.30
   33 R    -2   5   1  -1   1   0  -2  -3   2  -3  -1   1  -2  -3  -3   1   0  -1   0  -3    2  36   8   2   4   3   1   1   5   1   6   7   0   0   1  14   4   1   4   1  0.47 0.22
   34 F    -1  -3  -1  -3   0  -1  -2  -1   1   0   1  -2   0   5  -2   0  -1   1   1   0    4   1   2   1   2   2   3   6   4   4  13   1   2  32   2   7   2   2   4   6  0.29 0.15
   35 Y     0  -2  -1  -4  -1  -1  -3  -4   3  -1   0  -2  -1   2  -4   0  -1   2   6   0    8   2   3   0   1   3   0   0   6   2  11   1   1   6   0   7   2   2  36   7  0.53 0.24
   36 R    -1   4   1  -2  -4   0  -1   0   2  -3  -2   2  -1  -4  -2   2   0   0  -3  -3    3  31   6   1   0   3   1   7   6   0   3  10   2   0   1  17   6   1   0   1  0.39 0.21
   37 G     1   0   1  -2  -1   0  -2   4   0  -4  -3  -2  -3  -4   0   2   0   1  -1  -2   12   5   5   1   1   3   0  33   2   0   1   1   0   0   4  19   6   2   3   2  0.41 0.21
   38 D    -2  -2   3   5  -2  -1   1  -1  -3  -2  -3   0  -4  -3  -2   1  -1  -5  -1  -3    3   1  13  43   1   1   6   4   0   2   3   6   0   1   2   9   4   0   2   1  0.63 0.27
   39 S     1  -2  -1  -2  -2   0  -1   0  -3  -1  -3   1  -2  -2   1   4   2  -4  -2  -1    9   1   1   1   1   3   2   8   0   3   0  12   1   2   5  35  14   0   1   3  0.34 0.21
   40 P     0  -3  -1   0  -1  -1  -1  -1  -2  -2  -3  -2  -3  -3   6   1   1  -5  -4  -1    7   0   3   4   2   3   2   4   1   2   1   2   0   1  47   9   9   0   0   3  0.90 0.30
   41 T     0  -2   1   0  -2  -1   0  -2  -2   1  -1  -1  -1  -1   1   1   3  -3  -1   1    8   0   6   6   0   1   4   1   0  11   2   4   1   2   5  10  27   0   2   8  0.19 0.14
   42 D     0  -1   2   4  -2   0   1  -1  -1  -1  -1   0  -1  -3   0   1   0  -4  -2  -1    9   2  10  29   1   2   6   3   1   5   4   4   2   0   3  10   6   0   1   3  0.25 0.13
   43 S     0  -2   0   1  -3  -1   0   1  -1  -2  -3   0  -3  -2  -1   4   1  -4  -3  -2    3   0   3   9   0   2   4  10   1   2   1   4   0   2   3  44   9   0   0   2  0.42 0.22
   44 Q    -1  -1   0   1  -3   3   2   0   1  -2  -1   1   0  -2   1   1  -1  -3   0  -2    2   1   3   7   0  16  14   6   5   2   9   7   2   1   6   9   2   0   4   2  0.16 0.11
   45 K    -1   0   0   2  -3   1   2  -1   0  -1  -2   3  -1  -3   0   0  -1  -3  -2  -1    5   3   3  11   0   4  12   4   2   4   3  28   2   0   5   8   3   0   1   3  0.22 0.12
   46 D    -2  -1   1   5  -4   0   2   0   0  -3  -3   0  -3  -2  -2  -1   0  -4  -2  -2    2   3   6  46   0   4  10   5   2   1   1   4   0   2   1   2   6   0   2   3  0.59 0.22
   47 M    -1  -2  -2  -1  -3  -1  -1  -1  -1   0   1   0   5  -1   0   0   0  -1  -2   0    2   2   1   4   0   2   4   5   2   5  14   5  26   2   4   7   6   1   1   7  0.21 0.16
   48 I     0  -2  -1  -1   0  -2  -1  -1  -1   2   1  -1   1   0   0   0   1  -2   0   1   11   1   2   3   2   1   3   4   1  19  11   3   3   4   3   4  13   0   2  11  0.07 0.07
   49 E     0   1   0   2  -4   1   5  -2  -1  -3  -4   0  -3  -2  -2  -1  -1  -4   0  -2    7   7   4  12   0   3  42   3   1   2   1   4   0   1   1   4   2   0   4   2  0.51 0.23
   50 I    -1  -3  -2  -3  -2  -3  -2  -4  -2   4   2  -2   1   1   1  -1   1   1  -1   1    2   0   1   1   0   0   2   0   1  29  18   1   3   5   6   6  13   2   2   8  0.29 0.16
   51 P    -1  -2  -1   1  -5  -2  -1  -2  -3  -4  -4   1  -4  -5   7  -2  -1  -3  -5  -3    4   2   2   7   0   1   4   3   0   1   1   7   0   0  60   2   3   0   0   2  1.37 0.40
   52 L     0  -2  -3  -4  -3  -1  -3  -3  -1   4   3  -1   1  -1  -1  -3  -1  -3  -1   2    7   1   1   0   0   2   1   1   1  28  29   4   3   2   3   0   3   0   1  14  0.35 0.18
   53 P    -2   0  -3  -2  -4  -2   0  -1  -3  -3  -4  -2  -4  -5   7   0  -1  -5  -3  -3    3   5   0   2   0   1   5   4   0   1   1   1   0   0  63   7   4   0   1   1  1.48 0.43
   54 P    -2  -1  -1  -1  -4   0   1  -3  -2  -2  -3  -1   0  -4   7  -1  -1  -4  -3  -2    2   3   3   2   0   4   9   1   1   2   3   3   3   1  52   4   4   0   0   3  1.06 0.31
   55 W    -1   0  -1  -2  -3   0   0  -1   0  -1   0  -1  -1   1   1   0  -1   5   5  -1    5   4   2   1   0   4   6   4   2   5   7   3   1   4   7   7   2   8  26   2  0.31 0.14
   56 Q    -1   2   0   0  -3   2   1  -1  -1  -1  -1   1  -1  -2   1   0  -1  -3  -1  -1    4  15   4   4   0  14   7   4   1   5   8  11   1   1   6   7   3   0   1   4  0.15 0.08
   57 E    -1   0  -1   1  -3   2   4  -1  -1  -3  -3   1  -2  -3   1  -1  -1  -2  -2  -1    5   3   2   6   0   8  41   3   1   1   2   8   1   1   7   3   2   0   1   5  0.45 0.20
   58 R    -1   6  -1  -2  -5  -1  -1  -3   0  -3  -3   2   0  -4  -1  -1  -1  -4  -2  -2    4  59   2   2   0   1   2   1   2   1   1   8   3   0   4   3   3   0   1   2  0.93 0.37
   59 T     0  -1   0   0  -3  -1   0  -2  -1  -1  -3   0  -2  -3   1   2   4  -4  -2   0    6   2   3   4   0   2   5   2   1   2   1   5   1   1   7  15  36   0   1   7  0.36 0.23
   60 D    -2  -2   3   4  -4  -1   0   3   0  -4  -4  -2  -3  -3   0   1  -1  -4  -1  -3    1   1  15  25   0   2   5  28   2   1   0   1   0   1   4   9   2   0   3   2  0.54 0.25
   61 E    -1  -2  -2   1  -4   0   7  -4  -3  -5  -4  -2  -3  -4  -2  -1  -1  -6  -5  -5    4   2   1   5   0   2  75   1   0   0   1   0   0   1   1   3   3   0   0   0  1.40 0.53
   62 S     0  -2   0   4  -3  -1   0   0  -1  -3  -3  -2  -2  -4   3   2   2  -5  -3  -2    7   1   3  27   0   1   3   5   2   1   1   1   1   0  14  17  15   0   0   1  0.45 0.24
   63 I     0   0  -1  -1  -3  -2  -2  -3  -1   2   2  -2   3  -1   0  -2   0  -3  -2   1    9   7   2   3   0   1   2   0   2  16  23   1  13   1   4   2   4   0   1   8  0.20 0.16
   64 E    -1   0   2   4  -5   1   4  -3  -2  -4  -4   1  -3  -4  -2  -1  -1  -5  -4  -4    4   3   9  24   0   6  37   1   0   1   1   6   0   1   1   4   3   0   0   0  0.67 0.30
   65 T     0  -1   0  -1  -2  -1  -1  -3   0   1   0   0  -1  -3   0   0   4  -4  -2   0    8   2   4   2   1   3   2   1   2   8   8   8   1   0   5   2  38   0   0   6  0.28 0.21
   66 K    -2   5   0  -2  -4   0  -2  -4  -2  -1   0   3   3  -1  -4  -2  -2   2  -2  -2    1  40   3   1   0   1   1   0   1   2   9  20  11   2   0   0   2   3   0   0  0.62 0.30
   67 R    -3   7  -3  -3  -3   0  -2  -4   0  -1   0   1  -2  -3  -4  -2  -3  -5  -4  -3    0  69   0   0   1   3   0   1   2   4   8   6   0   1   0   2   0   0   0   1  1.15 0.43
   68 A     3   2  -1  -3  -3  -1  -1  -1  -2  -3  -3   4  -2  -4  -3   0  -2  -4  -3  -1   34  13   2   0   0   1   0   4   0   1   1  37   1   0   0   3   0   0   0   3  0.55 0.28
   69 R    -2   7  -2  -3  -5   0  -1  -4   0  -5  -4   3  -3  -5  -4  -3  -3  -5  -4  -4    2  76   0   0   0   3   1   0   2   0   0  13   0   0   0   0   0   0   0   0  1.51 0.46
   70 L    -2  -3  -3  -4  -3  -3  -4  -3  -4   1   5  -3   1  -1  -2  -2  -2  -3  -3   0    2   0   1   0   0   0   0   1   0   6  75   0   3   0   2   4   1   0   0   3  0.81 0.32
   71 L    -2   0  -2  -3  -2  -1  -3  -3   0   2   3  -1   1   0  -3  -2  -1  -1   1   1    2   6   1   0   0   3   0   1   2  11  45   4   2   3   0   1   4   1   4   8  0.29 0.16
   72 Y    -3  -2  -3  -3  -2  -3  -3  -4   1  -2  -2  -3   2   4  -4  -3  -3   3   7  -3    1   2   0   1   1   0   1   1   3   2   2   1   7  19   1   1   1   3  54   1  1.25 0.38
   73 E    -2   5  -2  -2  -4   5   1  -3   2  -4  -3   1  -1  -4  -3  -1  -2  -3  -2  -3    1  40   0   1   0  30   8   1   5   1   2   3   1   0   1   2   1   0   0   1  0.79 0.29
   74 S     2  -2  -1  -2   2  -2  -2  -1  -2  -3  -3  -2  -1  -3  -2   5   0  -3  -3  -2   19   1   1   1   5   0   1   3   0   1   1   1   1   0   1  60   2   0   0   2  0.70 0.29
   75 R    -1   4   0  -2   1   2  -1  -2   0  -2  -2   1   1  -2  -3  -1  -1   6  -2  -2    3  31   3   1   4   8   2   2   3   2   2   9   4   1   1   3   4  13   0   2  0.47 0.20
   76 K    -1   3   0  -2  -3   0  -1  -2   6  -3  -3   3  -1  -2  -2  -2  -2  -2   3  -3    5  18   3   1   0   4   2   2  22   1   2  25   1   1   1   1   1   0  11   1  0.56 0.23
   77 R    -2   6  -2  -3   0   0  -2  -2  -2  -2  -3   0   1  -3  -3  -2   1  -3  -3  -3    1  63   1   1   2   2   1   2   0   2   2   3   5   1   1   1  11   0   1   1  0.94 0.32
   78 G    -1  -3  -2  -2  -3  -2  -3   6  -3  -4  -3  -2  -3  -3  -3   0  -2  -3  -3  -3    1   1   1   1   0   1   1  78   0   1   2   1   0   1   1   5   1   0   1   1  1.23 0.29
   79 M    -1  -2  -1  -2   1  -1   1  -2  -2   2   0  -2   4   1  -2  -1   2   1  -1   0    1   2   2   1   3   1  10   3   0  16   2   1  20   8   1   4  20   2   1   2  0.21 0.16
   80 L    -1   2  -1   1  -2   0  -1  -2  -1  -1   2   2   0  -1  -2  -1  -1  -2  -1  -1    4  13   3  10   0   2   1   1   1   1  28  22   1   2   1   2   2   0   2   4  0.17 0.12
   81 E    -2  -2  -2  -1  -4   1   6  -3  -2  -4  -4   0  -3  -4   2  -2  -2  -4  -3  -3    1   1   1   1   0   3  72   1   0   1   1   3   0   1   9   1   1   0   0   1  1.14 0.38
   82 N     0  -2   4  -1  -1  -1  -2   0   0  -1  -1  -2   4  -2  -2   1   1  -3  -2  -1   10   1  32   1   1   0   1   5   2   2   4   1  15   1   1   9  10   0   0   4  0.34 0.20
   83 C    -3  -3  -1   6   4  -2   0  -1  -3  -4  -4  -2  -3  -4  -3  -2   1  -4  -2  -3    1   1   0  62   9   0   4   5   0   1   1   1   0   0   1   1   9   0   2   1  1.00 0.35
   84 I    -1  -1  -2  -3   2  -2  -1  -3  -2   2   2  -2   3   1  -2  -2  -1  -2   0   1    4   4   1   1   7   1   4   1   0  13  31   1  13   8   1   1   1   0   4   6  0.19 0.10
   85 L     0   1  -2  -2  -2   0  -2  -2  -1   2   2  -1   2   1  -2  -1  -1  -1   1   1    6  11   1   1   0   6   1   1   0  14  29   1   6   6   1   1   1   0   6   8  0.12 0.07
   86 L     0  -2  -2  -3   3  -2  -2  -2  -2   1   1  -2   2   2  -2  -1  -1  -1   2   1   12   1   0   1  11   0   1   1   0  12  12   1  11  12   1   1   1   0  11  12  0.18 0.09
   87 S    -1  -2  -1  -2  -1  -1  -2   4  -1  -3  -3  -2   0  -5  -2   4  -1  -5  -4  -2    2   2   2   2   1   2   2  36   2   2   2   2   3   0   2  34   3   0   0   3  0.70 0.37
   88 L     0   2  -1  -1  -1   0  -1   0   0  -3  -2   0  -2  -1   0   0   2  -3   2  -2    9  16   3   4   1   5   2   8   3   0   4   5   0   2   5   8  15   0   9   2  0.18 0.16
   89 F    -4  -5  -5  -6  -4  -5  -5  -5  -3   2  -2  -5  -2   7  -6  -4  -4   6   5  -2    0   0   0   0   0   0   0   0   0  13   0   0   0  55   0   0   0  14  18   0  1.53 0.34
   90 A     3  -3  -2  -1   2  -2  -2  -1  -3   2   0  -2   1   0  -3   0   0  -3   0   1   35   0   0   4   4   0   0   4   0  17   4   0   4   4   0   5   6   0   4   7  0.21 0.13
   91 K     1   1  -1   4  -3   0   2  -3  -1  -4  -4   2  -3   1  -4   0  -2  -5  -4  -3   11   7   2  28   1   4  11   2   2   1   1  15   0   7   0   7   2   0   0   1  0.51 0.34
   92 E     2   1  -2   1  -2   3   2  -3   0  -3  -3   3  -2  -3  -3  -1  -1  -5  -4  -2   21   6   1   7   1  15  12   1   2   1   2  21   1   1   0   2   4   0   0   2  0.45 0.33
   93 H    -2   1   2  -3  -3  -1   0  -4   7  -4  -4  -1  -2   0  -4  -2  -3   0   5  -3    3   8  11   1   1   2   6   1  30   1   1   3   1   4   1   2   1   1  19   2  0.98 0.47
   94 L    -2  -5  -5  -6  -1  -5  -5  -3  -2   2   6  -5   0  -3  -5  -5  -4  -5  -2   1    3   0   0   0   1   0   0   3   1   9  69   0   2   0   0   1   0   0   1   7  1.24 0.54
   95 Q     2  -1   1   1  -3   0   1   0   2  -3  -3   0  -1  -3   3   0  -2  -2  -2  -3   19   2   7   9   1   4   8   7   6   1   2   7   1   1  14   7   1   1   1   1  0.29 0.21
   96 H     0   0   1   1  -2   1   1   1   0  -3  -2   1  -3  -2  -3   1   2  -4  -3  -2    7   3   5   9   1   6   8  10   3   1   3  11   0   1   0  13  16   0   0   2  0.23 0.19
   97 M    -2  -4  -5  -5   0  -4  -5  -5  -4  -1   3  -5   8   3  -5  -4  -4   2   0  -3    2   0   0   0   2   0   0   1   0   2  29   0  42  12   0   1   0   3   3   0  1.36 0.61
   98 T    -2  -2   2   3  -1  -1   0  -1  -3  -4  -4  -2  -1  -4  -1   3   3  -5  -4  -4    2   2   9  19   1   2   4   4   0   0   1   2   1   0   3  28  21   0   0   0  0.58 0.38
   99 E     1   0  -1   2  -2   0   3  -1   1  -2  -2  -1   0  -2   2   0  -1  -4  -2  -1   11   5   2  15   1   2  23   5   3   2   4   3   2   1   9   4   2   0   1   5  0.23 0.19
  100 K     2  -1   0   2  -3   0   3  -1  -1  -3  -3   1  -2  -3   0   0   0  -4  -3  -2   18   2   4  11   0   3  25   3   1   1   2   8   1   1   5   5   5   0   0   2  0.29 0.24
  101 Q    -2  -2  -1   2  -5   5   4  -2  -1  -3  -1  -1   0  -5  -4  -2  -2  -4  -4  -3    3   1   2   9   0  32  29   3   1   1   5   2   2   0   0   2   2   0   0   2  0.74 0.45
  102 L    -2  -4  -5  -5   0  -4  -5  -5  -1   0   6  -5   3  -1  -5  -4  -1  -4  -3  -1    2   0   0   0   2   0   0   1   2   4  70   0   6   2   0   1   4   0   0   4  1.14 0.52
  103 N     0   0   1   4  -3   2   2  -1  -1  -3  -3   1  -1  -4  -3  -1   0  -5  -3  -2    8   5   7  30   1   8  10   4   1   1   2  11   1   0   1   3   4   0   1   2  0.43 0.29
  104 L     0   1  -2   0   1   4   3  -3  -1  -2   1  -1   0  -4  -4  -1  -1   0  -4  -2    7   7   1   4   4  20  25   1   1   2  15   2   2   0   0   3   3   2   0   2  0.41 0.33
  105 Y    -5  -5  -6  -6  -2  -5  -6  -6  -3  -3   0  -5  -2   5  -6  -5  -3   1   8  -3    0   0   0   0   1   0   0   0   0   1   9   0   1  21   0   0   1   1  59   1  2.01 0.82
  106 D    -3  -4  -2   6  -6  -2   5  -4  -1  -2  -6  -3  -5  -6  -4  -2  -3  -6  -5  -4    1   0   1  51   0   1  33   1   1   3   0   0   0   0   0   3   1   0   0   1  1.46 0.67
  107 R     2   3   0   0  -2   1   0  -2   1  -2  -1   1   0  -3  -3   0  -1  -4  -2  -2   22  20   3   4   1   5   5   1   3   2   8  10   2   1   0   8   3   0   1   2  0.25 0.23
  108 L    -4  -5  -6  -6  -4  -5  -6  -6  -5   2   5  -5   3   3  -2  -5  -4  -4  -3  -1    0   0   0   0   0   0   0   0   0   8  66   0   6  13   2   0   0   0   0   3  1.24 0.54
  109 I    -4  -5  -6  -6  -4  -5  -5  -4  -5   4   5  -5   3  -2  -5  -4  -3  -5  -4   0    0   0   0   0   0   0   0   1   0  23  60   0   7   1   0   1   1   0   0   4  1.21 0.53
  110 N    -2  -1   5   5  -3  -1   2  -2  -1  -5  -5  -1  -2  -5  -4  -1  -2  -3  -4  -4    3   3  30  30   0   2  14   2   1   1   1   3   1   0   0   5   2   0   1   1  0.92 0.47
  111 E    -2  -2  -2  -1  -2   2   5   1   0  -2  -1  -1  -1  -2  -3  -1  -2  -4   0  -1    2   1   2   2   1   9  42   9   2   2   7   2   1   2   1   4   3   0   3   5  0.55 0.34
  112 P     0  -1  -1  -1  -1  -1   1  -1   1  -2  -1  -1  -1  -1   5  -1  -1  -2  -2  -1    7   3   2   3   1   2  10   5   4   3   6   3   1   2  32   4   3   1   1   6  0.47 0.17
  113 S     0   0   0   1   0   0   0  -1   1   0   0   0   0   0   0   1   0  -1   0   0    8   4   5   8   2   2   5   4   6   5  10   3   2   3   4  10   8   1   4   6  0.03 0.02
  114 N    -1  -2   6   1  -1   0   0  -1   0  -2  -1  -1   2  -2  -1   0  -1  -3  -2  -2    3   2  38   7   1   3   5   5   2   2   7   2   5   2   2   7   3   0   1   2  0.49 0.23
  115 D    -5  -5  -2   8  -6  -2   1  -5  -4  -6  -6  -4  -5  -5  -5  -4  -3  -6   0  -6    1   0   1  78   0   1   9   1   0   0   1   1   0   0   0   1   1   0   3   1  2.09 0.77
  116 W    -1   0  -2  -3  -5   2  -4  -3   2  -2  -3  -3  -1   0   2  -2  -1  10  -2  -2    5   5   2   2   0  11   0   2   5   2   2   1   2   3  10   2   3  39   1   3  1.40 0.58
  117 D    -4  -2  -2   8  -6  -2   1  -4  -3  -5  -2  -3  -6  -3  -4  -3  -4  -7  -5  -4    1   2   1  74   0   1   7   1   0   1   4   1   0   1   1   2   1   0   0   1  1.83 0.74
  118 I    -5  -5  -6  -6  -5  -5  -6  -6  -6   6   4  -3   0  -1  -6  -5  -4  -5   0   1    0   0   0   0   0   0   0   0   0  41  43   1   1   2   0   0   0   0   3   6  1.28 0.55
  119 Y    -3  -6  -6  -7  -6  -6  -6  -7  -2  -4  -1  -6   2   5  -7  -6  -5   3   8  -3    2   0   0   0   0   0   0   0   1   1   6   0   5  20   0   0   0   3  58   2  2.06 0.79
  120 Y     1  -1   2   0  -3   1  -2  -2   0  -4  -3   0  -3  -2  -2  -1  -3  -3   7  -4   14   2   9   6   1   6   2   3   2   1   3   6   1   0   2   5   1   0  37   1  0.70 0.43
  121 W    -6  -7  -8  -8  -7  -7  -7  -7  -6  -5  -2  -7  -3  -1  -8  -7  -7  12   3  -3    1   0   0   0   0   0   0   0   0   1   4   0   1   2   0   0   0  81   8   2  4.04 1.27
  122 A     3  -5  -5  -5   0  -4  -5  -4  -5   4   2  -4   2  -1  -4  -2  -2  -5  -2   3   23   0   0   0   2   0   0   1   0  25  17   0   5   2   0   3   1   0   1  20  0.66 0.36
  123 T    -2  -4  -2  -4  -1  -3  -4  -3  -5   1  -2  -1   1  -4  -4   2   6  -5  -5   1    2   1   1   0   1   1   1   2   0   8   2   3   3   1   0  13  52   0   0  10  0.94 0.53
  124 E    -2  -2   0   0  -3   1   2   6  -3  -6  -4   0  -1  -5  -5  -2  -4  -5  -4  -4    2   2   4   5   1   7  13  54   0   0   2   4   2   0   0   1   0   0   0   1  1.00 0.49
  125 A     1   3  -1  -1  -4   3   1  -2  -2  -2  -3   3  -1  -4  -3   0  -1  -5  -3  -1   12  15   2   3   0  14   7   3   0   2   1  22   1   0   1   8   3   0   0   5  0.39 0.29
  126 K     0   1  -2  -1  -5   1   2  -3  -2  -3  -3   4  -3  -4  -1  -1   0  -4  -3  -1    9   8   1   3   0   6  16   1   1   1   3  32   0   1   3   5   6   0   0   5  0.47 0.34
  127 P     0  -4  -3   0  -6   0   2  -4  -5  -5  -5  -3  -4  -7   7  -2   0  -7  -6  -3    6   0   1   5   0   3  16   1   0   1   1   1   0   0  53   2   7   0   0   2  1.41 0.67
  128 A     3  -4  -4  -4   0  -4  -3  -1  -3   1  -1  -4  -2  -3   3  -2   2  -4  -4   3   25   0   0   0   2   0   1   4   0   6   6   0   1   1  15   1  13   0   0  23  0.53 0.37
  129 P    -1  -6  -5  -4  -7  -4  -4  -6  -7  -7  -7  -4  -7  -8   9  -4  -4  -8  -7  -7    4   0   0   1   0   1   1   0   0   0   0   1   0   0  89   1   1   0   0   0  2.96 1.12
  130 E     2   0  -2   2  -5   0   5  -3  -2  -5  -5   1  -3  -6   2  -1  -1  -6  -5  -3   16   4   1  11   0   3  35   1   1   0   1   8   0   0  10   4   2   0   0   1  0.65 0.42
  131 I     0   2   1   0  -3   0   3  -3   2  -1  -2   0  -2  -2  -1  -1  -1  -1   1   0    7  13   8   3   0   3  23   1   5   4   2   6   1   1   2   3   2   1   5   9  0.23 0.21
  132 F    -1  -4  -3  -5  -5  -2  -4  -5   3   0   0  -2  -1   5  -5  -3  -3   6   5  -1    6   1   1   0   0   2   1   1   7   5   9   2   2  26   0   2   1  12  18   4  0.89 0.45
  133 E     0  -1   1   5  -4   3   3  -3  -1  -4  -4   1  -3  -6  -3   0  -2  -6  -4  -4    6   3   6  31   0  11  20   2   1   1   1   9   0   0   1   5   2   0   0   1  0.72 0.42
  134 N    -2  -2   4   0  -1  -3  -3   1   1  -3  -3  -2   0  -5  -3   2   4  -5  -4  -4    2   1  24   5   1   1   1  13   3   1   2   2   2   0   1  15  26   0   0   0  0.64 0.42
  135 E     0  -1   0   3  -4   0   3  -2  -2  -4  -2   0  -2  -4   3   1  -1  -5  -4  -4    8   3   3  17   0   3  23   2   1   1   4   6   1   0  16   9   4   0   0   1  0.47 0.32
  136 V    -1  -5  -4  -5  -1  -5  -4  -3  -4   4   2  -4   2  -2  -5  -4  -2  -5  -3   5    4   0   1   0   1   0   1   2   0  22  15   0   4   1   0   1   2   0   0  45  0.95 0.48
  137 M    -1  -3  -4  -5  -4  -3  -4  -2  -3   0   3  -3   7   4  -4  -3  -3  -2  -1  -1    4   1   0   1   0   1   1   3   0   5  29   1  26  18   1   2   1   1   2   3  0.86 0.48
  138 A     2   2  -1   2  -3   2   1  -2   1  -4  -3   2  -3  -5  -2   0  -1  -2  -4  -2   22  11   3  13   0   9  10   3   3   1   2  12   0   0   2   4   3   0   0   2  0.34 0.28
  139 L    -1   2  -3  -3  -4   0  -1  -3  -3   0   3   2   5  -3  -4  -2  -2  -3  -3  -1    4  12   1   1   0   3   4   2   0   6  31  12  16   0   0   2   2   0   0   2  0.50 0.37
  140 L    -2  -3  -6  -7  -3  -4  -6  -5  -3   4   5  -5   2  -2  -6  -3  -3  -2  -4   0    3   1   0   0   0   0   0   1   1  23  55   0   5   1   0   2   1   0   0   5  1.10 0.55
  141 R    -1   5  -2  -3  -1   4  -1  -3  -1  -1  -3   4  -2  -6  -4  -2  -1  -6  -5  -2    4  29   1   1   2  19   2   2   1   3   2  25   1   0   1   2   3   0   0   3  0.79 0.49
  142 D     1  -1   1   4  -5   1   3  -2   0  -3  -3   2  -3  -4  -3   0   0  -5  -4  -1   11   2   6  21   0   6  19   2   3   1   2  11   0   0   0   5   5   0   0   4  0.40 0.30
  143 F    -3  -4  -3  -4  -6  -4  -4  -5   6   1  -2  -5  -2   7  -6  -3  -4   0   3  -2    2   1   1   1   0   0   1   1  22   7   3   1   1  45   0   2   1   1  10   2  1.46 0.67
  144 A     4  -3  -3  -4   4  -1  -3  -3   1  -1  -3  -1  -1  -3  -4   1   1  -5  -2   3   33   1   1   0   8   3   1   1   3   3   1   3   1   0   0  10   9   0   1  21  0.48 0.37
  145 K     0   3   0   0  -4   3   1  -3   0  -4  -4   5  -2  -5  -2  -1  -2  -5  -3  -3    7  14   3   5   0  12   7   1   2   0   2  38   1   0   1   3   1   0   1   2  0.68 0.42
  146 N    -1  -1   6   0  -5  -1   0   0   2  -4  -6  -1  -3  -4  -3   0   0  -6  -5  -3    4   2  49   4   0   2   7   6   4   1   0   3   0   1   1   7   6   0   0   1  0.94 0.51
  147 K    -1   2   1  -2  -5   1   3  -2   0  -4  -3   4  -1  -2  -2  -1  -2  -5  -1  -3    6  12   5   1   0   4  22   2   2   0   2  31   2   1   2   3   2   0   2   1  0.54 0.35
  148 N    -1   0   4   2  -4   1   2   2   1  -3  -4   1  -3  -4  -3   0   0  -3  -3  -3    4   4  22  11   0   6  12  16   3   1   1   7   0   0   0   5   4   0   0   1  0.40 0.26
  149 K    -2   4   1  -2  -4   1   1  -1  -3  -5  -4   5  -2  -2  -3  -2  -2  -5  -4  -3    3  23   6   1   0   4   6   4   0   0   1  43   1   2   1   2   1   0   0   1  0.81 0.43
  150 E    -1  -2  -1   1  -4   1   5  -2   0  -2  -2   0  -2  -3  -1  -1  -1  -2  -3   2    5   1   3   7   0   5  41   3   2   1   3   4   1   1   3   3   3   1   0  15  0.46 0.31
  151 Q    -1  -1  -1  -2  -2   3   0  -1  -1   1   0   1  -1  -3  -2   0   1  -1  -2   2    2   2   3   1   0  17   4   4   1  10   9  12   1   0   2   6   8   1   0  17  0.16 0.18
  152 R    -1   7  -3  -2  -4   1  -2  -3  -3   0  -3   1  -2  -2  -4  -2  -2  -4  -4  -2    4  62   0   1   0   5   1   2   0   6   2   6   1   1   1   2   2   0   0   3  1.12 0.46
  153 L    -1  -2   1  -3  -2  -2  -3  -3   0   2   3  -2   2   1  -1  -1  -1  -2  -1   1    3   1   7   1   0   1   1   1   3  13  32   2   7   7   2   5   3   0   1  10  0.23 0.16
  154 R    -2   7  -3  -2  -2   0   0  -2   0  -3  -4   1   1  -5  -4  -1  -1  -5  -4  -4    3  61   0   2   1   3   4   3   2   1   1   7   3   0   0   4   4   0   0   1  1.08 0.48
  155 A     1  -3  -4  -4  -4   5  -3  -3  -4  -2  -2  -3   8  -3  -1  -1  -2  -5  -3  -1   15   0   0   0   0  27   0   1   0   1   1   0  43   1   3   4   2   0   1   3  1.18 0.57
  156 P    -2  -6  -6  -5  -6  -5  -5  -3  -6  -7  -7  -3  -6  -7   9  -4  -5  -7  -7  -6    2   0   0   0   0   0   0   2   0   0   0   1   0   0  93   1   0   0   0   0  2.95 0.87
  157 D    -2  -3   2   6  -5  -2   2  -3  -2  -5  -6  -2  -5  -6   1   1  -3  -6  -5  -5    3   0   9  55   0   0  14   0   0   0   0   1   0   0   6  10   0   0   0   0  1.16 0.45
  158 L    -3  -2  -6  -6  -4  -5  -5  -3  -5   0   6  -5   0  -2  -5  -5  -2  -4  -2  -1    1   3   0   0   0   0   0   2   0   4  85   0   1   0   0   0   3   0   1   1  1.29 0.50
  159 E    -2   1  -1   2  -4   1   5  -2   2  -4  -4   2  -3  -4  -2  -1  -1  -4  -3  -4    0   6   0  14   0   4  46   1   5   0   0  18   0   0   0   2   4   0   0   0  0.69 0.21
  160 Y     1  -2  -1  -1  -3   1  -1  -2   2  -2  -2  -2  -1   2  -3  -1  -1   4   6  -1   13   0   2   3   0  10   0   0   6   0   0   0   0   9   0   3   3   5  40   3  0.45 0.11
  161 L    -2  -3  -3   0  -2  -2  -2  -3  -3   2   3  -3   2   1   0  -2  -1  -2  -1   1    0   0   0   9   0   0   0   0   0  23  45   0   4   8   4   0   0   0   0   4  0.27 0.06
  162 F    -2  -2  -2  -2  -3  -2   0  -3   2   0   0  -2  -1   5   3  -2  -2   0   2  -1    1   0   0   0   0   0   8   1   7  10   1   0   0  55  15   1   0   0   0   0  0.43 0.06
  163 E    -1   1  -1   0  -3   3   3   1  -1  -2  -1   2  -1  -3  -2   0  -1  -3  -2  -2    1   8   0   0   0  17  36  15   0   0   7  13   0   0   0   1   0   0   0   0  0.31 0.04
  164 K    -1   1   0  -1  -3   3   2  -2  -1  -3  -3   4  -2  -3  -1   2   0  -3  -2  -3    0   0   0   0   0  15  10   0   0   0   0  53   0   0   0  22   0   0   0   0  0.45 0.06
  165 P     0  -2  -2  -2  -3   0  -1  -2  -2  -3  -3  -1  -2  -4   7   1  -1  -4  -3  -2    9   0   0   0   0   6   0   0   0   0   0   0   0   0  74  11   0   0   0   0  1.44 0.07
  166 R    -1   5  -1  -2  -4   1   0  -2  -1  -3  -3   3  -2  -3  -2  -1  -1  -3  -2  -3    0  70   0   0   0   0   0   0   0   0   0  30   0   0   0   0   0   0   0   0  0.68 0.03

                      K         Lambda
Standard Ungapped    0.1325     0.3182
Standard Gapped      0.0410     0.2670
PSI Ungapped         0.1325     0.3182
PSI Gapped           0.0410     0.2670
