
Last position-specific scoring matrix computed, weighted observed percentages rounded down, information per position, and relative weight of gapless real matches to pseudocounts
            A   R   N   D   C   Q   E   G   H   I   L   K   M   F   P   S   T   W   Y   V   A   R   N   D   C   Q   E   G   H   I   L   K   M   F   P   S   T   W   Y   V
    1 M    -4  -4  -5  -6  -4  -3  -5  -6  -5  -1   3  -4   9  -2  -5  -4  -3  -4  -4  -2    0   0   0   0   0   0   0   0   0   0  26   0  74   0   0   0   0   0   0   0  1.98 0.55
    2 I    -1  -4  -2  -3  -3  -3  -3  -3  -4   1   1  -3  -3  -4  -4   6   2  -5  -4  -3    2   0   0   0   0   0   0   0   0   7  14   0   0   0   0  62  14   0   0   0  0.92 0.43
    3 S    -1  -2  -2  -1  -4  -1  -3  -2  -4  -2  -5  -1  -4  -3   1   5   4  -5  -4  -4    4   2   0   3   0   2   0   2   0   3   0   4   0   1   6  50  23   0   0   0  0.82 0.43
    4 L     2  -2  -2   3  -1  -2  -2  -3   1   2   1  -2  -2  -1  -3  -1   1  -4  -3   1   18   1   0  20   1   1   0   0   4  13  16   1   0   2   0   3  11   0   0  10  0.27 0.22
    5 R    -4   7  -4  -2  -6  -1  -3  -5  -4  -4  -4   4  -4  -3  -4   1  -3  -6  -5  -1    0  52   0   2   0   2   0   0   0   1   1  24   0   1   0   9   1   0   0   5  1.26 0.56
    6 F    -3  -3  -1  -3  -3  -4  -4  -4   7   4   1  -4  -1   3  -3  -2  -2  -4  -1   2    1   1   3   1   0   0   0   1  27  24  10   0   1  11   1   2   2   0   1  14  0.78 0.40
    7 Q    -1   1  -1  -2   0   3  -2  -3   2  -2  -2   3  -3  -1   0   0   3  -5  -3  -1    3   9   2   1   2  13   1   1   5   1   2  20   0   3   5   7  22   0   0   4  0.38 0.29
    8 P    -3  -1  -1  -2  -5  -3  -4  -4  -5  -2   2   3  -2  -3   6   0  -3  -6  -5   0    1   3   2   2   0   0   0   1   0   1  18  19   0   1  36   7   0   0   0   6  0.83 0.45
    9 S     0  -2   3  -2  -1  -1   2  -3   0  -3  -4  -2  -4  -3   3   3   1  -5  -4  -3    9   2  15   1   2   3  12   1   2   1   1   1   0   1  12  27   8   0   0   1  0.48 0.34
   10 T     1   0  -1  -2  -1   0   1  -2   0  -1  -1   0  -2  -2   1   3   2  -4  -2  -1   12   6   1   1   1   3   9   2   2   4   5   5   0   1   6  25  12   0   1   5  0.21 0.21
   11 T    -1  -1  -2  -4   2  -3  -3  -4   1  -2  -1  -1  -3  -2   0   4   3   1  -2   2    3   4   1   0   4   0   0   1   4   1   6   3   0   1   4  30  16   2   1  19  0.43 0.34
   12 A     2  -2  -2   3  -1   2  -1  -2   1  -1  -1  -1  -2  -4   0   2   0  -2  -3  -1   21   1   0  16   1  12   2   3   3   3   7   2   0   0   5  16   4   1   0   3  0.28 0.25
   13 G     1   3  -2  -1  -4  -1   1  -1  -2  -2  -1  -1  -3  -1   2   1   0  -4  -2   0   10  22   1   2   0   2  11   4   1   2   7   2   0   4  10  10   7   0   1   6  0.23 0.20
   14 V     1  -1  -1  -3   3  -1  -3  -3   1   1   0  -1  -1   0   2  -1  -1   3   2   1   12   4   4   0   8   2   1   1   4  11   7   2   1   3  11   5   2   4   7  11  0.18 0.16
   15 L    -1  -1  -2  -4  -4  -1  -1  -3  -2   0   3   3   1   1  -2  -1   0  -2  -2   0    4   2   1   0   0   3   3   2   1   4  35  20   2   6   1   5   5   1   1   6  0.30 0.25
   16 S     3  -1  -1  -2  -1  -1  -2  -2   1  -3  -2   2  -2  -3   0   3   0  -2  -2  -2   23   2   3   2   1   2   1   2   4   1   4  16   1   1   4  27   4   1   1   2  0.39 0.31
   17 A     2   0   2  -1   0   0  -1  -2  -2  -1  -1   1   0   0  -1   1   1   0  -1  -1   18   4  11   2   2   3   2   1   0   3   7   8   2   4   3  14  11   1   2   2  0.13 0.16
   18 S     0   0  -1  -2  -1   1  -1  -2  -3  -1  -3  -1  -3  -3   0   4   3   0  -3  -1    6   4   2   1   1   7   4   2   0   3   3   3   0   1   5  36  16   2   1   4  0.42 0.33
   19 V     0   1  -2  -1  -1   0   0  -1  -2   1   0   0  -1  -2   0   0   0  -4  -2   2    9   8   1   3   1   3   6   5   1  10   8   5   1   1   5   7   4   0   0  21  0.08 0.11
   20 S    -2   2   1  -1  -2   4  -1  -2   0  -2  -1   3  -2  -4   0   2  -1  -5  -2  -3    2  11   8   2   1  18   2   2   2   2   5  17   0   1   4  16   3   0   1   1  0.36 0.28
   21 R    -2   5   1  -1  -3   1   1  -3   4  -4  -4   0  -3  -3   1   0  -1  -1  -2  -2    2  30   5   2   0   6   9   1  12   1   1   4   0   1   8   8   3   1   1   3  0.54 0.34
   22 A     1   0   0  -1   0   0  -1   0   1   0   0  -1  -1   1   0   0   0   0   0   0   12   5   4   3   3   3   2   6   5   8  11   3   0   7   4   6   8   1   3   6  0.01 0.04
   23 G     0   2   0  -2  -1  -1  -1   1  -1   0   0   0   0  -1   0   1   0  -1  -1  -1    6  17   4   1   1   1   2   9   1   5  13   6   2   2   5  13   4   1   2   5  0.09 0.12
   24 F     0   0  -1  -1  -1  -1  -1  -1   0   0   1   0   0   1   0   0   0  -1   1   0   11   7   2   2   1   2   4   3   3   5  16   6   2   8   5   6   6   1   5   5  0.03 0.05
   25 I     0   0   0  -1  -1   0  -1  -2   1   0   0   1   0  -1   1   1   0   1  -1  -1   10   5   5   2   1   3   3   2   4   6  13  10   3   2   7  11   7   2   2   4  0.05 0.07
   26 K     0   3  -1  -1  -1   2   0  -2  -1  -3  -2   2  -1  -3   2   1   0  -4  -2  -1    7  20   2   2   1  10   3   3   1   1   4  12   2   1  11   9   6   0   1   3  0.27 0.21
   27 R     0   3   1   1  -3   1   0  -1   1  -2  -1   1   0  -2   0   0   0  -4  -1  -1    7  19   5   9   0   6   5   3   3   1   5   6   2   1   5   7   6   0   2   5  0.16 0.14
   28 C     1   0   0  -1   2   0  -1   0  -1  -1   0   1   0   0  -1   0   0   0   0  -1   17   5   4   3   5   4   3   5   1   2   9  12   2   5   2   8   5   1   4   4  0.04 0.07
   29 G     0   0  -2  -2  -3  -1   1   1  -1  -1  -2  -1   5   0   3   0  -1  -4  -2  -1    7   4   1   1   0   2   9  12   2   3   1   4  18   5  13   7   4   0   1   5  0.26 0.25
   30 S     2   0  -1  -1  -3  -1   0   0  -3  -3  -2   1   2  -2   1   3   1  -4  -4  -1   17   4   2   3   0   1   5   6   0   1   4   7   8   1   6  22   8   0   0   5  0.23 0.23
   31 T     1   1   0  -2  -3   0  -1   0  -1  -2  -1   1  -1  -2   1   2   2  -4  -1  -1   11   8   5   1   0   4   3   6   1   1   5   7   2   2   5  19  13   0   3   3  0.16 0.18
   32 K     0   2  -1  -2  -3   1  -1  -2   3  -1  -2   2  -1  -2   3   1   0  -4  -1  -1    8  13   3   1   0   6   2   3   9   3   3  13   1   2  13  10   4   0   2   4  0.25 0.21
   33 P     0   1   0  -3  -5  -1  -3  -2  -3  -4  -3   0  -2  -4   5   2   1  -2  -2  -1    6   8   5   1   0   2   1   3   0   1   3   6   1   0  33  15   9   1   2   4  0.64 0.39
   34 G     0  -1   0   3  -3   0   0   2   1  -1  -2  -2  -1  -4   1   0   0  -4  -3   0    6   2   3  18   0   5   4  17   4   3   4   1   1   0   8   6   7   0   0   8  0.22 0.19
   35 R     1   2  -1  -1  -2   2   0  -2   1  -3  -2   1  -2  -3   3   1   0  -5  -4  -3   14  10   2   2   1  10   7   3   3   1   3   8   1   1  16  11   5   0   0   1  0.32 0.25
   36 V     1   0   0   1  -3   2   2  -1  -1  -1  -2   0  -2  -3   1   1   1  -4  -3  -1   14   3   4  10   0  10  13   4   1   3   3   6   0   1   6  11   7   0   0   4  0.19 0.18
   37 G     1   0   0   0  -3   0  -1   1  -1   0  -1   2  -1  -3   1   1  -1  -2  -2   0   11   5   3   6   0   3   3  11   1   7   6  17   1   1   7   9   2   1   1   6  0.12 0.13
   38 R     0   3  -1  -1  -4   0  -2  -2   3  -3   0   2  -3  -1  -2   1   1  -3   0  -2    9  18   3   2   0   4   1   2   8   1  12  12   0   3   2   9   9   0   3   1  0.23 0.22
   39 F    -1  -1  -3  -3  -1  -2  -3  -2   2  -1   0  -3   0  -1   5   0   2  -2   3   0    5   3   1   1   1   1   1   3   5   4  10   1   2   2  26   6  12   0  10   6  0.44 0.31
   40 V     0   1  -2  -3  -2  -2  -1  -3   6  -2   0   0  -1  -1   3  -1  -1  -3   2   1    8   7   1   1   1   1   3   2  19   2   9   5   1   2  13   5   3   0   9   9  0.37 0.29
   41 T     3  -1  -3  -1  -3  -2  -2  -1   4  -3  -1   0  -3  -4   3   1   3  -5  -4  -2   23   3   1   3   0   1   2   4  10   1   7   6   0   0  12  11  16   0   0   2  0.41 0.34
   42 M    -2  -1  -4  -5  -5  -2  -2  -4  -3  -1   2   2   7  -1  -1  -1   2  -5  -2  -1    2   4   0   0   0   2   3   1   0   2  16  14  27   2   3   4  13   0   1   4  0.65 0.45
   43 A     5  -1  -3   0   0  -2  -2   3   3  -5  -5  -1  -5  -5  -1   0   0  -6  -5  -3   42   3   1   5   2   1   2  18   7   0   1   4   0   0   3   6   5   0   0   1  0.68 0.46
   44 T     2  -2   0  -2   0  -1  -2  -2  -3  -3  -2  -1  -1  -4   0   3   3  -1  -4   1   16   2   3   1   2   3   2   2   0   1   4   3   2   1   4  27  17   1   0  10  0.39 0.35
   45 A     4  -3  -2  -4  -4  -2  -2   3  -2  -4  -4  -2  -3  -4  -2   2   3  -6  -5  -3   35   1   1   1   0   1   2  19   1   1   1   2   1   1   2  15  15   0   0   1  0.69 0.48
   46 A     2  -2  -1  -1   0   1   0   2  -1  -4  -1  -1  -2  -3   0   2   0  -4  -3  -2   21   2   2   3   2   7   7  15   1   0   6   4   1   1   4  18   5   0   0   2  0.26 0.25
   47 S     3  -2   2   1  -4   2   2  -2  -1  -4  -4   0  -4  -5   2   1  -1  -2  -4  -2   23   1  10   8   0   8  13   2   1   1   1   4   0   0   9  11   3   1   0   2  0.40 0.33
   48 P     2  -1  -2   0  -3  -1   0  -2  -3  -2  -1   0  -2  -3   5  -1   1  -4  -3  -2   21   3   2   5   0   2   6   2   0   2   6   5   1   1  26   4  10   0   1   2  0.49 0.33
   49 L     0  -3  -4  -4  -4  -1  -2  -4  -2   0   3   0   4  -2   3  -3  -2  -4  -3   3    6   1   0   1   0   2   3   1   1   4  24   5  12   2  14   1   2   0   1  19  0.48 0.33
   50 E     1   1  -2  -1  -3   0   3   0  -2  -3  -3   1  -3  -3   3   0   2  -3  -4  -2   10   7   1   4   0   4  20   7   1   1   3   8   0   1  12   5  13   0   0   2  0.32 0.26
   51 I    -1  -2  -3  -3  -3  -2  -2  -3  -4   2   2  -1  -1  -2   1  -2   1  -4  -3   4    5   2   1   1   0   1   2   2   0  12  20   5   1   1   8   2   8   0   0  27  0.39 0.27
   52 C     2  -3  -2  -1   4  -2  -2  -3   4  -1  -2  -2  -1   3  -1  -2  -1  -3   1   2   16   1   1   4   9   1   2   2  10   3   4   2   1  15   3   3   3   0   4  14  0.35 0.25
   53 V     1  -1   2   2  -2   0   0   0  -2  -2  -2   0  -2  -3   0   0   1  -4  -3   1   11   3  13  12   1   4   4   9   1   2   3   5   0   1   4   7   7   0   1  13  0.16 0.16
   54 K    -1   3  -1  -1  -4   0   0  -3   2  -4  -4   6  -3  -4  -3  -2  -2  -4  -1  -3    4  12   2   3   0   3   6   2   5   1   2  47   1   1   1   3   2   0   2   2  0.88 0.44
   55 A     3   4  -2   0  -3  -1   1  -2   3  -4  -3   0  -2  -3   1  -1  -2  -4  -3  -3   22  24   2   6   0   2   8   2   7   1   2   5   1   1   8   4   2   0   1   1  0.50 0.32
   56 S     2  -4   0  -3  -3   0  -1   3  -1  -5  -5  -3  -3  -6  -1   4  -1  -6  -5  -4   17   1   4   1   0   4   4  21   1   0   1   1   1   0   3  34   3   0   0   1  0.72 0.49
   57 I     0  -3  -2   0  -4  -2   1  -2  -3  -1  -2   1   6  -5   0   0   2  -5  -5   2    6   1   1   6   0   2   8   3   0   4   2   9  19   0   4   7  14   0   0  12  0.44 0.36
   58 T    -4   0  -3  -5  -5  -4  -5  -2  -4   2   4  -5   6   0  -4  -5   1  -5  -3   1    1   6   2   1   0   1   1   4   1  11  31   0  20   3   1   1   8   0   1   7  0.81 0.49
   59 T    -2   3  -4  -4  -5  -1  -4  -6  -3   0  -5   5  -4  -7  -7  -4   5  -8  -6   0    3  16   1   1   0   2   1   0   1   6   1  28   0   0   0   1  32   0   0   7  1.08 0.68
   60 P    -7  -8  -9  -8  -4  -8  -9  -6  -9  -2   7  -8  -3   1   0  -8  -8  -8  -5  -3    0   0   0   0   0   0   0   1   0   2  82   0   0   6   4   0   0   0   0   2  2.08 1.03
   61 N    -7  -7  -4  -2  -4  -7  -7  -7   1   1   2  -7  -5   4  -9  -7  -7  -2   8  -1    0   0   1   3   0   0   0   0   3   7  15   0   0  15   0   0   0   1  48   4  1.82 0.93
   62 K    -1  -1  -1   0  -2  -4  -5   3   5  -2  -5  -3  -3  -3  -6   5   0  -6  -2  -3    6   3   2   6   1   0   1  20  11   3   1   1   1   1   0  35   5   0   1   2  0.79 0.56
   63 L     1  -4  -1   1  -2  -4  -4   1   5  -3   0  -4   3   3  -5   1  -1  -3   0  -1   12   1   3   8   1   0   1  10  15   1   8   0   7  13   0  10   4   0   2   4  0.45 0.35
   64 G     0   0  -4  -4   2  -4  -4   0  -1  -5  -6   0  -5  -3   4  -2  -1   9   1  -3    9   6   1   1   4   1   1   7   2   1   1   6   0   1  19   3   4  26   5   2  1.12 0.69
   65 D     0  -3  -2   1  -4  -3  -3  -2  -2   0   2  -4  -1   4   0  -1   0   4   0  -1   10   1   2   8   0   1   1   3   1   5  18   1   1  18   5   4   7   6   2   4  0.34 0.28
   66 C    -4  -8  -5   1  10  -8  -6  -5  -4  -9  -8  -8  -9  -9  -9   5  -6 -10  -8  -8    2   0   1   8  49   0   1   1   0   0   0   0   0   0   0  38   0   0   0   0  2.68 1.29
   67 P    -3  -8  -8  -9  -4  -5  -8  -8   2  -2  -3  -8   1  -4   8  -1  -4  -6  -9  -4    2   0   0   0   0   1   0   0   4   3   3   0   4   1  73   5   1   0   0   1  2.36 1.25
   68 F    -6  -5  -4  -6  -6  -4  -6  -7  -2  -6  -5  -8  -3   8  -4  -7  -7  -1   7  -6    1   1   1   1   0   1   1   0   1   0   1   0   1  52   1   0   0   1  35   0  2.50 1.19
   69 C     2  -8  -5  -6   7  -7  -7   0  -8  -6  -6  -7  -6  -7  -7   4  -2  -9  -6   4   18   0   1   0  19   0   0   8   0   0   0   0   0   0   0  27   2   0   0  22  1.30 0.79
   70 Q    -5   2  -4  -7  -2   7  -2  -8   7  -4  -3  -4   3  -5  -6  -5  -4  -1  -1  -5    1  11   1   0   1  42   2   0  23   1   3   1   7   1   0   1   1   1   2   1  1.72 0.97
   71 K    -5   8  -7  -8  -2  -1  -6  -8  -6  -8  -8   4  -4  -8  -8  -5  -5  -2  -8  -7    1  70   0   0   1   3   0   0   0   0   0  19   0   0   0   1   1   1   0   0  2.43 1.21
   72 V     2  -8  -7  -8   2  -8  -7  -7  -9   1  -4  -8  -5  -7  -5  -2   1  -9  -7   7   17   0   0   0   4   0   0   0   0   7   1   0   0   0   1   4   8   0   0  58  1.59 0.87
   73 L    -2   6  -7  -7  -5  -2   0  -8  -1  -1   0   0  -2  -6  -7  -6  -3   9  -4  -1    4  37   0   0   0   2   5   0   2   3  10   5   1   0   0   0   2  22   0   5  1.44 0.82
   74 L    -4  -8  -9  -9  -5  -7  -9  -7  -6   7   3  -8   2   0  -9  -7  -4   5  -4   0    2   0   0   0   0   0   0   0   0  48  28   0   4   3   0   0   1   6   0   6  1.64 0.82
   75 T     5  -7  -7  -7  -2  -4  -6  -6  -7  -3  -3  -7  -2  -5  -7  -2   2   3  -5   4   43   0   0   0   1   1   0   0   0   2   2   0   1   0   0   2  12   4   0  29  1.28 0.78
   76 M    -6   0 -10 -10  -6  -9 -10 -10  -7  -4   7  -9   1  -3  -8  -9  -8  -5  -8  -4    1   5   0   0   0   0   0   0   0   1  88   0   3   1   0   0   0   0   0   1  2.37 1.17
   77 E     3  -1   2  -3  -3  -1   4  -3   1  -4  -2   2  -4  -2  -6  -3  -3  -4   1  -5   26   4   8   1   1   2  25   2   3   1   5  11   0   2   0   2   1   0   5   1  0.62 0.49
   78 E     0  -6  -7  -5  -1  -4   7  -8   0  -2   1  -5  -3  -2  -8  -6  -6  -6   0  -4    9   0   0   0   1   0  63   0   2   2  13   0   1   2   0   0   0   0   4   1  1.65 0.98
   79 K    -5  -3  -1  -8  -7  -4  -6  -9  -5 -10  -4   8  -5  -8  -9  -6  -5 -11  -8  -8    1   1   3   0   0   1   0   0   0   0   2  89   0   0   0   0   1   0   0   0  2.88 1.42
   80 N    -3   1   1   0  -6   1  -2   6  -1  -7  -8   2  -7  -9  -8  -3  -6  -5  -7  -7    2   6   6   6   0   7   3  54   2   0   0  11   0   0   0   2   0   0   0   0  1.29 0.76
   81 V    -4  -8  -9  -9  -4  -6  -8  -9  -7   6   2  -8   1  -5  -9  -7  -2  -8  -7   5    2   0   0   0   0   0   0   0   0  40  20   0   3   0   0   0   3   0   0  30  1.61 0.82
   82 P     0  -3  -1   2  -6   1   3  -4  -3  -7  -7   1  -6  -8   6   0  -1  -6  -7  -4    7   1   3  10   0   7  15   1   1   0   0   7   0   0  34   6   4   0   0   1  0.94 0.65
   83 Y    -2  -6  -6  -3   0  -8  -5  -8   3  -4  -7  -8  -6   6  -8  -6  -6  -6   8   1    3   1   0   2   2   0   1   0   5   1   0   0   0  24   0   1   1   0  48  10  2.08 1.06
   84 D    -5   0  -2   3  -7   3   6  -7  -1  -7  -8   0  -6  -9  -8  -5  -2  -6  -7  -5    1   6   2  15   0  12  50   0   1   0   0   6   0   0   0   1   3   0   0   1  1.47 0.89
   85 M    -3   0  -3  -5  -3  -5  -5  -7  -3   4   1  -4   1   0  -3  -4  -1  -2   6   1    2   6   1   1   1   0   1   0   1  20  15   1   3   3   2   2   4   0  26  11  0.86 0.53
   86 K    -4   2  -3  -5   0  -1   1  -7   1   4  -2   2  -2  -4  -6  -4  -1  -6  -3   4    1  12   1   0   2   2  10   0   3  22   4  12   1   1   0   1   4   0   1  23  0.70 0.46
   87 M    -4  -4   1   2  -6  -1   5  -6   0  -2   0   0  -1   0  -2  -3  -3  -4   2  -2    1   1   7   9   0   3  38   0   2   3  10   6   1   4   2   2   1   0   7   3  0.71 0.52
   88 V    -5  -8  -7  -5  -4  -1   4  -8  -6   5  -2  -6  -4  -5  -7  -5  -2  -9  -5   5    1   0   0   0   1   2  28   0   0  26   4   0   0   1   0   1   3   0   0  32  1.35 0.77
   89 D    -5  -1   4   7  -7  -4   0  -6  -3  -7  -6  -1  -4  -8  -4  -2   0 -10  -6  -6    1   4  19  51   0   1   5   1   1   0   1   5   1   0   1   3   6   0   0   1  1.53 0.86
   90 L    -3  -4  -6  -3  -6  -4  -4  -5  -3  -1   5  -6   4  -1   4  -4  -3  -4   0  -1    2   1   0   2   0   1   1   1   1   4  46   0   8   2  20   1   2   0   4   4  1.01 0.63
   91 S     0   0   0   1  -5   0  -1   1  -1  -4  -3   0  -2   2  -3   1  -2   5   4  -4    9   5   5   8   0   5   3  11   1   1   2   5   1   8   2  11   3   9  12   1  0.37 0.31
   92 N    -2  -1   6   3  -2   0   3  -3   2  -7  -6   1  -5  -7  -5  -2  -3  -9  -5  -6    3   3  38  14   1   5  15   2   4   0   1   7   0   0   0   3   2   0   0   1  1.10 0.68
   93 K    -4   2  -3  -4  -4  -2  -3  -6  -3  -4  -3   7  -2  -4   1  -5  -5  -3  -6  -5    2  11   1   1   0   2   1   1   1   2   3  63   1   1   7   1   1   0   0   1  1.65 0.92
   94 P    -3   0  -3  -1  -5  -3   1  -4  -4  -8  -8  -4  -4  -9   7   4  -2  -6  -6  -7    2   6   1   3   0   1   8   1   1   0   0   1   0   0  47  24   3   0   0   0  1.49 0.91
   95 E     2  -2  -3   3  -6   2   4  -4  -3  -5  -6  -1  -4  -7   4   0  -2  -8  -7  -5   14   2   1  15   0   7  28   1   1   1   1   4   0   0  17   6   2   0   0   1  0.84 0.60
   96 W    -3  -3  -5   3  -5  -2   3  -5  -2  -4   2  -4  -4  -4  -6  -1  -5  10  -4  -6    3   2   0  15   0   2  16   1   1   1  17   1   0   1   0   6   1  32   0   0  1.49 0.84
   97 F    -6  -7  -9  -8  -8  -7  -9  -9  -3  -1   5  -8  -3   7  -6  -8  -8  -1   4  -3    0   0   0   0   0   0   0   0   1   3  41   0   0  35   1   0   0   1  14   2  1.78 0.89
   98 L    -1  -2  -4  -6  -5  -3  -5  -6  -4  -1   5   1   1  -1  -4  -3  -1  -3  -3  -2    6   3   1   0   0   1   1   1   0   3  57   9   3   3   1   3   4   0   1   2  0.97 0.59
   99 K     2   2  -2   2  -6   2   4  -5  -3  -6  -5   3  -5  -6  -5  -1  -2  -7  -5  -3   15  10   1  10   0   9  26   1   1   0   1  16   0   0   0   4   3   0   0   2  0.70 0.52
  100 I    -2   0  -5  -6  -4  -5  -6  -6  -1   3   3   1   4  -3  -6  -1  -4  -6   2   1    4   5   0   0   0   0   0   0   2  16  27  10  11   1   0   6   1   0   6   9  0.66 0.44
  101 S    -6  -7   8  -5  -4  -5  -7  -6  -1  -6  -7  -7  -5  -6  -8   3  -5   3   1   0    1   0  62   0   0   1   0   1   1   0   0   0   0   0   0  17   0   4   4   7  2.06 1.09
  102 P    -6  -4  -7  -9  -6  -7  -7  -8  -6  -8  -8  -7  -9  -8   9  -5  -6 -10  -7  -9    1   1   0   0   0   0   0   0   0   0   1   0   0   0  93   1   0   0   0   0  3.42 1.64
  103 E     1   1  -1  -3  -4  -3   0  -4   6  -3   0  -1  -1  -1  -4   1  -1  -4   5  -2   10   9   3   1   0   1   6   1  16   2  10   3   1   3   1   9   3   0  17   3  0.53 0.39
  104 G    -3  -4   2  -5  -2  -3  -5   6   1  -9  -6   4  -6  -7  -7  -4  -5  -8  -7  -7    2   1   8   1   1   1   1  58   3   0   1  19   0   0   0   1   1   0   0   0  1.60 0.86
  105 K    -5   0  -4  -3  -4   2  -1  -6  -2  -5   1   6   3  -6  -6  -1   0  -8  -6  -6    1   4   1   2   0   7   4   0   1   1  13  47   6   0   0   4   7   0   0   0  1.12 0.69
  106 V    -5  -7  -7  -9  -7  -8  -8  -7  -9   3   1  -6  -1   0  -6  -5  -1  -8  -7   7    1   0   0   0   0   0   0   0   0  14  13   1   2   3   0   1   3   0   0  61  1.71 0.86
  107 P    -9 -10  -9  -9 -10  -6  -9 -10  -5 -10  -7  -9 -10 -10   9  -7  -9 -11 -10  -6    0   0   0   0   0   1   0   0   0   0   1   0   0   0  96   1   0   0   0   1  3.64 1.72
  108 V     3  -8  -8  -8  -1  -6  -6  -5  -8   0  -1  -7  -2  -5  -6  -2   2  -8  -7   6   19   0   0   0   1   0   1   1   0   4   7   0   1   0   0   3  14   0   0  47  1.23 0.73
  109 V    -4  -8  -9  -9  -5  -7  -6  -9  -9   2   6  -8   0   0  -9  -8  -7  -8  -5  -1    2   0   0   0   0   0   1   0   0  11  74   0   2   3   0   0   0   0   1   4  1.87 0.94
  110 K    -3   2  -2  -3  -4   0   3  -6  -3   3   0   2  -2  -3  -6  -4  -4  -5  -4   4    3  11   2   1   0   4  17   0   1  14   7  11   1   1   0   1   1   0   1  24  0.61 0.43
  111 F    -6  -6  -3   4  -5  -1   1  -5   8   0   0  -5  -2  -2  -6  -5  -3  -5   0   0    1   0   1  22   0   2   9   1  30   6  10   1   1   2   0   1   1   0   3   7  1.13 0.66
  112 D    -3   3   4   5  -6  -3   0   3  -2  -8  -8  -2  -8  -7  -3  -3  -5  -8  -6  -7    2  16  19  26   0   1   6  20   1   0   0   3   0   0   2   2   1   0   0   0  1.06 0.64
  113 E    -5  -4   1   5  -5  -1   1   6  -4  -8  -8  -4  -6  -7  -4  -4  -6  -9  -7  -7    1   1   7  25   0   3  10  46   0   0   0   1   0   0   1   2   1   0   0   0  1.39 0.79
  114 K    -3   3  -2  -3  -5   1   0  -5  -1  -2   1   5  -2  -3  -3  -3   0   3  -5  -2    3  15   2   2   0   6   6   1   1   2  13  31   1   1   1   1   5   4   0   3  0.63 0.46
  115 W     1  -4  -4  -5  -1  -5  -5  -2  -4   2  -1  -4  -1  -4   4  -1   1   4  -4   4   10   1   1   0   1   0   1   3   0   9   7   1   1   1  22   5   7   5   0  24  0.66 0.46
  116 V    -6  -5  -8  -8   1  -6  -8  -8  -5   5   4  -4   0  -3  -8  -5  -4  -5  -3   3    0   1   0   0   3   0   0   0   0  31  37   1   2   1   0   1   1   0   1  18  1.34 0.68
  117 P     2  -5  -3  -5   5  -4  -6  -1  -2  -2  -4  -5  -3   3   0   0   1   1   5  -1   14   1   1   1  12   1   0   5   1   2   1   0   1  13   5   8   8   2  20   4  0.77 0.50
  118 D    -7  -6  -2   3  -6  -3   8  -3  -4  -7  -8  -5  -8  -7  -7  -6  -7  -9  -7  -8    0   0   2  16   0   1  74   2   0   0   0   0   0   0   0   1   0   0   0   0  2.31 1.19
  119 S    -1  -8  -6  -6  -5  -6  -6  -6  -5  -7  -8  -7  -8  -7  -3   8  -2  -9  -7  -6    5   0   0   0   0   0   0   1   0   0   0   0   0   0   2  87   2   0   0   1  2.52 1.33
  120 D     1  -1   2   2  -4   0  -3  -3  -1  -2   2  -2   1  -2  -4   1   1  -3  -2  -2   11   3   8  13   0   5   1   2   1   2  23   2   4   1   1  10   9   0   1   3  0.29 0.28
  121 V     1  -4  -3   1  -4  -6  -4  -7  -6   5  -3  -6  -4  -4  -3  -5  -4  -8  -6   5   11   1   2   9   0   0   1   0   0  27   2   1   0   1   1   1   1   0   0  41  1.23 0.67
  122 I    -5  -9  -9  -9  -1  -5  -7  -7  -9   8   0  -8  -1  -7  -8  -7  -4  -4  -8  -1    1   0   0   0   1   1   0   1   0  77   9   0   2   0   0   0   1   0   0   4  2.40 1.09
  123 T    -1  -6   2  -5   6  -4  -7  -5  -5   2   3  -6   4  -4  -7  -2  -1  -7  -6   3    6   0   8   1  15   1   0   1   0  10  25   0   9   1   0   3   4   0   0  16  0.87 0.50
  124 Q    -5  -3  -4   0  -6   3   7  -4  -3  -3  -3  -1  -4  -7  -7  -5  -6  -8  -5  -7    1   2   1   5   0  10  67   1   1   2   3   4   1   0   0   1   0   0   0   0  1.82 1.01
  125 A    -1  -6  -7  -6  -5  -7  -7  -8  -2  -4  -5  -7  -5   2  -9  -6  -6  -2  10  -5    6   0   0   1   0   0   0   0   1   1   1   0   0   6   0   1   1   1  76   1  2.93 1.37
  126 L    -6  -9  -9  -9  -4  -8  -9  -9  -9   5   6  -9  -3  -4  -9  -8  -6  -8  -7   0    0   0   0   0   0   0   0   0   0  29  60   0   0   1   0   0   0   0   0   6  1.90 0.94
  127 E    -5  -8  -2   7  -4  -3   5  -6  -5  -9  -6  -5  -9  -9  -8  -6  -7  -9  -7  -8    1   0   2  53   1   1  36   1   0   0   1   1   0   0   0   0   0   0   0   0  2.15 1.12
  128 E    -3  -1  -4   3  -6   0   7  -6  -3  -6  -5  -2  -5  -7  -7  -3  -4  -6  -8  -7    3   3   1  15   0   4  61   1   1   1   1   3   0   0   0   2   1   0   0   0  1.68 0.96
  129 K     2   3  -1  -5  -3  -2  -3  -5   1   0  -1   1   0  -3  -5  -3   3  -5  -3   2   15  16   3   0   1   1   2   0   4   5   7   9   2   1   0   2  17   0   1  13  0.44 0.36
  130 Y    -4  -5  -3  -4  -4  -2  -6  -6   3  -6  -5  -7  -5   6  -6  -5  -3   8   6  -4    2   1   2   1   1   2   1   1   7   1   1   0   0  33   1   1   2  18  25   2  1.91 0.94
  131 P    -1  -4  -1  -2  -5  -2  -1   0  -3  -6  -6   0  -5  -6   7  -2  -3  -8  -6  -5    5   1   3   3   0   2   5   8   1   1   1   6   0   0  58   3   2   0   0   1  1.58 0.90
  132 E    -2  -4   0   2  -5   1   2   3   5  -5  -5  -3  -5  -5  -1  -1  -1  -7  -4  -4    3   1   5  12   0   7  14  24  13   1   2   2   0   1   4   5   3   0   0   1  0.64 0.46
  133 P    -3  -1   2  -1  -3  -2  -3  -5   1  -3  -2   0  -3  -5   7  -2  -1  -8  -3  -3    3   4  10   4   1   2   2   1   3   2   5   5   1   0  46   3   5   0   1   3  1.11 0.69
  134 P     0   0  -2  -5  -4  -1  -4  -2   0  -7  -6   0  -5  -6   7   2  -3  -5  -6  -3    8   6   2   1   1   3   1   3   2   0   1   5   0   0  45  13   2   0   0   2  1.16 0.74
  135 L    -5  -2  -6  -6  -5  -3  -6  -7  -3   0   6  -6   0   0  -5  -6  -6  -3  -4  -4    1   3   0   1   0   2   1   1   1   6  76   0   2   3   1   1   0   0   1   1  1.76 0.89
  136 A    -3  -5  -6  -6  -4  -3  -4  -4   2  -1   5  -3   5   1  -3  -3  -3  -3   1  -2    3   1   0   0   0   1   1   2   5   4  49   2  15   5   2   2   2   0   4   3  1.03 0.59
  137 T    -5  -1  -5  -6  -6  -4  -7  -2  -6  -4  -4  -2   1  -9   8  -2   0  -5  -6  -6    1   3   1   0   0   1   0   4   0   1   2   3   3   0  69   3   6   0   0   1  2.08 1.13
  138 P     2   0  -1   0  -3   1   0  -2  -2  -2  -4   1  -3  -4   2   2   0  -4  -4   1   19   5   3   5   0   5   7   2   1   2   1   8   1   1  12  12   6   0   1   9  0.28 0.28
  139 P    -4  -2  -1   7  -3  -2   0  -4  -1  -6  -5  -4  -3  -6   0  -2  -2  -8   1  -6    2   3   3  58   1   2   6   1   2   1   1   1   1   0   5   3   3   0   5   1  1.47 0.83
  140 E     1  -5  -4  -1  -2  -2   0  -5   1  -5  -6  -6  -5  -5   8  -3  -5  -3  -6  -5   10   1   1   3   1   2   6   1   3   1   1   0   0   1  63   2   1   1   0   1  1.84 1.04
  141 K    -1   4  -5  -3  -3  -1  -1  -5   2  -1   0   0  -2   0  -4  -4  -4  -3   6   1    6  18   0   2   1   2   4   1   5   3   9   7   1   4   1   1   1   0  24  10  0.67 0.45
  142 A     3   1  -4   1  -5   2   3  -2  -1  -3  -1   1   1  -3  -4  -1  -2  -6  -1  -4   25   6   1   8   0   9  18   3   1   1   6   7   3   1   1   4   2   0   2   1  0.43 0.37
  143 S    -3   7  -4  -5  -5   0   0  -7  -3  -6  -4   2  -5  -7  -7  -2  -5   4  -3  -7    3  58   1   1   0   4   6   0   1   1   3  10   0   0   0   4   1   5   1   0  1.70 0.92
  144 V     5  -5  -4  -3  -2  -2  -3  -3  -3   0   0  -3   0  -2  -5  -1  -3  -4  -2   1   49   1   1   2   1   2   2   2   1   6  10   1   2   2   0   6   2   0   2   9  0.83 0.55
  145 G    -3   5  -2  -1  -3   2   3  -1   1  -2  -1  -1   2  -1  -7  -5  -2  -1  -3  -1    3  26   2   3   1   8  18   6   3   3   6   4   4   3   0   1   2   1   1   4  0.60 0.41
  146 S     4   2  -3  -1   2   0  -3  -5   2  -3  -1  -4  -2   1  -6   0  -1  -4  -4   1   30  11   2   4   3   5   2   1   5   2   7   1   1   5   1   7   4   0   1   8  0.48 0.34
  147 K    -2   7  -4  -2  -2  -2  -1  -3  -4  -3   0   1   1  -4  -6  -5  -5   1  -4  -3    4  48   1   3   1   2   5   3   1   2  10   8   3   1   1   1   1   2   1   2  1.19 0.68
  148 I    -3   0  -3  -5  -2  -4  -2  -5  -4   3   3  -7   4   5  -7  -1  -5   2  -4  -1    3   5   2   1   1   1   3   1   0  15  21   0   7  23   0   6   1   3   1   4  0.80 0.45
  149 F    -3  -4  -4  -4  -5  -3  -5  -5   0  -3   2  -6  -1   5  -7  -4  -5  10   2  -3    3   1   1   2   0   2   1   1   2   2  17   1   1  18   1   2   1  34   6   3  1.75 0.90
  150 S     2   3  -3  -1  -1  -2  -3  -3  -5   2   0  -3   1  -4   0   1  -1   4  -5   0   17  12   2   4   1   2   2   3   0  12   8   1   3   1   5  11   4   5   0   6  0.33 0.26
  151 T     2  -1  -1   4  -5  -2   0  -4   1   1   0   1  -3   2  -6  -1  -2  -6  -1  -3   16   3   3  18   0   2   6   2   3   9   8   8   1   9   0   5   3   0   2   2  0.36 0.26
  152 F    -4  -1  -2   0  -4  -3  -1  -5   3  -1  -3  -5  -1   6  -7  -3  -3   7   4  -1    2   3   2   5   0   2   5   1   6   3   3   1   2  27   0   2   2  12  14   4  1.07 0.60
  153 V    -1  -1  -2   1   4  -2  -4  -2  -1   3  -2  -1  -1   3  -2  -3  -2  -1   1   2    6   4   2   8   6   2   1   4   1  17   4   5   2  12   3   2   2   1   4  12  0.33 0.21
  154 G     0  -1   1   5  -5  -1   0   0   1  -2  -4   1  -2  -3  -5   0   0  -3  -4  -3    8   3   5  31   0   3   7   8   3   3   2   8   1   2   1   8   5   0   1   2  0.57 0.39
  155 F    -2  -1  -3  -1  -5  -4  -4  -6  -2  -1   0  -1   0   6  -7  -5   1   8   2  -5    3   4   2   5   0   1   2   1   1   3   8   4   2  28   0   1   7  21   5   1  1.26 0.67
  156 L    -2   0  -1  -2   1  -1   0  -2   3  -2   2   2   1   0  -2  -2   0   1   4  -2    3   5   4   2   2   2   6   3   5   3  19  11   3   4   2   3   5   2  12   3  0.26 0.20
  157 K    -1   1  -2  -3   3   1  -3  -3  -1  -2   0   3   1   1  -3   1   1   2  -2  -1    5   8   2   2   6   7   1   3   2   2   8  16   3   6   2   9   9   3   1   4  0.25 0.22
  158 S     0  -1   0   1  -1   1   1  -1   0  -2  -1   1   0   0  -2   1   0  -3   2  -1    7   3   5   7   2   6   9   5   2   2   6   8   2   5   2  12   5   0   7   4  0.11 0.12
  159 K    -1  -1  -1   0   0  -1  -1   2  -2  -1  -1   1  -1  -4   3  -1   0  -2  -4   1    5   3   3   6   2   3   5  16   1   3   6   9   2   1  15   4   5   1   1  10  0.22 0.21
  160 D     1  -1  -1   2  -1   1   3  -1   0  -2  -3   0   0  -1   0  -1   1   1   0  -2   10   3   3   9   1   6  17   5   2   3   2   5   2   3   6   5   9   2   3   3  0.17 0.20
  161 S     1  -1  -1   0  -3   0   3  -2  -1  -2  -2   1   0  -2   0   1   0   1  -1   0   12   3   3   6   1   4  17   4   2   2   3   7   3   2   5  10   6   2   2   7  0.17 0.19
  162 G     0  -1   1   1  -2   4   0   0  -1  -3  -2   1  -1  -3  -3   1   0  -3  -2  -4    9   4   7   7   1  18   6   7   2   2   4   9   2   2   2  10   5   0   2   2  0.30 0.27
  163 D     1  -1  -3   3  -5   1   4  -3  -3  -1   0  -1  -2  -1  -1  -1  -2  -6  -5  -1    9   4   1  14   0   6  25   3   1   4   8   4   1   3   4   5   2   0   1   5  0.38 0.32
  164 G     1   1  -2   0  -5   1   3   0  -3  -3  -1   2  -3  -2  -2  -1  -1  -4  -3  -1   13   7   2   6   0   6  17   8   1   2   7  13   1   2   2   5   4   0   1   4  0.24 0.22
  165 T     4  -3   0  -1  -4   1   1   0  -1  -3  -2   1  -3  -3  -5  -1   0  -4   0  -1   31   1   4   4   0   5   8   7   1   2   4   9   1   1   1   5   6   0   3   4  0.42 0.34
  166 E     3   3  -4  -1  -5   0   3  -2  -3  -1  -3   3  -1  -1  -6  -3  -3  -2  -4  -2   18  16   1   4   0   5  17   4   1   3   3  15   1   3   0   2   2   1   1   3  0.55 0.40
  167 Q     1   3  -1   0  -6   3   2  -2  -1  -5  -5   5  -5  -8  -4  -3  -2  -7  -5  -6   10  16   3   4   0  13  11   3   2   1   2  25   0   0   1   2   3   0   1   1  0.78 0.53
  168 V     3  -1  -1   1  -6   2   4  -5  -2  -5  -5   2  -5  -7  -5  -2  -1  -7  -5  -2   22   3   3   6   0   9  28   1   1   1   1  11   0   0   1   3   3   0   0   4  0.76 0.54
  169 L     1  -3   2  -3  -3  -1  -1  -4  -2   0   3  -1   2   4  -6  -3  -1  -4  -2   0   13   2   8   2   1   2   5   2   1   4  25   4   4  13   0   3   4   0   1   6  0.40 0.28
  170 L    -1   3  -4  -4  -1   0  -1  -4   0   3   3   0  -2   0  -5  -4  -3  -3  -3   0    5  15   1   1   1   4   4   2   2  16  25   6   1   3   1   1   2   0   1   6  0.47 0.30
  171 D     1   2  -1   3  -5   0   5  -2   0  -6  -7   2  -6  -8  -5  -2  -2  -7  -8  -6   10   9   3  14   0   4  32   3   2   1   1  13   0   0   1   4   3   0   0   1  0.86 0.59
  172 E     2  -1   0  -2  -1   2   4  -1   2  -2  -4   1   0  -2  -6  -1   0  -6   1  -2   14   3   4   2   2   8  22   5   4   3   2   8   2   2   0   5   6   0   4   3  0.36 0.31
  173 L    -1  -2  -4  -7  -5  -4  -8  -6   4   1   5  -6   0   4  -9  -2  -6  -5  -5  -2    5   3   1   0   0   1   0   1   8   6  47   1   2  16   0   3   1   0   0   3  1.21 0.66
  174 T    -1   1  -2   1  -2   1   1  -4  -2  -1   2   3   0  -3  -4  -2  -1  -4   1  -2    5   6   2   8   1   6   9   2   1   4  20  17   2   1   1   4   4   0   4   3  0.31 0.25
  175 T     1   1  -2   1  -5   0   0  -2  -2   0  -2   2  -1  -1  -4   0   2  -3   0   0   13   8   2   8   0   4   6   3   1   5   5  13   1   2   1   6  13   0   3   6  0.20 0.20
  176 F     0  -4  -7  -9  -6  -2  -7  -5  -3   2   4  -3   1   3  -9  -4  -7   2   3   1    9   1   0   0   0   2   0   1   1  11  35   2   3   9   0   2   0   2  10  10  0.87 0.50
  177 N    -2  -4  -2   0  -6  -3   5  -8  -5   2   2  -5   2   0  -8  -3  -3  -5  -5   1    4   1   3   5   0   1  35   0   0  10  17   1   4   4   0   2   2   0   1   8  0.83 0.53
  178 D     2  -1   1   2  -5   0   4   1  -4  -7  -5   1  -6  -8  -5   0  -1 -10  -8  -6   18   4   6  12   0   4  24  10   0   0   2   7   0   0   1   8   4   0   0   1  0.63 0.48
  179 Y     2  -1  -4  -4  -7   2   4  -3   3  -4  -5  -1  -4  -2   2  -4  -4   4   1  -2   18   4   1   1   0   8  22   3   6   1   2   4   1   2  11   2   2   5   5   3  0.62 0.48
  180 I     0  -4  -8  -8   0  -2  -4  -4  -4   2   6  -7   2  -1  -9  -6  -6  -7  -7   0    7   1   0   0   2   2   2   2   1  11  57   1   4   2   0   1   1   0   0   7  1.30 0.71
  181 K    -1  -2  -3   1  -3  -2   1  -2  -1  -2   2   2   0   5  -4   0  -2  -4  -4  -3    6   2   1   7   1   2  10   4   2   2  18  10   3  18   1   6   3   0   1   2  0.39 0.26
  182 D     2  -2  -1   3  -7   1   3   3  -5  -4  -8   1  -7  -9  -1   0  -3  -9  -8  -6   14   3   4  12   0   5  16  21   0   1   0   9   0   0   3   7   2   0   0   1  0.62 0.46
  183 N    -2   1   1   4  -9   1   3   2   3  -6  -7   2  -6  -8  -6  -2  -1  -9  -5  -6    4   8   6  18   0   7  18  13   5   1   1  11   0   0   0   3   4   0   1   1  0.68 0.48
  184 G    -4   3  -2  -6  -7  -1  -5   5  -3  -7  -7   5  -2  -4  -6  -2  -1  -5  -5  -8    2  13   2   0   0   3   1  38   1   0   1  26   1   1   1   3   4   0   1   0  1.24 0.74
  185 P    -3   1  -2  -2  -5  -3  -2  -5  -3  -6  -5   2  -7  -6   7  -2   0  -9  -6  -5    3   7   2   3   0   1   3   2   1   1   2  11   0   0  51   3   6   0   0   1  1.45 0.88
  186 F   -10 -12 -12 -13  -5 -10 -10 -10  -5  -9  -6 -10  -8   8 -10 -10  -9   8   7 -10    0   0   0   0   0   0   0   0   0   0   1   0   0  46   0   0   0  16  34   0  3.10 1.47
  187 I    -2 -10 -10 -11  -7 -10 -13 -10  -7   0   1 -10   0   9 -11  -9  -9   1  -3  -3    3   0   0   0   0   0   0   0   0   5  13   0   2  69   0   0   0   2   1   2  2.63 1.25
  188 N     2  -5   1  -3  -3  -7  -5   4  -5  -5   3  -5   4  -2  -9  -2  -4  -7  -6  -3   16   1   6   2   1   0   1  28   0   1  24   1   9   2   0   3   1   0   0   2  0.86 0.55
  189 G    -6  -7  -2  -5  -7  -8  -8   7  -6  -9  -9  -9 -10  -7  -5   2  -8 -10  -8  -9    1   1   2   1   0   0   0  79   0   0   0   0   0   0   1  12   0   0   0   0  2.45 1.25
  190 E    -1  -4   1   6  -6  -2   5  -2  -3  -8  -7  -1  -7  -8  -1  -1  -4  -6  -7  -7    5   1   6  35   0   2  29   3   1   0   1   4   0   0   4   4   1   0   0   1  1.24 0.74
  191 K     0   0   2   2  -1   3   4  -4   0  -7  -8   1  -4  -7  -7   1   1  -9  -5  -4    7   5   8  10   1  10  23   2   2   0   0   9   1   0   0  10   9   0   1   2  0.63 0.48
  192 I    -8 -10 -12 -12  -6  -7 -12 -12 -11   4   1 -10   3   8   1 -11  -8  -3  -1   0    0   0   0   0   0   0   0   0   0  18  14   0   6  44   6   0   0   0   2   7  1.87 0.94
  193 S    -7  -7  -2  -8  -1  -6  -8   5  -4 -12 -11  -8  -6 -10 -11   6   3 -12  -9 -10    0   0   2   0   2   1   0  33   1   0   0   0   0   0   0  44  15   0   0   0  1.80 1.07
  194 A    -2  -9  -4  -8  -6  -6 -11  -8  -6   1   5  -9   6   3 -11  -5  -2  -1   3  -4    4   0   1   0   0   1   0   0   0   6  45   0  14  12   0   1   3   1   9   1  1.38 0.75
  195 A     4 -11 -10 -10  -7  -9 -10  -8  -9   1   1 -10  -3  -9  -4  -7  -4 -11 -10   6   25   0   0   0   0   0   0   0   0   6  14   0   1   0   1   0   1   0   0  50  1.71 0.92
  196 D    -9 -12  -7   9 -13 -11  -5  -9 -12 -13 -13 -11 -13 -13 -12 -11 -11 -13 -13 -13    0   0   0  97   0   0   1   0   0   0   0   0   0   0   0   0   0   0   0   0  3.82 1.79
  197 L     0 -11 -11 -11   6 -10 -11  -8 -10   5   1 -10  -2   1  -9  -8  -4  -7   1   3    9   0   0   0  16   0   0   0   0  31  13   0   1   6   0   0   1   0   5  17  1.42 0.72
  198 S     5  -7  -5  -8   3  -2  -7  -5  -1  -1  -3  -8   3  -6  -9   1   0  -8  -1   3   40   0   1   0   5   2   0   1   2   4   3   0   7   1   0  10   5   0   3  16  1.03 0.64
  199 L     2  -9  -8 -10  -5  -9  -9  -6  -6   3   3  -9   2   5  -9  -7  -5   1   3   0   16   0   0   0   0   0   0   1   0  12  29   0   4  18   0   0   1   2   9   7  1.11 0.60
  200 A     6 -10  -5  -8  -1  -9  -9   3  -8   1  -3  -9  -3  -4 -10  -4  -2   5  -3   0   47   0   1   0   1   0   0  17   0   8   3   0   1   1   0   2   3   6   1   7  1.30 0.75
  201 P     0  -9  -5  -5   0  -8 -10  -2  -8  -8  -8  -9  -6  -3   8  -1  -2   2  -6  -5    8   0   1   1   2   0   0   4   0   0   1   0   0   1  67   6   3   3   0   1  2.17 1.22
  202 K    -2  -6  -6  -7  -4  -2  -7  -5   4   3   2  -1   0   4  -7  -4  -5   8   2   0    4   1   1   0   0   2   0   1   7  13  17   5   2  15   0   2   1  16   6   6  1.01 0.52
  203 L     1  -8  -8  -9  -1  -8  -8  -6  -7   2   5  -9   0   5  -6  -4  -6  -4  -5   1   11   0   0   0   1   0   0   1   0   8  40   0   2  20   1   2   1   0   0  10  1.21 0.64
  204 Y    -2   1  -5  -5  -2  -1   3  -2   2  -2  -2  -4   0   2  -3   1  -3   7   4  -2    3   6   1   1   1   2  16   4   4   3   4   1   2   7   2  10   2  15  11   4  0.70 0.47
  205 H    -3   7  -4  -9   3  -5  -8  -7   3  -7  -6  -6  -6  -3  -6  -1  -4   7   3  -5    3  49   1   0   6   1   0   1   5   0   1   0   0   2   1   6   1  12  10   1  1.86 0.99
  206 M     0  -7  -7  -7  -2  -7  -8  -7  -5   0   5  -9   4   4  -8  -5  -6   6  -2  -2    9   0   0   0   1   0   0   1   0   6  44   0   8  14   0   1   1   9   2   4  1.32 0.69
  207 K    -1   0   0   4  -4   1   1  -1   0  -5  -3  -1  -5   2   3  -1  -3   2  -3  -3    5   5   5  19   1   7   8   4   2   1   3   4   0   9  14   5   2   3   1   2  0.43 0.33
  208 I     2   0  -2  -4  -2  -3  -3  -3   0   2   0  -2   0  -2  -2  -1  -2   2   3   3   14   5   2   1   1   2   2   3   2  11   8   3   2   1   3   4   3   3  10  20  0.35 0.22
  209 A     2  -4  -3  -5  -4  -3  -5  -3  -4   3   2  -5   2   2  -4   1   1  -1  -1   2   14   1   2   1   0   1   1   2   1  13  16   1   5   7   1   9   8   1   2  15  0.44 0.26
  210 L    -2  -2  -2  -1  -1  -1   1   0  -2  -1   3  -2   0   2  -3  -1  -3  -1   2  -2    4   2   2   4   2   3   9   8   1   4  27   3   2   9   2   6   2   1   7   3  0.30 0.18
  211 G    -1  -1  -2   2  -4   0   5  -1  -1   0  -2   1  -4  -3  -1  -1  -3  -2  -1  -2    7   3   2  12   0   5  29   5   2   5   5   8   1   2   3   4   2   1   3   3  0.44 0.29
  212 H     0  -1  -2   0  -4  -1   3  -3   5  -2  -2   0  -1  -1  -1  -3   0  -4   2   2    7   4   2   5   0   3  15   3  14   3   4   6   1   2   4   2   6   0   7  12  0.38 0.24
  213 Y    -1  -2  -3  -1   0  -4  -4  -1  -1   2   1  -2   0   3  -4  -3  -2  -1   6   1    5   2   2   4   2   1   2   5   2   9  12   3   2  11   1   3   3   1  21  10  0.52 0.28
  214 K     0   2  -2  -3  -1  -2  -3   3  -2  -2  -1   2   0  -1  -1  -1  -1   3  -1  -2    7  12   2   2   1   2   2  22   1   2   6  13   2   3   4   6   4   4   2   4  0.33 0.22
  215 N    -5  -4   3   1  -5  -1  -1   5  -3  -4  -5   2  -5  -6  -4  -3  -5  -7  -6  -3    1   1  14   8   0   3   5  43   1   1   1  11   0   1   2   2   1   0   0   3  1.05 0.60
  216 W    -3  -2  -5  -1  -4  -4  -4  -4   1   3   1  -4   0   5  -5  -4  -2   5   3   2    3   3   1   4   1   1   2   2   4  14  12   1   2  18   1   2   2   8  10  11  0.70 0.37
  217 S    -2  -2  -1   2  -4  -1   2   0  -2  -1  -1   2  -3  -2   1   2  -1  -6  -4   0    3   3   3  12   0   3  11   7   1   3   6  11   1   2   7  15   4   0   1   6  0.23 0.21
  218 V    -4  -3  -4   2  -1  -5  -3  -5  -6   4   3  -6   2   0   0  -3  -3  -3  -5   2    2   2   1  10   1   1   2   1   0  22  28   1   4   4   4   2   2   1   0  11  0.72 0.39
  219 P    -1   0  -5  -2  -6  -5   2  -3  -6  -3   0  -1  -3   2   5  -2   0   3  -6  -2    6   5   1   2   0   1  12   3   0   2   9   4   1   7  29   4   7   4   0   3  0.64 0.46
  220 D     2  -1  -2   4  -5   0   5  -4  -3  -6  -5   1  -5  -7  -1  -1  -2  -8  -6  -5   15   3   2  18   0   4  28   2   1   1   1   9   0   0   3   6   3   0   0   1  0.77 0.53
  221 S    -1   2   0   1  -5   1   3   2   1  -6  -6   3  -5  -7  -1   0  -1  -7  -6  -2    5  10   4   6   0   6  19  12   3   1   1  14   0   0   3   7   3   0   0   3  0.48 0.37
  222 L     1   0  -1  -6   4  -4  -7   0   3  -5   1  -4  -2   5  -6  -2   0   4   2  -4   10   5   4   0   8   1   0   7   6   1  12   1   1  20   0   3   7   5   7   1  0.67 0.40
  223 P     0  -3  -5  -4  -8  -2  -1  -4  -4  -8  -7   2  -7  -9   7  -1  -1 -10  -8  -6    7   2   1   1   0   2   5   2   1   0   1  10   0   0  57   5   4   0   0   1  1.67 1.01
  224 F     1   4   1  -5  -3  -3  -2  -2   2  -4  -1   4  -5  -5   2  -2  -4  -6  -3  -3   10  21   7   1   1   1   3   4   4   1   7  21   0   1   9   3   1   0   1   2  0.63 0.44
  225 V    -3 -11 -11 -11  -7 -10 -11 -11 -11   3   5 -11  -1   1 -11  -9  -5   6  -4   3    3   0   0   0   0   0   0   0   0  13  49   0   2   5   0   0   1   8   1  17  1.57 0.81
  226 K     2   2   0  -2   1   2  -2  -3   4  -1  -1   2   1  -2  -6   0  -1  -2  -1  -1   14  10   4   2   2   7   3   2   8   4   7  13   3   2   0   6   4   1   3   4  0.27 0.22
  227 S     4   1  -1   2  -6   0   1  -3  -4  -5  -3   3  -5  -9  -7   0  -2  -8  -9  -4   34   8   3  10   0   4   9   2   1   1   3  13   0   0   0   7   3   0   0   1  0.72 0.51
  228 Y   -11 -10 -14 -15  -8 -13 -14 -12  -4 -13  -8 -14 -13  -3 -14 -10 -13  12   6 -14    0   0   0   0   0   0   0   0   0   0   1   0   0   1   0   0   0  71  26   0  4.62 2.08
  229 M     2   2  -6  -8  -1  -1  -6  -3  -4   2  -1  -3   5   2  -9  -1  -2   0   3   0   17  10   0   0   1   3   1   3   1  11   6   2  13   8   0   4   3   1   9   7  0.61 0.40
  230 E     2  -1   0   3  -7   2   4  -5  -2  -7  -7   3  -4 -10  -9  -2  -2 -11  -8  -5   13   4   5  15   0  10  23   1   1   0   1  17   1   0   0   3   3   0   0   1  0.86 0.59
  231 N     4   6   1  -3  -8  -4   1  -5  -3  -7  -3   0  -7  -8  -9  -3  -2  -8  -7  -6   26  38   7   2   0   1   8   1   1   0   3   6   0   0   0   3   3   0   0   1  1.22 0.75
  232 V    -6 -10  -9 -12   4  -6 -11 -10  -9   4   4 -10   5   4 -11  -8  -7  -8  -1   2    1   0   0   0   8   1   0   0   0  16  32   0  13  13   0   0   0   0   3  11  1.45 0.74
  233 F     0  -1   0  -4   0  -3   2  -4  -3  -2   1   3   3   5  -8  -2  -2  -4  -3  -2    7   3   5   1   2   1  12   2   1   3  13  15   6  19   0   4   2   0   1   3  0.53 0.36
  234 S     2  -3   1  -1  -5   3   4  -2  -4 -10  -7   1  -6 -10  -8   3  -1  -8  -8  -6   15   2   7   4   0  11  21   3   0   0   1   9   0   0   0  21   3   0   0   1  0.81 0.60
  235 R    -5   7   0   1  -1  -4  -6 -10   3   0  -1  -2  -3  -7 -11  -5  -4  -5  -6  -1    1  53   5   7   2   1   1   0   6   5   7   3   1   0   0   1   1   0   0   5  1.50 0.84
  236 E    -3  -4  -5   3 -12  -1   4  -6  -4 -11  -9  -3  -7 -10   7  -2  -5  -9  -9  -7    3   1   1  14   0   3  24   1   1   0   0   2   0   0  43   3   1   0   0   1  1.64 1.01
  237 S     4  -7  -7  -7   0  -6  -3  -3   0  -2  -4  -8  -6  -4  -5   5   0  -8  -8   1   26   0   0   0   2   1   2   3   2   3   2   0   0   1   1  42   7   0   0   8  1.19 0.77
  238 F    -3 -11 -10 -12  -5 -10 -12 -12  -8   2  -5 -11  -2   6 -12 -10  -8   0   4   6    2   0   0   0   0   0   0   0   0  10   1   0   1  29   0   0   0   1  11  43  1.99 0.99
  239 T     0   4  -4  -7  -3   3  -3  -7  -4   0  -3   5  -2  -8  -9  -1  -2  -7  -9  -2    9  19   1   0   1  13   2   0   1   5   3  31   1   0   0   5   3   0   0   4  0.98 0.63
  240 N     2   1   0   1  -5   2   3   0  -3  -6  -6   3  -4  -8  -2   0  -2  -8  -7  -5   17   7   4   8   0   7  18   7   1   0   1  14   1   0   3   6   2   0   0   1  0.54 0.42
  241 T     1  -8   1  -8   2  -8  -8  -8  -4   0  -1  -8  -6  -4  -9   4   5  -8  -3   1   12   0   6   0   4   0   0   0   1   5   6   0   0   1   0  25  30   0   1   8  1.03 0.68
  242 R    -3  -1  -7  -8  -1   0  -6  -9  -5   0   5   0   2  -2  -9  -4   0   1  -2   2    2   3   0   0   1   4   1   0   0   5  45   6   4   2   0   2   6   2   2  13  0.92 0.55
  243 A     1  -4  -3  -4  -3  -3  -5  -4  -3  -2  -4  -6  -3  -6   5   4   2  -6  -2  -2   12   1   2   2   1   1   1   2   1   2   2   1   1   0  30  25  11   0   1   3  0.97 0.69
  244 E    -1  -7  -3   6  -7  -4   4  -4  -3  -8  -4  -5  -6  -9   3   0  -1 -10 -10  -8    5   0   2  39   0   1  20   2   1   0   2   1   0   0  15   6   5   0   0   0  1.30 0.80
  245 T     1   3  -4   2  -5   2   0  -5   2  -3  -3   0  -4   0   3  -1  -1  -4  -1  -1   11  13   1  11   0   8   6   1   4   2   3   6   1   4  15   5   4   0   2   4  0.38 0.31
  246 E    -3  -1  -3   4  -7   1   6  -4   3  -7  -6   0  -6  -5  -5  -4  -6  -6   0  -6    2   4   2  17   0   6  46   2   6   0   1   6   0   1   1   2   1   0   3   1  1.29 0.74
  247 D    -3   3  -3   0  -6   0   1  -5   2  -5  -1   4  -2  -1   0  -4   1  -4  -1  -3    3  15   1   5   0   5   9   1   4   1   7  26   1   3   5   1   7   0   3   3  0.56 0.38
  248 V    -3  -5  -6  -2  -7  -3   1  -8   5   0   3  -6   3  -1  -7  -6  -5  -4   5   2    3   1   0   3   0   1   9   0  11   6  23   1   5   3   0   1   1   0  18  14  0.92 0.52
  249 I     0  -2  -6  -8  -4  -7  -6  -9  -4   4   3  -5   5   1  -9  -6  -4  -7   1   3    8   3   1   0   1   0   1   0   1  19  23   1  12   5   0   1   1   0   5  19  0.98 0.53
  250 A     3   3  -3   2  -6  -1   4  -4   4  -5  -5  -1  -4  -9   1  -2  -4  -5  -8  -3   19  13   2  10   0   3  21   2   8   1   1   4   1   0   8   3   1   0   0   2  0.71 0.50
  251 G     0  -2  -4   1  -7  -4  -4   2   3   0  -2  -3  -1   5  -8   1  -5  -6   4  -3    7   3   1   9   0   1   1  15   5   5   4   2   2  22   0   9   1   0  11   2  0.68 0.41
  252 W    -4  -9  -7 -10  -6  -7  -9  -8  -6  -1   2 -10   3   6 -10  -8  -4   5   7  -4    2   0   0   0   0   0   0   0   0   3  20   0   6  29   0   0   1   7  28   1  1.80 0.89
  253 R     0   4  -5  -6  -9   1   0  -7  -3  -5  -4   5  -3  -6   4  -4  -4  -9  -6  -6    8  19   1   0   0   6   7   0   1   1   2  31   1   0  19   2   1   0   0   1  1.12 0.69
  254 P     2   4  -3  -4  -6   1  -2  -4  -4  -7  -6   4  -1  -9   4  -1  -1  -7  -8  -6   14  18   1   1   0   6   2   1   0   0   1  23   2   0  20   5   4   0   0   1  0.92 0.61
  255 K    -8   6  -8  -9 -10   3  -7  -8   2  -6  -8   4  -4  -2  -9  -8  -8  -4   6  -5    0  34   0   0   0  10   0   0   5   0   0  25   0   2   0   0   0   0  21   1  1.79 0.96
  256 V    -2  -2  -6  -8  -7  -3  -7  -8  -1   1   2  -2   5   5  -7  -4  -5  -6   2   2    4   2   0   0   0   2   0   0   1   6  20   3  15  25   0   2   0   0   6  13  1.01 0.55
  257 M     1  -2   1  -4  -6   1  -1   5  -1  -5   2  -4   2  -3  -6  -3  -3  -7  -6  -4   12   2   8   1   0   7   5  36   2   0  18   1   5   1   0   2   2   0   0   1  0.70 0.48
  258 G     5  -8  -7  -7  -7  -7  -7   6  -8  -8  -9  -7  -8  -9  -7  -5  -7  -8  -8  -7   38   0   0   0   0   0   0  62   0   0   0   0   0   0   0   0   0   0   0   0  2.18 1.00

                      K         Lambda
Standard Ungapped    0.1331     0.3159
Standard Gapped      0.0549     0.2670
PSI Ungapped         0.1793     0.3174
PSI Gapped           0.0549     0.2670
