
Last position-specific scoring matrix computed, weighted observed percentages rounded down, information per position, and relative weight of gapless real matches to pseudocounts
            A   R   N   D   C   Q   E   G   H   I   L   K   M   F   P   S   T   W   Y   V   A   R   N   D   C   Q   E   G   H   I   L   K   M   F   P   S   T   W   Y   V
    1 M    -7  -8  -9  -9  -7  -7  -8  -9  -8   0   5  -8   9  -5  -8  -8  -6  -7  -7   1    0   0   0   0   0   0   0   0   0   4  43   0  45   0   0   0   0   0   0   9  2.23 1.03
    2 K     3   6  -2  -6  -5  -2  -4  -2  -2  -3  -3   2  -4  -3  -4  -1   0   0  -4  -3   24  37   1   0   0   1   1   3   1   2   3  10   0   1   1   5   5   2   1   2  0.86 0.58
    3 T     2   0  -4  -5  -2  -4  -4  -3  -4  -2   1  -3  -3   2  -3   2   3   3  -3   1   16   6   1   0   1   0   0   2   0   2  13   2   0   7   1  15  18   4   1  11  0.41 0.37
    4 L     0  -4  -7  -8  -1  -5  -7  -6  -5   1   5  -6   3   2  -7  -3  -2  -1  -5   3    8   1   0   0   1   1   0   0   0   7  44   0   6   7   0   2   3   1   0  18  0.92 0.55
    5 V     3  -4  -5  -7  -4  -5  -5  -3  -5   1   2  -4  -1   1  -3  -1   0   0  -3   3   24   1   0   0   0   0   0   2   0   7  21   1   1   6   2   4   6   1   1  20  0.57 0.42
    6 V     3  -3  -5  -5   0  -4  -6  -2  -5   0   2  -6   0   0  -3  -1  -1  -1  -3   4   22   1   1   0   2   1   0   4   0   5  22   0   2   4   1   5   4   1   1  23  0.55 0.40
    7 L     2  -5  -7  -7   0  -6  -7  -2  -7   2   4  -6   1   1  -4  -2   0   1  -5   2   16   1   0   0   2   0   0   3   0   9  34   0   3   7   1   3   6   2   0  14  0.67 0.45
    8 C     3  -6  -6  -7   5  -5  -7   1  -5  -2   2  -6  -1   0  -4   0   1  -4  -3   1   26   0   0   0  11   0   0   9   0   2  17   0   1   4   1   7   8   0   1  11  0.64 0.45
    9 T     4  -4  -5  -5   0  -3  -5   0  -5  -1   1  -5  -1  -1  -4   1   2  -1  -4   1   29   1   0   0   2   1   0   6   0   3  15   0   2   3   1   9  14   1   0  11  0.52 0.42
   10 L     2  -6  -5  -6   0  -5  -6   0  -3   0   3  -6   0   2  -2  -1  -1   0  -4   2   16   0   0   0   2   0   0   6   1   5  29   0   2   8   2   5   4   1   0  15  0.51 0.38
   11 L     3  -4  -5  -5   0  -3  -5  -2  -5   0   3  -5   0   0  -1  -1   1   1  -3   2   20   1   0   0   2   1   0   4   0   5  27   0   2   3   3   6   8   2   1  14  0.46 0.36
   12 S     3  -4  -2  -4  -2  -2  -5   1  -1  -2  -1  -5  -1  -2   1   2   2  -3  -4   0   27   1   2   1   1   2   0  10   1   2   7   0   2   2   6  17  13   1   1   6  0.45 0.40
   13 I     3  -3  -4  -4   1  -2  -4   0  -2   1   1  -5  -1   0   0   0   1   0  -3   2   22   1   1   1   3   2   1   6   1   7  15   0   1   3   5   6   9   1   1  14  0.31 0.28
   14 I     3  -3  -3  -4   1  -2  -4   1  -4   1   1  -5  -1  -3  -1   0   1  -1  -4   3   22   1   1   1   3   2   1   9   0   6  13   0   1   1   3   6   8   1   0  21  0.39 0.33
   15 F     1  -3  -2  -3   1  -1  -3   0   0   0   1  -4   0   1   0   1   1  -1  -1   1   13   1   1   1   3   3   1   6   3   4  17   0   3   6   6  11   8   1   2  10  0.15 0.19
   16 A     6  -6  -3  -5  -1  -4  -5   1  -5  -4  -3  -5  -4  -4   1   1   0  -5  -6  -1   51   0   1   1   2   1   1   9   0   1   3   0   1   1   6  11   7   0   0   4  0.97 0.66
   17 S     3  -1  -2   0  -1   0  -2   0  -1  -3  -2  -2  -2  -3   0   2   1  -2  -4   0   26   4   2   5   1   4   2   6   1   1   5   1   1   1   5  16  10   1   0   6  0.29 0.30
   18 P     2  -2  -4  -2  -1  -2  -3  -1  -3  -4  -3  -3  -5  -5   6  -1   0   0  -4  -1   18   2   1   2   1   2   1   5   1   1   3   1   0   1  41   5   6   1   1   4  0.96 0.65
   19 L     3  -2  -3  -2  -1   0  -3  -1  -2   0   1  -4  -1  -2   0   0   1  -4  -3   2   23   2   1   3   1   4   2   5   1   5  16   1   1   1   4   8   7   0   1  14  0.25 0.25
   20 S     3   0  -3  -1  -2  -1  -1   0  -1  -3  -3  -3  -3  -3   3   1   1  -2  -3   0   25   5   1   3   1   3   4   6   1   1   3   1   1   1  15  12   9   1   1   6  0.37 0.34
   21 L     2  -3  -2  -2  -1  -2  -2  -1  -1   1   1  -3   0  -2   3   0  -1  -2   0   1   18   1   2   3   1   2   3   4   2   7  12   1   3   2  15   7   4   1   3  10  0.23 0.22
   22 K     2   0  -3  -1  -2   1  -2   1  -4  -2   0  -3  -4  -4   5  -1   1  -3  -5  -1   14   5   1   3   1   6   3  10   0   3   8   2   0   1  26   4   7   0   0   5  0.44 0.37
   23 S     2  -1  -2   1  -4   0  -1   1  -1  -2   0  -1  -3  -3   3   0   2  -3  -2  -2   15   3   1   8   0   4   4   9   1   3   9   3   0   1  16   8  11   0   1   3  0.25 0.25
   24 P    -1  -4  -5  -3  -7  -3  -3  -4  -4  -4  -6  -5  -5  -6   8  -2  -3  -8  -7  -2    6   1   1   2   0   1   2   2   1   1   1   1   0   0  71   3   2   0   0   4  2.14 1.12
   25 L     1  -2  -2   2  -3   0   0  -2  -1  -2  -1  -2  -3  -3  -1   3   2  -3  -3   0   12   2   2  10   0   4   6   3   1   2   6   2   0   1   4  25  11   0   1   7  0.29 0.29
   26 V     1   0   1   2  -3   2   1   0  -1  -1  -2   0  -2  -2   2  -1   0  -2  -2   0   10   4   5  12   0   9   8   9   1   3   4   4   1   2   9   4   5   0   1   8  0.14 0.15
   27 D    -2  -4  -3   8  -6  -3  -1  -2  -3  -5  -5  -4  -3  -5   1  -1  -3  -6  -5  -5    4   1   1  66   0   1   3   3   1   1   2   1   1   1   6   4   2   0   1   1  1.75 0.87
   28 D     2  -2  -3   3  -4  -2  -2  -2  -2  -5  -4  -4  -5  -4   6   1  -2  -3  -5  -3   16   2   1  14   0   2   3   3   1   1   2   1   0   1  38   9   2   0   1   2  0.99 0.60
   29 F    -4  -5  -6  -5  -6  -4  -4  -4  -3  -3  -3  -6  -3   9  -5  -4  -4   5  -1  -4    2   1   1   1   0   1   1   2   1   2   2   1   1  71   1   2   2   7   1   2  2.39 1.00
   30 Y    -4  -6  -4  -4  -3  -5  -5  -5  -1  -4  -4  -5  -4   1  -5  -4  -4  -1  10  -4    2   1   1   1   1   1   1   1   1   1   2   1   1   5   1   2   1   1  74   1  2.66 1.15
   31 N     1   1   0   2  -4   2   0  -3   0  -2  -2  -1  -3  -3  -4   1   3  -3  -3  -1   13   8   4  11   0   8   6   2   2   2   3   3   0   1   1  10  20   0   1   5  0.32 0.29
   32 P     3  -4  -4  -2  -2  -1  -2  -3  -3  -3  -2  -4  -4  -4   6  -2   1   3  -1   1   20   1   1   3   1   3   3   2   1   1   4   1   1   1  33   3   7   4   2   8  0.78 0.53
   33 P    -1  -4  -3  -1  -7  -4  -5  -4  -5  -5  -5  -4  -4  -7   8  -1  -2  -4  -5  -3    5   1   1   4   0   1   1   2   0   1   2   1   1   0  69   5   2   0   1   2  2.03 1.07
   34 R     4  -1  -1   1  -4  -1   0  -1  -2  -3  -3  -1  -3  -4   2   1   0  -4  -3  -1   31   3   2   9   0   2   6   5   1   2   2   3   1   1   9  12   6   0   1   4  0.40 0.35
   35 G    -1  -2   3   3  -3  -1  -1   3  -2  -4  -2  -3  -4  -4   3   0   0  -2  -5  -3    6   2  12  16   1   3   4  19   1   1   4   2   0   1  14   6   5   1   0   2  0.46 0.36
   36 Y    -1  -3  -4  -3  -5  -2  -3  -4  -2   2   3  -4   0   3  -3  -3  -1   4   2   1    6   2   1   2   0   2   2   1   1  10  28   1   2  13   2   2   3   5   7  11  0.49 0.32
   37 E     2  -3  -2   1  -4  -1   2  -1  -3  -3  -4  -3  -4  -5   4   1   0  -2  -5  -2   18   2   2   7   0   3  15   5   1   2   2   1   0   1  21  11   5   1   0   3  0.52 0.42
   38 S     2  -1   0   2  -3  -1   0   1   1  -3  -3  -1  -3  -4   1   2   1  -2  -3  -3   17   3   5  12   0   3   5   9   3   1   2   3   1   1   7  17   8   1   1   2  0.28 0.27
   39 A     3  -1  -3  -1  -3   0  -1   2   0  -2  -1   0  -2  -2  -3   1   1  -3   2  -1   23   4   1   3   0   3   3  14   2   2   7   5   1   2   1   8   9   0   7   4  0.21 0.23
   40 K     3   1  -1  -1  -3   1   1  -1  -1  -4  -3   2  -3  -5   2   0   1  -3  -4  -2   23   7   2   4   0   6  10   5   1   1   3  10   0   0   9   7   8   0   1   3  0.30 0.29
   41 L     0  -1   1  -4  -4  -4  -5  -5   0  -4  -2  -4  -3  -5   8  -4  -4  -8  -5  -3    7   3   6   1   0   1   1   1   3   1   5   1   1   1  62   1   1   0   0   2  1.72 0.95
   42 G    -5  -5  -4  -5  -9  -5  -6   8  -8  -9  -6  -8  -8  -9  -6  -5  -6  -9  -9  -5    1   1   1   1   0   1   1  89   0   0   1   0   0   0   1   1   1   0   0   1  2.65 1.25
   43 E     1  -2  -3   4  -6   1   1  -4  -2  -4  -6  -2  -4  -5  -4   1   5  -7  -5  -3   12   2   1  18   0   7   9   1   1   1   1   2   1   1   1  11  29   0   0   2  0.75 0.56
   44 I    -4  -5  -8  -6  -7  -5  -6  -6  -4   5   4  -8  -1  -4  -2  -8  -4  -8  -4   5    1   1   0   1   0   1   1   1   1  23  30   0   2   1   3   0   1   0   1  35  1.33 0.70
   45 L    -6  -5  -8  -6  -7  -5  -6  -6  -4   5   5  -8  -2  -2  -6  -6  -4  -7  -3   3    1   1   0   1   0   1   1   1   1  28  45   0   1   2   1   1   1   0   1  16  1.39 0.73
   46 K     1   6  -2  -2  -8  -2  -1  -3  -3  -8  -6   3  -4  -5  -5   2  -2   1  -4  -6   10  37   3   3   0   2   4   2   1   0   1  16   1   1   1  12   3   2   1   1  1.03 0.63
   47 L     2  -3  -3  -4  -1   0  -3  -5   1  -1  -2  -3  -2  -2  -5   4   3   3   0   1   13   2   1   1   2   4   2   1   4   4   4   2   1   2   1  26  14   3   3   9  0.51 0.39
   48 R    -2   6  -4  -3  -7   2   4  -4  -2  -5  -5  -2  -2  -7  -4  -3  -2  -2  -7  -3    3  41   1   2   0   8  25   2   1   1   2   3   1   0   2   2   3   1   0   2  1.29 0.72
   49 K     0   0  -2   1  -3   1   1  -4  -1  -4  -4   0  -3  -3   5  -1   1  -2  -3  -2    8   5   3   8   1   5   9   2   1   1   2   6   1   1  28   5   8   1   1   3  0.56 0.42
   50 T     1  -3  -4  -3  -6  -3  -3  -4  -2   2   1  -4   4   0  -1   0   1  -1  -1   4   11   2   1   2   0   2   2   2   1   9  14   1   7   3   3   7   7   1   2  23  0.43 0.28
   51 P    -1   0  -1   1  -2   0  -1  -3  -1  -3  -3  -2  -2  -3   5  -1   2  -1  -3  -2    6   4   4   8   1   4   5   3   2   2   3   3   1   1  30   6  13   1   1   3  0.59 0.43
   52 G     1  -1   0   0  -1  -1  -1   0   0  -1   0  -2   0   0   0   0   1   0   1   0   13   3   5   5   1   3   3   8   2   3  10   2   2   5   6   8   7   1   5   7  0.04 0.05
   53 K     1   0   1   0  -1   1   0   0   1  -2  -1  -1  -1  -1   2   0   0   0   0  -1   11   4   6   6   1   5   7   7   3   2   6   3   2   3  10   8   6   1   3   4  0.08 0.09
   54 I     0  -2  -2  -1  -5  -1  -3  -3  -1   1   3  -2   0   1   0  -1   0   2   0   1    8   2   2   4   0   3   2   3   2   9  25   2   2   5   5   5   5   2   3   9  0.22 0.15
   55 S     2   0  -1   1  -5  -1  -2   0   0  -1  -1  -2   0   1   1   1   0   1  -1  -1   17   5   3   7   0   3   3   6   3   3   6   3   2   5   8  11   7   2   2   4  0.12 0.14
   56 S     1  -1   0   0   0   0  -1   0   0  -1   0  -1   0   1   2   0   0   2   0   0   11   3   5   5   2   4   4   8   3   3   8   3   3   5   9   8   6   3   3   5  0.05 0.06
   57 L    -1   0   0   0   2   0   0  -1   2   0  -1   0   2   1   0  -1   0   4   1  -1    5   5   5   5   5   5   5   5   5   5   5   5   5   5   5   5   5   5   5   5  0.09 0.08
   58 F    -1  -1   0   0  -3   0  -2   3  -1  -1   0  -1  -2   1   1   0   0   1   1  -1    5   4   4   5   1   4   3  19   1   3  10   4   1   6   7   7   5   2   4   5  0.12 0.10
   59 I     1  -2  -2  -1  -4  -1  -2   0  -2   1   2  -2  -1   1   0  -1   1   1  -2   2   10   2   2   3   0   3   2   7   1   8  17   2   1   6   4   5   9   2   1  13  0.15 0.11
   60 P     0  -1  -1   0  -3  -2  -2   0  -2   1   0  -2  -2  -3   5  -1   1  -2  -2   0    7   4   3   5   1   2   3   8   1   8   8   2   1   2  26   4   7   1   2   6  0.38 0.26
   61 V     1  -1  -1  -1  -3  -1  -1   0  -2   1   0  -1  -1  -1   3   0   0  -2  -1   1   10   4   3   4   1   3   4   7   1   6   8   4   2   2  15   7   5   1   3  11  0.13 0.12
   62 E     0  -2   3   1   1   1   0   0   1  -2  -2  -1  -2  -1   2   0   0   0  -1  -2    7   2  15   6   3   7   6   8   3   2   4   3   1   2  10   8   5   1   2   3  0.20 0.18
   63 V     2  -1  -1  -1  -2  -2  -2   2  -3   0   0  -2  -1  -2   1  -1  -1  -1  -2   1   19   3   3   4   1   2   2  17   1   4   9   2   2   1   8   5   4   1   1  11  0.20 0.18
   64 K     3   0  -2  -1  -2   0  -1   1  -1  -1  -1   0  -1  -2  -3   0   0  -2  -2   1   24   5   2   4   1   5   3  10   1   4   5   5   1   2   1   8   5   1   1  12  0.19 0.18
   65 N     0   2   1   2  -2   1   0  -1   1  -3  -3   0  -1  -4  -3   2   2  -2  -2  -2    9  11   6  11   1   6   6   4   3   1   2   6   2   1   1  14  11   1   1   3  0.23 0.22
   66 S     5  -2  -1  -4  -2  -1  -4   0  -3  -2  -3  -4   0  -4  -4   1   1  -2  -3   1   42   2   3   1   1   2   1   8   1   2   3   1   3   1   1  10   8   1   1   9  0.64 0.45
   67 W    -3  -1  -3  -4  -3  -1  -2  -5   3  -3  -3  -3  -2   1  -6  -2   1   8   7   0    2   4   1   1   1   3   2   1   6   2   3   2   1   4   0   3   9  18  30   6  1.18 0.64
   68 Q    -4   5  -1  -3  -6   5  -2  -4   0  -4  -1   2  -2  -4  -6  -2  -2  -1  -1  -2    2  31   3   2   0  25   2   1   2   1   6  13   1   1   0   3   3   1   2   3  0.91 0.58
   69 L    -3  -3  -6  -7  -5  -3  -6  -5  -2   5   2  -6   2   1  -6  -3  -3  -6  -1   4    2   2   0   0   0   1   0   1   1  32  18   0   5   6   0   2   1   0   2  23  0.95 0.51
   70 L    -1  -1  -2  -3  -5  -1  -2  -4   0   0   3  -1   4  -1  -4  -1   1  -1  -2   1    4   4   2   1   0   3   3   1   2   4  32   4  11   2   1   4  10   1   1   8  0.40 0.32
   71 V    -4  -3  -8  -4  -1  -8  -8  -4   0  -3  -4  -8  -1   2  -8  -4  -3  -5  10  -2    2   2   0   2   1   0   0   2   2   2   2   0   1   6   0   2   2   0  72   3  2.57 1.18
   72 R    -1   5   0  -3  -1   0  -2  -4   0  -2  -2   1  -1  -1  -3  -2   2   2  -2   0    6  27   5   2   1   5   4   2   2   2   4   7   2   3   2   4  11   3   1   6  0.45 0.32
   73 S    -2  -6  -1  -6   1  -1  -5  -2  -6  -2  -3  -5   1  -6  -6   4   5  -6   0  -2    3   0   3   0   3   3   0   4   0   3   3   0   4   0   0  33  35   0   3   3  1.04 0.68
   74 E    -2   0  -1  -2   1   1   1  -3   0  -1  -3  -1   1  -1   0  -1   4   2   0   0    3   6   3   3   2   5  10   3   2   3   3   4   4   2   6   5  23   2   3   6  0.27 0.29
   75 D    -1   0   0   0  -3   0   0  -1   1   0  -1   0   1   0   0   0   0   3   1  -1    5   5   5   5   0   5   5   5   5   5   5   5   5   5   5   5   5   5   5   5  0.02 0.09
   76 S     1  -1   0  -1   1   0  -1   0   1  -1  -1  -2   1  -1   0   1   0   2   0   0   11   4   4   4   2   5   4   8   3   4   5   3   4   3   6  12   6   2   4   7  0.06 0.09
   77 F    -1   0   0   0   2   0  -1  -1   2   0  -1   0   2   0   0  -1   0   3   1  -1    5   5   5   5   5   5   5   5   5   5   5   5   5   5   5   5   5   5   5   5  0.03 0.09
   78 G    -2  -2   0   1  -6  -2  -2   6   0  -3  -4  -2  -1  -2  -2  -2  -2   1  -1  -3    2   2   4   8   0   2   3  53   2   2   2   2   2   2   2   3   2   2   2   2  0.87 0.59
   79 N     0   1   1   0   0   1   1  -1   1  -1  -2   1   0  -1  -1   0   1  -3   0  -1    7   9   6   5   2   6   9   5   3   3   4   7   2   3   3   6  10   0   3   3  0.06 0.11
   80 A    -1   0   0   0  -3   0   0  -1   2   0  -1   0   1   0   0   0   0   3   1   0    5   5   5   5   0   5   5   5   5   5   5   5   5   5   5   5   5   5   5   5  0.06 0.08
   81 A     0  -2  -1  -1  -1   0  -1  -2  -1   2  -3  -3  -1  -3  -3   0   3   0  -2   3    8   3   4   3   1   4   4   4   2  12   3   2   2   1   1   8  18   1   1  16  0.31 0.26
   82 A     3  -2  -2  -2  -1  -1   0  -3  -1  -1  -1  -2  -1  -1   1  -2   2   2  -1   1   23   2   2   2   1   3   7   2   2   4   6   3   2   3   6   2  11   3   2  10  0.22 0.23
   83 I     2  -4   0  -1   1   0  -1  -1  -3   1  -1  -3   1   0  -4   0   1  -4   0   2   20   0   4   3   3   4   3   6   0   6   4   0   3   3   0   7   9   0   4  17  0.17 0.23
   84 V    -1   0   0   0  -3   0   0  -1   2   0  -1   0   1   0   0   0   0   3   1   0    5   5   5   5   0   5   5   5   5   5   5   5   5   5   5   5   5   5   5   5  0.06 0.08
   85 T     2  -1  -1  -3   1  -1  -1   3   0  -1  -1  -3   0   0  -1  -1   0  -4   0  -1   17   3   3   0   3   3   3  28   3   3   6   0   3   4   3   4   6   0   3   3  0.25 0.25
   86 T     0   0   0   0   2   0   0   0  -2   0  -1   0   1   1  -3   0   0   3   1   0    6   6   5   6   5   5   6   6   0   6   6   6   5   5   0   6   6   5   5   6  0.06 0.10
   87 V    -2  -2  -7  -2  -7  -1  -6  -2   1   2   0  -2   1   0   3  -2  -2   2   1   3    4   3   0   3   0   3   0   4   3  11  10   3   3   4  13   4   3   3   4  20  0.35 0.28
   88 I    -1   0   0   0   2   0  -1  -1   2   0  -1   0   2   0   0  -1   0   3   1  -1    5   5   5   5   5   5   5   5   5   5   5   5   5   5   5   5   5   5   5   5  0.03 0.09
   89 E     0   1  -3  -2  -1  -1  -1  -2  -1   1   0   0   1   0  -3  -3   1   3  -2   3    7   8   1   3   1   3   5   4   1   8   9   5   3   4   2   2  10   3   2  18  0.17 0.15
   90 P    -3  -2  -2  -2  -7  -2  -2  -3  -7  -2  -4  -2  -7  -8   8  -2  -2   1  -7  -3    3   2   2   2   0   2   3   3   0   2   2   2   0   0  64   4   3   2   0   2  1.76 1.00
   91 F     0   1  -1   0  -1   0  -1  -2   1  -2  -1   1   0  -1   2   0   0   3   1  -2    9   9   3   6   2   5   4   2   4   2   7   9   2   3  10   5   6   4   4   3  0.10 0.13
   92 N     0   0   0   0   2   0   0  -1   1   0  -1   0   1   0   0   0   0  -2   1   0    5   5   5   5   5   5   5   5   5   5   5   5   5   5   5   5   5   0   5   5  -0.00 0.06
   93 A     3  -1  -2  -1  -1  -1  -2   1   0  -2  -4  -1  -2  -3   3   1   0  -1  -1  -2   23   4   2   4   1   3   3  10   2   3   2   3   1   1  15   8   7   1   2   4  0.34 0.33
   94 D     0   1   1   3  -1   0   0   2   0  -3  -4   1  -1  -3   1   0  -1   0  -2  -3    9   7   6  14   1   4   5  14   2   2   2   8   2   1   6   7   4   2   1   2  0.22 0.22
   95 P    -1   0   1  -2   0  -1  -2   0   1  -2  -4   1   0  -1   5  -1  -1  -8   0  -3    5   5   7   3   2   3   3   7   3   2   3   8   2   3  28   5   4   0   3   2  0.46 0.40
   96 S     0   2   0   1   1   0  -1   0   1  -2  -2  -1   1  -1   0   1  -1   2   0  -2    7  13   4   8   3   3   3   7   3   3   4   4   3   3   5  10   5   3   3   4  0.09 0.13
   97 K    -1   0   0   0   2   0   0  -1   2   0  -1   0   2   1   0  -1   0   4   1  -1    5   5   5   5   5   5   5   5   5   5   5   5   5   5   5   5   5   5   5   5  0.09 0.08
   98 V    -1  -1  -1  -2  -3  -1  -2  -1   0   2   2  -2   1   0   1  -2  -1   1  -1   2    4   3   2   3   0   2   2   6   2  10  19   2   3   3   7   3   4   2   2  16  0.12 0.17
   99 V    -1  -1  -2  -2   1  -1  -2  -3   1   1   2  -2   2   0  -2  -2  -2   3   0   3    5   3   3   3   2   3   3   3   3   9  17   3   5   4   3   3   3   3   3  17  0.20 0.16
  100 S     0   0   0   0   2   0   0  -1   1   0  -1   0   1   0   0   0   0  -2   1   0    5   5   5   5   5   5   5   5   5   5   5   5   5   5   5   5   5   0   5   5  -0.00 0.06
  101 Y    -1  -2  -1  -2   0  -1  -3  -3   1   0   0  -3   1   2  -2  -1  -2   7   5   0    4   2   3   2   2   2   2   2   3   4   7   2   4   9   3   4   3  13  20   8  0.58 0.42
  102 Q     2  -1   1  -1   0   3  -1   0   1  -1  -1  -1   0  -1  -1   0   0  -4  -1   0   16   2   8   3   2  14   3   6   3   3   6   3   3   2   3   6   6   0   2   5  0.11 0.19
  103 S     0  -2  -1  -1   1  -1  -2  -2   6  -1  -2  -2   1  -1   2   0   0   2   0   0    8   3   3   3   3   3   3   3  16   4   4   3   3   3  10   8   7   2   3   7  0.32 0.28
  104 W    -1   0   0   0   2   0   0  -1   2   0  -1   0   2   1   0  -1   0   4   1  -1    5   5   5   5   5   5   5   5   5   5   5   5   5   5   5   5   5   5   5   5  0.09 0.08
  105 E    -1  -2  -2  -2   1   0   0  -2   0   1  -3  -3   0  -1  -1  -2   5  -8   2  -2    5   2   2   2   3   4   6   4   2   8   3   2   2   3   3   3  35   0   6   3  0.60 0.45
  106 D    -2  -1   2   4   0   0  -2  -3   4  -2  -4  -3  -1  -2  -2  -2   1   1   2  -1    3   3   8  24   2   5   3   3   8   2   2   2   2   2   3   3  10   2   7   5  0.47 0.35
  107 A     1  -3  -3  -4  -8  -3  -4   5  -2  -4  -4  -4  -2  -2  -3   3  -1  -8  -3  -3   12   2   1   1   0   1   1  41   1   1   2   1   1   2   2  20   4   0   1   2  0.95 0.62
  108 A     1  -2  -2  -3  -1  -1  -3  -3   0   1   2  -1   0  -1   0  -1   1  -1  -1   3   13   2   2   2   1   3   2   3   2   8  16   3   2   2   6   5   7   1   2  16  0.19 0.16
  109 N     3   0   1   2  -1  -1  -3   2   0  -3  -2  -1  -1  -1  -3   0   0   0  -1  -3   21   5   6   9   1   2   2  16   2   2   4   4   1   3   2   8   5   1   2   2  0.27 0.24
  110 I     0   0   0   3   1   0   0  -1   1  -1  -2  -1   0  -1   1  -1   0   2  -1  -1    8   6   4  17   2   4   6   5   3   4   4   3   3   3   7   5   6   3   3   4  0.15 0.15
  111 E    -1   1   1   2   1   1   1  -1   2  -1  -3   0   0  -1  -1  -1   0   2   1  -2    5   7   7  12   2   7   7   5   4   3   3   7   3   3   3   5   5   2   4   3  0.10 0.13
  112 C     1   0  -2   0   9  -2  -3  -4   1  -3  -3  -3  -1  -1  -1  -2  -2   0  -2  -1   10   5   3   6  35   2   2   2   3   2   3   2   2   3   4   4   3   1   2   4  1.09 0.62
  113 S     3  -1   0  -1   0  -1  -1   1   0  -2  -2  -1   0  -1   1   1   0   1  -2  -2   21   3   5   4   2   2   4  10   2   2   4   3   2   3   8  12   6   2   2   3  0.20 0.20
  114 P    -1   0  -1  -2   0  -1  -3   0  -1  -1  -2  -2   0  -1   5   1   1   1   0  -2    5   5   3   3   2   3   2   7   2   4   5   3   2   3  24   9   7   2   3   4  0.32 0.30
  115 S     0  -2   0  -1   0   0  -2  -1   0  -2  -3  -3   0  -1   0   5   1  -7  -1  -1    9   2   5   3   2   4   3   4   2   3   3   2   2   3   4  34   9   0   2   4  0.46 0.39
  116 Y    -1   2   0  -2  -6  -1  -3  -2   3  -1  -1   0  -1   1   0   0   0   1   5  -1    6   9   5   2   0   3   2   4   6   4   7   5   2   5   5   8   6   2  17   4  0.30 0.23
  117 G     2  -1   0   0  -1   1  -1   2  -1  -3  -2  -2   1  -3  -1   1   2   0  -1  -1   16   4   5   5   1   6   4  13   1   2   4   2   3   1   3  11  10   1   2   4  0.17 0.19
  118 M    -3  -1  -3  -2  -1  -2  -3  -3  -1   1   3  -2   3   3   1  -2  -1   3   1  -1    3   4   2   3   1   2   2   3   1   7  27   3   6   9   7   4   5   3   4   5  0.33 0.21
  119 Q    -1   0   0   0   2   0   0  -1   2   0  -1   0   2   1   0  -1   0   4   1  -1    5   5   5   5   5   5   5   5   5   5   5   5   5   5   5   5   5   5   5   5  0.09 0.08
  120 F    -1   2   0   0  -5   1  -1   0   2  -1   0   0   1   1   0   0   1   2   1  -1    6  10   5   5   0   5   4   6   5   3   8   5   3   5   5   5   8   3   4   5  0.07 0.08
  121 G    -1   0  -1   1  -1  -2  -2   5   0  -3  -3  -2  -1   1   0  -2  -2   2   0  -3    5   5   4   7   1   2   3  34   2   2   3   3   1   6   6   4   3   2   3   2  0.44 0.34
  122 A     1   0   0   1   0   0  -1   0   0  -1  -1  -1   0  -1   1   0   0   1   1  -1   12   5   5   7   2   4   4   8   2   4   5   3   2   3   7   7   5   2   4   5  0.03 0.06
  123 P    -1   0   0   0   2   0  -1  -1   2   0  -1   0   2   0   0  -1   0   3   1  -1    5   5   5   5   5   5   5   5   5   5   5   5   5   5   5   5   5   5   5   5  0.03 0.09
  124 L     0  -2  -1  -2  -2   0  -2  -2   0   0   0  -2   0   1   1   3  -1   1   0  -1    9   2   4   3   1   4   3   4   2   5  10   3   2   6   8  19   4   2   3   5  0.14 0.17
  125 S     0  -1   1   1  -1  -1   0   1   0  -2   0  -2  -1  -1   0   1   0   2  -1  -2    9   4   6   9   1   3   5  10   3   3   8   3   2   3   5  12   7   3   2   3  0.09 0.10
  126 S     0  -1   2   1  -5   0  -1   1   1  -2  -2  -2   0   0   0   1   1   1   0  -2    7   4   9   8   0   3   3  12   4   3   5   3   3   4   5  10  10   2   4   3  0.14 0.15
  127 V     0  -1   0  -1   0  -1  -1   0   0   0   0  -1   1   0   1   0   0   1   0   1    7   4   4   3   2   3   3   7   2   7   9   3   3   5   7   7   4   2   4  10  0.01 0.03
  128 Q    -1   0   0   0   2   0  -1  -1   2   0  -1   0   2   0   0  -1   0   3   1  -1    5   5   5   5   5   5   5   5   5   5   5   5   5   5   5   5   5   5   5   5  0.03 0.09
  129 T     0  -1   0   1  -5  -1  -1  -1   0   0   0  -1   1   0   0   1   2   2   0   0    9   3   5   7   0   3   4   5   3   5   8   3   3   4   5   9  11   3   3   5  0.05 0.09
  130 Q    -1   0   0   0   2   0   0  -1   2   0  -1   0   2   1   0  -1   0   4   1  -1    5   5   5   5   5   5   5   5   5   5   5   5   5   5   5   5   5   5   5   5  0.09 0.08
  131 V     0   0   0   0   0  -1   0   0   1  -1   0  -1   0   1   0   0  -1   2   2   0    6   6   5   5   3   3   6   7   3   4   8   3   3   7   5   6   4   3   8   7  0.05 0.06
  132 D    -1   0   0   0   2   0   0  -1   2   0  -1   0   2   1   0  -1   0   4   1  -1    5   5   5   5   5   5   5   5   5   5   5   5   5   5   5   5   5   5   5   5  0.09 0.08
  133 M     1   1  -1  -1  -3   1  -2   0  -2   0   1  -2   3   1   0  -1   0   1   1  -1   10   7   2   4   1   6   2   6   1   6  14   2   6   6   5   5   5   2   4   5  0.08 0.08
  134 I     1  -2  -1  -1  -5  -1  -3  -1  -2   1   2  -3   1  -1   3  -1   0   0   0   0   12   2   3   4   0   3   2   4   1   7  19   1   3   2  14   4   5   2   3   6  0.22 0.19
  135 F     1  -2  -3  -2  -2  -2  -3  -1   0   1   2  -3   1   4  -1   0  -1   1   2   0   11   2   2   2   1   2   2   4   2   6  17   2   3  13   3   6   4   2   7   7  0.23 0.16
  136 I     1  -2  -2  -2  -2  -2  -2  -1  -2   3   1  -4   2  -1   0  -2  -1   2  -1   2   10   3   2   2   1   2   3   5   1  16  15   1   5   3   4   4   4   2   3  14  0.25 0.17
  137 V     2  -1   1  -1  -2   1   0  -1  -1  -1  -1  -1   0  -2  -2   0   0  -1   1   0   19   4   7   4   1   7   5   6   2   3   8   3   3   2   2   6   6   1   6   6  0.12 0.14
  138 P     2   0  -2  -2   0   0  -1  -1   0  -1   0  -2   1  -1   2   0   0   0  -1   0   19   6   2   3   2   5   5   5   2   3  10   3   3   3   9   6   5   1   2   5  0.12 0.14
  139 L     2  -3  -4  -4  -2  -3  -4  -2  -2  -1   3  -3   4   4  -4  -3  -4   5   1  -1   16   2   1   1   1   1   1   3   1   3  21   2   8  15   1   2   1   8   5   4  0.62 0.39
  140 L     2  -4  -3  -4  -2  -2  -4  -4  -2  -1   5  -4   0  -1  -3  -2  -1   0  -2   1   13   1   2   1   1   2   1   2   1   4  45   2   2   3   2   4   3   1   1   8  0.71 0.42
  141 D     3   0   0   1  -1   0  -1   0  -1  -3  -1  -1  -1  -2  -2   2   0  -1  -2  -2   25   5   5   7   1   4   4   8   2   2   6   4   1   1   2  13   5   1   1   2  0.20 0.23
  142 K     1   3   1  -1  -1   3  -1  -1   1  -2  -1   1   0  -2  -2   0  -1  -1  -1  -2   14  14   6   3   1  13   4   5   3   2   5   7   3   2   2   8   4   1   2   2  0.20 0.23
  143 G    -2  -1  -1  -2  -6  -2  -2   6   0  -3  -4  -2   0  -6  -2  -2  -2  -6  -1  -3    3   3   3   3   0   2   2  60   2   2   2   3   2   0   3   3   2   0   2   2  1.09 0.66
  144 C    -2   0  -2  -2   1  -2  -4   0   0  -1  -2  -2   0   1  -1  -2  -2   8   6  -2    4   5   2   2   3   2   1   7   2   3   3   2   2   6   4   2   2  17  25   4  0.81 0.51
  145 F    -1   0   0   0   2   0   0  -1   2   0  -1  -2   1   0   0   0   0   3   1  -1    5   5   5   5   5   5   5   5   5   5   5   0   5   5   5   5   5   5   5   5  0.03 0.12
  146 V    -1  -5  -4  -1   0  -4  -4  -1  -1   1  -1  -4   0  -1  -5  -2   0   1   0   6    4   0   0   4   2   0   0   5   2   8   5   0   2   2   0   3   5   2   3  51  0.73 0.47
  147 V     1  -1  -1  -2   0  -1  -1  -2   0   1   0  -3   1   0  -3   0   1   1  -1   3   14   3   3   2   2   2   3   2   3   8   6   0   3   3   0   7   7   2   2  28  0.19 0.24
  148 L     1  -1  -1  -3   1  -1  -1  -1   0   1   1  -1   1   0  -3   0   1   2   1   1   13   3   3   0   3   3   3   4   3   7  13   3   4   4   0   6   8   3   4  11  0.04 0.10
  149 P     0  -2   1  -2   2   0  -2   0   2   0   0  -2  -1   1   1   0   0  -2  -1   0    7   0   7   0   7   7   0   7   7   7   7   0   0   7   7   7   7   0   0   7  0.03 0.12
  150 D     0   1   1   1  -3   1   1   0   2  -3  -3  -1  -2   1   1  -1   0   4  -1  -2    8   8   8   8   0   8   8   8   8   0   1   0   0   8   8   1   8   8   0   0  0.20 0.15
  151 Y    -2  -1   1  -1  -5   0  -2  -2   1  -1  -2  -1   3   2  -1   0   0   2   6  -2    3   3   7   3   0   4   3   4   3   3   3   3   6   8   3   7   7   3  26   3  0.45 0.31
  152 E     0   0   0  -1  -1   1   3  -1   0   0  -1   0  -1   0   1  -1  -2   1  -1  -1    9   6   5   3   2   8  18   4   2   6   4   5   2   5   8   4   2   2   2   4  0.14 0.15
  153 G    -2  -2  -1  -2  -7  -2  -6   7  -6  -7  -4  -3  -7  -7  -2  -3  -3  -7  -2  -3    3   3   3   3   0   2   0  70   0   0   2   2   0   0   2   2   2   0   2   2  1.62 0.73
  154 P    -3  -1  -1  -1  -1   1  -2  -1  -1  -1   2  -2   0  -1   5  -1   1  -1   0  -2    2   3   3   3   1   5   2   6   1   3  18   2   3   3  25   4   7   1   4   3  0.39 0.30
  155 K    -3   0   1   0  -6  -1  -1   4   3  -3  -2  -1   0  -1   0  -1   0  -1  -1  -2    2   6   7   5   0   3   4  32   6   1   3   4   3   2   5   4   6   1   3   3  0.39 0.28
  156 S    -1   0   0   0   2   0   0  -1   2   0  -1   0   2   1   0  -1   0   4   1  -1    5   5   5   5   5   5   5   5   5   5   5   5   5   5   5   5   5   5   5   5  0.09 0.08
  157 T     2   0   0  -1   1  -1  -1  -2   4  -2  -3  -2   1  -1   2   0   1   2  -1  -2   18   6   4   3   2   3   4   3   8   3   3   3   3   2  11   6  10   2   2   3  0.22 0.25
  158 F    -3  -5  -3  -3  -9  -1  -2  -1   0  -2  -4  -4  -2   5  -2  -4  -1   5   7  -4    3   1   1   2   0   3   3   6   2   3   2   2   1  20   3   2   4   7  35   2  1.33 0.77
  159 G     0  -3  -1  -2  -1  -2  -3   2  -2  -1   2  -4   2   0  -1  -2   1  -1   2   0    8   2   4   3   1   2   2  14   1   4  18   1   5   4   4   3   8   1   7   7  0.20 0.18
  160 V     3  -3   1   1  -2  -1  -2  -4   4   0   0  -4   1  -3  -3  -2  -1   1  -2   3   19   1   7   6   1   3   3   2   8   5   8   1   3   1   2   3   4   2   2  18  0.36 0.28
  161 G     1  -1   2  -4  -2  -2  -4   4   3  -4  -5  -3  -2  -4   4  -2  -3   0  -1  -2   10   4   8   1   1   2   1  27   6   1   1   2   1   1  19   4   2   1   3   3  0.67 0.49
  162 R    -1   3  -2   0  -1   0   0  -2   1  -2  -2   2  -1  -1   2  -2  -1   0   4  -1    4  14   2   5   1   5   6   4   4   3   4  11   1   3   9   2   3   1  13   5  0.23 0.25
  163 Q     0  -2  -2  -1  -1   0   0  -2   0  -1   1  -2   1  -1   0   1   0   0   2  -1    8   2   2   3   1   5   6   3   2   3  17   2   4   2   5  13   7   1   9   3  0.10 0.17
  164 S     0  -1   1   1   0   1   2  -1   1  -1  -1  -1   1  -1  -1   1   0  -3   2  -1    8   2   7   7   2   5  13   4   4   3   5   2   4   2   3  10   6   0   8   4  0.10 0.16
  165 G     2  -1  -1  -1   1   0  -1   3   1  -1  -2  -1   0  -1  -1   0  -1  -4   0  -1   19   3   3   3   3   3   4  23   3   3   4   3   3   3   3   7   4   0   3   4  0.20 0.21
  166 K     0   1   0   0  -3   1   0  -1   3  -1   0   0   0   0   0   0   0   2   1  -1   10   7   4   5   0   6   4   5   9   4   9   4   3   3   4   6   8   3   4   4  0.06 0.10
  167 A     3  -1   1   0   1   0  -1  -1   2  -1  -2  -2   0  -2  -1   1   0  -4  -1  -1   26   3   6   5   3   3   4   5   6   4   3   2   2   2   3  10   7   0   2   5  0.18 0.23
  168 T     1  -1   0  -1   1  -1  -1  -1   0   0  -1  -1   1  -1  -1   0   1  -3   0   1   17   3   5   3   3   3   4   5   3   5   6   3   5   3   3   6  10   0   3  13  0.06 0.12
  169 L    -1   0   0   0  -3   0   0  -1   1   0  -1   0   1   0   0   0   0   3   1  -1    5   5   5   5   0   5   5   5   5   5   5   5   5   5   5   5   5   5   5   5  0.02 0.09
  170 D    -1  -1   0   6  -5  -1  -1  -2   1  -2  -1  -2  -5  -1  -2   0  -2   1   0  -3    5   3   4  46   0   2   2   3   3   2   6   3   0   2   2   7   2   2   4   2  0.72 0.54
  171 S     2  -1   1   0   0  -1  -3   0   0   0   0  -2   3  -1  -3   2  -1   1   0  -1   17   3   6   7   2   2   0   7   2   4   7   2   9   2   0  16   2   2   3   4  0.13 0.23
  172 I     2  -2  -3  -3  -4  -2  -3  -2  -1   4   2  -4   2  -1  -5  -2  -2  -5   1   3   15   2   2   2   0   2   1   3   2  20  15   0   4   2   0   2   2   0   4  21  0.45 0.34
  173 K    -1   6  -2  -1  -1  -1  -2  -3   0   1  -2   0  -1  -2  -3  -2  -1   0   0   0    4  39   2   4   2   2   2   2   3   7   3   4   1   2   1   3   4   1   3   7  0.61 0.47
  174 A     5  -2  -1   0   0  -2  -2  -2   1  -2  -2  -2   0  -2  -2  -1  -1  -6  -1  -2   50   3   3   5   2   2   2   3   4   2   4   2   2   2   2   3   4   0   2   3  0.63 0.51
  175 V     4  -2  -2  -2   0  -1  -4  -1  -1   0  -2  -4   1  -1  -2   0  -1   1   0   2   36   3   2   2   2   2   0   5   2   4   4   0   3   3   2   8   4   2   3  13  0.36 0.36
  176 L     0   1   0  -1  -3   0  -1  -1   1   0   1   0   0   1  -1  -1  -1   1  -1   1   10  11   4   3   0   4   3   5   4   4  16   7   2   6   2   3   3   2   2   9  0.04 0.09
  177 K     2   2   1   0  -1   1   1  -2   1  -2  -3   1  -1  -1  -1   0  -1   0  -2  -2   20  14   8   4   1   5   8   3   3   3   2   7   1   3   2   7   3   1   2   3  0.18 0.22
  178 T     2  -1  -2  -2  -1  -1  -1  -3   0  -1   1  -2   0   3  -2   0  -1   2   0   1   18   3   1   2   1   2   4   2   2   3  13   2   2  13   2   8   3   2   3  11  0.17 0.20
  179 K     2   1  -2  -1   0  -2   0   0   0  -3   0   0  -1   0   2   0  -2  -1  -2  -1   18   7   2   4   2   2   7   8   2   2   9   5   2   4  10   7   3   1   2   4  0.14 0.14
  180 D    -1   0   0   0   2   0  -1  -1   2   0  -1   0   2   0   0  -1   0   3   1  -1    5   5   5   5   5   5   5   5   5   5   5   5   5   5   5   5   5   5   5   5  0.03 0.09
  181 F     0   0   0   0   0   0   0   0   1   0   0   0   0   1   0   0   0   2   0   0    7   5   3   7   3   5   5   7   4   8   9   4   3   7   3   5   5   3   3   4  0.01 0.01
  182 S     0   0   0   0  -5   1  -1  -1   0  -1   1  -1   0   0  -1   0   2   0   0  -2    8   5   4   5   0   5   4   6   3   4  14   4   3   4   4   6  14   1   3   3  0.08 0.11
  183 G    -1   0   0   0   2   0   0  -1   2   0  -1   0   2   1   0  -1   0   4   1  -1    5   5   5   5   5   5   5   5   5   5   5   5   5   5   5   5   5   5   5   5  0.09 0.08
  184 I     0  -1  -1  -1  -1  -2  -2  -2   0   3   2  -1   1  -1  -1  -1  -1   0   0   1    7   4   3   3   2   2   3   4   2  13  20   3   3   3   3   4   4   1   3  11  0.15 0.11
  185 N    -1   0   1   1   0   1   0   1   1  -2  -2   0  -1  -1   1   2   1   1  -1  -2    6   4   7   8   2   5   5   9   3   3   3   5   2   2   6  13   8   2   2   3  0.09 0.13
  186 D     1   1  -1   0   0   0   0  -1   0  -1   0   0   0  -1   2  -1  -1   2  -1  -1   10   6   3   6   2   5   5   4   3   3   8   6   3   3  11   5   4   3   3   4  0.05 0.09
  187 D     0   0   0   0   2   0   0  -1   1   0  -1   0   1   0   0   0   0  -2   1   0    5   5   5   5   5   5   5   5   5   5   5   5   5   5   5   5   5   0   5   5  -0.00 0.06
  188 A     2  -1   1   0   0  -1  -1   1   0  -2  -3  -1   0  -2   1   1   1   3   0  -2   15   4   6   6   2   3   4   9   2   2   2   4   2   2   8  10   8   4   3   3  0.16 0.17
  189 Q    -2   3  -1  -1  -7   2   0  -3   3  -2  -2   2   1  -1   2  -2  -1   2  -1  -2    4  14   3   4   0   8   5   3   5   3   5  12   3   3  10   4   4   3   3   3  0.24 0.25
  190 V    -2  -2  -2  -2   1  -2  -3  -3   1   2  -1  -2   1   1  -2  -3  -1   6   1   3    3   2   3   2   2   2   2   3   3  11   7   2   3   6   2   3   5  11   5  19  0.42 0.31
  191 A    -1   0   0   0   2   0  -1  -1   2   0  -1   0   2   0   0  -1   0   3   1  -1    5   5   5   5   5   5   5   5   5   5   5   5   5   5   5   5   5   5   5   5  0.03 0.09
  192 M     0  -6  -1  -6   1  -1  -2  -1   1   2   2  -6   3   1  -1  -1  -1   4   0   2    7   0   3   0   3   3   3   5   3  10  18   0   6   6   3   4   4   5   3  12  0.30 0.23
  193 W    -1   0   0   0   2   0  -1  -1   2   0  -1   0   2   0   0  -1   0   3   1  -1    5   5   5   5   5   5   5   5   5   5   5   5   5   5   5   5   5   5   5   5  0.03 0.09
  194 G     0   1  -1   1  -2  -1   0   0   2  -1   0  -1   1   1  -2   0   0  -2  -1   0    8   8   0   8   0   0   8   8   8   0   8   0   8   8   0   8   8   0   0   8  0.05 0.10
  195 Y     0  -2   1  -2   0  -1  -2  -2   4   0  -2  -2  -1   0  -2  -1  -2   5   5   0    7   2   7   2   2   3   2   3  10   6   3   3   2   3   2   6   2   9  22   6  0.49 0.37
  196 S     0  -1   0  -1  -4   0  -1   0  -3  -1  -1  -3   1   0  -1   4   0  -4   0  -1    7   4   3   3   0   3   3   7   0   4   5   0   3   4   4  40   3   0   3   3  0.36 0.38
  197 G     1   0  -1   0  -3   3   2   1   0  -1  -2  -1   0  -3  -1   0  -1   2   0   0   10   4   3   5   0  16  12  11   3   3   3   3   3   0   3   5   3   3   4   7  0.13 0.21
  198 G    -1  -1  -1  -1   0  -1  -1   6   1  -1  -5  -3  -4  -5  -1  -1  -2  -5  -5  -5    3   4   3   4   2   3   5  57   3   4   0   0   0   0   3   4   3   0   0   0  0.93 0.52
  199 T     2  -1  -3  -2   0  -3  -2   5   0  -4  -5  -3  -4  -5  -2   1  -2   2  -4  -1   16   4   0   2   2   0   2  49   2   0   1   0   0   0   2   8   2   3   0   5  0.79 0.45
  200 I    -1   0   0   0   2   0  -1  -1   2   0  -1   0   2   0   0  -1   0   3   1  -1    5   5   5   5   5   5   5   5   5   5   5   5   5   5   5   5   5   5   5   5  0.03 0.09
  201 A     5  -2  -1  -2   1  -1  -2   0   1  -2  -3  -7   1  -8  -1  -1  -1   2   0  -1   39   3   3   3   3   3   3   7   3   3   3   0   3   0   4   6   5   3   3   5  0.59 0.42
  202 A     0  -2   0   0   2  -2  -2   0   2   0   0   0   1  -2   1   0   0   4   1   0    6   0   6   6   6   0   0   6   6   6   6   6   6   0   6   6   6   6   6   6  0.09 0.15
  203 G     0  -2  -1  -2   1  -1  -1   3   2  -1   1  -2   2   0  -2   0  -2   3  -1  -1    7   3   3   3   3   3   4  24   4   3  11   3   5   3   3   6   3   4   3   5  0.25 0.18
  204 W     1  -1  -2  -2   0  -2  -1   0   0  -2  -1  -2   0   3  -6  -1  -2   9  -1  -2   13   3   2   2   2   2   4   8   2   2   6   3   2  10   0   5   2  25   2   3  0.79 0.50
  205 A     0   0  -2  -3   2   0   0  -1   2   0  -1   0   1   1   0   0   0   3   1   0    5   5   0   0   5   5   5   5   5   5   5   5   5   5   5   5   5   5   5   5  0.04 0.13
  206 A     3   0  -1  -2   1   1  -2  -1   1  -2   0  -1   0   0   0  -1   0   2  -1   0   22   5   3   3   2   6   3   5   3   3   9   4   3   3   5   5   5   2   3   7  0.14 0.14
  207 T    -1   0   0   0   2   0   0  -1   2   0  -1   0   1   0  -3   0   0   3   1   0    5   5   5   5   5   5   5   5   5   5   5   5   5   5   0   5   5   5   5   5  0.06 0.10
  208 L    -1   0   0   0   2   0  -1  -1   2   0  -1   0   2   0   0  -1   0   3   1  -1    5   5   5   5   5   5   5   5   5   5   5   5   5   5   5   5   5   5   5   5  0.03 0.09
  209 Q     3  -1  -1  -2   1   2  -1  -1   2  -1  -1  -1   1  -1  -2  -1  -2   2   0  -2   25   3   3   3   3   9   4   5   4   4   7   3   3   3   3   4   3   3   3   4  0.22 0.24
  210 P    -1   0   0   0  -3   0   0  -1   2   0  -1   0   1   0   0   0   0   3   1   0    5   5   5   5   0   5   5   5   5   5   5   5   5   5   5   5   5   5   5   5  0.06 0.08
  211 K    -1   0   0   0   2   0   0  -1   2   0  -1   0   2   1   0  -1   0   4   1  -1    5   5   5   5   5   5   5   5   5   5   5   5   5   5   5   5   5   5   5   5  0.09 0.08
  212 Y    -2  -1  -1  -1   1  -1  -2  -3   2  -1  -2  -2   0   0  -1  -2  -2   2   7  -2    4   4   3   4   3   3   4   3   4   4   4   3   3   3   3   3   3   3  36   3  0.89 0.55
  213 A     2  -1   0   0   1  -1  -1   1   2  -1  -2  -1   0   0  -1   0  -1   3   0  -2   17   3   4   5   2   3   5  12   5   3   4   4   2   4   4   7   3   4   3   4  0.11 0.14
  214 Q    -1   0   0   0  -3   0   0  -1   1   0  -1   0   1   0   0   0   0   3   1  -1    5   5   5   5   0   5   5   5   5   5   5   5   5   5   5   5   5   5   5   5  0.02 0.09
  215 E    -2   0   1   4  -7   0   4   1   0  -3  -3  -1  -1  -3  -2  -1  -1   1  -2  -3    4   5   5  19   0   4  22  10   2   2   3   5   2   1   3   5   3   2   2   2  0.48 0.36
  216 L    -1  -2   0   0  -1  -1  -1  -3   0  -1   3  -2   0   2  -1  -2  -2   0  -1   1    5   3   4   5   1   3   4   3   2   4  30   3   2   8   4   4   3   1   2   8  0.26 0.18
  217 K    -1   1   1   1  -1   0   0   1   0  -2  -2   0  -1   0   0   0   0   1   0  -1    5   8   6   8   1   4   6  13   2   3   4   6   1   4   6   6   7   2   4   4  0.07 0.08
  218 K     0  -1  -1  -1   0   0  -1   0   0   0   1   0   0   1   1   0   0   0   0   0    6   3   3   3   2   4   4   8   2   5  16   7   3   6   6   5   6   1   4   7  0.02 0.02
  219 N     0   0   0   0   2   0   0  -1   1   0  -1   0   1   0   0   0   0  -2   1   0    5   5   5   5   5   5   5   5   5   5   5   5   5   5   5   5   5   0   5   5  -0.00 0.06
  220 L     0  -2  -2  -2   0  -1  -2   0  -1   2   1  -2   0   2  -1  -1  -1   1   0   1   10   2   2   2   2   2   2   7   2  14  15   2   2   8   4   4   3   2   4  11  0.08 0.12
  221 I     1   1   0  -1   0  -1   0  -1   0   0   0   0   0  -1  -1   0   1  -4  -1   2   14   7   5   4   2   2   5   3   2   6   7   6   2   2   3   6   8   0   2  16  0.06 0.11
  222 G     0   0   0   0   2   0   0  -1   1   0  -1   0   1   0   0   0   0  -2   1   0    5   5   5   5   5   5   5   5   5   5   5   5   5   5   5   5   5   0   5   5  0.03 0.05
  223 A     4  -3  -2  -3  -1  -3  -3   0  -2   0  -2  -4  -1  -2  -1   0   2   2  -1   1   28   1   2   2   2   1   2   6   1   5   5   1   2   2   4   8  11   3   3  11  0.38 0.31
  224 A     4  -4  -3  -2  -1  -4  -4  -2   0   1  -2  -4   0  -1   0  -2  -1  -1   2   3   28   1   1   3   1   1   1   4   2   7   4   1   3   3   5   4   3   1   7  17  0.48 0.37
  225 L     3  -2  -1  -2   1  -1  -2   0   0  -1   0  -2   1  -1   1   0  -1   2   0  -1   24   3   3   3   3   3   3   8   3   4   9   3   3   3   8   7   3   3   3   5  0.20 0.19
  226 G    -1   0   0   0   2   0  -1  -1   2   0  -1   0   2   0   0  -1   0   3   1  -1    5   5   5   5   5   5   5   5   5   5   5   5   5   5   5   5   5   5   5   5  0.03 0.09
  227 G     1  -1   0   0   1  -1  -2   4   0  -2  -3  -1   0  -1   0   0  -1   2  -1  -2   12   3   4   5   2   3   3  25   2   3   3   4   2   2   5   7   3   2   3   3  0.21 0.24
  228 F    -1   0   0   0   2   0  -1  -1   2   0  -1   0   2   0   0  -1   0   3   1  -1    5   5   5   5   5   5   5   5   5   5   5   5   5   5   5   5   5   5   5   5  0.03 0.09
  229 V    -1   0   0   0   2   0  -1  -1   2   0  -1   0   2   0   0  -1   0   3   1  -1    5   5   5   5   5   5   5   5   5   5   5   5   5   5   5   5   5   5   5   5  0.03 0.09
  230 I     1  -1  -1  -1   1  -1  -1  -1   0  -1   0  -1   1   0   0   1   1   2   2   0   13   3   3   4   3   3   3   5   3   4   8   3   3   3   5  10   8   3   7   6  0.07 0.09
  231 N     0   0   0   0   2   0   0  -1   1   0  -1   0   1   0   0   0   0  -2   1   0    5   5   5   5   5   5   5   5   5   5   5   5   5   5   5   5   5   0   5   5  -0.00 0.06
  232 I    -1   0  -1  -1   0  -1  -1  -1   0   1   1  -1   2   0   1  -1   0   2   0   0    5   5   3   4   2   3   3   4   3   9  15   3   5   5   8   6   5   3   3   6  0.05 0.07
  233 T     1   0   0   1  -3   0   0   0   0  -1  -1   0   0  -1   1   0   0   1   0  -1   10   5   3   9   0   5   7   9   2   4   6   4   3   3   8   6   8   2   3   5  0.06 0.08
  234 A     1  -1   0   1  -1   0   1  -1   1  -2  -1   0   0  -1   0   0   0   0  -1  -2   14   3   5   9   1   4  10   6   3   3   7   5   3   2   4   8   6   1   2   3  0.06 0.11
  235 T    -1   0   0   0   2   0   0  -1   2   0  -1   0   2   1   0  -1   0   4   1  -1    5   5   5   5   5   5   5   5   5   5   5   5   5   5   5   5   5   5   5   5  0.09 0.08
  236 A     1  -1  -1  -2   1  -1  -2  -1   0   1   2  -2   2   2   0  -2  -1   2   1   0   13   3   3   3   3   3   3   4   3   7  17   3   5   7   4   3   3   2   4   7  0.11 0.09
  237 E     0   2   0   2  -6   1   1  -1   1  -2  -1   0   0  -1   1  -1  -1   1   0  -1    9  10   5   9   0   6   9   4   3   3   6   6   2   2   8   4   4   2   3   4  0.11 0.14
  238 A     1   1   0  -1  -1   0  -2   0   1  -2  -1  -1   0   1   0   1   0   0   2  -1   13   8   4   4   1   4   3   6   3   2   6   4   2   5   5   9   6   2   8   4  0.09 0.10
  239 T    -1   0   0   0   2   0  -1  -1   2   0  -1   0   2   0   0  -1   0   3   1  -1    5   5   5   5   5   5   5   5   5   5   5   5   5   5   5   5   5   5   5   5  0.03 0.09
  240 D    -1  -1   2   2   1   0   0  -1   1   0  -2  -1   2  -1   0   0  -1   2   0  -2    5   3  10  13   3   4   5   6   3   5   4   3   5   3   5   7   4   3   3   4  0.11 0.15
  241 G    -1   0   0   0   2   0   0  -1   2   0  -1   0   2   1   0  -1   0   4   1  -1    5   5   5   5   5   5   5   5   5   5   5   5   5   5   5   5   5   5   5   5  0.09 0.08
  242 T    -1   0   0   0   2   0  -1  -1   2   0  -1   0   2   0   0  -1   0   3   1  -1    5   5   5   5   5   5   5   5   5   5   5   5   5   5   5   5   5   5   5   5  0.03 0.09
  243 L     0  -1   0   0   0   0   0  -1   1   0   0  -1   1   0   2  -1   0   2   0   0    8   4   4   6   2   4   5   5   4   6   7   4   4   5  10   5   5   3   4   7  0.05 0.05
  244 F     0  -1  -1  -1   1  -1  -1   0   1   0   0  -1   1   2   0   0  -1   3   2   0    8   3   4   3   3   3   3   6   3   6  11   3   3   9   5   6   4   5   6   6  0.08 0.07
  245 A    -1   0   0   0   2   0  -1  -1   2   0  -1   0   2   0   0  -1   0   3   1  -1    5   5   5   5   5   5   5   5   5   5   5   5   5   5   5   5   5   5   5   5  0.03 0.09
  246 G     0  -1   0  -1   1  -1  -2   4   0  -2  -2  -2   0  -1   0   0  -1   2   0  -1    9   4   5   3   3   4   3  26   3   3   4   3   3   3   5   6   5   3   3   4  0.24 0.21
  247 L    -1   0   0   0  -3   0   0  -1   2   0  -1   0   1   0   0   0   0   3   1   0    5   5   5   5   0   5   5   5   5   5   5   5   5   5   5   5   5   5   5   5  0.06 0.08
  248 I     1  -2  -1  -2   0   1  -2  -2   0   1   1  -2   2   1   0  -1  -1   2   1   1   10   3   3   3   2   6   3   4   2   8  11   3   5   6   5   4   4   2   4   9  0.06 0.08
  249 P    -1   0   0   0   2   0   0  -1   2   0  -1   0   2   1   0  -1   0   4   1  -1    5   5   5   5   5   5   5   5   5   5   5   5   5   5   5   5   5   5   5   5  0.09 0.08
  250 N     1  -2   0  -1   1  -1  -2  -1   0  -1   0  -2   2   1  -1  -1  -1   4   4  -1   13   3   4   3   2   3   3   5   3   3   9   3   5   6   4   5   4   5  12   5  0.21 0.18
  251 A     2  -1  -1  -2   1  -1  -1   0   0   0   0  -2   2   0  -1  -1   0   2   1   1   19   3   3   3   2   3   4   6   3   6   8   3   4   4   3   5   7   3   5   9  0.11 0.11
  252 L    -1   0   0   0   2   0  -1  -1   2   0  -1   0   2   0   0  -1   0   3   1  -1    5   5   5   5   5   5   5   5   5   5   5   5   5   5   5   5   5   5   5   5  0.03 0.09
  253 N     0  -1   1  -1   0   0   0  -2   0   1   0  -1   1   0  -1  -1   0   2   1   1   10   3   8   3   2   4   5   3   3   8  11   3   3   5   3   4   5   3   4  10  0.05 0.06
  254 G     1  -1  -2  -3  -1  -2  -2   5  -1  -2  -2  -3   1  -3  -3   1  -1   1   1  -2   10   4   2   2   1   2   3  34   2   2   5   2   3   2   2  10   4   2   5   3  0.49 0.36
  255 L    -1   0   0   0  -3   0   0  -1   1   0  -1   0   1   0   0   0   0   3   1  -1    5   5   5   5   0   5   5   5   5   5   5   5   5   5   5   5   5   5   5   5  0.02 0.09
  256 A     1   1   0  -1   0   0   0  -1   1  -1  -1  -1   1  -1  -2   1   0   1   1  -1   13   7   4   4   2   5   5   5   3   4   7   3   4   2   2  11   6   2   4   4  0.06 0.10
  257 N     2   3   2   0  -6   1  -1  -2   2  -2  -3   0   0  -1  -1   0   0   1  -1  -1   16  13   8   5   0   6   5   4   5   3   3   5   2   2   4   7   5   2   3   4  0.20 0.19
  258 E     2   0  -1  -1   0   1   1  -2   0   0  -2  -2   0  -1  -1   0   1   2   1   0   19   5   2   3   2   6   8   3   2   6   5   3   2   2   3   8   7   2   4   7  0.13 0.15
  259 F    -3   0   0   0  -1  -2  -3  -4   3  -3  -2  -3  -1   1  -4  -1  -3   2   8  -3    3   4   4   6   1   2   3   2   6   2   4   2   1   6   1   5   2   2  40   2  1.11 0.66
  260 P    -1   0   0   0  -3   0   0  -1   2   0  -1   0   1   0   0   0   0   3   1   0    5   5   5   5   0   5   5   5   5   5   5   5   5   5   5   5   5   5   5   5  0.06 0.08
  261 D    -1  -1   1   3  -1   1   2  -1   1  -2  -2  -1  -1  -1  -1   0  -1   2   0  -2    6   3   7  17   2   5  16   5   4   2   4   3   2   2   4   5   4   3   3   3  0.20 0.21
  262 F    -1   0   0   0  -3   0   0  -1   2   0  -1   0   1   0   0   0   0   3   1   0    5   5   5   5   0   5   5   5   5   5   5   5   5   5   5   5   5   5   5   5  0.06 0.08
  263 K     1   1   2   2  -4   1   0   0   0  -2  -1   0  -2  -1  -1   0  -1   0   0  -2   11   9   8  14   0   6   6   8   2   2   6   6   1   2   3   5   4   1   4   2  0.13 0.16
  264 K     1   1  -1   1  -2   0   0  -2  -1   0  -1   0  -1   0   2   0   0   0   0  -1   12   7   3   7   1   5   7   3   2   5   7   5   2   4  12   5   5   1   4   4  0.09 0.10
  265 R     0   1   0   1  -1  -1  -1  -2   0  -1   0  -1  -1   0   2   0   0   1   2   0    7   7   4  10   1   2   4   3   2   4   8   3   2   4  10   6   4   2   7   7  0.08 0.10
  266 M     0  -2  -1   0   0  -1  -1  -2  -1   2   2  -2   2   1   0  -1  -1   1   0   1    6   2   2   5   2   3   3   3   2  13  19   2   5   6   4   4   3   2   3  10  0.09 0.12
  267 Y    -1   0   1   3  -4   0   1  -1   0  -1  -1  -1   0   0  -1   0  -1   2   3  -2    5   5   7  15   0   4   8   5   3   3   5   4   2   3   3   7   4   2  11   3  0.13 0.18
  268 E     0   0   0   0  -3   1   0   0   1   0  -1   0   1   0   1   0   0  -2   1   0    6   6   5   6   0   5   6   6   5   6   6   6   5   5   6   6   6   0   5   6  0.03 0.06
  269 V    -1   0   0  -1   1   0  -1  -2   3   0   0  -1   1   1  -1  -1  -1   2   3   0    5   6   5   4   2   4   4   4   8   6   8   4   3   6   4   4   4   3  10   7  0.14 0.11
  270 V    -1   0   0   0   2   0  -1  -1   2   0  -1   0   2   0   0  -1   0   3   1  -1    5   5   5   5   5   5   5   5   5   5   5   5   5   5   5   5   5   5   5   5  0.03 0.09
  271 E    -1   0   0   0  -3   0   0  -1   2   0  -1   0   1   0   0   0   0   3   1   0    5   5   5   5   0   5   5   5   5   5   5   5   5   5   5   5   5   5   5   5  0.06 0.08
  272 K     0   0  -2   2  -8  -1   0  -1  -1  -3  -3  -1  -1  -3   5  -1  -1   2   0  -3    9   4   2  11   0   3   7   5   1   2   3   4   2   1  27   5   4   3   3   3  0.50 0.43
  273 R     1   2   0   1  -1   1   2  -2   0  -1  -1   0  -1  -1   1  -1   0   0   1  -2   10  10   4   7   1   5  12   4   2   3   5   6   2   3   7   5   5   1   4   3  0.11 0.12
  274 Y     1   0  -2  -3  -1  -2  -3   4   0  -2  -2   0   0   0  -2  -3  -1   1   3  -2   13   5   3   2   1   2   2  28   3   3   4   5   2   4   2   2   4   2   8   4  0.38 0.29
  275 E    -1   0   0   0   2   0  -1  -1   2   0  -1   0   2   0   0  -1   0   3   1  -1    5   5   5   5   5   5   5   5   5   5   5   5   5   5   5   5   5   5   5   5  0.03 0.09
  276 G     3   0  -1   2  -6   1   1  -1   0  -3  -3  -1  -2  -2   0   0   1   1  -2  -2   19   6   4  10   0   6   9   5   2   2   2   5   1   2   5   8   7   2   2   3  0.21 0.24
  277 A     1   0  -1   0   0   0  -1  -2   0   1   1  -1   2   0  -1  -2  -1   2   0   0   12   4   3   4   2   4   5   3   3   7  16   4   5   4   3   3   4   2   3   8  0.05 0.07
  278 L    -1  -1  -1  -2   1  -1  -2  -2   0   1   2  -2   2   3  -2  -2  -1   2   1   1    6   4   3   3   3   3   3   3   3   7  18   3   4  13   3   3   4   3   5   8  0.21 0.14
  279 Q    -1   0   0   0   2   0   0  -1   2   0  -1   0   2   1   0  -1   0   4   1  -1    5   5   5   5   5   5   5   5   5   5   5   5   5   5   5   5   5   5   5   5  0.09 0.08
  280 Q    -1   0   0   0   2   0   0  -1   2   0  -1   0   2   1   0  -1   0   4   1  -1    5   5   5   5   5   5   5   5   5   5   5   5   5   5   5   5   5   5   5   5  0.09 0.08
  281 G    -1   0   0   0   2   0   0  -1   2   0  -1   0   2   1   0  -1   0   4   1  -1    5   5   5   5   5   5   5   5   5   5   5   5   5   5   5   5   5   5   5   5  0.09 0.08
  282 T     1   2   0   0   1   0   0  -1   1  -1   0   0   0   0  -2   0  -1   2   1  -1   10  10   4   4   3   5   7   6   3   3   8   7   2   3   2   8   4   3   4   3  0.06 0.07
  283 Q    -1   0   2   2  -1   2   0   0   1  -2  -3  -1   0  -2  -1   0   2   1  -1  -2    5   5   9  11   2   7   6   6   4   2   3   4   2   2   3   8  12   2   2   3  0.17 0.19
  284 H    -1   0   0   0   2   0   0  -1   2   0  -1   0   2   1   0  -1   0   4   1  -1    5   5   5   5   5   5   5   5   5   5   5   5   5   5   5   5   5   5   5   5  0.09 0.08
  285 C    -2  -2  -1  -1   9  -1  -2  -2   1  -2  -2  -2   0  -1  -1  -1   0   2   0  -2    5   3   3   4  32   3   4   4   3   3   4   3   3   3   4   5   6   2   3   3  0.90 0.52
  286 L     0  -2  -1  -1   0  -1  -1  -1   0   1   2  -2   1   1  -1  -1   2   1   1   1    7   2   3   4   2   3   4   4   2   7  16   3   4   5   3   5  11   2   4   9  0.09 0.08
  287 G     1  -1  -1   0   0  -1  -1   2  -1   0  -1  -2   0   0   0   0   1   1  -1   0   12   3   3   6   2   3   4  13   2   6   6   2   2   4   6   7   8   2   2   7  0.08 0.08
  288 G     1  -2   1   3   0   2   2   1   0  -3  -2  -3  -1  -2   0  -1  -1   0  -1  -2   10   2   5  15   2   7  14  11   2   2   4   2   1   2   5   6   4   1   2   3  0.24 0.23
  289 A     2  -1   1   0  -1   0  -1  -1   0   0   0  -2   0  -1   0   0   0   1  -1   0   17   3   6   6   1   4   4   6   2   6  10   2   3   3   4   8   5   2   2   6  0.06 0.08
  290 I    -1   0   0   0   2   0   0  -1   2   0  -1   0   2   1   0  -1   0   4   1  -1    5   5   5   5   5   5   5   5   5   5   5   5   5   5   5   5   5   5   5   5  0.09 0.08
  291 L    -1   0   0   0   2   0   0  -1   2   0  -1   0   2   1   0  -1   0   4   1  -1    5   5   5   5   5   5   5   5   5   5   5   5   5   5   5   5   5   5   5   5  0.09 0.08
  292 H     0   1   0   0   1   1   0  -1   1  -1  -1   0   0   0   0  -1   0   2   0  -1    9   8   5   7   3   6   6   5   4   3   6   6   3   3   5   5   6   3   4   5  0.04 0.05
  293 F    -1  -1  -1  -1   0  -1  -2   0   1  -1   0  -1   1   4  -1  -1  -1   2   4   0    6   4   3   4   2   3   3   6   4   3  10   3   3  14   3   5   4   3  11   6  0.21 0.16
  294 A     2   0  -1  -1  -1   0  -1   0   0   0  -1  -1   1  -1   2   0  -1   1  -1  -1   19   5   3   4   2   3   4   7   2   5   6   3   4   3  10   7   5   2   2   5  0.10 0.13
  295 F    -1   0   0   0   2   0   0  -1   2   0  -1   0   2   1   0  -1   0   4   1  -1    5   5   5   5   5   5   5   5   5   5   5   5   5   5   5   5   5   5   5   5  0.09 0.08
  296 D     0   0   0   1   0   1   0   0   1  -1  -1   0   1  -1   0   0   1   2   0  -1    6   6   4   8   2   6   5   7   3   4   6   6   3   3   4   6   8   3   3   5  -0.00 0.05
  297 Q    -1   1   1   3   0   1   0  -1   1  -2  -2   0   1  -1  -1   0  -1   2   0  -2    4   6   7  13   2   6   5   5   4   3   4   5   3   3   4   7   5   3   3   3  0.08 0.15
  298 V    -1   0   0   0   2   0  -1  -1   2   0  -1   0   2   0   0  -1   0   3   1  -1    5   5   5   5   5   5   5   5   5   5   5   5   5   5   5   5   5   5   5   5  0.03 0.09
  299 F     0  -1   0  -1   0   0  -1   0   0  -1   1  -1   1   3  -1  -1   0   2   1   0    8   3   4   4   2   4   3   8   2   4  13   4   3  11   3   5   5   3   4   5  0.04 0.07
  300 T     0   0   0   1   0   0  -1  -1   0  -1  -1   0   0  -1   0   1   3   1  -1  -1    8   5   4   7   2   3   3   5   2   4   6   6   2   2   5  11  16   2   2   4  0.08 0.14
  301 G     1  -1   0   0  -1  -1  -1   0   0   0   0  -1   1   0   0   0   0   3   1   0   11   3   5   5   1   2   4   9   2   4  10   4   4   3   5   5   6   4   5   5  0.02 0.05
  302 D    -1   0   0   0   2   0   0  -1   2   0  -1   0   2   1   0  -1   0   4   1  -1    5   5   5   5   5   5   5   5   5   5   5   5   5   5   5   5   5   5   5   5  0.09 0.08
  303 H     0   0   0   1   0   0   0   0   1  -1  -1   0   0   0   0   0   0   2   0  -1    6   6   5   7   3   5   5   7   3   4   5   5   3   5   6   6   7   2   4   4  0.02 0.05
  304 R    -1   2  -1   1  -1   1   1  -1   0  -1  -1   0   1  -1   1  -1   0   1  -1  -2    6  13   3   7   2   7   8   5   2   3   7   6   4   3   6   5   5   2   2   3  0.08 0.12
  305 Y    -1  -1  -1  -1  -2  -1  -2   0   0  -1   0  -3   1   2   2   1   0   2   4  -1    5   4   3   4   1   3   3   6   3   3   9   2   3   7  10   9   7   3  12   4  0.18 0.17
  306 F    -1  -2  -3  -1  -2  -1  -2  -2   0   0   2  -1   0   5  -1  -2   1   1   1   0    6   3   2   3   1   3   3   4   2   5  16   3   2  20   4   3   7   2   4   5  0.30 0.21
  307 E     0   0   0   1   0   0   0  -2  -1  -1  -1   0   0   0   1   0   1   1  -1  -1    9   5   4   9   2   4   6   3   2   3   5   7   2   4   7   8  10   2   3   5  0.07 0.09
  308 Q    -1   0   1   2   0   1   1  -1   1  -2  -1   0   0  -1   1   0   0   1  -1  -1    6   4   8  11   2   6   8   6   3   3   6   6   2   2   8   7   6   2   2   4  0.09 0.10
  309 G    -1  -1   0   0   1   0  -1   2   1   0  -1  -1   0   0   1  -1  -1   2   0   0    6   4   5   6   3   3   3  17   3   5   7   3   3   4   7   5   4   3   4   6  0.09 0.08
  310 Y    -1   0   0   0   2   0   0  -1   2   0  -1   0   2   1   0  -1   0   4   1  -1    5   5   5   5   5   5   5   5   5   5   5   5   5   5   5   5   5   5   5   5  0.09 0.08
  311 G     1   0   1   2  -5   0   0   0   1  -1  -1   0   0  -1   0   1  -1   2   0  -1   13   4   6  10   0   4   5   8   3   4   5   5   3   3   4   9   4   3   3   4  0.08 0.10
  312 L    -1   0   0   0   2   0  -1  -1   2   0  -1   0   2   0   0  -1   0   3   1  -1    5   5   5   5   5   5   5   5   5   5   5   5   5   5   5   5   5   5   5   5  0.03 0.09
  313 L     0  -1  -1  -1  -1  -2  -2  -2  -1   0   3  -2   1   2   1  -1  -1   1  -1  -1    8   3   4   3   1   2   3   3   1   5  28   3   3   9   6   4   4   2   2   5  0.24 0.18
  314 E     1   1   1   3  -2   0   1  -1   0  -3  -2  -1  -1  -2  -1   0   1   0   0  -2   11   6   7  13   1   4  10   5   2   2   4   4   2   2   3   7   9   1   4   3  0.15 0.17
  315 E     0  -1   2   3  -2   1   1  -2   1  -1  -2  -1  -1  -2  -1   0   0  -1  -1  -1    8   4   8  15   1   6  10   3   3   4   4   4   1   2   4   7   6   1   2   5  0.16 0.16
  316 E     0  -2  -1   0   0   0   2  -3   2  -2  -3  -1   0  -1   5  -1  -1   2  -1  -2    7   3   4   6   2   4  10   3   5   2   3   3   2   3  27   4   4   2   2   3  0.46 0.38
  317 V     1  -1  -1   0   0   0   0  -2   0   1  -1  -2   1  -1   3  -1   0   1  -1   0   11   4   3   6   2   4   7   3   2   8   6   3   3   3  14   4   6   2   2   8  0.13 0.14
  318 F    -1   0   0   0   2   0  -1  -1   2   0  -1   0   2   0   0  -1   0   3   1  -1    5   5   5   5   5   5   5   5   5   5   5   5   5   5   5   5   5   5   5   5  0.03 0.09
  319 N     0   2   1   0   1   2  -1  -1   1  -1  -1   0   1  -1   0  -1   0   2   0   0    8  10   7   5   2   8   4   5   3   3   7   6   3   3   4   5   5   3   3   6  0.06 0.08
  320 R     2   3   0   0  -1   2   0  -2   1  -3  -3   1  -1  -2   0   0  -1   0  -2  -3   14  12   4   6   1   7   6   4   4   2   3   9   2   2   5   8   4   1   2   2  0.18 0.20
  321 T     2   0  -2  -2  -1  -1  -2  -3  -1   2   0  -2   1   0  -1  -2   0   1   1   2   14   5   2   3   1   2   3   3   2  11   8   2   3   4   4   3   7   2   6  16  0.18 0.15
  322 I    -1  -2  -3  -3  -2  -3  -3  -4  -2   2   4  -3   1   3  -2  -4  -1   1   0   2    6   2   1   2   1   2   2   2   1   9  34   2   4  10   3   2   4   2   3  11  0.52 0.32
  323 S    -1   0   0   0   2   0  -1  -1   2   0  -1   0   2   0   0  -1   0   3   1  -1    5   5   5   5   5   5   5   5   5   5   5   5   5   5   5   5   5   5   5   5  0.03 0.09
  324 G     1   0   0   2  -1   1   3   0   0  -2  -2   0   0  -2  -1  -1  -1   2  -1  -2   13   5   4  11   1   6  15   7   2   2   4   6   2   2   3   5   3   3   2   4  0.18 0.18
  325 N    -1  -1   4   0  -1   3  -1  -3   0  -1  -2  -2   1  -1  -1  -1   0   2   1   0    5   4  20   6   2  10   4   3   3   3   5   3   3   3   3   4   5   2   5   6  0.28 0.27
  326 S     0   1   1   1   0   0   0  -1   0  -1   0   0   1  -1  -1   1   1   2   0  -1    7   7   6   8   2   5   5   4   3   3   8   5   4   3   3   9   7   3   3   4  0.03 0.07
  327 L     0  -1  -1   0   0   0  -1  -1   0   0   1  -1   2   0  -1  -1   0   2   0   0    7   4   3   5   2   4   4   4   3   6  16   4   5   3   4   4   7   2   3   6  0.02 0.05
  328 L     0   0   0   0   1   0   0   1   1  -1   0  -1   1   0   0   0   0   2   0   0    9   5   4   4   3   4   5  11   4   4   8   4   4   4   4   5   5   3   4   6  0.00 0.02
  329 Y    -1   0   0   0   2   0  -1  -1   2   0  -1   0   2   0   0  -1   0   3   1  -1    5   5   5   5   5   5   5   5   5   5   5   5   5   5   5   5   5   5   5   5  0.03 0.09
  330 M     0   0   0   0   0   0  -1  -1   0  -1   0  -1   3  -1   0   0   0   2   0   0    8   5   5   5   2   4   4   5   3   3  10   4   8   3   4   7   6   2   4   8  0.05 0.06
  331 D    -1  -1   1   1   1   0  -1   2   1  -1  -2   0   0  -1   2  -1   0   2   0  -1    5   4   6   7   3   4   4  14   3   3   4   6   3   3   9   5   6   2   3   5  0.07 0.10
  332 Q    -1   0   0   0   2   0   0  -1   2   0  -1   0   2   1   0  -1   0   4   1  -1    5   5   5   5   5   5   5   5   5   5   5   5   5   5   5   5   5   5   5   5  0.09 0.08
  333 E    -1   0   0   0  -3   0   0  -1   1   0  -1   0   1   0   0   0   0   3   1  -1    5   5   5   5   0   5   5   5   5   5   5   5   5   5   5   5   5   5   5   5  0.02 0.09
  334 Y     0   2  -1  -1   0   0  -1   1   2  -2  -1   0   0  -1   1   0   0   4   0  -1    7  10   3   4   2   4   4  12   5   3   7   6   2   3   7   6   5   5   3   5  0.11 0.10
  335 L     0   0  -1  -1   1   0  -2   0   1  -1   0   0   1   0   3  -1   1   2   0   0    7   6   3   3   3   3   3   7   3   3  10   7   3   4  13   4   8   3   3   6  0.09 0.10
  336 P    -2  -1  -1  -2   1  -1  -2  -2   0   1  -2  -2   0   1   5  -1  -1   2   1  -2    4   3   3   3   3   3   3   3   3   7   5   3   3   5  30   5   4   3   5   4  0.52 0.38
  337 D     0   1   0   1  -3   2   1   0   0  -1  -2   1  -1  -1  -1   1   1  -4  -1  -2    7   7   4   8   0  10   7   6   2   3   4  11   2   2   3   8  10   0   2   3  0.12 0.14
  338 I     1  -1   1  -2   1  -1  -2   0   0   0  -2  -1   1  -1  -1   0   2   2   0   0   10   4   6   3   3   3   3   9   3   6   4   4   4   3   4   8  12   2   4   6  0.09 0.09
  339 P    -3  -2  -1  -1  -9  -1  -2  -2   1  -2  -3  -1  -9  -1   7  -2  -2  -9  -1  -2    3   3   3   3   0   3   3   3   3   3   3   4   0   3  48   3   3   0   3   3  1.10 0.74
  340 I     0   0  -2  -2   2   1   0   0   2   0   0   0   1   1  -3   0   0   4   1   0    6   6   0   0   6   6   6   6   6   6   6   6   6   6   0   6   6   6   6   6  0.09 0.13
  341 F    -2   2  -2  -5  -1  -1  -3  -3   1  -1   3  -2   1   4  -5  -3  -2   1   4  -2    2  11   2   0   1   3   2   2   3   2  25   2   4  18   0   2   2   2  16   2  0.55 0.40
  342 V    -2  -5  -3  -3  -4  -1  -2  -4  -1   4   2  -4   3   0  -3  -3  -2   1  -1   3    2   0   2   2   0   3   3   2   1  25  22   0   8   3   2   2   2   2   2  18  0.51 0.38
  343 Y     0  -3  -2  -2   0  -2  -3  -1   0   0   0  -4   0   2  -3  -2  -1   5   6   0    8   2   2   2   2   2   2   5   2   4   9   0   2   8   1   3   3   7  31   6  0.60 0.44
  344 H    -2  -2  -2  -4  -2   5  -2  -2   8  -3  -4   0  -2  -3  -4   0   0   0   2  -3    4   2   2   1   1  21   3   4  28   2   2   5   1   1   1   6   6   1   7   2  0.99 0.65
  345 G    -1   0   0   0   2   0  -1  -1   2   0  -1   0   2   0   0  -1   0   3   1  -1    5   5   5   5   5   5   5   5   5   5   5   5   5   5   5   5   5   5   5   5  0.03 0.09
  346 S    -1   0   0   0   2   0  -1  -1   2   0  -1   0   2   0   0  -1   0   3   1  -1    5   5   5   5   5   5   5   5   5   5   5   5   5   5   5   5   5   5   5   5  0.03 0.09
  347 L    -1   0   0   0   2   0   0  -1   2   0  -1   0   2   1   0  -1   0   4   1  -1    5   5   5   5   5   5   5   5   5   5   5   5   5   5   5   5   5   5   5   5  0.09 0.08
  348 D     0  -7   2   7  -7  -7   1   0  -7  -7  -7  -7  -7  -7  -7  -6  -7  -7  -7  -7    8   0   8  55   0   0   9   8   0   0   1   0   0   0   0   1   1   0   0   1  1.65 0.64
  349 G    -1  -1  -1   1  -5   2   3  -1   0  -2  -3  -1   0   0   0  -1   1   3  -1  -2    4   3   3   7   0  10  23   5   2   3   3   3   2   4   5   3   7   4   2   3  0.26 0.23
  350 I    -2  -3  -2   0  -4  -1  -2  -3  -1   2   2  -3   1   1  -3  -2   1   4  -1   3    3   1   2   5   0   3   2   2   1  11  19   1   4   5   1   2   8   5   2  21  0.30 0.23
  351 V     0  -2   0   0   2   0   0   0  -2   0   0  -2   1   1   1   0   0  -2   1   0    6   0   6   6   6   6   6   6   0   6   6   0   6   6   6   6   6   0   6   6  0.01 0.11
  352 P    -2  -2   0   0   1  -1  -2  -2   0  -1  -2  -2   0  -1   6  -2  -1   2   0  -1    4   3   4   5   2   3   3   3   3   4   4   3   3   3  36   4   4   2   3   5  0.66 0.45
  353 I     1  -2  -1  -3   0  -1  -2  -3   0   2  -2  -3   0   1   3  -2   0   2   3   2   11   2   3   2   2   3   3   2   3  10   5   2   2   5  13   3   6   3   9  12  0.26 0.20
  354 P    -1   0   0   0   2   0  -1  -1   2   0  -1   0   2   0   0  -1   0   3   1  -1    5   5   5   5   5   5   5   5   5   5   5   5   5   5   5   5   5   5   5   5  0.03 0.09
  355 D    -1   0   0   0   2   0   0  -1   2   0  -1   0   2   1   0  -1   0   4   1  -1    5   5   5   5   5   5   5   5   5   5   5   5   5   5   5   5   5   5   5   5  0.09 0.08
  356 V     1  -2  -1  -2   1   2  -2  -1   1   1  -2  -5   1  -1  -1   0   3  -6   0   1   10   3   3   3   3   7   3   6   3   8   3   0   3   3   3   7  18   0   3  10  0.23 0.21
  357 H     0   2   0   3  -1   1   1  -3   0  -1  -1   0   1  -2  -2  -1  -1   1   0  -1    7  11   4  18   2   6   9   2   2   4   5   5   3   2   2   4   5   2   3   4  0.22 0.19
  358 G     3   1   0   1  -1   2   0  -1   0  -2  -2   1  -1  -3  -3   0   0   0  -2  -2   21   7   4   7   1   8   7   5   2   2   4   7   2   1   2   7   6   1   2   3  0.18 0.20
  359 V    -1   0   0   0   2   0   0  -1   2   0  -1   0   2   1   0  -1   0   4   1  -1    5   5   5   5   5   5   5   5   5   5   5   5   5   5   5   5   5   5   5   5  0.09 0.08
  360 Y     1  -1  -1  -2   1  -1  -1  -1   1   0  -1  -2   1   0  -1  -2  -1   3   3   3   14   4   3   3   2   3   3   4   3   5   6   3   4   4   3   3   3   3   9  16  0.19 0.16
  361 K     1   2   1   2  -6   1   1  -1   1  -2  -3   1   1  -1  -1   0  -1   2  -1  -1   10   9   5  10   0   6   8   4   3   3   3   7   3   3   3   6   4   2   3   4  0.11 0.14
  362 N     1   2   1   2  -4   2   0  -2   0  -2  -2   0  -1  -1  -2   0   1   1   0  -2   11  12   6  12   0   8   6   3   2   2   3   6   2   2   2   5   8   2   3   3  0.15 0.20
  363 W     0  -3  -3  -4  -1   0  -4  -4  -1  -1   1  -4   3   2  -4  -3  -2   7   5  -3    9   2   1   1   2   4   2   2   2   3  12   2   6   8   1   3   3  15  19   2  0.82 0.53
  364 C    -1   2  -2  -3   9   0  -2  -4  -1  -1  -2  -1  -1  -2  -3  -2  -2   2  -1  -3    5   9   2   2  36   4   3   2   2   4   4   5   2   2   2   3   3   3   3   3  1.11 0.64
  365 D     3   0   0   1   1   0   0  -1   0  -3  -1   0  -1  -2  -2   1  -1  -7  -2  -3   25   6   4   6   3   4   6   6   2   2   6   6   2   2   2   9   4   0   2   2  0.23 0.22
  366 W     2   2   2  -1  -1   0  -2   0   2  -2  -1   0   1  -1  -2  -1  -2   2  -1  -2   16  11   9   3   2   5   3   7   4   2   7   6   3   2   2   5   2   2   3   3  0.13 0.17
  367 G    -2  -3   0  -3  -9  -2  -3   7   0  -4  -5  -3  -1  -3  -1  -3  -3  -9  -2  -4    4   2   4   2   0   2   2  61   2   2   2   2   1   2   4   2   2   0   2   2  1.37 0.79
  368 I     3   0   0  -1  -1  -1  -2   0   2  -1  -2  -2  -1  -2  -1   0   1  -1  -2   1   25   5   5   4   2   3   3   8   4   4   4   3   1   2   3   6   9   1   1  10  0.24 0.21
  369 D     1  -1   3   3  -2   2   0  -1  -1  -3  -4   0  -2  -6   1   0   1  -1  -3  -2   10   4  11  17   1   7   7   5   2   2   2   5   1   0   7   7   7   1   1   3  0.33 0.27
  370 S    -1   1   0   1  -1   0  -1  -3   0   0  -2  -2   0  -2   1   2   1  -1  -2   2    6   6   4   7   1   5   4   2   3   5   5   3   2   2   8  14   8   1   1  12  0.14 0.15
  371 F    -3  -1  -4  -4  -2  -2  -4  -6  -2   3   1  -5  -1  -1  -3  -4   0  -2  -2   6    3   3   1   1   1   2   2   1   1  15  14   1   1   3   2   2   5   1   1  40  0.90 0.51
  372 E    -1   0   0   0   2   0  -1  -1   2   0  -1   0   2   0   0  -1   0   3   1  -1    5   5   5   5   5   5   5   5   5   5   5   5   5   5   5   5   5   5   5   5  0.03 0.09
  373 F    -1   0  -1  -2   1  -1  -2  -3   1   0   0  -1   1   3   0  -2  -1   4   5   0    5   5   3   3   3   3   3   3   3   5  10   4   3  10   5   4   4   5  15   6  0.29 0.22
  374 A    -1   1  -1   0   0   0   0  -3   4   0  -1  -1   0  -1  -1   0   1   2   0   1    5   8   3   4   2   5   5   2   9   5   7   4   2   2   4   6   8   2   3  10  0.13 0.12
  375 E    -2   3   0   0  -1   0   0  -3  -1  -1   0  -1  -1  -2   0  -2   2   0   0   1    3  15   5   5   1   4   7   3   2   4   9   3   2   2   6   4  12   2   4   9  0.16 0.17
  376 D    -3  -2   1   3  -1   0   0  -1   0   0  -1  -2   0   0  -1  -1  -1   1   5   0    2   2   6  14   1   4   5   5   2   5   6   3   2   4   3   5   3   2  19   7  0.35 0.28
  377 S     0  -1  -2   0  -1  -1   0   0   1  -1  -1  -2  -1  -3   5  -1   0   0   0  -1    9   4   2   5   1   3   6   8   3   3   6   3   2   1  23   4   6   1   4   4  0.27 0.27
  378 L     0  -3   0   0  -2  -2  -2   3  -2  -1   1  -3  -1   1   1  -1   0  -1  -2   0    7   2   4   6   1   2   3  23   1   4  12   2   1   5   7   5   6   1   1   7  0.20 0.18
  379 N    -1   0   0   0   2   0  -1  -1   2   0  -1   0   2   0   0  -1   0   3   1  -1    5   5   5   5   5   5   5   5   5   5   5   5   5   5   5   5   5   5   5   5  0.03 0.09
  380 G    -2  -2   2   3   1  -1   1   2   0  -2  -3  -2   0  -1  -2  -1   0   2  -1  -2    3   3   8  17   2   3   9  13   3   2   3   3   2   2   3   6   6   2   2   3  0.22 0.25
  381 H    -4  -2  -2  -3  -9  -2  -3  -3  10  -3  -4  -3   0  -2  -2  -3  -3  -9  -8  -2    2   2   2   2   0   2   2   2  63   2   2   2   2   2   2   2   2   0   0   4  2.45 1.19
  382 L    -1  -2  -1  -2  -1  -1  -2   0  -1   0   2  -3   3   2  -2   0  -1   0  -1   1    6   3   4   3   1   3   2   8   2   6  18   1   6   7   2   8   4   1   2   9  0.11 0.12
  383 T     0  -2   0   0  -1  -1  -1   2  -2  -2   1  -3  -2  -2   0   1   2   0  -2  -1    8   2   4   5   1   3   5  13   1   3  13   1   1   2   5  10  13   1   1   4  0.11 0.18
  384 E     2  -4  -1  -2   0  -2   0   0  -3  -1   1  -4  -1  -3   2   0   3  -1  -2   0   17   1   4   2   2   2   6   7   1   3  11   1   1   1  10   6  16   1   1   7  0.25 0.25
  385 I     3  -3  -2   0  -1   0  -1  -1   2   1   0  -4   3   0   0  -2  -3   0   1   1   20   2   2   6   1   5   5   4   4   6  11   1   6   4   5   3   2   1   4   9  0.19 0.17
  386 V     0  -1  -1   0  -2  -1  -2  -2  -1   1   1  -2   1   2   1  -2  -1   0   1   2    8   3   3   5   1   3   3   4   1   9  13   2   3   8   8   3   4   1   5  12  0.14 0.12
  387 V     2  -1   0  -1  -2   0  -2  -1  -2   0   1  -3  -1  -2   0  -1   1   1   0   2   17   3   4   4   1   4   3   5   1   5  12   2   2   2   6   4   9   2   3  13  0.14 0.15
  388 G     2  -3  -1   2  -3  -4  -3   4   2  -5  -6  -4  -2  -1  -4   3  -2   3  -1  -4   15   2   3  10   1   1   2  25   4   1   1   1   1   2   1  19   3   4   2   2  0.66 0.48
  389 A    -1   0   0   0   2   0   0  -1   2   0  -1   0   2   1   0  -1   0   4   1  -1    5   5   5   5   5   5   5   5   5   5   5   5   5   5   5   5   5   5   5   5  0.09 0.08
  390 P     1  -1  -1   0   1   0  -1   0   1  -1  -2  -1   0  -1   4  -1  -1   2  -1  -1   10   4   3   6   2   4   5   7   3   3   5   3   3   3  19   5   4   2   3   4  0.18 0.21
  391 A     1   1   0   3  -6   1   1  -1   0  -1  -2  -1   1  -1   0  -1  -1   1  -1  -2   10   7   4  17   0   5   8   6   2   4   4   4   3   2   5   4   4   2   2   3  0.14 0.18
  392 A     4  -4  -3  -3  -1  -2  -4  -1  -2  -1  -2  -4   0  -2  -4   0   0   5   0   1   34   1   2   2   1   2   2   5   1   3   5   1   2   2   1   8   6   6   3   9  0.52 0.43
  393 I    -1  -3  -3  -4  -2  -2  -4  -4  -1   2   3  -3   4   2  -4  -3   0   1   0   2    5   2   1   1   1   2   2   2   1  10  27   2  10   8   1   2   5   2   3  13  0.52 0.33
  394 T     2   1   1   3  -2   1   0  -1  -1  -3  -3  -1  -2  -4   1   0   0  -1  -3  -3   16   8   6  14   1   7   5   6   1   2   4   4   1   1   7   7   6   1   1   2  0.25 0.25
  395 W    -6  -5 -11  -5  -2  -4  -6 -11  -2  -5  -6  -5 -10   5 -11  -6  -5  12   2  -6    1   1   0   1   1   1   1   0   1   1   1   1   0  22   0   1   1  59   6   1  3.39 1.62
  396 L    -3  -9  -4 -10  -9  -9  -9  -6  -2   4   5  -9   4   1  -9  -5  -1  -1  -3   2    3   0   1   0   0   0   0   1   1  19  42   0   8   5   0   1   4   1   1  11  1.24 0.64
  397 D     2   2   0   2  -7   0   1  -1  -1  -2  -2   1  -1  -3  -5   0   1  -1  -1  -2   16   9   5  12   0   5  10   4   1   3   5   8   2   1   1   6   7   1   2   3  0.23 0.21
  398 A     2   0   0   6  -9   2   1  -1  -2  -6  -6  -1  -4  -5  -6  -1  -3  -2  -5  -9   15   5   4  37   0   7   9   6   1   1   1   4   1   1   1   6   2   1   1   0  0.93 0.59
  399 R    -1   7  -5  -6  -4  -1  -5  -5  -1   0  -1  -4  -1  -3  -6  -6  -4  -2  -3   1    6  55   1   1   1   3   1   1   2   5   7   1   2   1   1   1   1   1   1   9  1.51 0.81
  400 F    -6  -5 -11  -7 -10  -6  -7  -7  -2  -1   3  -7   3   8  -7  -6  -6  -2  -3  -3    1   1   0   1   0   1   1   1   1   3  27   1   5  51   0   1   1   1   1   2  1.95 0.96
  401 D     4   1   3   3  -7  -1   1  -2   0  -5  -4  -1  -4  -5  -5   0  -1  -8  -1  -5   32   7  13  13   0   2   8   3   2   0   2   4   1   1   1   6   3   0   2   1  0.61 0.46
  402 G    -4   0  -1   1  -9  -4  -4   7  -1 -10  -7  -5  -9  -9  -6  -3  -5  -3  -9  -7    1   4   3   7   0   1   2  73   1   0   1   1   0   0   1   3   1   0   0   1  1.94 1.00
  403 Q    -1   3  -1  -1  -5   2   1  -3  -1  -1  -1   3  -2  -4  -2  -2   0  -2  -3   1    5  14   3   3   0   8   9   2   1   4   7  16   1   1   2   3   7   1   1  12  0.23 0.25
  404 P     1  -2  -3  -2  -4  -1  -1  -3  -2  -5  -4  -1  -4  -4   7  -1   0  -3   0  -3   11   2   1   2   0   3   4   2   1   1   2   4   1   1  47   5   5   1   4   2  1.11 0.71
  405 V     4  -3  -3  -4  -4  -1  -3  -4  -2   0  -2  -3   0  -2   3  -2   1  -2  -4   2   30   2   1   1   0   3   2   1   1   4   5   2   2   2  16   3   7   1   1  16  0.56 0.44
  406 V     1   0  -2   0  -4   1  -1  -2   0  -2  -3  -1  -3  -5   5   0   2  -3  -3   0   10   5   2   5   0   6   3   4   2   2   2   4   1   0  26   6  14   0   1   7  0.48 0.41
  407 E    -1  -1   3   1  -3   0   0   1  -1  -5  -5  -1  -4  -5   1   3   1  -7  -4  -3    5   3  12   8   1   3   7  11   1   0   1   4   0   0   8  24   8   0   0   2  0.43 0.39
  408 G    -2  -3   4   1  -3  -2  -1   4   0  -4  -6  -2  -6  -5  -5   0   2  -7  -5  -4    4   2  20   6   1   2   4  33   2   1   1   3   0   0   1   8  11   0   0   1  0.77 0.53
  409 C    -5  -6  -9  -7  12  -9  -7  -5  -6  -5  -5  -7  -5  -6  -4  -5  -5  -9  -4  -6    1   1   0   0  88   0   0   1   0   1   1   1   0   0   1   1   1   0   1   0  4.12 1.70
  410 K    -1   1  -2  -1  -5   1  -2   2  -1  -2  -3   0  -3  -4  -1   3   3   0  -4   0    5   7   2   3   0   7   1  15   2   2   3   5   0   1   4  18  17   1   0   7  0.32 0.32
  411 K    -2   4   1  -3  -6   1   0  -3   2   0  -4   1  -1   0  -3   0   4  -1  -3  -1    2  20   5   1   0   5   5   2   5   5   0   8   1   4   1   7  22   1   1   4  0.43 0.37
  412 T    -2   2   0  -1  -3   0   1  -3   0   0  -2   1  -2  -2  -1   1   4  -5  -3   0    3  11   4   4   0   5   8   2   2   6   4   7   1   2   3  10  24   0   1   5  0.27 0.28
  413 T    -1  -2   2   1  -2  -1   0  -3  -1  -2  -3   0  -3  -5   1   1   5  -4  -3   1    5   2   8   8   1   2   5   2   1   2   2   6   1   0   6   8  32   0   1  10  0.46 0.39
  414 R    -1   3  -3  -2  -5  -1   0  -4  -1   0  -2  -1  -1  -4   0  -2   0   5  -2   4    5  14   1   3   0   3   5   1   2   4   2   3   2   0   5   3   5   9   1  32  0.52 0.40
  415 I    -1  -3  -2  -2  -3  -3  -2   0  -3   1   1  -3  -2   0   3   0   2   0  -1   1    5   1   2   2   0   1   2   9   1   7  16   1   1   5  16   8  12   1   2   9  0.24 0.23
  416 T    -2  -3   3   0  -5  -1  -3  -1  -3  -2  -2  -3  -2  -2  -3   4   4  -1  -4   1    2   1  11   5   0   3   1   4   0   2   5   1   1   2   1  26  24   1   1   8  0.53 0.45
  417 N     0  -3   4   0  -3  -3  -3  -1  -2  -2  -1  -3   2  -3   2   3   1  -3  -3  -1    8   1  19   4   1   1   1   5   1   3   5   1   5   1  10  22   8   0   1   5  0.39 0.36
  418 F     0  -2  -3  -3  -3  -3  -3  -4  -4   2   4  -3  -1   3  -3  -1  -1  -2  -1   1   10   2   1   2   0   1   1   1   0   9  37   2   1  12   2   5   4   0   1   8  0.47 0.33
  419 S     1  -3   1   0  -4  -2  -2  -2  -4  -1   3  -3  -1   0  -1   0   2   0  -3  -2   11   1   7   5   0   2   3   3   0   3  32   1   1   4   3   7  13   1   0   1  0.30 0.30
  420 Y    -2  -2   3   5  -5  -2   0  -2  -2  -3  -2  -2  -3  -1  -1   1   0   0   3  -2    3   2  13  27   0   2   5   3   1   1   3   2   1   2   3  10   7   1  11   4  0.49 0.37
  421 P    -1  -2  -3  -2  -7  -1  -3  -4  -3  -4  -3  -4  -3  -2   7   0  -2  -4  -5  -3    5   3   1   3   0   4   2   2   1   1   4   1   1   2  60   6   2   0   1   2  1.53 0.84
  422 N     1   1   2   1  -4  -1   0   3  -2  -2  -2   0  -1  -3  -2   1   0  -2  -3  -2   14   9  10   9   0   3   4  19   1   3   4   5   2   1   2   9   5   0   1   2  0.22 0.21
  423 I     4  -3  -2  -3  -2  -3  -3  -1  -4   0   1  -3  -1   0  -2   0   2  -1  -1   1   31   1   2   1   1   1   1   3   0   6  11   1   1   5   2   6  15   1   2  11  0.38 0.33
  424 S     0  -2  -1   0  -4  -1  -2   1  -2   0   2  -2   0   0  -1   0  -1   3   1  -1    8   2   2   5   0   3   2  11   1   6  25   1   1   3   3   9   4   5   5   4  0.15 0.18
  425 D     1   1  -1   1  -3   1   1   1  -1  -1  -1   0  -2  -3   1   0   0   0  -2   0   13   8   3   7   0   5   7  11   1   3   7   6   0   1   8   7   5   1   1   6  0.09 0.11
  426 S     2  -1  -1  -3  -2   0  -1   1  -1   0   0  -2   0   0  -2   1   1   0  -2   1   16   4   2   0   0   4   5  12   1   4   8   1   3   4   2  11  10   1   1  11  0.12 0.16
  427 T    -2  -3  -2  -4  -5  -2  -3  -3  -1   1   3  -4   3   4  -3  -3   0   1   2   0    4   1   2   1   0   2   2   2   1   7  31   1   7  14   1   2   7   2   7   6  0.46 0.33
  428 R     0   1  -2  -3  -3  -2   0   2  -2  -1   1   0  -2  -1   2   0  -1  -1  -1   0    9   8   1   1   0   1   6  19   1   3  13   5   1   2  12   6   3   1   2   6  0.17 0.19
  429 N     0   1   2   2  -5   2   2  -1  -1  -2  -2   1  -2  -4   1   1   0  -5  -4  -2    6   8  10  10   0   9  14   4   1   3   4   8   1   0   6   9   4   0   0   2  0.24 0.24
  430 F    -1  -2  -2  -1  -3  -2  -1  -2   0   2   1  -2   1   3  -1  -1   1   0   3   1    6   2   2   3   0   1   4   3   2  12  14   1   4  12   3   3   9   1   9   8  0.17 0.17
  431 F     0  -4  -2  -6  -5  -2  -4  -1  -5   3   3  -5   0   3  -3  -3  -3   1   0   2    9   1   2   0   0   2   1   5   0  13  30   0   2  13   2   1   1   2   4  13  0.52 0.35
  432 K     0   0  -1  -1  -3   0   0   1  -2   0   1   0  -1  -1  -1   0   0   2  -2   1   10   5   3   3   0   5   5  12   0   6  13   6   1   2   2   6   4   3   1  12  0.05 0.09
  433 G     1  -2   2   2  -5   1  -1   2  -3   0  -3  -1  -3  -3  -2   0   2  -5  -3  -2   14   1   9  11   0   6   4  18   0   5   2   4   0   1   1   6  12   0   1   3  0.28 0.26
  434 I     3  -4  -2  -3  -3   0  -2  -3  -1   2   2  -2   0  -1  -2  -1   1  -1  -1   1   25   0   2   2   0   4   3   1   2  10  18   2   2   2   2   3   9   1   2  11  0.29 0.27
  435 L     1  -5  -7  -7  -5  -6  -6  -3  -6   3   5  -5   0   2  -4  -4  -3  -1  -1   1   10   0   0   0   0   0   0   2   0  14  47   1   2   7   1   1   2   1   2   9  0.88 0.51
  436 D     1   2   0   2  -4   1   0  -1  -2  -2   1   2  -2  -2  -2  -1  -1  -1  -2  -2   11  12   5  12   0   6   4   5   0   2  13  12   1   2   2   4   3   1   1   3  0.16 0.19
  437 S     2  -2   0   1  -4  -1  -2   1  -2  -1  -1  -1   0  -3  -2   2   1  -3  -2   2   20   2   5   7   0   2   1  10   1   3   5   3   3   1   2  13   8   0   1  14  0.19 0.21
  438 L     0  -4  -7  -7  -5  -3  -7  -7  -4   3   5  -6   2   1  -4  -5  -3   0  -4   2    7   1   0   0   0   1   0   0   0  16  48   0   4   5   1   1   2   1   0  12  0.99 0.55
  439 T     0  -4  -2  -6  -5  -3  -5  -4  -4   0   4  -4   1   3  -5  -2   1  -3  -3   1    8   1   2   0   0   1   0   1   0   5  43   1   2  13   0   3   9   0   0   9  0.69 0.44
  440 A     1  -4  -2  -4  -7  -1  -3   7  -2  -5  -6  -4  -7  -6  -7   0  -4  -4  -4  -6   11   1   2   1   0   3   2  67   1   1   1   1   0   0   0   7   1   0   1   0  1.54 0.79
  441 S     1   3  -2  -1  -4   2  -1   1  -2  -2  -1   3   0  -1  -3   0  -1   0  -2   0   10  16   1   4   0   8   3   9   1   2   5  19   2   3   1   5   3   1   1   7  0.22 0.23
  442 Q    -1   2   0  -1  -6   2   0  -1  -2  -4  -5   1  -2  -3   6  -2  -2  -6  -3  -5    4  10   5   4   0   9   7   5   1   1   1   9   1   1  37   2   3   0   1   1  0.80 0.52
  443 L    -4  -5  -6  -6  -5  -6  -7  -7  -7   5   4  -5   0  -1  -5  -5  -3  -6  -5   4    1   0   0   0   0   0   0   0   0  33  32   0   2   3   0   1   1   0   0  25  1.23 0.62
  444 G    -3  -5  -5  -6  -7  -5  -7   8  -7  -8  -6  -5  -7  -4  -7  -5  -5  -7  -7  -8    1   1   0   0   0   1   0  93   0   0   1   0   0   1   0   0   1   0   0   0  2.60 1.08
  445 P     1  -2  -2  -2  -6  -2   1  -3  -5  -6  -5  -2  -3  -7   7  -2  -1  -2  -3  -5   10   2   2   2   0   2   8   2   0   0   1   2   1   0  59   2   4   1   1   1  1.51 0.74
  446 G     1  -1   0   3  -4  -3  -2   4  -3  -2  -2  -1  -2  -3  -3   0  -1   3  -4  -4   10   4   5  19   0   0   2  32   0   3   4   4   1   1   1   6   3   5   0   1  0.47 0.30
  447 V     0  -2  -1   1  -2  -2  -2  -1  -1   2   1  -2   1  -1   0  -1   1   0  -1   1    5   2   3   9   0   1   1   5   2  18  17   1   3   1   4   4   9   1   2  11  0.09 0.10
  448 T     1   1   2  -1  -3   2  -1  -2   0   0  -2   2  -2  -3   0   0   1  -4  -3   0   11   7  12   1   0   9   3   2   2   6   3  12   0   0   5   6  10   0   0   9  0.15 0.15
  449 S     0   0   2   1  -3   1  -1   0  -2  -1  -3   1  -2  -3  -1   2   2  -4  -3  -1    8   5   9   8   0   8   2   5   0   3   1   9   1   0   2  22  14   0   0   4  0.23 0.19
  450 D     0   2   0   5  -4  -1   2  -1  -3  -2  -2  -1  -1  -3  -1   1  -2  -5  -4  -2    6  11   3  38   0   1  11   3   0   2   3   3   2   1   2   9   2   0   0   2  0.50 0.29
  451 N     0   1   3   1  -3   2  -1   0   0  -1  -3   2  -2  -4  -3   2   0  -4  -2  -2    7   8  15  10   0   9   1   5   2   5   1  12   0   0   0  17   5   0   1   2  0.25 0.19
  452 V    -1  -2  -1  -3  -3  -1  -2  -3  -3   3   2  -1   0   0   1   0   1  -3  -2   1    5   2   3   0   0   4   1   0   0  19  23   4   1   3   8   6  11   0   0   9  0.20 0.17
  453 T    -1  -2   1  -1  -3  -2  -1  -1   0   0   0  -1   0  -1  -1   1   3   5   1  -1    3   1   9   4   0   0   3   4   2   6   8   3   2   2   2  13  21   8   5   2  0.19 0.18
  454 L     0  -2  -3  -2  -3  -3  -1  -4  -4   3   3  -1   1  -2  -1  -1   0   1  -3   1    6   1   0   3   0   0   4   0   0  16  37   4   3   0   3   5   5   2   0  10  0.31 0.22
  455 S    -1   0   2   2  -4   0   0  -1  -1  -3  -3   0  -3  -4  -1   4   2  -5  -4  -3    3   4  10  13   0   3   6   3   1   1   2   4   0   0   2  34  14   0   0   0  0.43 0.29
  456 G    -1   1   1   2  -4  -2  -1   4  -3  -3  -3   2  -3  -5  -1  -1   1  -2  -4  -3    3   8   6  11   0   0   3  36   0   1   1  14   0   0   2   2  10   1   0   2  0.47 0.26
  457 L    -2  -2  -5  -5  -3  -4  -4  -5  -4   3   4  -1   2   0  -5  -4   0  -4  -2   2    1   2   0   0   0   0   0   0   0  15  52   4   4   4   0   0   7   0   1  11  0.66 0.32
  458 T     0   0   0  -1  -3   0   0  -3  -2  -1   0   2  -1   0  -3   0   2  -3  -2   0    9   3   3   3   0   3   3   0   0   3  11  20   0   6   0   4  21   0   0   9  0.16 0.16
  459 G     2  -1   2   1  -3  -1  -1   3  -2  -3  -4   3  -3  -4  -3   2  -1  -4  -3  -3   18   1   9   9   0   0   1  20   0   2   0  21   0   0   0  18   0   0   0   0  0.41 0.23
  460 F     0  -2  -3  -3  -2   0  -2  -2  -1   1   1  -2   1   1   1  -1   1   3   2   1    6   0   0   0   0   6   1   1   1  11  19   2   4   7   6   1  13   4   9   9  0.16 0.11
  461 M     0  -3  -1  -3  -2  -2  -3  -3  -3   3   2  -2   1   2  -3  -1  -1   0   1   1   11   0   4   0   0   0   0   0   0  23  26   2   3  10   0   4   0   1   4   9  0.24 0.13
  462 G     0  -1   1  -1  -3  -1   0   4   0  -2  -1   0  -1  -3  -2   0  -1  -3  -1  -1    5   2   9   0   0   0   8  42   2   0   7   6   2   0   0   7   3   0   2   4  0.35 0.14
  463 G     1   0   1   0  -3  -1   0   4  -2  -4  -4   1  -3  -3  -1   1  -2   5  -2  -3   11   5   7   5   0   0   4  36   0   0   0   9   0   0   2   9   0  10   0   0  0.45 0.15
  464 L    -2  -3  -4  -3  -2  -1  -1  -4  -3   3   2  -3   0   3  -4  -3  -2  -2   0   2    0   0   0   0   0   4   7   0   0  27  23   0   0  20   0   0   0   0   0  19  0.37 0.13
  465 S     0  -2  -1   0  -2  -1  -1  -2  -2   2   0  -2  -1  -1   1   4   0  -3  -2   0    0   0   0   6   0   0   0   0   0  18   6   0   0   2   5  59   0   0   0   4  0.33 0.13
  466 K     0   2   0   0  -3   1   0   1  -1  -3  -3   3  -2  -3  -2   2   1  -3  -3  -3    2  13   0   3   0   3   4  14   0   0   0  34   0   0   0  18  10   0   0   0  0.33 0.08
  467 F    -3  -3  -3  -4  -3  -1  -3  -4  -2   0   2  -2   0   6  -4  -2  -2   0   2  -1    0   0   0   0   0   4   0   0   0   5  19   3   0  61   0   3   0   0   5   0  0.70 0.15
  468 K    -1  -2  -3  -3  -2  -2  -2  -4  -3   2   3   0   1  -1  -3  -1  -1  -3  -2   2    0   0   0   0   0   0   0   0   0   9  50  11   0   0   0   6   0   0   0  24  0.31 0.08
  469 K    -1   0   2   0  -3   1   1   1  -1   0  -2   2  -1  -3  -2   0   1  -3  -2  -1    0   0  13   0   0   8  14  15   0  13   0  21   0   0   0   0  15   0   0   0  0.17 0.02
  470 S     1   2   0  -1  -2   0   0  -1  -1  -3  -3   3  -2  -3  -1   3   0  -3  -2  -2   17   7   0   0   0   0   0   0   0   0   0  40   0   0   0  36   0   0   0   0  0.34 0.04
  471 V    -1  -3  -3  -4  -1  -3  -3  -4  -4   4   1  -3   1  -1  -3  -2  -1  -3  -2   4    0   0   0   0   0   0   0   0   0  50   0   0   0   0   0   0   0   0   0  50  0.42 0.03

                      K         Lambda
Standard Ungapped    0.1372     0.3186
Standard Gapped      0.0411     0.2670
PSI Ungapped         0.1344     0.3174
PSI Gapped           0.0411     0.2670
