
Last position-specific scoring matrix computed, weighted observed percentages rounded down, information per position, and relative weight of gapless real matches to pseudocounts
            A   R   N   D   C   Q   E   G   H   I   L   K   M   F   P   S   T   W   Y   V   A   R   N   D   C   Q   E   G   H   I   L   K   M   F   P   S   T   W   Y   V
    1 M    -1  -2  -3  -4  -2  -1  -3  -3  -2   1   2  -2   7   0  -3  -2  -1  -2  -1   0    0   0   0   0   0   0   0   0   0   0  17   0  83   0   0   0   0   0   0   0  0.61 0.08
    2 P    -1  -3  -3  -2   2  -2  -2  -3  -3  -3  -3  -2  -3  -4   8  -1  -2  -4  -4  -3    0   0   0   0   7   0   0   0   0   0   2   0   0   0  88   4   0   0   0   0  1.98 0.16
    3 P     0  -2  -2  -2   1   0  -1  -1   2  -2  -1  -1   0  -3   6   0  -1  -3  -2  -2    3   0   0   0   4   5   0   3  10   0   8   3   4   0  47  11   3   0   0   0  0.76 0.08
    4 L    -1  -3  -3  -3  -2  -2  -3  -3  -3   1   4  -2   1   0   2   0  -1  -3  -2   1    0   0   0   0   0   0   0   0   0   0  65   0   0   1  12  13   0   0   0   8  0.40 0.09
    5 W    -2   0  -4  -4   1  -2  -3  -2  -3  -1   1  -3  -1   0  -4  -3  -2  10   0   0    3   8   0   0   3   0   0   2   0   0  23   0   0   0   0   0   0  52   0   6  1.27 0.15
    6 V     2  -2  -1  -2  -1  -2  -2  -2  -2   1   2  -2   0   1  -2   0   0  -2  -1   1   30   0   3   0   0   0   0   0   0   4  38   0   0   6   0   5   8   0   0   5  0.17 0.06
    7 V     0  -3  -1  -3   1  -2  -3  -3  -3   1   4  -3   1  -1  -3  -2  -1   0  -2   2   10   0   4   0   3   0   0   0   0   2  64   0   0   0   0   0   0   1   0  14  0.37 0.09
    8 L     1  -2  -3  -3  -2  -2  -3  -3  -3   1   3  -2   1   0  -3  -2   0   6   0   0   14   0   0   0   0   0   0   0   0   4  47   0   2   0   0   0   6  17   3   4  0.42 0.09
    9 A     3  -2   0  -2  -2  -1  -1  -1   1  -2  -2   0  -2  -3   3   1  -1  -3  -2   0   51   0   5   0   0   0   0   0   4   0   0   4   0   0  16  12   0   0   0   7  0.40 0.09
   10 L    -1  -3  -4  -4  -2   0  -3  -4  -3   1   4  -3   1   0  -3  -2  -2   0   1   1    3   0   0   0   0   6   0   0   0   0  75   0   0   2   0   1   0   1   6   6  0.49 0.12
   11 G     0  -1   2  -1  -3  -1  -2   4  -2  -2  -2  -1  -2  -3   3   0   0  -3  -3  -1    2   3  13   0   0   2   0  41   0   0   5   0   0   0  15   8   5   0   0   6  0.42 0.07
   12 C    -1  -3  -1  -4   8  -3  -3  -1  -3  -2  -2  -2  -1  -1  -3   0   0   6  -2  -2    0   0   2   0  56   0   0   5   0   0   0   2   2   3   0   7   7  16   0   0  1.13 0.17
   13 L    -1  -2  -3  -4  -2  -2  -3  -4  -2   2   4  -3   3  -1   2  -2  -1  -3  -2   1    2   1   0   0   0   0   0   0   1   8  58   0  11   0  10   1   1   0   0   8  0.44 0.10
   14 R     0   3  -1  -2  -3   2   0  -1  -1  -3  -3   1  -1  -3   2   1   0   2  -2  -2    8  32   0   0   0  13   2   4   0   0   0   4   1   0  13  13   6   4   0   1  0.35 0.08
   15 L     1  -2  -2  -2   0  -1  -1  -2  -2   0   2  -2   0   1   3   0   0  -2  -1  -1   21   0   0   0   1   1   3   0   0   2  33   0   0   8  18   4   6   0   0   0  0.24 0.07
   16 G     0  -1  -1  -1   2  -1  -1   4  -1  -3  -2  -1  -2  -3   3   1   0  -3  -2  -2    2   2   1   0   6   2   1  39   2   0   4   2   0   0  15  16   7   0   0   1  0.40 0.07
   17 S    -1  -1  -1   0  -3   0   4  -2  -2  -2   0  -1  -1  -2  -2   1   0   4  -2  -1    0   0   0   2   0   0  46   2   0   0  15   0   1   0   0  17   6   6   0   4  0.36 0.12
   18 G     1   1   0  -2  -2   0  -1   1   3  -1   1   0  -1  -2  -2   1  -1  -3  -1  -1   18  12   2   0   0   2   0  13  12   0  21   2   0   0   0  14   1   0   0   0  0.13 0.06
   19 V    -1  -3  -4  -4  -2  -3  -4  -4  -4   4   2  -3   1  -1  -3  -3  -1  -3  -2   3    3   0   0   0   0   0   0   0   0  49  14   0   2   0   0   0   0   0   0  31  0.57 0.13
   20 N    -1  -1   3   2  -3   0   2  -1   0  -3  -4  -1  -3  -4   4   2  -1  -4  -3  -3    3   2  22  12   0   3  14   1   2   0   0   0   0   0  22  19   1   0   0   0  0.50 0.10
   21 L    -3  -3  -4  -4  -3  -3  -3  -4   0   0   3  -3   0   2  -1  -3  -2   0   7  -1    0   0   0   0   0   0   0   0   0   3  35   0   0   2   4   0   0   0  56   0  0.85 0.19
   22 Q     0  -1  -1  -2  -2   3   0  -2  -2   1  -1   0   0  -2  -2  -1   2  -3  -2   2    6   0   0   0   0  23   4   2   0   7   0   6   2   0   0   0  24   0   0  26  0.23 0.10
   23 P    -2  -3  -1  -3  -4  -3  -2  -3  -3  -4  -4  -2  -4  -5   8  -2  -2  -5  -4  -4    0   0   4   0   0   0   0   0   0   0   0   0   0   0  96   0   0   0   0   0  2.45 0.29
   24 Q    -2   1  -1  -2  -4   7   0  -3  -1  -3  -3   0  -2  -3  -3  -1  -2  -2   2  -2    0   7   0   0   0  76   0   0   0   0   0   1   0   0   0   1   0   0  11   3  1.00 0.23
   25 L    -2  -3  -3  -4  -2  -3  -3  -4  -3   3   4  -3   2  -1  -3  -2   1  -3  -2   1    0   0   0   0   0   0   0   0   0  25  57   0   5   0   0   0  10   0   0   3  0.52 0.13
   26 A     3  -2  -1  -2  -2  -1  -1  -1  -2  -2  -2  -1  -2  -3   2   3   2   0  -2  -1   34   0   0   0   0   0   0   0   0   1   1   0   0   0  13  29  20   2   0   0  0.45 0.12
   27 S     2   0   1  -1  -2   1   0   0  -1  -3  -3   0  -2  -3  -1   4   0  -3  -3  -2   24   3   8   0   0   9   2   4   0   0   0   2   0   0   1  46   0   0   0   0  0.41 0.12
   28 V     1  -1  -2   0  -2  -2  -2  -3  -1   2   0  -1   0  -1   0  -2  -1   7  -1   2   15   3   0   8   0   0   0   0   2  16   6   2   3   0   5   0   0  19   0  21  0.33 0.09
   29 T     0  -2  -1   3  -2  -2  -1  -2  -3  -2  -3  -2  -2  -3   1   0   5  -4  -3  -2    4   0   0  19   0   0   0   0   0   0   0   0   0   0   5   2  69   0   0   0  0.72 0.19
   30 F     0  -2  -4  -4  -2  -3  -3  -4  -3   0   4  -3   1   4  -2  -2  -2  -1   0   0   11   3   0   0   0   0   0   0   0   0  54   0   2  30   1   0   0   0   0   0  0.49 0.13
   31 A     4  -2  -2  -1  -2  -1   3  -1  -2  -2  -2  -1  -2  -3  -2   0  -1   4  -2  -1   52   0   0   0   0   0  30   1   0   0   2   0   0   0   0   0   2   9   0   2  0.49 0.14
   32 T     0   0   0   0  -1   0   2  -1  -1  -1  -1   0   0  -1   0   0   3  -1  -1  -1    5   3   2   3   1   4  18   4   1   3   5   3   3   2   3   4  32   1   2   3  0.14 0.03
   33 N    -1  -3   4  -1  -4  -2  -2   6  -2  -5  -5  -2  -4  -4  -3   0  -2  -4  -4  -4    0   0  27   0   0   0   0  70   0   0   0   0   0   0   0   2   0   0   0   0  1.11 0.19
   34 N    -2   3   4  -1  -3   0  -1  -2  -1  -3  -3   4  -2  -4  -2   0   0  -4  -3  -3    0  22  30   0   0   0   0   0   0   0   2  37   0   0   0   3   6   0   0   0  0.56 0.14
   35 P    -1  -2  -3  -3  -2  -3  -3  -4  -3   1   2  -3   0  -2   5  -2  -1  -3  -2   3    0   1   0   0   0   0   0   0   0   7  27   0   0   0  30   0   0   0   0  36  0.61 0.13
   36 T    -1  -2  -1  -2  -2  -2  -2  -3  -3  -2  -3  -2  -2  -4  -2   0   7  -4  -3  -1    0   0   0   0   0   0   0   0   0   0   0   0   0   0   0   0 100   0   0   0  1.27 0.27
   37 L     2  -1  -2  -2  -2   3  -1  -2  -2  -1   2  -1   0  -2  -2   0  -1  -3  -2  -1   32   0   0   0   0  28   0   0   0   0  33   0   0   0   0   6   1   0   0   0  0.31 0.13
   38 T     0  -2  -1  -2  -2  -1  -2  -2  -2  -2  -3  -1  -2  -3   0   3   5  -4  -3  -2    2   0   0   0   0   0   0   0   0   0   0   0   0   0   3  35  61   0   0   0  0.75 0.19
   39 T    -1  -2  -1  -2  -2  -2  -2  -3  -3  -2  -3  -2  -2  -4  -2   0   7  -4  -3  -1    0   0   0   0   0   0   0   0   0   0   0   0   0   0   0   0 100   0   0   0  1.27 0.27
   40 V    -3  -4  -4  -4  -3  -4  -4  -4  -3   1   0  -4  -1   7  -4  -3  -2  -1   1   2    0   0   0   0   0   0   0   0   0   4   1   0   0  68   0   1   0   0   0  25  0.96 0.20
   41 A     2  -2  -1  -2  -2  -1  -1  -1  -2  -2  -2  -1  -2  -3  -2   3   4  -3  -3  -1   26   0   0   0   0   0   0   0   0   0   0   0   0   0   0  32  42   0   0   0  0.57 0.16
   42 L    -3  -2  -4  -5  -2  -3  -4  -5  -4   1   5  -3   1  -1  -4  -4  -2  -3  -2   0    0   2   0   0   0   0   0   0   0   0  98   0   0   0   0   0   0   0   0   0  0.96 0.20
   43 E    -1  -1  -1   2  -5   1   6  -3  -1  -4  -4   0  -3  -4  -2  -1  -2  -4  -3  -4    2   0   0  11   0   2  86   0   0   0   0   0   0   0   0   0   0   0   0   0  1.17 0.22
   44 K    -2   0  -1  -2  -4   6   1  -3  -1  -4  -3   4  -2  -4  -2  -1  -2  -3  -3  -3    0   0   0   0   0  70   0   0   0   0   0  30   0   0   0   0   0   0   0   0  1.11 0.24
   45 P    -2  -4  -3  -3  -4  -3  -3  -4  -4  -4  -3  -2  -4  -5   8  -2  -2  -5  -4  -4    0   0   0   0   0   0   0   0   0   0   2   0   0   0  98   0   0   0   0   0  2.53 0.29
   46 L    -2   5  -1  -3  -3   0  -2  -2  -2  -1   2   0   0   1  -3  -2  -2  -3  -2  -1    0  48   3   0   0   3   0   2   0   2  33   0   0   6   0   0   1   0   0   0  0.43 0.14
   47 C    -1  -4  -3  -2   9  -4  -4   4  -4  -3  -3  -4  -3  -4  -4  -2  -2  -4  -4  -3    0   0   0   3  64   0   0  33   0   0   0   0   0   0   0   0   0   0   0   0  1.51 0.24
   48 M    -2  -1  -3  -3  -3   4  -2  -4  -2   1   0  -2   6  -2  -3  -2  -2  -3  -2   3    0   2   0   0   0  26   0   0   0   6   4   0  31   0   0   0   0   0   0  31  0.58 0.22
   49 F    -4  -4  -5  -5  -4  -5  -5  -5  -3  -1   2  -5  -1   8  -5  -4  -4  -1   1  -2    0   0   0   0   0   0   0   0   0   0  16   0   0  84   0   0   0   0   0   0  1.55 0.32
   50 D    -2  -2   2   5  -3  -1   1  -1   2  -3  -3  -1  -3  -3  -2   1   0  -3  -2  -3    1   1  11  54   0   1   4   2   5   1   2   1   0   1   1   9   3   0   1   1  0.66 0.15
   51 S     1  -1  -1  -1  -2  -1   0   3  -2  -3  -3  -1  -3  -3  -2   4   0  -3  -3  -3    8   2   0   0   0   1   6  23   0   0   1   2   0   0   0  54   0   0   0   0  0.55 0.20
   52 S     0   1   0  -2  -3   2  -1  -2   6  -3  -1  -1  -2  -3  -1   2   0  -3  -1  -3    5   7   3   0   0  13   0   0  30   0   6   1   0   0   2  27   3   0   0   0  0.48 0.19
   53 A     3  -2   0  -1  -2  -1   1   0  -1  -2   0  -1  -1  -2   2   0  -1  -3  -2  -1   44   1   6   0   0   0  14   5   1   0  11   0   0   1   9   2   2   0   0   2  0.26 0.14
   54 A     2  -1   3  -1  -2  -1  -1   0  -2  -2   1  -1  -1  -2   1   1   0  -3  -1  -1   20   2  24   1   0   0   0   6   0   0  17   1   0   0   6  16   3   0   2   1  0.21 0.12
   55 L     1  -3  -2  -3  -2  -1  -2  -1  -3   3   2  -2   0  -1  -2   1   0  -3  -2   2   13   0   0   0   0   3   0   3   0  23  26   0   0   0   1  13   4   0   0  13  0.21 0.11
   56 H     1  -1   2   0  -2   2   0  -1   1  -2  -3  -1  -2  -3  -2   3   1  -3  -1  -1   16   0  10   3   0  15   2   3   3   0   0   1   0   0   0  31   8   0   2   5  0.29 0.14
   57 G    -1  -3   0   6  -4  -2  -1   3  -3  -3  -2  -2  -3  -4  -3   0  -2  -4  -4  -1    2   0   1  55   0   0   0  24   0   0   3   0   0   0   0   8   0   0   0   6  0.77 0.23
   58 T    -1  -2  -1  -2  -2  -2  -2  -3  -2  -1   0  -1   0   1   1   1   4  -1   0   1    0   1   2   0   0   0   0   0   0   1   8   3   3   8   6  13  41   1   2  12  0.29 0.15
   59 Y     1  -2  -1   4  -2  -1   0  -2   2  -2  -2  -1  -2   0  -2   0  -1  -1   4  -2   13   1   1  35   0   1   1   2   6   1   2   1   0   2   1   5   1   0  24   1  0.44 0.14
   60 E     2  -1  -1   0  -2   1   3  -1  -1  -1  -2  -1  -2  -3   0   0   1  -2  -2  -1   27   2   1   3   0   6  30   1   0   4   2   1   0   1   5   4  12   0   1   1  0.28 0.11
   61 V    -2  -4  -4  -5  -2  -4  -4  -5  -4   5   1  -4   0  -2  -4  -3  -2  -4  -2   4    0   0   0   0   0   0   0   0   0  50  11   0   0   0   0   0   0   0   0  39  0.84 0.25
   62 Y    -4  -4   0  -5   0  -4  -4  -5   0  -4  -4  -4  -3   0  -5  -4  -4  11   5  -4    0   0   5   0   3   0   0   0   1   0   0   0   0   0   0   0   0  64  27   0  2.54 0.46
   63 L    -3  -4  -5  -5  -3  -4  -4  -5  -4   0   5  -4   1  -1  -4  -4  -2  -3  -3   2    0   0   0   0   0   0   0   0   0   0  89   0   0   0   0   0   0   0   0  11  1.05 0.30
   64 Y    -2  -4  -4  -4  -3  -3  -4   1  -2   0  -1  -3  -1   0  -4  -3  -2  -1   5   4    0   0   0   0   0   0   0  11   0   0   3   0   0   0   0   0   0   0  34  52  0.76 0.28
   65 V    -1  -4  -4  -4  -2  -3  -4  -3   3   1   0  -3  -1  -2  -4  -3  -2  -4  -2   6    2   0   0   0   0   0   0   2  11   0   6   0   0   0   0   0   0   0   0  79  0.88 0.30
   66 L     4  -3  -3  -4  -2  -2  -3  -2  -3  -1   2  -2   3  -2  -3  -1  -1  -3  -3   1   53   0   0   0   0   0   0   0   0   0  24   0  10   0   0   0   2   0   0  11  0.48 0.21
   67 V    -1  -1  -1  -3  -3   2  -1  -3   4  -1   0  -2   1   4  -3  -2  -2  -2   1   2    3   3   2   0   0  11   4   0  17   0   6   0   3  25   0   0   0   0   4  23  0.33 0.16
   68 D     1  -2   2   3  -2  -1   1   1  -1  -3  -3  -1  -2  -3  -2   3   0  -4  -3  -2   15   0  11  18   0   0   9   8   0   0   0   0   0   0   0  39   0   0   0   0  0.40 0.13
   69 S     0   0   3   1  -2  -1  -1  -2   2  -2   0  -1  -2  -2  -2   2  -1   5  -1  -2    6   6  24   6   0   0   0   0   6   0  11   0   0   0   0  29   0  10   0   0  0.32 0.12
   70 A     1  -2  -2  -2  -1  -2  -2   1  -2   0   0  -2   0  -2   3   0   1  -3  -2   1   14   0   0   0   0   0   0  14   0   0  14   0   0   0  14   0  14   0   0  14  0.12 0.06
   71 S     0  -2  -1   1  -2  -1  -1   0  -2  -1  -2  -1   0  -3   0   3   3  -3  -3  -2    6   0   0   7   0   0   0   6   0   3   1   0   3   0   4  35  23   0   0   0  0.28 0.23
   72 F     0   3  -1  -1  -2   2   0  -2  -1  -2  -2   0  -2   0   2   1   0  -3  -2  -1    7  24   0   2   0  12   2   1   0   0   3   3   0   6   9  12   4   0   0   4  0.17 0.15
   73 R    -1   3   2   1  -3  -1  -1   0   2  -3  -3   0  -2  -2  -2   1  -1  -2   2  -2    3  25  10  11   0   0   0   5   7   0   1   3   0   0   0  11   0   0   9   3  0.20 0.17
   74 N    -2  -2   3  -2  -3   1  -2  -2  -1  -2  -2  -2  -2   5  -3   0  -2  -1   1  -2    1   1  19   1   0   8   1   1   0   1   1   1   0  39   1  10   1   0   4   1  0.42 0.25
   75 A     3   0  -1  -2  -2   2   0   0   0  -1  -2   0  -1  -2  -2   0   1  -2  -2  -1   33   3   1   1   0  16   2   6   2   2   1   2   0   0   1   4  10   0   0   4  0.15 0.16
   76 S     2  -2   3  -1  -2  -1  -1  -1  -2  -2  -2  -1  -2  -3   1   2   0  -3  -2   0   26   0  22   0   0   0   0   0   0   0   1   2   0   0   6  22   0   0   0  10  0.25 0.17
   77 V    -2   0  -3  -3  -3  -2  -2  -3  -3   0  -2  -2  -2  -3   6  -2  -2  -4  -3   2    1   5   0   0   0   0   0   0   0   5   1   0   0   0  50   0   0   0   0  26  0.95 0.28
   78 Q    -2   2  -1  -2  -3   5   1  -3  -1  -2   0   1  -1  -3  -1  -1  -1  -3  -2  -1    1   9   0   0   0  47   6   0   0   0  10   8   0   0   2   0   2   0   0   4  0.45 0.24
   79 D    -1   1   1   3  -3  -1   0  -2  -2  -2  -2   1  -1  -3  -2   0   3  -3  -3  -2    1  10   5  27   0   0   0   0   0   0   2   8   2   0   0   6  27   0   0   0  0.29 0.17
   80 S     0   0   2  -1  -2   0  -1   0   0  -1   0  -1   0  -2   1   1   0  -3  -2   1    8   4  15   2   0   3   0   8   2   0  13   0   1   1   6  11   2   0   0  14  0.03 0.07
   81 T     2   0  -1   1  -2   1   2   0  -1  -2  -2   0  -2  -3  -2   0   1  -3  -2  -2   33   5   0   8   0   7  14   5   0   0   1   3   0   0   0   2  11   0   0   0  0.19 0.13
   82 K    -2   1   1   4  -4   0   2   0  -2  -4  -4   2  -3  -4  -2   1  -1  -4  -3  -3    0   8   4  29   0   0  17   5   0   0   0  17   0   0   0  12   0   0   0   0  0.40 0.18
   83 T     0   0  -2  -2  -2  -2  -1   0  -2   3  -1  -2  -1   0  -2   0   2  -3  -2   1   10   6   0   0   0   0   4   6   0  30   0   0   0   5   0   5  19   0   0   6  0.10 0.14
   84 P    -3   0  -3  -3  -4  -3  -3  -4   0  -4  -3  -2  -4  -4   8  -2  -3  -4   0  -4    0   5   0   0   0   0   0   0   2   0   2   0   0   0  77   1   0   0   4   0  1.79 0.44
   85 L     3  -2  -1  -3  -2  -2  -2   0  -1   0   2  -2   0  -2  -2   0   0  -3  -1   1   34   0   4   0   0   0   0   5   2   5  25   0   0   0   1   2   3   0   2   9  0.13 0.14
   86 S     0   0   1  -1  -3  -2  -2  -1  -2  -3  -2  -2  -2   1   4   4  -1  -3   0  -3    3   4   6   1   0   0   0   3   0   0   4   0   0   6  23  46   0   0   4   0  0.53 0.24
   87 S     2  -2  -2  -2  -2  -2  -1  -2  -2  -3  -1  -2  -2  -3   4   3   1  -4  -3  -2   26   0   0   0   0   0   1   0   0   0   7   0   0   0  21  37   7   0   0   0  0.56 0.23
   88 T    -2   2   2   1  -3   2   1  -3   0  -3  -3  -1  -2  -3  -3   0   4   4  -2  -2    0  13  11   9   0   9   7   0   2   0   0   0   0   0   0   0  42   6   0   0  0.48 0.23
   89 F    -3  -4  -5  -5  -3  -4  -4  -5  -3   1   3  -4   0   6  -3  -4  -3  -1   1  -1    0   0   0   0   0   0   0   0   0   5  37   0   0  55   1   0   0   0   0   1  0.98 0.31
   90 Q    -2   0  -2  -1  -3   4  -1  -3   0  -1   2  -1  -1  -2   2   1  -1  -3  -2  -2    0   3   0   2   0  32   0   0   2   0  34   0   0   0  13  12   3   0   0   0  0.39 0.23
   91 Q    -2   1  -1  -1  -4   6   2  -3  -1  -3  -3   1  -2  -4  -2  -1   2   0  -3  -3    0   7   0   2   0  53   9   0   0   0   1   4   0   0   0   2  21   2   0   0  0.73 0.27
   92 T    -1   2   0   2  -3  -1   0  -2  -1  -3  -3   2  -1  -3  -2   1   3  -4  -3  -2    4  15   2  16   0   0   2   1   1   0   0  18   1   0   0   6  33   0   0   0  0.37 0.17
   93 Q     1  -1  -1  -1  -3   1   2   4  -2  -4  -4   0  -3  -1  -3  -1  -2  -3  -2  -3   11   2   0   1   0   8  22  48   0   0   0   5   0   3   0   0   0   0   2   0  0.58 0.19
   94 G    -2  -3  -2  -3  -4  -2  -3   4   4  -3  -1  -3  -2   0  -4  -2  -3  -1   6  -3    1   0   0   0   0   0   0  39  15   0   7   0   0   0   0   0   0   0  39   0  0.86 0.27
   95 G    -2  -3  -3  -4   0  -3  -4   4  -1  -3  -3  -3  -3   0  -4  -2  -3   0   7   0    0   0   0   0   2   0   0  39   0   0   0   0   0   0   0   0   0   0  53   7  1.05 0.32
   96 R    -2   4  -2   0  -3   1  -2  -4  -2  -1   2  -1   5  -1  -3  -2  -2  -3  -2  -1    0  32   0   7   0   6   0   0   0   0  23   0  28   1   0   0   0   0   0   3  0.49 0.23
   97 T    -2   1  -2  -3  -3  -2  -2  -3  -3  -2  -3  -2  -1  -4  -3   0   6  -4  -3  -2    0  10   0   0   0   0   0   0   0   0   0   0   1   0   0   2  86   0   0   0  1.14 0.37
   98 G     0  -2  -2  -2  -2  -2  -2   4  -2   0   2  -2   1  -1  -2  -1  -1  -2  -2  -1    9   1   1   1   0   1   1  39   0   5  28   1   4   1   1   1   1   0   1   1  0.32 0.11
   99 P    -1   0  -2  -1  -2  -1  -1  -2  -2  -2  -2   0   0  -2   7  -1  -1  -2  -2  -2    3   7   1   2   1   1   2   2   1   2   3   5   3   1  59   2   2   0   1   2  1.08 0.14
  100 Y     0  -1  -2  -2  -2  -1  -1  -2   0   0   2  -1   0   1  -1  -1  -1   0   5  -1    9   2   1   2   1   1   2   2   1   2  30   2   1   1   3   2   3   0  32   2  0.26 0.09
  101 K     0   1   0   0  -1   0   0  -1   1  -1  -1   2  -1  -1   0   0   0   2   0  -1    5   4   5   3   1   3   4   4   4   3   5  30   1   2   3   7   4   4   4   4  0.10 0.02
  102 A     2   2  -1  -1  -1   0   0   0  -1  -1  -1   0  -1  -1   0   0   0  -1  -1  -1   36  14   2   3   1   2   3   4   1   3   5   5   1   2   4   4   3   1   2   3  0.12 0.04
  103 A     2  -1  -1  -1  -1   0  -1   0  -1   0   0  -1   0  -1   0   0   0  -1  -1   1   33   3   2   3   1   2   3   4   1   3   5   3   2   2   3   7   4   1   2  17  0.08 0.03
  104 A     2  -1  -1  -1  -1  -1  -1  -1  -1  -1  -1  -1  -1  -2  -1   3   2  -2  -2  -1   27   1   1   1   1   1   2   2   1   1   8   2   1   1   1  33  12   0   1   3  0.24 0.09
  105 F    -1   0  -2  -2  -2  -1  -2  -2  -1   0   2  -1   1   4   1  -2  -1  -1   1  -1    2   6   1   2   1   1   2   2   1   1  32   2   2  27   7   2   2   0   5   2  0.22 0.08
  106 D     0  -1   0   5  -2  -1   1  -1  -1  -1  -2  -1  -2  -2  -1   0  -1  -2  -1  -2    7   2   1  52   1   1   4   4   1   3   5   2   1   1   2   6   2   0   3   2  0.45 0.10
  107 L    -1   1  -1  -1  -2   3   0  -2  -1   0   2   0   0   0  -1  -1  -1  -1  -1   0    3   6   1   2   1  29   2   2   1   2  34   2   1   3   2   2   2   0   1   5  0.19 0.08
  108 T    -1  -1  -1  -2  -1  -1  -1  -2   0   1   2  -1   0   0   1  -1   0  -1   2   0    5   2   3   2   1   3   2   2   2   8  35   2   1   1   8   4   8   0  10   2  0.10 0.05
  109 P    -1   0  -2  -1  -2   0  -1  -2  -2  -2  -2  -1  -2  -2   7  -1  -1  -2  -2  -2    3   5   2   2   1   5   2   3   1   2   3   2   1   1  61   2   2   0   1   2  1.13 0.15
  110 C    -1  -2  -2  -2   9  -2  -2  -2  -2  -1  -1  -2  -1  -2  -2  -1  -1  -2  -2  -1    3   2   2   2  62   2   2   3   1   2   5   2   1   1   2   3   2   0   1   2  1.08 0.17
  111 S     0  -1   0   2  -2   1   2   0  -1  -2  -2   0  -1  -2  -1   1   0  -2  -1  -1    7   2   2  17   1   5  21   7   1   2   3   2   1   1   2  19   3   0   1   2  0.20 0.05
  112 D    -1  -1   1   5  -2   0   1  -1  -1  -2  -2  -1  -2  -2  -1   0  -1  -2  -2  -2    3   2   4  56   1   2   6   3   1   2   4   2   1   2   2   3   2   1   1   3  0.56 0.10
  113 S     0  -1  -1  -1  -1  -1  -1  -1  -1   0   2  -1   0  -1   5  -1  -1  -1  -1  -1    6   2   2   2   1   2   3   3   1   2  29   2   1   2  30   4   2   1   1   3  0.38 0.06
  114 P     0  -1  -1  -1  -1   0   0   0  -1  -1   0  -1   1  -1   4   0   0  -1  -1   0    5   3   2   3   1   2   5   6   1   3   6   3   6   2  29   4   5   1   2  10  0.31 0.04
  115 S     0   0   1   0  -1   0   0   1  -1  -1  -1   0  -1  -1   0   1   0  -1  -1   0    8   3   6   6   1   6   5  13   1   3   5   3   1   2   3  21   3   1   2   7  0.08 0.02
  116 L    -1  -1  -2  -2  -2  -1  -2   2  -2   0   3  -2   2   0  -2  -1  -1  -2  -1   0    2   3   1   1   1   1   2  18   1   3  50   2   5   2   1   2   2   0   1   2  0.22 0.09
  117 D     0   2   1   3  -2   0   0  -1  -1  -2  -2   0   1  -2  -1   1  -1   2  -1  -2    7  20   4  21   0   1   2   4   1   1   2   1   7   1   1  18   1   4   1   2  0.20 0.08
  118 A     3  -1  -1   0  -1  -1   0   2   1  -2  -2  -1  -1  -2  -1   0   0  -2  -1  -1   42   2   1   5   1   1   5  20   5   2   3   2   1   1   2   2   4   0   1   2  0.24 0.08
  119 V     1   1   2   0  -1   0  -1  -1   0   0  -1   0  -1  -1   0   1   0  -1   0   1   12   9  16   2   1   2   3   3   3   4   5   2   1   2   4  10   2   1   2  16  0.05 0.03
  120 R     0   3   0  -1  -2   0   0   3  -1  -2  -1   0  -1  -1  -1   0  -1   1  -1  -1    4  26   2   2   1   2   4  27   1   2   4   3   1   2   2   4   3   3   1   3  0.20 0.05
  121 D     1  -1   0   3  -1   0   0   0  -1  -1   0  -1  -1  -1   0   0   0  -1  -1   0   19   2   2  27   1   2   3   7   1   2  10   3   1   2   3   4   3   1   1   6  0.13 0.04
  122 V     0  -1  -1  -1  -1  -1  -1  -1   0   1   1  -1   0   0   0  -1   0  -1   1   2    4   2   2   2   1   2   3   5   3   2  24   3   1   2   6   3   5   1   6  24  0.05 0.03
  123 S     1  -1  -1  -1  -1  -1  -1  -1   0  -1  -1  -1  -1   0   1   2   0   0   4  -1   11   2   2   2   1   2   3   3   1   2   4   2   1   2   7  24   6   1  23   3  0.18 0.06
  124 R     0   2  -1  -1  -2   2   0   0  -1  -2  -1   1  -1  -2   3   0  -1  -2  -1  -1    8  18   2   2   1  16   2   6   1   2   6   7   1   1  15   6   2   1   1   2  0.22 0.05
  125 A     2  -1  -1  -1  -1  -1  -1   3  -1  -1  -1   0  -1  -2  -1   0   0  -2  -2   0   29   3   1   2   1   1   4  28   1   2   3   4   1   1   2   3   3   0   1  10  0.21 0.06
  126 S     0   0   1   0  -2  -1  -1   2  -1  -2  -2  -1  -1  -2   2   2   0  -2  -2  -2    6   5   8   4   1   1   2  21   1   2   3   2   3   1  11  23   2   0   1   2  0.20 0.05
  127 E     0   0   1   0  -2   3   2   1   0  -2  -2   0  -1  -2   0   0  -1  -2  -1  -2    7   3   7   2   1  28  17  10   1   2   3   2   1   1   4   5   2   0   1   2  0.24 0.07
  128 I     1  -1  -1  -1  -1  -1  -1   0  -2   2  -1  -1  -1  -1   2   1   0  -2  -1   0   11   2   1   4   1   3   2   8   1  26   3   2   1   1  13  14   4   0   1   3  0.13 0.05
  129 L    -1   2  -1  -1  -2   0  -1   1  -1  -1   2   0   0  -1  -1   1  -1  -2  -1  -1    2  17   1   3   0   3   3  15   1   1  29   3   1   1   1  15   1   0   1   2  0.10 0.06
  130 N    -1  -1   4   2  -3   1   0   2   0  -3  -3  -1  -2  -1  -2   1  -1  -3  -2  -3    1   2  30  12   0  10   3  20   1   1   1   1   0   3   1  11   1   0   0   1  0.37 0.11
  131 A     3  -1  -2  -2  -2   2   0  -2  -2   1   1  -1   0  -2  -2   0   0  -3  -2   1   36   0   0   1   0  18   5   1   0  10  14   1   0   0   0   1   3   0   0   9  0.19 0.11
  132 Y    -1   0  -2  -3  -3  -2  -2  -3   2  -1   1  -2  -1   0   4  -1  -2  -1   4  -2    5   7   0   1   0   0   1   1   8   0  21   1   0   2  24   3   1   0  24   1  0.43 0.14
  133 L    -1  -3  -4  -4  -2  -3  -3  -4  -4   2   3  -3   0  -1  -3  -3  -1  -3  -2   4    0   0   0   0   0   0   0   0   0   4  37   0   0   0   0   0   0   0   0  55  0.59 0.19
  134 I    -2  -3  -4  -4  -2  -3  -3  -4  -3   1   4  -3   1   1  -3  -3  -2  -2  -2   2    0   0   0   0   0   0   0   0   0   5  70   0   0   3   0   0   0   0   0  17  0.62 0.18
  135 R    -3   7  -2  -3  -4   0  -1  -3  -2  -4  -3   1  -3  -4  -3  -2  -2  -4  -3  -4    0  91   0   0   0   2   0   0   0   0   1   2   0   0   0   0   0   0   0   0  1.43 0.32
  136 V    -1  -3  -4  -4  -2  -3  -3  -3  -4   2   0  -3  -1  -2  -3  -3  -1  -4  -2   6    1   0   0   0   0   0   0   1   0   2   1   0   0   0   0   0   0   0   0  91  0.94 0.28
  137 G     0  -3  -2  -2  -3  -3  -3   6  -3  -4  -4  -3  -4  -4  -3  -1  -3  -3  -4  -4    5   0   0   0   0   0   0  90   0   0   1   0   0   0   0   0   0   0   0   0  1.44 0.28
  138 T     0  -1   6   1  -3   0  -1   0   3  -2  -3  -1  -2  -3  -2   0   0  -4  -2  -2   11   0  54   5   0   3   0   5   8   2   1   0   0   0   0   4   4   0   0   2  0.59 0.19
  139 N    -3  -2   4   6  -4  -1   1  -2  -2  -4  -4  -1  -4  -4  -2  -1  -2  -5  -4  -4    0   0  23  65   0   0   7   0   0   0   1   0   0   0   0   0   0   0   0   0  1.10 0.25
  140 G     0   0   0  -2  -2  -1  -2   2   3  -2  -2  -1  -2  -1   2   0   4  -3  -1  -2    8   4   2   0   0   0   0  16   9   0   1   0   0   3  10   3  41   0   1   0  0.36 0.15
  141 T     0   2   2  -1  -2  -1  -1   3   2  -3  -3  -1  -2  -2  -1   1   1  -3   0  -2    4  14  11   2   0   0   0  28   8   0   1   0   0   0   1  10  15   0   3   0  0.29 0.11
  142 C    -2  -4  -4  -4  10  -4  -4  -3  -4  -3  -3  -4  -3  -3  -4  -2  -2  -3  -3  -2    1   1   0   1  90   0   1   1   0   1   1   1   0   0   1   1   1   0   0   1  2.31 0.38
  143 L     0  -1  -1  -1  -1  -1  -1  -1  -1   0   3  -1   1   0  -1   0   1  -1  -1   0    6   4   2   2   1   3   2   3   2   3  42   2   4   3   2   8   9   0   1   2  0.10 0.05
  144 L     1   0  -1  -1  -1   0  -1  -1  -1  -1   0  -1  -1  -1   0   1   0   5  -1   0   16   7   2   2   1   4   2   3   1   2  13   2   1   1   3  20   2  13   1   5  0.18 0.05
  145 D    -1  -1   1   4  -2   1   1  -1  -1  -2  -2   0  -2  -3   1   1   0  -3  -2  -2    3   1   5  41   0   7   3   2   0   1   2   4   1   1   6  13   6   0   1   1  0.40 0.10
  146 P    -1  -2  -2  -1  -2  -1  -1  -2  -2  -2   0  -1  -1  -1   6  -1  -1   1  -2  -2    2   1   1   3   1   1   4   2   1   1  15   2   1   3  51   4   4   2   1   2  0.84 0.13
  147 N    -1   1   3   0  -2   2   0  -1   3  -2  -1   0   0  -2  -2   0   1  -2   0  -2    3   9  22   4   0  12   1   3  13   1   4   2   4   1   1   4  11   0   3   1  0.21 0.08
  148 F    -1  -1  -1  -2  -2   3   0  -2  -1  -1  -1   1   2   4   1  -1   1  -1   0  -1    2   1   1   1   0  23   3   2   0   1   4  11   8  26   6   1  10   0   1   1  0.23 0.11
  149 Q     0   3  -1  -1  -3   4   0  -2   1  -1  -2   1   0  -3   2   0  -1  -1  -2  -2    7  22   1   1   0  29   1   1   3   6   1   6   2   0  12   5   2   1   0   1  0.35 0.12
  150 G    -1   1  -1  -2  -3  -1   0   5  -1  -3  -2  -1  -2  -3   3  -1  -2  -3  -3  -3    1   9   1   1   0   1   5  53   2   1   4   1   0   0  18   2   1   0   0   1  0.66 0.15
  151 L     1  -2  -2  -2  -1  -1  -2   0   0  -1   1  -2   0   2  -2   0   0   0   4  -1   15   1   1   1   1   1   1  10   2   2  19   1   0   8   1   6   4   0  21   2  0.14 0.07
  152 C    -1  -5  -4  -5  10  -4  -1  -4  -4  -3  -3  -4  -3  -4  -4  -2  -3  -4  -4  -3    5   0   0   0  89   0   6   0   0   0   0   0   0   0   0   0   0   0   0   0  2.36 0.43
  153 N    -1  -2   7   0  -4  -1  -2  -2   2  -4  -5  -2  -3  -4  -3  -1   0  -5  -3  -4    6   0  85   0   0   0   0   0   4   0   0   0   0   0   0   0   5   0   0   0  1.35 0.34
  154 P     2  -1  -1  -2  -3  -1  -1  -1   4  -3  -3   0  -2  -3   5   0   0  -3   0  -2   26   1   1   0   0   1   0   4  17   0   0   4   0   0  29   5   7   0   4   0  0.56 0.16
  155 P    -3  -4  -4  -3  -5  -3  -3  -4  -4  -4  -5  -3  -4  -5   8  -3  -3  -5  -1  -4    0   0   0   0   0   0   0   0   0   0   0   0   0   0  97   0   0   0   3   0  2.59 0.42
  156 L    -2  -4  -5  -5   4  -3  -4  -5  -4   0   5  -4   1  -1  -4  -3  -2  -3  -2   0    2   0   0   0  11   0   0   0   0   0  88   0   0   0   0   0   0   0   0   0  0.94 0.27
  157 S     0   0  -2  -2   2  -2  -2  -3  -3  -3  -2  -2  -3  -4   7   2   0  -4  -3  -3    4   5   0   0   6   0   0   0   0   0   2   0   0   0  59  18   4   0   0   0  1.22 0.23
  158 A     2   0  -1   0  -3  -2  -2   5  -3  -3  -3  -2  -3  -4  -2   1  -2  -3  -3  -2   26   5   0   4   0   0   0  54   0   0   0   0   0   0   0   8   0   0   0   1  0.70 0.17
  159 A     2   0  -2  -2  -3  -1   0  -2  -2  -3  -3  -1  -3  -4   6   0  -1  -4  -3  -2   24   6   0   0   0   1   4   1   0   0   1   0   0   0  56   4   0   0   0   1  1.14 0.21
  160 T     0  -2  -1  -1  -2  -2  -2   5  -3  -3  -3  -2  -3  -3  -2   0   3  -3  -3  -2    6   0   0   2   0   0   1  60   0   0   1   0   0   0   0   1  26   0   0   1  0.77 0.18
  161 E    -1  -2  -2  -2  -4  -1   2  -1  -2  -4  -4  -2  -3  -4   7  -2  -2  -4  -3  -3    2   0   0   0   0   1  19   4   0   0   1   0   0   0  67   1   0   0   0   1  1.48 0.25
  162 Y    -3  -3  -3  -3  -3  -2  -3  -3   0  -2  -2  -3  -2   1  -3  -3  -2   1   8  -2    1   1   1   1   0   1   1   1   0   1   1   1   0   1   1   1   1   0  87   1  1.59 0.31
  163 R     0   3   0  -1  -2   1   0  -1  -1  -2  -2   2  -1  -2  -1   2   0  -2  -1  -2    2  26   1   1   0   1   2   2   1   1   2  26   1   1   1  27   1   0   1   2  0.24 0.01
  164 F    -1  -2  -1  -1  -2  -1   1  -2  -2   0  -1  -1   2   2  -2   1   1   5   0   1    1   1   1   1   0   1  13   1   0   1   1   1  13  13   1  13  13  13   0  13  0.20 0.09
  165 K    -1   2   0   1  -2   1   1  -2  -1  -1  -2   3  -1  -2  -1   0   1  -3  -2   0    1   9   1  11   0   7  10   1   0   1   1  30   0   1   1   1  13   0   0  11  0.21 0.08
  166 Y    -1  -2  -1  -2  -2  -1  -2   0  -1  -1  -1  -1  -1   4   0   0   1   0   3  -1    2   1   1   1   0   1   1  10   0   1   2   1   0  27   6  11  15   0  17   1  0.23 0.09
  167 V    -1  -1  -2  -2   2   1  -1  -2  -2   1   3   0   1  -1  -2  -1  -1  -2  -1   1    2   1   1   1   6   9   1   2   0   4  42  10   0   1   1   2   1   0   1  15  0.14 0.07
  168 L     0  -1  -2  -2   2  -1  -2  -2  -2   1   2  -1   1  -1   1   0  -1  -2  -1   2    3   3   1   1   5   1   1   1   0   1  31   1   3   1   9  11   1   0   1  24  0.14 0.07
  169 V     1  -2  -2  -2  -2  -2  -2   2  -2   0   0  -2   3  -2   3  -1  -1  -3  -2   1   11   0   0   0   0   0   0  18   0   2   7   0  21   0  18   0   3   0   0  16  0.27 0.11
  170 N    -1   1   3   2  -3   1   0   0  -1  -3  -3   0  -2   0   2   1  -1  -3  -2  -3    1  13  25  17   0   6   1   5   0   1   1   1   0   6  12  11   1   0   0   1  0.32 0.11
  171 M    -1  -1   0   2  -2  -1   1  -2  -1   0   0  -1   2   0   0  -1   1   4  -1  -1    4   1   4  19   0   1   8   2   0   7   6   1  11   4   3   2  15   8   1   3  0.15 0.08
  172 S     1   1   1   1  -2   0   1  -1   3  -3  -3   1  -2  -3  -2   2   0  -3  -1  -2   10   8   4   6   0   0  13   1  13   1   1   8   0   0   1  29   3   0   0   1  0.27 0.11
  173 S     0   3  -1  -2  -2  -1  -1   2  -1  -3  -2   1  -2  -3  -2   1   1  -3  -2  -2    7  31   1   1   0   1   1  21   0   1   1   4   0   1   1  14  14   0   0   1  0.33 0.12
  174 G     1   0  -1  -1  -2  -1  -1   5   4  -3  -3  -1  -2  -2  -2  -1  -1  -2  -1  -2   11   6   1   1   0   1   1  51  14   1   2   1   1   1   1   2   1   0   1   2  0.54 0.14
  175 L     1  -1  -1  -1   1   0  -1   0  -2   0   1  -1   0   0   0   1   0  -2  -1   0   11   1   1   1   4   4   1   7   1   1  25   1   1   3   3  21   3   0   1  10  0.07 0.06
  176 V     1  -2  -2  -2  -2   0  -2  -2  -3  -1   0  -2  -1  -2   5   0  -1  -3  -3   2   16   0   0   0   0   4   0   1   0   0  11   0   0   0  38   4   0   0   0  22  0.62 0.18
  177 Q    -1   3  -1  -1  -2   2   0   0  -1  -1  -1   1   0  -2  -2  -1  -1  -3  -2   2    2  22   0   2   0  16   6   8   0   0   1  10   4   0   0   1   2   0   0  25  0.20 0.12
  178 D     4  -1  -1   2  -2  -1   1   1  -2  -3  -3  -1  -2  -3  -2   0   0  -3  -3  -2   52   4   0  18   0   0   9   9   0   0   1   0   0   0   0   0   5   0   0   0  0.40 0.18
  179 Q     0  -1  -1   0  -3   4   4  -1  -1  -3  -3   0  -2  -3  -2  -1   1  -3   0  -3    9   0   0   0   0  24  47   3   0   0   1   0   0   0   0   0   9   0   4   0  0.58 0.21
  180 T    -1  -1  -1  -2  -2   0  -1   0  -2  -2  -2   1  -2  -2  -2   0   5  -3   1  -2    1   0   0   0   0   4   0   8   0   0   1  13   0   0   0   3  62   0   5   0  0.56 0.24
  181 L    -2   1  -1  -1  -3   0   2  -1  -2  -2   1   1  -1   1   0  -1  -2   6  -1  -2    1  10   3   2   0   2  21   6   0   0  18   9   0   6   5   1   0  15   0   1  0.29 0.13
  182 W    -3  -4  -4  -5  -4   1  -3  -4  -3  -3  -1  -4  -2  -1  -4  -4  -3  11   2   0    1   0   0   0   0   7   0   1   0   0   6   0   0   0   0   1   0  70   5   7  2.36 0.45
  183 S    -1  -2  -1  -2  -2  -1  -2   0   3  -3  -3  -2  -3  -2  -2   5   0  -3   2  -3    1   0   0   0   0   0   0   6  11   0   1   0   0   0   0  67   0   0  10   1  0.73 0.29
  184 D    -2  -2   0   5  -3   0   1   1  -2  -3   0  -1  -2  -3   0   1  -1  -3  -3  -3    1   1   3  44   0   2   6  12   0   1  12   1   0   0   5  11   1   0   0   1  0.47 0.20
  185 P     0   1   0   1   3  -1   1  -1   0  -3  -2   0  -2  -2   4  -1  -1  -3   1  -2    6  12   4   7   9   0   9   5   2   1   2   3   0   0  28   2   1   0   7   1  0.41 0.16
  186 I    -2   0  -2  -3   2  -2  -3  -3   2   4   1  -2   0  -1   0  -2   0  -3  -2   2    1   5   0   1   6   0   1   1   7  41   8   1   0   0   4   1   8   0   0  16  0.30 0.18
  187 R     0   4  -1   0   0  -1  -1  -2   2  -1   0   0  -1  -1  -2  -1   1   1   2  -1   12  31   0   5   3   0   1   1   6   2  14   1   0   0   0   1  10   2  10   1  0.21 0.16
  188 T     0   0  -2  -2  -2   0   0  -3  -2   0   3  -1   0   0  -2   0   2  -2  -1   1    5   5   0   0   0   6   5   1   0   0  38   1   0   5   0   4  19   0   0   9  0.17 0.14
  189 D    -1   1   2   1  -3   2   1   1   5  -3  -3   1  -2  -2   0   0   0  -3   0  -3    1   9  11   9   0  10   5  11  21   1   1   6   0   0   4   2   5   0   3   1  0.30 0.14
  190 R    -1   2  -1  -2  -3   4   0  -2  -1  -3  -1   0  -2  -3   4   2  -1   1  -2  -3    1  16   0   0   0  25   3   1   0   0   7   3   0   0  20  20   0   3   0   0  0.47 0.22
  191 L     1  -1  -3  -3  -2  -2  -2   1  -3   1   3  -2   0   0   2  -1  -1  -3  -2   1   12   3   0   0   0   0   0  12   0   3  40   0   0   2  10   3   0   0   0  13  0.22 0.14
  192 T     0   2   0  -1  -3   2   0  -2   1  -1  -1   2  -1  -3   1   0   1  -3  -2   0    7  10   4   0   0   9   5   0   4   4   6  22   0   0   6   5  11   0   0   6  0.18 0.15
  193 L     0   1   0   0  -3   1   0   0  -2  -3  -1  -1  -2  -3   4   1   0   3  -2  -2    9   8   5   5   0  10   6   5   0   1   6   1   0   0  25   9   6   4   0   1  0.36 0.19
  194 Y     0  -2  -2  -2   1   0  -2  -2   1  -2  -1   0  -2   1   4   0  -1   3   3  -1   11   1   1   1   4   5   1   1   4   1   6   6   0   5  23   7   1   5  15   3  0.38 0.20
  195 S     0   2   0  -1   1   2   1   1  -2  -1  -1  -1  -2  -3  -2   2  -1  -3  -2  -2    7  12   4   0   5  12  10  13   0   5   7   1   0   0   0  21   1   0   0   1  0.19 0.17
  196 A     3  -2  -1   0  -2  -1   0   1  -2  -2  -1  -1  -2  -3   0   3   1  -3  -2   0   29   0   0   4   0   0   6   8   0   0   5   1   0   0   3  25   8   0   0   9  0.26 0.20
  197 I    -1   0  -2  -3  -2  -1  -2  -3  -3   3   2  -1   0  -1   0  -1   0  -3  -2   1    4   7   0   0   0   4   1   1   0  33  23   4   0   0   4   5   4   0   0   8  0.23 0.17
  198 D    -2   0   0   4  -4   2   2   1   1  -4  -3  -1  -3  -4   2   0  -2  -4  -3  -3    0   4   2  31   0  14  11  10   4   0   2   0   0   0  11   8   0   0   0   0  0.48 0.24
  199 T     2  -2  -1  -1   1   0  -2  -1  -2  -1   0  -2   0  -2   0   1   3  -3   0   0   19   0   0   4   4   4   0   4   0   0   9   0   2   0   4   9  30   0   4   5  0.22 0.18
  200 W     2   1  -1  -3   3  -2  -3   0  -3  -2  -2  -2  -2  -2  -3   0  -2   8  -1   1   20  12   3   1   7   0   1   6   0   0   1   1   0   0   1   6   1  30   0  11  0.77 0.29
  201 P     0   1  -3  -2  -3   0   0  -3  -3  -3  -3  -2  -3  -4   7  -2  -2  -4  -3  -3    7   8   1   1   0   5   5   1   0   1   1   1   0   1  66   1   1   0   0   1  1.48 0.39
  202 G    -1  -1  -1  -2  -3  -1  -2   6  -2  -4  -3  -2  -3  -3   1  -1  -1  -3  -3  -3    3   4   1   1   0   4   1  70   0   1   1   1   0   1   7   1   4   0   0   1  0.92 0.25
  203 R    -2   4  -2  -1  -3  -1  -1  -1  -2  -3  -3   0  -2  -3   5   0  -2   3  -2  -3    1  32   1   4   0   2   1   5   0   1   2   1   0   0  34  10   1   5   0   1  0.72 0.23
  204 R    -2   4  -1  -2  -3   4   1  -3   2  -3  -2   2  -2  -3  -2   0  -2  -3  -2  -1    1  36   0   0   0  27   5   1   5   0   2  11   0   0   0   5   0   0   0   5  0.57 0.23
  205 S     0  -2  -1  -1   2  -1   0  -1   1  -3  -3  -1  -3  -3   2   5   1  -4  -2  -3    1   0   1   0   5   0   5   3   5   0   1   0   0   0   8  63   6   0   0   1  0.62 0.28
  206 G     2   1  -1  -2  -2  -1  -2   4  -2  -3  -3   0  -2  -3   2   1   0  -3  -3  -2   18   9   0   0   0   0   0  35   0   0   1   5   0   0  13   9   5   0   0   2  0.43 0.16
  207 G    -1   0   0   0   0  -2  -2   5  -3  -4  -4  -2  -3  -1  -3   0  -2  -3  -3  -3    3   5   4   6   2   0   0  66   0   0   1   0   0   3   0   5   0   0   0   2  0.83 0.25
  208 M    -1  -2  -2  -2   2  -1   0  -3  -2  -1   1  -2   5  -2  -2   1   4  -3  -2   0    2   0   0   0   4   0   5   1   0   0   8   0  29   0   0   8  33   0   0   5  0.42 0.24
  209 I    -1  -3   0  -3  -2   0  -1  -3  -3   4   0  -2   0  -2  -3  -2  -1  -3  -2   4    5   0   5   0   0   5   4   1   0  41   1   0   0   0   0   1   0   0   0  34  0.45 0.22
  210 V     0  -3  -3  -3  -2   0  -3  -3  -3   2   0  -2   2   1  -3  -2  -1  -3  -2   5    6   0   0   0   0   6   1   1   0  12   1   0   6   6   0   1   0   0   0  59  0.47 0.22
  211 I    -2  -3  -3  -3  -2  -3  -1  -1  -3   5   0  -3   0  -1  -3  -2  -2  -3   1   1    1   0   0   0   0   0   6   6   0  68   5   1   0   0   0   2   1   0   6   2  0.57 0.25
  212 T    -1  -2  -2  -2  -2   0  -2  -3  -2   3   0  -2   0  -2   0   0   3  -3  -2   1    2   0   0   0   0   6   1   1   0  33   7   1   0   0   4   6  31   0   0   6  0.29 0.17
  213 S     3  -1  -1  -2  -2   2  -1  -1  -2  -2  -2   0  -2  -3  -1   3   1  -3  -2  -1   36   0   0   0   0  11   1   1   0   0   1   6   0   0   0  27  10   0   0   5  0.33 0.16
  214 I    -1  -3  -3  -3  -2  -2  -2  -3  -3   4   1  -2   0   0   1   0  -1  -2  -1   2    5   1   1   1   0   1   1   1   0  51   6   1   0   5   7   7   1   0   0  10  0.33 0.15
  215 L    -2   0  -3  -3  -2   1  -2  -3  -3   0   4  -2   0  -1   2  -2  -2  -2  -2  -1    1   7   0   1   0   8   1   1   0   1  64   1   0   0  14   1   1   0   0   1  0.46 0.19
  216 G     0  -2   1  -1  -2  -1  -1   2  -2  -2   0  -1  -1  -2  -2   3   0  -3  -2  -2    6   1   7   1   0   1   1  19   0   1  15   1   0   1   1  44   1   0   0   1  0.29 0.14
  217 S     0  -2  -2  -2  -2  -1  -2  -2   2   2  -1  -2  -1  -2   3   1   0  -3  -1   2    6   1   1   1   0   1   1   1   7  18   1   1   0   1  14  15   4   0   0  26  0.21 0.10
  218 L    -2  -2  -3  -3   3  -2  -2  -3  -3   0   4   1   1   1  -3  -2  -2   3  -1   0    1   1   1   1   7   1   1   1   0   1  60  13   0   4   1   1   1   5   0   1  0.37 0.15
  219 P    -1  -2  -2  -2  -2  -2   0  -3  -2   0   3  -2   0   0   5  -2  -1  -2  -2   0    5   1   1   1   0   1   8   1   0   1  40   1   0   3  31   1   1   0   0   4  0.50 0.14
  220 F     3  -2  -2  -2   3  -2  -2   2  -2  -2  -1  -2  -1   3  -2   0  -1  -2   0  -1   42   1   1   1   7   1   1  15   0   1   1   1   0  22   1   3   1   0   0   2  0.32 0.14
  221 F     0  -2  -3  -3  -2  -2  -2  -3  -2   1   1  -2   0   4  -2  -1  -1  -1   2   2    8   1   1   1   0   1   1   1   0   5  18   1   0  28   1   5   1   0   6  23  0.25 0.10
  222 L    -2  -2  -3  -3  -2  -2  -2  -3  -3   0   4  -2   1  -1   2   0  -1  -2  -2   0    1   1   1   1   0   1   1   1   0   1  69   1   0   0  10   8   1   0   0   3  0.46 0.17
  223 L    -1  -2  -2  -3  -2  -2  -2  -3   0   1   3  -2   0   1   2  -2   0  -2  -1   0    4   1   1   1   0   1   1   1   4   6  47   1   0   7  14   1   8   0   0   3  0.27 0.11
  224 I     1   1  -2  -2  -1  -1  -2  -1  -2   1   2  -1   0  -1  -2   0   2  -2  -2   1   14  12   1   1   0   1   1   4   0   6  25   1   1   0   1   1  23   0   0   9  0.12 0.08
  225 G     3   0  -1  -2  -2  -1  -1   3  -2  -2  -2  -1  -1   0  -2   0   0  -2  -2   0   40   8   1   1   0   1   1  23   0   1   1   1   0   6   1   2   7   0   0   6  0.25 0.11
  226 F    -2  -2  -3  -3  -1  -2  -3  -3  -2   1   3  -2   2   4  -3  -2  -2  -1   0   1    1   1   1   1   1   1   1   1   0   1  48   1   7  24   1   1   1   0   0   9  0.39 0.13
  227 A     1  -2  -2  -3  -2  -2  -2   0  -2   0   2  -2   1   0  -1   0   0   4  -1   1   18   0   0   0   0   0   1   9   0   0  38   0   4   2   2   6   4   7   0   8  0.18 0.09
  228 G     2  -1  -1  -2  -2   0  -1   3  -2   0  -2   0  -1  -3  -2   0   1  -3  -2   0   26   2   0   0   0   4   1  33   0   8   1   6   0   0   0   2  10   0   0   4  0.28 0.10
  229 A     2  -2  -2  -2  -1  -1  -2  -1  -2   0   2  -1   0  -1   1   1   0  -2  -2   1   35   1   0   1   0   0   1   1   0   1  29   1   0   0   5  11   6   0   0   9  0.18 0.10
  230 I    -1  -2  -2  -2  -2  -1   0  -2  -2   2   2  -2   2   0  -2   0  -1  -2  -1   1    3   1   0   1   0   0  11   1   0  18  33   1   6   3   1  13   1   0   0   8  0.15 0.08
  231 V    -1   1  -2  -2  -2   1  -1  -2  -2   3   0  -1   0   0  -2  -1   1  -2  -1   2    3  11   1   1   0   8   1   1   0  31   4   1   0   6   1   1  10   0   1  18  0.13 0.08
  232 L     0  -1  -2  -2  -2  -1  -2  -2  -1   0   2  -1   0   2  -2  -1  -1  -1   3   1    9   1   1   1   0   4   1   1   0   1  34   6   0   8   1   4   1   0  17  10  0.16 0.08
  233 S     1   0   0  -1  -2   1  -1   0  -1  -1  -2  -1  -1  -2   2   3   2  -3  -2  -1    8   4   1   1   0   6   1   6   0   3   1   1   0   1  11  32  23   0   0   1  0.29 0.11
  234 L    -2  -2  -3  -2   6  -2   0  -1  -2  -1   1  -2   0   4  -3  -2  -2   3   0  -1    1   1   0   1  24   0  11   6   0   1  23   1   0  25   1   1   1   4   0   1  0.35 0.14
  235 V    -1  -1  -2   0  -2  -2  -2  -1  -1   0   0  -2   0   2  -3  -1  -1   4   2   2    5   4   0   6   0   0   0   3   2   0   9   0   2  14   0   6   0   8  10  30  0.18 0.11
  236 D    -2  -2   2   5  -3  -1   0  -2   1  -3  -4  -1  -3  -2  -2   2   0  -4  -3  -3    0   0   9  55   0   0   0   0   4   0   0   0   0   2   0  21   5   0   0   0  0.72 0.23
  237 R    -1   0  -2  -2  -2  -1  -2  -3   0   0   1  -1   4  -2  -1   1   4  -3  -2   0    0   6   0   0   0   0   0   0   3   2  10   0  23   0   2   7  39   0   0   6  0.34 0.19
  238 G     1  -1  -1  -2   6  -2  -2   4  -2  -3  -3  -2  -2  -3  -2   1  -1  -3  -3  -2   10   4   0   0  24   0   0  47   0   0   1   0   0   0   0  11   0   0   0   0  0.66 0.17
  239 D     0   1   1   0  -2   0  -1   3  -1  -3  -2  -1  -2  -3  -2   3   0  -3  -2  -2    6  13   7   6   0   2   0  24   0   0   4   0   0   0   0  33   2   0   0   0  0.29 0.11
  240 A     1  -2   0  -1  -2  -1  -1  -1  -2  -3  -3  -1  -2  -3   2   5   1  -3  -3  -2   10   0   4   0   0   0   0   0   0   0   0   0   0   0  10  71   2   0   0   0  0.64 0.22
  241 D    -1  -2   0   5  -3  -1   0   0  -2  -1  -3  -1  -2  -3  -2   0   2  -4  -3  -2    2   0   0  57   0   0   0   6   0   5   1   0   0   0   0   5  21   0   0   0  0.59 0.17
  242 G     0   0  -1  -2  -3  -1  -2   4  -2  -3  -2  -1  -2  -3   3   0  -1  -3  -3  -3    4   6   0   0   0   2   0  52   0   0   4   0   0   0  19   9   0   0   0   0  0.63 0.13
  243 A     0  -1   0   2  -2   1   4   1  -1  -2  -2   0  -2  -2  -1   0  -1  -2  -2  -2    5   2   1   8   1   1  56  10   1   2   3   2   1   1   2   2   2   0   1   2  0.43 0.10
  244 T     0  -1  -1  -1  -1  -1  -1  -2  -2   1   0  -1   3  -1  -1   0   3  -2  -1   1    4   2   1   2   1   1   2   2   1  10   3   2  18   1   2   2  35   0   1  10  0.17 0.07
  245 S     0   0  -1  -1  -1   0  -1  -1  -1  -1  -1  -1  -1  -1  -1   1   4   4  -1   0    5   5   1   1   0   5   1   2   1   1   7   1   1   1   1   9  44   7   1   5  0.24 0.08
  246 H    -1  -1   0  -1  -2   0   0  -2   7  -2  -2   0  -2  -1  -2   0  -1  -2   3  -2    2   1   1   1   0   1   6   2  56   1   2   4   1   1   1   7   1   0   9   2  0.70 0.15
  247 D    -1   1   1   5  -3   0   2  -2  -1  -2  -2   0  -2  -3  -1  -1  -1  -3  -2  -1    2  13   2  50   0   1  13   2   0   1   2   1   0   1   1   2   3   0   1   5  0.47 0.10
  248 S     0  -1  -1  -2  -2  -1  -1  -2   1   2   0   0  -1  -2  -2   4   0  -3  -2   0    0   0   0   0   0   0   0   0   6  26   5   8   0   0   0  55   0   0   0   0  0.28 0.14
  249 Q    -1   2   0  -1  -3   5   0  -2   1  -3  -3   0  -2  -4  -2   3  -1  -3  -2  -3    0  14   0   0   0  51   0   0   4   0   0   0   0   0   0  31   0   0   0   0  0.61 0.18
  250 I    -1  -1  -2  -2   3  -3  -3   3  -3   3   0  -2   0  -2  -3  -2  -1  -3  -2   2    0   4   0   2   8   0   0  31   0  42   0   0   0   0   0   0   0   0   0  13  0.31 0.11
  251 T    -1   0  -1  -2  -2  -1  -1  -2  -2  -2  -2  -1  -2  -3   5   1   3  -4  -3  -2    0   8   0   0   0   0   0   0   0   0   2   0   0   0  38  12  40   0   0   0  0.78 0.14
  252 Q    -1   0  -1  -1  -4   5   3   2  -1  -4  -3   0  -2  -4  -2  -1  -2  -3  -3  -3    0   3   0   0   0  56  18  23   0   0   0   0   0   0   0   0   0   0   0   0  0.68 0.17
  253 E    -2  -1  -1   1  -4   2   6  -3  -1  -4  -4   0  -3  -4  -2  -1  -2  -4  -3  -3    0   0   0   2   0   6  89   0   0   0   0   2   0   0   0   0   0   0   0   0  1.04 0.21
  254 A     3  -2  -2  -2  -1  -1  -1  -1  -2  -1   0  -1  -1  -2   1   1   1  -3  -2   0   56   0   0   0   0   0   1   1   0   0  10   0   0   0   8  11   8   0   0   3  0.30 0.09
  255 V     1  -2  -2  -3  -1  -2  -1  -1  -3   2   0  -2   1  -1  -2  -1   0  -3  -2   4   16   0   0   0   0   0   3   5   0   5   5   0   3   0   0   1   3   0   0  57  0.25 0.09
  256 P    -1   0  -2  -2   3   0  -2  -2  -1  -3  -2  -1  -2  -1   6   0  -1  -3  -2  -3    0   5   0   0  10   5   0   1   2   0   2   0   0   4  59  10   0   0   0   0  1.09 0.15
  257 K    -1   1  -1  -1  -2   0   1  -2  -2   0  -1   3   1  -2  -2  -1  -1  -3  -2   2    0   8   0   0   0   0  11   0   0   0   1  38   7   0   0   0   0   0   0  32  0.23 0.10
  258 S     0   4   0  -1  -2   0  -1  -1  -1  -3  -3   1  -2  -3   0   3   0  -3  -2  -2    6  36   0   0   0   0   0   1   0   0   1   3   0   0   3  46   1   0   0   0  0.44 0.12
  259 L    -2   3  -2  -2  -2   1  -1  -3  -2   0   3   1   0  -1  -1  -2  -1  -2  -2  -1    1  32   0   0   0   7   0   1   0   0  49   4   0   0   2   0   2   0   0   0  0.30 0.10
  260 G    -1  -2  -2  -2  -3  -2  -2   5  -1  -3  -3  -2  -2   0  -3  -1  -2   0   5  -3    2   0   0   0   0   0   0  55   0   0   1   0   0   0   0   0   0   0  39   0  0.78 0.15
  261 T     0  -1   3   2  -2  -1   0  -1  -1  -1  -2  -1  -2  -3  -2   1   3  -3  -2   0    9   0  19  19   0   0   0   0   0   0   1   0   0   0   0   6  35   0   0   8  0.30 0.09
  262 S     0  -1   0  -1  -2   0   1  -1  -2  -2  -2  -1  -1  -3  -1   3   4  -3  -2  -1    0   0   0   0   0   3   8   0   0   0   2   0   0   0   2  44  37   0   0   0  0.42 0.12
  263 E    -2  -1  -1   0  -4   0   4   1   6  -4  -4  -1  -3  -3  -2  -1  -2  -3  -1  -4    0   0   0   0   0   0  48  14  38   0   0   0   0   0   0   0   0   0   0   0  0.76 0.17
  264 P     1  -1  -1  -1  -2  -1  -1  -2   6  -2  -1  -1  -2  -2   4   1  -1  -3  -1  -2   14   0   0   3   0   0   1   1  35   0   7   0   0   0  25  11   2   0   0   1  0.53 0.11
  265 S     1  -1   0  -1  -1  -1  -1  -1  -2  -1  -1  -1   2  -2  -1   3   2  -3  -2  -1   13   0   0   0   0   0   1   1   0   0   1   0  14   0   0  49  16   0   0   2  0.31 0.10
  266 Y    -2  -2  -2  -1  -3  -2  -2  -3   1  -1  -1  -2  -1   5  -3  -2  -2   1   6  -2    1   0   0   4   0   0   1   1   2   3   1   0   0  27   0   1   0   0  57   1  0.82 0.15
  267 T     2  -1   1  -1  -1  -1  -1  -1  -2  -2  -2  -1  -2  -3  -1   3   3  -3  -2  -1   22   0   5   0   0   0   0   0   0   0   0   0   0   0   0  41  33   0   0   0  0.44 0.12
  268 S     1  -2   0   1  -2  -1  -1  -1  -2  -3  -3  -1  -2  -3   2   4   2  -3  -2  -2    3   0   0   9   0   0   0   0   0   0   0   0   0   0   9  65  14   0   0   0  0.49 0.12
  269 V     1  -2  -2  -3  -1  -2  -2  -2  -3   1   0  -2   0  -2   3   0   0  -3  -2   3   12   0   0   0   0   0   0   1   0   0  10   0   0   0  20   9   0   0   0  48  0.34 0.08
  270 N     1  -1   5   2  -3   0   1  -1   0  -3  -3  -1  -2  -3  -2   1  -1  -4  -3  -2   22   0  51  10   0   0  12   0   0   0   0   0   0   0   0   6   0   0   0   0  0.50 0.10
  271 R    -1   5  -1  -1  -3   1   2  -3  -1  -3  -3   1  -2  -3  -2  -1   0  -3  -2  -2    6  67   0   0   0   1  18   0   0   0   0   0   0   0   0   0   4   0   0   3  0.64 0.12
  272 G     1   0  -1  -2  -3  -2  -2   6  -2  -4  -4  -2  -3  -4  -3  -1  -2  -3  -3  -3   13   6   0   0   0   0   0  82   0   0   0   0   0   0   0   0   0   0   0   0  0.98 0.13
  273 P     1  -2  -2  -2  -2   0  -1  -2  -2  -1  -1  -1  -1  -3   6  -1   0  -3  -3   0   17   0   0   0   0   7   0   0   0   0   7   0   0   0  57   0   4   0   0   8  0.98 0.08
  274 S     0   1  -2  -2  -3   0  -1  -2  -2  -3  -3  -1  -2  -4   7   1  -1  -4  -3  -2    8  12   0   0   0   5   0   0   0   0   0   0   0   0  62  11   2   0   0   0  1.15 0.09
  275 L    -2  -3  -4  -4  -2  -3  -3  -4  -3   2   4  -3   1   0   1  -3  -1  -2  -2   1    0   0   0   0   0   0   0   0   0  17  75   0   0   0   8   0   0   0   0   0  0.47 0.08
  276 D    -2  -2   1   6  -4   0   2  -2  -1  -4  -4  -1  -3  -4  -2  -1  -1  -5  -3  -4    0   0   0  90   0   0  10   0   0   0   0   0   0   0   0   0   0   0   0   0  1.05 0.09
  277 R    -2   6  -1  -2  -4   1   0  -3  -1  -3  -3   2  -2  -3  -3  -1  -1  -3  -2  -3    0  98   0   0   0   0   0   0   0   0   0   2   0   0   0   0   0   0   0   0  0.94 0.07
  278 A     4  -2  -2  -2  -1  -1  -1   0  -2  -2  -2  -1  -1  -3  -1   1   1  -3  -2   0   87   0   0   0   0   0   0   0   0   0   0   0   0   0   0   0  13   0   0   0  0.46 0.05
  279 E    -1   0  -1   1  -4   2   6  -2   0  -4  -3   1  -2  -4  -1   0  -1  -3  -2  -3    0   0   0   0   0   0  94   0   0   0   0   6   0   0   0   0   0   0   0   0  0.84 0.07
  280 V     1  -2  -3  -3  -1  -2  -2  -2  -3   1   0  -2   0  -2   3  -1   0  -3  -2   3   20   0   0   0   0   0   0   0   0   0   0   0   0   0  18   0   0   0   0  62  0.35 0.04
  281 Y    -2  -2  -3  -4  -3  -2  -3  -4   1  -2  -1  -2  -1   4  -3  -2  -2   2   7  -2    0   0   0   0   0   0   0   0   0   0   0   0   0  10   0   0   0   0  90   0  1.07 0.08
  282 A     2  -1   0  -1  -1  -1  -1   1  -2  -1  -2  -1  -1  -2   0   3   1  -3  -2   0   23   0   0   0   0   0   0   7   0   0   0   0   0   0   2  48   8   0   0  13  0.27 0.03
  283 S     1   0   0  -1  -2  -1  -1   2  -1  -3  -3  -1  -2  -3  -1   4   1  -3  -2  -2    0   5   0   0   0   0   0  21   0   0   0   0   0   0   0  72   2   0   0   0  0.45 0.05
  284 K    -1   2   2  -1  -3   1   0  -2  -1  -3  -3   5  -2  -3  -1   0  -1  -3  -2  -3    0   0  11   0   0   3   0   0   0   0   0  86   0   0   0   0   0   0   0   0  0.58 0.06
  285 L    -2  -3  -4  -4  -2  -2  -3  -4  -3   1   4  -3   2   0  -3  -3  -2  -2  -1   1    0   0   0   0   0   0   0   0   0   0 100   0   0   0   0   0   0   0   0   0  0.58 0.05
  286 Q    -1   0  -1  -1  -3   6   1  -2   0  -3  -3   1  -1  -4   3  -1  -1  -3  -2  -3    0   0   0   0   0  81   0   0   0   0   0   0   0   0  19   0   0   0   0   0  0.80 0.07
  287 D    -2  -2   1   6  -4  -1   1  -2  -1  -4  -4  -1  -3  -4  -2  -1  -1  -5  -4  -4    0   0   0 100   0   0   0   0   0   0   0   0   0   0   0   0   0   0   0   0  1.10 0.06

                      K         Lambda
Standard Ungapped    0.1327     0.3172
Standard Gapped      0.0384     0.2670
PSI Ungapped         0.1254     0.3178
PSI Gapped           0.0384     0.2670
