
Last position-specific scoring matrix computed, weighted observed percentages rounded down, information per position, and relative weight of gapless real matches to pseudocounts
            A   R   N   D   C   Q   E   G   H   I   L   K   M   F   P   S   T   W   Y   V   A   R   N   D   C   Q   E   G   H   I   L   K   M   F   P   S   T   W   Y   V
    1 M    -7  -8  -9  -9  -8  -7  -8  -9  -8  -5  -4  -8  12  -6  -9  -8  -7  -8  -7  -5    0   0   0   0   0   0   0   0   0   0   0   0 100   0   0   0   0   0   0   0  4.30 1.64
    2 K    -1   0   0  -2  -7   4  -2  -5  -3  -4  -3   6  -2  -6  -4  -1  -1  -7  -5  -4    5   4   3   2   0  15   2   0   0   1   3  54   1   0   1   5   3   0   0   1  1.11 0.69
    3 G     1  -3   0  -1  -5  -2  -3   5  -4   1  -2  -3  -2  -3  -3  -1  -1  -6  -4  -2   12   1   4   3   0   2   2  48   0  10   4   2   1   1   1   3   4   0   0   2  0.73 0.47
    4 D    -4  -2   5   5  -6  -1  -1  -4   3  -5  -6   2  -6  -7  -3   2  -2  -7  -5  -4    1   1  23  28   0   2   3   1   6   0   0  14   0   0   1  14   2   0   0   2  0.89 0.60
    5 T     0  -1  -2   0  -6   2   3  -4  -2  -3  -5   3  -5  -6   3   0   1  -6  -5  -3    9   3   1   5   0  10  19   1   1   2   1  18   0   0  15   6   7   0   0   1  0.54 0.44
    6 K    -2   2  -1   0  -7   3   3  -3  -3  -5  -5   5  -4  -7  -4  -2   1  -4  -6  -4    4   8   3   4   0  12  18   2   0   1   1  35   0   0   1   2   8   0   0   1  0.81 0.57
    7 V    -4  -7  -5  -7  -5  -4  -5  -7  -7   4   2  -7   1   0  -5  -2  -1  -7  -4   6    1   0   0   0   0   1   1   0   0  17  17   0   4   4   0   4   4   0   0  47  1.14 0.65
    8 I    -3  -5  -3  -7   1  -2  -2  -6   0   6   2  -3   0  -4  -5  -5  -2  -6  -2   2    2   1   2   0   3   2   3   0   2  49  15   1   2   0   0   1   3   0   1  13  1.05 0.61
    9 N     0   0   0   4  -6   2   4  -1  -1  -5  -6   2  -4  -5  -3  -1  -1  -7  -5  -5    9   4   4  18   0   8  26   5   1   0   0  13   0   0   1   4   3   0   0   1  0.62 0.47
   10 Y     2  -1  -2  -2  -1   0  -1   0   3   0   2  -1   1   0  -4  -2  -2  -1   2   0   17   2   2   2   1   5   3   6   7   5  21   3   3   3   0   2   2   1   7   7  0.17 0.20
   11 L    -5  -5  -9 -10  -2  -8  -9 -10  -3  -2   7  -8   1  -1  -9  -8  -7  -7  -4  -3    1   1   0   0   1   0   0   0   1   2  88   0   2   2   0   0   0   0   1   1  2.19 1.07
   12 N    -6  -2   8  -2  -3   3  -4  -4  -1  -6  -7  -2  -4  -9  -8  -4  -4  -9  -5  -6    1   2  72   2   1  11   1   1   1   1   1   2   0   0   0   1   1   0   0   1  2.22 1.20
   13 K     0   1  -1   1  -3   2   3  -2  -1  -2  -3   4  -1  -2  -5  -1   0  -2  -3  -3    9   7   2   8   0   8  17   3   1   3   2  23   1   2   0   3   5   1   1   2  0.38 0.36
   14 L     4  -4  -3   1  -2   5  -3  -3  -3   1   0  -4  -2  -2  -4  -3  -3  -6  -3   1   29   1   1   8   1  22   1   2   1   9  10   0   1   2   1   1   1   0   1  10  0.60 0.52
   15 L    -4  -3  -4  -8  -6  -3  -7  -5  -3   3   5  -7   0  -2  -5  -5  -4  -2   1   2    1   2   1   0   0   1   0   1   1  16  53   0   1   1   1   1   1   1   5  13  1.08 0.65
   16 G     4   0   1  -4  -1  -2  -1   1  -2  -4  -4   0  -2  -3  -4   1   2  -2  -2  -2   35   6   7   1   1   2   3   9   1   1   1   6   1   1   1   8  13   1   1   2  0.47 0.44
   17 N     0   0   3   1  -2  -1  -1   0   2  -2   0  -1   2  -2  -4   0   1   0  -1  -2    8   5  14   8   1   2   3   8   6   2   8   3   7   1   0   7  10   2   2   2  0.14 0.21
   18 E    -4  -4  -4  -3  -3  -1   7  -4  -1  -4  -1  -3  -1   0  -6  -3  -3   3  -3  -4    2   1   1   1   1   2  66   2   1   1   6   1   2   4   0   2   2   4   1   1  1.47 0.90
   19 L    -1  -5  -3  -3  -2   0  -3  -3   0   2   3  -4   1   3  -5  -3  -2   5   3  -1    5   0   2   1   1   5   1   2   3  10  31   0   4  10   0   2   2   7   9   4  0.50 0.37
   20 V     1  -2  -1  -2   0   1   0  -1   0  -1  -1  -2  -1   0  -4   0   3   0   0   2   12   2   3   2   2   7   5   5   3   2   6   2   2   3   0   7  18   1   3  15  0.16 0.21
   21 A     5  -2  -2  -5   4  -1  -4  -1  -1  -2  -2  -2  -1  -2  -5   2   0  -6  -2  -1   44   2   2   0   9   3   0   5   2   2   4   2   2   2   0  12   5   0   2   4  0.68 0.50
   22 I     1  -1  -2  -4   0  -1  -2  -2   0   3  -1  -4   1   0  -4   2  -1   1   1   2   12   3   2   0   2   2   2   3   3  17   3   0   3   3   0  15   4   2   5  18  0.27 0.28
   23 N    -1  -1   2   0  -4   1  -1  -2   2   0   0  -1   2   0  -1  -1   0   2   2  -1    4   3  11   5   0   8   3   3   5   7   9   3   8   4   3   5   4   2   7   4  0.10 0.18
   24 Q    -1   0   0   0   2   0   0  -1   2   0  -1   0   1   0  -3   0   0   3   1   0    5   5   5   5   5   5   5   5   5   5   5   5   5   5   0   5   5   5   5   5  0.06 0.10
   25 Y    -4  -2  -3  -3  -1  -6  -7  -4   3  -3  -3  -7  -1   0  -7  -4  -3  -4   9  -4    2   2   1   2   1   0   0   2   6   2   3   0   1   3   0   2   2   0  69   2  2.29 1.10
   26 F    -2   0  -2  -3  -1   0  -2  -3   0   1   2   0   5   3  -5  -2   0   4   0  -1    2   5   2   2   1   5   2   2   2   7  17   6  13  12   0   3   6   6   2   4  0.36 0.28
   27 L     1   0  -1  -2   0   1  -1  -1   1   0   1  -1   0   0  -2   0   0   2   3   0   12   5   3   2   2   7   2   4   4   7  12   3   2   3   2   5   8   3  10   5  0.07 0.12
   28 H    -2  -1   0  -1   1   1  -1  -2   8  -1  -2  -4   3   0  -5  -2  -1   2   1  -2    3   3   3   3   3   7   3   3  36   3   4   0   7   4   0   3   4   3   3   3  0.81 0.53
   29 A     3  -1  -3  -1   1  -1  -1  -1   4  -1  -2  -3   0  -1  -4   2  -1   2   1  -1   30   3   0   3   3   3   3   4  11   3   3   0   3   3   0  14   3   3   4   3  0.34 0.34
   30 R     0   3  -2  -3   0  -1   0  -3   0   0  -2   1  -1   3  -3  -1  -1   3   3   1    8  16   1   1   2   3   6   2   2   5   3   7   1  11   1   5   3   4   9   9  0.22 0.25
   31 M    -1  -1   0  -2   0   0  -1  -3   0   0   0  -1   7  -1  -5  -2   0   3   0   0    4   4   5   2   2   4   4   2   3   6   8   3  29   2   0   3   6   4   3   6  0.50 0.46
   32 F     1  -1  -1  -2   3   0  -2  -2   0   0   0  -3   1   2  -1  -1  -1   3   3   0   13   3   3   3   7   4   3   3   3   5  11   0   4   9   3   3   3   4   9   8  0.14 0.18
   33 K     0   0   0   0   2   0   0  -1   1   0  -1   0   1   0   0   0   0  -2   1   0    5   5   5   5   5   5   5   5   5   5   5   5   5   5   5   5   5   0   5   5  -0.00 0.06
   34 N    -1  -1   2   2   1   0   0   3   2  -2  -3  -1   0  -1  -7  -1  -2  -7   0  -2    5   4   8  12   3   4   6  21   4   3   3   4   3   3   0   6   3   0   3   4  0.27 0.24
   35 W    -1   0   0   0   2   0   0  -1   2   0  -1   0   2   1   0  -1   0   4   1  -1    5   5   5   5   5   5   5   5   5   5   5   5   5   5   5   5   5   5   5   5  0.09 0.08
   36 G    -3  -2   1   2  -1  -1   1   5   2  -4  -4  -1   2  -3  -3  -2  -2   1  -1  -4    3   2   6   9   1   3   8  35   4   1   2   4   4   1   2   3   3   2   2   2  0.58 0.43
   37 L    -1   0  -1  -2   1  -1  -2  -2   1   0   1  -2   1   3  -2  -2  -2   4   4  -1    5   5   3   3   2   2   3   4   3   4  15   3   3  12   3   4   3   5  11   4  0.26 0.22
   38 K    -1   0   0   0   2   0  -1  -1   2   0  -1   0   2   0   0  -1   0   4   1  -1    5   5   5   5   5   5   5   5   5   5   5   5   5   5   5   5   5   5   5   5  0.03 0.09
   39 R     0   1   0   0   1   1   1   0   1  -2  -2   3   0  -1  -1   0  -1   2   0  -1    7   8   4   5   3   5   8   6   3   3   3  16   3   3   4   6   4   2   3   4  0.14 0.14
   40 L    -1   0   0  -2   2   0   0  -1   2   0  -1   0   1   1   0   0   0   3   1   0    5   5   5   0   5   5   5   5   5   5   5   5   5   5   5   5   5   5   5   5  0.07 0.11
   41 N     3  -1   0  -1   1   0  -1   0   4  -1  -2   0   0   0  -4   0  -1   2   1  -1   24   3   4   3   3   3   4   7  12   3   3   5   3   3   0   5   3   3   4   3  0.23 0.24
   42 D     0   0   0   0   2   1   0   0   2   0  -1   0   1  -3   1   0   0   3  -2   0    6   6   5   6   5   5   6   6   5   6   6   6   5   0   6   6   6   5   0   6  0.07 0.11
   43 V     0   1  -1  -1  -1   0   1  -3   3  -1  -1   2   0   2  -2  -2  -2   3   2  -1    7   6   2   4   2   3  10   2   8   3   5  16   3   9   2   2   2   4   6   4  0.19 0.21
   44 E    -1   0   0   0   2   0   0  -1   2   0  -1   0   1   0  -3   0   0   3   1   0    5   5   5   5   5   5   5   5   5   5   5   5   5   5   0   5   5   5   5   5  0.06 0.10
   45 Y    -2   3  -1  -1  -1  -1   1  -2   0  -1  -1   1   0  -1  -2  -2  -2   1   5  -2    3  17   3   3   2   3   8   4   2   3   6   9   2   3   2   2   3   2  19   2  0.34 0.33
   46 H     0   0   0   0   2   0   0   0   1   0  -1   0   1  -2   0   0   0  -3   1   0    5   5   5   5   5   5   5   5   5   5   5   5   5   0   5   5   5   0   5   5  0.01 0.08
   47 E    -2   0  -2   0  -1   2   5  -3   6   0  -3  -2  -1  -2  -5  -2  -2   0  -2  -3    3   5   2   4   2  10  33   2  16   7   2   2   1   2   0   3   2   1   2   2  0.70 0.54
   48 S     3  -1  -3  -1   1  -1  -1  -2   0   0  -2  -1   2   0  -1   2  -1   2   1   0   23   3   0   3   3   3   3   3   3   5   3   3   5   4   3  17   3   3   5   5  0.20 0.26
   49 I     0   0   0   0   2   0   0  -1   1   0  -1   0   1   0   0   0   0  -2   1   0    5   5   5   5   5   5   5   5   5   5   5   5   5   5   5   5   5   0   5   5  -0.00 0.06
   50 D     0   0   1   0   2   1   0   0   2   0  -1   0   1  -2  -2   0   0  -3   1   0    6   6   6   6   6   6   6   6   6   6   6   6   6   0   0   6   6   0   6   6  0.05 0.09
   51 E     0  -4  -1   1   0   0   6  -3   0  -2  -3  -1   0  -5  -5  -1  -2   1  -1  -1    7   0   2   6   2   3  49   2   2   2   3   3   2   0   0   3   2   2   3   6  0.76 0.57
   52 M    -1   0   0   0   2   0   0  -1   2   0  -1   0   2   1   0  -1   0   4   1  -1    5   5   5   5   5   5   5   5   5   5   5   5   5   5   5   5   5   5   5   5  0.09 0.08
   53 K    -1  -1   0   1  -6   1   2   1   1  -2  -2   1   1  -1  -6  -1   0   2   0  -1    6   4   4   8   0   7  14  12   3   3   4   7   3   3   0   5   6   3   3   4  0.17 0.16
   54 H     0   0   0   0  -3   0   0  -1   2   0  -1   0   1   0  -3   0   0   3   1   0    5   5   5   5   0   5   5   5   5   5   5   5   5   5   0   5   5   5   5   5  0.03 0.10
   55 A     0   0  -2  -2   2   1   0   0   2   0   0  -2   1   1  -3   0   0   4   1   0    6   6   0   0   6   6   6   6   6   6   6   0   6   6   0   6   6   6   6   6  0.10 0.15
   56 D    -2   0  -1   5  -1   0   3  -1   1  -2  -1   0   2  -2  -4  -2  -2   0  -1  -2    4   4   3  28   1   4  16   4   4   2   6   5   5   1   0   3   3   1   2   3  0.38 0.33
   57 R    -1   2  -1   0   0   0   1  -2   0  -1  -1   2   4  -1  -4  -1  -1   2   0  -2    5  13   3   5   3   4   8   3   3   3   4  12  13   3   0   3   3   3   3   3  0.18 0.23
   58 Y    -2  -1  -5  -1   1  -1  -4  -5   1   2   4  -4   2   2  -5  -4  -1   2   2   0    4   3   0   3   3   3   0   0   3  11  34   0   4   7   0   0   3   3   6   6  0.42 0.34
   59 I     2  -1  -1  -4   0  -2  -3   0  -1   2  -1  -2   1   1  -3   0  -1  -4  -1   1   24   4   2   0   2   2   0   6   2  16   5   2   5   7   0   7   4   0   2  12  0.20 0.23
   60 E    -1   1   0   2   0   2   4  -2   2  -2  -3   1  -1  -2  -3  -1  -1  -4  -1  -2    4   6   4  12   2  11  25   3   5   2   2   8   2   2   0   3   4   0   2   2  0.32 0.27
   61 R    -2   6  -4  -5   0   0  -2  -5   3  -2  -3  -1  -1   0  -2  -2  -2   2   4  -3    3  45   0   0   2   4   2   0   6   2   2   3   2   3   2   2   2   3  13   2  0.89 0.56
   62 I     0  -1   1  -2  -2   1   0   0  -1   0   0   0   1   1  -2   0   0  -2   1   0    7   0   7   0   0   7   7   7   0   7   7   7   7   7   0   7   7   0   7   7  0.05 0.09
   63 L    -1  -1   1   0   0   0  -1  -2   2   0   2   0   1   1  -3  -1  -1   2   0   0    4   3   7   5   3   4   3   3   6   5  21   6   3   5   0   4   4   3   3   7  0.05 0.12
   64 F     0   0   0   0  -2   0   0   0   1   0  -1   0   1   0   0   0   0  -2   1   0    5   5   5   5   0   5   5   5   5   5   5   5   5   5   5   5   5   0   5   5  0.00 0.06
   65 L    -2   2   0   0   0  -2  -2  -5   1  -1   4  -2   1   0  -5  -2  -1  -5   0  -2    3  12   4   5   2   2   2   0   3   3  42   2   2   3   0   4   5   0   3   2  0.44 0.39
   66 E    -3   0   0   4   1  -1   1   3   1  -8  -3  -1   1  -1  -8  -2  -7  -8   0  -2    3   6   5  22   3   3   8  22   3   0   4   4   3   3   0   3   0   0   3   3  0.53 0.38
   67 G     0  -1  -2  -2   1  -1  -2   5   1  -1  -3  -2   0  -1  -2  -3  -2   2   0   0    8   3   3   3   2   3   3  38   3   3   3   3   2   3   3   3   3   2   3   7  0.57 0.35
   68 L    -1   0   0   0   2   0  -1  -1   2   0  -1   0   2   0   0  -1   0   4   1  -1    5   5   5   5   5   5   5   5   5   5   5   5   5   5   5   5   5   5   5   5  0.03 0.09
   69 P    -1  -1  -7  -1   2  -7  -1  -8  -7   0  -2  -1  -7   0   6  -2  -1  -8   0   1    6   4   0   4   4   0   4   0   0   5   4   4   0   4  39   4   4   0   4  10  0.93 0.55
   70 N     0   0   0   0   2   0   0  -1   1   0  -1   0   1   0   0   0   0  -2   1   0    5   5   5   5   5   5   5   5   5   5   5   5   5   5   5   5   5   0   5   5  -0.00 0.06
   71 L     1  -3  -2  -3   0  -1  -3  -2  -1   2   1  -3   4   2  -1  -1   1   1   0   1   10   2   2   2   2   3   2   3   2  10  12   2  11   9   3   5   7   2   4  10  0.26 0.19
   72 Q    -1  -1   0  -1   0   3   1   0   1  -3  -3   1   0  -2   1   2   1   1  -2  -2    5   4   5   4   2  11  10   6   4   2   2   7   2   2   6  13  10   2   2   3  0.19 0.22
   73 D     1  -1  -1   1  -1   0  -1  -2  -1  -2  -3   0   0   0   5  -1   0   0  -2   0   10   4   3   9   1   4   4   3   2   3   3   6   3   4  22   4   5   1   2   7  0.31 0.29
   74 L    -1   1  -1  -1   1   0  -1  -1   2   0   2   0   1  -1   0  -1  -1   2   0  -1    5   9   3   4   3   4   4   4   4   5  18   5   3   3   4   5   4   2   4   4  0.07 0.08
   75 G    -1   0   0   0   2   0   0  -1   2   0  -1   0   2   1   0  -1   0   4   1  -1    5   5   5   5   5   5   5   5   5   5   5   5   5   5   5   5   5   5   5   5  0.09 0.08
   76 K    -1  -2  -3   0  -3   0   2  -3  -2  -1   0   2  -2  -3   4  -2  -2   3  -2  -1    5   3   2   5   1   5  12   2   1   3   8  13   1   1  21   4   3   3   1   4  0.37 0.35
   77 L     0  -1  -3  -4  -2  -2  -1  -4  -1   2   2  -1   0   0   2  -2  -1  -1   2   2    9   4   2   1   1   2   4   2   2  10  16   4   2   4   9   3   3   1   7  14  0.22 0.19
   78 N    -2   1   1  -1  -2   1   2  -4   2  -3  -3   2   1  -2   1  -1   1  -2  -1  -1    4   8   7   4   1   6  14   2   4   2   3  13   3   2   7   5   8   1   2   5  0.25 0.26
   79 I    -1  -1   0   0   0   1   0  -3   1   3   0   1   0  -2   0  -2   0   0  -1   1    5   4   5   6   2   6   5   2   3  15   8   9   2   2   5   3   5   1   2   9  0.12 0.11
   80 G     1  -3  -2   0   2  -3  -1   4  -1  -1  -4  -3  -2   2  -2   1  -1   0  -1  -3   10   2   2   6   4   2   4  29   2   3   2   2   1   7   2  11   4   1   2   2  0.45 0.34
   81 E    -1   0   0   0   2   2   3  -1   2  -4  -4   1  -2  -1   0  -1   2   0   0  -3    5   4   5   6   4   7  15   4   4   1   2   8   1   3   5   5  11   1   4   2  0.22 0.24
   82 D     0   0   0   0   2   0   0  -1   1   0  -1   0   1   0   0   0   0  -2   1   0    5   5   5   5   5   5   5   5   5   5   5   5   5   5   5   5   5   0   5   5  -0.00 0.06
   83 V    -1  -2  -2  -3   0  -1  -3  -3  -1   3   1  -2   0  -1   1  -2  -1   1  -1   4    5   2   2   2   2   3   2   2   2  13  14   3   2   2   8   4   5   2   2  23  0.34 0.24
   84 E    -1   3  -2  -1   0   1   2  -4   0  -2  -2   2   0  -2   3  -3  -2   1   1   0    5  12   2   3   2   5  12   2   2   3   4  12   2   2  12   2   3   2   5   6  0.26 0.26
   85 E     0   0   0   0   2   0   0  -1   1   0  -1   0   1   0   0   0   0  -2   1   0    5   5   5   5   5   5   5   5   5   5   5   5   5   5   5   5   5   0   5   5  0.03 0.05
   86 M     0  -3  -3  -2   0   1  -3  -4  -1   2   0  -3   8  -1  -2  -2  -2   0  -2   1    7   2   2   3   2   7   2   1   1  12   9   2  30   2   2   3   2   2   1   8  0.73 0.54
   87 L    -3  -6  -3  -3  -1  -3  -4  -4  -1   2   4  -4   2   3  -2  -4  -3   0  -1   1    2   0   1   2   1   1   1   1   2  11  40   1   4  13   2   1   1   1   2  11  0.68 0.47
   88 R    -1   1   0   0  -1   2   3  -3   0  -3  -2   2  -1  -2  -1   0   0  -5  -2  -1    6   9   4   5   1  10  21   2   2   1   3  12   1   2   3   5   6   0   1   4  0.27 0.29
   89 S     1  -1   1   0   4   0   1  -2   2  -1   0   0   0   0  -2  -1   0   2  -1  -2   11   2   7   5  10   5  10   3   5   4   9   5   2   3   1   5   7   3   2   2  0.11 0.16
   90 D     1  -2   2   6  -1  -2  -2  -2  -1  -3  -4  -3  -1  -3  -6  -1  -1  -8  -7  -1   12   3   9  44   1   2   2   3   1   2   2   1   1   1   0   5   4   0   0   4  0.90 0.63
   91 L    -1  -1  -4  -2  -1  -2  -3  -5   0   1   5  -3   2  -2  -3  -2  -2   3   0  -1    6   4   1   2   1   2   2   1   2   6  46   2   4   1   1   3   2   3   3   4  0.60 0.45
   92 A     2  -1   0   1  -2   1   3  -2  -1  -1  -3   3  -2  -3  -5  -1  -2  -1  -1   0   15   3   4   9   1   7  16   4   1   4   2  16   1   1   0   3   2   1   3   6  0.27 0.29
   93 L     2  -2  -2   0  -2   1  -2  -1   3  -1   2  -1   2   0  -5  -1  -1   0  -1   0   21   1   2   5   1   5   2   4   7   3  18   3   5   4   0   5   3   1   2   6  0.19 0.25
   94 E    -4  -3  -2  -8   0   0   7  -4   0  -3  -4  -8   0  -1 -10  -3  -3 -10   0  -3    2   2   2   0   2   4  62   2   2   2   3   0   2   3   0   2   2   0   3   2  1.58 0.96
   95 L    -2   2  -1  -1   1   2   0  -2   1   0  -1   1   3  -1  -2  -2  -1   2   2  -2    3  10   4   3   3   9   7   4   4   5   5  10   7   3   2   3   4   2   7   4  0.16 0.18
   96 D    -1   0   0   0   2   0  -1  -1   2   0  -1   0   2   0   0  -1   0   4   1  -1    5   5   5   5   5   5   5   5   5   5   5   5   5   5   5   5   5   5   5   5  0.03 0.09
   97 G     2  -1   0  -1   1   0  -1   0   0   0  -1   0   0  -1  -3   0   0  -4   0   2   19   3   4   3   3   4   3   7   3   5   5   5   3   3   0   5   4   0   3  18  0.11 0.16
   98 A    -1   0   0   0   2   0   0  -1   2   0  -1   0   1   0  -3   0   0   3   1   0    5   5   5   5   5   5   5   5   5   5   5   5   5   5   0   5   5   5   5   5  0.06 0.10
   99 K    -1   0   0   0  -3   0   0  -1   1   0  -1   0   1   0   0   0   0   3   1  -1    5   5   5   5   0   5   5   5   5   5   5   5   5   5   5   5   5   5   5   5  0.02 0.09
  100 N    -1   0   0   0   2   0  -1  -1   2   0  -1   0   2   0   0  -1   0   4   1  -1    5   5   5   5   5   5   5   5   5   5   5   5   5   5   5   5   5   5   5   5  0.03 0.09
  101 L    -1   0   0   0   2   0   0  -3   2   0  -1   0   1   1  -3   0   0   3   1   0    5   5   5   5   5   5   5   0   5   5   5   5   5   5   0   5   5   5   5   5  0.05 0.14
  102 R     0   0   0   0   2   0   0  -1   1   0  -1   0   1   0  -2   0   0  -2   1   0    5   5   5   5   5   5   5   5   5   5   5   5   5   5   0   5   5   0   5   5  -0.00 0.07
  103 E     0   0   0   0   2   0   0   0   1   0  -1   0   1  -2   0   0   0  -3   1   0    5   5   5   5   5   5   5   5   5   5   5   5   5   0   5   5   5   0   5   5  0.01 0.08
  104 A     4   0  -2  -3   1  -1  -3   0   1   2   1  -6   2   0  -7  -2  -2   1  -2  -1   26   5   2   2   3   3   2   8   3  12  13   0   4   3   0   3   3   2   2   4  0.40 0.28
  105 I     1  -1  -2  -3   0  -2  -2  -4  -1   6   0  -3   2  -1  -3  -3  -2   1  -1   1   12   4   2   2   2   2   3   2   2  32   7   2   4   2   2   3   3   2   2  10  0.58 0.35
  106 G     2   1  -1   1   1   1   2  -2   0   0  -2   2   0  -2  -2  -1  -2  -7  -2  -2   16   8   4   7   3   5  12   3   3   5   4  10   2   2   2   5   3   0   2   3  0.18 0.19
  107 Y    -1  -2  -2  -2   1   1  -1  -3   3   0   1  -2   2   1  -3  -2  -1   1   3   1    6   3   2   2   3   7   5   2   7   5  15   3   5   6   2   3   3   2   8  10  0.20 0.17
  108 A     4  -3  -7  -2   8  -3  -2  -4  -2   0  -2  -4   0  -1  -3  -2  -1   0  -2  -3   27   2   0   3  28   1   3   2   1   4   4   2   2   3   2   4   4   1   1   3  1.10 0.64
  109 D     0   3  -1   0  -3  -1   5   1   1  -1  -3  -3  -1  -1  -5  -3  -1  -1  -3  -3    8  12   3   6   1   2  29   9   3   4   4   1   2   3   1   3   4   1   1   3  0.46 0.38
  110 S     0   0  -1   3  -2   1   3   0  -2  -2  -3   2  -2  -3  -4   1  -1  -8  -3  -2    8   5   3  12   1   6  19   7   1   3   3  10   1   1   1  10   4   0   1   3  0.32 0.30
  111 V     1  -1   1   0   0   0   2  -2   1   1   0   0   0  -2  -3  -2  -1  -4   0   2   10   3   6   4   2   5  14   2   3   8   8   6   3   2   1   2   3   0   3  14  0.12 0.15
  112 H     0   0   0   0  -2   0   0   0   1   0  -1   0   1   0   0   0   0  -2   1   0    5   5   5   5   0   5   5   5   5   5   5   5   5   5   5   5   5   0   5   5  0.00 0.06
  113 D    -3  -2  -1   7  -7  -2  -1  -3   0  -6  -3  -5  -1  -2  -2  -2  -2  -7  -1  -3    3   2   2  64   0   2   3   2   2   0   3   0   2   2   2   2   2   0   2   2  1.40 0.85
  114 Y    -1   0  -1  -2  -4  -1  -1  -2   1   0  -1  -2  -1   2   2  -1   1   1   5  -2    4   5   4   2   0   2   4   2   4   5   4   2   2   9   9   5   8   2  22   3  0.31 0.32
  115 V     1  -2  -2   0  -1   0   1   1  -1   0  -1  -2   0  -2  -1  -1   1  -4  -2   2   11   2   2   5   1   4  10  13   2   4   4   2   2   2   3   3  10   0   1  20  0.15 0.21
  116 S    -1  -1  -1  -1   1  -1  -4  -1   0   0  -1  -1   1  -1  -1   2   4  -5  -1  -1    4   3   3   3   3   3   0   4   3   5   6   3   3   3   3  13  30   0   3   3  0.31 0.36
  117 R     0   2  -1  -1   1   0   1  -1   2  -1  -2   1   2   0  -3   0  -1   2   2  -1    9  13   3   4   3   5   8   4   5   3   4   7   5   3   0   6   4   3   8   4  0.12 0.17
  118 D     0   0   2   2  -1   2   2  -2   0  -2  -2   0   0   0  -2  -1  -1   1  -1  -1    8   5   8  10   2  11  15   3   3   2   3   5   2   4   2   3   3   2   2   5  0.16 0.21
  119 M    -4  -4  -4  -3  -1  -2  -4  -5  -1   2   4  -2   4   5  -4  -5  -4   1  -2  -2    2   1   1   2   1   3   2   1   2   9  32   3   8  21   1   1   1   2   2   3  0.86 0.51
  120 M    -2  -7  -7  -8   0  -7  -3  -3  -7   2   4  -7   3   5  -7  -4  -3   0   0   0    4   0   0   0   2   0   2   2   0  10  40   0   7  19   0   2   2   1   3   5  0.99 0.57
  121 I    -1   2  -1  -1  -2   3   5  -3   0  -2  -3   0  -2  -4  -5  -3  -1  -2  -3  -1    5  11   3   3   1  13  32   2   2   3   3   5   1   1   1   2   5   1   1   4  0.64 0.48
  122 E    -1   0   0   0   2   0  -1  -1   2   0  -1   0   2   0   0  -1   0   4   1  -1    5   5   5   5   5   5   5   5   5   5   5   5   5   5   5   5   5   5   5   5  0.03 0.09
  123 I    -1   0   0  -2   2   0   0  -1   2   0  -1   0   1   0   0   0   0   3   1   0    5   5   5   0   5   5   5   5   5   5   5   5   5   5   5   5   5   5   5   5  0.03 0.11
  124 L    -1  -1  -1  -2   1   0  -2  -2   0   2   3  -1   2   0  -4  -2  -1   2   0   0    4   3   3   3   3   5   3   3   3  10  33   3   5   3   0   3   3   3   3   6  0.24 0.24
  125 R     1   0   0   2   0   0   1  -1   0  -1  -1   1   0  -1  -3  -1   0  -4  -1   0   12   5   3  13   2   3  11   4   3   3   5   9   3   2   0   4   6   0   2   7  0.09 0.15
  126 D    -2  -2   0   5  -1   0   3  -2   0  -3  -4  -1   0  -5  -2   0   0  -6  -1  -3    4   2   4  32   1   4  18   4   2   2   2   3   2   0   2   7   6   0   2   2  0.56 0.45
  127 E     0   0   0   0   2   0   0  -1   1   0  -1   0   1   0  -2   0   0  -2   1   0    5   5   5   5   5   5   5   5   5   5   5   5   5   5   0   5   5   0   5   5  -0.00 0.07
  128 E    -1   0  -1   0   1   1   5  -2   1  -1  -2  -1   0  -4  -4  -1  -1   2   0  -1    4   4   3   4   3   4  42   3   3   3   3   3   3   0   0   3   3   3   3   4  0.52 0.45
  129 G    -1   0   0   2   0   1   5  -1   1  -2  -3   1   0  -2  -4  -1  -2  -5  -1  -2    4   4   3  10   2   4  40   4   3   2   3   7   2   2   0   3   2   0   2   2  0.52 0.44
  130 H     0   0   0   0  -3   0   0   0   2   0  -1  -1   1   1  -3   0   0   3   1   0    6   6   5   6   0   5   6   6   5   6   6   0   5   5   0   6   6   5   5   6  0.03 0.12
  131 I     1  -1  -1  -1   1   0  -1  -1   0   2   0  -1   1  -1  -3  -1  -1   2   0   2   14   3   3   3   3   3   5   4   3  14   7   3   3   3   0   5   3   3   3  14  0.07 0.14
  132 D    -1  -1   1   5  -5   0   1  -2   3  -2  -3  -1  -1  -1  -4  -1  -1   4   1  -3    4   3   6  30   0   3   8   3   8   3   3   3   2   2   0   4   4   5   6   2  0.45 0.40
  133 W    -3  -2  -2   2  -1   0   1  -2   4  -3  -2  -2   1   1  -6  -2  -1   9   1  -3    3   2   2  10   1   4  10   3   8   2   4   3   4   5   0   3   4  26   4   2  0.88 0.59
  134 L    -1  -3  -3  -4  -1  -3  -4  -4  -2   3   4  -5   3   3  -3  -3  -1   1   0  -1    4   1   1   1   1   1   1   1   1  14  38   0   7  12   1   2   3   2   3   3  0.59 0.42
  135 E    -1   0  -2   1  -1   1   6  -3  -1  -3  -3   0  -2  -6  -5  -1   0  -1  -2  -3    6   5   2   8   1   5  43   2   1   2   2   5   1   0   0   5   5   1   1   2  0.69 0.55
  136 T     0   0   0   1  -4   2   0  -2   2  -2  -3   0  -1  -5  -4   1   4  -5  -4  -3    9   6   5   9   0   8   5   3   6   2   3   6   1   0   0   9  28   0   0   2  0.39 0.38
  137 E    -1  -3  -3  -4  -2   6   0  -6   0   1   2  -3   1   0  -4  -4  -3   3   2  -1    5   1   1   1   1  35   5   0   2   7  17   1   3   5   1   1   2   3   6   4  0.69 0.56
  138 L    -3  -2  -4  -4  -3   1  -4  -5  -2   1   6  -3   0  -1  -5  -4  -4  -2  -4  -1    2   3   1   1   1   6   1   1   1   6  63   2   2   2   1   1   1   1   1   4  1.06 0.68
  139 D    -1   0   1   4  -3   0   3   2   1  -5  -5  -1  -3  -4  -5   0  -1   1  -2  -5    4   4   5  23   1   4  21  15   3   1   1   3   1   1   0   7   4   2   2   1  0.54 0.45
  140 L    -3  -1   0   0  -5   2  -2  -5   3   0   5  -1   1  -3  -6  -4  -3  -6  -3  -1    2   3   4   5   0   9   3   1   7   4  45   4   3   1   0   1   2   0   1   4  0.62 0.48
  141 I    -1  -5  -5  -5  -2  -4  -6  -6  -2   7   2  -5   3   0  -7  -4  -4  -6  -3   1    5   1   0   1   1   1   1   1   1  53  14   1   5   3   0   1   1   0   1   9  1.24 0.70
  142 Q    -1  -1   0   4  -6   1   4   0  -1  -4  -5   3  -5  -7  -4  -2  -2  -7  -6  -4    5   3   4  21   0   6  26   8   1   1   1  16   0   0   1   3   3   0   0   1  0.67 0.51
  143 K    -1   4   1   0  -3   3  -1  -4   0  -3   0   3   1  -4  -4  -1   0  -6  -4  -3    4  20   5   5   1  12   4   1   2   1   9  19   3   1   1   5   5   0   0   2  0.41 0.37
  144 M     0  -5  -3  -2  -3  -3  -3  -4  -5   4   2  -3   5   1  -4  -3  -1  -2  -2   2    7   0   1   2   0   1   1   1   0  21  18   1  17   5   0   2   3   1   1  16  0.61 0.43
  145 G    -4  -5  -3  -3  -7  -7  -5   8  -2  -6  -8  -3  -7  -8  -7  -3  -3  -7  -4  -8    1   1   1   1   0   0   1  87   1   1   0   2   0   0   0   2   2   0   1   0  2.31 1.11
  146 L    -2  -3  -3  -1  -4  -1   3  -4  -3   3   3  -2   1  -3  -1  -3  -1  -4  -1   1    3   1   1   3   0   3  18   1   0  17  29   3   3   1   3   1   4   0   2   8  0.38 0.33
  147 Q    -1  -3  -3   1  -7   5   5  -4  -2  -6  -6  -1  -3  -7   2  -2  -4  -7  -5  -5    6   1   1   7   0  25  41   1   1   0   0   3   1   0   9   3   1   0   0   0  1.10 0.75
  148 N    -2   1   7  -2  -4  -2  -3  -3   0  -2  -1  -2  -3  -5  -3  -3   0  -2  -4  -3    4   7  57   2   0   2   1   1   2   3   6   3   1   0   1   1   5   1   0   2  1.22 0.75
  149 Y    -7  -7  -4  -8  -8  -7  -7  -5   0  -4  -5  -5  -6   4  -5  -4  -7   4   9  -5    0   0   1   0   0   0   0   1   2   1   1   1   0  13   1   2   0   4  73   1  2.70 1.24
  150 L    -2  -5  -5  -6  -3   0  -5  -3  -4   2   6  -4   0  -3  -6  -3  -3  -6  -3  -1    3   0   0   0   0   5   0   3   0  10  67   1   2   0   0   2   1   0   1   4  1.14 0.66
  151 Q     3  -3  -3  -4  -6   7  -2  -5  -3  -3  -3  -3  -1  -5  -5   0   0  -7  -6  -3   25   1   1   0   0  50   1   1   0   1   2   0   1   1   0   7   5   0   0   2  1.30 0.83
  152 A     0  -1  -1  -2  -4   2   2  -3  -2  -3   1   0  -1  -4  -3   3   1  -5  -4  -3    8   4   2   1   0   9  13   1   1   1  17   5   1   0   1  28   9   0   0   0  0.40 0.40
  153 Q    -2  -2  -2  -5  -5   8  -1  -4   2  -5  -5   0   3  -6  -6  -3  -5  -4  -3  -4    3   1   1   0   0  67   2   1   5   0   1   6   7   0   0   2   0   0   1   1  1.83 1.02
  154 I    -1  -3  -4  -6  -3  -5  -6  -6  -6   4   2  -4   7  -3  -5   0  -2  -6  -4   3    4   1   0   0   0   0   0   0   0  23  14   0  28   1   0   9   2   0   0  16  0.96 0.59
  155 R    -1   0  -1  -1  -5  -1   2   4   2   0  -3   2  -1  -3  -4  -1  -2  -5  -2  -2    4   6   2   2   0   2  16  31   5   8   1  11   2   1   0   4   1   0   1   2  0.38 0.31
  156 E    -1  -3  -2   3  -6   0   5  -1  -1  -6  -5   2  -4  -6   0   0  -1  -6  -5  -5    4   0   1  18   0   3  44   4   1   0   1  11   0   0   4   5   3   0   0   0  0.85 0.52
  157 E     0   2  -1   3  -4   0   4  -1   2  -4  -4   0  -3  -5   1  -1  -2  -5  -4  -4   10  10   1  14   0   3  31   5   4   1   0   5   1   0   7   4   2   0   0   1  0.49 0.34
  158 G     3  -5  -3  -4  -4  -4  -4   5  -5  -6  -6  -4  -5  -6  -4   4  -3  -6  -5  -5   24   0   0   0   0   0   0  41   0   0   0   0   0   0   0  35   0   0   0   0  1.19 0.57

                      K         Lambda
Standard Ungapped    0.1396     0.3187
Standard Gapped      0.0425     0.2670
PSI Ungapped         0.1387     0.3178
PSI Gapped           0.0425     0.2670
