
Last position-specific scoring matrix computed, weighted observed percentages rounded down, information per position, and relative weight of gapless real matches to pseudocounts
            A   R   N   D   C   Q   E   G   H   I   L   K   M   F   P   S   T   W   Y   V   A   R   N   D   C   Q   E   G   H   I   L   K   M   F   P   S   T   W   Y   V
    1 M    -3  -3  -4  -5  -3  -2  -4  -5  -3   0   1  -3  10  -2  -4  -3  -2  -3  -3  -1    0   0   0   0   0   0   0   0   0   0   0   0 100   0   0   0   0   0   0   0  1.69 0.30
    2 S     5  -2  -2  -2  -2  -2  -2   1  -2  -3  -3  -2  -2  -3   1   3  -1  -4  -3  -2   63   0   0   0   0   0   0   6   0   0   0   0   0   0   7  23   0   0   0   0  0.58 0.14
    3 K    -2   2  -1   1  -4   1   1  -1  -2  -4  -4   6  -3  -4  -2  -1  -2  -4  -3  -4    0   9   0   7   0   4   3   4   0   0   0  69   0   0   0   3   0   0   0   0  0.76 0.18
    4 R    -2   2   2   4  -4   1   3  -2  -1  -4  -4   3  -3  -4  -2   0  -1  -4  -3  -4    1  15   8  27   0   5  19   0   0   0   0  21   0   0   0   3   0   0   0   0  0.53 0.11
    5 E    -2   2   2   2  -4   2   2  -2  -1  -4  -4   4  -2  -4  -2   0  -1  -4  -3  -3    0   9  11  10   0  10  10   2   0   0   0  43   0   0   0   5   0   0   0   0  0.51 0.12
    6 E     0   1   1   2  -2   0   1   0  -2   0  -2   1  -1  -3  -2   1   1  -4  -2   0    7   6   5  12   0   0  12   5   0   9   0  14   0   0   0   8  14   0   0   8  0.14 0.05
    7 T     0   2  -1  -2  -2   1   0  -1  -2   0  -2   1   1  -2   1   1   2  -3  -1   0    7  17   0   0   0   5   6   4   0   5   0   7   6   0   6  11  18   0   1   6  0.15 0.06
    8 G    -1  -3  -3  -4  -3  -2  -3   3  -3  -1   2  -3   6  -2  -4  -2  -2  -3  -3  -1    2   0   0   0   0   0   0  30   0   0  24   0  42   0   0   1   0   0   0   0  0.58 0.16
    9 L    -2  -4  -4  -3  -4  -3  -3  -4  -4  -2   2  -3  -2   1   7  -2  -2  -4  -3  -2    0   0   0   0   0   0   0   0   0   0  24   0   0   7  69   0   0   0   0   0  1.49 0.20
   10 A     1  -2  -2  -2  -3   2  -1  -2   0  -2  -2  -1   4  -3   5   2  -1  -4  -3  -2   12   0   0   0   0  13   0   0   3   0   0   0  18   0  27  26   0   0   0   0  0.54 0.13
   11 T     0  -2  -1  -2  -2   0  -1   1  -2  -3  -3  -1  -2  -4  -2   4   4  -4  -3  -2    0   0   0   0   0   3   0  11   0   0   0   0   0   0   0  46  40   0   0   0  0.60 0.16
   12 S     0  -2  -1  -2  -2   1  -2   4  -2  -2  -3  -1   1  -3  -2   3   1  -3  -3  -2    5   0   0   0   0   7   0  39   0   2   0   0   7   0   0  31  10   0   0   0  0.46 0.11
   13 A     5  -3  -3  -3  -2  -2  -2   2  -3  -3  -3  -2  -2  -4  -2   0  -1  -4  -3  -2   84   0   0   0   0   0   0  16   0   0   0   0   0   0   0   0   0   0   0   0  0.83 0.19
   14 G    -1  -4  -2  -3  -4  -3  -4   7  -4  -5  -5  -3  -4  -5  -4  -2  -3  -4  -5  -5    0   0   0   0   0   0   0 100   0   0   0   0   0   0   0   0   0   0   0   0  1.67 0.22
   15 L    -3  -3  -5  -5  -2  -3  -4  -5  -4   3   5  -4   1  -1  -4  -4  -2  -3  -2   0    0   0   0   0   0   0   0   0   0  14  86   0   0   0   0   0   0   0   0   0  0.85 0.17
   16 I    -1  -3  -3  -4  -2  -3  -3  -4  -4   3   1  -3   5  -1  -3  -2   1  -3  -2   4    0   0   0   0   0   0   0   0   0  20   2   0  24   0   0   0  12   0   0  41  0.51 0.13
   17 R    -3   7   0  -3  -5   0  -1  -4  -2  -5  -4   1  -3  -4  -4  -1  -2  -4  -3  -4    0  93   4   0   0   0   0   0   0   0   0   0   0   0   0   4   0   0   0   0  1.38 0.23
   18 Y    -3  -3  -4  -5  -4  -3  -4  -5   0  -2  -2  -4  -2   5  -5  -3  -3   1   8  -3    0   0   0   0   0   0   0   0   0   0   0   0   0  23   0   0   0   0  77   0  1.60 0.25
   19 M    -2  -4  -4  -5  -4  -4  -4  -4   1  -1  -1  -4   3   8  -5  -3  -3   0   3  -2    4   0   0   0   0   0   0   0   4   0   0   0  13  76   0   0   0   0   4   0  1.15 0.20
   20 D    -3  -3   0   7  -5  -1   3  -3  -2  -5  -5  -2  -4  -5  -3  -1  -2  -6  -4  -5    0   0   0  84   0   0  16   0   0   0   0   0   0   0   0   0   0   0   0   0  1.40 0.22
   21 E    -1  -1  -1   3  -5   1   6  -3  -1  -4  -4  -1  -3  -5  -2   0  -1  -4  -3  -4    4   0   0  12   0   0  79   0   0   0   0   0   0   0   0   3   2   0   0   0  1.03 0.19
   22 T    -1  -2  -1   5  -4  -1   3  -3  -1  -1  -3  -1  -2  -1  -3   0  -1  -2   3  -2    2   0   0  39   0   0  24   0   0   6   0   0   0   2   0   5   2   0  17   3  0.48 0.12
   23 F     0   1   0   0  -2   0   1  -1  -2  -1  -1   2  -1  -1  -2   1   2  -3  -2  -1    3   6   1   6   0   1   9   2   0   3   4  22   0   2   0  15  24   0   0   1  0.20 0.07
   24 S    -1   2   2  -1  -3   0   0  -2  -1  -3  -2   2  -2  -3   0   3   1  -4  -3  -2    0  12  10   0   0   2   4   0   0   0   2  18   0   0   2  39   7   0   0   3  0.33 0.10
   25 K     2   1   0  -2  -3   0  -1   4  -2  -3  -3   3  -2  -4  -2   0  -1  -4  -3  -3   26   4   4   0   0   2   0  32   0   0   0  28   0   0   0   3   0   0   0   0  0.44 0.10
   26 I    -2  -4  -4  -4  -2  -3  -4  -5  -4   5   1  -3   0   1   2  -3  -2  -3   0   2    0   0   0   0   0   0   0   0   0  59   7   0   0   7  11   0   0   0   2  14  0.56 0.13
   27 R    -1   3   0  -1  -4   3   2  -1   0  -4  -4   5  -2  -4  -2  -1  -2  -4  -3  -3    2  12   4   0   0  12  12   3   2   0   0  54   0   0   0   0   0   0   0   0  0.61 0.13
   28 V    -2  -4  -4  -4  -2  -3  -4  -5  -4   4   3  -4   1   1  -4  -3  -2  -3  -1   3    0   0   0   0   0   0   0   0   0  45  26   0   0   7   0   0   0   0   0  22  0.55 0.12
   29 K     0   1   1   1  -3   1   1  -1  -1  -3  -3   3  -2  -4  -2   2   1  -4  -3  -3    5   4   4  10   0   4   4   4   0   0   0  31   0   0   0  27   6   0   0   0  0.33 0.09
   30 P    -2  -4  -4  -3  -5  -3  -3  -4  -4  -5  -5  -3  -4  -6   9  -2  -3  -6  -5  -4    0   0   0   0   0   0   0   0   0   0   0   0   0   0 100   0   0   0   0   0  2.63 0.28
   31 E    -1   2  -1  -1  -4   0   4   1  -1  -3  -3   3  -1  -3  -2  -1  -2   2   0  -3    2  10   0   0   0   0  39  13   0   0   1  23   2   0   0   2   0   3   4   1  0.39 0.10
   32 H    -1  -1  -1  -2  -3   0  -1   1   6  -1  -1   0  -2  -1  -3   0   1  -3   0  -1    4   0   0   0   0   4   0  15  36   6   5   6   0   3   0   4  14   0   2   2  0.35 0.11
   33 V     0  -4  -4  -4  -2  -3  -4  -4  -4   3   0  -3   0  -2  -3  -3  -1  -4  -2   5    7   0   0   0   0   0   0   0   0  18   0   0   0   0   0   0   0   0   0  75  0.73 0.17
   34 I    -1  -3  -4  -4  -2  -3  -4  -4  -4   4   2  -3   2  -1  -3  -3  -1  -3  -2   3    5   0   0   0   0   0   0   0   0  46  22   0   6   0   0   0   0   0   0  21  0.50 0.11
   35 G     3  -3  -2  -3  -2  -2  -3   3  -3   1  -1  -2   0  -1  -3  -1  -1   1  -2   2   33   0   0   0   0   0   0  26   0  12   0   0   2   3   0   0   0   3   0  21  0.29 0.09
   36 V     1  -3  -4  -4  -2  -3  -3  -3  -3   2   3  -3   2   2  -3  -2  -1  -2  -1   2   15   0   0   0   0   0   0   0   0  16  32   0   5  14   0   0   1   0   0  17  0.30 0.08
   37 T     2  -2  -1  -2   3  -2  -2   2  -3   0  -2  -2  -1  -3  -2   1   3  -3  -3   0   22   0   0   0   8   0   0  19   0   7   0   0   0   0   0   9  28   0   0   7  0.29 0.09
   38 V     0  -3  -4  -4   0  -3  -3  -2  -4   4   2  -3   0   1  -3  -2  -1  -3  -1   3    6   0   0   0   2   0   0   3   0  31  18   0   0   8   0   2   1   0   0  29  0.33 0.09
   39 A     2  -3  -3  -3  -2  -2  -3   0  -3   3   1  -2   1   0  -3  -1   0  -3  -2   2   25   0   0   0   0   0   0   9   0  28  11   0   3   2   0   2   4   0   0  15  0.20 0.08
   40 F    -2  -3  -4  -4  -2  -3  -4  -4  -3   3   2  -3   0   4  -4  -3  -1  -2   0   3    0   0   0   0   0   0   0   0   0  24  26   0   0  25   0   0   2   0   0  23  0.47 0.11
   41 V     1  -3  -3  -3   1  -2  -3   1  -3   4   0  -3   3  -2  -3   0   0  -3  -2   2   11   0   0   0   4   0   0  16   0  39   0   0  11   0   0   5   3   0   0  11  0.26 0.10
   42 I     2  -3  -3  -4  -2  -3  -3  -3  -4   3   1  -3   1  -1  -3  -2   0  -3  -2   3   23   0   0   0   0   0   0   0   0  29  11   0   3   0   0   0   3   0   0  31  0.36 0.10
   43 I     0  -3  -4  -4  -2  -3  -3  -4  -3   3   3  -3   1   4  -3  -2  -2  -2   0   1    9   0   0   0   0   0   0   0   0  26  32   0   0  22   0   3   0   0   0   8  0.37 0.10
   44 E    -1  -2  -2  -2   4  -1   3  -4  -3   1   0  -1   1  -2  -3  -1  -1  -4  -2   3    0   0   0   0  11   0  31   0   0   9   4   3   3   0   0   3   0   0   0  36  0.32 0.12
   45 A     0  -3  -3  -4  -2  -1  -3  -4  -3   4   2  -2   0   2  -3  -2  -1  -2  -1   2    6   0   0   0   0   5   0   0   0  36  22   2   0  13   0   0   3   0   0  11  0.29 0.09
   46 I     0  -3  -4  -4   0  -3  -3  -3  -3   3   2  -3   1   3  -3  -2  -1  -2  -1   2   11   0   0   0   2   0   0   0   0  29  25   0   0  17   0   2   0   0   0  14  0.32 0.09
   47 L    -1  -3  -5  -5  -2  -3  -4  -5  -4   1   5  -4   1   1  -4  -3  -2  -3  -2   0    5   0   0   0   0   0   0   0   0   0  92   0   0   4   0   0   0   0   0   0  0.85 0.19
   48 T    -1   3   5  -1  -3  -1  -1   0  -1  -3  -3   0  -2  -4  -3   0   3  -4  -3  -2    3  23  41   0   0   0   0   4   0   0   0   0   0   0   0   0  29   0   0   0  0.52 0.12
   49 Y    -3  -3  -3  -4  -3  -3  -3  -4   0  -2  -1  -3  -2   5  -4  -3  -3   1   8  -2    0   0   0   0   0   0   0   0   0   0   0   0   0  34   0   0   0   0  66   0  1.23 0.16
   50 G     2  -2  -1  -2  -2  -2  -2   5  -2  -3  -3  -2  -2  -3  -2   1  -1  -3  -3  -2   25   0   0   0   0   0   0  64   0   0   0   0   0   0   0  11   0   0   0   0  0.70 0.04
   51 R    -2   3  -2  -3  -2  -1  -2  -3  -2   3   1   0   0   1  -3  -2  -1  -2  -1   1    0  33   0   0   0   0   0   0   0  39  10   0   0  10   0   0   0   0   0   9  0.19 0.01
   52 F    -2  -3  -4  -4  -2  -3  -3  -4  -2   1   3  -3   1   5  -4  -3  -2   0   2   0    0   0   0   0   0   0   0   0   0   0  47   0   0  53   0   0   0   0   0   0  0.47 0.01
   53 L    -2  -3  -4  -4  -2  -3  -3  -4  -3   3   3  -3   2   3  -3  -3  -1  -1   0   1    0   0   0   0   0   0   0   0   0  28  48   0   0  24   0   0   0   0   0   0  0.35 0.01

                      K         Lambda
Standard Ungapped    0.1396     0.3249
Standard Gapped      0.0456     0.2670
PSI Ungapped         0.1489     0.3169
PSI Gapped           0.0456     0.2670
